# Menlo Systems GmbH ScanControl
# Program Version 1.3.3
# Start: -65.00000000 ps, Average over 1000 waveforms. Timestamp: 2020-07-02T20:27:07
# Window type: Tukey, parameters: alpha = 0.2
# User time axis shift: 0 ps
# Frequency [THz]	THz Signal [a.u.]
0.00000000	-52.50812407
0.00732601	-26.79623828
0.01465201	-19.35798397
0.02197802	-18.41540387
0.02930403	-25.78800291
0.03663004	-23.44233139
0.04395604	-16.38857983
0.05128205	-12.82289774
0.05860806	-13.67768603
0.06593407	-14.59815359
0.07326007	-9.69877422
0.08058608	-9.93829821
0.08791209	-17.14817072
0.09523810	-13.38599459
0.10256410	-10.76091329
0.10989011	-15.99526978
0.11721612	-15.41725911
0.12454213	-8.51168165
0.13186813	-8.09332188
0.13919414	-9.61831868
0.14652015	-8.81692553
0.15384616	-9.83288662
0.16117216	-13.67046086
0.16849817	-11.25920569
0.17582418	-8.96591754
0.18315018	-10.15299446
0.19047619	-7.14693036
0.19780220	-3.82428417
0.20512821	-4.74464063
0.21245421	-8.16528664
0.21978022	-6.42462680
0.22710623	-5.64599002
0.23443224	-6.87792784
0.24175824	-5.14515476
0.24908425	-2.71381321
0.25641026	-2.32059748
0.26373627	-2.93601297
0.27106227	-2.15381358
0.27838828	-1.70890378
0.28571429	-2.43574628
0.29304030	-1.61960746
0.30036630	-0.38016509
0.30769231	-0.62548171
0.31501832	-0.88239016
0.32234433	-0.02948874
0.32967033	0.00000000
0.33699634	-1.04131291
0.34432235	-1.32330268
0.35164835	-1.26391379
0.35897436	-1.69400471
0.36630037	-1.64811246
0.37362638	-1.84238048
0.38095238	-2.58783751
0.38827839	-2.95739738
0.39560440	-3.69811630
0.40293041	-4.67343600
0.41025641	-4.44151936
0.41758242	-4.19652164
0.42490843	-4.37759715
0.43223444	-4.55979190
0.43956044	-5.31474639
0.44688645	-6.35101932
0.45421246	-6.66592053
0.46153847	-6.73788390
0.46886447	-6.77136666
0.47619048	-6.56926351
0.48351649	-6.40310222
0.49084250	-6.80997945
0.49816850	-7.73641853
0.50549451	-8.03604104
0.51282052	-8.09774604
0.52014652	-8.38566397
0.52747253	-8.36914095
0.53479854	-8.26676846
0.54212455	-8.20696746
0.54945055	-10.15802220
0.55677656	-16.27287853
0.56410257	-11.96444341
0.57142858	-8.93684992
0.57875458	-9.13607623
0.58608059	-8.87990401
0.59340660	-8.39393986
0.60073261	-8.68881793
0.60805861	-8.54632195
0.61538462	-8.58738045
0.62271063	-9.11179595
0.63003664	-8.97547478
0.63736264	-8.97832221
0.64468865	-9.48795969
0.65201466	-9.53998848
0.65934067	-9.74026186
0.66666667	-10.39487333
0.67399268	-10.71470215
0.68131869	-11.05977869
0.68864469	-11.65211222
0.69597070	-12.10396201
0.70329671	-12.68006918
0.71062272	-13.35614888
0.71794872	-13.92134235
0.72527473	-14.75721127
0.73260074	-15.38139577
0.73992675	-16.04053583
0.74725275	-19.08112139
0.75457876	-21.87909161
0.76190477	-18.67867952
0.76923078	-18.16472601
0.77655678	-18.88973944
0.78388279	-18.97681232
0.79120880	-19.70955174
0.79853481	-20.18224480
0.80586081	-20.48830706
0.81318682	-21.02885390
0.82051283	-21.05706395
0.82783884	-21.30186247
0.83516484	-21.48415068
0.84249085	-21.72810629
0.84981686	-22.15431828
0.85714286	-22.29005766
0.86446887	-22.70328814
0.87179488	-23.04166411
0.87912089	-23.23947956
0.88644689	-23.65444837
0.89377290	-23.77806261
0.90109891	-24.02181541
0.90842492	-24.44121164
0.91575092	-24.69382995
0.92307693	-24.96100050
0.93040294	-24.91005191
0.93772895	-25.04866712
0.94505495	-25.55642878
0.95238096	-25.69127897
0.95970697	-26.32280520
0.96703298	-27.15792809
0.97435898	-27.27888336
0.98168499	-29.12058090
0.98901100	-31.86533592
0.99633701	-30.12718560
1.00366301	-29.44456377
1.01098902	-30.08754424
1.01831503	-30.44075246
1.02564103	-31.07651833
1.03296704	-31.62684268
1.04029305	-32.14888215
1.04761906	-32.93992050
1.05494506	-33.45431698
1.06227107	-33.92677525
1.06959708	-34.71625578
1.07692309	-35.55575849
1.08424909	-36.90859521
1.09157510	-41.98634998
1.09890111	-58.87144228
1.10622712	-45.10910587
1.11355312	-46.35865552
1.12087913	-42.42180697
1.12820514	-39.90697802
1.13553115	-40.46508131
1.14285715	-41.48619901
1.15018316	-44.45484388
1.15750917	-51.43038078
1.16483518	-68.37852300
1.17216118	-48.56956524
1.17948719	-43.36650335
1.18681320	-43.14675836
1.19413920	-43.45733944
1.20146521	-45.08469009
1.20879122	-53.89146070
1.21611723	-47.51456298
1.22344323	-46.90553269
1.23076924	-54.42802275
1.23809525	-48.00224303
1.24542126	-46.98415811
1.25274726	-47.89194162
1.26007327	-46.81924166
1.26739928	-47.26581407
1.27472529	-47.76861934
1.28205129	-48.25301734
1.28937730	-49.44845501
1.29670331	-49.84341712
1.30402932	-50.01191821
1.31135532	-50.39398827
1.31868133	-51.55335413
1.32600734	-52.30227243
1.33333335	-51.57533611
1.34065935	-51.91949012
1.34798536	-53.50238329
1.35531137	-54.61924226
1.36263737	-55.18213062
1.36996338	-56.14752578
1.37728939	-56.66395825
1.38461540	-56.74408603
1.39194140	-57.64082303
1.39926741	-58.99571753
1.40659342	-62.32552249
1.41391943	-78.24246978
1.42124543	-64.17644783
1.42857144	-59.55259398
1.43589745	-59.15852326
1.44322346	-61.04157557
1.45054946	-62.19948545
1.45787547	-62.71131666
1.46520148	-65.60026973
1.47252749	-64.95488915
1.47985349	-64.21684609
1.48717950	-64.81943908
1.49450551	-63.01631287
1.50183152	-65.20559142
1.50915752	-69.23440052
1.51648353	-67.23829020
1.52380954	-68.44704892
1.53113554	-66.96078630
1.53846155	-67.07215998
1.54578756	-68.64479945
1.55311357	-66.36332030
1.56043957	-68.69251110
1.56776558	-76.60273957
1.57509159	-69.59439929
1.58241760	-70.30522979
1.58974360	-73.22426804
1.59706961	-73.85220768
1.60439562	-77.27353737
1.61172163	-78.96839677
1.61904763	-74.19437967
1.62637364	-74.79637245
1.63369965	-81.11255860
1.64102566	-79.56626396
1.64835166	-73.38856646
1.65567767	-79.56812397
1.66300368	-78.52371488
1.67032969	-76.93815144
1.67765569	-80.76178489
1.68498170	-80.55048169
1.69230771	-82.32576385
1.69963372	-88.30418083
1.70695972	-81.40855405
1.71428573	-96.22037718
1.72161174	-80.31653381
1.72893774	-79.91511879
1.73626375	-76.98908507
1.74358976	-79.87078880
1.75091577	-81.25104488
1.75824177	-80.63851598
1.76556778	-78.76894906
1.77289379	-73.78039686
1.78021980	-81.20102071
1.78754580	-76.41624229
1.79487181	-76.76589714
1.80219782	-82.36560902
1.80952383	-86.64278381
1.81684983	-73.49452648
1.82417584	-73.95424674
1.83150185	-75.74885547
1.83882786	-71.25220069
1.84615386	-74.91784169
1.85347987	-80.05096823
1.86080588	-76.00807687
1.86813189	-81.09150756
1.87545789	-84.71166688
1.88278390	-80.49686713
1.89010991	-77.88609180
1.89743591	-77.54044062
1.90476192	-78.66930627
1.91208793	-77.71671672
1.91941394	-76.99898848
1.92673994	-77.74527389
1.93406595	-79.53813930
1.94139196	-78.40106958
1.94871797	-76.38147125
1.95604397	-80.34262999
1.96336998	-82.58323549
1.97069599	-82.62852768
1.97802200	-86.96938291
1.98534800	-89.42385433
1.99267401	-78.45049346
2.00000002	-75.02048880
2.00732603	-81.82691158
2.01465203	-82.40123940
2.02197804	-77.27643261
2.02930405	-75.62436313
2.03663006	-79.64497210
2.04395606	-82.88424737
2.05128207	-81.71595736
2.05860808	-85.49328096
2.06593408	-87.13416803
2.07326009	-80.88845318
2.08058610	-86.60812830
2.08791211	-78.33499063
2.09523811	-85.13249700
2.10256412	-80.83308404
2.10989013	-83.26520069
2.11721614	-75.79906784
2.12454214	-74.15184928
2.13186815	-97.04248987
2.13919416	-77.90097906
2.14652017	-89.47701251
2.15384617	-75.33384694
2.16117218	-82.25668041
2.16849819	-78.92360095
2.17582420	-79.12177387
2.18315020	-73.81058429
2.19047621	-75.25540070
2.19780222	-83.11908890
2.20512823	-78.25291964
2.21245423	-77.27678014
2.21978024	-73.89179608
2.22710625	-76.26800006
2.23443225	-81.65708654
2.24175826	-82.91642101
2.24908427	-75.58480351
2.25641028	-80.87106558
2.26373628	-78.47349452
2.27106229	-81.01268322
2.27838830	-85.07385069
2.28571431	-81.15534150
2.29304031	-98.12887543
2.30036632	-90.16536491
2.30769233	-86.70062188
2.31501834	-83.36157382
2.32234434	-76.97370229
2.32967035	-81.56578844
2.33699636	-82.17681864
2.34432237	-80.35341980
2.35164837	-87.69830931
2.35897438	-83.78389577
2.36630039	-76.04953996
2.37362640	-76.40441170
2.38095240	-81.75919217
2.38827841	-82.42007721
2.39560442	-87.30693728
2.40293042	-88.66429368
2.41025643	-81.95537730
2.41758244	-84.01603026
2.42490845	-83.86621344
2.43223445	-83.85180411
2.43956046	-89.11720794
2.44688647	-90.32425690
2.45421248	-93.46873626
2.46153848	-84.17098501
2.46886449	-80.74508992
2.47619050	-79.07890519
2.48351651	-80.09381019
2.49084251	-82.41099710
2.49816852	-80.54370508
2.50549453	-78.86348249
2.51282054	-78.18944887
2.52014654	-83.14034562
2.52747255	-84.28304139
2.53479856	-77.42858549
2.54212457	-78.99650300
2.54945057	-81.92951609
2.55677658	-97.09964603
2.56410259	-80.89503066
2.57142859	-87.22732858
2.57875460	-79.01887658
2.58608061	-76.51976098
2.59340662	-80.08482341
2.60073262	-82.06056145
2.60805863	-77.01508494
2.61538464	-76.72593712
2.62271065	-87.11381365
2.63003665	-89.35835652
2.63736266	-83.95277388
2.64468867	-81.04020834
2.65201468	-82.43080909
2.65934068	-71.69059684
2.66666669	-74.30305393
2.67399270	-81.24185333
2.68131871	-71.53758434
2.68864471	-74.24391059
2.69597072	-84.66503171
2.70329673	-83.78633813
2.71062274	-77.32795186
2.71794874	-80.40212870
2.72527475	-84.89760943
2.73260076	-81.09885803
2.73992676	-100.71355730
2.74725277	-83.83601568
2.75457878	-79.76910823
2.76190479	-73.45374906
2.76923079	-72.17844561
2.77655680	-73.66414030
2.78388281	-77.46854826
2.79120882	-82.36075006
2.79853482	-89.32560969
2.80586083	-76.85188004
2.81318684	-78.59359679
2.82051285	-83.83911527
2.82783885	-75.85444551
2.83516486	-74.91142232
2.84249087	-81.40319931
2.84981688	-73.93036362
2.85714288	-73.27658689
2.86446889	-78.50797861
2.87179490	-84.50702657
2.87912091	-84.57627266
2.88644691	-80.56360864
2.89377292	-84.84639374
2.90109893	-76.65535486
2.90842493	-72.89826675
2.91575094	-76.79929612
2.92307695	-80.40958046
2.93040296	-74.37069285
2.93772896	-83.55154484
2.94505497	-80.06987635
2.95238098	-78.58018619
2.95970699	-84.06448727
2.96703299	-87.62567370
2.97435900	-78.53147997
2.98168501	-81.77721365
2.98901102	-80.58587876
2.99633702	-72.63701324
3.00366303	-73.04714395
3.01098904	-84.30549736
3.01831505	-78.66681880
3.02564105	-81.81129452
3.03296706	-75.53434917
3.04029307	-77.05203490
3.04761908	-77.81572254
3.05494508	-74.01149886
3.06227109	-86.23808940
3.06959710	-81.64646048
3.07692310	-82.48588612
3.08424911	-76.08419813
3.09157512	-80.05225994
3.09890113	-75.92188335
3.10622713	-78.83089847
3.11355314	-82.40226329
3.12087915	-82.62603062
3.12820516	-74.81311298
3.13553116	-79.34111718
3.14285717	-74.98877763
3.15018318	-72.08138205
3.15750919	-75.04270816
3.16483519	-88.65775759
3.17216120	-81.58213412
3.17948721	-93.42663384
3.18681322	-78.16473387
3.19413922	-84.73801522
3.20146523	-76.48350096
3.20879124	-75.51766521
3.21611725	-77.32173530
3.22344325	-75.48452373
3.23076926	-80.65796622
3.23809527	-79.49042262
3.24542127	-80.77088128
3.25274728	-84.34585118
3.26007329	-77.28830806
3.26739930	-77.27225072
3.27472530	-79.06484665
3.28205131	-79.23256625
3.28937732	-79.87528993
3.29670333	-87.04948312
3.30402933	-79.58748212
3.31135534	-78.17061227
3.31868135	-81.81096667
3.32600736	-76.79194337
3.33333336	-76.43114665
3.34065937	-89.33712066
3.34798538	-81.74180916
3.35531139	-84.29000472
3.36263739	-81.62182598
3.36996340	-79.61420138
3.37728941	-84.36646756
3.38461542	-83.47839156
3.39194142	-76.10475821
3.39926743	-72.47396694
3.40659344	-74.92367774
3.41391944	-82.01073532
3.42124545	-85.64401028
3.42857146	-82.40105425
3.43589747	-78.99969968
3.44322347	-76.22408453
3.45054948	-75.93042944
3.45787549	-80.06532518
3.46520150	-91.94123303
3.47252750	-97.01285325
3.47985351	-89.61299847
3.48717952	-82.80793783
3.49450553	-89.35523733
3.50183153	-82.51138646
3.50915754	-76.66126908
3.51648355	-75.14018457
3.52380956	-75.76645032
3.53113556	-86.50533254
3.53846157	-77.54808832
3.54578758	-75.00468868
3.55311359	-87.38368100
3.56043959	-75.26066827
3.56776560	-75.29532786
3.57509161	-83.77864138
3.58241761	-86.95969603
3.58974362	-83.29076632
3.59706963	-85.53734945
3.60439564	-82.36735711
3.61172164	-89.36021452
3.61904765	-88.26404453
3.62637366	-80.14869215
3.63369967	-78.30470606
3.64102567	-82.26096996
3.64835168	-77.75129603
3.65567769	-78.41250346
3.66300370	-76.42761144
3.67032970	-76.16909904
3.67765571	-81.80133516
3.68498172	-80.54872683
3.69230773	-77.51529276
3.69963373	-79.09431011
3.70695974	-89.68028953
3.71428575	-86.62093856
3.72161176	-80.18717687
3.72893776	-82.09565680
3.73626377	-82.73723498
3.74358978	-76.32471961
3.75091578	-89.14369277
3.75824179	-77.80322133
3.76556780	-76.67468004
3.77289381	-78.80941684
3.78021981	-76.67740079
3.78754582	-76.07371241
3.79487183	-77.58601145
3.80219784	-81.63201435
3.80952384	-85.73520556
3.81684985	-92.52524786
3.82417586	-82.47328982
3.83150187	-79.35993283
3.83882787	-76.83233783
3.84615388	-77.25161068
3.85347989	-85.04674719
3.86080590	-87.23064818
3.86813190	-79.00291761
3.87545791	-75.82219045
3.88278392	-75.28875310
3.89010993	-77.13689237
3.89743593	-77.98803096
3.90476194	-78.72210073
3.91208795	-81.37979640
3.91941395	-92.84586937
3.92673996	-83.31102469
3.93406597	-85.48130626
3.94139198	-77.05701343
3.94871798	-73.25689076
3.95604399	-77.25835502
3.96337000	-95.42277711
3.97069601	-83.94520412
3.97802201	-85.38129601
3.98534802	-83.16518278
3.99267403	-91.74319221
4.00000004	-99.51300197
4.00732604	-80.68355886
4.01465205	-77.07595275
4.02197806	-84.32293785
4.02930407	-75.15736710
4.03663007	-72.50502826
4.04395608	-76.46107433
4.05128209	-85.70772815
4.05860810	-78.81625908
4.06593410	-78.19197317
4.07326011	-89.11468498
4.08058612	-86.40243106
4.08791212	-93.05932312
4.09523813	-91.04380157
4.10256414	-88.81645356
4.10989015	-81.98320117
4.11721615	-80.31633337
4.12454216	-79.36693624
4.13186817	-78.22508126
4.13919418	-81.38898998
4.14652018	-89.06574077
4.15384619	-88.15976535
4.16117220	-96.23560656
4.16849821	-97.42505718
4.17582421	-89.08088924
4.18315022	-84.50296585
4.19047623	-94.94037077
4.19780224	-84.74983946
4.20512824	-83.53932540
4.21245425	-86.49646600
4.21978026	-83.34827245
4.22710627	-79.57844464
4.23443227	-73.72222374
4.24175828	-77.64684415
4.24908429	-84.93273485
4.25641029	-82.64533253
4.26373630	-79.61594715
4.27106231	-74.51047008
4.27838832	-82.35364789
4.28571432	-86.80106792
4.29304033	-84.72562917
4.30036634	-80.92102618
4.30769235	-75.76021836
4.31501835	-75.75699846
4.32234436	-83.96649758
4.32967037	-88.64998756
4.33699638	-84.08006743
4.34432238	-78.97314259
4.35164839	-82.43526191
4.35897440	-86.90275027
4.36630041	-77.64929475
4.37362641	-77.08390974
4.38095242	-85.42939296
4.38827843	-78.07914369
4.39560444	-79.90845124
4.40293044	-87.70412382
4.41025645	-102.37705753
4.41758246	-87.20937212
4.42490846	-77.88502285
4.43223447	-74.44534722
4.43956048	-73.20507006
4.44688649	-76.39163055
4.45421249	-83.67082237
4.46153850	-77.76605943
4.46886451	-80.58902424
4.47619052	-87.55050113
4.48351652	-86.14263961
4.49084253	-79.46044871
4.49816854	-78.64575006
4.50549455	-76.23892224
4.51282055	-82.07745024
4.52014656	-79.27528250
4.52747257	-77.36079371
4.53479858	-97.62770778
4.54212458	-75.08838882
4.54945059	-73.95053168
4.55677660	-79.25160467
4.56410261	-93.70435212
4.57142861	-92.52155717
4.57875462	-98.61385299
4.58608063	-86.86467389
4.59340663	-80.20955518
4.60073264	-80.02462341
4.60805865	-80.12437663
4.61538466	-83.31433061
4.62271066	-82.05808131
4.63003667	-75.95461698
4.63736268	-82.56767040
4.64468869	-80.83034348
4.65201469	-86.34518821
4.65934070	-81.06990548
4.66666671	-78.16197518
4.67399272	-78.25975747
4.68131872	-81.33970535
4.68864473	-84.52611121
4.69597074	-87.41654524
4.70329675	-84.70594720
4.71062275	-84.81963506
4.71794876	-85.69571056
4.72527477	-79.66220729
4.73260078	-85.46999226
4.73992678	-78.16874924
4.74725279	-80.77003741
4.75457880	-82.23885796
4.76190481	-81.39787578
4.76923081	-88.64371561
4.77655682	-89.77202700
4.78388283	-80.02228094
4.79120883	-78.44013451
4.79853484	-90.56147663
4.80586085	-79.89384706
4.81318686	-74.45215997
4.82051286	-74.78426918
4.82783887	-75.59152067
4.83516488	-73.94786721
4.84249089	-80.15335161
4.84981689	-83.99108316
4.85714290	-80.92857806
4.86446891	-82.80675687
4.87179492	-77.91734657
4.87912092	-75.39588759
4.88644693	-75.14841700
4.89377294	-78.82541759
4.90109895	-85.31001973
4.90842495	-87.52201328
4.91575096	-84.42443050
4.92307697	-82.88683082
4.93040298	-75.70392303
4.93772898	-76.09884209
4.94505499	-84.35667953
4.95238100	-78.75621150
4.95970700	-79.28381141
4.96703301	-84.92578931
4.97435902	-78.71779419
4.98168503	-77.95987470
4.98901103	-84.38999897
4.99633704	-82.51206951
5.00366305	-78.90329969
5.01098906	-87.85166269
5.01831506	-92.80819411
5.02564107	-93.57346957
5.03296708	-80.29781985
5.04029309	-79.29927789
5.04761909	-90.07750868
5.05494510	-83.54266777
5.06227111	-90.09089553
5.06959712	-76.34028652
5.07692312	-78.75121382
5.08424913	-75.26717218
5.09157514	-78.20411195
5.09890115	-80.86434865
5.10622715	-74.88999177
5.11355316	-77.22510965
5.12087917	-83.51783492
5.12820517	-82.81239067
5.13553118	-81.01196290
5.14285719	-79.72896138
5.15018320	-78.92577410
5.15750920	-85.58713628
5.16483521	-82.39914308
5.17216122	-81.28568458
5.17948723	-76.53315184
5.18681323	-77.15124017
5.19413924	-80.53584814
5.20146525	-80.38335222
5.20879126	-78.47074105
5.21611726	-80.01837456
5.22344327	-81.59992512
5.23076928	-86.72688959
5.23809529	-82.44998041
5.24542129	-80.63757824
5.25274730	-92.46396227
5.26007331	-82.27468203
5.26739932	-78.25752633
5.27472532	-84.94134980
5.28205133	-80.71577131
5.28937734	-77.45316289
5.29670334	-81.73229620
5.30402935	-84.74498901
5.31135536	-77.71468432
5.31868137	-87.00668647
5.32600737	-80.51942276
5.33333338	-88.40510967
5.34065939	-75.68893271
5.34798540	-73.58816217
5.35531140	-77.44209900
5.36263741	-73.75788269
5.36996342	-77.18793177
5.37728943	-92.77322160
5.38461543	-85.23707771
5.39194144	-82.77564516
5.39926745	-77.06580684
5.40659346	-76.76071761
5.41391946	-85.99062844
5.42124547	-87.32402652
5.42857148	-81.67274739
5.43589749	-77.16044471
5.44322349	-76.43554598
5.45054950	-80.59072303
5.45787551	-82.69788516
5.46520151	-82.33830862
5.47252752	-78.11354689
5.47985353	-72.05696378
5.48717954	-74.75199849
5.49450554	-77.38681732
5.50183155	-75.74246041
5.50915756	-78.56615646
5.51648357	-79.95247961
5.52380957	-80.40586938
5.53113558	-75.21197395
5.53846159	-76.05138519
5.54578760	-79.99542428
5.55311360	-91.53031027
5.56043961	-82.93231025
5.56776562	-88.98301221
5.57509163	-77.57556100
5.58241763	-73.96427172
5.58974364	-77.08814909
5.59706965	-81.17463463
5.60439566	-81.12880623
5.61172166	-78.54847979
5.61904767	-85.65639599
5.62637368	-73.34563886
5.63369968	-76.91888738
5.64102569	-86.07035117
5.64835170	-79.52846614
5.65567771	-80.69846765
5.66300371	-80.12749855
5.67032972	-81.56838526
5.67765573	-84.07684449
5.68498174	-89.12236561
5.69230774	-85.84831059
5.69963375	-83.28157105
5.70695976	-84.23329681
5.71428577	-91.31846424
5.72161177	-86.35678877
5.72893778	-81.72509716
5.73626379	-75.19970637
5.74358980	-75.81591552
5.75091580	-82.45527196
5.75824181	-96.03959944
5.76556782	-79.10797393
5.77289383	-74.42501167
5.78021983	-73.26151641
5.78754584	-74.75937323
5.79487185	-81.22184728
5.80219785	-84.42635443
5.80952386	-83.16363961
5.81684987	-86.76652322
5.82417588	-87.64764240
5.83150188	-86.00773197
5.83882789	-86.86539808
5.84615390	-78.59245794
5.85347991	-79.70172705
5.86080591	-91.01969815
5.86813192	-81.46226199
5.87545793	-81.52303104
5.88278394	-74.97413505
5.89010994	-78.53186430
5.89743595	-84.63975419
5.90476196	-88.09772169
5.91208797	-91.37081034
5.91941397	-88.72132869
5.92673998	-77.02194933
5.93406599	-80.56844239
5.94139200	-84.09689555
5.94871800	-81.29384666
5.95604401	-84.90309127
5.96337002	-85.90938802
5.97069602	-81.67776042
5.97802203	-81.10443651
5.98534804	-83.32978757
5.99267405	-76.06547451
6.00000005	-76.99308932
6.00732606	-79.40429854
6.01465207	-89.49809915
6.02197808	-77.29443070
6.02930408	-79.45956235
6.03663009	-90.51140975
6.04395610	-77.12507280
6.05128211	-77.59109936
6.05860811	-103.67764017
6.06593412	-78.50513065
6.07326013	-78.22350090
6.08058614	-76.61204471
6.08791214	-75.58668446
6.09523815	-80.76551979
6.10256416	-99.41650891
6.10989017	-82.01613643
6.11721617	-76.32089842
6.12454218	-75.94886171
6.13186819	-82.66167206
6.13919419	-109.17895571
6.14652020	-85.73454451
6.15384621	-84.39650054
6.16117222	-84.19792415
6.16849822	-77.13560656
6.17582423	-77.92470965
6.18315024	-80.66623591
6.19047625	-80.45331998
6.19780225	-81.19647618
6.20512826	-86.03078738
6.21245427	-88.53732335
6.21978028	-79.28726210
6.22710628	-82.23333598
6.23443229	-85.36594980
6.24175830	-76.67259691
6.24908431	-78.90191811
6.25641031	-99.68400326
6.26373632	-85.31318492
6.27106233	-84.48951223
6.27838834	-81.23352790
6.28571434	-78.88481387
6.29304035	-80.35992191
6.30036636	-82.82959537
6.30769236	-82.82071810
6.31501837	-81.46427277
6.32234438	-83.46498490
6.32967039	-102.20627031
6.33699639	-82.83111341
6.34432240	-83.86565790
6.35164841	-88.77608353
6.35897442	-100.44762365
6.36630042	-82.70959169
6.37362643	-79.30058436
6.38095244	-80.23109843
6.38827845	-81.51981660
6.39560445	-86.18085050
6.40293046	-96.40690452
6.41025647	-82.78034613
6.41758248	-79.68937065
6.42490848	-80.56328550
6.43223449	-84.45899392
6.43956050	-83.72608354
6.44688651	-81.61779199
6.45421251	-78.21251686
6.46153852	-78.82989007
6.46886453	-84.25382270
6.47619053	-82.28340856
6.48351654	-78.35945974
6.49084255	-79.51461148
6.49816856	-90.85973080
6.50549456	-83.38336791
6.51282057	-76.89439550
6.52014658	-75.34604102
6.52747259	-76.47144206
6.53479859	-73.24722412
6.54212460	-73.80176502
6.54945061	-76.10971982
6.55677662	-80.19201460
6.56410262	-78.12692720
6.57142863	-78.14448319
6.57875464	-77.77709430
6.58608065	-75.58755282
6.59340665	-81.00264527
6.60073266	-78.12739016
6.60805867	-77.94613186
6.61538468	-79.35603105
6.62271068	-82.74091408
6.63003669	-86.15916132
6.63736270	-83.88998275
6.64468870	-88.64034703
6.65201471	-85.66259882
6.65934072	-81.13316177
6.66666673	-77.99705307
6.67399273	-82.05686869
6.68131874	-104.66072471
6.68864475	-90.28135871
6.69597076	-79.89125455
6.70329676	-75.26233072
6.71062277	-75.18756828
6.71794878	-78.74793352
6.72527479	-89.20963180
6.73260079	-83.59921012
6.73992680	-80.14560590
6.74725281	-83.12486251
6.75457882	-83.96545427
6.76190482	-83.64543358
6.76923083	-83.93256977
6.77655684	-80.14469565
6.78388285	-78.20476894
6.79120885	-78.77275916
6.79853486	-76.61135533
6.80586087	-79.86142308
6.81318687	-79.59865894
6.82051288	-76.96614606
6.82783889	-81.77700726
6.83516490	-91.10810410
6.84249090	-79.95821809
6.84981691	-73.78402480
6.85714292	-74.05590616
6.86446893	-73.38157001
6.87179493	-75.71766830
6.87912094	-89.10016361
6.88644695	-75.19217846
6.89377296	-78.18414082
6.90109896	-84.69375788
6.90842497	-79.42416811
6.91575098	-82.20790970
6.92307699	-80.35813093
6.93040299	-86.83212846
6.93772900	-88.57702932
6.94505501	-83.20790654
6.95238102	-84.89477789
6.95970702	-79.69927371
6.96703303	-78.23247812
6.97435904	-81.26360107
6.98168504	-80.93221556
6.98901105	-83.26485102
6.99633706	-89.80864558
7.00366307	-80.22498846
7.01098907	-80.76824139
7.01831508	-84.89738688
7.02564109	-85.16640559
7.03296710	-83.23776419
7.04029310	-89.61474749
7.04761911	-95.13334945
7.05494512	-95.63966695
7.06227113	-90.54580695
7.06959713	-82.80417638
7.07692314	-75.96573091
7.08424915	-76.01041354
7.09157516	-84.66254849
7.09890116	-90.14094054
7.10622717	-96.07225443
7.11355318	-82.82104611
7.12087919	-79.29771324
7.12820519	-80.81471807
7.13553120	-85.03340780
7.14285721	-83.39116871
7.15018321	-87.81867989
7.15750922	-82.98842113
7.16483523	-78.84673558
7.17216124	-81.83732504
7.17948724	-79.00446115
7.18681325	-84.82294399
7.19413926	-91.57283577
7.20146527	-87.35126512
7.20879127	-80.48872548
7.21611728	-84.28993147
7.22344329	-78.66787232
7.23076930	-76.59077110
7.23809530	-78.06904994
7.24542131	-80.01799546
7.25274732	-79.31881590
7.26007333	-84.87789961
7.26739933	-81.77919266
7.27472534	-77.74598376
7.28205135	-79.56595974
7.28937736	-81.27708633
7.29670336	-82.24241397
7.30402937	-93.82377190
7.31135538	-82.02416502
7.31868138	-82.85508959
7.32600739	-83.71466577
7.33333340	-90.24542919
7.34065941	-88.92901862
7.34798541	-82.17852624
7.35531142	-81.17087970
7.36263743	-86.52630232
7.36996344	-76.54745364
7.37728944	-78.39329803
7.38461545	-77.95936476
7.39194146	-85.58030127
7.39926747	-82.76041371
7.40659347	-82.53925547
7.41391948	-93.39839359
7.42124549	-85.41296062
7.42857150	-80.75654790
7.43589750	-78.65688873
7.44322351	-75.52733193
7.45054952	-79.55786213
7.45787553	-78.66200073
7.46520153	-81.58643822
7.47252754	-82.05933732
7.47985355	-79.35075586
7.48717955	-80.18077707
7.49450556	-81.03463075
7.50183157	-80.35449168
7.50915758	-77.08714183
7.51648358	-78.01631248
7.52380959	-95.68277294
7.53113560	-81.40122713
7.53846161	-91.06711793
7.54578761	-79.82508562
7.55311362	-77.29543434
7.56043963	-77.80607065
7.56776564	-80.38279850
7.57509164	-80.91974399
7.58241765	-77.62307615
7.58974366	-77.08969582
7.59706967	-82.18297786
7.60439567	-88.14648332
7.61172168	-83.62395919
7.61904769	-85.17961709
7.62637370	-76.01759559
7.63369970	-74.71834185
7.64102571	-78.55606262
7.64835172	-78.28472583
7.65567772	-78.10391897
7.66300373	-79.81027432
7.67032974	-81.99207725
7.67765575	-89.77401853
7.68498175	-83.99326271
7.69230776	-79.13382338
7.69963377	-80.37831440
7.70695978	-86.34063092
7.71428578	-79.96068812
7.72161179	-77.95161299
7.72893780	-81.19221763
7.73626381	-80.17604408
7.74358981	-81.00824768
7.75091582	-86.29566259
7.75824183	-78.14486959
7.76556784	-76.55414085
7.77289384	-92.77960684
7.78021985	-76.80120742
7.78754586	-75.47151855
7.79487187	-83.02669006
7.80219787	-97.52616331
7.80952388	-88.19831580
7.81684989	-89.34739561
7.82417590	-79.68165750
7.83150190	-87.13788738
7.83882791	-84.13882948
7.84615392	-91.60670198
7.85347992	-81.38409874
7.86080593	-86.92337022
7.86813194	-77.86264114
7.87545795	-74.92572918
7.88278395	-86.65724659
7.89010996	-77.34697427
7.89743597	-76.10959293
7.90476198	-78.20963094
7.91208798	-88.80059212
7.91941399	-81.44658685
7.92674000	-86.04925516
7.93406601	-79.77119431
7.94139201	-79.07982561
7.94871802	-80.02160990
7.95604403	-82.60576290
7.96337004	-84.58662874
7.97069604	-81.73455609
7.97802205	-82.49898868
7.98534806	-84.20318937
7.99267407	-78.07575606
8.00000007	-75.19942529
8.00732608	-92.57705996
8.01465209	-76.82955986
8.02197809	-77.17137196
8.02930410	-86.76462520
8.03663011	-78.20188809
8.04395612	-79.19399933
8.05128212	-89.23957681
8.05860813	-92.58209798
8.06593414	-84.84489716
8.07326015	-91.04991312
8.08058615	-83.04000228
8.08791216	-78.60390550
8.09523817	-80.17677044
8.10256418	-86.02252329
8.10989018	-83.97646715
8.11721619	-78.61633839
8.12454220	-87.33122685
8.13186821	-79.99236298
8.13919421	-82.83518021
8.14652022	-80.43578309
8.15384623	-78.88517562
8.16117224	-85.32425957
8.16849824	-79.30386730
8.17582425	-84.31328801
8.18315026	-81.54698317
8.19047626	-78.09033877
8.19780227	-80.89717571
8.20512828	-83.42400136
8.21245429	-80.99644678
8.21978029	-78.93916699
8.22710630	-92.78359323
8.23443231	-78.91099408
8.24175832	-76.17479061
8.24908432	-81.86313125
8.25641033	-83.34287843
8.26373634	-75.53802053
8.27106235	-79.23298564
8.27838835	-90.57077793
8.28571436	-81.87242357
8.29304037	-86.15775193
8.30036638	-82.44255626
8.30769238	-78.99788744
8.31501839	-76.38695657
8.32234440	-76.14537610
8.32967041	-81.24535487
8.33699641	-93.58240048
8.34432242	-86.05652422
8.35164843	-95.87653176
8.35897443	-76.84648128
8.36630044	-74.37347336
8.37362645	-79.60590186
8.38095246	-81.29864924
8.38827846	-90.75697685
8.39560447	-81.16134227
8.40293048	-79.87368553
8.41025649	-89.38706172
8.41758249	-86.86293520
8.42490850	-79.67302988
8.43223451	-81.46226554
8.43956052	-88.92910041
8.44688652	-80.38282170
8.45421253	-90.32155217
8.46153854	-88.81473511
8.46886455	-93.18828991
8.47619055	-87.49756101
8.48351656	-89.48661085
8.49084257	-79.01827000
8.49816858	-80.78525260
8.50549458	-87.12336062
8.51282059	-82.13087697
8.52014660	-79.94433143
8.52747260	-86.50258950
8.53479861	-87.71606246
8.54212462	-84.34641021
8.54945063	-93.04964550
8.55677663	-86.49834625
8.56410264	-88.33560109
8.57142865	-87.26441543
8.57875466	-84.61298185
8.58608066	-100.81774299
8.59340667	-86.80512786
8.60073268	-88.40262211
8.60805869	-89.81486598
8.61538469	-84.64665089
8.62271070	-80.61710949
8.63003671	-77.15981168
8.63736272	-75.98123222
8.64468872	-80.67940803
8.65201473	-84.42181883
8.65934074	-84.88131085
8.66666675	-73.98714453
8.67399275	-75.80304116
8.68131876	-83.60523186
8.68864477	-76.76255584
8.69597077	-83.85087323
8.70329678	-87.26185757
8.71062279	-87.85936241
8.71794880	-78.94617915
8.72527480	-78.39025208
8.73260081	-81.52868611
8.73992682	-83.20735209
8.74725283	-84.73518850
8.75457883	-82.54169045
8.76190484	-81.59163651
8.76923085	-82.17893280
8.77655686	-83.02005194
8.78388286	-84.42607886
8.79120887	-85.47780808
8.79853488	-84.41733552
8.80586089	-94.85177784
8.81318689	-83.23216318
8.82051290	-78.80950797
8.82783891	-79.03027785
8.83516492	-84.84474146
8.84249092	-81.84019574
8.84981693	-74.51611559
8.85714294	-78.76813996
8.86446894	-82.70167450
8.87179495	-76.37111443
8.87912096	-77.29222729
8.88644697	-76.72726806
8.89377297	-78.82213633
8.90109898	-75.88104426
8.90842499	-76.86624292
8.91575100	-84.17367260
8.92307700	-96.35385678
8.93040301	-82.54814043
8.93772902	-85.84193687
8.94505503	-81.21152110
8.95238103	-73.94687443
8.95970704	-75.93559480
8.96703305	-87.05597615
8.97435906	-102.20790909
8.98168506	-86.55561138
8.98901107	-80.61616649
8.99633708	-77.33137515
9.00366309	-79.49977240
9.01098909	-85.78747487
9.01831510	-82.64605815
9.02564111	-77.35503931
9.03296711	-80.93168198
9.04029312	-88.34669000
9.04761913	-84.83536467
9.05494514	-76.83014104
9.06227114	-79.68971897
9.06959715	-91.40294905
9.07692316	-83.56081354
9.08424917	-114.33356215
9.09157517	-89.50685394
9.09890118	-91.38770787
9.10622719	-82.54635228
9.11355320	-78.97446426
9.12087920	-76.47270359
9.12820521	-79.82646864
9.13553122	-77.80821746
9.14285723	-75.82427617
9.15018323	-95.22383817
9.15750924	-77.01552216
9.16483525	-78.35074680
9.17216126	-84.64928194
9.17948726	-91.00780781
9.18681327	-86.22161109
9.19413928	-86.37709533
9.20146528	-84.17307121
9.20879129	-77.55098662
9.21611730	-82.24042814
9.22344331	-80.75095207
9.23076931	-78.15348142
9.23809532	-88.70320948
9.24542133	-77.17287818
9.25274734	-82.45597954
9.26007334	-81.28074528
9.26739935	-81.44633368
9.27472536	-92.96552801
9.28205137	-87.45142359
9.28937737	-86.60031940
9.29670338	-82.19126266
9.30402939	-79.95392362
9.31135540	-91.16704946
9.31868140	-77.16562942
9.32600741	-77.86068937
9.33333342	-89.79466916
9.34065943	-83.19549635
9.34798543	-79.92649972
9.35531144	-82.05259538
9.36263745	-84.96361814
9.36996345	-85.67765795
9.37728946	-84.52903651
9.38461547	-83.67028505
9.39194148	-88.57934759
9.39926748	-81.29619803
9.40659349	-80.13964639
9.41391950	-82.73653876
9.42124551	-77.25829406
9.42857151	-86.78613433
9.43589752	-80.34812847
9.44322353	-87.19508770
9.45054954	-80.62008474
9.45787554	-80.39693017
9.46520155	-89.55589686
9.47252756	-79.66429129
9.47985357	-93.82986640
9.48717957	-79.06342871
9.49450558	-77.30159953
9.50183159	-80.42910661
9.50915760	-79.73949137
9.51648360	-78.21427972
9.52380961	-82.46476185
9.53113562	-89.17133078
9.53846162	-85.28479643
9.54578763	-87.17944567
9.55311364	-79.66136565
9.56043965	-80.93746626
9.56776565	-83.97074958
9.57509166	-93.91010848
9.58241767	-83.18569561
9.58974368	-81.53435993
9.59706968	-82.63344583
9.60439569	-81.88997148
9.61172170	-89.37080279
9.61904771	-79.40559911
9.62637371	-79.40937258
9.63369972	-88.31306417
9.64102573	-77.36732743
9.64835174	-78.83445953
9.65567774	-87.33950055
9.66300375	-82.23709090
9.67032976	-87.20782863
9.67765577	-75.12046240
9.68498177	-74.05223415
9.69230778	-79.54710428
9.69963379	-93.90434008
9.70695979	-81.30319814
9.71428580	-79.57765040
9.72161181	-84.17635339
9.72893782	-93.38752587
9.73626382	-87.08587030
9.74358983	-81.41483214
9.75091584	-77.11302062
9.75824185	-85.83582260
9.76556785	-83.62370779
9.77289386	-99.40500932
9.78021987	-76.00629344
9.78754588	-75.73121654
9.79487188	-89.59107264
9.80219789	-82.31870495
9.80952390	-88.25901433
9.81684991	-80.62154021
9.82417591	-75.08885933
9.83150192	-75.53593151
9.83882793	-78.30581082
9.84615394	-82.00192978
9.85347994	-94.16702128
9.86080595	-84.95384275
9.86813196	-80.44889638
9.87545796	-80.49331592
9.88278397	-78.97275048
9.89010998	-79.28484900
9.89743599	-85.49420675
9.90476199	-86.96196868
9.91208800	-87.23979435
9.91941401	-94.95913770
9.92674002	-87.78347544
9.93406602	-78.60362977
9.94139203	-76.42074258
9.94871804	-80.08281238
9.95604405	-81.14731177
9.96337005	-78.59465583
9.97069606	-80.65607004
9.97802207	-99.92934935
9.98534808	-82.74100763
9.99267408	-88.67082032
10.00000009	-82.89078982
10.00732610	-80.98115048
10.01465211	-91.41112845
10.02197811	-81.49625632
10.02930412	-78.22824929
10.03663013	-73.78487454
10.04395613	-76.74116364
10.05128214	-90.90836709
10.05860815	-79.16121738
10.06593416	-80.52679989
10.07326016	-84.14962207
10.08058617	-81.28984406
10.08791218	-82.12759433
10.09523819	-87.39423440
10.10256419	-94.89547963
10.10989020	-90.67657504
10.11721621	-87.10599440
10.12454222	-84.84917664
10.13186822	-84.16900829
10.13919423	-109.09224133
10.14652024	-81.49125753
10.15384625	-78.32598342
10.16117225	-78.43788041
10.16849826	-81.37937019
10.17582427	-81.25225104
10.18315028	-81.85535431
10.19047628	-91.69915813
10.19780229	-86.34200284
10.20512830	-87.87583932
10.21245430	-85.43642257
10.21978031	-91.39640157
10.22710632	-80.15141787
10.23443233	-78.37661937
10.24175833	-79.94152695
10.24908434	-86.86532225
10.25641035	-87.67729348
10.26373636	-78.91198433
10.27106236	-78.15158971
10.27838837	-81.08382037
10.28571438	-85.83496439
10.29304039	-85.95565171
10.30036639	-80.55929207
10.30769240	-80.70685379
10.31501841	-85.30110253
10.32234442	-83.75058987
10.32967042	-79.13465024
10.33699643	-79.38740885
10.34432244	-81.74014449
10.35164845	-81.42778178
10.35897445	-86.14557260
10.36630046	-78.07455719
10.37362647	-82.83195824
10.38095247	-85.08463627
10.38827848	-79.68392456
10.39560449	-75.97219321
10.40293050	-84.24081090
10.41025650	-78.20396247
10.41758251	-75.20744041
10.42490852	-78.84182579
10.43223453	-82.50953751
10.43956053	-78.47995557
10.44688654	-81.99143476
10.45421255	-82.93256933
10.46153856	-80.00321264
10.46886456	-92.59112628
10.47619057	-78.53347557
10.48351658	-83.90537884
10.49084259	-85.61403515
10.49816859	-83.14723270
10.50549460	-80.51032690
10.51282061	-87.05562914
10.52014662	-77.83231468
10.52747262	-77.56276958
10.53479863	-91.42205152
10.54212464	-85.83573584
10.54945064	-82.91736770
10.55677665	-78.04006384
10.56410266	-75.08297239
10.57142867	-77.18356663
10.57875467	-74.46183432
10.58608068	-76.28566466
10.59340669	-80.66939271
10.60073270	-80.03915256
10.60805870	-85.69875546
10.61538471	-84.55182093
10.62271072	-88.59652170
10.63003673	-80.68011254
10.63736273	-79.58304253
10.64468874	-79.36757517
10.65201475	-79.15647063
10.65934076	-76.16228531
10.66666676	-84.19611466
10.67399277	-85.54764787
10.68131878	-90.25974123
10.68864479	-83.97629780
10.69597079	-83.42914228
10.70329680	-97.04339739
10.71062281	-88.68562455
10.71794881	-88.32098090
10.72527482	-90.48406859
10.73260083	-84.78500116
10.73992684	-76.91219191
10.74725284	-77.39496539
10.75457885	-91.75717676
10.76190486	-84.15853107
10.76923087	-79.95657518
10.77655687	-75.92206418
10.78388288	-79.74222435
10.79120889	-94.10033323
10.79853490	-85.62931849
10.80586090	-81.98863811
10.81318691	-92.67683804
10.82051292	-83.78148128
10.82783893	-88.82448216
10.83516493	-82.61090615
10.84249094	-90.55727705
10.84981695	-82.15019520
10.85714296	-79.39331674
10.86446896	-81.04106171
10.87179497	-80.35203910
10.87912098	-79.17734672
10.88644699	-86.64317110
10.89377299	-84.38661995
10.90109900	-82.47328580
10.90842501	-84.98625376
10.91575101	-86.41707233
10.92307702	-83.56473574
10.93040303	-77.61123539
10.93772904	-78.06468060
10.94505504	-79.55010190
10.95238105	-78.45831021
10.95970706	-76.86922628
10.96703307	-77.44765766
10.97435907	-78.79889324
10.98168508	-81.29601151
10.98901109	-88.44651353
10.99633710	-86.79556416
11.00366310	-83.47150854
11.01098911	-91.42060130
11.01831512	-80.86065000
11.02564113	-76.90477657
11.03296713	-78.36291648
11.04029314	-86.80009287
11.04761915	-87.33924889
11.05494516	-89.59898048
11.06227116	-100.39518585
11.06959717	-82.21423319
11.07692318	-79.50076615
11.08424918	-87.58798333
11.09157519	-89.11417595
11.09890120	-82.55860823
11.10622721	-76.69795314
11.11355321	-79.27002276
11.12087922	-93.65149765
11.12820523	-84.40104842
11.13553124	-78.02486565
11.14285724	-78.45822936
11.15018325	-86.72461797
11.15750926	-81.96082803
11.16483527	-85.48134633
11.17216127	-84.02849721
11.17948728	-83.04927853
11.18681329	-84.79655857
11.19413930	-83.26168752
11.20146530	-83.34281892
11.20879131	-81.76244549
11.21611732	-93.91151718
11.22344333	-77.42757330
11.23076933	-73.52885557
11.23809534	-78.29226428
11.24542135	-86.50728809
11.25274735	-76.87704640
11.26007336	-77.60187250
11.26739937	-76.28215615
11.27472538	-73.65436143
11.28205138	-78.78300987
11.28937739	-88.26654182
11.29670340	-79.48897690
11.30402941	-80.85904790
11.31135541	-86.80265669
11.31868142	-92.01906931
11.32600743	-89.72560110
11.33333344	-82.33704930
11.34065944	-77.17132345
11.34798545	-77.81149751
11.35531146	-81.41538344
11.36263747	-81.55267851
11.36996347	-78.13007815
11.37728948	-82.42244673
11.38461549	-95.88841055
11.39194150	-87.71920803
11.39926750	-78.87446097
11.40659351	-81.84632938
11.41391952	-78.17494847
11.42124552	-74.74389205
11.42857153	-76.26850637
11.43589754	-82.32272346
11.44322355	-80.34271399
11.45054955	-74.39042952
11.45787556	-79.59033428
11.46520157	-79.46899723
11.47252758	-77.55527636
11.47985358	-87.35905746
11.48717959	-89.10485378
11.49450560	-88.24590802
11.50183161	-82.32478539
11.50915761	-84.45523948
11.51648362	-77.46676553
11.52380963	-82.53992985
11.53113564	-76.76822139
11.53846164	-73.08934211
11.54578765	-75.28602634
11.55311366	-77.17188674
11.56043967	-77.75973961
11.56776567	-92.96320123
11.57509168	-74.34252442
11.58241769	-73.80863968
11.58974369	-80.61045894
11.59706970	-111.65106889
11.60439571	-78.45151972
11.61172172	-77.25654358
11.61904772	-92.07921231
11.62637373	-80.74818361
11.63369974	-90.14741719
11.64102575	-75.65534355
11.64835175	-75.77989319
11.65567776	-85.54844520
11.66300377	-89.92509897
11.67032978	-84.45150324
11.67765578	-80.91435255
11.68498179	-79.85110982
11.69230780	-76.81879774
11.69963381	-81.44480110
11.70695981	-77.73182783
11.71428582	-81.19607891
11.72161183	-80.28128021
11.72893784	-75.65158129
11.73626384	-84.85649234
11.74358985	-78.14812612
11.75091586	-80.02599793
11.75824186	-97.24610977
11.76556787	-86.25040300
11.77289388	-83.02776523
11.78021989	-105.74232478
11.78754589	-78.95538038
11.79487190	-77.64451170
11.80219791	-89.28991620
11.80952392	-83.28081050
11.81684992	-86.39546234
11.82417593	-85.16500401
11.83150194	-82.16714990
11.83882795	-91.99484663
11.84615395	-85.05965696
11.85347996	-95.50740416
11.86080597	-87.18328188
11.86813198	-78.60207509
11.87545798	-76.00438321
11.88278399	-83.10527954
11.89011000	-82.70869753
11.89743601	-78.29234754
11.90476201	-80.19775643
11.91208802	-82.26587517
11.91941403	-99.66970725
11.92674003	-81.33541660
11.93406604	-93.50054457
11.94139205	-78.41384711
11.94871806	-78.48296670
11.95604406	-87.04488532
11.96337007	-82.99903452
11.97069608	-82.50686978
11.97802209	-82.67850600
11.98534809	-85.00269256
11.99267410	-77.65578538
12.00000011	-81.72410949
12.00732612	-77.57610978
12.01465212	-81.09289653
12.02197813	-78.27972326
12.02930414	-76.99082422
12.03663015	-80.82462330
12.04395615	-77.26351501
12.05128216	-77.12506644
12.05860817	-77.55218277
12.06593418	-76.29539999
12.07326018	-78.50450750
12.08058619	-85.82482597
12.08791220	-79.70896687
12.09523820	-78.05969381
12.10256421	-77.76661571
12.10989022	-79.52176361
12.11721623	-82.90819374
12.12454223	-87.01343578
12.13186824	-86.63320512
12.13919425	-81.27709024
12.14652026	-80.63858920
12.15384626	-83.52413748
12.16117227	-85.33552598
12.16849828	-84.39857457
12.17582429	-86.24837262
12.18315029	-87.44427210
12.19047630	-82.25153627
12.19780231	-88.00071430
12.20512832	-83.72396215
12.21245432	-79.46964605
12.21978033	-82.85917317
12.22710634	-78.65468362
12.23443235	-83.70465979
12.24175835	-82.43104612
12.24908436	-79.20798575
12.25641037	-79.90744926
12.26373637	-93.11793066
12.27106238	-80.61367407
12.27838839	-81.25455668
12.28571440	-88.90475364
12.29304040	-83.90584330
12.30036641	-101.68701848
12.30769242	-82.06263253
12.31501843	-78.71558327
12.32234443	-79.35606413
12.32967044	-79.25252025
12.33699645	-77.36747993
12.34432246	-77.61453498
12.35164846	-84.85714300
12.35897447	-90.72233368
12.36630048	-83.60133725
12.37362649	-82.42568408
12.38095249	-86.64197333
12.38827850	-84.78734854
12.39560451	-78.69871692
12.40293052	-81.30181952
12.41025652	-83.51905983
12.41758253	-81.99194097
12.42490854	-79.73869713
12.43223454	-86.85852831
12.43956055	-80.76782051
12.44688656	-77.79397224
12.45421257	-85.12949957
12.46153857	-88.35356129
12.46886458	-82.44578002
12.47619059	-80.45155153
12.48351660	-100.93163415
12.49084260	-83.10162064
12.49816861	-81.18111911
12.50549462	-77.66374179
12.51282063	-77.77359299
12.52014663	-81.24041081
12.52747264	-87.83729326
12.53479865	-98.84091625
12.54212466	-99.48198958
12.54945066	-89.20619992
12.55677667	-85.09949810
12.56410268	-95.31880199
12.57142869	-85.34145864
12.57875469	-84.26808034
12.58608070	-87.59129116
12.59340671	-77.27298080
12.60073271	-78.85693560
12.60805872	-84.30273136
12.61538473	-79.34347588
12.62271074	-89.19082670
12.63003674	-88.91959991
12.63736275	-91.27896401
12.64468876	-78.18805183
12.65201477	-79.08125729
12.65934077	-84.04857659
12.66666678	-79.59457423
12.67399279	-79.94994132
12.68131880	-82.67271751
12.68864480	-83.68408728
12.69597081	-80.01499881
12.70329682	-81.02370313
12.71062283	-76.37579760
12.71794883	-76.40640519
12.72527484	-83.66449901
12.73260085	-87.16362394
12.73992686	-101.03522132
12.74725286	-83.38330710
12.75457887	-78.87201384
12.76190488	-79.83264072
12.76923088	-87.85419613
12.77655689	-84.75713252
12.78388290	-86.44604183
12.79120891	-84.17434063
12.79853491	-80.50703909
12.80586092	-81.54272950
12.81318693	-89.69629065
12.82051294	-77.96418801
12.82783894	-78.90877700
12.83516495	-81.35024170
12.84249096	-77.77772157
12.84981697	-79.73434095
12.85714297	-94.32544007
12.86446898	-80.44067953
12.87179499	-78.79701567
12.87912100	-86.49189764
12.88644700	-87.97254086
12.89377301	-80.26573581
12.90109902	-91.09288724
12.90842503	-77.83687406
12.91575103	-73.88303657
12.92307704	-76.18941147
12.93040305	-83.32526426
12.93772905	-84.10813118
12.94505506	-89.93694978
12.95238107	-78.82573627
12.95970708	-83.96361311
12.96703308	-79.69940995
12.97435909	-76.44156306
12.98168510	-85.08055404
12.98901111	-76.14521532
12.99633711	-79.56388781
13.00366312	-82.67691571
13.01098913	-80.26971298
13.01831514	-78.44863391
13.02564114	-75.93155671
13.03296715	-95.55585520
13.04029316	-77.65471464
13.04761917	-81.38428487
13.05494517	-75.92908526
13.06227118	-79.60767049
13.06959719	-82.96478748
13.07692320	-78.07176594
13.08424920	-82.94078178
13.09157521	-78.24349744
13.09890122	-84.08016470
13.10622722	-93.43049145
13.11355323	-92.74232607
13.12087924	-82.15408272
13.12820525	-86.07964741
13.13553125	-81.20415393
13.14285726	-83.44127543
13.15018327	-82.84327254
13.15750928	-78.85126557
13.16483528	-88.92548828
13.17216129	-81.89442970
13.17948730	-81.22265829
13.18681331	-87.59249843
13.19413931	-84.71621610
13.20146532	-87.14952470
13.20879133	-85.38277978
13.21611734	-94.60154098
13.22344334	-92.49434089
13.23076935	-91.70735002
13.23809536	-89.95021436
13.24542137	-103.80045276
13.25274737	-118.87440764
13.26007338	-91.80680985
13.26739939	-80.67287692
13.27472539	-75.78249720
13.28205140	-77.73169035
13.28937741	-83.38660749
13.29670342	-86.87870156
13.30402942	-88.54089641
13.31135543	-82.10244302
13.31868144	-80.38492661
13.32600745	-81.70222364
13.33333345	-93.12960994
13.34065946	-108.68491867
13.34798547	-86.55140298
13.35531148	-88.61074547
13.36263748	-84.19807068
13.36996349	-78.56613392
13.37728950	-88.15919236
13.38461551	-79.66089823
13.39194151	-77.70131535
13.39926752	-96.84637187
13.40659353	-81.42765609
13.41391954	-80.95699368
13.42124554	-78.84674967
13.42857155	-93.09237617
13.43589756	-79.38686770
13.44322356	-80.99260159
13.45054957	-86.45745294
13.45787558	-82.00660352
13.46520159	-97.68821789
13.47252759	-82.09151759
13.47985360	-84.50390100
13.48717961	-80.79630205
13.49450562	-82.12527805
13.50183162	-83.88902190
13.50915763	-80.92738192
13.51648364	-83.52775113
13.52380965	-93.96653805
13.53113565	-84.13828190
13.53846166	-80.76321308
13.54578767	-79.82131011
13.55311368	-82.07850764
13.56043968	-81.31130011
13.56776569	-79.39362397
13.57509170	-81.90331621
13.58241771	-81.24978778
13.58974371	-92.82963189
13.59706972	-85.10548967
13.60439573	-83.07812437
13.61172173	-81.45538929
13.61904774	-83.21338889
13.62637375	-88.82183853
13.63369976	-85.03408008
13.64102576	-79.43570411
13.64835177	-76.04280663
13.65567778	-78.54003095
13.66300379	-87.57308824
13.67032979	-74.20630379
13.67765580	-73.75518738
13.68498181	-81.29406629
13.69230782	-83.41961761
13.69963382	-88.15667736
13.70695983	-83.37090090
13.71428584	-79.98355831
13.72161185	-81.63333499
13.72893785	-87.74007947
13.73626386	-83.72183736
13.74358987	-83.04388963
13.75091588	-90.60546873
13.75824188	-84.45290763
13.76556789	-88.23164700
13.77289390	-89.69098614
13.78021990	-83.37124780
13.78754591	-81.06419730
13.79487192	-84.16574139
13.80219793	-89.21885154
13.80952393	-83.08205672
13.81684994	-81.84144420
13.82417595	-89.75945723
13.83150196	-86.59731058
13.83882796	-84.00454695
13.84615397	-88.62304651
13.85347998	-81.21147696
13.86080599	-81.07128451
13.86813199	-84.96879328
13.87545800	-88.23232159
13.88278401	-90.52670780
13.89011002	-82.50072889
13.89743602	-80.00297080
13.90476203	-82.05868510
13.91208804	-86.64894321
13.91941405	-93.85554658
13.92674005	-87.72335644
13.93406606	-79.98171346
13.94139207	-79.99905455
13.94871808	-92.92196859
13.95604408	-88.97647561
13.96337009	-87.48258511
13.97069610	-77.56865239
13.97802210	-80.08941697
13.98534811	-85.89361004
13.99267412	-78.32954536
14.00000013	-81.93492171
14.00732613	-90.68511383
14.01465214	-83.41378664
14.02197815	-82.95615610
14.02930416	-83.44748382
14.03663016	-84.92066113
14.04395617	-91.63510289
14.05128218	-87.20203843
14.05860819	-87.83380706
14.06593419	-92.25141511
14.07326020	-95.90680175
14.08058621	-84.57773381
14.08791222	-84.23922301
14.09523822	-86.47255102
14.10256423	-82.23790390
14.10989024	-81.71274395
14.11721625	-89.73677306
14.12454225	-80.15262292
14.13186826	-75.55895165
14.13919427	-76.22478575
14.14652027	-82.04488552
14.15384628	-82.57567907
14.16117229	-79.41527950
14.16849830	-84.88112406
14.17582430	-81.44282089
14.18315031	-76.21627798
14.19047632	-79.57547741
14.19780233	-88.17039561
14.20512833	-90.18136005
14.21245434	-92.08466626
14.21978035	-83.76885060
14.22710636	-81.81168429
14.23443236	-89.60022741
14.24175837	-78.14535735
14.24908438	-81.73546673
14.25641039	-93.55327886
14.26373639	-108.25820781
14.27106240	-83.41451286
14.27838841	-78.86474528
14.28571442	-79.02817777
14.29304042	-83.12720161
14.30036643	-86.51547218
14.30769244	-76.62387566
14.31501844	-76.68830441
14.32234445	-81.74688199
14.32967046	-82.16621968
14.33699647	-85.69935132
14.34432247	-84.22481165
14.35164848	-86.58825133
14.35897449	-86.38532771
14.36630050	-96.38332155
14.37362650	-91.20417244
14.38095251	-96.47977780
14.38827852	-86.60097231
14.39560453	-83.34200073
14.40293053	-80.14141701
14.41025654	-85.15893367
14.41758255	-88.71339775
14.42490856	-82.28440848
14.43223456	-84.92333607
14.43956057	-79.47884558
14.44688658	-76.13010459
14.45421259	-80.50784094
14.46153859	-84.19586321
14.46886460	-83.22708428
14.47619061	-83.41564757
14.48351661	-83.65031925
14.49084262	-87.33985437
14.49816863	-84.51297676
14.50549464	-84.97383848
14.51282064	-82.33846713
14.52014665	-80.50750850
14.52747266	-87.41383972
14.53479867	-82.17725976
14.54212467	-80.70152733
14.54945068	-85.46630177
14.55677669	-87.80762418
14.56410270	-85.73951356
14.57142870	-88.43687371
14.57875471	-86.23256215
14.58608072	-84.99061862
14.59340673	-88.66568719
14.60073273	-86.86538567
14.60805874	-82.23133220
14.61538475	-79.39205926
14.62271076	-80.19319348
14.63003676	-84.58484659
14.63736277	-91.33939614
14.64468878	-83.14632072
14.65201478	-78.66176192
14.65934079	-83.43117397
14.66666680	-89.01687419
14.67399281	-81.01382457
14.68131881	-84.49832576
14.68864482	-96.21919887
14.69597083	-85.31418585
14.70329684	-91.38633138
14.71062284	-85.21539034
14.71794885	-79.98017592
14.72527486	-83.03765195
14.73260087	-96.13864770
14.73992687	-91.01372456
14.74725288	-92.09404176
14.75457889	-90.09220421
14.76190490	-79.87506759
14.76923090	-78.07228421
14.77655691	-81.18823006
14.78388292	-79.96672306
14.79120893	-83.49427263
14.79853493	-79.26711730
14.80586094	-78.85107247
14.81318695	-86.96641023
14.82051295	-78.99997730
14.82783896	-85.79345257
14.83516497	-89.38740280
14.84249098	-96.36542195
14.84981698	-88.14354262
14.85714299	-90.49156105
14.86446900	-94.81929062
14.87179501	-82.20334547
14.87912101	-78.67287963
14.88644702	-80.06612354
14.89377303	-85.87611889
14.90109904	-80.17576501
14.90842504	-81.21282193
14.91575105	-79.57816781
14.92307706	-77.71594946
14.93040307	-85.50692726
14.93772907	-84.48519683
14.94505508	-80.34647193
14.95238109	-85.85769799
14.95970710	-93.48201474
14.96703310	-97.27223188
14.97435911	-87.55617826
14.98168512	-85.71916414
14.98901112	-88.48000664
14.99633713	-90.61647903
