# Menlo Systems GmbH ScanControl
# Program Version 1.3.3
# Start: -65.00000000 ps, Average over 1000 waveforms. Timestamp: 2020-07-02T20:39:50
# Window type: Tukey, parameters: alpha = 0.2
# User time axis shift: 0 ps
# Frequency [THz]	THz Signal [a.u.]
0.00000000	-40.37900700
0.00732601	-26.76234669
0.01465201	-19.21452775
0.02197802	-18.25968621
0.02930403	-25.58404098
0.03663004	-23.26599898
0.04395604	-16.03746106
0.05128205	-12.46880892
0.05860806	-13.40311083
0.06593407	-14.33849037
0.07326007	-9.50327320
0.08058608	-9.90805873
0.08791209	-17.31736034
0.09523810	-12.35258391
0.10256410	-10.05101098
0.10989011	-15.43351902
0.11721612	-14.82197753
0.12454213	-8.38955176
0.13186813	-8.19936896
0.13919414	-9.29630768
0.14652015	-8.12420281
0.15384616	-9.27201989
0.16117216	-13.23179076
0.16849817	-10.65164216
0.17582418	-8.37670474
0.18315018	-9.88526732
0.19047619	-7.02553366
0.19780220	-3.51834606
0.20512821	-4.53678931
0.21245421	-8.19815761
0.21978022	-5.80215916
0.22710623	-5.10003005
0.23443224	-6.65108335
0.24175824	-4.72782827
0.24908425	-2.44766682
0.25641026	-2.20081341
0.26373627	-2.74908883
0.27106227	-1.85547837
0.27838828	-1.32927529
0.28571429	-2.12231169
0.29304030	-1.52813689
0.30036630	-0.34143418
0.30769231	-0.65252008
0.31501832	-0.99801858
0.32234433	-0.11358216
0.32967033	0.00000000
0.33699634	-0.97139697
0.34432235	-1.24883718
0.35164835	-1.21857546
0.35897436	-1.76598744
0.36630037	-1.79908964
0.37362638	-1.92581415
0.38095238	-2.52408807
0.38827839	-2.69453222
0.39560440	-3.42216814
0.40293041	-4.69103183
0.41025641	-4.63667123
0.41758242	-4.57530135
0.42490843	-5.03443798
0.43223444	-4.98720620
0.43956044	-5.39785303
0.44688645	-6.40318152
0.45421246	-6.64603555
0.46153847	-6.77055386
0.46886447	-7.14264545
0.47619048	-7.02404381
0.48351649	-6.90462828
0.49084250	-7.37159051
0.49816850	-7.98938672
0.50549451	-8.05919352
0.51282052	-8.20625061
0.52014652	-8.47130472
0.52747253	-8.52230982
0.53479854	-8.60637879
0.54212455	-8.46929176
0.54945055	-10.23915964
0.55677656	-15.91496903
0.56410257	-11.86481082
0.57142858	-9.08586386
0.57875458	-9.33741362
0.58608059	-8.90781059
0.59340660	-8.48856990
0.60073261	-8.83701955
0.60805861	-8.52694053
0.61538462	-8.54914049
0.62271063	-9.07835263
0.63003664	-8.84448419
0.63736264	-8.87244157
0.64468865	-9.49997188
0.65201466	-9.61303504
0.65934067	-9.78002854
0.66666667	-10.39399774
0.67399268	-10.75614802
0.68131869	-11.11518307
0.68864470	-11.67701320
0.69597070	-12.20137411
0.70329671	-12.81659362
0.71062272	-13.38035543
0.71794872	-13.90725817
0.72527473	-14.75969148
0.73260074	-15.30072227
0.73992675	-15.90868889
0.74725275	-18.82230314
0.75457876	-21.42475124
0.76190477	-18.59878339
0.76923078	-18.21927029
0.77655678	-19.09377876
0.78388279	-19.26829017
0.79120880	-20.01083654
0.79853481	-20.58148298
0.80586081	-20.98417383
0.81318682	-21.59498613
0.82051283	-21.75737795
0.82783884	-22.08212132
0.83516484	-22.28290865
0.84249085	-22.56761272
0.84981686	-22.91508369
0.85714287	-23.00359526
0.86446887	-23.45905274
0.87179488	-23.73231317
0.87912089	-24.05562830
0.88644689	-24.74921015
0.89377290	-24.86328535
0.90109891	-25.08424243
0.90842492	-25.59697691
0.91575092	-25.86742534
0.92307693	-26.21583434
0.93040294	-26.27631606
0.93772895	-26.39501991
0.94505495	-26.84678780
0.95238096	-26.97533501
0.95970697	-27.62765438
0.96703298	-28.49467728
0.97435898	-28.58752937
0.98168499	-30.27407315
0.98901100	-32.79160171
0.99633701	-31.36442245
1.00366301	-30.88238641
1.01098902	-31.70223873
1.01831503	-32.24143862
1.02564104	-32.98065084
1.03296704	-33.53249926
1.04029305	-34.24798691
1.04761906	-35.30522564
1.05494506	-35.72938666
1.06227107	-36.08776705
1.06959708	-36.80283328
1.07692309	-37.48855857
1.08424909	-38.72365218
1.09157510	-43.58194979
1.09890111	-66.81699847
1.10622712	-46.95916090
1.11355312	-47.26185920
1.12087913	-44.42266569
1.12820514	-42.33330698
1.13553115	-42.98340922
1.14285715	-43.86731183
1.15018316	-46.57331967
1.15750917	-53.09786391
1.16483518	-69.65665810
1.17216118	-51.65514295
1.17948719	-46.06596597
1.18681320	-45.75124800
1.19413921	-46.10413577
1.20146521	-47.76907069
1.20879122	-56.03065806
1.21611723	-50.31114730
1.22344323	-49.88575642
1.23076924	-57.21370584
1.23809525	-51.33362872
1.24542126	-50.35038444
1.25274726	-50.84599511
1.26007327	-50.18909406
1.26739928	-50.89969972
1.27472529	-51.13949341
1.28205129	-52.33863699
1.28937730	-53.78750605
1.29670331	-52.53427814
1.30402932	-53.36938219
1.31135532	-55.25217172
1.31868133	-55.96142963
1.32600734	-57.56863224
1.33333335	-57.27126900
1.34065935	-55.96196097
1.34798536	-57.40497200
1.35531137	-60.42576687
1.36263738	-60.17796734
1.36996338	-61.61823782
1.37728939	-65.21151119
1.38461540	-65.22441141
1.39194140	-68.43746839
1.39926741	-67.70378488
1.40659342	-67.67008088
1.41391943	-80.32977770
1.42124543	-64.99322480
1.42857144	-62.80722294
1.43589745	-63.49659032
1.44322346	-64.60512224
1.45054946	-66.24295991
1.45787547	-66.93211834
1.46520148	-69.24467095
1.47252749	-68.51117569
1.47985349	-65.78585567
1.48717950	-69.92267641
1.49450551	-73.93285385
1.50183152	-70.97699995
1.50915752	-75.50003444
1.51648353	-77.39056739
1.52380954	-70.61669573
1.53113555	-70.57879780
1.53846155	-73.30447791
1.54578756	-69.14221730
1.55311357	-68.57777050
1.56043957	-76.36585246
1.56776558	-75.59451558
1.57509159	-69.95786085
1.58241760	-70.61106013
1.58974360	-70.05679099
1.59706961	-70.06366789
1.60439562	-67.77165290
1.61172163	-69.04200104
1.61904763	-81.86266401
1.62637364	-76.32779054
1.63369965	-79.76942210
1.64102566	-78.69271285
1.64835166	-76.19464327
1.65567767	-74.11150908
1.66300368	-79.36285274
1.67032969	-73.61030023
1.67765569	-71.68600516
1.68498170	-75.45236236
1.69230771	-68.56897755
1.69963372	-72.38541747
1.70695972	-93.41643727
1.71428573	-84.50684110
1.72161174	-76.69443378
1.72893774	-82.21749721
1.73626375	-76.31378430
1.74358976	-74.97137380
1.75091577	-74.76171973
1.75824177	-78.54799052
1.76556778	-74.41475896
1.77289379	-69.17627665
1.78021980	-74.42983916
1.78754580	-83.16816231
1.79487181	-78.52413062
1.80219782	-79.77455231
1.80952383	-77.55610579
1.81684983	-80.75940149
1.82417584	-83.20289218
1.83150185	-75.85004720
1.83882786	-74.07759072
1.84615386	-79.22227593
1.85347987	-80.21758454
1.86080588	-73.48329001
1.86813189	-79.80356303
1.87545789	-77.55844956
1.88278390	-72.24497269
1.89010991	-75.45039880
1.89743592	-94.04247199
1.90476192	-74.43753341
1.91208793	-74.82261422
1.91941394	-91.25974867
1.92673994	-80.95683431
1.93406595	-81.37868329
1.94139196	-78.92428239
1.94871797	-78.13077453
1.95604397	-75.74521067
1.96336998	-79.54936780
1.97069599	-74.68599661
1.97802200	-73.79353527
1.98534800	-76.23048719
1.99267401	-76.71577675
2.00000002	-78.79824331
2.00732603	-84.75986862
2.01465203	-82.11192788
2.02197804	-76.29881901
2.02930405	-77.73909627
2.03663006	-88.46802501
2.04395606	-86.25915442
2.05128207	-77.47988219
2.05860808	-77.85276770
2.06593409	-84.69053891
2.07326009	-81.82295985
2.08058610	-76.42162695
2.08791211	-75.08327186
2.09523811	-73.67192248
2.10256412	-78.47802561
2.10989013	-84.81125633
2.11721614	-78.94457979
2.12454214	-75.78526408
2.13186815	-81.74169613
2.13919416	-82.58555930
2.14652017	-81.87451570
2.15384617	-72.83262155
2.16117218	-74.97505409
2.16849819	-79.98396244
2.17582420	-82.27914858
2.18315020	-77.68298487
2.19047621	-74.78308547
2.19780222	-75.33190493
2.20512823	-78.33389935
2.21245423	-80.19582998
2.21978024	-80.22239252
2.22710625	-82.93942679
2.23443226	-86.48097858
2.24175826	-83.77266988
2.24908427	-85.46650498
2.25641028	-84.69976515
2.26373628	-84.87196118
2.27106229	-75.30234730
2.27838830	-78.74980853
2.28571431	-79.30841415
2.29304031	-72.74564809
2.30036632	-77.69251450
2.30769233	-83.25017505
2.31501834	-76.75323918
2.32234434	-80.67643641
2.32967035	-87.49460270
2.33699636	-85.43506089
2.34432237	-82.22151486
2.35164837	-80.30530622
2.35897438	-79.87222942
2.36630039	-83.84715565
2.37362640	-76.26716151
2.38095240	-74.75734002
2.38827841	-76.56069321
2.39560442	-77.43821658
2.40293043	-85.10329308
2.41025643	-84.70995333
2.41758244	-90.56557011
2.42490845	-78.73558631
2.43223445	-80.55029377
2.43956046	-85.02171089
2.44688647	-81.01706753
2.45421248	-77.76234532
2.46153848	-79.50457912
2.46886449	-83.19434553
2.47619050	-85.67920220
2.48351651	-79.09209288
2.49084251	-77.89406946
2.49816852	-78.07893890
2.50549453	-75.30493344
2.51282054	-75.30188537
2.52014654	-81.46243491
2.52747255	-78.45178425
2.53479856	-78.00328333
2.54212457	-75.96308222
2.54945057	-71.36426139
2.55677658	-72.64976780
2.56410259	-77.63651617
2.57142860	-70.23815463
2.57875460	-72.25245497
2.58608061	-89.35174136
2.59340662	-79.43114833
2.60073262	-78.95043477
2.60805863	-78.65458261
2.61538464	-86.34012862
2.62271065	-80.76200153
2.63003665	-79.93924770
2.63736266	-82.04511582
2.64468867	-77.23986193
2.65201468	-74.01617444
2.65934068	-79.15884539
2.66666669	-75.41685241
2.67399270	-73.33496313
2.68131871	-82.44034404
2.68864471	-89.49413813
2.69597072	-86.08024370
2.70329673	-79.92818579
2.71062274	-83.45384091
2.71794874	-78.23295126
2.72527475	-74.12117479
2.73260076	-74.48537554
2.73992677	-78.92814944
2.74725277	-81.07712295
2.75457878	-80.32313213
2.76190479	-86.66779146
2.76923079	-81.21558887
2.77655680	-82.08149905
2.78388281	-83.41928933
2.79120882	-85.98227523
2.79853482	-76.97038427
2.80586083	-82.95640300
2.81318684	-84.80165916
2.82051285	-92.47084426
2.82783885	-75.87541498
2.83516486	-75.70053046
2.84249087	-83.44310145
2.84981688	-79.21995894
2.85714288	-72.93738631
2.86446889	-73.67317875
2.87179490	-79.23109111
2.87912091	-77.54282003
2.88644691	-86.38719601
2.89377292	-77.48504770
2.90109893	-75.05419988
2.90842494	-79.65395867
2.91575094	-78.64694859
2.92307695	-79.20139260
2.93040296	-87.55535141
2.93772896	-77.16487608
2.94505497	-77.84844725
2.95238098	-83.66703699
2.95970699	-76.06238065
2.96703299	-82.92155721
2.97435900	-79.88264520
2.98168501	-75.26106483
2.98901102	-76.94588982
2.99633702	-73.57454853
3.00366303	-75.73513227
3.01098904	-88.26454030
3.01831505	-82.79008879
3.02564105	-74.81282858
3.03296706	-74.07247368
3.04029307	-80.13580666
3.04761908	-89.43271804
3.05494508	-80.67629767
3.06227109	-82.12916345
3.06959710	-88.26661226
3.07692311	-77.96057929
3.08424911	-75.96207236
3.09157512	-81.81470723
3.09890113	-71.92127232
3.10622714	-72.07746746
3.11355314	-81.51065804
3.12087915	-96.82750707
3.12820516	-88.07085094
3.13553116	-79.34713574
3.14285717	-76.95378457
3.15018318	-76.00165683
3.15750919	-77.91974594
3.16483519	-82.49560071
3.17216120	-79.57585782
3.17948721	-81.96646844
3.18681322	-98.08794161
3.19413922	-84.38504630
3.20146523	-99.32414387
3.20879124	-80.89033789
3.21611725	-79.65930089
3.22344325	-79.93344728
3.23076926	-82.09477142
3.23809527	-83.25405587
3.24542128	-82.40585911
3.25274728	-92.66827584
3.26007329	-89.24448224
3.26739930	-93.85901445
3.27472531	-80.87946563
3.28205131	-76.28538749
3.28937732	-78.01962794
3.29670333	-83.08236435
3.30402933	-84.77342338
3.31135534	-82.96825305
3.31868135	-89.99126186
3.32600736	-82.33564323
3.33333336	-83.80400497
3.34065937	-89.83834258
3.34798538	-98.12767002
3.35531139	-86.27382414
3.36263739	-80.22028938
3.36996340	-77.56258074
3.37728941	-79.16851244
3.38461542	-76.78708187
3.39194142	-75.70337124
3.39926743	-82.26765239
3.40659344	-82.79923381
3.41391945	-75.82643214
3.42124545	-74.30005137
3.42857146	-76.97615616
3.43589747	-81.73512576
3.44322348	-74.75870428
3.45054948	-78.48961382
3.45787549	-90.37380225
3.46520150	-79.99092264
3.47252750	-78.78576068
3.47985351	-87.09204514
3.48717952	-83.62214348
3.49450553	-81.56921889
3.50183153	-84.23786714
3.50915754	-78.15581899
3.51648355	-74.93617941
3.52380956	-78.24126994
3.53113556	-89.17360474
3.53846157	-81.58879441
3.54578758	-77.65805715
3.55311359	-100.01401993
3.56043959	-75.71862079
3.56776560	-78.58343937
3.57509161	-78.29679417
3.58241762	-73.36675230
3.58974362	-77.32703736
3.59706963	-84.39170577
3.60439564	-76.33841476
3.61172165	-84.99087455
3.61904765	-76.04474643
3.62637366	-74.94750043
3.63369967	-78.23922075
3.64102567	-77.94137323
3.64835168	-86.17165178
3.65567769	-80.84026457
3.66300370	-80.10495658
3.67032970	-76.39987231
3.67765571	-79.82217361
3.68498172	-84.68811397
3.69230773	-88.41108059
3.69963373	-79.41885744
3.70695974	-76.86511966
3.71428575	-78.67024727
3.72161176	-80.38199130
3.72893776	-77.72495107
3.73626377	-76.85824596
3.74358978	-80.42754452
3.75091579	-83.90223855
3.75824179	-77.71133739
3.76556780	-75.56684618
3.77289381	-81.28271239
3.78021982	-98.57335016
3.78754582	-89.89089995
3.79487183	-79.21078615
3.80219784	-78.75404819
3.80952384	-90.74706986
3.81684985	-74.31342479
3.82417586	-76.04270691
3.83150187	-78.53503786
3.83882787	-75.98924331
3.84615388	-90.56085940
3.85347989	-82.48895159
3.86080590	-96.12543062
3.86813190	-79.36468026
3.87545791	-71.89722730
3.88278392	-69.90125512
3.89010993	-77.27836238
3.89743593	-77.78039432
3.90476194	-75.30272713
3.91208795	-87.89356365
3.91941396	-81.53204177
3.92673996	-74.54363004
3.93406597	-73.85352785
3.94139198	-86.76457954
3.94871799	-77.08706957
3.95604399	-75.67627490
3.96337000	-81.01196804
3.97069601	-77.91896311
3.97802201	-73.90019966
3.98534802	-73.84408852
3.99267403	-76.28844793
4.00000004	-76.08674049
4.00732604	-77.03938053
4.01465205	-77.66274780
4.02197806	-80.21821713
4.02930407	-78.88740574
4.03663007	-80.70415810
4.04395608	-90.27465832
4.05128209	-84.24442669
4.05860810	-92.08358919
4.06593410	-81.36437905
4.07326011	-83.41781351
4.08058612	-84.86219425
4.08791213	-78.81268194
4.09523813	-82.81218612
4.10256414	-81.82596918
4.10989015	-75.85495325
4.11721616	-78.39122512
4.12454216	-86.54486593
4.13186817	-84.36408881
4.13919418	-81.33612492
4.14652018	-82.90069063
4.15384619	-89.14558948
4.16117220	-82.65420806
4.16849821	-82.00416135
4.17582421	-84.37569566
4.18315022	-94.14363515
4.19047623	-82.75197034
4.19780224	-84.19736612
4.20512824	-82.01047642
4.21245425	-83.35349739
4.21978026	-85.21637944
4.22710627	-79.77113368
4.23443227	-83.25784213
4.24175828	-78.68414651
4.24908429	-77.00962996
4.25641030	-86.45294230
4.26373630	-79.72732561
4.27106231	-83.31416650
4.27838832	-81.05375255
4.28571433	-85.70512620
4.29304033	-83.72023399
4.30036634	-85.52029883
4.30769235	-87.87875013
4.31501836	-79.74986824
4.32234436	-81.99516427
4.32967037	-96.43915116
4.33699638	-79.05259835
4.34432238	-75.50326569
4.35164839	-75.86016882
4.35897440	-82.55884131
4.36630041	-79.02154307
4.37362641	-81.94571251
4.38095242	-86.65143400
4.38827843	-81.79937744
4.39560444	-92.88252266
4.40293044	-88.77817938
4.41025645	-82.39881246
4.41758246	-82.85863298
4.42490847	-87.38552908
4.43223447	-78.94849661
4.43956048	-87.91528971
4.44688649	-84.53097300
4.45421250	-81.99083678
4.46153850	-76.07609074
4.46886451	-74.78130051
4.47619052	-81.89504809
4.48351653	-84.31156656
4.49084253	-77.31011402
4.49816854	-80.21356315
4.50549455	-88.05492953
4.51282055	-76.14911131
4.52014656	-77.38019496
4.52747257	-86.64327312
4.53479858	-78.58882404
4.54212458	-79.62043021
4.54945059	-87.74397364
4.55677660	-89.78485664
4.56410261	-80.41250235
4.57142861	-81.19709818
4.57875462	-87.10019490
4.58608063	-75.55719971
4.59340664	-78.03383915
4.60073264	-86.28535066
4.60805865	-79.30196726
4.61538466	-95.46330576
4.62271067	-80.20574512
4.63003667	-85.01425321
4.63736268	-85.01089565
4.64468869	-79.84422018
4.65201470	-83.86725550
4.65934070	-90.45057448
4.66666671	-80.67566503
4.67399272	-77.22053832
4.68131872	-77.67475076
4.68864473	-79.40411287
4.69597074	-81.21268037
4.70329675	-86.19014210
4.71062275	-77.50188382
4.71794876	-75.76598675
4.72527477	-78.11811677
4.73260078	-81.63108553
4.73992678	-88.12759378
4.74725279	-80.72961470
4.75457880	-79.75578827
4.76190481	-92.61542375
4.76923081	-78.59081110
4.77655682	-82.70434288
4.78388283	-80.47931057
4.79120884	-82.31991483
4.79853484	-74.39420480
4.80586085	-77.71551021
4.81318686	-88.31920043
4.82051287	-89.35937814
4.82783887	-78.43392324
4.83516488	-95.51926931
4.84249089	-74.70461564
4.84981689	-73.95514607
4.85714290	-80.75291160
4.86446891	-81.90716880
4.87179492	-79.28452403
4.87912092	-77.50904894
4.88644693	-83.85552685
4.89377294	-87.67801512
4.90109895	-83.64436707
4.90842495	-83.91384025
4.91575096	-90.66163852
4.92307697	-97.76812512
4.93040298	-82.21167464
4.93772898	-77.19593977
4.94505499	-77.27808318
4.95238100	-79.70417467
4.95970701	-79.93937096
4.96703301	-78.23127451
4.97435902	-75.34389844
4.98168503	-82.64642954
4.98901104	-80.14261809
4.99633704	-76.73711383
5.00366305	-84.12261677
5.01098906	-83.02669878
5.01831506	-79.79308005
5.02564107	-91.91874303
5.03296708	-80.02283849
5.04029309	-78.03942534
5.04761909	-78.05990513
5.05494510	-79.45682028
5.06227111	-85.67220240
5.06959712	-77.46926621
5.07692312	-87.56662761
5.08424913	-88.44400778
5.09157514	-79.99479105
5.09890115	-77.64047546
5.10622715	-80.20603119
5.11355316	-70.57096520
5.12087917	-74.45604071
5.12820518	-86.88372944
5.13553118	-80.79377339
5.14285719	-96.90082900
5.15018320	-81.89840215
5.15750921	-76.03941549
5.16483521	-81.63332818
5.17216122	-83.83323411
5.17948723	-81.63542337
5.18681323	-78.48776700
5.19413924	-78.37839156
5.20146525	-83.26883873
5.20879126	-78.52846824
5.21611726	-79.02365373
5.22344327	-78.04891635
5.23076928	-77.38542750
5.23809529	-81.28801534
5.24542129	-83.39185847
5.25274730	-78.48040373
5.26007331	-79.86543228
5.26739932	-96.91061799
5.27472532	-94.73866669
5.28205133	-85.17393167
5.28937734	-80.10080269
5.29670335	-82.08257047
5.30402935	-82.84910294
5.31135536	-82.70897351
5.31868137	-76.35175589
5.32600738	-73.79602385
5.33333338	-78.00352501
5.34065939	-112.01375544
5.34798540	-89.58002072
5.35531140	-96.50140989
5.36263741	-82.40559836
5.36996342	-78.14949010
5.37728943	-82.32761784
5.38461543	-83.07537640
5.39194144	-79.68926113
5.39926745	-87.66786011
5.40659346	-88.28033434
5.41391946	-81.04078440
5.42124547	-79.15047484
5.42857148	-81.44554237
5.43589749	-79.68818393
5.44322349	-76.58934426
5.45054950	-80.63062241
5.45787551	-85.48020744
5.46520152	-77.46654528
5.47252752	-71.30228080
5.47985353	-71.27274663
5.48717954	-76.17554698
5.49450555	-84.94443793
5.50183155	-80.12677551
5.50915756	-78.49785210
5.51648357	-83.36905418
5.52380957	-85.24210326
5.53113558	-78.17848904
5.53846159	-74.83974152
5.54578760	-77.94358578
5.55311360	-83.05071973
5.56043961	-77.41741006
5.56776562	-79.19624755
5.57509163	-79.46475462
5.58241763	-79.94922394
5.58974364	-76.20093038
5.59706965	-74.91279317
5.60439566	-77.26440369
5.61172166	-76.84297970
5.61904767	-76.72265619
5.62637368	-80.20116673
5.63369969	-87.41756075
5.64102569	-90.90327457
5.64835170	-83.81131629
5.65567771	-84.33019624
5.66300372	-88.05049892
5.67032972	-83.47442131
5.67765573	-79.24960000
5.68498174	-76.79315453
5.69230775	-76.69524408
5.69963375	-83.76146430
5.70695976	-79.41819495
5.71428577	-75.01506520
5.72161177	-77.55316572
5.72893778	-83.34761019
5.73626379	-78.34541535
5.74358980	-79.34105357
5.75091580	-76.59657178
5.75824181	-72.68643511
5.76556782	-74.97259444
5.77289383	-79.88664818
5.78021983	-73.75564356
5.78754584	-77.68581333
5.79487185	-83.25283063
5.80219786	-90.57532489
5.80952386	-81.28951444
5.81684987	-82.27947629
5.82417588	-92.19790553
5.83150189	-88.84481919
5.83882789	-83.19944430
5.84615390	-90.41669773
5.85347991	-87.74122241
5.86080592	-92.16999439
5.86813192	-84.69490888
5.87545793	-78.20554917
5.88278394	-76.22756025
5.89010994	-81.23596893
5.89743595	-89.12130664
5.90476196	-84.04438680
5.91208797	-84.87209064
5.91941397	-76.59894428
5.92673998	-75.64855177
5.93406599	-78.66528095
5.94139200	-87.99463732
5.94871800	-80.44882560
5.95604401	-81.30570646
5.96337002	-89.32025472
5.97069603	-86.36617249
5.97802203	-99.33531650
5.98534804	-83.08779607
5.99267405	-87.39019274
6.00000006	-80.52005030
6.00732606	-77.36883390
6.01465207	-81.15243672
6.02197808	-80.69923012
6.02930409	-75.45166532
6.03663009	-79.22122435
6.04395610	-94.61472550
6.05128211	-88.08260931
6.05860811	-79.53941293
6.06593412	-85.31185017
6.07326013	-81.18026162
6.08058614	-83.77375581
6.08791214	-84.66547130
6.09523815	-83.81486842
6.10256416	-79.86597722
6.10989017	-81.22690162
6.11721617	-77.27759052
6.12454218	-72.21093373
6.13186819	-78.22348702
6.13919420	-83.84766233
6.14652020	-80.39577776
6.15384621	-77.55755608
6.16117222	-83.59672488
6.16849823	-87.27376671
6.17582423	-90.45098506
6.18315024	-80.99313743
6.19047625	-80.78210655
6.19780226	-93.23297742
6.20512826	-93.15950649
6.21245427	-89.35279381
6.21978028	-85.58884095
6.22710628	-80.24684077
6.23443229	-83.69378232
6.24175830	-83.08284568
6.24908431	-82.26722863
6.25641031	-83.13925923
6.26373632	-81.97183684
6.27106233	-83.67477398
6.27838834	-83.78540400
6.28571434	-79.26272804
6.29304035	-82.52853988
6.30036636	-83.31690729
6.30769237	-78.65162459
6.31501837	-81.95635678
6.32234438	-78.81949201
6.32967039	-79.32087529
6.33699640	-83.62931207
6.34432240	-83.64996778
6.35164841	-87.16134532
6.35897442	-83.73682827
6.36630043	-80.35879755
6.37362643	-80.81537079
6.38095244	-83.91366402
6.38827845	-80.19485199
6.39560445	-81.97837246
6.40293046	-82.89056855
6.41025647	-82.83657597
6.41758248	-85.53594430
6.42490848	-81.28066127
6.43223449	-78.57007551
6.43956050	-75.97709515
6.44688651	-76.30212158
6.45421251	-82.91060850
6.46153852	-84.16883923
6.46886453	-77.74271990
6.47619054	-85.28608284
6.48351654	-77.44441217
6.49084255	-75.65672456
6.49816856	-87.42086982
6.50549457	-83.81531788
6.51282057	-93.79069307
6.52014658	-78.83708746
6.52747259	-79.18412120
6.53479860	-99.61160189
6.54212460	-82.87590780
6.54945061	-85.58668291
6.55677662	-86.05399940
6.56410262	-78.42774070
6.57142863	-77.76953988
6.57875464	-84.86391761
6.58608065	-90.22497121
6.59340665	-89.86222017
6.60073266	-77.82128648
6.60805867	-76.53626831
6.61538468	-81.51549646
6.62271068	-83.96320841
6.63003669	-77.61873362
6.63736270	-79.70363065
6.64468871	-87.72372040
6.65201471	-79.08203322
6.65934072	-81.44952321
6.66666673	-83.10073033
6.67399274	-74.64173296
6.68131874	-77.11657513
6.68864475	-75.69912437
6.69597076	-75.83658268
6.70329677	-93.95393813
6.71062277	-82.54472134
6.71794878	-86.48103932
6.72527479	-83.60411173
6.73260079	-73.61268360
6.73992680	-74.76983735
6.74725281	-79.61144447
6.75457882	-77.59150809
6.76190482	-85.68677604
6.76923083	-88.59932546
6.77655684	-76.12872639
6.78388285	-75.47752800
6.79120885	-100.41730823
6.79853486	-78.06214369
6.80586087	-78.65045653
6.81318688	-81.25379905
6.82051288	-79.09976502
6.82783889	-78.02507141
6.83516490	-82.15988814
6.84249091	-84.59722106
6.84981691	-84.43566480
6.85714292	-81.75467836
6.86446893	-82.80331421
6.87179494	-82.55088803
6.87912094	-82.21340980
6.88644695	-81.49838589
6.89377296	-76.33442809
6.90109897	-75.56131447
6.90842497	-79.31185072
6.91575098	-82.44726589
6.92307699	-83.17783487
6.93040299	-81.20175122
6.93772900	-79.16304046
6.94505501	-81.03001896
6.95238102	-84.60999727
6.95970702	-83.45713742
6.96703303	-86.37867430
6.97435904	-81.47389510
6.98168505	-77.92128381
6.98901105	-81.80112627
6.99633706	-86.42657828
7.00366307	-80.54116627
7.01098908	-83.19309673
7.01831508	-82.42130903
7.02564109	-99.83333263
7.03296710	-93.92801533
7.04029311	-82.39558417
7.04761911	-75.95606124
7.05494512	-79.63036769
7.06227113	-82.28016259
7.06959714	-75.90774077
7.07692314	-77.28904996
7.08424915	-81.53447440
7.09157516	-82.88755097
7.09890116	-79.41800188
7.10622717	-84.91361487
7.11355318	-84.35808046
7.12087919	-82.15176825
7.12820519	-80.88369177
7.13553120	-74.44510626
7.14285721	-75.71036230
7.15018322	-78.48204796
7.15750922	-80.19112265
7.16483523	-78.89520924
7.17216124	-77.60065620
7.17948725	-77.94444854
7.18681325	-80.25969192
7.19413926	-86.59614952
7.20146527	-85.73518418
7.20879128	-102.45254404
7.21611728	-80.88599146
7.22344329	-78.94799274
7.23076930	-82.38843890
7.23809531	-86.86027441
7.24542131	-85.99397661
7.25274732	-83.77470168
7.26007333	-82.84728074
7.26739933	-83.08745167
7.27472534	-75.04691925
7.28205135	-74.27386933
7.28937736	-77.27865384
7.29670336	-82.22724486
7.30402937	-104.86626923
7.31135538	-90.85324282
7.31868139	-85.93879778
7.32600739	-79.26324399
7.33333340	-87.46242355
7.34065941	-84.75294766
7.34798542	-85.58667356
7.35531142	-92.55004667
7.36263743	-82.68085879
7.36996344	-79.85512309
7.37728945	-88.84617856
7.38461545	-74.88074369
7.39194146	-75.71853046
7.39926747	-88.95966328
7.40659348	-79.93514315
7.41391948	-79.07377311
7.42124549	-79.54735509
7.42857150	-91.67973776
7.43589750	-88.38504747
7.44322351	-79.60009399
7.45054952	-90.19559148
7.45787553	-77.26470863
7.46520153	-79.18420899
7.47252754	-75.82789353
7.47985355	-72.98986564
7.48717956	-82.57319332
7.49450556	-99.37156856
7.50183157	-77.92531779
7.50915758	-74.22240240
7.51648359	-85.49017374
7.52380959	-77.05899241
7.53113560	-77.48493510
7.53846161	-91.62830508
7.54578762	-88.05543674
7.55311362	-81.28641937
7.56043963	-83.56895724
7.56776564	-84.29952338
7.57509165	-78.62133906
7.58241765	-92.72993024
7.58974366	-81.41316541
7.59706967	-81.72515972
7.60439567	-90.26307908
7.61172168	-91.94778512
7.61904769	-88.61472838
7.62637370	-80.11294661
7.63369970	-78.26084534
7.64102571	-80.37225680
7.64835172	-80.93292447
7.65567773	-78.11048001
7.66300373	-77.67901060
7.67032974	-81.98357140
7.67765575	-91.80097625
7.68498176	-79.61147559
7.69230776	-80.13443350
7.69963377	-90.98653034
7.70695978	-93.52519077
7.71428579	-89.41699873
7.72161179	-84.17370948
7.72893780	-81.39771040
7.73626381	-75.59062476
7.74358982	-81.28672548
7.75091582	-77.64432761
7.75824183	-79.38797953
7.76556784	-78.84790916
7.77289384	-72.17333779
7.78021985	-78.08727015
7.78754586	-79.54211748
7.79487187	-75.32122431
7.80219787	-76.01131185
7.80952388	-76.02519119
7.81684989	-78.26464307
7.82417590	-82.83839571
7.83150190	-73.95121803
7.83882791	-74.72726622
7.84615392	-81.79374252
7.85347993	-78.62835474
7.86080593	-77.89698193
7.86813194	-80.31595559
7.87545795	-78.37382705
7.88278396	-80.43910057
7.89010996	-85.40801587
7.89743597	-82.01996619
7.90476198	-87.28896318
7.91208799	-92.47884586
7.91941399	-79.67624455
7.92674000	-81.62546422
7.93406601	-87.66857834
7.94139201	-83.62053904
7.94871802	-84.94809457
7.95604403	-82.31656342
7.96337004	-81.39137552
7.97069604	-84.29492248
7.97802205	-87.96050587
7.98534806	-85.55410394
7.99267407	-89.55006905
8.00000007	-83.71033250
8.00732608	-91.40578745
8.01465209	-81.29351224
8.02197810	-92.78857152
8.02930410	-80.94682332
8.03663011	-78.44632438
8.04395612	-81.92743234
8.05128213	-83.66997499
8.05860813	-82.01538220
8.06593414	-80.78511307
8.07326015	-83.29567481
8.08058616	-89.52188442
8.08791216	-83.19741134
8.09523817	-84.30741181
8.10256418	-82.96469778
8.10989019	-84.93502561
8.11721619	-76.82577126
8.12454220	-77.40327132
8.13186821	-87.53878459
8.13919421	-79.61059933
8.14652022	-85.26404848
8.15384623	-82.41558322
8.16117224	-82.48451690
8.16849824	-80.12789051
8.17582425	-78.10848508
8.18315026	-85.13448289
8.19047627	-88.92718419
8.19780227	-81.90087159
8.20512828	-85.25064801
8.21245429	-86.50906240
8.21978030	-84.55801449
8.22710630	-86.27185774
8.23443231	-81.44040469
8.24175832	-84.18835508
8.24908433	-89.49706902
8.25641033	-97.55981514
8.26373634	-87.23911390
8.27106235	-79.97360800
8.27838836	-81.88439286
8.28571436	-84.12519462
8.29304037	-78.40802176
8.30036638	-81.08567485
8.30769238	-87.38420799
8.31501839	-89.46674287
8.32234440	-88.78414746
8.32967041	-94.59105352
8.33699641	-86.45375862
8.34432242	-78.11196150
8.35164843	-76.45604029
8.35897444	-78.78588449
8.36630044	-80.76749572
8.37362645	-78.17829296
8.38095246	-79.28861346
8.38827847	-89.30155634
8.39560447	-87.33199623
8.40293048	-93.88992496
8.41025649	-82.63386992
8.41758250	-77.81416011
8.42490850	-77.58819161
8.43223451	-82.24719921
8.43956052	-77.95727862
8.44688653	-82.55532719
8.45421253	-82.64091569
8.46153854	-81.33075388
8.46886455	-86.91286121
8.47619055	-80.24825703
8.48351656	-86.27865327
8.49084257	-81.44052328
8.49816858	-78.71149671
8.50549458	-75.00843373
8.51282059	-77.85698568
8.52014660	-94.03612449
8.52747261	-79.79661961
8.53479861	-81.28118200
8.54212462	-95.68839929
8.54945063	-84.47543216
8.55677664	-93.74928690
8.56410264	-84.76871498
8.57142865	-81.49645569
8.57875466	-79.93701425
8.58608067	-81.00469718
8.59340667	-75.77918539
8.60073268	-81.68354046
8.60805869	-89.03029694
8.61538470	-86.27462326
8.62271070	-95.22510723
8.63003671	-83.28655724
8.63736272	-78.72486116
8.64468872	-85.03912298
8.65201473	-94.66242947
8.65934074	-84.07809014
8.66666675	-80.68881100
8.67399275	-85.76885614
8.68131876	-88.06920654
8.68864477	-81.00962628
8.69597078	-80.19929732
8.70329678	-93.61372277
8.71062279	-86.10422045
8.71794880	-96.25654145
8.72527481	-83.67700635
8.73260081	-81.86082824
8.73992682	-80.54632454
8.74725283	-91.17171332
8.75457884	-82.87581536
8.76190484	-80.81048388
8.76923085	-84.11105314
8.77655686	-91.88843237
8.78388287	-81.52231995
8.79120887	-78.38766323
8.79853488	-84.22996291
8.80586089	-84.44250724
8.81318689	-84.53343925
8.82051290	-100.23349830
8.82783891	-91.89384615
8.83516492	-92.21421373
8.84249092	-83.57677261
8.84981693	-88.51018296
8.85714294	-85.75838769
8.86446895	-90.46616509
8.87179495	-80.82208430
8.87912096	-77.25369891
8.88644697	-79.51568892
8.89377298	-93.82197591
8.90109898	-82.77480561
8.90842499	-83.49620580
8.91575100	-85.32294094
8.92307701	-87.73025209
8.93040301	-90.42017352
8.93772902	-82.99517504
8.94505503	-79.12207634
8.95238104	-83.69960747
8.95970704	-98.50460902
8.96703305	-95.56855040
8.97435906	-91.69027461
8.98168506	-100.49532635
8.98901107	-87.53439974
8.99633708	-76.74359450
9.00366309	-73.17771010
9.01098909	-74.65762921
9.01831510	-77.47178418
9.02564111	-85.23993554
9.03296712	-84.58637907
9.04029312	-86.47000511
9.04761913	-98.90902228
9.05494514	-86.36450214
9.06227115	-82.03143330
9.06959715	-95.54008783
9.07692316	-81.52302137
9.08424917	-83.92708347
9.09157518	-90.11332601
9.09890118	-89.24364372
9.10622719	-90.20321568
9.11355320	-90.55023504
9.12087921	-75.89187524
9.12820521	-72.87413716
9.13553122	-78.15397604
9.14285723	-92.44367485
9.15018323	-90.90927556
9.15750924	-93.16985628
9.16483525	-82.36318831
9.17216126	-76.98891859
9.17948726	-82.55364492
9.18681327	-78.05777709
9.19413928	-75.74523646
9.20146529	-95.95926007
9.20879129	-76.86395857
9.21611730	-77.48928970
9.22344331	-75.44679127
9.23076932	-78.10519780
9.23809532	-82.77783423
9.24542133	-75.45233853
9.25274734	-78.28072652
9.26007335	-78.72630482
9.26739935	-79.77614470
9.27472536	-87.22972343
9.28205137	-101.50342147
9.28937738	-90.83744500
9.29670338	-90.93842838
9.30402939	-97.29113434
9.31135540	-88.08820621
9.31868141	-78.28402242
9.32600741	-76.62589785
9.33333342	-86.10636827
9.34065943	-85.07647435
9.34798543	-84.13001744
9.35531144	-82.79273968
9.36263745	-79.55249838
9.36996346	-83.89262480
9.37728946	-84.11599924
9.38461547	-81.99145636
9.39194148	-79.08726148
9.39926749	-81.53677340
9.40659349	-87.59535690
9.41391950	-96.77097855
9.42124551	-81.25105546
9.42857152	-77.09945727
9.43589752	-79.13606235
9.44322353	-85.19311796
9.45054954	-87.81061085
9.45787555	-76.83618164
9.46520155	-76.27047290
9.47252756	-78.59493380
9.47985357	-80.71403861
9.48717958	-94.20703621
9.49450558	-79.53017790
9.50183159	-81.94619413
9.50915760	-86.83262099
9.51648360	-89.99768901
9.52380961	-84.48432358
9.53113562	-86.55540168
9.53846163	-89.38855537
9.54578763	-80.63412124
9.55311364	-85.34835927
9.56043965	-92.96759811
9.56776566	-91.89383522
9.57509166	-77.87452316
9.58241767	-77.34771062
9.58974368	-80.53797024
9.59706969	-83.99459653
9.60439569	-79.97976034
9.61172170	-76.80618932
9.61904771	-83.19855096
9.62637372	-90.28811280
9.63369972	-84.35269810
9.64102573	-79.53487366
9.64835174	-86.48447081
9.65567775	-80.92318768
9.66300375	-78.32692882
9.67032976	-86.04872626
9.67765577	-91.47062923
9.68498177	-84.10933144
9.69230778	-80.93452255
9.69963379	-79.25547055
9.70695980	-77.31645944
9.71428580	-77.84159104
9.72161181	-81.43682342
9.72893782	-77.99930914
9.73626383	-76.80723457
9.74358983	-86.71387815
9.75091584	-82.01106376
9.75824185	-94.25626161
9.76556786	-87.73460155
9.77289386	-88.63289549
9.78021987	-77.84719522
9.78754588	-80.41180810
9.79487189	-84.60925787
9.80219789	-87.89036473
9.80952390	-83.09120909
9.81684991	-77.63104298
9.82417592	-82.32311811
9.83150192	-82.67992546
9.83882793	-83.15861687
9.84615394	-91.08839973
9.85347994	-85.69549865
9.86080595	-108.74607115
9.86813196	-89.26227211
9.87545797	-90.99252016
9.88278397	-82.53129457
9.89010998	-83.70511266
9.89743599	-74.03232683
9.90476200	-75.14034943
9.91208800	-80.96853567
9.91941401	-81.18522501
9.92674002	-85.67753283
9.93406603	-80.33330301
9.94139203	-84.32697862
9.94871804	-73.57127100
9.95604405	-75.93477111
9.96337006	-92.39369481
9.97069606	-77.60746660
9.97802207	-81.79737361
9.98534808	-79.37571710
9.99267409	-78.12516080
10.00000009	-88.12022092
10.00732610	-78.36073740
10.01465211	-80.06137039
10.02197811	-92.34292707
10.02930412	-86.21096069
10.03663013	-79.35745861
10.04395614	-76.79642738
10.05128214	-77.75345141
10.05860815	-84.97281050
10.06593416	-87.83028112
10.07326017	-80.29936455
10.08058617	-84.41130405
10.08791218	-83.33735353
10.09523819	-75.20476834
10.10256420	-73.64136512
10.10989020	-72.86011129
10.11721621	-75.63455069
10.12454222	-82.78423215
10.13186823	-79.11274102
10.13919423	-75.13055658
10.14652024	-77.50000975
10.15384625	-88.80050902
10.16117226	-82.00740819
10.16849826	-80.40623997
10.17582427	-76.30964168
10.18315028	-79.92340650
10.19047628	-86.67207822
10.19780229	-84.43513928
10.20512830	-80.27786572
10.21245431	-83.16434702
10.21978031	-86.79149184
10.22710632	-79.68212910
10.23443233	-79.16062923
10.24175834	-81.38663576
10.24908434	-84.12751167
10.25641035	-77.57498044
10.26373636	-80.93583938
10.27106237	-84.31897686
10.27838837	-95.35683319
10.28571438	-86.83436424
10.29304039	-85.84262510
10.30036640	-78.11766306
10.30769240	-80.49752984
10.31501841	-89.20921903
10.32234442	-79.90985354
10.32967043	-77.90612476
10.33699643	-91.24450427
10.34432244	-75.32835300
10.35164845	-78.23673500
10.35897445	-89.08510743
10.36630046	-84.19419624
10.37362647	-86.29499621
10.38095248	-98.68384213
10.38827848	-78.28447267
10.39560449	-76.34523920
10.40293050	-81.39184916
10.41025651	-91.10201253
10.41758251	-85.98942521
10.42490852	-90.36122036
10.43223453	-94.26610093
10.43956054	-101.40601877
10.44688654	-87.71167495
10.45421255	-93.26126356
10.46153856	-79.76022369
10.46886457	-80.17195796
10.47619057	-91.48053884
10.48351658	-82.27542994
10.49084259	-86.62129062
10.49816860	-87.86243593
10.50549460	-102.14510250
10.51282061	-88.46483382
10.52014662	-90.40876081
10.52747263	-86.78788118
10.53479863	-80.53665659
10.54212464	-83.06657677
10.54945065	-88.87955966
10.55677665	-82.02692142
10.56410266	-78.88403216
10.57142867	-88.48279740
10.57875468	-81.28976601
10.58608068	-86.44650825
10.59340669	-81.05738375
10.60073270	-82.95896263
10.60805871	-92.74882015
10.61538471	-86.85334191
10.62271072	-80.81141896
10.63003673	-82.15909381
10.63736274	-89.61909915
10.64468874	-116.73161866
10.65201475	-94.56533194
10.65934076	-90.24767228
10.66666677	-95.96641014
10.67399277	-84.24455525
10.68131878	-81.90913626
10.68864479	-90.37946671
10.69597080	-82.91239362
10.70329680	-103.15516408
10.71062281	-80.61327505
10.71794882	-83.13671739
10.72527482	-94.95145674
10.73260083	-81.75279907
10.73992684	-83.02838988
10.74725285	-90.66524158
10.75457885	-81.40032633
10.76190486	-86.05904512
10.76923087	-90.40437153
10.77655688	-82.66369656
10.78388288	-83.46169938
10.79120889	-83.19281218
10.79853490	-84.66303336
10.80586091	-80.62096506
10.81318691	-79.37258814
10.82051292	-83.78244870
10.82783893	-86.04136968
10.83516494	-85.27180855
10.84249094	-84.48624601
10.84981695	-88.27596323
10.85714296	-87.02911305
10.86446897	-85.56244397
10.87179497	-77.67761894
10.87912098	-73.97340206
10.88644699	-74.24921695
10.89377299	-78.31422619
10.90109900	-83.82576992
10.90842501	-84.26229921
10.91575102	-79.83365738
10.92307702	-79.97128626
10.93040303	-92.91486120
10.93772904	-82.16143892
10.94505505	-82.90426082
10.95238105	-84.79580387
10.95970706	-91.20843752
10.96703307	-79.36891887
10.97435908	-81.66208559
10.98168508	-89.22253465
10.98901109	-83.40541462
10.99633710	-83.13955473
11.00366311	-88.36649832
11.01098911	-89.81438593
11.01831512	-79.02883676
11.02564113	-81.78253667
11.03296714	-81.47366140
11.04029314	-78.45344187
11.04761915	-80.79123959
11.05494516	-75.11759455
11.06227116	-79.18046101
11.06959717	-80.03398701
11.07692318	-77.60994522
11.08424919	-86.13198979
11.09157519	-90.41787510
11.09890120	-103.79306408
11.10622721	-79.85795570
11.11355322	-78.27260966
11.12087922	-89.25453205
11.12820523	-87.49556617
11.13553124	-94.44110649
11.14285725	-85.91013747
11.15018325	-81.68688192
11.15750926	-81.37743372
11.16483527	-80.84236627
11.17216128	-80.12967198
11.17948728	-80.28993848
11.18681329	-87.86289665
11.19413930	-78.26193507
11.20146531	-75.43469851
11.20879131	-83.85659409
11.21611732	-87.96072105
11.22344333	-84.45913973
11.23076933	-77.80843049
11.23809534	-80.63672545
11.24542135	-99.80534996
11.25274736	-94.36188932
11.26007336	-87.71586035
11.26739937	-88.91161980
11.27472538	-80.58980073
11.28205139	-85.90935195
11.28937739	-97.23162891
11.29670340	-86.08488668
11.30402941	-80.48164444
11.31135542	-91.79421020
11.31868142	-82.56666987
11.32600743	-91.29529735
11.33333344	-82.49237352
11.34065945	-84.76943796
11.34798545	-87.48938251
11.35531146	-85.77740944
11.36263747	-87.81401102
11.36996348	-87.63244420
11.37728948	-98.12766409
11.38461549	-97.74486370
11.39194150	-88.46816224
11.39926750	-82.34201994
11.40659351	-85.13532318
11.41391952	-91.79904625
11.42124553	-82.62865975
11.42857153	-87.03447629
11.43589754	-94.53648088
11.44322355	-87.39767792
11.45054956	-80.72708094
11.45787556	-78.11676178
11.46520157	-78.07175033
11.47252758	-81.10383287
11.47985359	-86.93436312
11.48717959	-87.00778489
11.49450560	-85.74384002
11.50183161	-84.22411398
11.50915762	-93.04209518
11.51648362	-84.05702639
11.52380963	-83.44213366
11.53113564	-87.98153908
11.53846165	-79.47468569
11.54578765	-85.77578200
11.55311366	-101.38164968
11.56043967	-87.82895238
11.56776567	-78.06091747
11.57509168	-75.27898438
11.58241769	-75.69002374
11.58974370	-80.17268941
11.59706970	-86.47599062
11.60439571	-88.14975398
11.61172172	-80.45775471
11.61904773	-83.49346309
11.62637373	-84.77389953
11.63369974	-93.25231483
11.64102575	-82.29062290
11.64835176	-85.75525643
11.65567776	-86.68023654
11.66300377	-92.05437352
11.67032978	-83.14475983
11.67765579	-86.76874551
11.68498179	-89.73049958
11.69230780	-86.74118326
11.69963381	-89.32274396
11.70695982	-82.99580371
11.71428582	-76.21411285
11.72161183	-76.37577650
11.72893784	-78.29870357
11.73626385	-86.10351830
11.74358985	-81.24898576
11.75091586	-79.82847102
11.75824187	-92.07118876
11.76556787	-90.33276735
11.77289388	-88.40041155
11.78021989	-87.61986988
11.78754590	-79.20658981
11.79487190	-81.39216771
11.80219791	-83.17299226
11.80952392	-79.48631244
11.81684993	-89.97322122
11.82417593	-84.13001006
11.83150194	-82.38500987
11.83882795	-80.17905498
11.84615396	-89.87274199
11.85347996	-80.64978809
11.86080597	-86.42546220
11.86813198	-83.24091475
11.87545799	-88.23162254
11.88278399	-80.10304151
11.89011000	-75.87336577
11.89743601	-77.48895780
11.90476202	-77.68436620
11.91208802	-83.35590488
11.91941403	-82.25369570
11.92674004	-87.89344157
11.93406604	-87.39479081
11.94139205	-87.14566441
11.94871806	-95.53917131
11.95604407	-84.83668763
11.96337007	-82.85913168
11.97069608	-80.53248627
11.97802209	-82.38507637
11.98534810	-82.47832790
11.99267410	-82.28652267
12.00000011	-78.25273022
12.00732612	-78.06007457
12.01465213	-80.49580557
12.02197813	-73.32933612
12.02930414	-76.86464056
12.03663015	-92.71312452
12.04395616	-87.99517034
12.05128216	-91.22798103
12.05860817	-87.01337118
12.06593418	-86.74006361
12.07326019	-88.47796243
12.08058619	-85.80464135
12.08791220	-82.09603279
12.09523821	-81.97623164
12.10256421	-78.16877326
12.10989022	-77.69994903
12.11721623	-81.52714815
12.12454224	-99.04138004
12.13186824	-81.62106339
12.13919425	-81.18923654
12.14652026	-78.97957886
12.15384627	-81.13162636
12.16117227	-84.00594764
12.16849828	-82.96375065
12.17582429	-82.73964967
12.18315030	-78.44268437
12.19047630	-96.60438876
12.19780231	-78.69314225
12.20512832	-79.40507170
12.21245433	-99.06475388
12.21978033	-83.44578108
12.22710634	-80.42983680
12.23443235	-79.33153697
12.24175836	-82.60898190
12.24908436	-85.83873383
12.25641037	-84.08451952
12.26373638	-86.30463055
12.27106238	-84.96148525
12.27838839	-86.45524399
12.28571440	-85.50989294
12.29304041	-85.23717803
12.30036641	-87.19894204
12.30769242	-75.59378816
12.31501843	-73.84438964
12.32234444	-78.58729954
12.32967044	-91.55317287
12.33699645	-83.88895219
12.34432246	-94.53247288
12.35164847	-95.50641405
12.35897447	-80.92461034
12.36630048	-78.63808977
12.37362649	-87.20099498
12.38095250	-86.56170841
12.38827850	-81.00724589
12.39560451	-83.16592036
12.40293052	-83.75449570
12.41025653	-78.44504842
12.41758253	-83.11351699
12.42490854	-93.31805790
12.43223455	-84.39499378
12.43956055	-85.10773649
12.44688656	-86.99347131
12.45421257	-87.27053048
12.46153858	-89.96129430
12.46886458	-100.67964006
12.47619059	-86.06356588
12.48351660	-79.12222243
12.49084261	-76.99595496
12.49816861	-82.88654526
12.50549462	-89.17424920
12.51282063	-84.17041412
12.52014664	-81.28373250
12.52747264	-82.95358338
12.53479865	-87.17659053
12.54212466	-83.99979547
12.54945067	-82.73032905
12.55677667	-78.88292846
12.56410268	-78.63389674
12.57142869	-92.20040696
12.57875470	-80.89840790
12.58608070	-80.03415936
12.59340671	-77.61036842
12.60073272	-82.27636727
12.60805872	-86.78310671
12.61538473	-87.36574234
12.62271074	-78.63436188
12.63003675	-74.19380804
12.63736275	-78.92903706
12.64468876	-90.29846646
12.65201477	-79.90438420
12.65934078	-82.42839798
12.66666678	-88.38066986
12.67399279	-79.16282989
12.68131880	-77.60288095
12.68864481	-83.89915897
12.69597081	-88.78084487
12.70329682	-87.65267857
12.71062283	-86.19787823
12.71794884	-77.65419487
12.72527484	-79.89551335
12.73260085	-93.42842499
12.73992686	-78.25569658
12.74725287	-77.01989828
12.75457887	-82.04140169
12.76190488	-83.02932272
12.76923089	-76.79155618
12.77655689	-79.00731540
12.78388290	-87.39546629
12.79120891	-82.67039016
12.79853492	-85.82617814
12.80586092	-77.12735626
12.81318693	-76.66894015
12.82051294	-75.95911612
12.82783895	-76.01075235
12.83516495	-81.14542896
12.84249096	-92.82038760
12.84981697	-81.40819570
12.85714298	-75.40851697
12.86446898	-75.96303262
12.87179499	-80.39258534
12.87912100	-83.40765038
12.88644701	-83.01055341
12.89377301	-80.16358039
12.90109902	-79.33141397
12.90842503	-84.68988683
12.91575104	-104.72642062
12.92307704	-86.80379203
12.93040305	-78.07060819
12.93772906	-77.83337574
12.94505507	-84.17331902
12.95238107	-81.93160567
12.95970708	-88.14209306
12.96703309	-84.76665869
12.97435909	-84.95672478
12.98168510	-78.11287413
12.98901111	-74.59747929
12.99633712	-78.58232560
13.00366312	-85.55691651
13.01098913	-81.75796828
13.01831514	-82.46754012
13.02564115	-75.19235709
13.03296715	-82.29472939
13.04029316	-82.70243232
13.04761917	-83.21221624
13.05494518	-88.31326133
13.06227118	-97.07950008
13.06959719	-79.83910529
13.07692320	-76.93774746
13.08424921	-90.72005881
13.09157521	-76.01763354
13.09890122	-73.17809682
13.10622723	-81.63083587
13.11355324	-80.09013403
13.12087924	-78.84789638
13.12820525	-89.70224261
13.13553126	-85.22587190
13.14285726	-88.89167083
13.15018327	-83.54499194
13.15750928	-92.61048983
13.16483529	-83.41136264
13.17216129	-94.97143622
13.17948730	-86.93875206
13.18681331	-83.71307574
13.19413932	-85.75921905
13.20146532	-83.03689525
13.20879133	-88.40193651
13.21611734	-79.27727849
13.22344335	-76.68632475
13.23076935	-84.38931634
13.23809536	-78.83822429
13.24542137	-76.83145059
13.25274738	-80.05649810
13.26007338	-84.40372610
13.26739939	-80.15183116
13.27472540	-74.38414806
13.28205141	-73.84700958
13.28937741	-79.82102127
13.29670342	-87.04669223
13.30402943	-88.98593434
13.31135543	-90.43731218
13.31868144	-87.16851165
13.32600745	-90.83015843
13.33333346	-93.68741426
13.34065946	-85.51769262
13.34798547	-79.85604333
13.35531148	-83.62483270
13.36263749	-90.52426113
13.36996349	-80.52167953
13.37728950	-81.18526790
13.38461551	-87.38872485
13.39194152	-93.37543549
13.39926752	-88.01791777
13.40659353	-79.85534664
13.41391954	-78.31963225
13.42124555	-79.48529762
13.42857155	-78.98260884
13.43589756	-81.23140176
13.44322357	-83.48373174
13.45054958	-76.96730436
13.45787558	-79.00557071
13.46520159	-82.06083788
13.47252760	-76.84654589
13.47985360	-79.42432902
13.48717961	-84.06071056
13.49450562	-85.10985865
13.50183163	-96.67691334
13.50915763	-82.96250634
13.51648364	-78.54399934
13.52380965	-90.00907953
13.53113566	-81.69033875
13.53846166	-83.96681968
13.54578767	-78.27526844
13.55311368	-79.15412723
13.56043969	-87.59966360
13.56776569	-79.04321676
13.57509170	-93.55915226
13.58241771	-82.12422598
13.58974372	-87.50229038
13.59706972	-83.84297477
13.60439573	-86.79224035
13.61172174	-79.28305068
13.61904775	-76.08386180
13.62637375	-85.42321108
13.63369976	-84.53412451
13.64102577	-83.48709437
13.64835177	-76.70039056
13.65567778	-88.82424201
13.66300379	-81.39259195
13.67032980	-87.31162194
13.67765580	-85.67017528
13.68498181	-89.23516009
13.69230782	-87.78448995
13.69963383	-87.26505469
13.70695983	-82.63383161
13.71428584	-82.36064328
13.72161185	-91.21156106
13.72893786	-81.82568259
13.73626386	-88.98919484
13.74358987	-98.49827847
13.75091588	-79.10070329
13.75824189	-74.00019299
13.76556789	-76.32173987
13.77289390	-82.51312257
13.78021991	-79.73913604
13.78754592	-77.73567268
13.79487192	-80.75367242
13.80219793	-83.51056135
13.80952394	-79.96376616
13.81684994	-82.59591735
13.82417595	-91.18895059
13.83150196	-83.89530697
13.83882797	-78.87956962
13.84615397	-78.01168825
13.85347998	-86.29608868
13.86080599	-82.33973531
13.86813200	-79.54945832
13.87545800	-93.07793156
13.88278401	-76.44984427
13.89011002	-76.35863890
13.89743603	-77.06809975
13.90476203	-77.00868492
13.91208804	-83.51546871
13.91941405	-93.39974824
13.92674006	-88.84941554
13.93406606	-95.83737792
13.94139207	-82.10679556
13.94871808	-80.49351561
13.95604409	-87.48556857
13.96337009	-84.00407534
13.97069610	-78.16573692
13.97802211	-83.50270964
13.98534811	-78.99899456
13.99267412	-78.70438377
14.00000013	-95.49399129
14.00732614	-77.78285754
14.01465214	-78.42697343
14.02197815	-96.02090891
14.02930416	-81.69564253
14.03663017	-82.73201557
14.04395617	-91.20007941
14.05128218	-90.41943927
14.05860819	-86.75997541
14.06593420	-84.12486526
14.07326020	-88.39024040
14.08058621	-79.99195130
14.08791222	-79.89537744
14.09523823	-88.09097497
14.10256423	-80.62765378
14.10989024	-85.65031955
14.11721625	-93.62033330
14.12454226	-87.71204042
14.13186826	-78.46474766
14.13919427	-81.34909851
14.14652028	-98.50024546
14.15384629	-87.55884505
14.16117229	-78.86140773
14.16849830	-82.39841668
14.17582431	-88.26598030
14.18315031	-97.13765323
14.19047632	-79.95978402
14.19780233	-80.99628804
14.20512834	-84.46429354
14.21245434	-78.62421485
14.21978035	-82.63550737
14.22710636	-76.40656682
14.23443237	-81.82893877
14.24175837	-85.07180267
14.24908438	-82.85443736
14.25641039	-83.12924684
14.26373640	-76.91104896
14.27106240	-78.04721106
14.27838841	-85.15719470
14.28571442	-88.21971912
14.29304043	-89.34474044
14.30036643	-97.13745406
14.30769244	-92.27136136
14.31501845	-92.22472826
14.32234446	-83.17057852
14.32967046	-83.74174803
14.33699647	-99.20870414
14.34432248	-88.70366632
14.35164848	-92.38706415
14.35897449	-88.33962760
14.36630050	-85.87156328
14.37362651	-90.66494625
14.38095251	-101.17700073
14.38827852	-83.07913430
14.39560453	-80.00252436
14.40293054	-86.29414821
14.41025654	-79.99102621
14.41758255	-82.65048482
14.42490856	-81.14961354
14.43223457	-82.58828779
14.43956057	-80.96174124
14.44688658	-77.16589166
14.45421259	-85.36645155
14.46153860	-77.30097350
14.46886460	-79.65992814
14.47619061	-81.20588151
14.48351662	-85.78814723
14.49084263	-88.84717985
14.49816863	-86.03133414
14.50549464	-88.88042266
14.51282065	-100.09924009
14.52014665	-86.61971016
14.52747266	-81.53742142
14.53479867	-76.25219132
14.54212468	-75.90248398
14.54945068	-82.67446948
14.55677669	-84.09026627
14.56410270	-86.37929155
14.57142871	-90.27776874
14.57875471	-95.57928916
14.58608072	-90.00819553
14.59340673	-93.69904918
14.60073274	-88.03210368
14.60805874	-88.02901344
14.61538475	-80.42073558
14.62271076	-87.24581687
14.63003677	-84.42097132
14.63736277	-86.84896810
14.64468878	-86.83377157
14.65201479	-90.69200260
14.65934080	-79.79766836
14.66666680	-79.95723146
14.67399281	-95.46439121
14.68131882	-95.33730797
14.68864482	-77.89524589
14.69597083	-75.61627618
14.70329684	-88.95706347
14.71062285	-79.05841660
14.71794885	-85.46840354
14.72527486	-85.43325209
14.73260087	-85.28826039
14.73992688	-83.13994959
14.74725288	-92.22622314
14.75457889	-88.46908112
14.76190490	-84.57955236
14.76923091	-83.54840880
14.77655691	-90.45899734
14.78388292	-84.45615300
14.79120893	-78.95993184
14.79853494	-85.66439445
14.80586094	-81.81732663
14.81318695	-79.38200192
14.82051296	-80.80548529
14.82783897	-76.56534549
14.83516497	-83.24264843
14.84249098	-96.85342860
14.84981699	-86.65044331
14.85714299	-85.82533331
14.86446900	-84.74657482
14.87179501	-81.71748248
14.87912102	-83.35808892
14.88644702	-77.58194101
14.89377303	-90.82496241
14.90109904	-75.21439070
14.90842505	-78.25098331
14.91575105	-85.74395765
14.92307706	-85.07180067
14.93040307	-84.45910738
14.93772908	-86.15276108
14.94505508	-87.85698072
14.95238109	-82.79157033
14.95970710	-80.20752158
14.96703311	-77.97937325
14.97435911	-76.61256996
14.98168512	-81.40269104
14.98901113	-101.44345435
14.99633714	-85.17203113
