# Menlo Systems GmbH ScanControl
# Program Version 1.3.3
# Start: -65.00000000 ps, Average over 1 waveforms. Timestamp: 2019-11-05T11:48:35
# Window type: Tukey, parameters: alpha = 0.2
# User time axis shift: 0 ps
# Time [ps]	THz Signal [a.u.]
-65.06666660	0.00000000
-65.03333327	0.00000008
-64.99999993	0.00000002
-64.96666660	0.00000035
-64.93333327	0.00000218
-64.89999993	-0.00000145
-64.86666660	0.00000273
-64.83333327	0.00000461
-64.79999993	0.00000297
-64.76666660	-0.00000181
-64.73333327	-0.00000265
-64.69999993	0.00001899
-64.66666660	0.00000504
-64.63333327	-0.00002977
-64.59999993	0.00000471
-64.56666660	-0.00001874
-64.53333327	-0.00000750
-64.49999993	-0.00001436
-64.46666660	0.00001185
-64.43333327	0.00003185
-64.39999993	-0.00001204
-64.36666660	-0.00002712
-64.33333327	-0.00002146
-64.29999993	-0.00000546
-64.26666660	0.00000884
-64.23333327	-0.00003157
-64.19999993	-0.00002644
-64.16666660	0.00002733
-64.13333327	-0.00000451
-64.09999993	-0.00010361
-64.06666660	0.00007246
-64.03333327	0.00005999
-63.99999993	0.00009275
-63.96666660	-0.00014033
-63.93333327	0.00001491
-63.89999993	-0.00002145
-63.86666660	0.00003901
-63.83333327	-0.00001010
-63.79999993	-0.00003389
-63.76666660	0.00002673
-63.73333327	-0.00010557
-63.69999993	-0.00009130
-63.66666660	-0.00008569
-63.63333327	-0.00003467
-63.59999993	-0.00020407
-63.56666660	-0.00006821
-63.53333327	-0.00016560
-63.49999993	0.00026064
-63.46666660	-0.00027278
-63.43333327	-0.00035271
-63.39999993	-0.00032806
-63.36666660	-0.00016252
-63.33333327	-0.00022155
-63.29999993	-0.00024114
-63.26666660	-0.00025048
-63.23333327	-0.00020475
-63.19999993	-0.00036786
-63.16666660	-0.00032221
-63.13333327	-0.00023791
-63.09999993	-0.00058242
-63.06666660	-0.00067623
-63.03333327	-0.00015809
-62.99999993	-0.00052649
-62.96666660	0.00007021
-62.93333327	-0.00013424
-62.89999993	-0.00015197
-62.86666660	-0.00003452
-62.83333327	0.00052130
-62.79999993	0.00026165
-62.76666660	-0.00002432
-62.73333327	-0.00032177
-62.69999993	-0.00012941
-62.66666660	-0.00046787
-62.63333327	-0.00043087
-62.59999993	-0.00021999
-62.56666660	-0.00005360
-62.53333327	-0.00001149
-62.49999993	0.00024494
-62.46666660	-0.00007071
-62.43333327	0.00002826
-62.39999993	-0.00050897
-62.36666660	-0.00078549
-62.33333327	-0.00063028
-62.29999993	0.00016364
-62.26666660	-0.00002273
-62.23333327	0.00023511
-62.19999993	-0.00022812
-62.16666660	-0.00022341
-62.13333327	-0.00012596
-62.09999993	0.00023832
-62.06666660	0.00077534
-62.03333327	-0.00031230
-61.99999993	-0.00007375
-61.96666660	0.00027093
-61.93333327	0.00042491
-61.89999993	0.00038531
-61.86666660	0.00071656
-61.83333327	-0.00020233
-61.79999993	0.00007491
-61.76666660	0.00046687
-61.73333327	0.00046815
-61.69999993	0.00101468
-61.66666660	0.00116468
-61.63333327	0.00031133
-61.59999994	0.00034592
-61.56666660	0.00092474
-61.53333327	0.00132607
-61.49999994	0.00104017
-61.46666660	-0.00043694
-61.43333327	0.00121818
-61.39999994	0.00143985
-61.36666660	0.00063094
-61.33333327	-0.00025246
-61.29999994	0.00097923
-61.26666660	0.00092203
-61.23333327	0.00132952
-61.19999994	0.00106541
-61.16666660	0.00156441
-61.13333327	0.00112449
-61.09999994	0.00075630
-61.06666660	0.00130242
-61.03333327	0.00094476
-60.99999994	0.00190357
-60.96666660	0.00192874
-60.93333327	0.00039563
-60.89999994	0.00146000
-60.86666660	0.00063047
-60.83333327	0.00046218
-60.79999994	0.00117129
-60.76666660	0.00081751
-60.73333327	-0.00049235
-60.69999994	0.00009501
-60.66666660	-0.00011558
-60.63333327	-0.00027081
-60.59999994	0.00020761
-60.56666660	-0.00058564
-60.53333327	0.00109390
-60.49999994	-0.00125277
-60.46666660	-0.00117986
-60.43333327	-0.00107596
-60.39999994	-0.00108023
-60.36666660	-0.00182812
-60.33333327	-0.00218880
-60.29999994	-0.00201636
-60.26666660	-0.00159825
-60.23333327	-0.00140804
-60.19999994	0.00004051
-60.16666660	0.00006024
-60.13333327	-0.00087065
-60.09999994	-0.00030778
-60.06666660	-0.00044839
-60.03333327	-0.00108891
-59.99999994	0.00078750
-59.96666660	0.00102985
-59.93333327	-0.00041789
-59.89999994	0.00113995
-59.86666660	-0.00135560
-59.83333327	0.00043020
-59.79999994	-0.00089010
-59.76666660	0.00054241
-59.73333327	-0.00139058
-59.69999994	-0.00013355
-59.66666660	-0.00309209
-59.63333327	-0.00276173
-59.59999994	-0.00094724
-59.56666660	-0.00327785
-59.53333327	-0.00152505
-59.49999994	-0.00385799
-59.46666660	-0.00108431
-59.43333327	-0.00254131
-59.39999994	-0.00183439
-59.36666660	-0.00053651
-59.33333327	-0.00280524
-59.29999994	-0.00111627
-59.26666660	-0.00091377
-59.23333327	-0.00480280
-59.19999994	-0.00402432
-59.16666660	-0.00013442
-59.13333327	-0.00349203
-59.09999994	-0.00312823
-59.06666660	-0.00384653
-59.03333327	-0.00324628
-58.99999994	-0.00272716
-58.96666660	-0.00479081
-58.93333327	-0.00293381
-58.89999994	-0.00182300
-58.86666660	-0.00326630
-58.83333327	0.00049489
-58.79999994	-0.00182254
-58.76666660	-0.00158110
-58.73333327	-0.00379940
-58.69999994	-0.00235744
-58.66666660	-0.00322804
-58.63333327	-0.00265499
-58.59999994	-0.00522816
-58.56666660	-0.00241662
-58.53333327	-0.00287436
-58.49999994	-0.00136503
-58.46666660	-0.00212507
-58.43333327	-0.00242988
-58.39999994	-0.00352070
-58.36666660	-0.00379679
-58.33333327	-0.00455337
-58.29999994	-0.00151537
-58.26666660	-0.00373023
-58.23333327	-0.00491182
-58.19999994	-0.00404430
-58.16666660	-0.00467062
-58.13333327	-0.00410376
-58.09999994	-0.00437561
-58.06666660	-0.00167584
-58.03333327	-0.00097962
-57.99999994	-0.00407333
-57.96666660	-0.00632596
-57.93333327	-0.00474744
-57.89999994	-0.00227582
-57.86666660	-0.00122452
-57.83333327	-0.00389096
-57.79999994	-0.00396205
-57.76666660	-0.00163599
-57.73333327	-0.00379742
-57.69999994	-0.00560874
-57.66666660	-0.00340364
-57.63333327	-0.00326062
-57.59999994	-0.00243496
-57.56666660	-0.00360409
-57.53333327	0.00081572
-57.49999994	-0.00249800
-57.46666661	0.00011296
-57.43333327	-0.00129309
-57.39999994	-0.00009088
-57.36666661	-0.00059661
-57.33333327	-0.00169548
-57.29999994	-0.00205066
-57.26666661	-0.00198890
-57.23333327	-0.00061452
-57.19999994	-0.00368665
-57.16666661	-0.00207454
-57.13333327	-0.00060633
-57.09999994	-0.00148078
-57.06666661	-0.00200331
-57.03333327	-0.00582929
-56.99999994	-0.00093902
-56.96666661	-0.00102818
-56.93333327	-0.00127484
-56.89999994	-0.00291305
-56.86666661	-0.00290157
-56.83333327	-0.00335127
-56.79999994	-0.00133039
-56.76666661	-0.00377489
-56.73333327	-0.00372837
-56.69999994	-0.00425811
-56.66666661	-0.00337473
-56.63333327	-0.00392243
-56.59999994	-0.00056432
-56.56666661	-0.00418399
-56.53333327	-0.00368789
-56.49999994	-0.00509957
-56.46666661	-0.00322081
-56.43333327	-0.00221592
-56.39999994	-0.00348688
-56.36666661	-0.00411339
-56.33333327	-0.00500908
-56.29999994	0.00088088
-56.26666661	-0.00448889
-56.23333327	-0.00143686
-56.19999994	-0.00134021
-56.16666661	-0.00240869
-56.13333327	-0.00149919
-56.09999994	-0.00273395
-56.06666661	-0.00023750
-56.03333327	-0.00053168
-55.99999994	-0.00080603
-55.96666661	0.00096361
-55.93333327	0.00022405
-55.89999994	-0.00059676
-55.86666661	0.00079397
-55.83333327	-0.00035669
-55.79999994	0.00050364
-55.76666661	-0.00096188
-55.73333327	0.00312113
-55.69999994	-0.00391625
-55.66666661	-0.00124265
-55.63333327	-0.00040589
-55.59999994	-0.00256597
-55.56666661	-0.00097596
-55.53333327	-0.00090247
-55.49999994	-0.00331413
-55.46666661	-0.00243737
-55.43333327	-0.00025612
-55.39999994	-0.00362549
-55.36666661	-0.00288478
-55.33333327	-0.00326607
-55.29999994	-0.00416181
-55.26666661	-0.00341042
-55.23333327	-0.00380340
-55.19999994	-0.00209846
-55.16666661	-0.00312066
-55.13333327	-0.00190600
-55.09999994	-0.00196634
-55.06666661	-0.00211090
-55.03333327	-0.00444892
-54.99999994	-0.00140102
-54.96666661	-0.00037666
-54.93333327	-0.00525816
-54.89999994	-0.00201722
-54.86666661	0.00007201
-54.83333327	-0.00233641
-54.79999994	-0.00223935
-54.76666661	0.00059738
-54.73333327	0.00019956
-54.69999994	-0.00010988
-54.66666661	-0.00230501
-54.63333327	-0.00214141
-54.59999994	-0.00224854
-54.56666661	-0.00315281
-54.53333327	-0.00087646
-54.49999994	-0.00117258
-54.46666661	-0.00180239
-54.43333327	-0.00136138
-54.39999994	-0.00206325
-54.36666661	-0.00276536
-54.33333327	-0.00017471
-54.29999994	-0.00155519
-54.26666661	-0.00282876
-54.23333327	-0.00289718
-54.19999994	-0.00218306
-54.16666661	-0.00081744
-54.13333327	-0.00309646
-54.09999994	-0.00356867
-54.06666661	-0.00250957
-54.03333327	0.00114234
-53.99999994	-0.00156512
-53.96666661	-0.00130694
-53.93333327	-0.00072240
-53.89999994	0.00046314
-53.86666661	0.00057047
-53.83333327	-0.00045581
-53.79999994	-0.00306299
-53.76666661	-0.00124822
-53.73333327	0.00006136
-53.69999994	-0.00091383
-53.66666661	0.00243266
-53.63333327	0.00063680
-53.59999994	0.00082085
-53.56666661	0.00260514
-53.53333327	-0.00016626
-53.49999994	0.00002506
-53.46666661	0.00036058
-53.43333328	-0.00160923
-53.39999994	-0.00115975
-53.36666661	0.00095360
-53.33333328	0.00167996
-53.29999994	0.00252545
-53.26666661	0.00212461
-53.23333328	-0.00030846
-53.19999994	-0.00103276
-53.16666661	0.00183312
-53.13333328	0.00159451
-53.09999994	0.00204022
-53.06666661	0.00045811
-53.03333328	0.00031306
-52.99999994	0.00218352
-52.96666661	0.00102681
-52.93333328	-0.00388578
-52.89999994	-0.00423229
-52.86666661	-0.00326617
-52.83333328	-0.00121285
-52.79999994	-0.00087884
-52.76666661	-0.00155409
-52.73333328	-0.00395198
-52.69999994	-0.00186088
-52.66666661	0.00028933
-52.63333328	-0.00238926
-52.59999994	-0.00285223
-52.56666661	-0.00141744
-52.53333328	-0.00140714
-52.49999994	-0.00499402
-52.46666661	0.00113046
-52.43333328	-0.00216097
-52.39999994	-0.00511807
-52.36666661	-0.00027057
-52.33333328	-0.00216624
-52.29999994	0.00073703
-52.26666661	0.00092148
-52.23333328	0.00283509
-52.19999994	-0.00084336
-52.16666661	0.00151886
-52.13333328	0.00024712
-52.09999994	-0.00005977
-52.06666661	0.00093468
-52.03333328	-0.00219156
-51.99999994	-0.00088219
-51.96666661	0.00083977
-51.93333328	0.00113864
-51.89999994	-0.00048884
-51.86666661	0.00007683
-51.83333328	0.00550792
-51.79999994	0.00304895
-51.76666661	0.00128159
-51.73333328	0.00066194
-51.69999994	0.00228556
-51.66666661	0.00508272
-51.63333328	0.00199287
-51.59999994	-0.00000452
-51.56666661	0.00145506
-51.53333328	0.00053019
-51.49999994	0.00116578
-51.46666661	0.00112431
-51.43333328	0.00101081
-51.39999994	0.00058791
-51.36666661	0.00280489
-51.33333328	0.00137871
-51.29999994	0.00020884
-51.26666661	-0.00036628
-51.23333328	0.00177773
-51.19999994	0.00284057
-51.16666661	0.00234020
-51.13333328	0.00281417
-51.09999994	0.00431624
-51.06666661	0.00240596
-51.03333328	0.00282896
-50.99999994	0.00420048
-50.96666661	0.00290423
-50.93333328	0.00588324
-50.89999994	0.00547016
-50.86666661	0.00031753
-50.83333328	0.00103643
-50.79999994	0.00377328
-50.76666661	0.00478394
-50.73333328	0.00598813
-50.69999994	0.00398443
-50.66666661	0.00633564
-50.63333328	0.00350298
-50.59999994	0.00427257
-50.56666661	0.00137447
-50.53333328	0.00351157
-50.49999994	0.00327080
-50.46666661	0.00291927
-50.43333328	0.00415050
-50.39999994	0.00198034
-50.36666661	0.00142443
-50.33333328	0.00010093
-50.29999994	0.00420342
-50.26666661	-0.00078335
-50.23333328	0.00059392
-50.19999994	0.00174510
-50.16666661	-0.00029541
-50.13333328	0.00398270
-50.09999994	0.00392324
-50.06666661	0.00254625
-50.03333328	0.00011415
-49.99999994	0.00563148
-49.96666661	0.00508791
-49.93333328	0.00460627
-49.89999994	0.00551096
-49.86666661	0.00139471
-49.83333328	0.00194954
-49.79999994	0.00097030
-49.76666661	0.00146471
-49.73333328	0.00325460
-49.69999994	0.00339350
-49.66666661	0.00297145
-49.63333328	0.00164201
-49.59999994	0.00210490
-49.56666661	-0.00030654
-49.53333328	0.00098021
-49.49999994	0.00295766
-49.46666661	0.00375812
-49.43333328	0.00212035
-49.39999994	0.00356513
-49.36666661	0.00235091
-49.33333328	0.00266934
-49.29999995	0.00044905
-49.26666661	-0.00093748
-49.23333328	0.00148266
-49.19999995	0.00146870
-49.16666661	0.00165183
-49.13333328	0.00223116
-49.09999995	0.00268866
-49.06666661	0.00104394
-49.03333328	0.00153367
-48.99999995	0.00109312
-48.96666661	0.00518419
-48.93333328	0.00258550
-48.89999995	-0.00051899
-48.86666661	0.00064115
-48.83333328	-0.00281205
-48.79999995	0.00005580
-48.76666661	-0.00145805
-48.73333328	-0.00108038
-48.69999995	-0.00056136
-48.66666661	0.00179233
-48.63333328	0.00344926
-48.59999995	0.00074010
-48.56666661	0.00090857
-48.53333328	0.00102126
-48.49999995	0.00247229
-48.46666661	0.00274037
-48.43333328	0.00052457
-48.39999995	0.00070764
-48.36666661	0.00347815
-48.33333328	0.00399946
-48.29999995	0.00106712
-48.26666661	0.00145832
-48.23333328	0.00138549
-48.19999995	0.00104519
-48.16666661	0.00348753
-48.13333328	0.00002252
-48.09999995	0.00131702
-48.06666661	-0.00115685
-48.03333328	-0.00106498
-47.99999995	-0.00041718
-47.96666661	-0.00009331
-47.93333328	0.00062345
-47.89999995	-0.00274091
-47.86666661	-0.00326913
-47.83333328	-0.00030083
-47.79999995	-0.00089895
-47.76666661	0.00006321
-47.73333328	0.00027791
-47.69999995	-0.00045487
-47.66666661	-0.00358442
-47.63333328	-0.00213524
-47.59999995	-0.00281670
-47.56666661	-0.00333380
-47.53333328	-0.00357219
-47.49999995	-0.00420302
-47.46666661	-0.00428938
-47.43333328	-0.00218153
-47.39999995	-0.00418710
-47.36666661	-0.00551811
-47.33333328	-0.00436677
-47.29999995	-0.00412692
-47.26666661	-0.00156434
-47.23333328	-0.00354669
-47.19999995	-0.00183396
-47.16666661	-0.00330884
-47.13333328	-0.00414448
-47.09999995	-0.00487110
-47.06666661	-0.00514157
-47.03333328	-0.00565458
-46.99999995	-0.00401298
-46.96666661	-0.00298519
-46.93333328	-0.00514444
-46.89999995	-0.00374678
-46.86666661	-0.00322610
-46.83333328	-0.00565002
-46.79999995	-0.00508720
-46.76666661	-0.00293158
-46.73333328	-0.00327459
-46.69999995	0.00001318
-46.66666661	-0.00150370
-46.63333328	-0.00517993
-46.59999995	-0.00165399
-46.56666661	-0.00273239
-46.53333328	-0.00140308
-46.49999995	-0.00378387
-46.46666661	-0.00115696
-46.43333328	0.00062938
-46.39999995	-0.00259701
-46.36666661	0.00017076
-46.33333328	-0.00096619
-46.29999995	0.00090771
-46.26666661	0.00293887
-46.23333328	0.00424545
-46.19999995	0.00152497
-46.16666661	0.00657050
-46.13333328	0.00555900
-46.09999995	0.00845357
-46.06666661	0.00625360
-46.03333328	0.00711851
-45.99999995	0.00617006
-45.96666661	0.00640579
-45.93333328	0.00571598
-45.89999995	0.00434471
-45.86666661	0.00223872
-45.83333328	0.00482922
-45.79999995	0.00630813
-45.76666661	0.00663373
-45.73333328	0.00458151
-45.69999995	0.00427960
-45.66666661	0.00260615
-45.63333328	0.00343287
-45.59999995	0.00637216
-45.56666661	0.00620420
-45.53333328	0.00668242
-45.49999995	0.00829891
-45.46666661	0.00770500
-45.43333328	0.00599337
-45.39999995	0.00411590
-45.36666661	0.00310103
-45.33333328	0.00250881
-45.29999995	0.00480515
-45.26666661	0.00406392
-45.23333328	0.00533408
-45.19999995	0.00684710
-45.16666662	0.00371526
-45.13333328	0.00432043
-45.09999995	0.00742724
-45.06666662	0.00640324
-45.03333328	0.00222899
-44.99999995	0.00403606
-44.96666662	0.00533253
-44.93333328	0.00545132
-44.89999995	0.00341986
-44.86666662	0.00517028
-44.83333328	0.00735836
-44.79999995	0.00686950
-44.76666662	0.00837908
-44.73333328	0.00597826
-44.69999995	0.00570771
-44.66666662	0.00643800
-44.63333328	0.00751283
-44.59999995	0.00714392
-44.56666662	0.00576643
-44.53333328	0.00358772
-44.49999995	0.00491296
-44.46666662	0.00691498
-44.43333328	0.00709218
-44.39999995	0.00408728
-44.36666662	0.00761273
-44.33333328	0.00647666
-44.29999995	0.00592317
-44.26666662	0.00808418
-44.23333328	0.00754489
-44.19999995	0.00350239
-44.16666662	0.00413355
-44.13333328	0.00601266
-44.09999995	0.00662775
-44.06666662	0.00403652
-44.03333328	0.00513660
-43.99999995	0.00626959
-43.96666662	0.00450402
-43.93333328	0.00421136
-43.89999995	0.00652203
-43.86666662	0.00553835
-43.83333328	0.00731428
-43.79999995	0.00585897
-43.76666662	0.00558203
-43.73333328	0.00595450
-43.69999995	0.00907005
-43.66666662	0.00666884
-43.63333328	0.01018565
-43.59999995	0.00731724
-43.56666662	0.00804365
-43.53333328	0.00759965
-43.49999995	0.00808320
-43.46666662	0.00823139
-43.43333328	0.00965623
-43.39999995	0.00637617
-43.36666662	0.00714127
-43.33333328	0.00355770
-43.29999995	0.00759465
-43.26666662	0.00723450
-43.23333328	0.00609933
-43.19999995	0.00611302
-43.16666662	0.00681571
-43.13333328	0.00428008
-43.09999995	0.00770711
-43.06666662	0.00690622
-43.03333328	0.00451396
-42.99999995	0.00445557
-42.96666662	0.00533723
-42.93333328	0.00411754
-42.89999995	0.00523399
-42.86666662	0.00539979
-42.83333328	0.00389016
-42.79999995	0.00577754
-42.76666662	0.00486840
-42.73333328	0.00473283
-42.69999995	0.00482265
-42.66666662	0.00340661
-42.63333328	0.00538758
-42.59999995	0.00849444
-42.56666662	0.00638392
-42.53333328	0.00818418
-42.49999995	0.00811455
-42.46666662	0.00919105
-42.43333328	0.01165163
-42.39999995	0.01056539
-42.36666662	0.01206119
-42.33333328	0.01233312
-42.29999995	0.01311801
-42.26666662	0.01472127
-42.23333328	0.01429997
-42.19999995	0.01582911
-42.16666662	0.01968829
-42.13333328	0.02031849
-42.09999995	0.02115201
-42.06666662	0.02555467
-42.03333328	0.02356562
-41.99999995	0.02291851
-41.96666662	0.02727008
-41.93333328	0.03263324
-41.89999995	0.03295267
-41.86666662	0.03500508
-41.83333328	0.03684403
-41.79999995	0.04141877
-41.76666662	0.04161599
-41.73333328	0.04508548
-41.69999995	0.04648588
-41.66666662	0.04996574
-41.63333328	0.04875284
-41.59999995	0.05350332
-41.56666662	0.05691314
-41.53333328	0.05575418
-41.49999995	0.06033428
-41.46666662	0.06213598
-41.43333328	0.06540405
-41.39999995	0.07007008
-41.36666662	0.07180237
-41.33333328	0.07614848
-41.29999995	0.07816130
-41.26666662	0.08081401
-41.23333328	0.08535718
-41.19999995	0.08907627
-41.16666662	0.09261927
-41.13333329	0.09604007
-41.09999995	0.09871866
-41.06666662	0.10155165
-41.03333329	0.10272626
-40.99999995	0.10080972
-40.96666662	0.10262794
-40.93333329	0.10126479
-40.89999995	0.10172057
-40.86666662	0.10315229
-40.83333329	0.10012490
-40.79999995	0.09844708
-40.76666662	0.09697024
-40.73333329	0.08841748
-40.69999995	0.08498522
-40.66666662	0.07845125
-40.63333329	0.06984268
-40.59999995	0.05926842
-40.56666662	0.05167286
-40.53333329	0.03884106
-40.49999995	0.02482479
-40.46666662	0.01183335
-40.43333329	-0.00828278
-40.39999995	-0.02693720
-40.36666662	-0.04667558
-40.33333329	-0.06630543
-40.29999995	-0.08553503
-40.26666662	-0.10820233
-40.23333329	-0.13093168
-40.19999995	-0.15564198
-40.16666662	-0.17928934
-40.13333329	-0.20445677
-40.09999995	-0.22757530
-40.06666662	-0.25302171
-40.03333329	-0.27705818
-39.99999995	-0.30329265
-39.96666662	-0.32844920
-39.93333329	-0.34862221
-39.89999995	-0.37202931
-39.86666662	-0.38917995
-39.83333329	-0.40291454
-39.79999995	-0.42501682
-39.76666662	-0.43370843
-39.73333329	-0.44204672
-39.69999995	-0.45284377
-39.66666662	-0.45831183
-39.63333329	-0.45773121
-39.59999995	-0.45663928
-39.56666662	-0.45255813
-39.53333329	-0.44751874
-39.49999995	-0.43567132
-39.46666662	-0.42321990
-39.43333329	-0.40980616
-39.39999995	-0.39287418
-39.36666662	-0.37328414
-39.33333329	-0.34970624
-39.29999995	-0.32500134
-39.26666662	-0.29926622
-39.23333329	-0.26872707
-39.19999995	-0.24295740
-39.16666662	-0.21040685
-39.13333329	-0.17872481
-39.09999995	-0.14545420
-39.06666662	-0.11412341
-39.03333329	-0.08319640
-38.99999995	-0.05384224
-38.96666662	-0.01943672
-38.93333329	0.01195584
-38.89999995	0.04189003
-38.86666662	0.06953814
-38.83333329	0.09396306
-38.79999995	0.11700059
-38.76666662	0.14443135
-38.73333329	0.16784087
-38.69999995	0.18737911
-38.66666662	0.20290898
-38.63333329	0.21743573
-38.59999995	0.23088511
-38.56666662	0.24559528
-38.53333329	0.25134292
-38.49999995	0.26179538
-38.46666662	0.26895989
-38.43333329	0.27090313
-38.39999995	0.27607413
-38.36666662	0.27871730
-38.33333329	0.27948511
-38.29999995	0.27851690
-38.26666662	0.27456300
-38.23333329	0.26997085
-38.19999995	0.26856688
-38.16666662	0.26120835
-38.13333329	0.25595638
-38.09999995	0.24921510
-38.06666662	0.24309637
-38.03333329	0.23422150
-37.99999995	0.22488407
-37.96666662	0.21801515
-37.93333329	0.21326857
-37.89999995	0.20325195
-37.86666662	0.19567719
-37.83333329	0.18709020
-37.79999995	0.17710246
-37.76666662	0.17074515
-37.73333329	0.16344224
-37.69999995	0.15404067
-37.66666662	0.14729741
-37.63333329	0.13945431
-37.59999995	0.13298844
-37.56666662	0.12391313
-37.53333329	0.11701262
-37.49999995	0.10686409
-37.46666662	0.10489622
-37.43333329	0.09797055
-37.39999995	0.08803826
-37.36666662	0.08635542
-37.33333329	0.08100530
-37.29999995	0.07520766
-37.26666662	0.06794987
-37.23333329	0.05925938
-37.19999995	0.05492478
-37.16666662	0.05083422
-37.13333329	0.04299936
-37.09999995	0.03897854
-37.06666662	0.03562723
-37.03333329	0.03034457
-36.99999996	0.02744097
-36.96666662	0.02344731
-36.93333329	0.01891039
-36.89999996	0.01617139
-36.86666662	0.01667839
-36.83333329	0.01068365
-36.79999996	0.00747810
-36.76666662	0.00728875
-36.73333329	0.00191982
-36.69999996	0.00626052
-36.66666662	0.00215729
-36.63333329	0.00214835
-36.59999996	0.00184225
-36.56666662	0.00070062
-36.53333329	0.00291520
-36.49999996	-0.00046754
-36.46666662	-0.00071658
-36.43333329	0.00115899
-36.39999996	0.00187098
-36.36666662	0.00662056
-36.33333329	0.00819937
-36.29999996	0.00881583
-36.26666662	0.00825943
-36.23333329	0.01082657
-36.19999996	0.00981684
-36.16666662	0.01129058
-36.13333329	0.01083319
-36.09999996	0.01036647
-36.06666662	0.01730499
-36.03333329	0.01428948
-35.99999996	0.01365037
-35.96666662	0.01372964
-35.93333329	0.01572145
-35.89999996	0.01316445
-35.86666662	0.01441132
-35.83333329	0.01137834
-35.79999996	0.01141232
-35.76666662	0.00986692
-35.73333329	0.00828222
-35.69999996	0.00873597
-35.66666662	0.00505565
-35.63333329	0.00442096
-35.59999996	0.00129575
-35.56666662	-0.00586693
-35.53333329	-0.00392852
-35.49999996	-0.00605325
-35.46666662	-0.01044839
-35.43333329	-0.01229642
-35.39999996	-0.01662213
-35.36666662	-0.01928386
-35.33333329	-0.01906441
-35.29999996	-0.02111682
-35.26666662	-0.02144399
-35.23333329	-0.02197061
-35.19999996	-0.02539094
-35.16666662	-0.02594937
-35.13333329	-0.03075777
-35.09999996	-0.03019967
-35.06666662	-0.03188435
-35.03333329	-0.03101137
-34.99999996	-0.03671399
-34.96666662	-0.03603243
-34.93333329	-0.03473309
-34.89999996	-0.03532655
-34.86666662	-0.03399112
-34.83333329	-0.03296343
-34.79999996	-0.03423591
-34.76666662	-0.03399395
-34.73333329	-0.03415212
-34.69999996	-0.02914214
-34.66666662	-0.02818007
-34.63333329	-0.02885896
-34.59999996	-0.02583049
-34.56666662	-0.02747847
-34.53333329	-0.02473257
-34.49999996	-0.02533696
-34.46666662	-0.02213587
-34.43333329	-0.02133396
-34.39999996	-0.02434332
-34.36666662	-0.02162325
-34.33333329	-0.01614871
-34.29999996	-0.01678525
-34.26666662	-0.01458965
-34.23333329	-0.01664244
-34.19999996	-0.01554432
-34.16666662	-0.01260853
-34.13333329	-0.01436107
-34.09999996	-0.01412127
-34.06666662	-0.01764941
-34.03333329	-0.01588439
-33.99999996	-0.01351767
-33.96666662	-0.01211174
-33.93333329	-0.01024253
-33.89999996	-0.01505239
-33.86666662	-0.00892723
-33.83333329	-0.01004387
-33.79999996	-0.01009608
-33.76666662	-0.01276017
-33.73333329	-0.01382953
-33.69999996	-0.01085339
-33.66666662	-0.01367185
-33.63333329	-0.01474866
-33.59999996	-0.01404984
-33.56666662	-0.01259483
-33.53333329	-0.01263090
-33.49999996	-0.01570829
-33.46666662	-0.01773122
-33.43333329	-0.01257341
-33.39999996	-0.01282288
-33.36666662	-0.01313552
-33.33333329	-0.01001912
-33.29999996	-0.01498223
-33.26666662	-0.01463634
-33.23333329	-0.01389213
-33.19999996	-0.01271254
-33.16666662	-0.01336804
-33.13333329	-0.01281875
-33.09999996	-0.01157075
-33.06666662	-0.01114785
-33.03333329	-0.00995562
-32.99999996	-0.01056955
-32.96666662	-0.01173492
-32.93333329	-0.01067599
-32.89999996	-0.01154514
-32.86666663	-0.01346541
-32.83333329	-0.00852218
-32.79999996	-0.00872419
-32.76666663	-0.01013139
-32.73333329	-0.01325700
-32.69999996	-0.00943068
-32.66666663	-0.00790544
-32.63333329	-0.00819218
-32.59999996	-0.00361586
-32.56666663	-0.00501692
-32.53333329	-0.00903145
-32.49999996	-0.00728205
-32.46666663	-0.00522649
-32.43333329	-0.00678806
-32.39999996	-0.00625144
-32.36666663	-0.00778373
-32.33333329	-0.00699531
-32.29999996	-0.00527447
-32.26666663	-0.00856036
-32.23333329	-0.00788873
-32.19999996	-0.01006179
-32.16666663	-0.00872039
-32.13333329	-0.00863265
-32.09999996	-0.01176135
-32.06666663	-0.01083125
-32.03333329	-0.01057063
-31.99999996	-0.01207854
-31.96666663	-0.00977445
-31.93333329	-0.00947054
-31.89999996	-0.01226602
-31.86666663	-0.00914374
-31.83333329	-0.01418661
-31.79999996	-0.01302552
-31.76666663	-0.01613718
-31.73333329	-0.01548617
-31.69999996	-0.01545919
-31.66666663	-0.01991657
-31.63333329	-0.01998423
-31.59999996	-0.01585341
-31.56666663	-0.01371123
-31.53333329	-0.01673459
-31.49999996	-0.01662014
-31.46666663	-0.01489598
-31.43333329	-0.01526964
-31.39999996	-0.01343471
-31.36666663	-0.01316300
-31.33333329	-0.01623157
-31.29999996	-0.01390876
-31.26666663	-0.01451510
-31.23333329	-0.01464250
-31.19999996	-0.01598529
-31.16666663	-0.01454137
-31.13333329	-0.01442786
-31.09999996	-0.01399122
-31.06666663	-0.01405038
-31.03333329	-0.01205559
-30.99999996	-0.01290106
-30.96666663	-0.01058515
-30.93333329	-0.00725542
-30.89999996	-0.00734275
-30.86666663	-0.00780429
-30.83333329	-0.00823970
-30.79999996	-0.00604721
-30.76666663	-0.00342184
-30.73333329	-0.00687283
-30.69999996	-0.00779170
-30.66666663	-0.00397495
-30.63333329	-0.00566686
-30.59999996	-0.00541168
-30.56666663	-0.00420732
-30.53333329	-0.00329447
-30.49999996	-0.00290532
-30.46666663	-0.00224583
-30.43333329	-0.00262649
-30.39999996	-0.00193515
-30.36666663	-0.00487846
-30.33333329	-0.00245685
-30.29999996	-0.00059284
-30.26666663	-0.00139115
-30.23333329	-0.00176273
-30.19999996	-0.00516888
-30.16666663	-0.00322782
-30.13333329	-0.00595064
-30.09999996	-0.00367861
-30.06666663	-0.00641047
-30.03333329	-0.00716317
-29.99999996	-0.00687114
-29.96666663	-0.00373543
-29.93333329	-0.00760678
-29.89999996	-0.00874982
-29.86666663	-0.00996960
-29.83333329	-0.00924946
-29.79999996	-0.00745913
-29.76666663	-0.00812562
-29.73333329	-0.00900958
-29.69999996	-0.00953908
-29.66666663	-0.00567852
-29.63333329	-0.00714787
-29.59999996	-0.00630119
-29.56666663	-0.00515691
-29.53333329	-0.00489602
-29.49999996	-0.00660719
-29.46666663	-0.00390307
-29.43333329	-0.00425137
-29.39999996	-0.00334754
-29.36666663	-0.00335047
-29.33333329	-0.00295575
-29.29999996	-0.00100543
-29.26666663	-0.00081119
-29.23333329	-0.00140223
-29.19999996	0.00055529
-29.16666663	0.00181622
-29.13333329	0.00330356
-29.09999996	0.00275081
-29.06666663	0.00340690
-29.03333329	0.00338676
-28.99999996	0.00292571
-28.96666663	0.00604441
-28.93333329	0.00748706
-28.89999996	0.00478922
-28.86666663	0.00841548
-28.83333330	0.00868641
-28.79999996	0.00881653
-28.76666663	0.00547675
-28.73333330	0.00440806
-28.69999996	0.00455694
-28.66666663	0.00423847
-28.63333330	0.00567460
-28.59999996	0.00713850
-28.56666663	0.00618168
-28.53333330	0.00460434
-28.49999996	0.00209091
-28.46666663	0.00257983
-28.43333330	-0.00104564
-28.39999996	0.00256859
-28.36666663	0.00203153
-28.33333330	0.00128590
-28.29999996	0.00222958
-28.26666663	0.00324832
-28.23333330	0.00172505
-28.19999996	0.00024387
-28.16666663	0.00171857
-28.13333330	-0.00082075
-28.09999996	0.00119758
-28.06666663	-0.00415765
-28.03333330	-0.00316327
-27.99999996	-0.00295649
-27.96666663	-0.00024278
-27.93333330	-0.00069113
-27.89999996	-0.00235715
-27.86666663	-0.00162325
-27.83333330	-0.00073434
-27.79999996	-0.00051541
-27.76666663	-0.00099574
-27.73333330	-0.00087984
-27.69999996	0.00255305
-27.66666663	0.00211940
-27.63333330	-0.00044337
-27.59999996	0.00432451
-27.56666663	0.00316603
-27.53333330	-0.00001349
-27.49999996	-0.00082079
-27.46666663	0.00337220
-27.43333330	0.00276280
-27.39999996	0.00206049
-27.36666663	0.00412954
-27.33333330	0.00662363
-27.29999996	0.00675605
-27.26666663	0.00416038
-27.23333330	0.00281353
-27.19999996	0.00488577
-27.16666663	0.00595774
-27.13333330	0.00480248
-27.09999996	0.00587558
-27.06666663	0.00527225
-27.03333330	0.00547849
-26.99999996	0.00526752
-26.96666663	0.00376893
-26.93333330	0.00400376
-26.89999996	0.00388239
-26.86666663	0.00388657
-26.83333330	0.00765933
-26.79999996	0.00232677
-26.76666663	0.00338464
-26.73333330	0.00276888
-26.69999996	0.00404184
-26.66666663	0.00278793
-26.63333330	0.00460079
-26.59999996	0.00228255
-26.56666663	0.00169423
-26.53333330	0.00106038
-26.49999996	0.00263641
-26.46666663	0.00173934
-26.43333330	0.00555294
-26.39999996	0.00465353
-26.36666663	0.00275840
-26.33333330	0.00422562
-26.29999996	0.00087117
-26.26666663	0.00243827
-26.23333330	-0.00001896
-26.19999996	0.00186896
-26.16666663	0.00173534
-26.13333330	0.00121711
-26.09999996	0.00306014
-26.06666663	0.00175782
-26.03333330	0.00267049
-25.99999996	0.00535792
-25.96666663	0.00335157
-25.93333330	0.00357811
-25.89999996	0.00486812
-25.86666663	0.00414433
-25.83333330	0.00272457
-25.79999996	0.00545076
-25.76666663	0.00219145
-25.73333330	0.00388920
-25.69999996	0.00456550
-25.66666663	0.00452278
-25.63333330	0.00309742
-25.59999996	0.00572114
-25.56666663	0.00493047
-25.53333330	0.00636831
-25.49999996	0.00848715
-25.46666663	0.00636736
-25.43333330	0.01028320
-25.39999996	0.00941537
-25.36666663	0.00875132
-25.33333330	0.00701849
-25.29999996	0.00802404
-25.26666663	0.00757204
-25.23333330	0.00552298
-25.19999996	0.00526274
-25.16666663	0.00908123
-25.13333330	0.00893889
-25.09999996	0.00791647
-25.06666663	0.00677608
-25.03333330	0.00776687
-24.99999996	0.00607607
-24.96666663	0.00490489
-24.93333330	0.00466555
-24.89999996	0.00489068
-24.86666663	0.00922024
-24.83333330	0.00325132
-24.79999996	0.00428854
-24.76666663	-0.00053131
-24.73333330	0.00097679
-24.69999997	0.00140024
-24.66666663	0.00108758
-24.63333330	-0.00276651
-24.59999997	-0.00189531
-24.56666663	-0.00066099
-24.53333330	-0.00214413
-24.49999997	-0.00157830
-24.46666663	-0.00343508
-24.43333330	-0.00334237
-24.39999997	-0.00667557
-24.36666663	-0.00394561
-24.33333330	-0.00170977
-24.29999997	-0.00394318
-24.26666663	-0.00333330
-24.23333330	-0.00821346
-24.19999997	-0.00625243
-24.16666663	-0.00504036
-24.13333330	-0.00697314
-24.09999997	-0.00457121
-24.06666663	-0.00448217
-24.03333330	-0.00783289
-23.99999997	-0.00733180
-23.96666663	-0.00317429
-23.93333330	-0.00016108
-23.89999997	-0.00414496
-23.86666663	-0.00246390
-23.83333330	-0.00133037
-23.79999997	-0.00188531
-23.76666663	-0.00117506
-23.73333330	0.00106730
-23.69999997	0.00003021
-23.66666663	0.00027615
-23.63333330	-0.00007405
-23.59999997	0.00047660
-23.56666663	-0.00035024
-23.53333330	-0.00064841
-23.49999997	-0.00088558
-23.46666663	-0.00144094
-23.43333330	0.00122050
-23.39999997	-0.00076768
-23.36666663	-0.00059683
-23.33333330	0.00174266
-23.29999997	0.00103976
-23.26666663	-0.00155437
-23.23333330	-0.00147779
-23.19999997	-0.00103544
-23.16666663	-0.00230424
-23.13333330	-0.00383592
-23.09999997	-0.00167049
-23.06666663	-0.00147988
-23.03333330	-0.00390287
-22.99999997	-0.00461156
-22.96666663	-0.00202727
-22.93333330	-0.00475786
-22.89999997	-0.00785061
-22.86666663	-0.00522644
-22.83333330	-0.00588655
-22.79999997	-0.00842238
-22.76666663	-0.00893782
-22.73333330	-0.00821832
-22.69999997	-0.00758603
-22.66666663	-0.00842338
-22.63333330	-0.00852800
-22.59999997	-0.00951453
-22.56666663	-0.01048644
-22.53333330	-0.01048664
-22.49999997	-0.00935644
-22.46666663	-0.00894031
-22.43333330	-0.01018719
-22.39999997	-0.01065739
-22.36666663	-0.00979430
-22.33333330	-0.00790536
-22.29999997	-0.01215530
-22.26666663	-0.01121817
-22.23333330	-0.00971348
-22.19999997	-0.00840714
-22.16666663	-0.00922474
-22.13333330	-0.00787131
-22.09999997	-0.00471915
-22.06666663	-0.00749148
-22.03333330	-0.00693119
-21.99999997	-0.00713059
-21.96666663	-0.00895451
-21.93333330	-0.00620451
-21.89999997	-0.00880218
-21.86666663	-0.00815778
-21.83333330	-0.00458920
-21.79999997	-0.00656343
-21.76666663	-0.00553574
-21.73333330	-0.00528453
-21.69999997	-0.00425685
-21.66666663	-0.00729946
-21.63333330	-0.00706739
-21.59999997	-0.00405988
-21.56666663	-0.00272785
-21.53333330	-0.00272944
-21.49999997	-0.00243292
-21.46666663	-0.00616620
-21.43333330	-0.00266486
-21.39999997	-0.00579176
-21.36666663	-0.00664520
-21.33333330	-0.00594162
-21.29999997	-0.00797968
-21.26666663	-0.00790710
-21.23333330	-0.00605915
-21.19999997	-0.00719236
-21.16666663	-0.00890046
-21.13333330	-0.00684571
-21.09999997	-0.00486559
-21.06666663	-0.00328659
-21.03333330	-0.00424453
-20.99999997	-0.00832135
-20.96666663	-0.00665132
-20.93333330	-0.00441730
-20.89999997	-0.00423665
-20.86666663	-0.00746565
-20.83333330	-0.00545114
-20.79999997	-0.00212354
-20.76666663	-0.00528907
-20.73333330	-0.00472764
-20.69999997	-0.00456464
-20.66666663	-0.00416690
-20.63333330	-0.00481217
-20.59999997	-0.00325350
-20.56666664	-0.00125039
-20.53333330	-0.00280324
-20.49999997	-0.00147860
-20.46666664	-0.00268915
-20.43333330	-0.00449551
-20.39999997	-0.00477249
-20.36666664	-0.00672640
-20.33333330	-0.00006202
-20.29999997	-0.00506231
-20.26666664	-0.00332438
-20.23333330	-0.00315134
-20.19999997	-0.00348462
-20.16666664	-0.00537015
-20.13333330	-0.00381804
-20.09999997	-0.00449986
-20.06666664	-0.00393292
-20.03333330	-0.00660362
-19.99999997	-0.00388705
-19.96666664	-0.00709481
-19.93333330	-0.00577000
-19.89999997	-0.00665576
-19.86666664	-0.00592930
-19.83333330	-0.00644617
-19.79999997	-0.00380471
-19.76666664	-0.00662654
-19.73333330	-0.01084884
-19.69999997	-0.00763489
-19.66666664	-0.00562064
-19.63333330	-0.00573689
-19.59999997	-0.00693879
-19.56666664	-0.00593412
-19.53333330	-0.00737862
-19.49999997	-0.00814224
-19.46666664	-0.01025297
-19.43333330	-0.01043436
-19.39999997	-0.00880284
-19.36666664	-0.01127875
-19.33333330	-0.01059906
-19.29999997	-0.01017833
-19.26666664	-0.01155940
-19.23333330	-0.01215370
-19.19999997	-0.01266108
-19.16666664	-0.01238154
-19.13333330	-0.01415658
-19.09999997	-0.01281702
-19.06666664	-0.01205877
-19.03333330	-0.01020196
-18.99999997	-0.01006319
-18.96666664	-0.00796067
-18.93333330	-0.00830246
-18.89999997	-0.00993149
-18.86666664	-0.00794784
-18.83333330	-0.00458690
-18.79999997	-0.00526431
-18.76666664	-0.00488683
-18.73333330	-0.00036114
-18.69999997	-0.00239306
-18.66666664	-0.00255162
-18.63333330	-0.00191109
-18.59999997	-0.00280360
-18.56666664	0.00012754
-18.53333330	-0.00155372
-18.49999997	-0.00083116
-18.46666664	0.00163089
-18.43333330	0.00198013
-18.39999997	0.00393493
-18.36666664	0.00521549
-18.33333330	0.00784916
-18.29999997	0.00871645
-18.26666664	0.00939932
-18.23333330	0.00775477
-18.19999997	0.01214366
-18.16666664	0.00957981
-18.13333330	0.00955856
-18.09999997	0.01207438
-18.06666664	0.01234542
-18.03333330	0.00972044
-17.99999997	0.01077179
-17.96666664	0.01192119
-17.93333330	0.01073025
-17.89999997	0.01190733
-17.86666664	0.01060610
-17.83333330	0.00924966
-17.79999997	0.01080819
-17.76666664	0.00435753
-17.73333330	0.00878102
-17.69999997	0.00768333
-17.66666664	0.00554680
-17.63333330	0.00598947
-17.59999997	0.00722518
-17.56666664	0.00456891
-17.53333330	0.00539861
-17.49999997	0.00286798
-17.46666664	0.00187257
-17.43333330	0.00029085
-17.39999997	-0.00019216
-17.36666664	0.00115454
-17.33333330	-0.00008300
-17.29999997	0.00043501
-17.26666664	-0.00238301
-17.23333330	-0.00219795
-17.19999997	-0.00951262
-17.16666664	-0.00880182
-17.13333330	-0.00920684
-17.09999997	-0.00895784
-17.06666664	-0.00941782
-17.03333330	-0.01170843
-16.99999997	-0.00854378
-16.96666664	-0.01089488
-16.93333330	-0.01302972
-16.89999997	-0.01325448
-16.86666664	-0.01077761
-16.83333330	-0.01129792
-16.79999997	-0.01524699
-16.76666664	-0.01454881
-16.73333330	-0.01547893
-16.69999997	-0.01650196
-16.66666664	-0.01344284
-16.63333330	-0.01724188
-16.59999997	-0.01752388
-16.56666664	-0.01958788
-16.53333331	-0.01923449
-16.49999997	-0.02282328
-16.46666664	-0.02272624
-16.43333331	-0.02411498
-16.39999997	-0.02664889
-16.36666664	-0.02944376
-16.33333331	-0.03076753
-16.29999997	-0.02855544
-16.26666664	-0.03097118
-16.23333331	-0.03008213
-16.19999997	-0.03337431
-16.16666664	-0.03146849
-16.13333331	-0.03296853
-16.09999997	-0.03192972
-16.06666664	-0.03433625
-16.03333331	-0.03111319
-15.99999997	-0.03321705
-15.96666664	-0.03564730
-15.93333331	-0.03626857
-15.89999997	-0.03940694
-15.86666664	-0.03387935
-15.83333331	-0.03433928
-15.79999997	-0.03742016
-15.76666664	-0.03546665
-15.73333331	-0.03984600
-15.69999997	-0.03426564
-15.66666664	-0.03584633
-15.63333331	-0.03649994
-15.59999997	-0.03427373
-15.56666664	-0.03340194
-15.53333331	-0.03458209
-15.49999997	-0.03474949
-15.46666664	-0.03348070
-15.43333331	-0.03124472
-15.39999997	-0.03248408
-15.36666664	-0.03010595
-15.33333331	-0.02859924
-15.29999997	-0.02798463
-15.26666664	-0.02460032
-15.23333331	-0.02537036
-15.19999997	-0.02546390
-15.16666664	-0.02043595
-15.13333331	-0.02114451
-15.09999997	-0.01914422
-15.06666664	-0.01548357
-15.03333331	-0.01286916
-14.99999997	-0.00997086
-14.96666664	-0.01314637
-14.93333331	-0.00846265
-14.89999997	-0.00636549
-14.86666664	-0.00245605
-14.83333331	-0.00642632
-14.79999997	-0.00090165
-14.76666664	-0.00114281
-14.73333331	0.00228356
-14.69999997	0.00384168
-14.66666664	0.00541055
-14.63333331	0.00814001
-14.59999997	0.00938151
-14.56666664	0.00981698
-14.53333331	0.01534225
-14.49999997	0.01433636
-14.46666664	0.01723198
-14.43333331	0.01508603
-14.39999997	0.01678333
-14.36666664	0.01692304
-14.33333331	0.02035080
-14.29999997	0.01937743
-14.26666664	0.02027578
-14.23333331	0.02192534
-14.19999997	0.01977009
-14.16666664	0.02171435
-14.13333331	0.02122411
-14.09999997	0.02233273
-14.06666664	0.02270895
-14.03333331	0.02372435
-13.99999997	0.02623112
-13.96666664	0.02479015
-13.93333331	0.02679934
-13.89999997	0.02614664
-13.86666664	0.02397721
-13.83333331	0.02547187
-13.79999997	0.02255121
-13.76666664	0.02554047
-13.73333331	0.02580669
-13.69999997	0.01985780
-13.66666664	0.02295372
-13.63333331	0.02135400
-13.59999997	0.02135201
-13.56666664	0.02198838
-13.53333331	0.02234990
-13.49999997	0.02063324
-13.46666664	0.02097541
-13.43333331	0.02147783
-13.39999997	0.02312349
-13.36666664	0.02291061
-13.33333331	0.02308199
-13.29999997	0.02369579
-13.26666664	0.02332356
-13.23333331	0.02206441
-13.19999997	0.02123201
-13.16666664	0.02240534
-13.13333331	0.02508189
-13.09999997	0.02365455
-13.06666664	0.02371958
-13.03333331	0.01950803
-12.99999997	0.02113094
-12.96666664	0.02326547
-12.93333331	0.02173434
-12.89999997	0.02235908
-12.86666664	0.02378962
-12.83333331	0.02246019
-12.79999997	0.02050398
-12.76666664	0.02154541
-12.73333331	0.01994438
-12.69999997	0.02070145
-12.66666664	0.02134843
-12.63333331	0.01878249
-12.59999997	0.02014407
-12.56666664	0.01798217
-12.53333331	0.01922090
-12.49999997	0.01870232
-12.46666664	0.01858230
-12.43333331	0.01686098
-12.39999998	0.01533782
-12.36666664	0.01505663
-12.33333331	0.01597762
-12.29999998	0.01645891
-12.26666664	0.01405554
-12.23333331	0.01449607
-12.19999998	0.01329442
-12.16666664	0.01445645
-12.13333331	0.01577724
-12.09999998	0.01161255
-12.06666664	0.01790074
-12.03333331	0.01341457
-11.99999998	0.01305415
-11.96666664	0.01157280
-11.93333331	0.00976991
-11.89999998	0.01053086
-11.86666664	0.00933023
-11.83333331	0.00960772
-11.79999998	0.01192938
-11.76666664	0.01269635
-11.73333331	0.01025331
-11.69999998	0.01080831
-11.66666664	0.01097502
-11.63333331	0.00913096
-11.59999998	0.00976813
-11.56666664	0.00905389
-11.53333331	0.00764450
-11.49999998	0.01065007
-11.46666664	0.00956940
-11.43333331	0.01125668
-11.39999998	0.01115951
-11.36666664	0.00930156
-11.33333331	0.01221149
-11.29999998	0.00909941
-11.26666664	0.00954528
-11.23333331	0.00737449
-11.19999998	0.00958382
-11.16666664	0.00859018
-11.13333331	0.01268028
-11.09999998	0.00760102
-11.06666664	0.00884688
-11.03333331	0.00646460
-10.99999998	0.00890144
-10.96666664	0.00806969
-10.93333331	0.00934565
-10.89999998	0.01264447
-10.86666664	0.00632890
-10.83333331	0.00853591
-10.79999998	0.00404815
-10.76666664	0.00741914
-10.73333331	0.00722179
-10.69999998	0.00589724
-10.66666664	0.00736998
-10.63333331	0.00538614
-10.59999998	0.00335703
-10.56666664	0.00218802
-10.53333331	0.00201121
-10.49999998	0.00375234
-10.46666664	0.00345103
-10.43333331	0.00237292
-10.39999998	0.00009259
-10.36666664	-0.00129575
-10.33333331	-0.00003927
-10.29999998	-0.00321466
-10.26666664	-0.00142147
-10.23333331	-0.00294542
-10.19999998	-0.00613288
-10.16666664	-0.00575723
-10.13333331	-0.00261245
-10.09999998	-0.00272489
-10.06666664	-0.00561143
-10.03333331	-0.00295797
-9.99999998	-0.00388208
-9.96666664	-0.00598394
-9.93333331	-0.00538709
-9.89999998	-0.00313169
-9.86666664	-0.00488630
-9.83333331	-0.00425714
-9.79999998	-0.00617336
-9.76666664	-0.00546536
-9.73333331	-0.00647080
-9.69999998	-0.00829236
-9.66666664	-0.00723066
-9.63333331	-0.00889653
-9.59999998	-0.00512494
-9.56666664	-0.00446275
-9.53333331	-0.00479846
-9.49999998	-0.00519447
-9.46666664	-0.00576963
-9.43333331	-0.00418278
-9.39999998	-0.00031971
-9.36666664	-0.00311032
-9.33333331	-0.00232327
-9.29999998	-0.00214950
-9.26666664	0.00012987
-9.23333331	-0.00079262
-9.19999998	-0.00557014
-9.16666664	-0.00156287
-9.13333331	-0.00154198
-9.09999998	0.00061837
-9.06666664	0.00055293
-9.03333331	0.00136650
-8.99999998	-0.00302647
-8.96666664	0.00001053
-8.93333331	0.00025278
-8.89999998	-0.00236856
-8.86666664	0.00012357
-8.83333331	0.00023527
-8.79999998	-0.00143026
-8.76666664	0.00256514
-8.73333331	-0.00109010
-8.69999998	-0.00025974
-8.66666664	-0.00092306
-8.63333331	0.00209080
-8.59999998	-0.00140480
-8.56666664	0.00055485
-8.53333331	-0.00203448
-8.49999998	-0.00004801
-8.46666664	-0.00145133
-8.43333331	-0.00111742
-8.39999998	-0.00194748
-8.36666664	0.00112795
-8.33333331	-0.00132103
-8.29999998	0.00044786
-8.26666665	0.00259277
-8.23333331	0.00248785
-8.19999998	0.00339489
-8.16666665	0.00238383
-8.13333331	0.00540166
-8.09999998	0.00447666
-8.06666665	0.00455854
-8.03333331	0.00709048
-7.99999998	0.00569101
-7.96666665	0.00906772
-7.93333331	0.00911637
-7.89999998	0.00975460
-7.86666665	0.00939429
-7.83333331	0.00926993
-7.79999998	0.00974645
-7.76666665	0.00664880
-7.73333331	0.00969518
-7.69999998	0.00883414
-7.66666665	0.01113177
-7.63333331	0.00881806
-7.59999998	0.01133313
-7.56666665	0.01387292
-7.53333331	0.01331909
-7.49999998	0.01177000
-7.46666665	0.01272224
-7.43333331	0.01244639
-7.39999998	0.01278186
-7.36666665	0.00912877
-7.33333331	0.00875199
-7.29999998	0.01108667
-7.26666665	0.01380404
-7.23333331	0.01417957
-7.19999998	0.01129672
-7.16666665	0.01065986
-7.13333331	0.01107084
-7.09999998	0.01005066
-7.06666665	0.01245221
-7.03333331	0.00981276
-6.99999998	0.00790986
-6.96666665	0.00981246
-6.93333331	0.01048701
-6.89999998	0.01073776
-6.86666665	0.01272549
-6.83333331	0.00777615
-6.79999998	0.00850996
-6.76666665	0.00898351
-6.73333331	0.00731589
-6.69999998	0.00602012
-6.66666665	0.00555409
-6.63333331	0.00724925
-6.59999998	0.00543447
-6.56666665	0.00576219
-6.53333331	0.00395234
-6.49999998	0.00270722
-6.46666665	0.00460673
-6.43333331	0.00039888
-6.39999998	0.00381433
-6.36666665	0.00045504
-6.33333331	0.00210215
-6.29999998	0.00098256
-6.26666665	0.00216725
-6.23333331	0.00225225
-6.19999998	0.00047528
-6.16666665	0.00096812
-6.13333331	0.00348334
-6.09999998	0.00383903
-6.06666665	0.00580053
-6.03333331	0.00259554
-5.99999998	0.00521924
-5.96666665	0.00325487
-5.93333331	0.00462101
-5.89999998	0.00583483
-5.86666665	0.00291863
-5.83333331	0.00566510
-5.79999998	0.00442758
-5.76666665	0.00340288
-5.73333331	0.00423658
-5.69999998	0.00612724
-5.66666665	0.00715670
-5.63333331	0.00256808
-5.59999998	0.00342282
-5.56666665	0.00460199
-5.53333331	0.00413251
-5.49999998	0.00458944
-5.46666665	0.00506431
-5.43333331	0.00752837
-5.39999998	0.00639415
-5.36666665	0.00210864
-5.33333331	0.00752811
-5.29999998	0.00395178
-5.26666665	0.00555125
-5.23333331	0.00588882
-5.19999998	0.00585460
-5.16666665	0.00171493
-5.13333331	0.00541205
-5.09999998	0.00375145
-5.06666665	0.00569633
-5.03333331	0.00133594
-4.99999998	0.00102266
-4.96666665	0.00328240
-4.93333331	0.00298030
-4.89999998	0.00014948
-4.86666665	0.00220251
-4.83333331	-0.00120950
-4.79999998	0.00185671
-4.76666665	-0.00494657
-4.73333331	-0.00198349
-4.69999998	-0.00479270
-4.66666665	-0.00437106
-4.63333331	-0.00424293
-4.59999998	-0.00098831
-4.56666665	-0.00598571
-4.53333331	-0.00582423
-4.49999998	-0.00606414
-4.46666665	-0.00797989
-4.43333331	-0.00480758
-4.39999998	-0.00584350
-4.36666665	-0.00652032
-4.33333331	-0.00561164
-4.29999998	-0.00652204
-4.26666665	-0.00246829
-4.23333332	-0.00386938
-4.19999998	-0.00545219
-4.16666665	-0.00724187
-4.13333332	-0.00438080
-4.09999998	-0.00541750
-4.06666665	-0.00720171
-4.03333332	-0.00140720
-3.99999998	-0.00623021
-3.96666665	-0.00398809
-3.93333332	-0.00478876
-3.89999998	-0.00348725
-3.86666665	-0.00266274
-3.83333332	-0.00285766
-3.79999998	-0.00544919
-3.76666665	-0.00277763
-3.73333332	-0.00182211
-3.69999998	-0.00447443
-3.66666665	-0.00393754
-3.63333332	-0.00364821
-3.59999998	-0.00343497
-3.56666665	-0.00348895
-3.53333332	-0.00350676
-3.49999998	-0.00120027
-3.46666665	-0.00121941
-3.43333332	-0.00311730
-3.39999998	-0.00449095
-3.36666665	-0.00343927
-3.33333332	-0.00206411
-3.29999998	-0.00360543
-3.26666665	-0.00244329
-3.23333332	-0.00229963
-3.19999998	-0.00284380
-3.16666665	-0.00259076
-3.13333332	-0.00310104
-3.09999998	-0.00612561
-3.06666665	-0.00339868
-3.03333332	-0.00317668
-2.99999998	-0.00385193
-2.96666665	-0.00355840
-2.93333332	-0.00511796
-2.89999998	-0.00207382
-2.86666665	-0.00679921
-2.83333332	-0.00047463
-2.79999998	-0.00097479
-2.76666665	-0.00255540
-2.73333332	-0.00268880
-2.69999998	0.00062326
-2.66666665	-0.00163017
-2.63333332	-0.00221845
-2.59999998	-0.00091591
-2.56666665	0.00148939
-2.53333332	-0.00002192
-2.49999998	0.00407598
-2.46666665	0.00634575
-2.43333332	0.00280657
-2.39999998	0.00214785
-2.36666665	0.00423981
-2.33333332	0.00397046
-2.29999998	0.00906065
-2.26666665	0.00466330
-2.23333332	0.00631770
-2.19999998	0.00602355
-2.16666665	0.00590927
-2.13333332	0.00696633
-2.09999998	0.00658759
-2.06666665	0.00730128
-2.03333332	0.01136472
-1.99999998	0.00760599
-1.96666665	0.00976751
-1.93333332	0.00908839
-1.89999998	0.00936336
-1.86666665	0.00852127
-1.83333332	0.00740237
-1.79999998	0.00349287
-1.76666665	0.00642719
-1.73333332	0.00553495
-1.69999998	0.00604122
-1.66666665	0.00390720
-1.63333332	0.00189756
-1.59999998	0.00464426
-1.56666665	0.00220966
-1.53333332	-0.00081685
-1.49999998	0.00130555
-1.46666665	0.00052214
-1.43333332	-0.00109515
-1.39999998	-0.00240263
-1.36666665	-0.00350788
-1.33333332	-0.00332571
-1.29999998	-0.00660444
-1.26666665	-0.00289546
-1.23333332	-0.00558858
-1.19999998	-0.00565300
-1.16666665	-0.00750324
-1.13333332	-0.01050078
-1.09999998	-0.01012459
-1.06666665	-0.01089546
-1.03333332	-0.01446912
-0.99999998	-0.01447271
-0.96666665	-0.01481284
-0.93333332	-0.01528824
-0.89999998	-0.01766030
-0.86666665	-0.01795538
-0.83333332	-0.02234396
-0.79999998	-0.02208045
-0.76666665	-0.02136838
-0.73333332	-0.02459782
-0.69999998	-0.02495786
-0.66666665	-0.02292213
-0.63333332	-0.02321224
-0.59999998	-0.02578790
-0.56666665	-0.02759783
-0.53333332	-0.02705945
-0.49999998	-0.02926340
-0.46666665	-0.03077635
-0.43333332	-0.03401889
-0.39999998	-0.03149815
-0.36666665	-0.03510309
-0.33333332	-0.03350790
-0.29999998	-0.03497999
-0.26666665	-0.03418541
-0.23333332	-0.03589065
-0.19999998	-0.03176838
-0.16666665	-0.03377527
-0.13333332	-0.03642061
-0.09999999	-0.03262888
-0.06666665	-0.03399489
-0.03333332	-0.03332464
0.00000001	-0.03669730
0.03333335	-0.03744275
0.06666668	-0.03509363
0.10000001	-0.03963907
0.13333335	-0.03845737
0.16666668	-0.03547366
0.20000001	-0.03364702
0.23333335	-0.03537272
0.26666668	-0.03746996
0.30000001	-0.03981881
0.33333335	-0.03804000
0.36666668	-0.03673563
0.40000001	-0.03516360
0.43333335	-0.03606575
0.46666668	-0.03541330
0.50000001	-0.03551207
0.53333335	-0.03655929
0.56666668	-0.03455215
0.60000001	-0.03464112
0.63333335	-0.03618481
0.66666668	-0.03320590
0.70000001	-0.03377175
0.73333335	-0.03251823
0.76666668	-0.03215120
0.80000001	-0.03343141
0.83333335	-0.02988666
0.86666668	-0.03234705
0.90000001	-0.02623688
0.93333335	-0.02439948
0.96666668	-0.02454376
1.00000001	-0.02359159
1.03333335	-0.02176179
1.06666668	-0.01919858
1.10000001	-0.01795160
1.13333335	-0.01986382
1.16666668	-0.01941213
1.20000001	-0.01793932
1.23333335	-0.01642274
1.26666668	-0.01466820
1.30000001	-0.01147018
1.33333335	-0.01253395
1.36666668	-0.01279441
1.40000001	-0.00622835
1.43333335	-0.00445703
1.46666668	-0.00590111
1.50000001	-0.00252393
1.53333335	0.00162991
1.56666668	0.00166136
1.60000001	0.00008414
1.63333335	-0.00024698
1.66666668	0.00197592
1.70000001	0.00322035
1.73333335	0.00555671
1.76666668	0.00506699
1.80000001	0.00922382
1.83333335	0.00924695
1.86666668	0.00800748
1.90000001	0.00974426
1.93333335	0.01190345
1.96666668	0.01336325
2.00000001	0.01426787
2.03333335	0.01328502
2.06666668	0.01549446
2.10000001	0.01167597
2.13333335	0.01305290
2.16666668	0.01312897
2.20000001	0.01679093
2.23333335	0.01882845
2.26666668	0.01901318
2.30000001	0.01616824
2.33333335	0.02117124
2.36666668	0.01838800
2.40000001	0.02102797
2.43333335	0.02130374
2.46666668	0.01937196
2.50000001	0.02173978
2.53333335	0.02209436
2.56666668	0.02004498
2.60000001	0.02215091
2.63333335	0.02175600
2.66666668	0.02468512
2.70000001	0.02506738
2.73333335	0.02269650
2.76666668	0.02617220
2.80000001	0.02759093
2.83333335	0.02682898
2.86666668	0.02440985
2.90000001	0.02332771
2.93333335	0.02323287
2.96666668	0.02697561
3.00000001	0.02758146
3.03333335	0.02838569
3.06666668	0.02738015
3.10000001	0.02944846
3.13333335	0.02882292
3.16666668	0.02714978
3.20000001	0.03003672
3.23333335	0.02975080
3.26666668	0.02568594
3.30000001	0.02858947
3.33333335	0.03192870
3.36666668	0.02952705
3.40000001	0.02900413
3.43333335	0.03287024
3.46666668	0.03158602
3.50000001	0.03193218
3.53333335	0.03243707
3.56666668	0.03171342
3.60000001	0.03310376
3.63333335	0.03369053
3.66666668	0.03076002
3.70000001	0.03115773
3.73333335	0.03216358
3.76666668	0.03139700
3.80000001	0.03366895
3.83333335	0.03335288
3.86666668	0.03449753
3.90000001	0.03242458
3.93333334	0.03471567
3.96666668	0.02878487
4.00000001	0.03230351
4.03333334	0.03215796
4.06666668	0.02879917
4.10000001	0.03450054
4.13333334	0.03205886
4.16666668	0.03347988
4.20000001	0.03473009
4.23333334	0.03324511
4.26666668	0.03010521
4.30000001	0.03185183
4.33333334	0.03337634
4.36666668	0.03153141
4.40000001	0.03093037
4.43333334	0.03260485
4.46666668	0.03504997
4.50000001	0.03091514
4.53333334	0.03088852
4.56666668	0.03082901
4.60000001	0.03097598
4.63333334	0.03269344
4.66666668	0.02951502
4.70000001	0.03424648
4.73333334	0.03244303
4.76666668	0.03237897
4.80000001	0.03017154
4.83333334	0.03048481
4.86666668	0.03081478
4.90000001	0.02839874
4.93333334	0.02739815
4.96666668	0.02888482
5.00000001	0.02561051
5.03333334	0.02713749
5.06666668	0.02406088
5.10000001	0.02784758
5.13333334	0.02629662
5.16666668	0.02769790
5.20000001	0.02401884
5.23333334	0.02137278
5.26666668	0.02055521
5.30000001	0.02214107
5.33333334	0.02021911
5.36666668	0.01984309
5.40000001	0.01973089
5.43333334	0.01779778
5.46666668	0.01891790
5.50000001	0.01843408
5.53333334	0.01811738
5.56666668	0.01634680
5.60000001	0.01697726
5.63333334	0.01555925
5.66666668	0.01323137
5.70000001	0.01618965
5.73333334	0.01355757
5.76666668	0.01311184
5.80000001	0.01313353
5.83333334	0.01160860
5.86666668	0.01164562
5.90000001	0.01068730
5.93333334	0.00819940
5.96666668	0.01021027
6.00000001	0.00624949
6.03333334	0.00759886
6.06666668	0.00798428
6.10000001	0.00583203
6.13333334	0.00436341
6.16666668	0.00427244
6.20000001	0.00191715
6.23333334	0.00512944
6.26666668	0.00281659
6.30000001	0.00270634
6.33333334	0.00089878
6.36666668	0.00313843
6.40000001	0.00600407
6.43333334	0.00363279
6.46666668	0.00216794
6.50000001	0.00291565
6.53333334	0.00056528
6.56666668	0.00455429
6.60000001	0.00288630
6.63333334	0.00247642
6.66666668	0.00403059
6.70000001	0.00174847
6.73333334	0.00187469
6.76666668	0.00328061
6.80000001	0.00026225
6.83333334	0.00015657
6.86666668	-0.00096170
6.90000001	-0.00096930
6.93333334	0.00024672
6.96666668	0.00273057
7.00000001	0.00171001
7.03333334	0.00134706
7.06666668	0.00236113
7.10000001	0.00097942
7.13333334	0.00225804
7.16666668	-0.00279396
7.20000001	-0.00354791
7.23333334	-0.00047383
7.26666668	-0.00013501
7.30000001	-0.00171739
7.33333334	0.00098283
7.36666668	-0.00051279
7.40000001	0.00027331
7.43333334	-0.00061551
7.46666668	-0.00127142
7.50000001	-0.00102796
7.53333334	0.00006718
7.56666668	-0.00222875
7.60000001	-0.00519974
7.63333334	-0.00580872
7.66666668	-0.00507306
7.70000001	-0.00761251
7.73333334	-0.00322151
7.76666668	-0.00891700
7.80000001	-0.00425841
7.83333334	-0.00972234
7.86666668	-0.00232308
7.90000001	-0.00398382
7.93333334	-0.00524474
7.96666668	-0.00487546
8.00000001	-0.00161176
8.03333334	-0.00521750
8.06666667	-0.00506207
8.10000001	-0.00746673
8.13333334	-0.00626606
8.16666667	-0.00408953
8.20000001	-0.00638271
8.23333334	-0.00502039
8.26666667	-0.00552281
8.30000001	-0.00497730
8.33333334	-0.00500793
8.36666667	-0.00921126
8.40000001	-0.00660126
8.43333334	-0.00584162
8.46666667	-0.00546665
8.50000001	-0.00627288
8.53333334	-0.00578321
8.56666667	-0.00529378
8.60000001	-0.00473846
8.63333334	-0.00461230
8.66666667	-0.00441182
8.70000001	-0.00127621
8.73333334	-0.00230991
8.76666667	-0.00541324
8.80000001	-0.00526044
8.83333334	-0.00616466
8.86666667	-0.00399208
8.90000001	-0.00697824
8.93333334	-0.00603641
8.96666667	-0.00538320
9.00000001	-0.00421966
9.03333334	-0.00851385
9.06666667	-0.00795104
9.10000001	-0.00482018
9.13333334	-0.00426346
9.16666667	-0.00379190
9.20000001	-0.00555618
9.23333334	-0.00377420
9.26666667	-0.00586485
9.30000001	-0.00572720
9.33333334	-0.00654495
9.36666667	-0.00682812
9.40000001	-0.00509101
9.43333334	-0.00497360
9.46666667	-0.00587366
9.50000001	-0.00477047
9.53333334	-0.00073938
9.56666667	-0.00234773
9.60000001	-0.00250552
9.63333334	-0.00339739
9.66666667	-0.00250850
9.70000001	-0.00225270
9.73333334	-0.00159066
9.76666667	-0.00140410
9.80000001	-0.00124718
9.83333334	-0.00093611
9.86666667	0.00003996
9.90000001	-0.00022344
9.93333334	-0.00093580
9.96666667	-0.00065293
10.00000001	-0.00134311
10.03333334	0.00081534
10.06666667	-0.00073609
10.10000001	-0.00185306
10.13333334	0.00158979
10.16666667	0.00038377
10.20000001	0.00116141
10.23333334	-0.00045677
10.26666667	0.00095842
10.30000001	0.00112615
10.33333334	-0.00023621
10.36666667	0.00028797
10.40000001	0.00106181
10.43333334	0.00000696
10.46666667	0.00124011
10.50000001	-0.00033109
10.53333334	-0.00009990
10.56666667	-0.00018627
10.60000001	-0.00223891
10.63333334	-0.00185683
10.66666667	-0.00193313
10.70000001	-0.00086325
10.73333334	-0.00106861
10.76666667	-0.00094864
10.80000001	-0.00240654
10.83333334	-0.00154965
10.86666667	-0.00153481
10.90000001	-0.00174328
10.93333334	-0.00095323
10.96666667	-0.00155969
11.00000001	-0.00214971
11.03333334	-0.00270137
11.06666667	-0.00213650
11.10000001	-0.00186049
11.13333334	-0.00313586
11.16666667	-0.00299957
11.20000001	-0.00415887
11.23333334	-0.00173337
11.26666667	-0.00202255
11.30000001	-0.00208206
11.33333334	-0.00183239
11.36666667	-0.00180408
11.40000001	-0.00114439
11.43333334	-0.00111828
11.46666667	-0.00202724
11.50000001	-0.00190986
11.53333334	-0.00068259
11.56666667	-0.00111864
11.60000001	-0.00104475
11.63333334	-0.00075727
11.66666667	-0.00028237
11.70000001	-0.00108953
11.73333334	-0.00183549
11.76666667	-0.00120560
11.80000001	-0.00129637
11.83333334	-0.00106982
11.86666667	-0.00111128
11.90000001	-0.00117552
11.93333334	-0.00150223
11.96666667	-0.00100815
12.00000001	-0.00187789
12.03333334	-0.00078379
12.06666667	-0.00062108
12.10000001	-0.00153986
12.13333334	-0.00037395
12.16666667	-0.00023093
12.20000000	-0.00009001
12.23333334	-0.00060779
12.26666667	-0.00081524
12.30000000	-0.00027754
12.33333334	-0.00059058
12.36666667	-0.00030873
12.40000000	-0.00091991
12.43333334	-0.00007572
12.46666667	-0.00069130
12.50000000	-0.00100709
12.53333334	-0.00058701
12.56666667	-0.00079271
12.60000000	-0.00033895
12.63333334	-0.00026764
12.66666667	-0.00023938
12.70000000	-0.00058226
12.73333334	-0.00070185
12.76666667	-0.00021436
12.80000000	-0.00088634
12.83333334	-0.00107232
12.86666667	-0.00046697
12.90000000	-0.00056302
12.93333334	-0.00055965
12.96666667	-0.00078607
13.00000000	-0.00021049
13.03333334	-0.00018909
13.06666667	-0.00054459
13.10000000	-0.00066785
13.13333334	-0.00052784
13.16666667	-0.00034441
13.20000000	-0.00051321
13.23333334	-0.00043305
13.26666667	-0.00033417
13.30000000	-0.00054171
13.33333334	-0.00024053
13.36666667	-0.00042057
13.40000000	-0.00017843
13.43333334	-0.00047876
13.46666667	-0.00014870
13.50000000	-0.00003890
13.53333334	-0.00029371
13.56666667	-0.00023382
13.60000000	-0.00029039
13.63333334	-0.00017089
13.66666667	-0.00032520
13.70000000	-0.00015877
13.73333334	-0.00028798
13.76666667	-0.00024137
13.80000000	-0.00020547
13.83333334	-0.00014733
13.86666667	-0.00016269
13.90000000	-0.00014691
13.93333334	-0.00016576
13.96666667	-0.00003891
14.00000000	-0.00009572
14.03333334	-0.00020244
14.06666667	-0.00009770
14.10000000	-0.00006722
14.13333334	-0.00004596
14.16666667	-0.00008084
14.20000000	-0.00004603
14.23333334	-0.00012862
14.26666667	-0.00003355
14.30000000	-0.00004160
14.33333334	-0.00004792
14.36666667	-0.00002115
14.40000000	-0.00001718
14.43333334	-0.00003264
14.46666667	-0.00003543
14.50000000	-0.00003564
14.53333334	-0.00002438
14.56666667	-0.00002861
14.60000000	-0.00001716
14.63333334	-0.00001426
14.66666667	-0.00001064
14.70000000	-0.00000612
14.73333334	-0.00000507
14.76666667	-0.00000319
14.80000000	-0.00000202
14.83333334	-0.00000113
14.86666667	-0.00000032
14.90000000	0.00000000
