# Menlo Systems GmbH ScanControl
# Program Version 1.3.3
# Start: -65.00000000 ps, Average over 1 waveforms. Timestamp: 2019-11-05T11:48:52
# Window type: Tukey, parameters: alpha = 0.2
# User time axis shift: 0 ps
# Frequency [THz]	THz Signal [a.u.]
0.00000000	-18.89315426
0.00732601	-24.30007645
0.01465201	-19.87436768
0.02197802	-21.72814718
0.02930403	-38.23061769
0.03663004	-26.23647103
0.04395604	-19.46189155
0.05128205	-14.60862428
0.05860806	-14.34494106
0.06593407	-12.93427581
0.07326007	-8.86461534
0.08058608	-10.72508967
0.08791209	-17.46501585
0.09523810	-7.39849319
0.10256410	-7.03823419
0.10989011	-14.79646061
0.11721612	-5.38851914
0.12454212	-2.61119477
0.13186813	-6.05365064
0.13919414	-7.59559760
0.14652015	-3.90609393
0.15384615	-4.88970956
0.16117216	-3.72018977
0.16849817	-0.88177430
0.17582418	-1.99817635
0.18315018	-6.23901284
0.19047619	-3.35279240
0.19780220	-0.90243770
0.20512821	-1.31927597
0.21245421	-2.01892241
0.21978022	-1.49715559
0.22710623	-1.68581069
0.23443223	-2.33489254
0.24175824	-1.21371761
0.24908425	0.00000000
0.25641026	-0.52351021
0.26373626	-1.96294319
0.27106227	-1.98499820
0.27838828	-1.56637293
0.28571429	-1.53441454
0.29304029	-0.96721612
0.30036630	-0.71017409
0.30769231	-1.77182995
0.31501832	-2.71780175
0.32234432	-1.68168949
0.32967033	-0.99937942
0.33699634	-1.42789685
0.34432234	-1.69530963
0.35164835	-1.79400034
0.35897436	-2.36228208
0.36630037	-2.39022772
0.37362637	-2.00275494
0.38095238	-2.11616813
0.38827839	-2.34759685
0.39560440	-2.61887504
0.40293040	-3.04412354
0.41025641	-3.13837420
0.41758242	-3.30129879
0.42490843	-3.88976181
0.43223443	-4.37486563
0.43956044	-4.67636418
0.44688645	-4.96976028
0.45421245	-5.19784368
0.46153846	-5.62026289
0.46886447	-6.33142251
0.47619048	-6.89440868
0.48351648	-7.06628422
0.49084249	-7.29711591
0.49816850	-7.76405624
0.50549451	-8.13207350
0.51282051	-8.54568449
0.52014652	-9.22713596
0.52747253	-9.81351014
0.53479854	-9.91247411
0.54212454	-10.05970257
0.54945055	-11.79141490
0.55677656	-14.80065197
0.56410256	-13.14163008
0.57142857	-11.55184581
0.57875458	-12.25001237
0.58608059	-12.67021211
0.59340659	-12.61088677
0.60073260	-13.21300775
0.60805861	-13.39467672
0.61538462	-13.77090044
0.62271062	-14.47355743
0.63003663	-14.21812284
0.63736264	-14.52719308
0.64468865	-15.49973881
0.65201465	-15.59404867
0.65934066	-16.06792606
0.66666667	-16.87604119
0.67399267	-16.78810531
0.68131868	-17.34242398
0.68864469	-18.53834525
0.69597070	-19.20896452
0.70329670	-19.70218538
0.71062271	-19.78760187
0.71794872	-20.00496577
0.72527473	-21.36017573
0.73260073	-21.97378364
0.73992674	-22.28817256
0.74725275	-24.47813956
0.75457876	-26.20724303
0.76190476	-25.27741823
0.76923077	-25.23744919
0.77655678	-25.63248040
0.78388278	-26.54462557
0.79120879	-29.20630394
0.79853480	-31.62452236
0.80586081	-31.53346843
0.81318681	-31.38768401
0.82051282	-31.95074817
0.82783883	-32.86024688
0.83516484	-32.58193453
0.84249084	-31.90464851
0.84981685	-33.50370966
0.85714286	-39.32577943
0.86446887	-37.40289132
0.87179487	-35.18345980
0.87912088	-40.53902179
0.88644689	-46.01630145
0.89377289	-36.03165543
0.90109890	-34.66294811
0.90842491	-40.73482141
0.91575092	-48.75431475
0.92307692	-43.73196525
0.93040293	-43.51112161
0.93772894	-38.39959909
0.94505495	-36.48203238
0.95238095	-37.38602348
0.95970696	-41.93617132
0.96703297	-42.73125335
0.97435898	-47.07071859
0.98168498	-58.12883942
0.98901099	-49.66439987
0.99633700	-44.90666625
1.00366300	-42.63729424
1.01098901	-40.53777462
1.01831502	-42.69051295
1.02564103	-48.62836611
1.03296703	-50.10239346
1.04029304	-51.66099839
1.04761905	-52.41616850
1.05494506	-58.61952285
1.06227106	-45.17184164
1.06959707	-44.12201948
1.07692308	-48.53909970
1.08424909	-58.64352609
1.09157509	-55.50431270
1.09890110	-49.27578200
1.10622711	-41.32151252
1.11355311	-41.64594897
1.12087912	-45.20343890
1.12820513	-57.78085582
1.13553114	-54.17200883
1.14285714	-48.88269094
1.15018315	-44.35996900
1.15750916	-51.58128342
1.16483517	-39.05505868
1.17216117	-40.81494723
1.17948718	-46.63515026
1.18681319	-40.83050956
1.19413920	-53.28338326
1.20146520	-40.34445104
1.20879121	-42.19335898
1.21611722	-52.09469425
1.22344322	-61.72384796
1.23076923	-50.84004374
1.23809524	-47.74421995
1.24542125	-51.06738538
1.25274725	-67.05175787
1.26007326	-54.12696229
1.26739927	-44.14867385
1.27472528	-45.00055095
1.28205128	-48.99628908
1.28937729	-48.72438186
1.29670330	-49.67497052
1.30402931	-49.48412817
1.31135531	-63.11082351
1.31868132	-65.79424277
1.32600733	-49.35980613
1.33333333	-47.75048503
1.34065934	-54.39824649
1.34798535	-53.52107970
1.35531136	-46.30688766
1.36263736	-47.42142833
1.36996337	-52.37902944
1.37728938	-52.68860658
1.38461539	-44.67638982
1.39194139	-44.66965782
1.39926740	-51.29851070
1.40659341	-48.17129061
1.41391942	-49.01824393
1.42124542	-60.32289292
1.42857143	-49.74439184
1.43589744	-44.82096013
1.44322344	-45.60634119
1.45054945	-52.68437247
1.45787546	-47.97299308
1.46520147	-48.79022736
1.47252747	-44.50004060
1.47985348	-41.82231145
1.48717949	-44.24899004
1.49450550	-45.19675540
1.50183150	-50.55066299
1.50915751	-51.57960501
1.51648352	-46.01318192
1.52380953	-43.85430708
1.53113553	-45.90521976
1.53846154	-47.49522714
1.54578755	-58.50038532
1.55311355	-46.64497465
1.56043956	-43.25947775
1.56776557	-46.28587633
1.57509158	-51.87258411
1.58241758	-56.18856457
1.58974359	-51.52150873
1.59706960	-46.48158796
1.60439561	-46.41060947
1.61172161	-54.83072002
1.61904762	-55.04665275
1.62637363	-52.96886944
1.63369964	-43.29550324
1.64102564	-45.20514013
1.64835165	-47.61541113
1.65567766	-42.09407180
1.66300366	-46.51263070
1.67032967	-43.06581920
1.67765568	-43.76097765
1.68498169	-56.70966147
1.69230769	-47.12307930
1.69963370	-41.86367251
1.70695971	-39.97800928
1.71428572	-40.67902930
1.72161172	-46.98982429
1.72893773	-42.81500368
1.73626374	-43.23285176
1.74358975	-49.26888642
1.75091575	-51.38755666
1.75824176	-47.54562746
1.76556777	-52.35079381
1.77289377	-51.74077914
1.78021978	-52.03963618
1.78754579	-53.10330418
1.79487180	-49.93607652
1.80219780	-57.93449292
1.80952381	-50.01328113
1.81684982	-45.58308792
1.82417583	-46.91586212
1.83150183	-48.39570713
1.83882784	-48.30653450
1.84615385	-48.09363876
1.85347985	-49.59622483
1.86080586	-41.47816907
1.86813187	-39.25633920
1.87545788	-46.52496412
1.88278388	-45.96928388
1.89010989	-45.63675775
1.89743590	-54.33531030
1.90476191	-58.35684098
1.91208791	-46.58263903
1.91941392	-49.37074828
1.92673993	-47.42858255
1.93406594	-48.06260294
1.94139194	-57.86892423
1.94871795	-49.76252281
1.95604396	-54.29797297
1.96336996	-46.26468037
1.97069597	-42.26667732
1.97802198	-44.04523024
1.98534799	-49.57241499
1.99267399	-44.71581350
2.00000000	-47.83080172
2.00732601	-70.17131515
2.01465202	-57.35034571
2.02197802	-57.86916143
2.02930403	-51.24449684
2.03663004	-47.90075442
2.04395605	-47.61402507
2.05128205	-50.50167537
2.05860806	-58.05927027
2.06593407	-58.88568391
2.07326007	-55.77627272
2.08058608	-53.95802347
2.08791209	-49.61592719
2.09523810	-54.61369612
2.10256410	-48.37652014
2.10989011	-43.73850182
2.11721612	-54.52031148
2.12454213	-49.30512270
2.13186813	-50.01113165
2.13919414	-43.42594275
2.14652015	-45.67032708
2.15384616	-60.98444395
2.16117216	-62.61073229
2.16849817	-55.38650590
2.17582418	-53.94168766
2.18315018	-56.54252915
2.19047619	-53.73580532
2.19780220	-47.20234875
2.20512821	-54.57862010
2.21245421	-46.57873272
2.21978022	-43.38187707
2.22710623	-43.02202286
2.23443224	-48.68828114
2.24175824	-46.93936651
2.24908425	-41.64295157
2.25641026	-45.06151912
2.26373627	-61.44953310
2.27106227	-52.94042902
2.27838828	-47.10964903
2.28571429	-45.44179601
2.29304029	-55.23688864
2.30036630	-47.02200339
2.30769231	-43.45449380
2.31501832	-46.71121170
2.32234432	-46.96339417
2.32967033	-46.72367662
2.33699634	-49.85554315
2.34432235	-53.43628638
2.35164835	-51.68325201
2.35897436	-44.31281681
2.36630037	-43.48019734
2.37362638	-48.34196463
2.38095238	-57.80737959
2.38827839	-48.40051121
2.39560440	-47.18106390
2.40293040	-52.27386342
2.41025641	-59.24344463
2.41758242	-53.28114437
2.42490843	-59.14527639
2.43223443	-50.43340782
2.43956044	-47.33223164
2.44688645	-50.63560656
2.45421246	-48.66079180
2.46153846	-49.53193424
2.46886447	-68.35942470
2.47619048	-47.28213329
2.48351649	-47.43582786
2.49084249	-57.80364998
2.49816850	-53.17781273
2.50549451	-45.63056238
2.51282051	-44.19947953
2.52014652	-46.39358852
2.52747253	-47.20084640
2.53479854	-45.26387906
2.54212454	-46.40046642
2.54945055	-52.67538015
2.55677656	-50.20179270
2.56410257	-49.18048685
2.57142857	-55.74790687
2.57875458	-53.36414060
2.58608059	-46.43054377
2.59340660	-47.14427706
2.60073260	-51.35494690
2.60805861	-48.31214463
2.61538462	-48.46859515
2.62271062	-58.03136356
2.63003663	-44.92476317
2.63736264	-44.42713837
2.64468865	-52.32835486
2.65201465	-72.00286296
2.65934066	-60.40377849
2.66666667	-50.31621691
2.67399268	-56.70319636
2.68131868	-45.30288415
2.68864469	-41.19332821
2.69597070	-47.75017414
2.70329671	-50.78648275
2.71062271	-54.00449978
2.71794872	-49.25531215
2.72527473	-49.70747753
2.73260073	-45.90074571
2.73992674	-45.41521083
2.74725275	-50.91840677
2.75457876	-50.64540947
2.76190476	-46.69398939
2.76923077	-43.86883300
2.77655678	-45.42370286
2.78388279	-49.24437973
2.79120879	-54.96148770
2.79853480	-54.69953503
2.80586081	-54.04478189
2.81318682	-60.94411409
2.82051282	-55.45207979
2.82783883	-48.52733490
2.83516484	-45.51604589
2.84249084	-47.84438890
2.84981685	-54.67495450
2.85714286	-52.74912596
2.86446887	-56.47146631
2.87179487	-65.08149552
2.87912088	-57.53024869
2.88644689	-54.47550307
2.89377290	-53.41783896
2.90109890	-54.80293705
2.90842491	-56.98957779
2.91575092	-53.53532684
2.92307693	-52.83396071
2.93040293	-50.91324680
2.93772894	-50.92980300
2.94505495	-52.92435623
2.95238095	-52.98577115
2.95970696	-47.90184799
2.96703297	-46.12303751
2.97435898	-50.58140352
2.98168498	-49.26602801
2.98901099	-44.91208406
2.99633700	-55.10891950
3.00366301	-49.44967828
3.01098901	-54.02184684
3.01831502	-56.57449242
3.02564103	-52.31017462
3.03296704	-57.10961429
3.04029304	-50.32677745
3.04761905	-50.17940720
3.05494506	-48.50545234
3.06227106	-43.66364815
3.06959707	-49.00422693
3.07692308	-63.06094026
3.08424909	-52.00150280
3.09157509	-47.14504051
3.09890110	-46.82875498
3.10622711	-49.10950622
3.11355312	-55.22721444
3.12087912	-51.71150520
3.12820513	-64.66459827
3.13553114	-47.62086175
3.14285715	-46.91402943
3.15018315	-54.98931980
3.15750916	-55.20865011
3.16483517	-53.40773050
3.17216117	-51.43913214
3.17948718	-48.78189441
3.18681319	-48.44024389
3.19413920	-65.73852322
3.20146520	-43.64843952
3.20879121	-42.44805927
3.21611722	-58.60489617
3.22344323	-48.29193274
3.23076923	-55.63069651
3.23809524	-47.37838709
3.24542125	-48.38924898
3.25274726	-54.08426631
3.26007326	-58.41301716
3.26739927	-47.51435711
3.27472528	-45.97426378
3.28205128	-45.41867437
3.28937729	-41.27276288
3.29670330	-45.81337572
3.30402931	-55.05561349
3.31135531	-48.06129040
3.31868132	-56.29971414
3.32600733	-53.57599152
3.33333334	-47.50808163
3.34065934	-49.47359602
3.34798535	-54.66893500
3.35531136	-51.07631725
3.36263737	-49.20717100
3.36996337	-50.20777230
3.37728938	-51.46836742
3.38461539	-49.45782254
3.39194139	-54.77185389
3.39926740	-52.90599408
3.40659341	-55.65248308
3.41391942	-46.58377842
3.42124542	-46.95429779
3.42857143	-55.60586555
3.43589744	-57.78845379
3.44322345	-51.59942226
3.45054945	-45.91227104
3.45787546	-48.16654838
3.46520147	-49.66083753
3.47252748	-48.65248553
3.47985348	-53.36889666
3.48717949	-56.93251112
3.49450550	-46.55082878
3.50183150	-48.79926343
3.50915751	-50.01964984
3.51648352	-45.61091474
3.52380953	-52.90866390
3.53113553	-42.50038017
3.53846154	-44.44124660
3.54578755	-50.74544338
3.55311356	-53.64374236
3.56043956	-66.01443828
3.56776557	-56.58416568
3.57509158	-48.38365137
3.58241759	-48.48171511
3.58974359	-50.52526803
3.59706960	-48.27757250
3.60439561	-49.65638770
3.61172161	-57.14628058
3.61904762	-48.70349543
3.62637363	-43.80611162
3.63369964	-46.14453289
3.64102564	-44.18343968
3.64835165	-46.77130488
3.65567766	-52.06804054
3.66300367	-55.61877065
3.67032967	-62.00288050
3.67765568	-52.44049271
3.68498169	-43.94078067
3.69230770	-43.70000447
3.69963370	-45.68041764
3.70695971	-43.29141750
3.71428572	-43.98993261
3.72161172	-61.56636675
3.72893773	-46.52063745
3.73626374	-44.34494914
3.74358975	-47.87755162
3.75091575	-51.24377973
3.75824176	-60.84314334
3.76556777	-44.02189427
3.77289378	-39.95509716
3.78021978	-44.89560872
3.78754579	-54.23886604
3.79487180	-49.40190442
3.80219781	-59.05567328
3.80952381	-56.22763298
3.81684982	-62.14114184
3.82417583	-54.88941555
3.83150183	-46.09192045
3.83882784	-45.29633411
3.84615385	-47.64608845
3.85347986	-42.31657589
3.86080586	-45.00382979
3.86813187	-54.05704809
3.87545788	-51.67412043
3.88278389	-56.67514322
3.89010989	-51.18863105
3.89743590	-60.23086775
3.90476191	-48.83597823
3.91208792	-47.28047215
3.91941392	-58.46401018
3.92673993	-61.50904375
3.93406594	-52.05865366
3.94139194	-46.47127187
3.94871795	-48.24322445
3.95604396	-51.93427296
3.96336997	-50.43023947
3.97069597	-49.29426598
3.97802198	-55.32066304
3.98534799	-49.01683982
3.99267400	-47.62819703
4.00000000	-53.79736776
4.00732601	-53.64184750
4.01465202	-46.61515519
4.02197803	-48.11982560
4.02930403	-61.77486008
4.03663004	-50.48647257
4.04395605	-46.85295755
4.05128205	-49.63832901
4.05860806	-57.86986533
4.06593407	-57.13370227
4.07326008	-49.14333656
4.08058608	-46.15695265
4.08791209	-47.63022440
4.09523810	-51.62850871
4.10256411	-54.85048786
4.10989011	-51.90418458
4.11721612	-53.37038804
4.12454213	-50.01312630
4.13186814	-50.49129742
4.13919414	-46.16153333
4.14652015	-43.71027768
4.15384616	-47.17128513
4.16117216	-49.73269695
4.16849817	-65.79407679
4.17582418	-49.38169406
4.18315019	-50.31956646
4.19047619	-46.15402155
4.19780220	-47.57554574
4.20512821	-54.12018727
4.21245422	-48.17917926
4.21978022	-51.34845375
4.22710623	-55.29820223
4.23443224	-50.62932575
4.24175825	-54.71357541
4.24908425	-46.39559421
4.25641026	-49.80659683
4.26373627	-57.22124899
4.27106227	-50.45004549
4.27838828	-58.88903523
4.28571429	-52.81187098
4.29304030	-51.35757636
4.30036630	-49.39213813
4.30769231	-47.73800559
4.31501832	-49.49488424
4.32234433	-49.73732079
4.32967033	-51.40399178
4.33699634	-53.58329277
4.34432235	-52.08660715
4.35164836	-46.52705319
4.35897436	-47.04733773
4.36630037	-49.86507543
4.37362638	-50.26623687
4.38095238	-50.48665389
4.38827839	-46.12541542
4.39560440	-55.30427648
4.40293041	-46.37007832
4.41025641	-45.29907554
4.41758242	-68.57813054
4.42490843	-44.05046472
4.43223444	-42.55633491
4.43956044	-52.31137133
4.44688645	-49.35292910
4.45421246	-49.59060596
4.46153847	-62.32100987
4.46886447	-65.12577980
4.47619048	-52.49403403
4.48351649	-47.30784370
4.49084249	-42.88290028
4.49816850	-45.89751864
4.50549451	-51.65144674
4.51282052	-43.64746527
4.52014652	-47.74091295
4.52747253	-53.65031704
4.53479854	-45.00547489
4.54212455	-46.41348491
4.54945055	-57.16346392
4.55677656	-51.12780967
4.56410257	-52.41809142
4.57142858	-62.99119974
4.57875458	-48.47518090
4.58608059	-46.76518564
4.59340660	-50.80584779
4.60073260	-59.89318220
4.60805861	-58.23413062
4.61538462	-52.23187021
4.62271063	-57.86193690
4.63003663	-51.25150723
4.63736264	-46.03103534
4.64468865	-50.57145186
4.65201466	-52.39595704
4.65934066	-43.51883824
4.66666667	-45.03062415
4.67399268	-54.46477202
4.68131869	-54.65524175
4.68864469	-54.00382876
4.69597070	-51.42459005
4.70329671	-51.25106126
4.71062271	-46.16958951
4.71794872	-52.89644573
4.72527473	-56.33882852
4.73260074	-51.92887959
4.73992674	-50.31330893
4.74725275	-44.34828355
4.75457876	-42.36553084
4.76190477	-46.22884371
4.76923077	-59.62527549
4.77655678	-45.71906864
4.78388279	-40.87192754
4.79120880	-45.34059584
4.79853480	-45.45555766
4.80586081	-45.40115562
4.81318682	-54.29807264
4.82051282	-56.13750163
4.82783883	-47.84197724
4.83516484	-49.39668497
4.84249085	-54.74118230
4.84981685	-49.09093401
4.85714286	-45.36478419
4.86446887	-52.50975337
4.87179488	-50.95684797
4.87912088	-49.84341187
4.88644689	-54.24348525
4.89377290	-50.70476177
4.90109891	-51.20827526
4.90842491	-53.47534853
4.91575092	-58.94792310
4.92307693	-62.15079268
4.93040293	-65.78678193
4.93772894	-55.47777365
4.94505495	-49.39990932
4.95238096	-51.26904277
4.95970696	-65.19816746
4.96703297	-49.04464092
4.97435898	-50.48538569
4.98168499	-49.29928005
4.98901099	-43.90105457
4.99633700	-46.48193308
5.00366301	-50.03078906
5.01098902	-51.29508371
5.01831502	-55.23311583
5.02564103	-46.86219263
5.03296704	-45.62970699
5.04029304	-48.49204123
5.04761905	-45.85567637
5.05494506	-57.01613435
5.06227107	-46.25112884
5.06959707	-48.71304005
5.07692308	-45.36934466
5.08424909	-42.34123609
5.09157510	-56.10386237
5.09890110	-48.98413973
5.10622711	-52.82476731
5.11355312	-51.20807618
5.12087913	-50.75988272
5.12820513	-52.30139437
5.13553114	-57.28325868
5.14285715	-49.35782775
5.15018315	-49.27858947
5.15750916	-54.95583555
5.16483517	-57.33074485
5.17216118	-47.42724387
5.17948718	-48.46576845
5.18681319	-52.03794865
5.19413920	-53.38604883
5.20146521	-55.54034082
5.20879121	-46.44299622
5.21611722	-49.20955466
5.22344323	-54.75209667
5.23076924	-45.96019186
5.23809524	-41.94609081
5.24542125	-40.89691363
5.25274726	-46.81229293
5.26007326	-53.33200001
5.26739927	-46.77585338
5.27472528	-50.91205573
5.28205129	-51.09567605
5.28937729	-55.48441167
5.29670330	-55.82716355
5.30402931	-51.72582847
5.31135532	-57.44834874
5.31868132	-50.63706363
5.32600733	-50.10481542
5.33333334	-47.94127013
5.34065935	-49.22842955
5.34798535	-51.35647489
5.35531136	-53.68160438
5.36263737	-52.90816817
5.36996337	-54.16602046
5.37728938	-60.76586668
5.38461539	-56.46061635
5.39194140	-63.07903254
5.39926740	-53.78244343
5.40659341	-50.86385599
5.41391942	-48.27449184
5.42124543	-47.15334703
5.42857143	-48.31438715
5.43589744	-50.69542872
5.44322345	-60.32729370
5.45054945	-57.69370992
5.45787546	-56.34058464
5.46520147	-53.65770255
5.47252748	-49.10089643
5.47985348	-47.15460533
5.48717949	-55.42504539
5.49450550	-50.75351385
5.50183151	-51.20589856
5.50915751	-49.76576506
5.51648352	-50.82438192
5.52380953	-54.32947448
5.53113554	-45.07067950
5.53846154	-45.05271477
5.54578755	-49.82582750
5.55311356	-47.04666959
5.56043956	-43.83708228
5.56776557	-46.76060866
5.57509158	-52.98517495
5.58241759	-56.05521631
5.58974359	-52.27322588
5.59706960	-47.95563999
5.60439561	-51.03220444
5.61172162	-50.45068796
5.61904762	-45.52161430
5.62637363	-42.41247882
5.63369964	-42.69745271
5.64102565	-45.09273755
5.64835165	-46.29968863
5.65567766	-47.43502120
5.66300367	-54.90630999
5.67032967	-46.19743026
5.67765568	-53.98967829
5.68498169	-49.73653404
5.69230770	-47.42140136
5.69963370	-49.73568356
5.70695971	-46.04490135
5.71428572	-46.33985822
5.72161173	-52.35823986
5.72893773	-58.55857084
5.73626374	-51.97704685
5.74358975	-47.22534585
5.75091576	-49.46414784
5.75824176	-50.17535727
5.76556777	-50.76705644
5.77289378	-46.86967131
5.78021978	-65.78944540
5.78754579	-47.42720294
5.79487180	-52.52537540
5.80219781	-49.11534836
5.80952381	-47.51184459
5.81684982	-55.29630048
5.82417583	-62.55051196
5.83150184	-56.65887674
5.83882784	-56.40572591
5.84615385	-49.48570005
5.85347986	-48.84081385
5.86080587	-54.51190430
5.86813187	-56.87598400
5.87545788	-56.67614582
5.88278389	-54.37280526
5.89010989	-59.90941584
5.89743590	-54.18199326
5.90476191	-46.12259409
5.91208792	-46.38035828
5.91941392	-56.30469762
5.92673993	-54.87977058
5.93406594	-48.89225156
5.94139195	-46.02145786
5.94871795	-47.17676982
5.95604396	-47.80061722
5.96336997	-46.99980856
5.97069598	-48.52305530
5.97802198	-49.89165391
5.98534799	-51.01060458
5.99267400	-49.50713781
6.00000000	-51.72852258
6.00732601	-55.52701698
6.01465202	-54.09450281
6.02197803	-49.75401837
6.02930403	-47.41961357
6.03663004	-46.81192288
6.04395605	-54.17644452
6.05128206	-49.75088003
6.05860806	-46.72928111
6.06593407	-49.18050004
6.07326008	-49.86100420
6.08058609	-55.98243893
6.08791209	-60.90276149
6.09523810	-52.85324883
6.10256411	-61.00075975
6.10989011	-43.65242539
6.11721612	-42.81029186
6.12454213	-51.87014930
6.13186814	-50.12614197
6.13919414	-49.75283586
6.14652015	-55.39071816
6.15384616	-48.45194501
6.16117217	-44.54447581
6.16849817	-53.96637146
6.17582418	-48.37476912
6.18315019	-49.84156145
6.19047620	-68.94855179
6.19780220	-59.14975471
6.20512821	-49.38561899
6.21245422	-45.01147340
6.21978022	-45.37899806
6.22710623	-50.55980883
6.23443224	-64.79530753
6.24175825	-50.97600754
6.24908425	-51.10114656
6.25641026	-51.38811688
6.26373627	-47.45804844
6.27106228	-46.13461049
6.27838828	-46.54423251
6.28571429	-44.95203396
6.29304030	-48.96150007
6.30036631	-49.52640980
6.30769231	-49.60284145
6.31501832	-44.73088529
6.32234433	-48.92025824
6.32967033	-43.86868870
6.33699634	-43.79371287
6.34432235	-50.87595136
6.35164836	-52.23976613
6.35897436	-44.87551270
6.36630037	-41.88072433
6.37362638	-48.48044888
6.38095239	-51.53110677
6.38827839	-51.66030059
6.39560440	-65.46598003
6.40293041	-54.40889609
6.41025642	-54.20755177
6.41758242	-63.10848539
6.42490843	-51.35919733
6.43223444	-52.33876214
6.43956044	-56.82819706
6.44688645	-54.09259949
6.45421246	-49.09444983
6.46153847	-50.85892896
6.46886447	-52.71825891
6.47619048	-49.73595584
6.48351649	-52.57767046
6.49084250	-66.96976736
6.49816850	-56.50618008
6.50549451	-54.81450666
6.51282052	-47.42768895
6.52014653	-48.80031777
6.52747253	-52.18476323
6.53479854	-49.56821386
6.54212455	-52.88908523
6.54945055	-58.59704233
6.55677656	-53.40578397
6.56410257	-47.47953821
6.57142858	-52.14303705
6.57875458	-51.44773555
6.58608059	-52.32661526
6.59340660	-59.24075477
6.60073261	-51.89366521
6.60805861	-47.47108770
6.61538462	-45.51867262
6.62271063	-46.36489706
6.63003664	-53.70443083
6.63736264	-58.19125121
6.64468865	-49.19657548
6.65201466	-46.54603192
6.65934066	-45.50295110
6.66666667	-44.58675965
6.67399268	-47.53510582
6.68131869	-50.92570057
6.68864469	-54.52573961
6.69597070	-46.90304924
6.70329671	-52.26970453
6.71062272	-49.62987233
6.71794872	-45.83888978
6.72527473	-54.98796981
6.73260074	-48.79242753
6.73992675	-55.10137715
6.74725275	-50.26771308
6.75457876	-46.70076776
6.76190477	-49.07465772
6.76923077	-48.22488777
6.77655678	-62.17928436
6.78388279	-43.78324531
6.79120880	-44.07310914
6.79853480	-50.34929925
6.80586081	-45.31081910
6.81318682	-49.65339748
6.82051283	-54.06176539
6.82783883	-53.57968086
6.83516484	-51.70841010
6.84249085	-49.03743553
6.84981686	-51.12513746
6.85714286	-54.85266820
6.86446887	-47.07077895
6.87179488	-46.19242907
6.87912088	-48.26778984
6.88644689	-54.47449112
6.89377290	-58.43595222
6.90109891	-48.58340498
6.90842491	-44.80106930
6.91575092	-45.71510867
6.92307693	-46.25707430
6.93040294	-46.80650419
6.93772894	-54.65646209
6.94505495	-48.65148490
6.95238096	-48.81029491
6.95970697	-45.92920217
6.96703297	-48.97512667
6.97435898	-62.21052450
6.98168499	-61.65782379
6.98901099	-49.00257795
6.99633700	-48.78467665
7.00366301	-52.37851976
7.01098902	-50.58922724
7.01831502	-53.35693262
7.02564103	-54.32936831
7.03296704	-78.99933530
7.04029305	-51.96384809
7.04761905	-51.02596547
7.05494506	-55.93893355
7.06227107	-59.91608818
7.06959708	-57.69694199
7.07692308	-53.08996313
7.08424909	-58.34214897
7.09157510	-59.64855973
7.09890110	-54.43370185
7.10622711	-49.06055837
7.11355312	-47.45790355
7.12087913	-50.70172992
7.12820513	-61.29171911
7.13553114	-53.48934069
7.14285715	-54.65497639
7.15018316	-71.64603467
7.15750916	-60.75442725
7.16483517	-50.86364956
7.17216118	-49.67396832
7.17948719	-57.89401936
7.18681319	-53.10219345
7.19413920	-46.13424242
7.20146521	-46.24875719
7.20879121	-49.91063883
7.21611722	-52.60110220
7.22344323	-53.27030990
7.23076924	-51.93483892
7.23809524	-50.35851328
7.24542125	-49.05352553
7.25274726	-51.34470195
7.26007327	-54.77840986
7.26739927	-56.31928114
7.27472528	-47.17141277
7.28205129	-46.06968770
7.28937730	-45.84068970
7.29670330	-44.50944421
7.30402931	-47.10221736
7.31135532	-46.62605227
7.31868132	-48.34389556
7.32600733	-48.66147364
7.33333334	-44.36678723
7.34065935	-48.31792675
7.34798535	-63.53084741
7.35531136	-56.29309565
7.36263737	-42.99774057
7.36996338	-42.62215335
7.37728938	-59.83341601
7.38461539	-46.50246856
7.39194140	-46.51480696
7.39926741	-47.08679730
7.40659341	-48.82272383
7.41391942	-54.21209409
7.42124543	-52.53227505
7.42857143	-53.97328957
7.43589744	-64.39502224
7.44322345	-54.50947265
7.45054946	-56.77297413
7.45787546	-55.15254099
7.46520147	-51.71213075
7.47252748	-51.20197559
7.47985349	-58.05886289
7.48717949	-52.71975437
7.49450550	-48.33735207
7.50183151	-49.98533807
7.50915752	-47.29494314
7.51648352	-50.80143237
7.52380953	-50.94178905
7.53113554	-45.54058703
7.53846154	-48.37531269
7.54578755	-54.10168392
7.55311356	-48.40733455
7.56043957	-50.17949398
7.56776557	-51.21605939
7.57509158	-51.34852309
7.58241759	-57.61551511
7.58974360	-46.04408788
7.59706960	-48.27803065
7.60439561	-54.48691688
7.61172162	-48.61780874
7.61904763	-49.76504504
7.62637363	-58.69811453
7.63369964	-57.39066215
7.64102565	-53.39776090
7.64835165	-59.23998694
7.65567766	-52.10158502
7.66300367	-51.74065431
7.67032968	-70.85080850
7.67765568	-54.66257453
7.68498169	-52.25068882
7.69230770	-53.96541645
7.69963371	-45.09494305
7.70695971	-42.62639085
7.71428572	-49.88373024
7.72161173	-50.43596862
7.72893774	-58.58901625
7.73626374	-47.85551623
7.74358975	-54.89891718
7.75091576	-53.82020427
7.75824176	-51.68126248
7.76556777	-51.61564011
7.77289378	-52.17017409
7.78021979	-52.37904519
7.78754579	-54.02515721
7.79487180	-45.76194534
7.80219781	-50.34601849
7.80952382	-58.77093131
7.81684982	-52.71863713
7.82417583	-49.50934799
7.83150184	-45.59319972
7.83882785	-47.04180740
7.84615385	-53.51204309
7.85347986	-47.52704672
7.86080587	-53.57918653
7.86813187	-53.17318781
7.87545788	-48.93733784
7.88278389	-53.40751033
7.89010990	-69.59841018
7.89743590	-52.39099534
7.90476191	-49.46086014
7.91208792	-58.35378193
7.91941393	-50.35131044
7.92673993	-48.78817528
7.93406594	-68.40949799
7.94139195	-52.11724441
7.94871796	-50.95632537
7.95604396	-57.83847508
7.96336997	-55.17072331
7.97069598	-52.51514418
7.97802198	-64.71852517
7.98534799	-61.61000048
7.99267400	-53.14548862
8.00000001	-47.40710764
8.00732601	-44.28110963
8.01465202	-46.71394254
8.02197803	-49.20447698
8.02930404	-42.48042424
8.03663004	-47.52595346
8.04395605	-52.62024663
8.05128206	-66.50758870
8.05860807	-47.82125071
8.06593407	-49.05984455
8.07326008	-72.51924085
8.08058609	-60.69760716
8.08791209	-57.39793689
8.09523810	-61.43202521
8.10256411	-53.79153780
8.10989012	-52.51794512
8.11721612	-50.15253502
8.12454213	-52.31970284
8.13186814	-60.72057770
8.13919415	-60.09264810
8.14652015	-54.93246830
8.15384616	-64.06447246
8.16117217	-50.94579473
8.16849818	-52.85835155
8.17582418	-57.53287504
8.18315019	-61.19741971
8.19047620	-54.14992016
8.19780220	-51.52070650
8.20512821	-48.10771888
8.21245422	-57.00232344
8.21978023	-48.66701822
8.22710623	-46.91837576
8.23443224	-53.43998238
8.24175825	-58.93023337
8.24908426	-57.16190935
8.25641026	-60.87734398
8.26373627	-57.02143285
8.27106228	-50.66496953
8.27838829	-51.50085711
8.28571429	-67.74876322
8.29304030	-52.49834569
8.30036631	-52.50732115
8.30769231	-65.22841507
8.31501832	-53.90824513
8.32234433	-52.24399494
8.32967034	-44.18197113
8.33699634	-46.29256243
8.34432235	-56.83931032
8.35164836	-45.63178689
8.35897437	-49.10951193
8.36630037	-74.87034968
8.37362638	-55.07401984
8.38095239	-48.11435543
8.38827840	-48.27532479
8.39560440	-56.18683048
8.40293041	-52.60314144
8.41025642	-52.73586529
8.41758242	-53.67838902
8.42490843	-54.46249802
8.43223444	-51.25389021
8.43956045	-49.94016207
8.44688645	-50.72240753
8.45421246	-47.90623280
8.46153847	-47.51859386
8.46886448	-51.72593097
8.47619048	-58.38803341
8.48351649	-60.77378593
8.49084250	-60.41474722
8.49816851	-59.72701867
8.50549451	-58.88125976
8.51282052	-47.62230163
8.52014653	-48.17163129
8.52747253	-57.28900658
8.53479854	-57.72929004
8.54212455	-53.51120860
8.54945056	-57.79073687
8.55677656	-62.06824158
8.56410257	-63.53919887
8.57142858	-54.12384164
8.57875459	-61.74905652
8.58608059	-47.81922551
8.59340660	-48.23908060
8.60073261	-55.60430855
8.60805862	-58.69735783
8.61538462	-47.71747248
8.62271063	-45.77402228
8.63003664	-51.94770662
8.63736264	-60.99754238
8.64468865	-54.25705837
8.65201466	-49.83447205
8.65934067	-55.82453095
8.66666667	-55.71928452
8.67399268	-51.08444282
8.68131869	-47.97417454
8.68864470	-61.63371189
8.69597070	-44.06817169
8.70329671	-44.87823363
8.71062272	-51.11132787
8.71794873	-48.78737303
8.72527473	-50.96936964
8.73260074	-52.02932625
8.73992675	-54.20165552
8.74725275	-46.05335451
8.75457876	-50.00851699
8.76190477	-57.61218832
8.76923078	-55.84978771
8.77655678	-51.67390249
8.78388279	-67.76251414
8.79120880	-49.28509304
8.79853481	-49.87292577
8.80586081	-52.90625559
8.81318682	-51.00481955
8.82051283	-67.31831646
8.82783884	-47.20563849
8.83516484	-47.46181597
8.84249085	-67.06998253
8.84981686	-47.26094737
8.85714286	-47.71383143
8.86446887	-51.69311678
8.87179488	-57.20764359
8.87912089	-55.15513327
8.88644689	-47.46640915
8.89377290	-44.34547004
8.90109891	-43.62635571
8.90842492	-44.81389358
8.91575092	-49.81432595
8.92307693	-60.65119405
8.93040294	-46.40678647
8.93772894	-44.88901741
8.94505495	-49.31469092
8.95238096	-50.16604363
8.95970697	-51.15005545
8.96703297	-54.56045015
8.97435898	-48.87743457
8.98168499	-52.58986086
8.98901100	-63.19357777
8.99633700	-51.72127891
9.00366301	-50.79406484
9.01098902	-56.47623173
9.01831503	-58.44190319
9.02564103	-52.18625690
9.03296704	-57.87996418
9.04029305	-55.07011966
9.04761905	-65.22013691
9.05494506	-51.76253697
9.06227107	-52.16737041
9.06959708	-50.56768318
9.07692308	-51.39759193
9.08424909	-47.96373194
9.09157510	-43.07872569
9.09890111	-44.13217785
9.10622711	-46.53075252
9.11355312	-43.95778935
9.12087913	-51.14277934
9.12820514	-50.71397121
9.13553114	-52.19012246
9.14285715	-53.22855347
9.15018316	-53.59798249
9.15750916	-44.76443196
9.16483517	-48.16697481
9.17216118	-52.52223919
9.17948719	-56.63057688
9.18681319	-53.97983785
9.19413920	-57.14076045
9.20146521	-52.18343082
9.20879122	-52.63880457
9.21611722	-59.99650016
9.22344323	-53.13661037
9.23076924	-55.48044204
9.23809525	-55.22566994
9.24542125	-54.19469411
9.25274726	-53.37624573
9.26007327	-51.48162439
9.26739927	-55.10345606
9.27472528	-54.71096905
9.28205129	-67.92969844
9.28937730	-57.54860712
9.29670330	-76.19887417
9.30402931	-54.17689939
9.31135532	-58.69146047
9.31868133	-46.63536788
9.32600733	-44.18439474
9.33333334	-46.71938770
9.34065935	-50.99170973
9.34798536	-56.79677969
9.35531136	-52.93253050
9.36263737	-55.26829541
9.36996338	-54.47681214
9.37728938	-49.88799528
9.38461539	-68.61744282
9.39194140	-50.97720796
9.39926741	-55.36793171
9.40659341	-61.58814969
9.41391942	-61.57118316
9.42124543	-49.66465000
9.42857144	-50.44395255
9.43589744	-59.89827154
9.44322345	-51.69586603
9.45054946	-53.25865198
9.45787547	-50.58606108
9.46520147	-54.54447619
9.47252748	-50.97404698
9.47985349	-46.75743702
9.48717949	-55.86230281
9.49450550	-48.76873812
9.50183151	-49.78832218
9.50915752	-55.55614619
9.51648352	-57.46387171
9.52380953	-53.78967053
9.53113554	-51.46358596
9.53846155	-43.94237709
9.54578755	-44.75046251
9.55311356	-51.13679751
9.56043957	-56.47637836
9.56776558	-59.37752058
9.57509158	-59.40035356
9.58241759	-61.14402122
9.58974360	-51.03385631
9.59706960	-47.78540692
9.60439561	-47.23042792
9.61172162	-44.90202539
9.61904763	-46.33366703
9.62637363	-47.42025837
9.63369964	-51.40661720
9.64102565	-66.91646517
9.64835166	-62.08778248
9.65567766	-57.29358106
9.66300367	-49.78359147
9.67032968	-48.87437279
9.67765569	-62.58430041
9.68498169	-50.70551146
9.69230770	-54.01986677
9.69963371	-58.68567886
9.70695971	-63.72277566
9.71428572	-65.06420922
9.72161173	-55.96833750
9.72893774	-46.59484947
9.73626374	-47.53003651
9.74358975	-55.92421619
9.75091576	-73.63503283
9.75824177	-56.81470000
9.76556777	-49.97273570
9.77289378	-50.37617984
9.78021979	-54.12076222
9.78754580	-44.51807827
9.79487180	-45.93527424
9.80219781	-51.31538388
9.80952382	-47.28332959
9.81684982	-54.81056442
9.82417583	-50.87311188
9.83150184	-48.78192650
9.83882785	-54.59281845
9.84615385	-54.63751160
9.85347986	-47.31713844
9.86080587	-52.99386939
9.86813188	-50.73505397
9.87545788	-50.34531166
9.88278389	-57.17136255
9.89010990	-50.44139493
9.89743591	-48.85511293
9.90476191	-49.90945076
9.91208792	-57.35797997
9.91941393	-61.84897948
9.92673993	-65.57752140
9.93406594	-58.37848117
9.94139195	-52.01895825
9.94871796	-53.17514642
9.95604396	-51.34884204
9.96336997	-55.87309001
9.97069598	-51.10761428
9.97802199	-48.46894029
9.98534799	-58.80266816
9.99267400	-50.20520422
10.00000001	-63.27782732
10.00732602	-50.54292169
10.01465202	-49.94999294
10.02197803	-58.32658593
10.02930404	-58.96422637
10.03663004	-52.95261935
10.04395605	-59.51908112
10.05128206	-51.45299603
10.05860807	-49.90665623
10.06593407	-46.75499978
10.07326008	-49.90465340
10.08058609	-52.97630809
10.08791210	-51.55581322
10.09523810	-51.77392973
10.10256411	-44.54851655
10.10989012	-46.30592215
10.11721613	-51.77820690
10.12454213	-57.54359803
10.13186814	-65.64388421
10.13919415	-58.80477777
10.14652015	-52.68738877
10.15384616	-54.00521167
10.16117217	-48.78761048
10.16849818	-51.43935101
10.17582418	-50.11340243
10.18315019	-46.77628438
10.19047620	-52.18996171
10.19780221	-53.02610125
10.20512821	-54.04252216
10.21245422	-49.91655487
10.21978023	-46.65529276
10.22710624	-46.88997647
10.23443224	-51.63170483
10.24175825	-60.65790975
10.24908426	-59.38983102
10.25641026	-60.42476050
10.26373627	-50.09804167
10.27106228	-47.43312591
10.27838829	-50.70869645
10.28571429	-63.39301309
10.29304030	-55.61588465
10.30036631	-55.78723140
10.30769232	-53.14546866
10.31501832	-51.63744830
10.32234433	-52.50550393
10.32967034	-52.94859734
10.33699635	-57.37369176
10.34432235	-45.07722130
10.35164836	-44.77020235
10.35897437	-52.42363473
10.36630037	-53.56042092
10.37362638	-45.22489231
10.38095239	-44.39814436
10.38827840	-48.55508505
10.39560440	-50.23399411
10.40293041	-50.82975633
10.41025642	-50.49608186
10.41758243	-44.82133275
10.42490843	-47.25180498
10.43223444	-49.84173028
10.43956045	-46.09169918
10.44688646	-51.54787360
10.45421246	-49.02507088
10.46153847	-48.81241081
10.46886448	-46.64018844
10.47619048	-52.01991621
10.48351649	-53.40446697
10.49084250	-62.26148007
10.49816851	-47.49914850
10.50549451	-45.49364466
10.51282052	-55.41626516
10.52014653	-51.88719831
10.52747254	-54.31203484
10.53479854	-66.65371486
10.54212455	-73.68969393
10.54945056	-58.95408135
10.55677657	-57.31400265
10.56410257	-53.47753752
10.57142858	-50.52285911
10.57875459	-49.86274384
10.58608059	-53.85432789
10.59340660	-55.96084374
10.60073261	-52.99794342
10.60805862	-46.59781912
10.61538462	-52.55412039
10.62271063	-57.78219319
10.63003664	-49.19386058
10.63736265	-44.71132274
10.64468865	-49.01580058
10.65201466	-55.94718399
10.65934067	-52.10793793
10.66666668	-57.83292327
10.67399268	-54.68432194
10.68131869	-66.84212446
10.68864470	-54.90121121
10.69597070	-63.40831540
10.70329671	-52.79039383
10.71062272	-51.80847388
10.71794873	-64.82241999
10.72527473	-53.39222680
10.73260074	-54.72696082
10.73992675	-61.94128337
10.74725276	-53.50766613
10.75457876	-45.79821959
10.76190477	-46.40237039
10.76923078	-60.77627769
10.77655679	-60.56247723
10.78388279	-52.88922676
10.79120880	-45.87065228
10.79853481	-47.35767365
10.80586081	-46.41602915
10.81318682	-46.88861438
10.82051283	-64.08645921
10.82783884	-51.01438718
10.83516484	-54.14932481
10.84249085	-56.66088757
10.84981686	-55.88965473
10.85714287	-57.94276008
10.86446887	-54.98548069
10.87179488	-66.47189427
10.87912089	-53.72724326
10.88644690	-55.62238318
10.89377290	-54.71300573
10.90109891	-47.27838054
10.90842492	-46.67816320
10.91575092	-57.34593992
10.92307693	-45.93907870
10.93040294	-47.26456241
10.93772895	-56.51912158
10.94505495	-44.56233911
10.95238096	-45.64019181
10.95970697	-54.29165983
10.96703298	-61.29376628
10.97435898	-59.06920058
10.98168499	-49.93114861
10.98901100	-52.46919527
10.99633701	-55.91651907
11.00366301	-47.82452789
11.01098902	-48.30855866
11.01831503	-44.87033591
11.02564103	-47.74304187
11.03296704	-61.14781414
11.04029305	-52.24308017
11.04761906	-56.25341176
11.05494506	-45.29492127
11.06227107	-44.57299668
11.06959708	-47.60940849
11.07692309	-62.96683640
11.08424909	-50.65813859
11.09157510	-52.75201238
11.09890111	-62.58803736
11.10622712	-53.67672533
11.11355312	-49.97935767
11.12087913	-53.81166521
11.12820514	-50.82708044
11.13553114	-46.01782931
11.14285715	-48.74465660
11.15018316	-49.37328991
11.15750917	-50.14851745
11.16483517	-55.91019248
11.17216118	-54.03520069
11.17948719	-51.35109143
11.18681320	-58.93638659
11.19413920	-58.11976965
11.20146521	-57.62356468
11.20879122	-56.49658513
11.21611723	-57.00286628
11.22344323	-47.70257006
11.23076924	-51.10691595
11.23809525	-58.94160558
11.24542125	-57.64157535
11.25274726	-55.96715852
11.26007327	-49.06515082
11.26739928	-56.46463628
11.27472528	-47.60130803
11.28205129	-50.71515038
11.28937730	-50.17637020
11.29670331	-48.68815941
11.30402931	-55.00607559
11.31135532	-52.20764269
11.31868133	-50.09666588
11.32600734	-48.41213639
11.33333334	-54.61081693
11.34065935	-53.40775037
11.34798536	-59.64834685
11.35531136	-52.27675650
11.36263737	-54.40095096
11.36996338	-45.32027295
11.37728939	-47.95993759
11.38461539	-53.53967899
11.39194140	-51.70860690
11.39926741	-64.07536597
11.40659342	-57.01362696
11.41391942	-55.66728314
11.42124543	-61.49741214
11.42857144	-60.71023770
11.43589745	-55.04818220
11.44322345	-50.45763358
11.45054946	-50.39870356
11.45787547	-56.92924357
11.46520147	-59.84594833
11.47252748	-56.88056490
11.47985349	-55.42752064
11.48717950	-59.76807908
11.49450550	-50.25878172
11.50183151	-49.53379712
11.50915752	-57.88321551
11.51648353	-56.44299224
11.52380953	-51.98396222
11.53113554	-54.88587337
11.53846155	-60.41721730
11.54578756	-58.32382827
11.55311356	-57.53379364
11.56043957	-65.60261737
11.56776558	-60.17793453
11.57509158	-56.13197265
11.58241759	-51.28948869
11.58974360	-52.23117810
11.59706961	-59.32913685
11.60439561	-53.31591206
11.61172162	-62.76789264
11.61904763	-50.17666266
11.62637364	-48.49263792
11.63369964	-64.82089597
11.64102565	-45.53490066
11.64835166	-44.08503226
11.65567767	-50.14085990
11.66300367	-47.24769197
11.67032968	-49.06658855
11.67765569	-57.43462093
11.68498169	-59.26087532
11.69230770	-60.81561186
11.69963371	-59.63725421
11.70695972	-50.42091809
11.71428572	-48.56483430
11.72161173	-53.43964068
11.72893774	-57.89876864
11.73626375	-52.08421608
11.74358975	-60.57591081
11.75091576	-54.34928664
11.75824177	-56.41141603
11.76556778	-58.12463525
11.77289378	-54.52240815
11.78021979	-52.58858169
11.78754580	-58.06996769
11.79487180	-46.44016039
11.80219781	-46.40191449
11.80952382	-50.89989928
11.81684983	-56.90962338
11.82417583	-51.68203171
11.83150184	-49.56824235
11.83882785	-53.55848298
11.84615386	-60.06241514
11.85347986	-53.55694241
11.86080587	-51.92135919
11.86813188	-45.40824444
11.87545789	-47.32125183
11.88278389	-55.94421070
11.89010990	-65.15699465
11.89743591	-54.76953742
11.90476191	-54.71802264
11.91208792	-56.74591242
11.91941393	-49.69094262
11.92673994	-66.00590557
11.93406594	-47.53733305
11.94139195	-45.62191271
11.94871796	-52.55636834
11.95604397	-60.35614682
11.96336997	-65.99671401
11.97069598	-56.06196530
11.97802199	-49.79942061
11.98534800	-47.67617115
11.99267400	-47.06792718
12.00000001	-49.36864375
12.00732602	-47.67195715
12.01465202	-44.79351420
12.02197803	-46.97590642
12.02930404	-47.48771525
12.03663005	-50.95561960
12.04395605	-60.86582061
12.05128206	-51.28366245
12.05860807	-54.87397969
12.06593408	-58.07563627
12.07326008	-53.44725305
12.08058609	-55.52593607
12.08791210	-68.00025662
12.09523811	-55.30950917
12.10256411	-51.27757258
12.10989012	-48.94499856
12.11721613	-48.94314292
12.12454213	-49.18239365
12.13186814	-54.15610864
12.13919415	-51.73942081
12.14652016	-52.44696957
12.15384616	-55.76902315
12.16117217	-60.94320802
12.16849818	-66.11004557
12.17582419	-57.44372974
12.18315019	-49.75743067
12.19047620	-50.43570975
12.19780221	-49.73440987
12.20512822	-48.66933211
12.21245422	-53.58917410
12.21978023	-44.31192083
12.22710624	-44.84136364
12.23443224	-57.74947237
12.24175825	-53.83613044
12.24908426	-51.67608778
12.25641027	-54.98507530
12.26373627	-55.97063411
12.27106228	-69.31548630
12.27838829	-57.12973568
12.28571430	-58.27027412
12.29304030	-55.68275363
12.30036631	-51.47082477
12.30769232	-57.97187280
12.31501833	-52.94314707
12.32234433	-49.22589398
12.32967034	-49.31444966
12.33699635	-51.36986603
12.34432235	-56.17327445
12.35164836	-48.89898627
12.35897437	-57.56540009
12.36630038	-52.83705428
12.37362638	-52.67119173
12.38095239	-57.63985601
12.38827840	-51.38275801
12.39560441	-57.61422130
12.40293041	-50.41128583
12.41025642	-54.24729557
12.41758243	-54.71470528
12.42490844	-51.63423941
12.43223444	-61.57177126
12.43956045	-49.67987637
12.44688646	-51.35246778
12.45421246	-57.88579932
12.46153847	-48.34217568
12.46886448	-54.49156822
12.47619049	-56.70744106
12.48351649	-55.25871862
12.49084250	-56.18392577
12.49816851	-50.61246570
12.50549452	-53.29807895
12.51282052	-67.49935661
12.52014653	-62.52138178
12.52747254	-61.18415848
12.53479854	-57.65820994
12.54212455	-55.83370183
12.54945056	-58.58044578
12.55677657	-56.82393926
12.56410257	-57.71808684
12.57142858	-53.50211042
12.57875459	-51.73583900
12.58608060	-49.09004602
12.59340660	-50.45369749
12.60073261	-54.30450158
12.60805862	-53.78726636
12.61538463	-50.05157047
12.62271063	-48.62405855
12.63003664	-53.75936514
12.63736265	-57.40762446
12.64468865	-55.37535689
12.65201466	-62.03108540
12.65934067	-58.16546052
12.66666668	-52.35096234
12.67399268	-48.16189612
12.68131869	-54.80529391
12.68864470	-59.78222137
12.69597071	-65.04551480
12.70329671	-52.81533270
12.71062272	-53.14777033
12.71794873	-53.72130534
12.72527474	-58.05073272
12.73260074	-55.93158656
12.73992675	-52.65004776
12.74725276	-51.77624956
12.75457876	-56.57711542
12.76190477	-58.86973495
12.76923078	-57.52245784
12.77655679	-50.01166678
12.78388279	-57.55926234
12.79120880	-50.70263338
12.79853481	-47.20395635
12.80586082	-46.96757315
12.81318682	-44.65945597
12.82051283	-46.79251049
12.82783884	-51.13216156
12.83516485	-49.33722620
12.84249085	-55.80113310
12.84981686	-55.87668647
12.85714287	-47.09265353
12.86446887	-46.52828721
12.87179488	-57.00008040
12.87912089	-53.28114383
12.88644690	-54.86609273
12.89377290	-60.69893924
12.90109891	-59.06617870
12.90842492	-54.45386965
12.91575093	-50.35256786
12.92307693	-48.62650814
12.93040294	-47.82602098
12.93772895	-46.86515878
12.94505496	-48.72353326
12.95238096	-64.48190262
12.95970697	-52.55020157
12.96703298	-59.73423137
12.97435898	-49.64409608
12.98168499	-53.48264726
12.98901100	-50.65102604
12.99633701	-57.25124519
13.00366301	-56.51098975
13.01098902	-56.17256888
13.01831503	-57.71872076
13.02564104	-57.73163743
13.03296704	-55.22321723
13.04029305	-57.18846242
13.04761906	-46.60703565
13.05494507	-49.67057478
13.06227107	-61.02806871
13.06959708	-50.27960618
13.07692309	-50.94716494
13.08424909	-62.31801755
13.09157510	-49.32806659
13.09890111	-48.79483211
13.10622712	-59.14326040
13.11355312	-62.34745363
13.12087913	-51.22120041
13.12820514	-52.50319776
13.13553115	-53.16661863
13.14285715	-45.58163327
13.15018316	-54.03495032
13.15750917	-49.16137460
13.16483518	-47.79939013
13.17216118	-54.96143662
13.17948719	-58.53900168
13.18681320	-54.33289099
13.19413920	-53.53459510
13.20146521	-53.22848231
13.20879122	-50.51683632
13.21611723	-49.57726781
13.22344323	-57.15876882
13.23076924	-48.24227916
13.23809525	-45.78260223
13.24542126	-48.32434617
13.25274726	-53.23147976
13.26007327	-49.60582526
13.26739928	-51.50496493
13.27472529	-49.41817459
13.28205129	-54.70884391
13.28937730	-49.69168579
13.29670331	-50.78339857
13.30402931	-57.76364824
13.31135532	-56.76163042
13.31868133	-62.66007894
13.32600734	-49.12495072
13.33333334	-45.84757155
13.34065935	-42.72534946
13.34798536	-44.86056813
13.35531137	-54.44361582
13.36263737	-44.73335885
13.36996338	-47.48285966
13.37728939	-58.13817939
13.38461540	-54.88213346
13.39194140	-60.33630614
13.39926741	-51.51052134
13.40659342	-57.04235758
13.41391942	-91.13144208
13.42124543	-62.10685684
13.42857144	-54.57933882
13.43589745	-55.61945006
13.44322345	-54.22768455
13.45054946	-47.43183967
13.45787547	-44.77156886
13.46520148	-45.49712375
13.47252748	-52.17544247
13.47985349	-53.74355039
13.48717950	-53.01966160
13.49450551	-66.37455014
13.50183151	-52.60359609
13.50915752	-52.25507136
13.51648353	-65.62926274
13.52380953	-51.73860133
13.53113554	-53.51025275
13.53846155	-60.53264637
13.54578756	-56.61049340
13.55311356	-49.81180836
13.56043957	-47.59404055
13.56776558	-51.87204256
13.57509159	-54.67631973
13.58241759	-51.79786810
13.58974360	-51.97824778
13.59706961	-49.40038550
13.60439562	-52.90130748
13.61172162	-64.54066708
13.61904763	-50.07811092
13.62637364	-49.10972883
13.63369964	-48.91661641
13.64102565	-46.77845796
13.64835166	-48.39642906
13.65567767	-48.79212759
13.66300367	-51.81240542
13.67032968	-56.93956087
13.67765569	-55.30680092
13.68498170	-54.98924921
13.69230770	-52.27568968
13.69963371	-53.31446861
13.70695972	-63.76939291
13.71428573	-54.70936775
13.72161173	-54.62357635
13.72893774	-51.09471684
13.73626375	-47.57853880
13.74358975	-53.63080679
13.75091576	-50.32789239
13.75824177	-45.17937526
13.76556778	-51.60195275
13.77289378	-51.19836186
13.78021979	-46.65967422
13.78754580	-52.74752119
13.79487181	-51.64328740
13.80219781	-46.39399563
13.80952382	-49.70028754
13.81684983	-58.87395492
13.82417584	-55.68937629
13.83150184	-60.20028270
13.83882785	-57.30381735
13.84615386	-64.54978731
13.85347986	-62.98074201
13.86080587	-55.87905366
13.86813188	-60.87505627
13.87545789	-55.00164240
13.88278389	-49.13863178
13.89010990	-51.62169164
13.89743591	-55.81613808
13.90476192	-50.99248744
13.91208792	-46.33160866
13.91941393	-47.14537602
13.92673994	-54.21037462
13.93406595	-57.18948970
13.94139195	-62.85768624
13.94871796	-68.98707820
13.95604397	-65.63137770
13.96336997	-53.65253384
13.97069598	-48.82983110
13.97802199	-50.99556427
13.98534800	-47.38820860
13.99267400	-45.54104472
14.00000001	-52.22569976
14.00732602	-58.82393559
14.01465203	-58.92467666
14.02197803	-49.22970228
14.02930404	-52.33070364
14.03663005	-57.81391737
14.04395606	-49.88022628
14.05128206	-51.37976881
14.05860807	-54.54208395
14.06593408	-50.87713580
14.07326008	-59.92124588
14.08058609	-48.77123533
14.08791210	-46.01960385
14.09523811	-56.65595787
14.10256411	-52.00736579
14.10989012	-49.85305353
14.11721613	-49.00582404
14.12454214	-49.78457722
14.13186814	-54.38454566
14.13919415	-58.84549602
14.14652016	-68.72937627
14.15384617	-53.65959150
14.16117217	-47.11946567
14.16849818	-48.68156096
14.17582419	-54.05003672
14.18315019	-53.71083480
14.19047620	-52.06409045
14.19780221	-47.72794807
14.20512822	-55.18134747
14.21245422	-47.39807261
14.21978023	-43.60258307
14.22710624	-48.30429335
14.23443225	-49.09269718
14.24175825	-46.21524059
14.24908426	-57.43791980
14.25641027	-47.00112084
14.26373628	-49.79360854
14.27106228	-50.13864637
14.27838829	-49.45646143
14.28571430	-53.29282477
14.29304030	-53.19173703
14.30036631	-60.32102188
14.30769232	-56.14973523
14.31501833	-56.77132737
14.32234433	-57.76368569
14.32967034	-47.28372077
14.33699635	-49.42579758
14.34432236	-58.28396651
14.35164836	-49.47010586
14.35897437	-53.53880756
14.36630038	-50.78015663
14.37362639	-45.23129675
14.38095239	-55.43438252
14.38827840	-45.18550627
14.39560441	-45.63637969
14.40293041	-52.54918131
14.41025642	-47.76213431
14.41758243	-47.23149408
14.42490844	-51.08409456
14.43223444	-58.02026976
14.43956045	-50.68181501
14.44688646	-50.09513540
14.45421247	-53.28660951
14.46153847	-54.15102391
14.46886448	-55.23624771
14.47619049	-55.50678521
14.48351650	-52.54059087
14.49084250	-49.90581920
14.49816851	-44.65664587
14.50549452	-53.31613311
14.51282052	-47.42511781
14.52014653	-47.46314883
14.52747254	-65.18938433
14.53479855	-49.89964662
14.54212455	-54.60002053
14.54945056	-48.42127588
14.55677657	-47.71478519
14.56410258	-71.04657361
14.57142858	-51.86159261
14.57875459	-54.15086753
14.58608060	-42.10120431
14.59340661	-42.38389279
14.60073261	-51.87028460
14.60805862	-57.71286583
14.61538463	-58.24642817
14.62271063	-60.92139009
14.63003664	-65.63090043
14.63736265	-54.12067285
14.64468866	-54.81222361
14.65201466	-51.58894371
14.65934067	-49.83734930
14.66666668	-55.09519878
14.67399269	-57.85850517
14.68131869	-54.73781544
14.68864470	-48.36112800
14.69597071	-47.78927490
14.70329672	-59.02437539
14.71062272	-48.32203246
14.71794873	-51.36144426
14.72527474	-56.40609556
14.73260074	-64.97690303
14.73992675	-52.80106538
14.74725276	-58.95914902
14.75457877	-47.83623206
14.76190477	-48.39027466
14.76923078	-55.96437560
14.77655679	-46.96720057
14.78388280	-49.01169316
14.79120880	-59.22320532
14.79853481	-50.32292764
14.80586082	-48.72539694
14.81318683	-48.65995738
14.82051283	-48.19831937
14.82783884	-55.28118707
14.83516485	-52.74044584
14.84249085	-51.01567821
14.84981686	-57.45939239
14.85714287	-52.29715383
14.86446888	-53.67087875
14.87179488	-55.79296125
14.87912089	-50.20629943
14.88644690	-57.35170006
14.89377291	-64.04858223
14.90109891	-61.56455459
14.90842492	-62.84352766
14.91575093	-55.13167642
14.92307694	-70.69204873
14.93040294	-48.01042683
14.93772895	-47.28858582
14.94505496	-50.57613018
14.95238096	-46.36396341
14.95970697	-48.66776384
14.96703298	-51.09690522
14.97435899	-53.12147533
14.98168499	-61.88470217
14.98901100	-47.65923655
14.99633701	-45.80441863
