# Menlo Systems GmbH ScanControl
# Program Version 1.3.3
# Start: -65.00000000 ps, Average over 1 waveforms. Timestamp: 2019-11-05T11:50:08
# Window type: Tukey, parameters: alpha = 0.2
# User time axis shift: 0 ps
# Time [ps]	THz Signal [a.u.]
-65.06666660	0.00000000
-65.03333327	-0.00000004
-64.99999993	0.00000000
-64.96666660	-0.00000145
-64.93333327	-0.00000142
-64.89999993	0.00000177
-64.86666660	-0.00000016
-64.83333327	0.00000661
-64.79999993	-0.00000612
-64.76666660	-0.00000607
-64.73333327	-0.00000875
-64.69999993	0.00000170
-64.66666660	0.00000823
-64.63333327	-0.00001214
-64.59999993	0.00000155
-64.56666660	-0.00001720
-64.53333327	0.00003287
-64.49999993	-0.00001755
-64.46666660	-0.00000749
-64.43333327	0.00004530
-64.39999993	0.00003331
-64.36666660	-0.00000979
-64.33333327	-0.00001713
-64.29999993	-0.00001872
-64.26666660	-0.00001259
-64.23333327	0.00001668
-64.19999993	0.00007331
-64.16666660	0.00006149
-64.13333327	0.00002383
-64.09999993	0.00002572
-64.06666660	-0.00001951
-64.03333327	-0.00001266
-63.99999993	0.00007606
-63.96666660	-0.00009207
-63.93333327	0.00009533
-63.89999993	-0.00004391
-63.86666660	-0.00002272
-63.83333327	0.00006796
-63.79999993	0.00008633
-63.76666660	-0.00004447
-63.73333327	-0.00000647
-63.69999993	0.00001627
-63.66666660	0.00012471
-63.63333327	0.00001718
-63.59999993	0.00006796
-63.56666660	0.00028975
-63.53333327	0.00033187
-63.49999993	0.00015962
-63.46666660	0.00017006
-63.43333327	0.00000810
-63.39999993	-0.00014749
-63.36666660	-0.00001072
-63.33333327	0.00025501
-63.29999993	0.00024357
-63.26666660	0.00012438
-63.23333327	0.00055933
-63.19999993	0.00017233
-63.16666660	0.00046699
-63.13333327	-0.00015234
-63.09999993	0.00044576
-63.06666660	0.00039369
-63.03333327	0.00041256
-62.99999993	0.00026349
-62.96666660	0.00042186
-62.93333327	0.00045230
-62.89999993	0.00047266
-62.86666660	0.00049427
-62.83333327	0.00063126
-62.79999993	0.00070766
-62.76666660	0.00069710
-62.73333327	0.00048843
-62.69999993	0.00064430
-62.66666660	0.00057473
-62.63333327	0.00051554
-62.59999993	0.00015666
-62.56666660	0.00048923
-62.53333327	0.00096150
-62.49999993	0.00076008
-62.46666660	0.00103595
-62.43333327	0.00061921
-62.39999993	0.00038175
-62.36666660	0.00140522
-62.33333327	0.00143171
-62.29999993	0.00032443
-62.26666660	0.00192369
-62.23333327	0.00125498
-62.19999993	0.00115529
-62.16666660	0.00083380
-62.13333327	0.00111068
-62.09999993	0.00146442
-62.06666660	0.00071836
-62.03333327	0.00003054
-61.99999993	0.00131414
-61.96666660	0.00021616
-61.93333327	0.00069706
-61.89999993	0.00124633
-61.86666660	0.00139265
-61.83333327	0.00130041
-61.79999993	0.00175075
-61.76666660	0.00109730
-61.73333327	0.00108956
-61.69999993	0.00165688
-61.66666660	0.00221502
-61.63333327	0.00217213
-61.59999994	0.00321998
-61.56666660	0.00318384
-61.53333327	0.00304418
-61.49999994	0.00136937
-61.46666660	0.00301233
-61.43333327	0.00304766
-61.39999994	0.00400562
-61.36666660	0.00256529
-61.33333327	0.00240717
-61.29999994	0.00229017
-61.26666660	0.00253752
-61.23333327	0.00138283
-61.19999994	0.00266148
-61.16666660	0.00277133
-61.13333327	0.00149912
-61.09999994	0.00128728
-61.06666660	0.00162494
-61.03333327	0.00149781
-60.99999994	0.00094113
-60.96666660	0.00207595
-60.93333327	0.00246947
-60.89999994	0.00493284
-60.86666660	0.00254868
-60.83333327	0.00333356
-60.79999994	0.00154127
-60.76666660	0.00086581
-60.73333327	0.00363665
-60.69999994	0.00334864
-60.66666660	0.00352231
-60.63333327	0.00421261
-60.59999994	0.00304164
-60.56666660	0.00235250
-60.53333327	0.00159266
-60.49999994	0.00130734
-60.46666660	0.00241422
-60.43333327	0.00254490
-60.39999994	0.00099084
-60.36666660	0.00210921
-60.33333327	0.00139420
-60.29999994	0.00193654
-60.26666660	0.00032582
-60.23333327	0.00049719
-60.19999994	0.00072139
-60.16666660	0.00090890
-60.13333327	0.00115657
-60.09999994	0.00443765
-60.06666660	0.00122071
-60.03333327	0.00312178
-59.99999994	0.00117797
-59.96666660	0.00156021
-59.93333327	-0.00128507
-59.89999994	0.00141320
-59.86666660	0.00029292
-59.83333327	-0.00059392
-59.79999994	0.00073898
-59.76666660	0.00125696
-59.73333327	0.00018801
-59.69999994	0.00129187
-59.66666660	0.00067984
-59.63333327	0.00104770
-59.59999994	-0.00019879
-59.56666660	-0.00142840
-59.53333327	-0.00044859
-59.49999994	0.00101426
-59.46666660	0.00001312
-59.43333327	-0.00075075
-59.39999994	0.00122271
-59.36666660	-0.00020402
-59.33333327	-0.00134254
-59.29999994	-0.00242830
-59.26666660	-0.00177199
-59.23333327	-0.00304042
-59.19999994	-0.00086568
-59.16666660	-0.00217299
-59.13333327	-0.00173744
-59.09999994	-0.00080846
-59.06666660	-0.00125124
-59.03333327	-0.00043553
-58.99999994	-0.00121820
-58.96666660	-0.00113229
-58.93333327	-0.00187369
-58.89999994	-0.00107578
-58.86666660	0.00064818
-58.83333327	-0.00030051
-58.79999994	-0.00039837
-58.76666660	0.00064508
-58.73333327	0.00198979
-58.69999994	0.00099519
-58.66666660	-0.00314031
-58.63333327	0.00056417
-58.59999994	-0.00018328
-58.56666660	-0.00324607
-58.53333327	0.00086423
-58.49999994	0.00037937
-58.46666660	0.00149859
-58.43333327	0.00063484
-58.39999994	0.00521615
-58.36666660	0.00200607
-58.33333327	0.00201863
-58.29999994	0.00186763
-58.26666660	0.00234382
-58.23333327	0.00115684
-58.19999994	0.00060301
-58.16666660	0.00044776
-58.13333327	0.00380000
-58.09999994	0.00462474
-58.06666660	0.00350935
-58.03333327	0.00047856
-57.99999994	0.00167427
-57.96666660	0.00227644
-57.93333327	0.00054120
-57.89999994	0.00057821
-57.86666660	0.00236534
-57.83333327	0.00025424
-57.79999994	0.00125815
-57.76666660	0.00134383
-57.73333327	0.00021374
-57.69999994	-0.00168397
-57.66666660	0.00154547
-57.63333327	0.00250191
-57.59999994	0.00192418
-57.56666660	-0.00007369
-57.53333327	0.00107401
-57.49999994	-0.00134117
-57.46666661	0.00074593
-57.43333327	-0.00033819
-57.39999994	0.00252302
-57.36666661	-0.00009748
-57.33333327	0.00232947
-57.29999994	0.00151893
-57.26666661	-0.00149389
-57.23333327	-0.00009379
-57.19999994	0.00113826
-57.16666661	0.00262799
-57.13333327	0.00352455
-57.09999994	0.00045446
-57.06666661	0.00359173
-57.03333327	0.00138613
-56.99999994	0.00048381
-56.96666661	0.00227369
-56.93333327	0.00277391
-56.89999994	0.00337884
-56.86666661	0.00187703
-56.83333327	0.00023767
-56.79999994	0.00406243
-56.76666661	0.00187925
-56.73333327	0.00108956
-56.69999994	0.00122364
-56.66666661	0.00381381
-56.63333327	0.00274868
-56.59999994	0.00142071
-56.56666661	0.00074479
-56.53333327	0.00240774
-56.49999994	0.00353808
-56.46666661	0.00032402
-56.43333327	0.00062789
-56.39999994	0.00233957
-56.36666661	0.00094575
-56.33333327	0.00055163
-56.29999994	0.00137814
-56.26666661	0.00048943
-56.23333327	0.00087048
-56.19999994	-0.00095254
-56.16666661	0.00122879
-56.13333327	0.00098844
-56.09999994	0.00062439
-56.06666661	0.00450304
-56.03333327	0.00317367
-55.99999994	0.00064320
-55.96666661	0.00330206
-55.93333327	-0.00045289
-55.89999994	0.00185209
-55.86666661	0.00157804
-55.83333327	0.00197562
-55.79999994	0.00141023
-55.76666661	0.00491394
-55.73333327	0.00345201
-55.69999994	0.00400710
-55.66666661	0.00334570
-55.63333327	0.00096940
-55.59999994	0.00129905
-55.56666661	0.00131007
-55.53333327	0.00100284
-55.49999994	0.00272209
-55.46666661	0.00062964
-55.43333327	0.00337966
-55.39999994	-0.00019756
-55.36666661	-0.00014514
-55.33333327	0.00040730
-55.29999994	0.00073221
-55.26666661	0.00050530
-55.23333327	-0.00029800
-55.19999994	0.00299358
-55.16666661	0.00335903
-55.13333327	0.00392374
-55.09999994	0.00188305
-55.06666661	0.00296303
-55.03333327	0.00502875
-54.99999994	0.00138497
-54.96666661	0.00125041
-54.93333327	0.00205395
-54.89999994	0.00273616
-54.86666661	0.00268444
-54.83333327	0.00063682
-54.79999994	0.00091509
-54.76666661	0.00405851
-54.73333327	0.00191813
-54.69999994	0.00201165
-54.66666661	0.00145421
-54.63333327	0.00347167
-54.59999994	0.00464548
-54.56666661	0.00100928
-54.53333327	0.00412884
-54.49999994	0.00617957
-54.46666661	0.00493976
-54.43333327	0.00508479
-54.39999994	0.00201538
-54.36666661	0.00275995
-54.33333327	0.00447377
-54.29999994	0.00782454
-54.26666661	0.00580193
-54.23333327	0.00444378
-54.19999994	0.00416752
-54.16666661	0.00365455
-54.13333327	0.00472532
-54.09999994	0.00460153
-54.06666661	0.00386357
-54.03333327	0.00487829
-53.99999994	0.00301007
-53.96666661	0.00556818
-53.93333327	0.00404311
-53.89999994	0.00989965
-53.86666661	0.00464579
-53.83333327	0.00608534
-53.79999994	0.00320208
-53.76666661	0.00447724
-53.73333327	0.00537383
-53.69999994	0.00446485
-53.66666661	0.00284546
-53.63333327	-0.00199894
-53.59999994	0.00099358
-53.56666661	0.00325534
-53.53333327	0.00079939
-53.49999994	0.00184407
-53.46666661	0.00173459
-53.43333328	0.00089321
-53.39999994	0.00393469
-53.36666661	0.00511284
-53.33333328	0.00217528
-53.29999994	0.00288918
-53.26666661	0.00296644
-53.23333328	0.00409038
-53.19999994	0.00455198
-53.16666661	0.00189599
-53.13333328	0.00763315
-53.09999994	0.00191598
-53.06666661	0.00405159
-53.03333328	0.00620001
-52.99999994	0.00224440
-52.96666661	-0.00096728
-52.93333328	0.00367687
-52.89999994	-0.00045088
-52.86666661	0.00211961
-52.83333328	0.00558345
-52.79999994	0.00108019
-52.76666661	0.00090728
-52.73333328	0.00725217
-52.69999994	0.00758760
-52.66666661	0.00246157
-52.63333328	0.00375960
-52.59999994	0.00307959
-52.56666661	0.00297570
-52.53333328	0.00367958
-52.49999994	0.00287071
-52.46666661	0.00531124
-52.43333328	0.00420095
-52.39999994	0.00422128
-52.36666661	0.00152126
-52.33333328	0.00554608
-52.29999994	0.00496814
-52.26666661	0.00517420
-52.23333328	0.00482938
-52.19999994	0.00301307
-52.16666661	0.00391110
-52.13333328	0.00232984
-52.09999994	0.00368278
-52.06666661	0.00402241
-52.03333328	0.00481650
-51.99999994	0.00321855
-51.96666661	0.00565106
-51.93333328	0.00440972
-51.89999994	0.00523807
-51.86666661	0.00581991
-51.83333328	0.00295896
-51.79999994	0.00443569
-51.76666661	0.00501665
-51.73333328	0.00343229
-51.69999994	0.00453011
-51.66666661	0.00725059
-51.63333328	0.00235336
-51.59999994	0.00512894
-51.56666661	0.00506849
-51.53333328	0.00478032
-51.49999994	0.00631716
-51.46666661	0.00412588
-51.43333328	0.00491703
-51.39999994	0.00531402
-51.36666661	0.00691192
-51.33333328	0.00598575
-51.29999994	0.00464658
-51.26666661	0.00601520
-51.23333328	0.00405450
-51.19999994	0.00391600
-51.16666661	0.00635536
-51.13333328	0.00636150
-51.09999994	0.00548251
-51.06666661	0.00781283
-51.03333328	0.00574796
-50.99999994	0.00904043
-50.96666661	0.00698821
-50.93333328	0.00476096
-50.89999994	0.00459007
-50.86666661	0.00565432
-50.83333328	0.00476293
-50.79999994	0.00770492
-50.76666661	0.00896792
-50.73333328	0.00573664
-50.69999994	0.00830470
-50.66666661	0.00486108
-50.63333328	0.00537155
-50.59999994	0.00458448
-50.56666661	0.00410525
-50.53333328	0.00590141
-50.49999994	0.00570114
-50.46666661	0.00519246
-50.43333328	0.00392916
-50.39999994	0.00663999
-50.36666661	0.00756164
-50.33333328	0.00796795
-50.29999994	0.00436000
-50.26666661	0.00563316
-50.23333328	0.00660087
-50.19999994	0.00339341
-50.16666661	0.00449151
-50.13333328	0.00634836
-50.09999994	0.00383541
-50.06666661	0.00375038
-50.03333328	0.00056631
-49.99999994	0.00754422
-49.96666661	0.00508869
-49.93333328	0.00459194
-49.89999994	0.00191891
-49.86666661	0.00454542
-49.83333328	0.00506841
-49.79999994	0.00527631
-49.76666661	0.00586569
-49.73333328	0.00248000
-49.69999994	0.00360945
-49.66666661	0.00485173
-49.63333328	0.00590935
-49.59999994	0.00551795
-49.56666661	0.00577611
-49.53333328	0.00662434
-49.49999994	0.00651614
-49.46666661	0.00494876
-49.43333328	0.00524437
-49.39999994	0.00405578
-49.36666661	0.00823688
-49.33333328	0.00608057
-49.29999995	0.00529291
-49.26666661	0.00681815
-49.23333328	0.00492410
-49.19999995	0.00470891
-49.16666661	0.00689518
-49.13333328	0.00782058
-49.09999995	0.00430540
-49.06666661	0.00505292
-49.03333328	0.00288523
-48.99999995	0.00180626
-48.96666661	0.00123858
-48.93333328	0.00383818
-48.89999995	0.00493392
-48.86666661	0.00479251
-48.83333328	0.00543072
-48.79999995	0.00349305
-48.76666661	0.00441928
-48.73333328	0.00013675
-48.69999995	0.00283661
-48.66666661	0.00485868
-48.63333328	0.00449986
-48.59999995	0.00603910
-48.56666661	0.00651853
-48.53333328	0.00368866
-48.49999995	0.00497850
-48.46666661	0.00385271
-48.43333328	0.00421483
-48.39999995	0.00344964
-48.36666661	0.00597347
-48.33333328	0.00418852
-48.29999995	0.00542054
-48.26666661	0.00588110
-48.23333328	0.00504011
-48.19999995	0.00573447
-48.16666661	0.00259696
-48.13333328	0.00339408
-48.09999995	0.00353097
-48.06666661	0.00210782
-48.03333328	0.00417668
-47.99999995	0.00000110
-47.96666661	0.00170607
-47.93333328	0.00235165
-47.89999995	0.00294801
-47.86666661	0.00225111
-47.83333328	0.00232906
-47.79999995	-0.00405293
-47.76666661	-0.00023795
-47.73333328	-0.00140306
-47.69999995	-0.00212983
-47.66666661	-0.00425851
-47.63333328	-0.00071758
-47.59999995	-0.00318599
-47.56666661	-0.00508093
-47.53333328	-0.00380824
-47.49999995	-0.00193502
-47.46666661	-0.00406412
-47.43333328	-0.00262250
-47.39999995	-0.00537222
-47.36666661	-0.00311310
-47.33333328	-0.00380349
-47.29999995	-0.00159962
-47.26666661	-0.00207978
-47.23333328	-0.00546997
-47.19999995	-0.00469292
-47.16666661	-0.00293147
-47.13333328	-0.00384486
-47.09999995	-0.00542029
-47.06666661	-0.00459521
-47.03333328	-0.00178052
-46.99999995	-0.00236695
-46.96666661	-0.00175368
-46.93333328	-0.00279791
-46.89999995	-0.00282358
-46.86666661	-0.00128029
-46.83333328	-0.00118914
-46.79999995	-0.00123709
-46.76666661	-0.00211798
-46.73333328	0.00090521
-46.69999995	-0.00149085
-46.66666661	-0.00263137
-46.63333328	-0.00167147
-46.59999995	-0.00339266
-46.56666661	0.00356486
-46.53333328	0.00206692
-46.49999995	0.00240049
-46.46666661	0.00520632
-46.43333328	0.00135592
-46.39999995	0.00264426
-46.36666661	0.00140018
-46.33333328	0.00410929
-46.29999995	0.00276443
-46.26666661	0.00515692
-46.23333328	0.00323567
-46.19999995	0.00180098
-46.16666661	0.00325480
-46.13333328	0.00375140
-46.09999995	0.00673656
-46.06666661	0.00503238
-46.03333328	0.00825578
-45.99999995	0.00451566
-45.96666661	0.00652120
-45.93333328	0.00432625
-45.89999995	0.00678295
-45.86666661	0.00616905
-45.83333328	0.00650929
-45.79999995	0.00748664
-45.76666661	0.00773979
-45.73333328	0.00890192
-45.69999995	0.00667974
-45.66666661	0.00564711
-45.63333328	0.01159864
-45.59999995	0.00356298
-45.56666661	0.00697404
-45.53333328	0.00550046
-45.49999995	0.00674378
-45.46666661	0.00498058
-45.43333328	0.00575723
-45.39999995	0.00755820
-45.36666661	0.00428967
-45.33333328	0.00627363
-45.29999995	0.00819120
-45.26666661	0.00537285
-45.23333328	0.00557303
-45.19999995	0.00698537
-45.16666662	0.00797108
-45.13333328	0.00846884
-45.09999995	0.00910681
-45.06666662	0.00706799
-45.03333328	0.00745699
-44.99999995	0.00535669
-44.96666662	0.00465573
-44.93333328	0.00479783
-44.89999995	0.00446873
-44.86666662	0.00308166
-44.83333328	0.00575075
-44.79999995	0.00393610
-44.76666662	0.00500844
-44.73333328	0.00597200
-44.69999995	0.00667235
-44.66666662	0.00472046
-44.63333328	0.00750686
-44.59999995	0.00767642
-44.56666662	0.00536465
-44.53333328	0.00336503
-44.49999995	0.00640829
-44.46666662	0.00579193
-44.43333328	0.00441474
-44.39999995	0.00600553
-44.36666662	0.00744825
-44.33333328	0.00422240
-44.29999995	0.00617712
-44.26666662	0.00505442
-44.23333328	0.00384169
-44.19999995	0.00677173
-44.16666662	0.00792304
-44.13333328	0.00808805
-44.09999995	0.00521192
-44.06666662	0.00449283
-44.03333328	0.00529601
-43.99999995	0.00810053
-43.96666662	0.00581335
-43.93333328	0.00598205
-43.89999995	0.00386034
-43.86666662	0.00593179
-43.83333328	0.00422280
-43.79999995	0.00512296
-43.76666662	0.00517729
-43.73333328	0.00804630
-43.69999995	0.00672168
-43.66666662	0.00546012
-43.63333328	0.00601056
-43.59999995	0.00614278
-43.56666662	0.00605517
-43.53333328	0.00469033
-43.49999995	0.00555522
-43.46666662	0.00648116
-43.43333328	0.00422585
-43.39999995	0.00462553
-43.36666662	0.00337602
-43.33333328	0.00379537
-43.29999995	0.00374014
-43.26666662	0.00402578
-43.23333328	0.00442104
-43.19999995	0.00241955
-43.16666662	0.00371961
-43.13333328	0.00360199
-43.09999995	0.00461179
-43.06666662	0.00473739
-43.03333328	0.00511575
-42.99999995	0.00521101
-42.96666662	0.00352026
-42.93333328	0.00296307
-42.89999995	0.00546917
-42.86666662	0.00434426
-42.83333328	0.00383358
-42.79999995	0.00334938
-42.76666662	0.00520986
-42.73333328	0.00364444
-42.69999995	0.00557850
-42.66666662	0.00440704
-42.63333328	0.00652286
-42.59999995	0.00440982
-42.56666662	0.00918349
-42.53333328	0.00768136
-42.49999995	0.00887637
-42.46666662	0.00959458
-42.43333328	0.01094993
-42.39999995	0.01289108
-42.36666662	0.01246493
-42.33333328	0.01280498
-42.29999995	0.01215100
-42.26666662	0.01386745
-42.23333328	0.01257522
-42.19999995	0.01635399
-42.16666662	0.01887191
-42.13333328	0.01888422
-42.09999995	0.02262487
-42.06666662	0.02481933
-42.03333328	0.02532459
-41.99999995	0.02697433
-41.96666662	0.03256969
-41.93333328	0.03132566
-41.89999995	0.03000064
-41.86666662	0.03502880
-41.83333328	0.03526472
-41.79999995	0.04022059
-41.76666662	0.03787411
-41.73333328	0.04514531
-41.69999995	0.04639494
-41.66666662	0.04902651
-41.63333328	0.05374196
-41.59999995	0.04970190
-41.56666662	0.05333862
-41.53333328	0.05712174
-41.49999995	0.05783397
-41.46666662	0.06242750
-41.43333328	0.06639306
-41.39999995	0.06881818
-41.36666662	0.06988122
-41.33333328	0.07430478
-41.29999995	0.08088414
-41.26666662	0.08236330
-41.23333328	0.08909313
-41.19999995	0.08767662
-41.16666662	0.09399175
-41.13333329	0.09648395
-41.09999995	0.09733589
-41.06666662	0.09933034
-41.03333329	0.10058361
-40.99999995	0.10427534
-40.96666662	0.10530962
-40.93333329	0.10499402
-40.89999995	0.10434940
-40.86666662	0.10396150
-40.83333329	0.09934074
-40.79999995	0.09680372
-40.76666662	0.09341970
-40.73333329	0.09041045
-40.69999995	0.08374777
-40.66666662	0.07524632
-40.63333329	0.06975516
-40.59999995	0.05900724
-40.56666662	0.04546902
-40.53333329	0.03351108
-40.49999995	0.02023589
-40.46666662	0.00701400
-40.43333329	-0.01293604
-40.39999995	-0.02934650
-40.36666662	-0.04942977
-40.33333329	-0.07151101
-40.29999995	-0.09394887
-40.26666662	-0.11553782
-40.23333329	-0.14016960
-40.19999995	-0.16275577
-40.16666662	-0.18771122
-40.13333329	-0.21556873
-40.09999995	-0.23794186
-40.06666662	-0.26148731
-40.03333329	-0.28757947
-39.99999995	-0.31486360
-39.96666662	-0.33580264
-39.93333329	-0.35885791
-39.89999995	-0.37717701
-39.86666662	-0.39370931
-39.83333329	-0.40895275
-39.79999995	-0.42595819
-39.76666662	-0.43791157
-39.73333329	-0.44768278
-39.69999995	-0.45562706
-39.66666662	-0.45799346
-39.63333329	-0.45674148
-39.59999995	-0.45769822
-39.56666662	-0.45703140
-39.53333329	-0.44533790
-39.49999995	-0.43049677
-39.46666662	-0.42027004
-39.43333329	-0.40452410
-39.39999995	-0.38601817
-39.36666662	-0.36728609
-39.33333329	-0.33987095
-39.29999995	-0.31454474
-39.26666662	-0.28943320
-39.23333329	-0.26313123
-39.19999995	-0.23252445
-39.16666662	-0.19700220
-39.13333329	-0.16805999
-39.09999995	-0.13501104
-39.06666662	-0.10545815
-39.03333329	-0.07375141
-38.99999995	-0.04138585
-38.96666662	-0.00703440
-38.93333329	0.02056874
-38.89999995	0.05105699
-38.86666662	0.07526528
-38.83333329	0.10248795
-38.79999995	0.12523536
-38.76666662	0.14748341
-38.73333329	0.17038228
-38.69999995	0.18853364
-38.66666662	0.20406618
-38.63333329	0.21857728
-38.59999995	0.23106683
-38.56666662	0.24441877
-38.53333329	0.25714372
-38.49999995	0.26273218
-38.46666662	0.26981480
-38.43333329	0.27459812
-38.39999995	0.27628039
-38.36666662	0.27826947
-38.33333329	0.27818491
-38.29999995	0.27544125
-38.26666662	0.27359951
-38.23333329	0.27079630
-38.19999995	0.26535753
-38.16666662	0.26099887
-38.13333329	0.25315849
-38.09999995	0.24759875
-38.06666662	0.23915172
-38.03333329	0.23419676
-37.99999995	0.22565713
-37.96666662	0.21722671
-37.93333329	0.20747950
-37.89999995	0.19958495
-37.86666662	0.19412328
-37.83333329	0.18166236
-37.79999995	0.17565494
-37.76666662	0.16479024
-37.73333329	0.15794890
-37.69999995	0.15016733
-37.66666662	0.14205848
-37.63333329	0.13278098
-37.59999995	0.12859860
-37.56666662	0.11891962
-37.53333329	0.11369893
-37.49999995	0.10703371
-37.46666662	0.09856501
-37.43333329	0.09161833
-37.39999995	0.08719754
-37.36666662	0.08191970
-37.33333329	0.07448710
-37.29999995	0.06407930
-37.26666662	0.06098933
-37.23333329	0.05183808
-37.19999995	0.04875379
-37.16666662	0.04482923
-37.13333329	0.03835642
-37.09999995	0.03395982
-37.06666662	0.02756834
-37.03333329	0.02243690
-36.99999996	0.02146467
-36.96666662	0.01989840
-36.93333329	0.01818785
-36.89999996	0.01219675
-36.86666662	0.00719480
-36.83333329	0.00674620
-36.79999996	0.00680201
-36.76666662	0.00267969
-36.73333329	0.00277788
-36.69999996	0.00256627
-36.66666662	-0.00071196
-36.63333329	0.00192823
-36.59999996	0.00361344
-36.56666662	0.00290189
-36.53333329	0.00263067
-36.49999996	0.00568582
-36.46666662	0.00380840
-36.43333329	0.00413758
-36.39999996	0.00596436
-36.36666662	0.00818041
-36.33333329	0.00765702
-36.29999996	0.00650344
-36.26666662	0.00954068
-36.23333329	0.01397195
-36.19999996	0.01299595
-36.16666662	0.01354066
-36.13333329	0.01345703
-36.09999996	0.01821737
-36.06666662	0.01992973
-36.03333329	0.01631428
-35.99999996	0.01442745
-35.96666662	0.01530893
-35.93333329	0.01646871
-35.89999996	0.01604203
-35.86666662	0.01484920
-35.83333329	0.01310000
-35.79999996	0.00949298
-35.76666662	0.00857146
-35.73333329	0.00646176
-35.69999996	0.00397926
-35.66666662	0.00208516
-35.63333329	0.00012158
-35.59999996	-0.00214093
-35.56666662	-0.00171260
-35.53333329	-0.00356831
-35.49999996	-0.00789471
-35.46666662	-0.01075309
-35.43333329	-0.01154267
-35.39999996	-0.01430071
-35.36666662	-0.01902108
-35.33333329	-0.01981735
-35.29999996	-0.02223949
-35.26666662	-0.02699237
-35.23333329	-0.02805223
-35.19999996	-0.02793752
-35.16666662	-0.03013348
-35.13333329	-0.03079166
-35.09999996	-0.03157822
-35.06666662	-0.03378090
-35.03333329	-0.03625563
-34.99999996	-0.03717717
-34.96666662	-0.03678634
-34.93333329	-0.03830717
-34.89999996	-0.03694417
-34.86666662	-0.03931686
-34.83333329	-0.03834769
-34.79999996	-0.03867892
-34.76666662	-0.03688771
-34.73333329	-0.03503378
-34.69999996	-0.03623928
-34.66666662	-0.03443308
-34.63333329	-0.03347543
-34.59999996	-0.03194651
-34.56666662	-0.03188290
-34.53333329	-0.02779062
-34.49999996	-0.02903243
-34.46666662	-0.02747522
-34.43333329	-0.02732009
-34.39999996	-0.02522532
-34.36666662	-0.02258969
-34.33333329	-0.02242268
-34.29999996	-0.02067814
-34.26666662	-0.02232334
-34.23333329	-0.01935823
-34.19999996	-0.01961383
-34.16666662	-0.01944322
-34.13333329	-0.02029163
-34.09999996	-0.01833290
-34.06666662	-0.01930208
-34.03333329	-0.01535262
-33.99999996	-0.01764462
-33.96666662	-0.01712682
-33.93333329	-0.01344894
-33.89999996	-0.01312983
-33.86666662	-0.01289152
-33.83333329	-0.01538273
-33.79999996	-0.01592928
-33.76666662	-0.01436787
-33.73333329	-0.01532365
-33.69999996	-0.01834980
-33.66666662	-0.01823063
-33.63333329	-0.01649739
-33.59999996	-0.01572818
-33.56666662	-0.01570993
-33.53333329	-0.01387302
-33.49999996	-0.01351942
-33.46666662	-0.01781948
-33.43333329	-0.01499868
-33.39999996	-0.01129494
-33.36666662	-0.01028733
-33.33333329	-0.01313168
-33.29999996	-0.01458406
-33.26666662	-0.01048555
-33.23333329	-0.00892119
-33.19999996	-0.01105003
-33.16666662	-0.00893567
-33.13333329	-0.01071697
-33.09999996	-0.00840176
-33.06666662	-0.00856929
-33.03333329	-0.00764258
-32.99999996	-0.00648355
-32.96666662	-0.00922293
-32.93333329	-0.00844002
-32.89999996	-0.00848158
-32.86666663	-0.00352570
-32.83333329	-0.00558445
-32.79999996	-0.00468760
-32.76666663	-0.00271502
-32.73333329	-0.00685627
-32.69999996	-0.00444900
-32.66666663	-0.00691342
-32.63333329	-0.00768823
-32.59999996	-0.00606688
-32.56666663	-0.00457824
-32.53333329	-0.00553116
-32.49999996	-0.00447765
-32.46666663	-0.00745182
-32.43333329	-0.00613459
-32.39999996	-0.00648582
-32.36666663	-0.00699303
-32.33333329	-0.00648747
-32.29999996	-0.00482026
-32.26666663	-0.00479582
-32.23333329	-0.00298783
-32.19999996	-0.00373532
-32.16666663	-0.00858858
-32.13333329	-0.00872680
-32.09999996	-0.00857514
-32.06666663	-0.01030801
-32.03333329	-0.01045952
-31.99999996	-0.00835529
-31.96666663	-0.00955500
-31.93333329	-0.01303840
-31.89999996	-0.01181411
-31.86666663	-0.01164293
-31.83333329	-0.01522462
-31.79999996	-0.01402978
-31.76666663	-0.01513135
-31.73333329	-0.01404731
-31.69999996	-0.01505121
-31.66666663	-0.01240011
-31.63333329	-0.01385367
-31.59999996	-0.01561046
-31.56666663	-0.01364167
-31.53333329	-0.01425291
-31.49999996	-0.01477871
-31.46666663	-0.01397816
-31.43333329	-0.01528906
-31.39999996	-0.01447617
-31.36666663	-0.01642013
-31.33333329	-0.01583009
-31.29999996	-0.01215508
-31.26666663	-0.01431205
-31.23333329	-0.01459001
-31.19999996	-0.01564006
-31.16666663	-0.01277403
-31.13333329	-0.01051986
-31.09999996	-0.01349382
-31.06666663	-0.00908268
-31.03333329	-0.00997116
-30.99999996	-0.00799206
-30.96666663	-0.00955439
-30.93333329	-0.00600499
-30.89999996	-0.00476865
-30.86666663	-0.00627359
-30.83333329	-0.00721484
-30.79999996	-0.00482964
-30.76666663	-0.00211144
-30.73333329	-0.00077868
-30.69999996	-0.00531049
-30.66666663	-0.00234048
-30.63333329	-0.00481604
-30.59999996	-0.00399701
-30.56666663	-0.00528645
-30.53333329	-0.00303496
-30.49999996	-0.00079587
-30.46666663	-0.00187992
-30.43333329	-0.00499995
-30.39999996	-0.00366379
-30.36666663	-0.00487699
-30.33333329	-0.00342825
-30.29999996	-0.00377124
-30.26666663	-0.00473204
-30.23333329	-0.00628249
-30.19999996	-0.00693665
-30.16666663	-0.00925934
-30.13333329	-0.00370239
-30.09999996	-0.00555496
-30.06666663	-0.00630888
-30.03333329	-0.00760093
-29.99999996	-0.00751999
-29.96666663	-0.00669938
-29.93333329	-0.00568139
-29.89999996	-0.00443183
-29.86666663	-0.00767982
-29.83333329	-0.00696410
-29.79999996	-0.00583731
-29.76666663	-0.00631313
-29.73333329	-0.00568251
-29.69999996	-0.00474991
-29.66666663	-0.00690140
-29.63333329	-0.00679140
-29.59999996	-0.00770729
-29.56666663	-0.00464065
-29.53333329	-0.00548013
-29.49999996	-0.00443563
-29.46666663	-0.00553361
-29.43333329	-0.00403868
-29.39999996	-0.00482528
-29.36666663	-0.00099940
-29.33333329	-0.00231907
-29.29999996	-0.00265318
-29.26666663	-0.00035957
-29.23333329	0.00144752
-29.19999996	0.00178416
-29.16666663	0.00358948
-29.13333329	0.00143937
-29.09999996	0.00318078
-29.06666663	0.00392714
-29.03333329	0.00442061
-28.99999996	0.00627712
-28.96666663	0.00751899
-28.93333329	0.00450784
-28.89999996	0.00811723
-28.86666663	0.00874105
-28.83333330	0.00928447
-28.79999996	0.00627111
-28.76666663	0.00798966
-28.73333330	0.00410267
-28.69999996	0.00579282
-28.66666663	0.00487283
-28.63333330	0.00565370
-28.59999996	0.00410969
-28.56666663	0.00381068
-28.53333330	0.00277957
-28.49999996	0.00418767
-28.46666663	0.00445169
-28.43333330	0.00414471
-28.39999996	0.00132922
-28.36666663	0.00256003
-28.33333330	0.00430020
-28.29999996	0.00369832
-28.26666663	0.00144700
-28.23333330	0.00253348
-28.19999996	0.00095275
-28.16666663	0.00076905
-28.13333330	0.00065256
-28.09999996	0.00102789
-28.06666663	-0.00091536
-28.03333330	-0.00209274
-27.99999996	0.00012632
-27.96666663	-0.00388630
-27.93333330	-0.00488275
-27.89999996	-0.00333937
-27.86666663	-0.00126972
-27.83333330	-0.00443536
-27.79999996	-0.00160414
-27.76666663	-0.00299534
-27.73333330	-0.00123577
-27.69999996	-0.00187206
-27.66666663	0.00106185
-27.63333330	-0.00301018
-27.59999996	-0.00291132
-27.56666663	-0.00315626
-27.53333330	0.00234434
-27.49999996	0.00103726
-27.46666663	0.00189733
-27.43333330	0.00001845
-27.39999996	0.00108244
-27.36666663	0.00074922
-27.33333330	-0.00246737
-27.29999996	0.00181410
-27.26666663	-0.00052805
-27.23333330	0.00040697
-27.19999996	0.00264017
-27.16666663	0.00051252
-27.13333330	-0.00199619
-27.09999996	0.00041572
-27.06666663	-0.00090142
-27.03333330	0.00077263
-26.99999996	-0.00114760
-26.96666663	-0.00115134
-26.93333330	0.00055553
-26.89999996	0.00252541
-26.86666663	0.00284193
-26.83333330	0.00050265
-26.79999996	0.00065064
-26.76666663	-0.00009589
-26.73333330	-0.00129385
-26.69999996	-0.00402739
-26.66666663	-0.00015073
-26.63333330	-0.00249748
-26.59999996	0.00002765
-26.56666663	-0.00030593
-26.53333330	0.00028179
-26.49999996	-0.00308715
-26.46666663	-0.00126490
-26.43333330	-0.00043107
-26.39999996	-0.00015335
-26.36666663	-0.00022860
-26.33333330	0.00009753
-26.29999996	0.00029869
-26.26666663	-0.00061151
-26.23333330	-0.00057479
-26.19999996	0.00196119
-26.16666663	0.00190017
-26.13333330	0.00258215
-26.09999996	0.00264203
-26.06666663	0.00073991
-26.03333330	0.00314018
-25.99999996	0.00023387
-25.96666663	0.00045527
-25.93333330	0.00236074
-25.89999996	-0.00058412
-25.86666663	-0.00202366
-25.83333330	0.00146351
-25.79999996	0.00277365
-25.76666663	0.00086042
-25.73333330	0.00477125
-25.69999996	0.00285364
-25.66666663	0.00271865
-25.63333330	0.00339885
-25.59999996	0.00430201
-25.56666663	0.00291637
-25.53333330	0.00432506
-25.49999996	0.00675035
-25.46666663	0.00744589
-25.43333330	0.00693928
-25.39999996	0.00852537
-25.36666663	0.00649445
-25.33333330	0.00867479
-25.29999996	0.00577131
-25.26666663	0.00729701
-25.23333330	0.00473857
-25.19999996	0.00847882
-25.16666663	0.00556245
-25.13333330	0.00449952
-25.09999996	0.00438870
-25.06666663	0.00568971
-25.03333330	0.00713927
-24.99999996	0.00572585
-24.96666663	0.00458540
-24.93333330	0.00005591
-24.89999996	0.00407144
-24.86666663	0.00075369
-24.83333330	0.00121686
-24.79999996	0.00377387
-24.76666663	0.00025459
-24.73333330	-0.00079500
-24.69999997	-0.00049727
-24.66666663	-0.00235829
-24.63333330	0.00001955
-24.59999997	-0.00020121
-24.56666663	-0.00158797
-24.53333330	-0.00245002
-24.49999997	-0.00372825
-24.46666663	-0.00239881
-24.43333330	-0.00595983
-24.39999997	-0.00665494
-24.36666663	-0.00354570
-24.33333330	-0.00587321
-24.29999997	-0.00647594
-24.26666663	-0.00729994
-24.23333330	-0.00800193
-24.19999997	-0.00454769
-24.16666663	-0.00559103
-24.13333330	-0.00676003
-24.09999997	-0.00415298
-24.06666663	-0.00673115
-24.03333330	-0.00479335
-23.99999997	-0.00579826
-23.96666663	-0.00406932
-23.93333330	-0.00431316
-23.89999997	-0.00566706
-23.86666663	-0.00567868
-23.83333330	-0.00491654
-23.79999997	-0.00377409
-23.76666663	-0.00328342
-23.73333330	-0.00347593
-23.69999997	-0.00016192
-23.66666663	-0.00004337
-23.63333330	-0.00065229
-23.59999997	-0.00352732
-23.56666663	-0.00277242
-23.53333330	-0.00183261
-23.49999997	-0.00176454
-23.46666663	-0.00241153
-23.43333330	-0.00176459
-23.39999997	-0.00337833
-23.36666663	-0.00174188
-23.33333330	-0.00583401
-23.29999997	-0.00306692
-23.26666663	-0.00204294
-23.23333330	-0.00312715
-23.19999997	-0.00363324
-23.16666663	-0.00319789
-23.13333330	-0.00359833
-23.09999997	-0.00391069
-23.06666663	-0.00399262
-23.03333330	-0.00586253
-22.99999997	-0.00666203
-22.96666663	-0.00775503
-22.93333330	-0.00659743
-22.89999997	-0.00796696
-22.86666663	-0.00762302
-22.83333330	-0.01041899
-22.79999997	-0.01197273
-22.76666663	-0.00741648
-22.73333330	-0.00856930
-22.69999997	-0.00810805
-22.66666663	-0.00778187
-22.63333330	-0.00765422
-22.59999997	-0.00894266
-22.56666663	-0.00912821
-22.53333330	-0.00828362
-22.49999997	-0.00968446
-22.46666663	-0.01080263
-22.43333330	-0.00883736
-22.39999997	-0.00982531
-22.36666663	-0.01061852
-22.33333330	-0.01266995
-22.29999997	-0.01062511
-22.26666663	-0.01188023
-22.23333330	-0.00883251
-22.19999997	-0.00743556
-22.16666663	-0.00752943
-22.13333330	-0.00595167
-22.09999997	-0.00537170
-22.06666663	-0.00482391
-22.03333330	-0.00522057
-21.99999997	-0.00563822
-21.96666663	-0.00526398
-21.93333330	-0.00634368
-21.89999997	-0.00544369
-21.86666663	-0.00309159
-21.83333330	-0.00720496
-21.79999997	-0.00415252
-21.76666663	-0.00503743
-21.73333330	-0.00348833
-21.69999997	-0.00574729
-21.66666663	-0.00810273
-21.63333330	-0.00526521
-21.59999997	-0.00480315
-21.56666663	-0.00176889
-21.53333330	-0.00523818
-21.49999997	-0.00323509
-21.46666663	-0.00374117
-21.43333330	-0.00625173
-21.39999997	-0.00521704
-21.36666663	-0.00403007
-21.33333330	-0.00067140
-21.29999997	-0.00527903
-21.26666663	-0.00373738
-21.23333330	-0.00428510
-21.19999997	-0.00566773
-21.16666663	-0.00656000
-21.13333330	-0.00575871
-21.09999997	-0.00492654
-21.06666663	-0.00430167
-21.03333330	-0.00791101
-20.99999997	-0.00519091
-20.96666663	-0.00626249
-20.93333330	-0.00367683
-20.89999997	-0.00515730
-20.86666663	-0.00541489
-20.83333330	-0.00694833
-20.79999997	-0.00311215
-20.76666663	-0.00691287
-20.73333330	-0.00457922
-20.69999997	-0.00704676
-20.66666663	-0.00366274
-20.63333330	-0.00233093
-20.59999997	-0.00657474
-20.56666664	-0.00562963
-20.53333330	-0.00643853
-20.49999997	-0.00481935
-20.46666664	-0.00394222
-20.43333330	-0.00608578
-20.39999997	-0.00879474
-20.36666664	-0.00706505
-20.33333330	-0.00600305
-20.29999997	-0.00498647
-20.26666664	-0.00432312
-20.23333330	-0.00515202
-20.19999997	-0.00763225
-20.16666664	-0.00337701
-20.13333330	-0.00301080
-20.09999997	-0.00197266
-20.06666664	-0.00493653
-20.03333330	-0.00567453
-19.99999997	-0.00431705
-19.96666664	-0.00343023
-19.93333330	-0.00392111
-19.89999997	-0.00375787
-19.86666664	-0.00425618
-19.83333330	-0.00266573
-19.79999997	-0.00372903
-19.76666664	-0.00504650
-19.73333330	-0.00699677
-19.69999997	-0.00620232
-19.66666664	-0.00841611
-19.63333330	-0.00953621
-19.59999997	-0.01271220
-19.56666664	-0.00917079
-19.53333330	-0.01235064
-19.49999997	-0.00850280
-19.46666664	-0.00856282
-19.43333330	-0.01113783
-19.39999997	-0.00828065
-19.36666664	-0.00728551
-19.33333330	-0.00994228
-19.29999997	-0.01079861
-19.26666664	-0.01110912
-19.23333330	-0.00983485
-19.19999997	-0.00895258
-19.16666664	-0.01008149
-19.13333330	-0.01012716
-19.09999997	-0.00973547
-19.06666664	-0.00755400
-19.03333330	-0.00964469
-18.99999997	-0.00785819
-18.96666664	-0.00978002
-18.93333330	-0.00588904
-18.89999997	-0.00641822
-18.86666664	-0.00690605
-18.83333330	-0.00451616
-18.79999997	-0.00433975
-18.76666664	-0.00140642
-18.73333330	-0.00214412
-18.69999997	0.00230980
-18.66666664	0.00071247
-18.63333330	0.00284174
-18.59999997	0.00428767
-18.56666664	0.00322797
-18.53333330	0.00601846
-18.49999997	0.00310597
-18.46666664	0.00730152
-18.43333330	0.00691568
-18.39999997	0.00803120
-18.36666664	0.01017220
-18.33333330	0.01121032
-18.29999997	0.01273558
-18.26666664	0.00927756
-18.23333330	0.01153482
-18.19999997	0.01056557
-18.16666664	0.01259223
-18.13333330	0.01067264
-18.09999997	0.01147344
-18.06666664	0.01266195
-18.03333330	0.01203857
-17.99999997	0.01482900
-17.96666664	0.01232892
-17.93333330	0.01332136
-17.89999997	0.01055167
-17.86666664	0.01223989
-17.83333330	0.01171135
-17.79999997	0.01223804
-17.76666664	0.01162977
-17.73333330	0.00885436
-17.69999997	0.00913689
-17.66666664	0.00735321
-17.63333330	0.00637614
-17.59999997	0.00882181
-17.56666664	0.00679246
-17.53333330	0.00421451
-17.49999997	0.00418004
-17.46666664	0.00480664
-17.43333330	0.00425080
-17.39999997	0.00013909
-17.36666664	-0.00039301
-17.33333330	-0.00066806
-17.29999997	-0.00031168
-17.26666664	-0.00155830
-17.23333330	-0.00339357
-17.19999997	-0.00384477
-17.16666664	-0.00447811
-17.13333330	-0.00507802
-17.09999997	-0.00795402
-17.06666664	-0.00498661
-17.03333330	-0.00926532
-16.99999997	-0.00684033
-16.96666664	-0.00862925
-16.93333330	-0.00952139
-16.89999997	-0.01108792
-16.86666664	-0.01086674
-16.83333330	-0.01360168
-16.79999997	-0.01303799
-16.76666664	-0.01258879
-16.73333330	-0.01071713
-16.69999997	-0.01365770
-16.66666664	-0.01236087
-16.63333330	-0.01591461
-16.59999997	-0.01686939
-16.56666664	-0.01679538
-16.53333331	-0.01756497
-16.49999997	-0.01915811
-16.46666664	-0.02205958
-16.43333331	-0.01977634
-16.39999997	-0.02295221
-16.36666664	-0.02334455
-16.33333331	-0.02321589
-16.29999997	-0.02460750
-16.26666664	-0.02569538
-16.23333331	-0.02466271
-16.19999997	-0.02701719
-16.16666664	-0.02878495
-16.13333331	-0.02904394
-16.09999997	-0.02723826
-16.06666664	-0.03057075
-16.03333331	-0.03120991
-15.99999997	-0.03169889
-15.96666664	-0.02886956
-15.93333331	-0.03195200
-15.89999997	-0.03270594
-15.86666664	-0.03259939
-15.83333331	-0.03511157
-15.79999997	-0.03350126
-15.76666664	-0.03391138
-15.73333331	-0.03711605
-15.69999997	-0.03832410
-15.66666664	-0.03456175
-15.63333331	-0.03618506
-15.59999997	-0.03426233
-15.56666664	-0.03214655
-15.53333331	-0.03398591
-15.49999997	-0.03132578
-15.46666664	-0.03143037
-15.43333331	-0.03114702
-15.39999997	-0.02805424
-15.36666664	-0.02802867
-15.33333331	-0.02953440
-15.29999997	-0.02757294
-15.26666664	-0.02624565
-15.23333331	-0.02339395
-15.19999997	-0.02360696
-15.16666664	-0.02045646
-15.13333331	-0.01862065
-15.09999997	-0.01731929
-15.06666664	-0.01227497
-15.03333331	-0.01552008
-14.99999997	-0.01277761
-14.96666664	-0.00854394
-14.93333331	-0.00714321
-14.89999997	-0.00469417
-14.86666664	-0.00534816
-14.83333331	-0.00294958
-14.79999997	-0.00114352
-14.76666664	-0.00015275
-14.73333331	0.00067105
-14.69999997	0.00265146
-14.66666664	0.00393301
-14.63333331	0.00611896
-14.59999997	0.00966638
-14.56666664	0.00710837
-14.53333331	0.00956744
-14.49999997	0.01273476
-14.46666664	0.01295656
-14.43333331	0.01270972
-14.39999997	0.01681074
-14.36666664	0.01671149
-14.33333331	0.01723895
-14.29999997	0.01570313
-14.26666664	0.01867096
-14.23333331	0.02079244
-14.19999997	0.02178174
-14.16666664	0.02139012
-14.13333331	0.02024969
-14.09999997	0.02019663
-14.06666664	0.01833004
-14.03333331	0.02235709
-13.99999997	0.02156263
-13.96666664	0.01848678
-13.93333331	0.02137568
-13.89999997	0.02032242
-13.86666664	0.02297253
-13.83333331	0.02150447
-13.79999997	0.01819342
-13.76666664	0.02110737
-13.73333331	0.02179497
-13.69999997	0.02213352
-13.66666664	0.02023341
-13.63333331	0.02158309
-13.59999997	0.01785692
-13.56666664	0.01887118
-13.53333331	0.02056336
-13.49999997	0.02078815
-13.46666664	0.01978238
-13.43333331	0.01838435
-13.39999997	0.02260199
-13.36666664	0.01787406
-13.33333331	0.01928138
-13.29999997	0.01806639
-13.26666664	0.02253506
-13.23333331	0.02014393
-13.19999997	0.02070612
-13.16666664	0.02155724
-13.13333331	0.02078613
-13.09999997	0.01970900
-13.06666664	0.01919632
-13.03333331	0.02067991
-12.99999997	0.02247904
-12.96666664	0.02184003
-12.93333331	0.01999901
-12.89999997	0.01955124
-12.86666664	0.02255422
-12.83333331	0.02192581
-12.79999997	0.01891473
-12.76666664	0.02095520
-12.73333331	0.01919963
-12.69999997	0.01759276
-12.66666664	0.01907095
-12.63333331	0.02067832
-12.59999997	0.01767448
-12.56666664	0.01803366
-12.53333331	0.01651154
-12.49999997	0.01779194
-12.46666664	0.01755259
-12.43333331	0.01659740
-12.39999998	0.01250192
-12.36666664	0.01967056
-12.33333331	0.01639589
-12.29999998	0.01691171
-12.26666664	0.01471249
-12.23333331	0.01454596
-12.19999998	0.01667154
-12.16666664	0.01402773
-12.13333331	0.01238516
-12.09999998	0.01311328
-12.06666664	0.01457851
-12.03333331	0.01102123
-11.99999998	0.01404928
-11.96666664	0.01321045
-11.93333331	0.01292194
-11.89999998	0.01118910
-11.86666664	0.01035438
-11.83333331	0.00906871
-11.79999998	0.00964406
-11.76666664	0.01158028
-11.73333331	0.00938076
-11.69999998	0.01127254
-11.66666664	0.00817958
-11.63333331	0.00716602
-11.59999998	0.00908150
-11.56666664	0.00850211
-11.53333331	0.00822942
-11.49999998	0.00397864
-11.46666664	0.00776555
-11.43333331	0.00765740
-11.39999998	0.00561471
-11.36666664	0.00666822
-11.33333331	0.00589781
-11.29999998	0.00394807
-11.26666664	0.00616256
-11.23333331	0.00461877
-11.19999998	0.00417009
-11.16666664	0.00751961
-11.13333331	0.00906010
-11.09999998	0.00608395
-11.06666664	0.00674569
-11.03333331	0.00479113
-10.99999998	0.00418020
-10.96666664	0.00630604
-10.93333331	0.00797790
-10.89999998	0.00641370
-10.86666664	0.00476963
-10.83333331	0.00726084
-10.79999998	0.00523083
-10.76666664	0.00491741
-10.73333331	0.00524081
-10.69999998	0.00124772
-10.66666664	-0.00143754
-10.63333331	0.00205687
-10.59999998	0.00426057
-10.56666664	0.00286350
-10.53333331	0.00206996
-10.49999998	0.00202653
-10.46666664	0.00389498
-10.43333331	-0.00170148
-10.39999998	0.00012801
-10.36666664	-0.00094160
-10.33333331	-0.00239113
-10.29999998	-0.00238744
-10.26666664	0.00073953
-10.23333331	0.00063456
-10.19999998	-0.00175310
-10.16666664	-0.00235827
-10.13333331	-0.00129378
-10.09999998	-0.00449931
-10.06666664	-0.00277129
-10.03333331	-0.00529422
-9.99999998	-0.00624523
-9.96666664	-0.00453287
-9.93333331	-0.00360724
-9.89999998	-0.00256472
-9.86666664	-0.00033607
-9.83333331	-0.00052689
-9.79999998	-0.00414438
-9.76666664	-0.00575521
-9.73333331	-0.00224198
-9.69999998	-0.00162455
-9.66666664	-0.00334326
-9.63333331	-0.00384688
-9.59999998	-0.00551602
-9.56666664	-0.00431419
-9.53333331	-0.00597556
-9.49999998	-0.00237729
-9.46666664	-0.00392833
-9.43333331	-0.00343496
-9.39999998	-0.00281474
-9.36666664	-0.00038193
-9.33333331	0.00190476
-9.29999998	-0.00248521
-9.26666664	-0.00403888
-9.23333331	-0.00201512
-9.19999998	-0.00215327
-9.16666664	-0.00207418
-9.13333331	-0.00173089
-9.09999998	0.00037615
-9.06666664	0.00027535
-9.03333331	0.00147127
-8.99999998	-0.00263341
-8.96666664	0.00074894
-8.93333331	-0.00313315
-8.89999998	-0.00469366
-8.86666664	-0.00050996
-8.83333331	-0.00246553
-8.79999998	-0.00100185
-8.76666664	0.00140712
-8.73333331	-0.00210271
-8.69999998	-0.00223449
-8.66666664	0.00021432
-8.63333331	-0.00259428
-8.59999998	0.00068052
-8.56666664	-0.00004488
-8.53333331	-0.00240653
-8.49999998	-0.00148652
-8.46666664	0.00028455
-8.43333331	-0.00002336
-8.39999998	-0.00216833
-8.36666664	0.00125532
-8.33333331	-0.00198969
-8.29999998	0.00104594
-8.26666665	0.00173110
-8.23333331	0.00153433
-8.19999998	0.00350875
-8.16666665	0.00059977
-8.13333331	0.00277942
-8.09999998	0.00330666
-8.06666665	0.00465987
-8.03333331	0.00537382
-7.99999998	0.00470717
-7.96666665	0.00658421
-7.93333331	0.00845932
-7.89999998	0.00802229
-7.86666665	0.01003566
-7.83333331	0.00686940
-7.79999998	0.00857101
-7.76666665	0.01029474
-7.73333331	0.00796414
-7.69999998	0.01071079
-7.66666665	0.00779111
-7.63333331	0.01094748
-7.59999998	0.01248493
-7.56666665	0.01158840
-7.53333331	0.01189801
-7.49999998	0.01127470
-7.46666665	0.01431076
-7.43333331	0.01130580
-7.39999998	0.01185973
-7.36666665	0.01093307
-7.33333331	0.01392228
-7.29999998	0.01363765
-7.26666665	0.01525003
-7.23333331	0.01291692
-7.19999998	0.01054820
-7.16666665	0.01363257
-7.13333331	0.01129997
-7.09999998	0.01306438
-7.06666665	0.01091758
-7.03333331	0.01151373
-6.99999998	0.00881298
-6.96666665	0.00680905
-6.93333331	0.00718137
-6.89999998	0.00699991
-6.86666665	0.00465361
-6.83333331	0.00636771
-6.79999998	0.00527992
-6.76666665	0.00667048
-6.73333331	0.00803586
-6.69999998	0.00516925
-6.66666665	0.00557737
-6.63333331	0.00481170
-6.59999998	0.00533782
-6.56666665	0.00524490
-6.53333331	0.00230071
-6.49999998	0.00313836
-6.46666665	0.00016453
-6.43333331	0.00241035
-6.39999998	0.00201089
-6.36666665	0.00344157
-6.33333331	0.00393794
-6.29999998	0.00190805
-6.26666665	-0.00050365
-6.23333331	0.00368912
-6.19999998	0.00381400
-6.16666665	0.00433100
-6.13333331	0.00002900
-6.09999998	0.00398215
-6.06666665	0.00586501
-6.03333331	0.00584776
-5.99999998	0.00649535
-5.96666665	0.00441675
-5.93333331	0.00578387
-5.89999998	0.00570916
-5.86666665	0.00565362
-5.83333331	0.00250489
-5.79999998	0.00343047
-5.76666665	0.00108222
-5.73333331	0.00256542
-5.69999998	0.00341320
-5.66666665	0.00230429
-5.63333331	-0.00054203
-5.59999998	0.00058455
-5.56666665	0.00027742
-5.53333331	0.00196368
-5.49999998	0.00479019
-5.46666665	0.00715938
-5.43333331	0.00406726
-5.39999998	0.00767185
-5.36666665	0.00194131
-5.33333331	0.00155428
-5.29999998	0.00303992
-5.26666665	0.00531504
-5.23333331	0.00365325
-5.19999998	0.00570640
-5.16666665	0.00166107
-5.13333331	0.00088401
-5.09999998	0.00285045
-5.06666665	0.00191003
-5.03333331	0.00391522
-4.99999998	0.00228649
-4.96666665	0.00141044
-4.93333331	0.00153140
-4.89999998	0.00140982
-4.86666665	0.00095326
-4.83333331	-0.00104871
-4.79999998	-0.00098088
-4.76666665	-0.00039787
-4.73333331	-0.00338324
-4.69999998	-0.00347821
-4.66666665	-0.00112531
-4.63333331	-0.00573487
-4.59999998	-0.00704668
-4.56666665	-0.00229780
-4.53333331	-0.00599288
-4.49999998	-0.00362066
-4.46666665	-0.00429809
-4.43333331	-0.00548604
-4.39999998	-0.00446228
-4.36666665	-0.00457283
-4.33333331	-0.00344463
-4.29999998	-0.00587466
-4.26666665	-0.00463569
-4.23333332	-0.00640292
-4.19999998	-0.00632228
-4.16666665	-0.00759357
-4.13333332	-0.00569647
-4.09999998	-0.00719955
-4.06666665	-0.00721595
-4.03333332	-0.00557244
-3.99999998	-0.00214167
-3.96666665	-0.00622534
-3.93333332	-0.00524650
-3.89999998	-0.00460348
-3.86666665	-0.00283584
-3.83333332	-0.00514811
-3.79999998	-0.00478110
-3.76666665	-0.00457063
-3.73333332	-0.00531438
-3.69999998	-0.00471471
-3.66666665	-0.00464644
-3.63333332	-0.00111067
-3.59999998	-0.00407451
-3.56666665	-0.00281842
-3.53333332	-0.00528709
-3.49999998	-0.00173631
-3.46666665	-0.00371110
-3.43333332	-0.00461203
-3.39999998	-0.00529453
-3.36666665	-0.00335703
-3.33333332	-0.00683311
-3.29999998	-0.00531657
-3.26666665	-0.00224514
-3.23333332	-0.00248675
-3.19999998	-0.00232600
-3.16666665	-0.00365434
-3.13333332	-0.00425379
-3.09999998	-0.00455391
-3.06666665	-0.00347843
-3.03333332	-0.00108299
-2.99999998	-0.00103190
-2.96666665	-0.00343317
-2.93333332	-0.00150530
-2.89999998	-0.00149790
-2.86666665	-0.00070964
-2.83333332	-0.00198554
-2.79999998	-0.00129298
-2.76666665	0.00006235
-2.73333332	-0.00295320
-2.69999998	-0.00147997
-2.66666665	0.00073019
-2.63333332	-0.00067099
-2.59999998	0.00079828
-2.56666665	-0.00089611
-2.53333332	0.00023411
-2.49999998	0.00439321
-2.46666665	0.00592695
-2.43333332	0.00617278
-2.39999998	0.00542796
-2.36666665	0.00750295
-2.33333332	0.00560960
-2.29999998	0.00846230
-2.26666665	0.00879125
-2.23333332	0.00854498
-2.19999998	0.00811984
-2.16666665	0.00918132
-2.13333332	0.00780943
-2.09999998	0.00746674
-2.06666665	0.00768014
-2.03333332	0.00982281
-1.99999998	0.00837286
-1.96666665	0.01010312
-1.93333332	0.00832046
-1.89999998	0.01176267
-1.86666665	0.00890831
-1.83333332	0.00853886
-1.79999998	0.01064911
-1.76666665	0.01069794
-1.73333332	0.00688512
-1.69999998	0.00854415
-1.66666665	0.00562048
-1.63333332	0.00601690
-1.59999998	0.00396167
-1.56666665	0.00650958
-1.53333332	0.00279094
-1.49999998	0.00065396
-1.46666665	0.00133189
-1.43333332	0.00230853
-1.39999998	0.00131538
-1.36666665	-0.00248473
-1.33333332	-0.00255356
-1.29999998	-0.00369444
-1.26666665	-0.00525523
-1.23333332	-0.00570704
-1.19999998	-0.00709527
-1.16666665	-0.00634795
-1.13333332	-0.00817512
-1.09999998	-0.01160455
-1.06666665	-0.00956207
-1.03333332	-0.01317644
-0.99999998	-0.01296730
-0.96666665	-0.01416033
-0.93333332	-0.01440793
-0.89999998	-0.01901214
-0.86666665	-0.01543209
-0.83333332	-0.01908436
-0.79999998	-0.01864631
-0.76666665	-0.02033938
-0.73333332	-0.02197678
-0.69999998	-0.02099814
-0.66666665	-0.02199081
-0.63333332	-0.02562608
-0.59999998	-0.02390415
-0.56666665	-0.02908611
-0.53333332	-0.03159966
-0.49999998	-0.02930023
-0.46666665	-0.02817893
-0.43333332	-0.02688083
-0.39999998	-0.02957616
-0.36666665	-0.02969649
-0.33333332	-0.03084779
-0.29999998	-0.03181358
-0.26666665	-0.03529925
-0.23333332	-0.03619339
-0.19999998	-0.03657747
-0.16666665	-0.03653364
-0.13333332	-0.03435100
-0.09999999	-0.03543780
-0.06666665	-0.03742545
-0.03333332	-0.03707116
0.00000001	-0.03661498
0.03333335	-0.03622233
0.06666668	-0.03763562
0.10000001	-0.03668495
0.13333335	-0.03715666
0.16666668	-0.03763622
0.20000001	-0.03578721
0.23333335	-0.03697210
0.26666668	-0.03921182
0.30000001	-0.03572765
0.33333335	-0.03858612
0.36666668	-0.04135270
0.40000001	-0.03973444
0.43333335	-0.03642958
0.46666668	-0.03699455
0.50000001	-0.03617320
0.53333335	-0.03270415
0.56666668	-0.03636155
0.60000001	-0.03583782
0.63333335	-0.03665670
0.66666668	-0.03243251
0.70000001	-0.03254151
0.73333335	-0.03420491
0.76666668	-0.03457688
0.80000001	-0.03156981
0.83333335	-0.02900289
0.86666668	-0.03080707
0.90000001	-0.02937909
0.93333335	-0.02882938
0.96666668	-0.02697455
1.00000001	-0.02486754
1.03333335	-0.02484416
1.06666668	-0.02162007
1.10000001	-0.02229864
1.13333335	-0.01886374
1.16666668	-0.01608502
1.20000001	-0.01781158
1.23333335	-0.01451972
1.26666668	-0.01212235
1.30000001	-0.01230765
1.33333335	-0.01100283
1.36666668	-0.00718102
1.40000001	-0.00788543
1.43333335	-0.00495479
1.46666668	-0.00515370
1.50000001	-0.00115265
1.53333335	-0.00133001
1.56666668	-0.00148544
1.60000001	-0.00029916
1.63333335	0.00160497
1.66666668	0.00293432
1.70000001	0.00345273
1.73333335	0.00333237
1.76666668	0.00360720
1.80000001	0.00471677
1.83333335	0.00634364
1.86666668	0.00905610
1.90000001	0.01108001
1.93333335	0.00906522
1.96666668	0.01002042
2.00000001	0.01215038
2.03333335	0.01399160
2.06666668	0.01510231
2.10000001	0.01797976
2.13333335	0.01330205
2.16666668	0.01585853
2.20000001	0.01903441
2.23333335	0.01744935
2.26666668	0.01821618
2.30000001	0.01805202
2.33333335	0.01791605
2.36666668	0.02038912
2.40000001	0.02186329
2.43333335	0.01884279
2.46666668	0.01820715
2.50000001	0.01964589
2.53333335	0.02336190
2.56666668	0.02091065
2.60000001	0.02414413
2.63333335	0.02290617
2.66666668	0.02239958
2.70000001	0.02265737
2.73333335	0.02705564
2.76666668	0.02656754
2.80000001	0.02599469
2.83333335	0.02500373
2.86666668	0.02907034
2.90000001	0.02717725
2.93333335	0.02808964
2.96666668	0.02641043
3.00000001	0.02824203
3.03333335	0.03022273
3.06666668	0.02656491
3.10000001	0.03059912
3.13333335	0.03059770
3.16666668	0.02905979
3.20000001	0.03000185
3.23333335	0.03142689
3.26666668	0.03169960
3.30000001	0.03081041
3.33333335	0.03123925
3.36666668	0.02988329
3.40000001	0.03038819
3.43333335	0.03038108
3.46666668	0.03389151
3.50000001	0.03139747
3.53333335	0.03193400
3.56666668	0.02978710
3.60000001	0.03365254
3.63333335	0.03253425
3.66666668	0.03416785
3.70000001	0.03198539
3.73333335	0.03389208
3.76666668	0.02924094
3.80000001	0.02977279
3.83333335	0.03193217
3.86666668	0.03092854
3.90000001	0.03192105
3.93333334	0.03052683
3.96666668	0.03146829
4.00000001	0.03061918
4.03333334	0.03150422
4.06666668	0.03101008
4.10000001	0.02873369
4.13333334	0.03153081
4.16666668	0.03509663
4.20000001	0.03285405
4.23333334	0.03267932
4.26666668	0.02834063
4.30000001	0.03140608
4.33333334	0.03275664
4.36666668	0.03046066
4.40000001	0.03052097
4.43333334	0.02918459
4.46666668	0.03160972
4.50000001	0.03011258
4.53333334	0.03405283
4.56666668	0.03204502
4.60000001	0.03182439
4.63333334	0.03090783
4.66666668	0.03256702
4.70000001	0.03126039
4.73333334	0.02918990
4.76666668	0.02892597
4.80000001	0.02864433
4.83333334	0.02987649
4.86666668	0.03007838
4.90000001	0.03098767
4.93333334	0.03035353
4.96666668	0.02692168
5.00000001	0.02585508
5.03333334	0.02695378
5.06666668	0.02509124
5.10000001	0.02919176
5.13333334	0.02628885
5.16666668	0.02139531
5.20000001	0.02438314
5.23333334	0.02283979
5.26666668	0.02472550
5.30000001	0.02248435
5.33333334	0.02275155
5.36666668	0.02412721
5.40000001	0.02184299
5.43333334	0.02050862
5.46666668	0.02060541
5.50000001	0.02048570
5.53333334	0.01931883
5.56666668	0.02014568
5.60000001	0.01815628
5.63333334	0.01684096
5.66666668	0.01834072
5.70000001	0.01639834
5.73333334	0.01294332
5.76666668	0.01226211
5.80000001	0.01401031
5.83333334	0.00953252
5.86666668	0.00889564
5.90000001	0.00930026
5.93333334	0.00776294
5.96666668	0.00739595
6.00000001	0.00533776
6.03333334	0.00758520
6.06666668	0.00725024
6.10000001	0.00614159
6.13333334	0.00485439
6.16666668	0.00624700
6.20000001	0.00564376
6.23333334	0.00593593
6.26666668	0.00506601
6.30000001	0.00565177
6.33333334	0.00939832
6.36666668	0.00216751
6.40000001	0.00200683
6.43333334	0.00334433
6.46666668	0.00510316
6.50000001	0.00631706
6.53333334	0.00643431
6.56666668	0.00327549
6.60000001	0.00359616
6.63333334	0.00273583
6.66666668	0.00372524
6.70000001	0.00116685
6.73333334	0.00425964
6.76666668	0.00341725
6.80000001	0.00176025
6.83333334	0.00047791
6.86666668	0.00076411
6.90000001	0.00169550
6.93333334	0.00013145
6.96666668	0.00114995
7.00000001	-0.00187692
7.03333334	-0.00158015
7.06666668	0.00215218
7.10000001	0.00186184
7.13333334	0.00177646
7.16666668	0.00270798
7.20000001	-0.00175149
7.23333334	0.00062193
7.26666668	0.00042607
7.30000001	-0.00043445
7.33333334	-0.00015375
7.36666668	-0.00182365
7.40000001	-0.00171505
7.43333334	-0.00080577
7.46666668	-0.00539909
7.50000001	-0.00329290
7.53333334	-0.00460537
7.56666668	-0.00365379
7.60000001	-0.00414968
7.63333334	-0.00140194
7.66666668	-0.00354696
7.70000001	-0.00245948
7.73333334	-0.00569440
7.76666668	-0.00498148
7.80000001	-0.00567443
7.83333334	-0.00444487
7.86666668	-0.00526771
7.90000001	-0.00241310
7.93333334	-0.00325996
7.96666668	-0.00470260
8.00000001	-0.00465961
8.03333334	-0.00402293
8.06666667	-0.00340181
8.10000001	-0.00256710
8.13333334	-0.00353803
8.16666667	-0.00448608
8.20000001	-0.00327988
8.23333334	-0.00392107
8.26666667	-0.00398091
8.30000001	-0.00380227
8.33333334	-0.00454638
8.36666667	-0.00490659
8.40000001	-0.00526657
8.43333334	-0.00480839
8.46666667	-0.00728861
8.50000001	-0.00327111
8.53333334	-0.00391575
8.56666667	-0.00456259
8.60000001	-0.00621551
8.63333334	-0.00525015
8.66666667	-0.00367429
8.70000001	-0.00268278
8.73333334	-0.00348473
8.76666667	-0.00120086
8.80000001	-0.00201244
8.83333334	-0.00203910
8.86666667	-0.00562163
8.90000001	-0.00396232
8.93333334	-0.00136914
8.96666667	-0.00486457
9.00000001	-0.00591354
9.03333334	-0.00572834
9.06666667	-0.00502262
9.10000001	-0.00506845
9.13333334	-0.00607971
9.16666667	-0.00398347
9.20000001	-0.00237659
9.23333334	-0.00504767
9.26666667	-0.00429097
9.30000001	-0.00241935
9.33333334	-0.00387916
9.36666667	-0.00264355
9.40000001	-0.00471511
9.43333334	-0.00304972
9.46666667	-0.00146010
9.50000001	-0.00110076
9.53333334	0.00066476
9.56666667	-0.00197809
9.60000001	0.00047947
9.63333334	-0.00000501
9.66666667	0.00000736
9.70000001	-0.00136869
9.73333334	-0.00098268
9.76666667	-0.00022289
9.80000001	-0.00110687
9.83333334	0.00010071
9.86666667	0.00091565
9.90000001	-0.00110136
9.93333334	0.00048535
9.96666667	0.00243703
10.00000001	0.00158765
10.03333334	0.00114148
10.06666667	0.00025007
10.10000001	0.00039813
10.13333334	0.00092728
10.16666667	0.00385517
10.20000001	0.00139106
10.23333334	0.00163788
10.26666667	0.00170444
10.30000001	0.00020270
10.33333334	0.00056964
10.36666667	0.00232317
10.40000001	0.00129595
10.43333334	0.00095307
10.46666667	0.00160822
10.50000001	0.00021680
10.53333334	0.00082622
10.56666667	-0.00073231
10.60000001	-0.00013159
10.63333334	-0.00067585
10.66666667	-0.00016876
10.70000001	0.00025945
10.73333334	-0.00090431
10.76666667	-0.00016349
10.80000001	0.00005444
10.83333334	-0.00073872
10.86666667	-0.00068893
10.90000001	-0.00030532
10.93333334	-0.00000784
10.96666667	-0.00034951
11.00000001	-0.00150461
11.03333334	-0.00083920
11.06666667	-0.00090079
11.10000001	-0.00182646
11.13333334	-0.00194547
11.16666667	-0.00064426
11.20000001	-0.00114122
11.23333334	-0.00112940
11.26666667	-0.00119603
11.30000001	-0.00124712
11.33333334	-0.00135671
11.36666667	-0.00175219
11.40000001	-0.00085241
11.43333334	-0.00125044
11.46666667	-0.00107023
11.50000001	-0.00053580
11.53333334	-0.00084848
11.56666667	-0.00015912
11.60000001	-0.00140530
11.63333334	-0.00033386
11.66666667	-0.00061824
11.70000001	-0.00039837
11.73333334	-0.00070672
11.76666667	-0.00055221
11.80000001	-0.00020922
11.83333334	-0.00037908
11.86666667	-0.00074567
11.90000001	-0.00143990
11.93333334	-0.00041587
11.96666667	-0.00015026
12.00000001	-0.00071764
12.03333334	-0.00052016
12.06666667	-0.00186259
12.10000001	-0.00020315
12.13333334	-0.00050868
12.16666667	-0.00065278
12.20000000	-0.00013502
12.23333334	-0.00011383
12.26666667	-0.00064488
12.30000000	0.00002291
12.33333334	0.00018857
12.36666667	0.00024237
12.40000000	-0.00033711
12.43333334	0.00006577
12.46666667	0.00012891
12.50000000	-0.00037008
12.53333334	0.00002483
12.56666667	-0.00036862
12.60000000	-0.00014617
12.63333334	-0.00025955
12.66666667	-0.00038883
12.70000000	-0.00015650
12.73333334	0.00038565
12.76666667	0.00006452
12.80000000	-0.00037768
12.83333334	-0.00094483
12.86666667	-0.00077050
12.90000000	0.00001132
12.93333334	-0.00038146
12.96666667	-0.00014755
13.00000000	-0.00043477
13.03333334	-0.00025915
13.06666667	-0.00044927
13.10000000	-0.00051675
13.13333334	-0.00028760
13.16666667	-0.00049552
13.20000000	-0.00035090
13.23333334	-0.00062241
13.26666667	-0.00038360
13.30000000	-0.00043777
13.33333334	-0.00028375
13.36666667	0.00001146
13.40000000	-0.00025136
13.43333334	-0.00030689
13.46666667	-0.00034657
13.50000000	-0.00035970
13.53333334	-0.00035733
13.56666667	-0.00041990
13.60000000	-0.00025313
13.63333334	-0.00021339
13.66666667	-0.00017676
13.70000000	-0.00029598
13.73333334	-0.00014797
13.76666667	-0.00018680
13.80000000	-0.00016176
13.83333334	-0.00013765
13.86666667	-0.00025012
13.90000000	-0.00015352
13.93333334	-0.00007415
13.96666667	-0.00022898
14.00000000	-0.00016923
14.03333334	-0.00022038
14.06666667	-0.00011962
14.10000000	-0.00008661
14.13333334	-0.00014796
14.16666667	-0.00013178
14.20000000	-0.00008517
14.23333334	-0.00011113
14.26666667	-0.00006820
14.30000000	-0.00010991
14.33333334	-0.00009070
14.36666667	-0.00009339
14.40000000	-0.00007455
14.43333334	-0.00005306
14.46666667	-0.00003232
14.50000000	-0.00003357
14.53333334	-0.00002744
14.56666667	-0.00001652
14.60000000	-0.00002442
14.63333334	-0.00000941
14.66666667	-0.00000539
14.70000000	-0.00000352
14.73333334	-0.00000458
14.76666667	-0.00000225
14.80000000	-0.00000221
14.83333334	-0.00000055
14.86666667	-0.00000019
14.90000000	0.00000000
