# Menlo Systems GmbH ScanControl
# Program Version 1.3.3
# Start: -65.00000000 ps, Average over 1 waveforms. Timestamp: 2019-11-05T11:52:33
# Window type: Tukey, parameters: alpha = 0.2
# User time axis shift: 0 ps
# Time [ps]	THz Signal [a.u.]
-65.06666660	0.00000000
-65.03333327	-0.00000009
-64.99999993	0.00000011
-64.96666660	-0.00000046
-64.93333327	-0.00000004
-64.89999993	-0.00000094
-64.86666660	0.00000218
-64.83333327	0.00000022
-64.79999993	0.00000884
-64.76666660	0.00001589
-64.73333327	-0.00001064
-64.69999993	-0.00000913
-64.66666660	0.00000683
-64.63333327	-0.00000084
-64.59999993	-0.00000266
-64.56666660	0.00001015
-64.53333327	0.00001541
-64.49999993	0.00001263
-64.46666660	0.00003285
-64.43333327	0.00000399
-64.39999993	-0.00000614
-64.36666660	-0.00004867
-64.33333327	-0.00008934
-64.29999993	-0.00004444
-64.26666660	-0.00002784
-64.23333327	-0.00002561
-64.19999993	0.00001877
-64.16666660	0.00002091
-64.13333327	0.00011381
-64.09999993	-0.00003588
-64.06666660	0.00007402
-64.03333327	-0.00006930
-63.99999993	0.00003335
-63.96666660	-0.00003086
-63.93333327	0.00021860
-63.89999993	0.00014016
-63.86666660	0.00001910
-63.83333327	-0.00002792
-63.79999993	-0.00000306
-63.76666660	-0.00008913
-63.73333327	0.00001368
-63.69999993	-0.00015976
-63.66666660	0.00026717
-63.63333327	0.00019765
-63.59999993	-0.00006599
-63.56666660	-0.00006496
-63.53333327	0.00007760
-63.49999993	0.00019384
-63.46666660	-0.00020013
-63.43333327	0.00024037
-63.39999993	0.00014594
-63.36666660	0.00019140
-63.33333327	0.00027960
-63.29999993	0.00023793
-63.26666660	0.00015698
-63.23333327	-0.00004112
-63.19999993	-0.00000497
-63.16666660	0.00019908
-63.13333327	0.00015201
-63.09999993	0.00043616
-63.06666660	0.00021829
-63.03333327	0.00048164
-62.99999993	0.00050536
-62.96666660	0.00011635
-62.93333327	0.00041335
-62.89999993	0.00076512
-62.86666660	0.00122659
-62.83333327	0.00083144
-62.79999993	0.00078472
-62.76666660	0.00032411
-62.73333327	0.00048788
-62.69999993	0.00061658
-62.66666660	0.00045810
-62.63333327	0.00004480
-62.59999993	0.00005634
-62.56666660	0.00067249
-62.53333327	0.00041150
-62.49999993	0.00071794
-62.46666660	-0.00026660
-62.43333327	0.00033498
-62.39999993	0.00085641
-62.36666660	0.00031969
-62.33333327	0.00044277
-62.29999993	-0.00009687
-62.26666660	0.00031147
-62.23333327	0.00125698
-62.19999993	0.00149264
-62.16666660	0.00043893
-62.13333327	0.00145964
-62.09999993	0.00116160
-62.06666660	0.00058946
-62.03333327	0.00098073
-61.99999993	0.00010443
-61.96666660	0.00052812
-61.93333327	0.00072243
-61.89999993	0.00042886
-61.86666660	0.00187937
-61.83333327	0.00085637
-61.79999993	0.00170480
-61.76666660	0.00119238
-61.73333327	0.00215669
-61.69999993	0.00240114
-61.66666660	0.00135608
-61.63333327	0.00243737
-61.59999994	0.00059459
-61.56666660	0.00047118
-61.53333327	0.00197766
-61.49999994	0.00101278
-61.46666660	0.00107319
-61.43333327	0.00065547
-61.39999994	0.00083340
-61.36666660	0.00057623
-61.33333327	0.00042015
-61.29999994	0.00169785
-61.26666660	0.00200051
-61.23333327	0.00203565
-61.19999994	0.00107911
-61.16666660	0.00271148
-61.13333327	0.00188921
-61.09999994	0.00294800
-61.06666660	0.00183447
-61.03333327	0.00109911
-60.99999994	0.00027431
-60.96666660	0.00242809
-60.93333327	0.00102913
-60.89999994	0.00339046
-60.86666660	0.00321286
-60.83333327	0.00067002
-60.79999994	0.00204064
-60.76666660	0.00342911
-60.73333327	0.00347896
-60.69999994	0.00190583
-60.66666660	0.00282039
-60.63333327	0.00217307
-60.59999994	0.00289516
-60.56666660	0.00365790
-60.53333327	0.00480830
-60.49999994	0.00344580
-60.46666660	0.00349314
-60.43333327	0.00305328
-60.39999994	0.00479657
-60.36666660	0.00325936
-60.33333327	0.00276574
-60.29999994	0.00292833
-60.26666660	0.00285687
-60.23333327	0.00251646
-60.19999994	0.00344588
-60.16666660	0.00147686
-60.13333327	0.00272540
-60.09999994	0.00337389
-60.06666660	0.00415776
-60.03333327	0.00198623
-59.99999994	0.00334558
-59.96666660	0.00374722
-59.93333327	0.00495112
-59.89999994	0.00613105
-59.86666660	0.00341500
-59.83333327	0.00330235
-59.79999994	0.00384134
-59.76666660	0.00336623
-59.73333327	0.00200116
-59.69999994	0.00256234
-59.66666660	-0.00015547
-59.63333327	0.00008396
-59.59999994	0.00075057
-59.56666660	0.00231012
-59.53333327	0.00015548
-59.49999994	-0.00009024
-59.46666660	-0.00122050
-59.43333327	0.00088052
-59.39999994	-0.00103464
-59.36666660	0.00065475
-59.33333327	0.00183516
-59.29999994	0.00143189
-59.26666660	0.00326777
-59.23333327	0.00014873
-59.19999994	0.00269201
-59.16666660	-0.00273588
-59.13333327	0.00047419
-59.09999994	-0.00052551
-59.06666660	-0.00015733
-59.03333327	0.00133682
-58.99999994	-0.00040255
-58.96666660	-0.00009895
-58.93333327	0.00085699
-58.89999994	0.00072255
-58.86666660	0.00093678
-58.83333327	0.00041410
-58.79999994	0.00198397
-58.76666660	0.00141065
-58.73333327	0.00055135
-58.69999994	-0.00113386
-58.66666660	0.00009367
-58.63333327	0.00002127
-58.59999994	0.00028352
-58.56666660	-0.00046999
-58.53333327	0.00123592
-58.49999994	-0.00033204
-58.46666660	0.00095149
-58.43333327	0.00045155
-58.39999994	0.00054817
-58.36666660	0.00062629
-58.33333327	0.00170849
-58.29999994	0.00274489
-58.26666660	0.00181626
-58.23333327	0.00232391
-58.19999994	0.00230600
-58.16666660	0.00223714
-58.13333327	0.00205102
-58.09999994	0.00253034
-58.06666660	0.00188342
-58.03333327	0.00364995
-57.99999994	0.00288949
-57.96666660	-0.00032563
-57.93333327	0.00211099
-57.89999994	0.00125562
-57.86666660	0.00227173
-57.83333327	0.00449895
-57.79999994	0.00357716
-57.76666660	0.00206580
-57.73333327	0.00164202
-57.69999994	0.00204733
-57.66666660	0.00373768
-57.63333327	0.00187801
-57.59999994	-0.00114264
-57.56666660	0.00103678
-57.53333327	0.00264878
-57.49999994	0.00056904
-57.46666661	0.00186474
-57.43333327	0.00218557
-57.39999994	0.00394524
-57.36666661	0.00650176
-57.33333327	0.00196400
-57.29999994	0.00277814
-57.26666661	0.00717175
-57.23333327	0.00636062
-57.19999994	0.00554868
-57.16666661	0.00579635
-57.13333327	0.00497276
-57.09999994	0.00414809
-57.06666661	0.00387388
-57.03333327	0.00784273
-56.99999994	0.00470872
-56.96666661	0.00239073
-56.93333327	0.00310979
-56.89999994	0.00432759
-56.86666661	0.00341732
-56.83333327	0.00558464
-56.79999994	0.00350698
-56.76666661	0.00611886
-56.73333327	0.00528306
-56.69999994	0.00623216
-56.66666661	0.00471283
-56.63333327	0.00582358
-56.59999994	0.00315033
-56.56666661	0.00604779
-56.53333327	0.00471513
-56.49999994	0.00641946
-56.46666661	0.00593099
-56.43333327	0.00291583
-56.39999994	0.00066985
-56.36666661	0.00519218
-56.33333327	0.00374979
-56.29999994	0.00684447
-56.26666661	0.00741575
-56.23333327	0.00421299
-56.19999994	0.00162579
-56.16666661	0.00312546
-56.13333327	0.00248615
-56.09999994	0.00249016
-56.06666661	0.00173729
-56.03333327	0.00494337
-55.99999994	0.00426615
-55.96666661	0.00243585
-55.93333327	0.00318883
-55.89999994	0.00163820
-55.86666661	0.00112113
-55.83333327	0.00420872
-55.79999994	0.00556659
-55.76666661	0.00145598
-55.73333327	0.00297809
-55.69999994	0.00419126
-55.66666661	0.00807479
-55.63333327	0.00677456
-55.59999994	0.00640913
-55.56666661	0.00474678
-55.53333327	0.00468919
-55.49999994	0.00444835
-55.46666661	0.00297659
-55.43333327	0.00443293
-55.39999994	0.00286568
-55.36666661	0.00537567
-55.33333327	0.00499124
-55.29999994	0.00194757
-55.26666661	0.00381649
-55.23333327	0.00042960
-55.19999994	0.00504181
-55.16666661	0.00466000
-55.13333327	0.00412975
-55.09999994	0.00278829
-55.06666661	0.00387153
-55.03333327	0.00302736
-54.99999994	0.00459020
-54.96666661	0.00600163
-54.93333327	0.00556921
-54.89999994	0.00416531
-54.86666661	0.00430178
-54.83333327	0.00737702
-54.79999994	0.00709844
-54.76666661	0.00558970
-54.73333327	0.00595196
-54.69999994	0.00498944
-54.66666661	0.00629771
-54.63333327	0.00668719
-54.59999994	0.00822857
-54.56666661	0.00635477
-54.53333327	0.00390843
-54.49999994	0.00353497
-54.46666661	0.00517892
-54.43333327	0.00661311
-54.39999994	0.00357507
-54.36666661	0.00325802
-54.33333327	0.00421791
-54.29999994	0.00206748
-54.26666661	0.00572366
-54.23333327	0.00323512
-54.19999994	0.00225161
-54.16666661	0.00511231
-54.13333327	0.00342623
-54.09999994	0.00674577
-54.06666661	0.00610056
-54.03333327	0.00486481
-53.99999994	0.00505199
-53.96666661	0.00751127
-53.93333327	0.00542540
-53.89999994	0.00798600
-53.86666661	0.00483981
-53.83333327	0.00480827
-53.79999994	0.00503531
-53.76666661	0.00424319
-53.73333327	0.00439569
-53.69999994	0.00426586
-53.66666661	0.00523371
-53.63333327	0.00823687
-53.59999994	0.00422529
-53.56666661	0.00587434
-53.53333327	0.00411388
-53.49999994	0.00515210
-53.46666661	0.00153306
-53.43333328	0.00381040
-53.39999994	0.00239711
-53.36666661	0.00233501
-53.33333328	0.00193193
-53.29999994	0.00489103
-53.26666661	0.00425113
-53.23333328	0.00554492
-53.19999994	0.00788583
-53.16666661	0.00706538
-53.13333328	0.00683235
-53.09999994	0.00779649
-53.06666661	0.00385969
-53.03333328	0.00558622
-52.99999994	0.00431976
-52.96666661	0.00371161
-52.93333328	0.00560562
-52.89999994	0.00221363
-52.86666661	0.00322568
-52.83333328	0.00722792
-52.79999994	0.00475694
-52.76666661	0.00096755
-52.73333328	0.00492976
-52.69999994	0.00270580
-52.66666661	0.00432559
-52.63333328	0.00295717
-52.59999994	0.00146743
-52.56666661	0.00106835
-52.53333328	0.00341527
-52.49999994	0.00244667
-52.46666661	0.00448832
-52.43333328	0.00438954
-52.39999994	0.00475702
-52.36666661	0.00335898
-52.33333328	0.00421478
-52.29999994	0.00527654
-52.26666661	0.00533849
-52.23333328	0.00708352
-52.19999994	0.00582179
-52.16666661	0.00824813
-52.13333328	0.00612886
-52.09999994	0.00727305
-52.06666661	0.00585566
-52.03333328	0.00238758
-51.99999994	0.00667459
-51.96666661	0.00239877
-51.93333328	0.00542001
-51.89999994	0.00530685
-51.86666661	0.00467119
-51.83333328	0.00541394
-51.79999994	0.00654755
-51.76666661	0.00493068
-51.73333328	0.00329428
-51.69999994	0.00347091
-51.66666661	0.00458892
-51.63333328	0.00545418
-51.59999994	0.00462240
-51.56666661	0.00502423
-51.53333328	0.00153882
-51.49999994	0.00370522
-51.46666661	0.00319154
-51.43333328	0.00490184
-51.39999994	0.00605089
-51.36666661	0.00736055
-51.33333328	0.00559599
-51.29999994	0.00722758
-51.26666661	0.00725406
-51.23333328	0.00642079
-51.19999994	0.00760823
-51.16666661	0.00545452
-51.13333328	0.00875082
-51.09999994	0.00552652
-51.06666661	0.00644166
-51.03333328	0.00451467
-50.99999994	0.00719218
-50.96666661	0.00223860
-50.93333328	0.00492197
-50.89999994	0.00491497
-50.86666661	0.00332235
-50.83333328	0.00587198
-50.79999994	0.00365402
-50.76666661	0.00405295
-50.73333328	0.00154726
-50.69999994	0.00806151
-50.66666661	0.00706978
-50.63333328	0.00730037
-50.59999994	0.00821044
-50.56666661	0.00603016
-50.53333328	0.00714129
-50.49999994	0.00728568
-50.46666661	0.00573589
-50.43333328	0.00473295
-50.39999994	0.00222243
-50.36666661	0.00489592
-50.33333328	0.00554560
-50.29999994	0.00420802
-50.26666661	0.00408916
-50.23333328	0.00339617
-50.19999994	0.00366717
-50.16666661	0.00342689
-50.13333328	0.00359172
-50.09999994	0.00327170
-50.06666661	0.00262231
-50.03333328	0.00405920
-49.99999994	0.00643201
-49.96666661	0.00466650
-49.93333328	0.00394115
-49.89999994	0.00723921
-49.86666661	0.00628105
-49.83333328	0.00467971
-49.79999994	0.00350520
-49.76666661	0.00430991
-49.73333328	0.00343451
-49.69999994	0.00585619
-49.66666661	0.00630582
-49.63333328	0.00313658
-49.59999994	0.00417684
-49.56666661	0.00592252
-49.53333328	0.00254449
-49.49999994	0.00408185
-49.46666661	0.00530892
-49.43333328	0.00383299
-49.39999994	0.00556294
-49.36666661	0.00409295
-49.33333328	0.00350244
-49.29999995	0.00359845
-49.26666661	0.00505320
-49.23333328	0.00720171
-49.19999995	0.00377501
-49.16666661	0.00431099
-49.13333328	0.00542221
-49.09999995	0.00570774
-49.06666661	0.00634573
-49.03333328	0.00747011
-48.99999995	0.00775437
-48.96666661	0.00590968
-48.93333328	0.00611430
-48.89999995	0.00638826
-48.86666661	0.00551641
-48.83333328	0.00832425
-48.79999995	0.00790449
-48.76666661	0.00630810
-48.73333328	0.00659626
-48.69999995	0.00670741
-48.66666661	0.00481527
-48.63333328	0.00310828
-48.59999995	0.00459819
-48.56666661	0.00486618
-48.53333328	0.00475877
-48.49999995	0.00735640
-48.46666661	0.00627064
-48.43333328	0.00635246
-48.39999995	0.00430848
-48.36666661	0.00713085
-48.33333328	0.00807470
-48.29999995	0.00694213
-48.26666661	0.00357924
-48.23333328	0.00631283
-48.19999995	0.00339806
-48.16666661	0.00718567
-48.13333328	0.00663896
-48.09999995	0.00304125
-48.06666661	0.00419036
-48.03333328	0.00266478
-47.99999995	0.00358072
-47.96666661	0.00328460
-47.93333328	0.00308389
-47.89999995	0.00377091
-47.86666661	0.00269736
-47.83333328	0.00204045
-47.79999995	-0.00142758
-47.76666661	0.00062791
-47.73333328	-0.00026876
-47.69999995	0.00374575
-47.66666661	-0.00118929
-47.63333328	-0.00297461
-47.59999995	-0.00076449
-47.56666661	-0.00025121
-47.53333328	0.00274661
-47.49999995	0.00013683
-47.46666661	0.00133949
-47.43333328	0.00062012
-47.39999995	0.00175691
-47.36666661	0.00009392
-47.33333328	0.00076852
-47.29999995	0.00075228
-47.26666661	0.00097668
-47.23333328	-0.00115936
-47.19999995	-0.00192932
-47.16666661	-0.00246339
-47.13333328	-0.00212145
-47.09999995	0.00082968
-47.06666661	-0.00381769
-47.03333328	-0.00013449
-46.99999995	-0.00077575
-46.96666661	0.00012586
-46.93333328	0.00026810
-46.89999995	0.00038050
-46.86666661	-0.00388199
-46.83333328	0.00096810
-46.79999995	0.00085418
-46.76666661	0.00059394
-46.73333328	0.00225998
-46.69999995	0.00126071
-46.66666661	0.00140005
-46.63333328	0.00403075
-46.59999995	0.00436296
-46.56666661	0.00421849
-46.53333328	0.00423570
-46.49999995	0.00539939
-46.46666661	0.00396623
-46.43333328	0.00552960
-46.39999995	0.00619729
-46.36666661	0.00409972
-46.33333328	0.00334458
-46.29999995	0.00355286
-46.26666661	0.00506551
-46.23333328	0.00719935
-46.19999995	0.00156158
-46.16666661	0.00342723
-46.13333328	0.00463051
-46.09999995	0.00298044
-46.06666661	0.00266492
-46.03333328	0.00373238
-45.99999995	0.00503203
-45.96666661	0.00591179
-45.93333328	0.00598102
-45.89999995	0.00300550
-45.86666661	0.00270623
-45.83333328	0.00601530
-45.79999995	0.00797150
-45.76666661	0.00736111
-45.73333328	0.00683235
-45.69999995	0.00794827
-45.66666661	0.00701734
-45.63333328	0.00868387
-45.59999995	0.00647048
-45.56666661	0.00783760
-45.53333328	0.00419785
-45.49999995	0.00578224
-45.46666661	0.00587423
-45.43333328	0.00586836
-45.39999995	0.00728386
-45.36666661	0.00362414
-45.33333328	0.00626664
-45.29999995	0.00638897
-45.26666661	0.00623771
-45.23333328	0.00633199
-45.19999995	0.00601155
-45.16666662	0.00800180
-45.13333328	0.00564333
-45.09999995	0.00703042
-45.06666662	0.00537766
-45.03333328	0.00916928
-44.99999995	0.00842028
-44.96666662	0.00817539
-44.93333328	0.00488053
-44.89999995	0.00424634
-44.86666662	0.00878137
-44.83333328	0.00844294
-44.79999995	0.00843217
-44.76666662	0.00652713
-44.73333328	0.00759297
-44.69999995	0.00640344
-44.66666662	0.00758719
-44.63333328	0.00586007
-44.59999995	0.00822099
-44.56666662	0.00782134
-44.53333328	0.00838146
-44.49999995	0.00952343
-44.46666662	0.00812183
-44.43333328	0.00753367
-44.39999995	0.00838246
-44.36666662	0.00663047
-44.33333328	0.00708632
-44.29999995	0.00790446
-44.26666662	0.01091647
-44.23333328	0.01109244
-44.19999995	0.01007890
-44.16666662	0.01088614
-44.13333328	0.00991636
-44.09999995	0.01109960
-44.06666662	0.01024302
-44.03333328	0.00699142
-43.99999995	0.00662293
-43.96666662	0.00794037
-43.93333328	0.00964798
-43.89999995	0.00948706
-43.86666662	0.00689372
-43.83333328	0.00889269
-43.79999995	0.01071970
-43.76666662	0.00951093
-43.73333328	0.01005122
-43.69999995	0.01157871
-43.66666662	0.00691730
-43.63333328	0.00826155
-43.59999995	0.00865580
-43.56666662	0.00697320
-43.53333328	0.01028641
-43.49999995	0.00801199
-43.46666662	0.00967897
-43.43333328	0.00883697
-43.39999995	0.00705976
-43.36666662	0.00642831
-43.33333328	0.00993231
-43.29999995	0.00916599
-43.26666662	0.00831827
-43.23333328	0.00912269
-43.19999995	0.00666515
-43.16666662	0.00561545
-43.13333328	0.00540267
-43.09999995	0.00723910
-43.06666662	0.00702437
-43.03333328	0.00898677
-42.99999995	0.01035712
-42.96666662	0.00671793
-42.93333328	0.00956958
-42.89999995	0.00870256
-42.86666662	0.00599459
-42.83333328	0.00910091
-42.79999995	0.00607574
-42.76666662	0.00684805
-42.73333328	0.01034417
-42.69999995	0.00729891
-42.66666662	0.00866754
-42.63333328	0.00819131
-42.59999995	0.00905815
-42.56666662	0.01250331
-42.53333328	0.01144373
-42.49999995	0.00987334
-42.46666662	0.01118451
-42.43333328	0.01532381
-42.39999995	0.01374052
-42.36666662	0.01396539
-42.33333328	0.01558720
-42.29999995	0.01499030
-42.26666662	0.01398609
-42.23333328	0.01433601
-42.19999995	0.01948026
-42.16666662	0.02152404
-42.13333328	0.02401315
-42.09999995	0.02673943
-42.06666662	0.02649980
-42.03333328	0.02819564
-41.99999995	0.03097975
-41.96666662	0.03050093
-41.93333328	0.03295210
-41.89999995	0.03216672
-41.86666662	0.03544523
-41.83333328	0.03692430
-41.79999995	0.04071049
-41.76666662	0.04352557
-41.73333328	0.04462397
-41.69999995	0.04967267
-41.66666662	0.05021846
-41.63333328	0.05422315
-41.59999995	0.05611011
-41.56666662	0.06134132
-41.53333328	0.06219693
-41.49999995	0.06176644
-41.46666662	0.06433679
-41.43333328	0.06814006
-41.39999995	0.07491379
-41.36666662	0.07714830
-41.33333328	0.08183079
-41.29999995	0.08432332
-41.26666662	0.08949819
-41.23333328	0.08980045
-41.19999995	0.08943965
-41.16666662	0.09278966
-41.13333329	0.09825295
-41.09999995	0.10262919
-41.06666662	0.10439320
-41.03333329	0.10383279
-40.99999995	0.10718297
-40.96666662	0.10836241
-40.93333329	0.10788036
-40.89999995	0.10506570
-40.86666662	0.10766265
-40.83333329	0.10494365
-40.79999995	0.10477069
-40.76666662	0.10170321
-40.73333329	0.09815692
-40.69999995	0.09149872
-40.66666662	0.08577852
-40.63333329	0.07791762
-40.59999995	0.06921775
-40.56666662	0.05658802
-40.53333329	0.04407687
-40.49999995	0.03282522
-40.46666662	0.01651668
-40.43333329	0.00120156
-40.39999995	-0.01545912
-40.36666662	-0.03596516
-40.33333329	-0.05153806
-40.29999995	-0.07618384
-40.26666662	-0.09493057
-40.23333329	-0.11743591
-40.19999995	-0.14464291
-40.16666662	-0.16851562
-40.13333329	-0.19583842
-40.09999995	-0.22061788
-40.06666662	-0.24709738
-40.03333329	-0.27127323
-39.99999995	-0.29542064
-39.96666662	-0.31614023
-39.93333329	-0.34121495
-39.89999995	-0.36079574
-39.86666662	-0.37975261
-39.83333329	-0.39833479
-39.79999995	-0.41220568
-39.76666662	-0.42724435
-39.73333329	-0.44111838
-39.69999995	-0.44649448
-39.66666662	-0.45454663
-39.63333329	-0.45595896
-39.59999995	-0.45658037
-39.56666662	-0.45096327
-39.53333329	-0.44767898
-39.49999995	-0.43644427
-39.46666662	-0.42683676
-39.43333329	-0.40913689
-39.39999995	-0.39004411
-39.36666662	-0.37444879
-39.33333329	-0.35170389
-39.29999995	-0.32486304
-39.26666662	-0.29980901
-39.23333329	-0.26915190
-39.19999995	-0.23860021
-39.16666662	-0.21169893
-39.13333329	-0.17932212
-39.09999995	-0.14658039
-39.06666662	-0.11388715
-39.03333329	-0.07992694
-38.99999995	-0.04998104
-38.96666662	-0.02094386
-38.93333329	0.01123976
-38.89999995	0.03956818
-38.86666662	0.06873856
-38.83333329	0.09528018
-38.79999995	0.12049618
-38.76666662	0.14464531
-38.73333329	0.16660173
-38.69999995	0.18602251
-38.66666662	0.20582522
-38.63333329	0.22449679
-38.59999995	0.23550964
-38.56666662	0.25037845
-38.53333329	0.25869580
-38.49999995	0.26712278
-38.46666662	0.27306647
-38.43333329	0.27982916
-38.39999995	0.28314993
-38.36666662	0.28447509
-38.33333329	0.28644105
-38.29999995	0.28515702
-38.26666662	0.28238633
-38.23333329	0.27645571
-38.19999995	0.27317392
-38.16666662	0.26843508
-38.13333329	0.26174090
-38.09999995	0.25669800
-38.06666662	0.25121005
-38.03333329	0.24048230
-37.99999995	0.23342763
-37.96666662	0.22807834
-37.93333329	0.21833988
-37.89999995	0.20940828
-37.86666662	0.20174275
-37.83333329	0.19464054
-37.79999995	0.18698729
-37.76666662	0.17772366
-37.73333329	0.16868273
-37.69999995	0.16123783
-37.66666662	0.15250203
-37.63333329	0.14657571
-37.59999995	0.13663595
-37.56666662	0.13037557
-37.53333329	0.12183242
-37.49999995	0.11639215
-37.46666662	0.10904622
-37.43333329	0.10322468
-37.39999995	0.09607257
-37.36666662	0.08884875
-37.33333329	0.08176729
-37.29999995	0.07822675
-37.26666662	0.07319405
-37.23333329	0.06490664
-37.19999995	0.06097115
-37.16666662	0.05401379
-37.13333329	0.04984550
-37.09999995	0.04473132
-37.06666662	0.04199504
-37.03333329	0.03717821
-36.99999996	0.03387412
-36.96666662	0.02965727
-36.93333329	0.02308464
-36.89999996	0.02002654
-36.86666662	0.01785100
-36.83333329	0.01496655
-36.79999996	0.01683985
-36.76666662	0.01134194
-36.73333329	0.00799398
-36.69999996	0.01067640
-36.66666662	0.00836506
-36.63333329	0.00864081
-36.59999996	0.00654234
-36.56666662	0.00599469
-36.53333329	0.00618712
-36.49999996	0.00899372
-36.46666662	0.01148463
-36.43333329	0.01184190
-36.39999996	0.00973919
-36.36666662	0.00869503
-36.33333329	0.01087911
-36.29999996	0.01317445
-36.26666662	0.01483713
-36.23333329	0.01766279
-36.19999996	0.01576544
-36.16666662	0.01421242
-36.13333329	0.01792413
-36.09999996	0.01680625
-36.06666662	0.01806420
-36.03333329	0.01525841
-35.99999996	0.01741003
-35.96666662	0.01562698
-35.93333329	0.01495243
-35.89999996	0.01426874
-35.86666662	0.01164479
-35.83333329	0.01292611
-35.79999996	0.01310657
-35.76666662	0.01170557
-35.73333329	0.00858146
-35.69999996	0.00462395
-35.66666662	0.00706911
-35.63333329	0.00132960
-35.59999996	-0.00046023
-35.56666662	-0.00141780
-35.53333329	-0.00294739
-35.49999996	-0.00813541
-35.46666662	-0.00753484
-35.43333329	-0.01105506
-35.39999996	-0.01123130
-35.36666662	-0.01424924
-35.33333329	-0.01512644
-35.29999996	-0.01658325
-35.26666662	-0.01565984
-35.23333329	-0.02274755
-35.19999996	-0.02348334
-35.16666662	-0.02580310
-35.13333329	-0.03056775
-35.09999996	-0.02897350
-35.06666662	-0.03137023
-35.03333329	-0.03129362
-34.99999996	-0.03179040
-34.96666662	-0.02901997
-34.93333329	-0.03058852
-34.89999996	-0.03292487
-34.86666662	-0.03138978
-34.83333329	-0.03367216
-34.79999996	-0.03293960
-34.76666662	-0.03428618
-34.73333329	-0.03332562
-34.69999996	-0.03202820
-34.66666662	-0.03186613
-34.63333329	-0.03218739
-34.59999996	-0.02881429
-34.56666662	-0.02829258
-34.53333329	-0.02646880
-34.49999996	-0.02682216
-34.46666662	-0.02670440
-34.43333329	-0.02422663
-34.39999996	-0.02406776
-34.36666662	-0.02424118
-34.33333329	-0.02294151
-34.29999996	-0.01997572
-34.26666662	-0.01914813
-34.23333329	-0.01790248
-34.19999996	-0.01805840
-34.16666662	-0.01141565
-34.13333329	-0.01446492
-34.09999996	-0.01407414
-34.06666662	-0.01215264
-34.03333329	-0.01243948
-33.99999996	-0.01132690
-33.96666662	-0.01149302
-33.93333329	-0.00988019
-33.89999996	-0.01204077
-33.86666662	-0.01260601
-33.83333329	-0.01369416
-33.79999996	-0.01014717
-33.76666662	-0.01206680
-33.73333329	-0.01137899
-33.69999996	-0.00857822
-33.66666662	-0.01085688
-33.63333329	-0.01050635
-33.59999996	-0.00710172
-33.56666662	-0.01037610
-33.53333329	-0.00936380
-33.49999996	-0.00790500
-33.46666662	-0.01083762
-33.43333329	-0.01035816
-33.39999996	-0.01121627
-33.36666662	-0.01135170
-33.33333329	-0.00881007
-33.29999996	-0.00916057
-33.26666662	-0.00862466
-33.23333329	-0.00700560
-33.19999996	-0.00709815
-33.16666662	-0.00779807
-33.13333329	-0.00594354
-33.09999996	-0.00795046
-33.06666662	-0.00378222
-33.03333329	-0.00772962
-32.99999996	-0.00568078
-32.96666662	-0.00592672
-32.93333329	-0.00359892
-32.89999996	-0.00281326
-32.86666663	-0.00622394
-32.83333329	-0.00608260
-32.79999996	-0.00323384
-32.76666663	-0.00478623
-32.73333329	-0.00065657
-32.69999996	-0.00453686
-32.66666663	-0.00200367
-32.63333329	-0.00059705
-32.59999996	-0.00325148
-32.56666663	-0.00310730
-32.53333329	-0.00290459
-32.49999996	-0.00359551
-32.46666663	0.00026049
-32.43333329	-0.00184254
-32.39999996	-0.00310626
-32.36666663	-0.00124001
-32.33333329	-0.00246688
-32.29999996	-0.00331643
-32.26666663	-0.00275816
-32.23333329	-0.00578468
-32.19999996	-0.00773469
-32.16666663	-0.00714231
-32.13333329	-0.00703630
-32.09999996	-0.00722323
-32.06666663	-0.00674299
-32.03333329	-0.00768873
-31.99999996	-0.00880879
-31.96666663	-0.00952199
-31.93333329	-0.00886699
-31.89999996	-0.00890672
-31.86666663	-0.00985140
-31.83333329	-0.01105070
-31.79999996	-0.00899979
-31.76666663	-0.01217814
-31.73333329	-0.01176327
-31.69999996	-0.00954444
-31.66666663	-0.01203421
-31.63333329	-0.01152302
-31.59999996	-0.01391832
-31.56666663	-0.01124976
-31.53333329	-0.01297200
-31.49999996	-0.01342853
-31.46666663	-0.01346018
-31.43333329	-0.01483293
-31.39999996	-0.01414893
-31.36666663	-0.01229711
-31.33333329	-0.01492391
-31.29999996	-0.01131452
-31.26666663	-0.01290047
-31.23333329	-0.01263048
-31.19999996	-0.01040220
-31.16666663	-0.01127555
-31.13333329	-0.01286778
-31.09999996	-0.00836168
-31.06666663	-0.00831253
-31.03333329	-0.00633588
-30.99999996	-0.00975054
-30.96666663	-0.00499767
-30.93333329	-0.00566430
-30.89999996	-0.00500245
-30.86666663	-0.00706619
-30.83333329	-0.00509873
-30.79999996	-0.00073040
-30.76666663	-0.00220042
-30.73333329	-0.00347010
-30.69999996	-0.00435939
-30.66666663	-0.00253106
-30.63333329	-0.00213970
-30.59999996	-0.00198110
-30.56666663	-0.00192131
-30.53333329	-0.00061539
-30.49999996	0.00072190
-30.46666663	-0.00053324
-30.43333329	0.00049165
-30.39999996	-0.00196743
-30.36666663	-0.00265895
-30.33333329	0.00055560
-30.29999996	0.00029939
-30.26666663	-0.00137255
-30.23333329	-0.00250949
-30.19999996	-0.00432344
-30.16666663	-0.00168296
-30.13333329	-0.00079607
-30.09999996	-0.00564737
-30.06666663	-0.00373778
-30.03333329	-0.00510018
-29.99999996	-0.00287785
-29.96666663	-0.00281035
-29.93333329	-0.00111866
-29.89999996	-0.00160320
-29.86666663	-0.00327357
-29.83333329	-0.00388380
-29.79999996	-0.00151660
-29.76666663	-0.00099205
-29.73333329	-0.00279639
-29.69999996	-0.00292506
-29.66666663	-0.00281084
-29.63333329	-0.00038332
-29.59999996	-0.00418927
-29.56666663	-0.00394658
-29.53333329	-0.00235406
-29.49999996	-0.00072812
-29.46666663	0.00043198
-29.43333329	0.00072329
-29.39999996	-0.00217262
-29.36666663	0.00189463
-29.33333329	0.00389824
-29.29999996	0.00152460
-29.26666663	0.00178005
-29.23333329	0.00274231
-29.19999996	0.00393812
-29.16666663	0.00518216
-29.13333329	0.00635793
-29.09999996	0.00623305
-29.06666663	0.00683415
-29.03333329	0.00778948
-28.99999996	0.00780990
-28.96666663	0.01062398
-28.93333329	0.00871592
-28.89999996	0.01200869
-28.86666663	0.01015244
-28.83333330	0.01125298
-28.79999996	0.01196954
-28.76666663	0.01251585
-28.73333330	0.01297012
-28.69999996	0.01247860
-28.66666663	0.01292306
-28.63333330	0.01173079
-28.59999996	0.00870586
-28.56666663	0.00946098
-28.53333330	0.01003176
-28.49999996	0.00866135
-28.46666663	0.00852138
-28.43333330	0.00882834
-28.39999996	0.00899302
-28.36666663	0.00514729
-28.33333330	0.00530290
-28.29999996	0.00496668
-28.26666663	0.00391978
-28.23333330	0.00221967
-28.19999996	0.00264029
-28.16666663	0.00318212
-28.13333330	0.00246543
-28.09999996	0.00368561
-28.06666663	0.00444186
-28.03333330	0.00228302
-27.99999996	0.00064698
-27.96666663	0.00044445
-27.93333330	0.00404571
-27.89999996	0.00484768
-27.86666663	0.00576310
-27.83333330	0.00498317
-27.79999996	0.00272615
-27.76666663	0.00296323
-27.73333330	0.00391170
-27.69999996	0.00391400
-27.66666663	0.00553373
-27.63333330	0.00315127
-27.59999996	0.00452730
-27.56666663	0.00626150
-27.53333330	0.00696572
-27.49999996	0.00839158
-27.46666663	0.00723098
-27.43333330	0.00759155
-27.39999996	0.00477844
-27.36666663	0.00558922
-27.33333330	0.00481581
-27.29999996	0.00858617
-27.26666663	0.00775704
-27.23333330	0.00856134
-27.19999996	0.00833240
-27.16666663	0.00672711
-27.13333330	0.00739377
-27.09999996	0.00418628
-27.06666663	0.00783920
-27.03333330	0.00752732
-26.99999996	0.00826618
-26.96666663	0.00927165
-26.93333330	0.00802952
-26.89999996	0.00587333
-26.86666663	0.00769419
-26.83333330	0.00587999
-26.79999996	0.00485659
-26.76666663	0.00854744
-26.73333330	0.00680382
-26.69999996	0.00910014
-26.66666663	0.00469091
-26.63333330	0.00634367
-26.59999996	0.00412856
-26.56666663	0.00589549
-26.53333330	0.00651383
-26.49999996	0.00537337
-26.46666663	0.00218856
-26.43333330	0.00440888
-26.39999996	0.00556791
-26.36666663	0.00292966
-26.33333330	0.00404593
-26.29999996	0.00337336
-26.26666663	0.00200599
-26.23333330	0.00137980
-26.19999996	0.00525650
-26.16666663	0.00501086
-26.13333330	0.00506222
-26.09999996	0.00326506
-26.06666663	0.00378025
-26.03333330	0.00219126
-25.99999996	0.00463786
-25.96666663	0.00295124
-25.93333330	0.00488613
-25.89999996	0.00469959
-25.86666663	0.00663246
-25.83333330	0.00519266
-25.79999996	0.00389660
-25.76666663	0.00482234
-25.73333330	0.00657131
-25.69999996	0.00670900
-25.66666663	0.00588499
-25.63333330	0.00663092
-25.59999996	0.01052032
-25.56666663	0.00957521
-25.53333330	0.00678579
-25.49999996	0.00510163
-25.46666663	0.00720492
-25.43333330	0.00869198
-25.39999996	0.00946174
-25.36666663	0.01200929
-25.33333330	0.01134540
-25.29999996	0.01271369
-25.26666663	0.00928567
-25.23333330	0.00863943
-25.19999996	0.00868791
-25.16666663	0.00962800
-25.13333330	0.00972567
-25.09999996	0.01074203
-25.06666663	0.01027666
-25.03333330	0.00869166
-24.99999996	0.00783657
-24.96666663	0.00806375
-24.93333330	0.00665743
-24.89999996	0.00596913
-24.86666663	0.00583989
-24.83333330	0.00567164
-24.79999996	0.00351692
-24.76666663	0.00414326
-24.73333330	0.00654554
-24.69999997	0.00679497
-24.66666663	0.00322060
-24.63333330	0.00077213
-24.59999997	0.00170121
-24.56666663	0.00146039
-24.53333330	0.00103638
-24.49999997	0.00101351
-24.46666663	-0.00130023
-24.43333330	-0.00074305
-24.39999997	-0.00069493
-24.36666663	-0.00346125
-24.33333330	-0.00335496
-24.29999997	0.00191534
-24.26666663	0.00142809
-24.23333330	-0.00159409
-24.19999997	-0.00278406
-24.16666663	-0.00066533
-24.13333330	0.00022497
-24.09999997	-0.00202156
-24.06666663	0.00026918
-24.03333330	0.00003417
-23.99999997	-0.00019310
-23.96666663	-0.00073438
-23.93333330	0.00025778
-23.89999997	0.00149479
-23.86666663	0.00106357
-23.83333330	-0.00216794
-23.79999997	0.00149326
-23.76666663	-0.00163379
-23.73333330	0.00093111
-23.69999997	0.00026855
-23.66666663	0.00072365
-23.63333330	0.00196094
-23.59999997	0.00125075
-23.56666663	0.00090240
-23.53333330	0.00083874
-23.49999997	-0.00097361
-23.46666663	-0.00229910
-23.43333330	-0.00033387
-23.39999997	0.00443751
-23.36666663	0.00130113
-23.33333330	0.00101703
-23.29999997	0.00306261
-23.26666663	0.00149328
-23.23333330	-0.00126495
-23.19999997	0.00105939
-23.16666663	-0.00161690
-23.13333330	-0.00205481
-23.09999997	-0.00492493
-23.06666663	-0.00754769
-23.03333330	-0.00531542
-22.99999997	-0.00461607
-22.96666663	-0.00730051
-22.93333330	-0.00644611
-22.89999997	-0.00475121
-22.86666663	-0.00433782
-22.83333330	-0.00692792
-22.79999997	-0.00504213
-22.76666663	-0.00586597
-22.73333330	-0.00737979
-22.69999997	-0.00731264
-22.66666663	-0.00726585
-22.63333330	-0.01026625
-22.59999997	-0.00825115
-22.56666663	-0.01041387
-22.53333330	-0.00964135
-22.49999997	-0.01021403
-22.46666663	-0.01084320
-22.43333330	-0.00974782
-22.39999997	-0.00581362
-22.36666663	-0.00787470
-22.33333330	-0.00754265
-22.29999997	-0.00765244
-22.26666663	-0.00618433
-22.23333330	-0.00890463
-22.19999997	-0.00610882
-22.16666663	-0.00785828
-22.13333330	-0.00440794
-22.09999997	-0.00441344
-22.06666663	-0.00162217
-22.03333330	-0.00531929
-21.99999997	-0.00763257
-21.96666663	-0.00401686
-21.93333330	-0.00465178
-21.89999997	-0.00436190
-21.86666663	-0.00397983
-21.83333330	-0.00283236
-21.79999997	-0.00255528
-21.76666663	0.00031343
-21.73333330	0.00035589
-21.69999997	-0.00092583
-21.66666663	-0.00139490
-21.63333330	-0.00090746
-21.59999997	-0.00202277
-21.56666663	-0.00003407
-21.53333330	0.00170547
-21.49999997	0.00117468
-21.46666663	-0.00150892
-21.43333330	0.00091996
-21.39999997	-0.00154010
-21.36666663	-0.00114852
-21.33333330	-0.00139855
-21.29999997	-0.00055250
-21.26666663	0.00111045
-21.23333330	-0.00136730
-21.19999997	0.00079122
-21.16666663	-0.00335583
-21.13333330	-0.00044329
-21.09999997	-0.00069783
-21.06666663	-0.00250720
-21.03333330	-0.00349881
-20.99999997	-0.00380251
-20.96666663	-0.00301168
-20.93333330	-0.00337760
-20.89999997	-0.00300963
-20.86666663	-0.00471891
-20.83333330	-0.00493997
-20.79999997	-0.00489792
-20.76666663	-0.00407551
-20.73333330	-0.00388531
-20.69999997	-0.00369555
-20.66666663	-0.00434543
-20.63333330	-0.00115164
-20.59999997	-0.00521761
-20.56666664	-0.00379450
-20.53333330	-0.00175073
-20.49999997	-0.00218664
-20.46666664	-0.00510024
-20.43333330	-0.00431026
-20.39999997	-0.00286964
-20.36666664	-0.00251991
-20.33333330	-0.00096138
-20.29999997	-0.00245223
-20.26666664	-0.00316832
-20.23333330	-0.00003425
-20.19999997	0.00054416
-20.16666664	-0.00188396
-20.13333330	-0.00175869
-20.09999997	-0.00063872
-20.06666664	-0.00083108
-20.03333330	-0.00131905
-19.99999997	-0.00308065
-19.96666664	-0.00296169
-19.93333330	-0.00157503
-19.89999997	-0.00129519
-19.86666664	-0.00113196
-19.83333330	-0.00231223
-19.79999997	-0.00259938
-19.76666664	0.00267445
-19.73333330	-0.00119807
-19.69999997	0.00007038
-19.66666664	-0.00027115
-19.63333330	-0.00250097
-19.59999997	-0.00163496
-19.56666664	-0.00338117
-19.53333330	-0.00131349
-19.49999997	-0.00476191
-19.46666664	-0.00594091
-19.43333330	-0.00545377
-19.39999997	-0.00277367
-19.36666664	-0.00259400
-19.33333330	-0.00454244
-19.29999997	-0.00679779
-19.26666664	-0.00952891
-19.23333330	-0.00551512
-19.19999997	-0.00749123
-19.16666664	-0.00905030
-19.13333330	-0.00759828
-19.09999997	-0.00719141
-19.06666664	-0.00831380
-19.03333330	-0.00948947
-18.99999997	-0.00535060
-18.96666664	-0.00449116
-18.93333330	-0.00365177
-18.89999997	-0.00506498
-18.86666664	-0.00358147
-18.83333330	-0.00439932
-18.79999997	-0.00478325
-18.76666664	-0.00425295
-18.73333330	-0.00276376
-18.69999997	-0.00329781
-18.66666664	-0.00157851
-18.63333330	0.00162282
-18.59999997	0.00532694
-18.56666664	0.00421630
-18.53333330	0.00459439
-18.49999997	0.00424074
-18.46666664	0.00877808
-18.43333330	0.00901132
-18.39999997	0.00933927
-18.36666664	0.01345998
-18.33333330	0.01545674
-18.29999997	0.01474460
-18.26666664	0.01327942
-18.23333330	0.01543444
-18.19999997	0.01378532
-18.16666664	0.01475670
-18.13333330	0.01464033
-18.09999997	0.01367436
-18.06666664	0.01339643
-18.03333330	0.01691230
-17.99999997	0.01632632
-17.96666664	0.01399778
-17.93333330	0.01577098
-17.89999997	0.01361842
-17.86666664	0.01441093
-17.83333330	0.01416514
-17.79999997	0.01591242
-17.76666664	0.01286343
-17.73333330	0.01545840
-17.69999997	0.01387890
-17.66666664	0.01151893
-17.63333330	0.01260202
-17.59999997	0.01114840
-17.56666664	0.01170561
-17.53333330	0.01055661
-17.49999997	0.01072146
-17.46666664	0.00683675
-17.43333330	0.00817953
-17.39999997	0.00819624
-17.36666664	0.00968880
-17.33333330	0.00439303
-17.29999997	0.00826360
-17.26666664	0.00500544
-17.23333330	0.00490026
-17.19999997	0.00597866
-17.16666664	0.00083575
-17.13333330	0.00341155
-17.09999997	-0.00004688
-17.06666664	0.00329292
-17.03333330	-0.00126097
-16.99999997	-0.00112737
-16.96666664	-0.00429370
-16.93333330	-0.00332212
-16.89999997	-0.00433397
-16.86666664	-0.00539474
-16.83333330	-0.00477794
-16.79999997	-0.00406360
-16.76666664	-0.01029332
-16.73333330	-0.01037658
-16.69999997	-0.01293087
-16.66666664	-0.01329190
-16.63333330	-0.00976306
-16.59999997	-0.01297704
-16.56666664	-0.01576278
-16.53333331	-0.01244222
-16.49999997	-0.01707215
-16.46666664	-0.01860132
-16.43333331	-0.01937740
-16.39999997	-0.02200041
-16.36666664	-0.01900200
-16.33333331	-0.02107401
-16.29999997	-0.02182272
-16.26666664	-0.02100750
-16.23333331	-0.02408632
-16.19999997	-0.02487779
-16.16666664	-0.02561171
-16.13333331	-0.02584232
-16.09999997	-0.02662058
-16.06666664	-0.02987368
-16.03333331	-0.02917992
-15.99999997	-0.02952702
-15.96666664	-0.02874610
-15.93333331	-0.02793275
-15.89999997	-0.03191954
-15.86666664	-0.02932868
-15.83333331	-0.03160916
-15.79999997	-0.02953850
-15.76666664	-0.02957654
-15.73333331	-0.03239729
-15.69999997	-0.03015353
-15.66666664	-0.03306963
-15.63333331	-0.03011444
-15.59999997	-0.02812056
-15.56666664	-0.02726628
-15.53333331	-0.02762544
-15.49999997	-0.02848427
-15.46666664	-0.02700032
-15.43333331	-0.02540151
-15.39999997	-0.02434517
-15.36666664	-0.02302491
-15.33333331	-0.02354099
-15.29999997	-0.02381573
-15.26666664	-0.02060837
-15.23333331	-0.01985428
-15.19999997	-0.01672007
-15.16666664	-0.01391731
-15.13333331	-0.01229525
-15.09999997	-0.01231405
-15.06666664	-0.01116654
-15.03333331	-0.00833002
-14.99999997	-0.00758462
-14.96666664	-0.00481585
-14.93333331	-0.00417318
-14.89999997	0.00010843
-14.86666664	-0.00124237
-14.83333331	0.00182808
-14.79999997	0.00112254
-14.76666664	0.00280814
-14.73333331	0.00252338
-14.69999997	0.00625835
-14.66666664	0.00619161
-14.63333331	0.00989440
-14.59999997	0.01321753
-14.56666664	0.01489880
-14.53333331	0.01560946
-14.49999997	0.01399628
-14.46666664	0.01796294
-14.43333331	0.01772009
-14.39999997	0.01669463
-14.36666664	0.01876434
-14.33333331	0.01982949
-14.29999997	0.02186113
-14.26666664	0.02384310
-14.23333331	0.02412492
-14.19999997	0.02404704
-14.16666664	0.02588653
-14.13333331	0.02559255
-14.09999997	0.02737508
-14.06666664	0.02817827
-14.03333331	0.02618648
-13.99999997	0.02241679
-13.96666664	0.02498025
-13.93333331	0.02523424
-13.89999997	0.02797096
-13.86666664	0.02694767
-13.83333331	0.02554225
-13.79999997	0.02415850
-13.76666664	0.02477000
-13.73333331	0.02480369
-13.69999997	0.02483976
-13.66666664	0.02586107
-13.63333331	0.02492602
-13.59999997	0.02369750
-13.56666664	0.02323428
-13.53333331	0.02587415
-13.49999997	0.02477921
-13.46666664	0.02439105
-13.43333331	0.02306250
-13.39999997	0.02167265
-13.36666664	0.02555193
-13.33333331	0.02552402
-13.29999997	0.02283427
-13.26666664	0.02635319
-13.23333331	0.02612555
-13.19999997	0.02412102
-13.16666664	0.02450416
-13.13333331	0.02522785
-13.09999997	0.02593038
-13.06666664	0.02297386
-13.03333331	0.02481634
-12.99999997	0.02304980
-12.96666664	0.02616321
-12.93333331	0.02425493
-12.89999997	0.02308276
-12.86666664	0.02432376
-12.83333331	0.02366342
-12.79999997	0.02304972
-12.76666664	0.02363716
-12.73333331	0.02320576
-12.69999997	0.02107227
-12.66666664	0.02134940
-12.63333331	0.02252509
-12.59999997	0.02190396
-12.56666664	0.02197372
-12.53333331	0.02084100
-12.49999997	0.01839208
-12.46666664	0.02036952
-12.43333331	0.01896241
-12.39999998	0.02102287
-12.36666664	0.02125276
-12.33333331	0.02122754
-12.29999998	0.01955117
-12.26666664	0.01927235
-12.23333331	0.01743141
-12.19999998	0.01754258
-12.16666664	0.01909931
-12.13333331	0.01932560
-12.09999998	0.01844243
-12.06666664	0.01627042
-12.03333331	0.01195681
-11.99999998	0.01328139
-11.96666664	0.01203999
-11.93333331	0.01492482
-11.89999998	0.01436007
-11.86666664	0.01304344
-11.83333331	0.01601028
-11.79999998	0.01547869
-11.76666664	0.01508291
-11.73333331	0.01450930
-11.69999998	0.01237270
-11.66666664	0.01113312
-11.63333331	0.01240643
-11.59999998	0.01180497
-11.56666664	0.01322958
-11.53333331	0.01239343
-11.49999998	0.00970696
-11.46666664	0.01248666
-11.43333331	0.01452048
-11.39999998	0.01104496
-11.36666664	0.01442306
-11.33333331	0.01220869
-11.29999998	0.00896147
-11.26666664	0.01225914
-11.23333331	0.01148990
-11.19999998	0.00951065
-11.16666664	0.01020018
-11.13333331	0.01325914
-11.09999998	0.01183274
-11.06666664	0.01103763
-11.03333331	0.00979625
-10.99999998	0.00558468
-10.96666664	0.01115182
-10.93333331	0.01051433
-10.89999998	0.00986280
-10.86666664	0.00739415
-10.83333331	0.00970162
-10.79999998	0.00936322
-10.76666664	0.00994691
-10.73333331	0.00639202
-10.69999998	0.00436866
-10.66666664	0.00561748
-10.63333331	0.01126388
-10.59999998	0.00687275
-10.56666664	0.00773595
-10.53333331	0.00383642
-10.49999998	0.00591668
-10.46666664	0.00378813
-10.43333331	0.00314025
-10.39999998	0.00151790
-10.36666664	-0.00213632
-10.33333331	-0.00023012
-10.29999998	0.00181430
-10.26666664	-0.00031394
-10.23333331	0.00136554
-10.19999998	0.00245479
-10.16666664	0.00244225
-10.13333331	-0.00001563
-10.09999998	-0.00009023
-10.06666664	0.00030126
-10.03333331	-0.00036340
-9.99999998	-0.00034946
-9.96666664	0.00175791
-9.93333331	-0.00019461
-9.89999998	-0.00180144
-9.86666664	0.00076263
-9.83333331	-0.00060318
-9.79999998	-0.00075605
-9.76666664	-0.00170815
-9.73333331	0.00169787
-9.69999998	0.00052840
-9.66666664	-0.00044817
-9.63333331	0.00223418
-9.59999998	-0.00065532
-9.56666664	-0.00041735
-9.53333331	-0.00080149
-9.49999998	0.00050079
-9.46666664	-0.00216720
-9.43333331	-0.00068395
-9.39999998	-0.00232114
-9.36666664	-0.00169878
-9.33333331	-0.00225130
-9.29999998	-0.00109294
-9.26666664	-0.00215355
-9.23333331	0.00062763
-9.19999998	0.00252074
-9.16666664	-0.00153758
-9.13333331	0.00353042
-9.09999998	-0.00035273
-9.06666664	0.00097336
-9.03333331	0.00096151
-8.99999998	-0.00132666
-8.96666664	-0.00074649
-8.93333331	0.00194585
-8.89999998	0.00150375
-8.86666664	0.00484658
-8.83333331	0.00121851
-8.79999998	0.00357435
-8.76666664	0.00145509
-8.73333331	0.00465601
-8.69999998	0.00191129
-8.66666664	0.00061048
-8.63333331	0.00216254
-8.59999998	0.00232050
-8.56666664	0.00335576
-8.53333331	0.00470334
-8.49999998	0.00241191
-8.46666664	0.00235568
-8.43333331	0.00246099
-8.39999998	0.00317803
-8.36666664	0.00355761
-8.33333331	0.00161407
-8.29999998	0.00405834
-8.26666665	0.00344712
-8.23333331	0.00514568
-8.19999998	0.00242738
-8.16666665	0.00633605
-8.13333331	0.00724903
-8.09999998	0.00386997
-8.06666665	0.00737128
-8.03333331	0.00930090
-7.99999998	0.00816681
-7.96666665	0.00936665
-7.93333331	0.00997616
-7.89999998	0.00742486
-7.86666665	0.01068577
-7.83333331	0.01335169
-7.79999998	0.01139123
-7.76666665	0.00966243
-7.73333331	0.01527999
-7.69999998	0.01419027
-7.66666665	0.01664737
-7.63333331	0.01439844
-7.59999998	0.01507544
-7.56666665	0.01312296
-7.53333331	0.01515207
-7.49999998	0.01421681
-7.46666665	0.01337075
-7.43333331	0.01528921
-7.39999998	0.01538504
-7.36666665	0.01685770
-7.33333331	0.01609590
-7.29999998	0.01587214
-7.26666665	0.01486702
-7.23333331	0.01577398
-7.19999998	0.01668689
-7.16666665	0.01456050
-7.13333331	0.01149127
-7.09999998	0.01271680
-7.06666665	0.01339499
-7.03333331	0.01168606
-6.99999998	0.01021734
-6.96666665	0.01172162
-6.93333331	0.01014931
-6.89999998	0.01205343
-6.86666665	0.00671791
-6.83333331	0.01131414
-6.79999998	0.00933718
-6.76666665	0.01071081
-6.73333331	0.00885598
-6.69999998	0.00643522
-6.66666665	0.00595084
-6.63333331	0.00695291
-6.59999998	0.00825699
-6.56666665	0.00502360
-6.53333331	0.00628082
-6.49999998	0.00357174
-6.46666665	0.00492387
-6.43333331	0.00418041
-6.39999998	0.00495043
-6.36666665	0.00370124
-6.33333331	0.00347142
-6.29999998	0.00454959
-6.26666665	0.00389525
-6.23333331	0.00168204
-6.19999998	0.00296436
-6.16666665	0.00364503
-6.13333331	0.00299749
-6.09999998	0.00046278
-6.06666665	0.00382645
-6.03333331	0.00683489
-5.99999998	0.00336504
-5.96666665	0.00230222
-5.93333331	0.00289077
-5.89999998	0.00401932
-5.86666665	0.00470673
-5.83333331	0.00712507
-5.79999998	0.00382747
-5.76666665	0.00761968
-5.73333331	0.00574472
-5.69999998	0.00438629
-5.66666665	0.00569714
-5.63333331	0.00880121
-5.59999998	0.00469627
-5.56666665	0.00579507
-5.53333331	0.00830475
-5.49999998	0.00602205
-5.46666665	0.00838995
-5.43333331	0.00466243
-5.39999998	0.00517986
-5.36666665	0.00504137
-5.33333331	0.00256602
-5.29999998	0.00632404
-5.26666665	0.00593734
-5.23333331	0.00324522
-5.19999998	0.00115780
-5.16666665	0.00313499
-5.13333331	0.00421242
-5.09999998	0.00624847
-5.06666665	0.00335032
-5.03333331	0.00397351
-4.99999998	0.00605002
-4.96666665	0.00470730
-4.93333331	0.00320617
-4.89999998	0.00003874
-4.86666665	0.00211463
-4.83333331	0.00231811
-4.79999998	-0.00068796
-4.76666665	-0.00112390
-4.73333331	-0.00276771
-4.69999998	-0.00346967
-4.66666665	-0.00309910
-4.63333331	-0.00446999
-4.59999998	-0.00275857
-4.56666665	-0.00427665
-4.53333331	-0.00522886
-4.49999998	-0.00622257
-4.46666665	-0.00479820
-4.43333331	-0.00221570
-4.39999998	-0.00472890
-4.36666665	-0.00217270
-4.33333331	-0.00232850
-4.29999998	-0.00500438
-4.26666665	-0.00516145
-4.23333332	-0.00449077
-4.19999998	-0.00340548
-4.16666665	-0.00699824
-4.13333332	-0.00548377
-4.09999998	-0.00490162
-4.06666665	-0.00213570
-4.03333332	-0.00607353
-3.99999998	-0.00364270
-3.96666665	-0.00073420
-3.93333332	-0.00343066
-3.89999998	-0.00546994
-3.86666665	-0.00407279
-3.83333332	-0.00401609
-3.79999998	-0.00112671
-3.76666665	-0.00235172
-3.73333332	-0.00519028
-3.69999998	-0.00370030
-3.66666665	-0.00883760
-3.63333332	-0.00540433
-3.59999998	-0.00546570
-3.56666665	-0.00239781
-3.53333332	-0.00368291
-3.49999998	-0.00305469
-3.46666665	0.00060123
-3.43333332	-0.00152727
-3.39999998	-0.00169369
-3.36666665	-0.00421615
-3.33333332	-0.00378219
-3.29999998	-0.00334707
-3.26666665	-0.00638410
-3.23333332	-0.00341957
-3.19999998	-0.00064700
-3.16666665	-0.00634281
-3.13333332	-0.00438083
-3.09999998	-0.00464646
-3.06666665	-0.00497807
-3.03333332	-0.00270469
-2.99999998	-0.00120846
-2.96666665	-0.00081440
-2.93333332	-0.00181547
-2.89999998	0.00008665
-2.86666665	-0.00069156
-2.83333332	0.00132396
-2.79999998	0.00039678
-2.76666665	0.00022901
-2.73333332	-0.00000081
-2.69999998	0.00271960
-2.66666665	0.00289475
-2.63333332	0.00117050
-2.59999998	-0.00106515
-2.56666665	0.00056437
-2.53333332	0.00222457
-2.49999998	0.00149725
-2.46666665	0.00341575
-2.43333332	0.00756358
-2.39999998	0.00755299
-2.36666665	0.00720554
-2.33333332	0.00782390
-2.29999998	0.01020960
-2.26666665	0.00742885
-2.23333332	0.00828465
-2.19999998	0.01147947
-2.16666665	0.00885303
-2.13333332	0.01001911
-2.09999998	0.00914740
-2.06666665	0.01091347
-2.03333332	0.00871650
-1.99999998	0.01085637
-1.96666665	0.00973222
-1.93333332	0.01148492
-1.89999998	0.00965362
-1.86666665	0.00995300
-1.83333332	0.00972828
-1.79999998	0.00602644
-1.76666665	0.00409824
-1.73333332	0.00871866
-1.69999998	0.00465769
-1.66666665	0.00680753
-1.63333332	0.00494831
-1.59999998	0.00508954
-1.56666665	0.00376155
-1.53333332	0.00387666
-1.49999998	0.00211243
-1.46666665	-0.00122181
-1.43333332	0.00116316
-1.39999998	-0.00243237
-1.36666665	-0.00082555
-1.33333332	-0.00007181
-1.29999998	-0.00041623
-1.26666665	0.00042242
-1.23333332	-0.00572475
-1.19999998	-0.00581283
-1.16666665	-0.00648667
-1.13333332	-0.00911471
-1.09999998	-0.01088024
-1.06666665	-0.01044853
-1.03333332	-0.01162812
-0.99999998	-0.01078307
-0.96666665	-0.01326934
-0.93333332	-0.01471703
-0.89999998	-0.01510963
-0.86666665	-0.01713803
-0.83333332	-0.01774918
-0.79999998	-0.01778303
-0.76666665	-0.01722748
-0.73333332	-0.02006840
-0.69999998	-0.02146317
-0.66666665	-0.02662047
-0.63333332	-0.02699296
-0.59999998	-0.02532586
-0.56666665	-0.02772502
-0.53333332	-0.02697963
-0.49999998	-0.02926609
-0.46666665	-0.03021396
-0.43333332	-0.02716477
-0.39999998	-0.02934769
-0.36666665	-0.02823553
-0.33333332	-0.03154660
-0.29999998	-0.03200412
-0.26666665	-0.03451228
-0.23333332	-0.03464414
-0.19999998	-0.03286697
-0.16666665	-0.03657316
-0.13333332	-0.03466720
-0.09999999	-0.03663245
-0.06666665	-0.03347260
-0.03333332	-0.03664478
0.00000001	-0.03698147
0.03333335	-0.03287694
0.06666668	-0.03776253
0.10000001	-0.03917805
0.13333335	-0.04031689
0.16666668	-0.04000505
0.20000001	-0.03559544
0.23333335	-0.03738318
0.26666668	-0.03650136
0.30000001	-0.03624845
0.33333335	-0.03393620
0.36666668	-0.03890998
0.40000001	-0.03543592
0.43333335	-0.03388406
0.46666668	-0.03636198
0.50000001	-0.03531492
0.53333335	-0.03449065
0.56666668	-0.03514582
0.60000001	-0.03314780
0.63333335	-0.03051946
0.66666668	-0.03470777
0.70000001	-0.03037999
0.73333335	-0.03008439
0.76666668	-0.02905087
0.80000001	-0.02688661
0.83333335	-0.02885406
0.86666668	-0.02621518
0.90000001	-0.02567642
0.93333335	-0.02310586
0.96666668	-0.02173877
1.00000001	-0.02192504
1.03333335	-0.02363192
1.06666668	-0.02034224
1.10000001	-0.01826607
1.13333335	-0.01739181
1.16666668	-0.01748759
1.20000001	-0.01357407
1.23333335	-0.01264656
1.26666668	-0.01260500
1.30000001	-0.01054940
1.33333335	-0.00778938
1.36666668	-0.00533171
1.40000001	-0.01039532
1.43333335	-0.00393446
1.46666668	-0.00295927
1.50000001	-0.00369888
1.53333335	0.00046853
1.56666668	0.00178812
1.60000001	0.00125876
1.63333335	0.00188747
1.66666668	0.00410781
1.70000001	0.00577963
1.73333335	0.00836712
1.76666668	0.00754471
1.80000001	0.01124970
1.83333335	0.01067037
1.86666668	0.01241253
1.90000001	0.01303103
1.93333335	0.01135324
1.96666668	0.01581102
2.00000001	0.01553074
2.03333335	0.01874920
2.06666668	0.01912946
2.10000001	0.01687422
2.13333335	0.01739114
2.16666668	0.01619782
2.20000001	0.01924450
2.23333335	0.02029244
2.26666668	0.01880743
2.30000001	0.01944353
2.33333335	0.01803542
2.36666668	0.01864963
2.40000001	0.02344828
2.43333335	0.02380931
2.46666668	0.02356905
2.50000001	0.02440937
2.53333335	0.01934128
2.56666668	0.02436735
2.60000001	0.02637594
2.63333335	0.02295516
2.66666668	0.02175824
2.70000001	0.02424787
2.73333335	0.02452636
2.76666668	0.02833793
2.80000001	0.02704859
2.83333335	0.02780520
2.86666668	0.03086424
2.90000001	0.02804048
2.93333335	0.02753894
2.96666668	0.02814905
3.00000001	0.02833736
3.03333335	0.03227571
3.06666668	0.03162350
3.10000001	0.02746301
3.13333335	0.02972343
3.16666668	0.03194069
3.20000001	0.03234054
3.23333335	0.03510203
3.26666668	0.03263853
3.30000001	0.03203277
3.33333335	0.03156219
3.36666668	0.03322358
3.40000001	0.03138924
3.43333335	0.03361342
3.46666668	0.03083013
3.50000001	0.03316726
3.53333335	0.03219619
3.56666668	0.03400145
3.60000001	0.03177874
3.63333335	0.03539385
3.66666668	0.03434123
3.70000001	0.03645436
3.73333335	0.03171499
3.76666668	0.03361804
3.80000001	0.03244928
3.83333335	0.03359246
3.86666668	0.03101490
3.90000001	0.03250667
3.93333334	0.03414233
3.96666668	0.03027556
4.00000001	0.03304663
4.03333334	0.03492832
4.06666668	0.03327446
4.10000001	0.03279893
4.13333334	0.03186544
4.16666668	0.03231708
4.20000001	0.03121016
4.23333334	0.03266863
4.26666668	0.03179494
4.30000001	0.03358290
4.33333334	0.02980533
4.36666668	0.03213438
4.40000001	0.03191898
4.43333334	0.02746267
4.46666668	0.03342984
4.50000001	0.03361858
4.53333334	0.03378026
4.56666668	0.03252779
4.60000001	0.03117927
4.63333334	0.03175733
4.66666668	0.02789947
4.70000001	0.03152509
4.73333334	0.03119844
4.76666668	0.03315687
4.80000001	0.03020265
4.83333334	0.03171151
4.86666668	0.02874645
4.90000001	0.02798162
4.93333334	0.03163097
4.96666668	0.02796757
5.00000001	0.02984123
5.03333334	0.03047684
5.06666668	0.02774563
5.10000001	0.02904925
5.13333334	0.02712829
5.16666668	0.02238280
5.20000001	0.02478625
5.23333334	0.02447015
5.26666668	0.02313575
5.30000001	0.02136681
5.33333334	0.02243048
5.36666668	0.02227448
5.40000001	0.02151098
5.43333334	0.02152743
5.46666668	0.02290003
5.50000001	0.01946568
5.53333334	0.01959507
5.56666668	0.01882322
5.60000001	0.01538975
5.63333334	0.01560322
5.66666668	0.01703363
5.70000001	0.01631146
5.73333334	0.01541293
5.76666668	0.01239526
5.80000001	0.01188322
5.83333334	0.01356452
5.86666668	0.01185997
5.90000001	0.00915408
5.93333334	0.01191483
5.96666668	0.01014921
6.00000001	0.00848567
6.03333334	0.00997393
6.06666668	0.00686887
6.10000001	0.00643656
6.13333334	0.00667068
6.16666668	0.00589145
6.20000001	0.00450880
6.23333334	0.00732540
6.26666668	0.00622535
6.30000001	0.00453087
6.33333334	0.00438583
6.36666668	0.00433477
6.40000001	0.00542490
6.43333334	0.00651779
6.46666668	0.00467282
6.50000001	0.00377537
6.53333334	0.00344387
6.56666668	0.00776707
6.60000001	0.00566766
6.63333334	0.00415462
6.66666668	0.00232397
6.70000001	0.00283698
6.73333334	0.00318791
6.76666668	0.00323675
6.80000001	0.00379156
6.83333334	0.00338934
6.86666668	0.00512355
6.90000001	0.00602168
6.93333334	0.00333759
6.96666668	0.00483363
7.00000001	0.00406930
7.03333334	0.00397821
7.06666668	0.00154474
7.10000001	0.00014352
7.13333334	-0.00111366
7.16666668	0.00131728
7.20000001	0.00141013
7.23333334	0.00272554
7.26666668	-0.00114281
7.30000001	0.00293249
7.33333334	0.00016950
7.36666668	-0.00136245
7.40000001	0.00163933
7.43333334	-0.00161450
7.46666668	-0.00155912
7.50000001	-0.00344365
7.53333334	0.00019919
7.56666668	-0.00299424
7.60000001	-0.00221142
7.63333334	-0.00107052
7.66666668	-0.00138658
7.70000001	-0.00153606
7.73333334	-0.00255784
7.76666668	-0.00020437
7.80000001	-0.00315082
7.83333334	-0.00142475
7.86666668	-0.00287926
7.90000001	-0.00431850
7.93333334	-0.00192147
7.96666668	-0.00606870
8.00000001	-0.00567695
8.03333334	-0.00092102
8.06666667	-0.00320052
8.10000001	-0.00315487
8.13333334	-0.00581896
8.16666667	-0.00752472
8.20000001	-0.00458505
8.23333334	-0.00614349
8.26666667	-0.00390085
8.30000001	-0.00303411
8.33333334	-0.00299499
8.36666667	-0.00399234
8.40000001	-0.00379239
8.43333334	-0.00404750
8.46666667	-0.00346028
8.50000001	-0.00511908
8.53333334	-0.00535525
8.56666667	-0.00561906
8.60000001	-0.00574260
8.63333334	-0.00506849
8.66666667	-0.00499615
8.70000001	-0.00236424
8.73333334	-0.00614028
8.76666667	-0.00691126
8.80000001	-0.00208793
8.83333334	-0.00259126
8.86666667	-0.00615964
8.90000001	-0.00590114
8.93333334	-0.00328932
8.96666667	-0.00668930
9.00000001	-0.00367948
9.03333334	-0.00278754
9.06666667	-0.00463320
9.10000001	-0.00464043
9.13333334	-0.00481655
9.16666667	-0.00450515
9.20000001	-0.00636902
9.23333334	-0.00285872
9.26666667	-0.00405282
9.30000001	-0.00385765
9.33333334	-0.00346110
9.36666667	-0.00479864
9.40000001	-0.00515270
9.43333334	-0.00631011
9.46666667	-0.00338523
9.50000001	-0.00363835
9.53333334	-0.00439669
9.56666667	-0.00144213
9.60000001	-0.00212785
9.63333334	-0.00208473
9.66666667	-0.00201375
9.70000001	-0.00095672
9.73333334	-0.00231227
9.76666667	-0.00083485
9.80000001	-0.00315532
9.83333334	0.00050683
9.86666667	0.00041308
9.90000001	-0.00062738
9.93333334	-0.00045833
9.96666667	-0.00005754
10.00000001	0.00054940
10.03333334	-0.00126429
10.06666667	0.00006580
10.10000001	-0.00057648
10.13333334	-0.00118730
10.16666667	-0.00097666
10.20000001	0.00092400
10.23333334	0.00056818
10.26666667	-0.00059924
10.30000001	0.00134450
10.33333334	0.00087629
10.36666667	0.00084681
10.40000001	0.00184894
10.43333334	0.00139012
10.46666667	0.00074788
10.50000001	0.00094861
10.53333334	0.00079039
10.56666667	-0.00104016
10.60000001	-0.00049258
10.63333334	0.00010535
10.66666667	0.00154075
10.70000001	0.00080569
10.73333334	0.00105652
10.76666667	0.00145879
10.80000001	0.00147816
10.83333334	0.00047135
10.86666667	-0.00025127
10.90000001	-0.00058682
10.93333334	0.00077303
10.96666667	0.00089643
11.00000001	0.00006724
11.03333334	0.00029688
11.06666667	-0.00054825
11.10000001	-0.00001121
11.13333334	-0.00054113
11.16666667	-0.00029756
11.20000001	0.00011388
11.23333334	-0.00074416
11.26666667	0.00016752
11.30000001	-0.00045785
11.33333334	-0.00005723
11.36666667	0.00016962
11.40000001	0.00124345
11.43333334	0.00037936
11.46666667	-0.00020119
11.50000001	-0.00040706
11.53333334	-0.00072721
11.56666667	0.00018376
11.60000001	-0.00018192
11.63333334	0.00046670
11.66666667	-0.00057258
11.70000001	-0.00084662
11.73333334	-0.00111810
11.76666667	-0.00044887
11.80000001	-0.00067363
11.83333334	0.00021019
11.86666667	0.00000881
11.90000001	0.00015904
11.93333334	0.00068865
11.96666667	0.00059878
12.00000001	0.00002805
12.03333334	-0.00000129
12.06666667	0.00041865
12.10000001	-0.00015697
12.13333334	0.00043374
12.16666667	0.00028369
12.20000000	-0.00010589
12.23333334	0.00060058
12.26666667	0.00127904
12.30000000	0.00065333
12.33333334	0.00038609
12.36666667	0.00121410
12.40000000	0.00042507
12.43333334	0.00021174
12.46666667	0.00048782
12.50000000	0.00037957
12.53333334	0.00092000
12.56666667	0.00034274
12.60000000	0.00065294
12.63333334	-0.00033123
12.66666667	-0.00056793
12.70000000	0.00067803
12.73333334	0.00042211
12.76666667	0.00021605
12.80000000	0.00026008
12.83333334	0.00035068
12.86666667	0.00029567
12.90000000	-0.00005730
12.93333334	0.00014277
12.96666667	0.00021244
13.00000000	0.00011539
13.03333334	-0.00020221
13.06666667	-0.00011645
13.10000000	-0.00021351
13.13333334	-0.00010732
13.16666667	-0.00031030
13.20000000	-0.00004190
13.23333334	-0.00009258
13.26666667	-0.00001762
13.30000000	0.00002182
13.33333334	0.00008223
13.36666667	-0.00006381
13.40000000	-0.00011590
13.43333334	-0.00029220
13.46666667	-0.00002469
13.50000000	-0.00008407
13.53333334	-0.00002577
13.56666667	-0.00006173
13.60000000	-0.00007977
13.63333334	-0.00016732
13.66666667	-0.00015503
13.70000000	-0.00010131
13.73333334	-0.00015714
13.76666667	-0.00012537
13.80000000	-0.00017759
13.83333334	-0.00009622
13.86666667	-0.00006445
13.90000000	-0.00009080
13.93333334	-0.00003089
13.96666667	-0.00002700
14.00000000	-0.00019109
14.03333334	-0.00010540
14.06666667	-0.00012599
14.10000000	-0.00007780
14.13333334	-0.00010903
14.16666667	-0.00010476
14.20000000	-0.00009009
14.23333334	-0.00009589
14.26666667	-0.00006891
14.30000000	-0.00004501
14.33333334	-0.00000405
14.36666667	-0.00002397
14.40000000	-0.00001127
14.43333334	-0.00003112
14.46666667	-0.00001894
14.50000000	-0.00002528
14.53333334	-0.00001523
14.56666667	-0.00001825
14.60000000	-0.00000987
14.63333334	-0.00000761
14.66666667	-0.00000143
14.70000000	-0.00000511
14.73333334	-0.00000242
14.76666667	-0.00000332
14.80000000	-0.00000292
14.83333334	-0.00000119
14.86666667	-0.00000022
14.90000000	0.00000000
