# Menlo Systems GmbH ScanControl
# Program Version 1.3.3
# Start: -65.00000000 ps, Average over 1000 waveforms. Timestamp: 2020-07-03T17:55:54
# Window type: Tukey, parameters: alpha = 0.2
# User time axis shift: 0 ps
# Frequency [THz]	THz Signal [a.u.]
0.00000000	-26.18960892
0.00732601	-28.41910579
0.01465201	-22.76828992
0.02197802	-19.75631025
0.02930403	-24.81013231
0.03663004	-23.93743807
0.04395604	-15.78083231
0.05128205	-11.96900905
0.05860806	-13.16847084
0.06593407	-12.30318900
0.07326007	-7.21258414
0.08058608	-8.80560292
0.08791209	-22.38772021
0.09523810	-8.60374539
0.10256410	-7.94909903
0.10989011	-17.07993854
0.11721612	-11.52182626
0.12454213	-8.24349975
0.13186813	-11.86646824
0.13919414	-12.68908674
0.14652015	-8.21326131
0.15384616	-8.80995814
0.16117216	-10.64875520
0.16849817	-5.95423817
0.17582418	-4.77406901
0.18315019	-10.17817575
0.19047619	-9.21107396
0.19780220	-4.59537003
0.20512821	-8.22055063
0.21245421	-11.51292564
0.21978022	-4.55439135
0.22710623	-5.61051511
0.23443224	-10.03695951
0.24175824	-5.49915838
0.24908425	-4.18966516
0.25641026	-6.36585157
0.26373627	-5.34286162
0.27106227	-2.43432287
0.27838828	-2.42179675
0.28571429	-3.29181535
0.29304030	-1.45681146
0.30036630	-0.36189305
0.30769231	-1.31486114
0.31501832	-1.42534661
0.32234433	0.00000000
0.32967033	-0.22607883
0.33699634	-1.35627801
0.34432235	-1.10723343
0.35164836	-1.45324957
0.35897436	-2.67943146
0.36630037	-2.96357674
0.37362638	-3.52708436
0.38095239	-4.43074046
0.38827839	-4.49622200
0.39560440	-4.70581201
0.40293041	-5.34697509
0.41025641	-5.60602028
0.41758242	-5.45701862
0.42490843	-5.70251451
0.43223444	-5.96676379
0.43956044	-6.15904815
0.44688645	-6.68836804
0.45421246	-6.85727719
0.46153847	-7.21646595
0.46886447	-7.97782292
0.47619048	-8.18236469
0.48351649	-8.38599656
0.49084250	-8.86253220
0.49816850	-9.28298516
0.50549451	-9.19947419
0.51282052	-9.22144000
0.52014653	-9.38746156
0.52747253	-9.07262718
0.53479854	-9.11849435
0.54212455	-8.61350882
0.54945056	-9.67526973
0.55677656	-15.28571323
0.56410257	-10.34316945
0.57142858	-7.14089238
0.57875459	-7.32551902
0.58608059	-6.98908042
0.59340660	-6.53421922
0.60073261	-6.91300827
0.60805861	-6.68673919
0.61538462	-6.69993050
0.62271063	-7.17032573
0.63003664	-6.95810500
0.63736264	-7.04239458
0.64468865	-7.60937163
0.65201466	-7.68843736
0.65934067	-7.99559661
0.66666667	-8.60329570
0.67399268	-8.92015065
0.68131869	-9.42819391
0.68864470	-9.99286505
0.69597070	-10.51876166
0.70329671	-11.24025882
0.71062272	-11.85896975
0.71794873	-12.40149393
0.72527473	-13.26402381
0.73260074	-13.97949543
0.73992675	-14.48912830
0.74725276	-17.30460384
0.75457876	-20.25867807
0.76190477	-16.95244821
0.76923078	-16.51764264
0.77655679	-17.14420128
0.78388279	-17.02110263
0.79120880	-17.56326756
0.79853481	-17.76441407
0.80586081	-18.04728336
0.81318682	-18.39345234
0.82051283	-18.45597633
0.82783884	-18.79434814
0.83516484	-18.89040594
0.84249085	-19.23499452
0.84981686	-19.58727763
0.85714287	-19.77406535
0.86446887	-20.25619073
0.87179488	-20.34167154
0.87912089	-20.51934608
0.88644690	-20.93612167
0.89377290	-21.04507814
0.90109891	-21.35372486
0.90842492	-21.71930492
0.91575093	-21.92965498
0.92307693	-22.34175535
0.93040294	-22.56601749
0.93772895	-22.80069112
0.94505496	-23.44287492
0.95238096	-23.68974950
0.95970697	-24.25373964
0.96703298	-25.27813942
0.97435898	-25.42344209
0.98168499	-27.05540836
0.98901100	-29.88817111
0.99633701	-28.16861806
1.00366301	-27.45958932
1.01098902	-28.15680088
1.01831503	-28.54302444
1.02564104	-29.07593468
1.03296704	-29.58394704
1.04029305	-30.31632487
1.04761906	-30.96408610
1.05494507	-31.53100566
1.06227107	-32.28571915
1.06959708	-32.74724576
1.07692309	-33.67402355
1.08424910	-35.23209129
1.09157510	-39.76811049
1.09890111	-55.64960752
1.10622712	-42.91442683
1.11355313	-44.00628238
1.12087913	-40.21822898
1.12820514	-37.53332428
1.13553115	-38.04837027
1.14285716	-38.93833132
1.15018316	-41.74495006
1.15750917	-48.74929734
1.16483518	-66.09878140
1.17216118	-46.11574099
1.17948719	-41.27446781
1.18681320	-41.27203365
1.19413921	-41.32127170
1.20146521	-42.71645994
1.20879122	-50.52490805
1.21611723	-44.69606265
1.22344324	-44.56682756
1.23076924	-50.83637966
1.23809525	-44.71192989
1.24542126	-43.52103603
1.25274727	-44.33238403
1.26007327	-44.05654071
1.26739928	-44.47625640
1.27472529	-45.03640138
1.28205130	-45.71532073
1.28937730	-46.42112237
1.29670331	-46.52575197
1.30402932	-46.71632409
1.31135533	-47.43058210
1.31868133	-48.34817881
1.32600734	-49.01592041
1.33333335	-49.65010258
1.34065936	-49.88866472
1.34798536	-50.55487628
1.35531137	-51.13256966
1.36263738	-51.28418546
1.36996338	-52.43000046
1.37728939	-53.00460746
1.38461540	-53.41201194
1.39194141	-54.34545504
1.39926741	-55.34640512
1.40659342	-59.93680294
1.41391943	-76.42280182
1.42124544	-61.57865599
1.42857144	-58.79102794
1.43589745	-57.51947319
1.44322346	-58.38087065
1.45054947	-59.42588476
1.45787547	-57.79438839
1.46520148	-57.99815470
1.47252749	-59.70731042
1.47985350	-59.17272347
1.48717950	-58.98215983
1.49450551	-60.08486645
1.50183152	-61.48331357
1.50915753	-62.66794924
1.51648353	-62.84131773
1.52380954	-62.59707907
1.53113555	-63.95355699
1.53846156	-67.46619893
1.54578756	-65.05017458
1.55311357	-64.59085957
1.56043958	-66.26902506
1.56776558	-64.01178132
1.57509159	-65.43515230
1.58241760	-70.50684870
1.58974361	-68.12699984
1.59706961	-71.04970550
1.60439562	-82.13608805
1.61172163	-69.83115316
1.61904764	-71.00489556
1.62637364	-69.37399717
1.63369965	-69.34112470
1.64102566	-78.46606063
1.64835167	-92.97558587
1.65567767	-81.84314007
1.66300368	-75.24087004
1.67032969	-77.17661597
1.67765570	-74.71652392
1.68498170	-75.29888551
1.69230771	-76.03057164
1.69963372	-74.88915034
1.70695973	-81.45910841
1.71428573	-85.32283817
1.72161174	-82.91957994
1.72893775	-89.03474583
1.73626376	-79.70896513
1.74358976	-79.15566889
1.75091577	-80.10556414
1.75824178	-91.72198241
1.76556778	-79.76861673
1.77289379	-76.75634092
1.78021980	-82.08573545
1.78754581	-86.70126974
1.79487181	-84.92792526
1.80219782	-76.06137033
1.80952383	-72.96633632
1.81684984	-78.40455634
1.82417584	-77.89997012
1.83150185	-71.96812181
1.83882786	-77.21439248
1.84615387	-83.69403116
1.85347987	-79.49731860
1.86080588	-92.25145086
1.86813189	-87.73827184
1.87545790	-87.75087415
1.88278390	-77.65141845
1.89010991	-75.19679234
1.89743592	-75.43737607
1.90476193	-77.51087803
1.91208793	-81.77151630
1.91941394	-93.58758790
1.92673995	-93.26827752
1.93406596	-79.53426016
1.94139196	-73.74900129
1.94871797	-76.42304110
1.95604398	-86.41606771
1.96336998	-86.07843089
1.97069599	-84.47493386
1.97802200	-78.56185669
1.98534801	-79.20746835
1.99267401	-79.96455079
2.00000002	-83.33625287
2.00732603	-87.66846106
2.01465204	-89.47771714
2.02197804	-93.82573992
2.02930405	-102.21484659
2.03663006	-82.48379118
2.04395607	-78.12869459
2.05128207	-84.49748675
2.05860808	-79.68282178
2.06593409	-78.63630403
2.07326010	-88.22970043
2.08058610	-77.23653344
2.08791211	-82.17086562
2.09523812	-77.22419028
2.10256413	-77.59555938
2.10989013	-86.73460330
2.11721614	-86.55200483
2.12454215	-83.13521663
2.13186816	-77.45200111
2.13919416	-87.93809472
2.14652017	-80.77147318
2.15384618	-80.90165889
2.16117218	-73.49132876
2.16849819	-72.99697571
2.17582420	-84.09196593
2.18315021	-72.33205195
2.19047621	-80.35947386
2.19780222	-74.15651043
2.20512823	-75.29567491
2.21245424	-76.66425441
2.21978024	-73.75817763
2.22710625	-85.40383367
2.23443226	-78.38562932
2.24175827	-81.47089680
2.24908427	-87.96822438
2.25641028	-79.83431322
2.26373629	-74.14576164
2.27106230	-74.98144755
2.27838830	-84.48193135
2.28571431	-85.16458053
2.29304032	-92.01328468
2.30036633	-83.39354152
2.30769233	-80.51708113
2.31501834	-70.60169465
2.32234435	-70.55449433
2.32967036	-79.64390021
2.33699636	-80.61964456
2.34432237	-77.70437977
2.35164838	-77.29283420
2.35897438	-75.91002072
2.36630039	-77.54971408
2.37362640	-82.58239583
2.38095241	-77.60332117
2.38827841	-77.66235285
2.39560442	-79.44958784
2.40293043	-79.68045953
2.41025644	-86.17597914
2.41758244	-95.55850130
2.42490845	-82.65473222
2.43223446	-78.74007427
2.43956047	-83.89650471
2.44688647	-76.18487171
2.45421248	-73.34079938
2.46153849	-75.11303349
2.46886450	-81.51041189
2.47619050	-72.25784136
2.48351651	-76.37686262
2.49084252	-79.77204969
2.49816853	-78.42850765
2.50549453	-86.07399920
2.51282054	-78.59506332
2.52014655	-79.64760731
2.52747256	-84.31353903
2.53479856	-92.17588785
2.54212457	-88.59834681
2.54945058	-76.05679099
2.55677658	-75.62800608
2.56410259	-79.15864434
2.57142860	-85.10956817
2.57875461	-106.01486904
2.58608061	-89.76783467
2.59340662	-84.37884219
2.60073263	-87.12220183
2.60805864	-85.73570865
2.61538464	-83.38948271
2.62271065	-87.66138664
2.63003666	-81.31976907
2.63736267	-75.73700093
2.64468867	-79.33464624
2.65201468	-79.05090238
2.65934069	-76.12125974
2.66666670	-78.08725115
2.67399270	-81.76811253
2.68131871	-86.17560988
2.68864472	-80.65988856
2.69597073	-79.64371845
2.70329673	-77.95680977
2.71062274	-79.55805251
2.71794875	-86.37267851
2.72527476	-84.60609822
2.73260076	-77.11103189
2.73992677	-75.98192261
2.74725278	-81.81404747
2.75457878	-77.42842772
2.76190479	-81.06973308
2.76923080	-75.68147787
2.77655681	-75.12332382
2.78388281	-81.25095855
2.79120882	-78.30189761
2.79853483	-83.09826463
2.80586084	-74.17881929
2.81318684	-76.77321882
2.82051285	-77.85297629
2.82783886	-79.09522656
2.83516487	-83.90434996
2.84249087	-88.55668498
2.84981688	-82.27137559
2.85714289	-80.25284138
2.86446890	-79.01783586
2.87179490	-81.54499710
2.87912091	-83.68636493
2.88644692	-83.39666019
2.89377293	-85.27687723
2.90109893	-79.76866397
2.90842494	-86.58357334
2.91575095	-81.67740545
2.92307695	-89.17818178
2.93040296	-80.49525350
2.93772897	-93.49791559
2.94505498	-82.77644362
2.95238098	-85.22666102
2.95970699	-77.72534247
2.96703300	-80.79409752
2.97435901	-90.80333310
2.98168501	-82.94875876
2.98901102	-81.38212943
2.99633703	-77.15820875
3.00366304	-78.19088677
3.01098904	-84.35532032
3.01831505	-85.05548111
3.02564106	-81.47170363
3.03296707	-80.11716243
3.04029307	-82.67956030
3.04761908	-86.97629964
3.05494509	-84.45579430
3.06227110	-77.90351054
3.06959710	-74.24892946
3.07692311	-73.55803631
3.08424912	-82.04926950
3.09157513	-78.41149046
3.09890113	-85.82002249
3.10622714	-77.45563193
3.11355315	-78.37543535
3.12087915	-77.16259012
3.12820516	-72.60241236
3.13553117	-81.37899064
3.14285718	-76.00810343
3.15018318	-75.51483602
3.15750919	-86.52341118
3.16483520	-77.65212658
3.17216121	-74.77734321
3.17948721	-73.28021961
3.18681322	-76.04522374
3.19413923	-84.20497034
3.20146524	-77.71333555
3.20879124	-80.23158074
3.21611725	-80.00360522
3.22344326	-76.33304502
3.23076927	-83.77582337
3.23809527	-82.85019595
3.24542128	-86.83278094
3.25274729	-79.41801549
3.26007330	-83.21258061
3.26739930	-84.39337171
3.27472531	-85.22262880
3.28205132	-79.61163487
3.28937733	-79.72870207
3.29670333	-94.78928858
3.30402934	-84.16643522
3.31135535	-80.24286077
3.31868135	-84.15596078
3.32600736	-79.21638548
3.33333337	-75.45633978
3.34065938	-72.69253340
3.34798538	-73.72503754
3.35531139	-81.39465544
3.36263740	-73.07178511
3.36996341	-77.33283823
3.37728941	-77.75440815
3.38461542	-73.32744934
3.39194143	-75.00068052
3.39926744	-76.03515347
3.40659344	-86.21627477
3.41391945	-80.03875195
3.42124546	-74.59971016
3.42857147	-73.90116083
3.43589747	-78.96764750
3.44322348	-86.25360203
3.45054949	-77.16604381
3.45787550	-75.96367628
3.46520150	-85.39204406
3.47252751	-78.70133698
3.47985352	-76.06699742
3.48717953	-90.74886969
3.49450553	-81.23127204
3.50183154	-83.61440286
3.50915755	-80.58443329
3.51648355	-82.79300166
3.52380956	-95.40569924
3.53113557	-87.27420574
3.53846158	-84.64380335
3.54578758	-82.37602002
3.55311359	-109.92528696
3.56043960	-80.71054682
3.56776561	-81.76948908
3.57509161	-79.69862593
3.58241762	-74.60666637
3.58974363	-76.37325029
3.59706964	-86.71986826
3.60439564	-88.49431015
3.61172165	-93.79972551
3.61904766	-85.49491479
3.62637367	-79.09381470
3.63369967	-78.07889571
3.64102568	-82.89832479
3.64835169	-84.62996013
3.65567770	-77.76051654
3.66300370	-87.14456030
3.67032971	-76.33091201
3.67765572	-73.67430105
3.68498173	-82.70294837
3.69230773	-83.54825239
3.69963374	-81.22936518
3.70695975	-83.91616694
3.71428575	-89.58217598
3.72161176	-83.82396046
3.72893777	-78.95178188
3.73626378	-79.23087452
3.74358978	-79.59217016
3.75091579	-85.50901670
3.75824180	-79.52107261
3.76556781	-73.88733342
3.77289381	-79.04321444
3.78021982	-78.22202229
3.78754583	-74.92677004
3.79487184	-86.19659072
3.80219784	-80.35650882
3.80952385	-79.87106803
3.81684986	-85.05953934
3.82417587	-79.28706711
3.83150187	-74.76620905
3.83882788	-78.35327872
3.84615389	-87.84060613
3.85347990	-81.63139919
3.86080590	-83.90222340
3.86813191	-76.66827496
3.87545792	-80.96339820
3.88278393	-85.38609713
3.89010993	-82.92002765
3.89743594	-82.86865992
3.90476195	-81.05718670
3.91208795	-77.46186592
3.91941396	-74.78527997
3.92673997	-78.85614819
3.93406598	-76.80898138
3.94139198	-77.29181464
3.94871799	-88.78600660
3.95604400	-90.05969652
3.96337001	-88.92242665
3.97069601	-83.33149210
3.97802202	-79.24825124
3.98534803	-82.32351129
3.99267404	-79.79383224
4.00000004	-83.59089478
4.00732605	-80.41184706
4.01465206	-75.78884820
4.02197807	-82.79619924
4.02930407	-83.11990808
4.03663008	-81.91370150
4.04395609	-83.89163222
4.05128210	-88.40860179
4.05860810	-87.21781513
4.06593411	-91.22103849
4.07326012	-84.51918095
4.08058613	-92.03940941
4.08791213	-85.84869518
4.09523814	-85.48258898
4.10256415	-86.59298557
4.10989015	-84.88815622
4.11721616	-85.25260534
4.12454217	-81.07482034
4.13186818	-84.45110891
4.13919418	-83.20401622
4.14652019	-76.29251612
4.15384620	-78.78873868
4.16117221	-83.50788762
4.16849821	-76.32592751
4.17582422	-84.26555760
4.18315023	-78.70561259
4.19047624	-74.93059533
4.19780224	-77.57835179
4.20512825	-79.69555814
4.21245426	-79.00338487
4.21978027	-75.30577604
4.22710627	-74.38529144
4.23443228	-77.73018447
4.24175829	-75.85143346
4.24908430	-77.10958445
4.25641030	-79.42426614
4.26373631	-85.54434035
4.27106232	-88.80998082
4.27838833	-93.13498669
4.28571433	-75.20755889
4.29304034	-73.14830818
4.30036635	-77.73326467
4.30769235	-84.96682225
4.31501836	-105.29189200
4.32234437	-88.87248780
4.32967038	-90.11040402
4.33699638	-84.36445041
4.34432239	-85.94770136
4.35164840	-83.57707842
4.35897441	-80.36376106
4.36630041	-85.20117130
4.37362642	-83.34942274
4.38095243	-75.12142430
4.38827844	-76.07656616
4.39560444	-80.44700149
4.40293045	-77.78093009
4.41025646	-79.93541728
4.41758247	-81.78923855
4.42490847	-89.75035802
4.43223448	-81.36052985
4.43956049	-76.21317820
4.44688650	-79.66736196
4.45421250	-76.47763982
4.46153851	-76.96034925
4.46886452	-77.41937995
4.47619053	-74.46811428
4.48351653	-78.15903004
4.49084254	-77.47607582
4.49816855	-76.68522967
4.50549455	-78.20634546
4.51282056	-81.36134279
4.52014657	-77.32111410
4.52747258	-81.29815166
4.53479858	-88.86844388
4.54212459	-78.75562594
4.54945060	-77.76564729
4.55677661	-87.40838692
4.56410261	-79.92350409
4.57142862	-79.85594482
4.57875463	-81.73947257
4.58608064	-85.65773037
4.59340664	-80.10144594
4.60073265	-76.76045793
4.60805866	-75.19926882
4.61538467	-80.34837659
4.62271067	-78.06117433
4.63003668	-77.35750576
4.63736269	-75.26311473
4.64468870	-76.77444902
4.65201470	-85.33746042
4.65934071	-78.20759044
4.66666672	-78.33104774
4.67399272	-76.59893428
4.68131873	-80.44304890
4.68864474	-79.90490188
4.69597075	-71.72773644
4.70329675	-72.43780464
4.71062276	-77.21250221
4.71794877	-106.13609341
4.72527478	-78.48343291
4.73260078	-84.50484234
4.73992679	-75.78593055
4.74725280	-73.63526831
4.75457881	-78.50239265
4.76190481	-76.50439879
4.76923082	-80.65642040
4.77655683	-83.96064135
4.78388284	-79.06826592
4.79120884	-78.74811674
4.79853485	-86.51633085
4.80586086	-79.77497362
4.81318687	-84.68542231
4.82051287	-83.02790162
4.82783888	-77.00084453
4.83516489	-74.88662338
4.84249090	-75.72633540
4.84981690	-78.65165057
4.85714291	-81.97256762
4.86446892	-85.78983395
4.87179492	-76.85348568
4.87912093	-79.90557310
4.88644694	-87.51257341
4.89377295	-83.53398896
4.90109895	-75.57107025
4.90842496	-80.52671570
4.91575097	-84.12892691
4.92307698	-84.75665354
4.93040298	-82.35330494
4.93772899	-84.65041797
4.94505500	-91.33989218
4.95238101	-78.76017732
4.95970701	-73.79332829
4.96703302	-79.01145467
4.97435903	-84.12003554
4.98168504	-89.98376397
4.98901104	-81.67723885
4.99633705	-94.51237287
5.00366306	-73.20860694
5.01098907	-72.63424099
5.01831507	-80.94962722
5.02564108	-76.85453925
5.03296709	-81.42933388
5.04029310	-83.35254614
5.04761910	-77.60769150
5.05494511	-76.42452104
5.06227112	-86.19305296
5.06959712	-83.63430564
5.07692313	-87.73561991
5.08424914	-82.58863202
5.09157515	-80.66245180
5.09890115	-88.89036261
5.10622716	-82.61927353
5.11355317	-86.61506734
5.12087918	-93.66770105
5.12820518	-81.86812498
5.13553119	-82.66688253
5.14285720	-87.54450839
5.15018321	-84.99536358
5.15750921	-83.07229479
5.16483522	-82.16603043
5.17216123	-86.18959470
5.17948724	-85.27304063
5.18681324	-84.41272017
5.19413925	-77.79984556
5.20146526	-76.65548341
5.20879127	-81.16787674
5.21611727	-94.70655501
5.22344328	-86.68650290
5.23076929	-97.44571775
5.23809530	-83.30666643
5.24542130	-83.76404777
5.25274731	-79.34817422
5.26007332	-76.91329941
5.26739932	-87.67523316
5.27472533	-84.89960964
5.28205134	-83.75155277
5.28937735	-75.80528277
5.29670335	-78.30056794
5.30402936	-82.97682353
5.31135537	-76.24165528
5.31868138	-80.48279866
5.32600738	-88.33977227
5.33333339	-89.88382636
5.34065940	-81.31479266
5.34798541	-79.99807986
5.35531141	-80.63166425
5.36263742	-78.75851312
5.36996343	-80.58166593
5.37728944	-83.86745671
5.38461544	-86.20574269
5.39194145	-88.58132610
5.39926746	-82.65520954
5.40659347	-76.68324431
5.41391947	-74.20005498
5.42124548	-73.51733873
5.42857149	-73.68228426
5.43589750	-79.93495498
5.44322350	-79.80003285
5.45054951	-75.33880751
5.45787552	-92.69629578
5.46520152	-75.19997244
5.47252753	-74.04724841
5.47985354	-78.12787461
5.48717955	-79.19607500
5.49450555	-80.33332602
5.50183156	-80.66416014
5.50915757	-82.84708007
5.51648358	-82.31778058
5.52380958	-74.79234385
5.53113559	-77.77890842
5.53846160	-80.99435210
5.54578761	-84.17642525
5.55311361	-79.53016087
5.56043962	-80.24159020
5.56776563	-82.95279567
5.57509164	-84.80666759
5.58241764	-85.01291411
5.58974365	-78.73115896
5.59706966	-86.93663554
5.60439567	-82.56893665
5.61172167	-81.18953220
5.61904768	-76.62813349
5.62637369	-74.52063271
5.63369970	-80.46819913
5.64102570	-85.86027594
5.64835171	-86.36066576
5.65567772	-80.09058495
5.66300372	-81.60656158
5.67032973	-86.51984293
5.67765574	-87.61843080
5.68498175	-95.23096290
5.69230775	-83.44805598
5.69963376	-79.10284513
5.70695977	-78.10189326
5.71428578	-79.92044893
5.72161178	-84.08202809
5.72893779	-90.06229279
5.73626380	-87.57032030
5.74358981	-80.53804040
5.75091581	-79.01960700
5.75824182	-81.64382884
5.76556783	-86.33567282
5.77289384	-88.38970954
5.78021984	-80.11988019
5.78754585	-75.88433330
5.79487186	-77.52615616
5.80219787	-86.08766482
5.80952387	-87.44866685
5.81684988	-93.61988204
5.82417589	-88.65612545
5.83150190	-89.31255298
5.83882790	-84.33736607
5.84615391	-80.84398242
5.85347992	-79.90502371
5.86080592	-81.35243203
5.86813193	-86.36674391
5.87545794	-89.86427901
5.88278395	-86.20093463
5.89010995	-83.78762506
5.89743596	-81.91325569
5.90476197	-88.87100466
5.91208798	-87.19334720
5.91941398	-79.61130389
5.92673999	-78.27088053
5.93406600	-86.39023826
5.94139201	-78.42454149
5.94871801	-74.67027259
5.95604402	-74.62472153
5.96337003	-73.77053749
5.97069604	-78.76065271
5.97802204	-80.53044779
5.98534805	-79.48568881
5.99267406	-86.77078549
6.00000007	-84.93023857
6.00732607	-89.53123349
6.01465208	-86.39532911
6.02197809	-85.30085661
6.02930410	-86.58333420
6.03663010	-82.58454948
6.04395611	-84.31550626
6.05128212	-84.20645192
6.05860812	-78.97391017
6.06593413	-82.63389349
6.07326014	-79.44942716
6.08058615	-80.81372630
6.08791215	-81.11348749
6.09523816	-75.59792390
6.10256417	-78.70793433
6.10989018	-87.85245385
6.11721618	-80.73300201
6.12454219	-91.31642232
6.13186820	-76.38426651
6.13919421	-74.14610202
6.14652021	-79.82579759
6.15384622	-101.81225457
6.16117223	-87.81689260
6.16849824	-90.78972526
6.17582424	-85.95689457
6.18315025	-82.00900754
6.19047626	-83.72435073
6.19780227	-78.31022463
6.20512827	-78.61377783
6.21245428	-75.64515155
6.21978029	-75.82712189
6.22710630	-87.98562345
6.23443230	-79.43493014
6.24175831	-86.01484272
6.24908432	-83.42700654
6.25641032	-85.90389156
6.26373633	-75.49576030
6.27106234	-75.25050817
6.27838835	-91.62541562
6.28571435	-79.84295132
6.29304036	-83.92465319
6.30036637	-83.14963202
6.30769238	-85.93841594
6.31501838	-83.21140515
6.32234439	-86.57539471
6.32967040	-77.41016832
6.33699641	-79.50721014
6.34432241	-83.02403667
6.35164842	-85.03225360
6.35897443	-82.13349507
6.36630044	-78.12620065
6.37362644	-79.12299572
6.38095245	-83.07834033
6.38827846	-88.39829068
6.39560447	-76.34657733
6.40293047	-75.98941151
6.41025648	-90.32217539
6.41758249	-76.78296217
6.42490850	-79.41684883
6.43223450	-88.50360159
6.43956051	-80.50353772
6.44688652	-80.54543600
6.45421252	-79.01887179
6.46153853	-87.65028315
6.46886454	-90.41185804
6.47619055	-91.85756778
6.48351655	-95.00724103
6.49084256	-86.19392322
6.49816857	-77.26039614
6.50549458	-77.26049487
6.51282058	-77.37066150
6.52014659	-74.13696472
6.52747260	-75.56949399
6.53479861	-77.97435272
6.54212461	-84.91211585
6.54945062	-81.03519357
6.55677663	-77.24734063
6.56410264	-82.43248777
6.57142864	-94.20977193
6.57875465	-85.45949408
6.58608066	-83.64530566
6.59340667	-89.69701842
6.60073267	-90.00883537
6.60805868	-84.37800233
6.61538469	-80.62641540
6.62271069	-84.02176191
6.63003670	-89.12102019
6.63736271	-79.69538351
6.64468872	-78.97457678
6.65201472	-83.05900654
6.65934073	-77.74113958
6.66666674	-80.34642941
6.67399275	-92.88727420
6.68131875	-87.26315870
6.68864476	-81.68326962
6.69597077	-80.73288747
6.70329678	-84.50188970
6.71062278	-87.94922798
6.71794879	-88.31139591
6.72527480	-84.75967413
6.73260081	-80.66571704
6.73992681	-88.69454412
6.74725282	-80.13323674
6.75457883	-78.34844702
6.76190484	-82.28448546
6.76923084	-82.08259860
6.77655685	-83.29247225
6.78388286	-82.46143749
6.79120887	-82.04785220
6.79853487	-79.31995108
6.80586088	-80.01082841
6.81318689	-82.94677854
6.82051289	-77.08811817
6.82783890	-79.29526743
6.83516491	-83.27855302
6.84249092	-88.94425324
6.84981692	-88.45337242
6.85714293	-83.42780966
6.86446894	-84.03558289
6.87179495	-82.39019204
6.87912095	-82.16737533
6.88644696	-86.30870697
6.89377297	-92.46315018
6.90109898	-86.11433003
6.90842498	-79.44236788
6.91575099	-77.16610449
6.92307700	-83.29495298
6.93040301	-101.96317713
6.93772901	-89.41036587
6.94505502	-81.30267620
6.95238103	-88.50105150
6.95970704	-92.29287674
6.96703304	-89.31019520
6.97435905	-81.44593563
6.98168506	-87.49482241
6.98901107	-75.60171534
6.99633707	-74.43957342
7.00366308	-81.08885018
7.01098909	-87.84771707
7.01831509	-81.91891153
7.02564110	-85.66566986
7.03296711	-84.15079002
7.04029312	-81.93580616
7.04761912	-85.43885119
7.05494513	-91.15286971
7.06227114	-87.23024682
7.06959715	-80.51369366
7.07692315	-82.76941133
7.08424916	-89.12443269
7.09157517	-78.14591142
7.09890118	-79.53581904
7.10622718	-107.34064782
7.11355319	-87.21649934
7.12087920	-92.76927357
7.12820521	-98.23202562
7.13553121	-86.26694395
7.14285722	-85.82745116
7.15018323	-78.82123652
7.15750924	-78.36553667
7.16483524	-78.77794007
7.17216125	-74.34446107
7.17948726	-79.99526547
7.18681327	-76.35384006
7.19413927	-75.16532137
7.20146528	-83.84953377
7.20879129	-92.16370399
7.21611729	-82.98123463
7.22344330	-77.81273199
7.23076931	-79.96171650
7.23809532	-83.65341390
7.24542132	-85.90414612
7.25274733	-88.54755377
7.26007334	-100.38178876
7.26739935	-89.89585584
7.27472535	-84.16810963
7.28205136	-83.98168434
7.28937737	-85.28884025
7.29670338	-79.01720793
7.30402938	-84.83364982
7.31135539	-90.25208884
7.31868140	-81.48709139
7.32600741	-75.23447444
7.33333341	-77.24004108
7.34065942	-81.21128138
7.34798543	-76.19918321
7.35531144	-83.93460040
7.36263744	-81.31824627
7.36996345	-83.93439006
7.37728946	-89.96009061
7.38461547	-93.73597466
7.39194147	-81.03242993
7.39926748	-83.15613607
7.40659349	-83.68593659
7.41391949	-79.68119295
7.42124550	-82.79776294
7.42857151	-75.82574455
7.43589752	-77.96347430
7.44322352	-86.88931374
7.45054953	-88.20351027
7.45787554	-90.99520678
7.46520155	-86.72203508
7.47252755	-85.82761116
7.47985356	-87.97767461
7.48717957	-85.20174465
7.49450558	-80.01783604
7.50183158	-72.97750787
7.50915759	-75.97468987
7.51648360	-91.08453236
7.52380961	-95.12297414
7.53113561	-92.32537736
7.53846162	-90.61652403
7.54578763	-80.34512823
7.55311364	-77.55263794
7.56043964	-82.58318347
7.56776565	-80.73188255
7.57509166	-82.18163505
7.58241767	-85.49164698
7.58974367	-80.04577799
7.59706968	-89.16058290
7.60439569	-99.46851272
7.61172169	-86.43966138
7.61904770	-89.25028133
7.62637371	-80.04547412
7.63369972	-74.05514940
7.64102572	-76.98803690
7.64835173	-80.20925496
7.65567774	-75.69691025
7.66300375	-76.66603212
7.67032975	-82.84006462
7.67765576	-85.55424763
7.68498177	-96.56926658
7.69230778	-88.93096879
7.69963378	-87.67195043
7.70695979	-76.02321728
7.71428580	-76.72972519
7.72161181	-85.80480966
7.72893781	-87.55064862
7.73626382	-77.93988057
7.74358983	-75.24859769
7.75091584	-87.50155152
7.75824184	-82.24732953
7.76556785	-82.45645464
7.77289386	-75.19856429
7.78021987	-76.62605184
7.78754587	-86.14233633
7.79487188	-82.44733967
7.80219789	-81.43039062
7.80952389	-80.97318032
7.81684990	-85.03962184
7.82417591	-87.91638931
7.83150192	-92.84640142
7.83882792	-83.56866789
7.84615393	-76.08234490
7.85347994	-76.50674391
7.86080595	-81.21502327
7.86813195	-80.69317541
7.87545796	-100.67440575
7.88278397	-80.58023498
7.89010998	-80.33210553
7.89743598	-82.88964056
7.90476199	-81.91242577
7.91208800	-83.65945811
7.91941401	-77.35946631
7.92674001	-76.50496573
7.93406602	-81.31621238
7.94139203	-83.99994223
7.94871804	-92.29168117
7.95604404	-82.40825007
7.96337005	-79.51003393
7.97069606	-75.72644149
7.97802207	-75.64488420
7.98534807	-98.53933362
7.99267408	-80.35395745
8.00000009	-88.47387543
8.00732609	-76.75579251
8.01465210	-76.52785501
8.02197811	-81.10538554
8.02930412	-94.56110931
8.03663012	-80.44839338
8.04395613	-78.14216552
8.05128214	-81.06193129
8.05860815	-84.43754925
8.06593415	-78.39358556
8.07326016	-80.91243033
8.08058617	-92.30692944
8.08791218	-79.64228989
8.09523818	-78.22148093
8.10256419	-80.68011342
8.10989020	-83.14279456
8.11721621	-88.12264835
8.12454221	-96.32345971
8.13186822	-92.91138229
8.13919423	-83.56928564
8.14652024	-81.94500661
8.15384624	-80.40599698
8.16117225	-76.59845502
8.16849826	-79.48790075
8.17582427	-91.70078424
8.18315027	-80.27753861
8.19047628	-78.60873085
8.19780229	-76.05615666
8.20512829	-75.30098069
8.21245430	-80.11940706
8.21978031	-79.56734855
8.22710632	-78.66630229
8.23443232	-93.35746528
8.24175833	-78.04216757
8.24908434	-78.09536931
8.25641035	-83.64472562
8.26373635	-84.54828680
8.27106236	-77.04294029
8.27838837	-75.67848971
8.28571438	-82.84290734
8.29304038	-84.95363645
8.30036639	-87.53503919
8.30769240	-79.80214858
8.31501841	-75.85075280
8.32234441	-81.49247899
8.32967042	-82.08553982
8.33699643	-78.08640095
8.34432244	-80.87846433
8.35164844	-82.18353254
8.35897445	-82.68701144
8.36630046	-77.65639892
8.37362647	-78.45835703
8.38095247	-79.75890807
8.38827848	-83.45277033
8.39560449	-78.89178667
8.40293049	-84.39095280
8.41025650	-77.12126046
8.41758251	-76.54850771
8.42490852	-81.09110802
8.43223452	-79.59660520
8.43956053	-86.94822787
8.44688654	-83.57583990
8.45421255	-93.66387596
8.46153855	-106.30203420
8.46886456	-83.18308917
8.47619057	-79.72741154
8.48351658	-81.09665382
8.49084258	-83.99115731
8.49816859	-82.55869542
8.50549460	-81.06549138
8.51282061	-84.44698773
8.52014661	-83.73576392
8.52747262	-81.81213659
8.53479863	-85.59377569
8.54212464	-90.29585142
8.54945064	-81.21052425
8.55677665	-79.72770862
8.56410266	-87.44115626
8.57142866	-83.57826225
8.57875467	-84.47411777
8.58608068	-82.04652152
8.59340669	-80.68103204
8.60073269	-93.25860732
8.60805870	-89.63533756
8.61538471	-91.48429700
8.62271072	-90.19115043
8.63003672	-86.43207832
8.63736273	-79.96118523
8.64468874	-82.20692948
8.65201475	-90.98771655
8.65934075	-87.46160986
8.66666676	-89.96081623
8.67399277	-85.31237204
8.68131878	-81.95580906
8.68864478	-79.44927014
8.69597079	-79.00562592
8.70329680	-86.93627160
8.71062281	-80.79142159
8.71794881	-79.43549354
8.72527482	-81.34772469
8.73260083	-84.76620541
8.73992684	-84.82396916
8.74725284	-81.89457901
8.75457885	-92.76763857
8.76190486	-83.07636161
8.76923086	-87.20618745
8.77655687	-81.39346425
8.78388288	-82.42122931
8.79120889	-83.32280713
8.79853489	-76.96230307
8.80586090	-76.41333614
8.81318691	-79.31849662
8.82051292	-80.23420735
8.82783892	-92.95405133
8.83516493	-83.26041185
8.84249094	-81.60514204
8.84981695	-80.84879710
8.85714295	-88.04447839
8.86446896	-95.78862509
8.87179497	-83.22403737
8.87912098	-79.97042689
8.88644698	-78.22874019
8.89377299	-78.04088720
8.90109900	-83.00193538
8.90842501	-76.46848318
8.91575101	-82.40522631
8.92307702	-81.24753057
8.93040303	-79.74647264
8.93772904	-84.17647882
8.94505504	-85.53150971
8.95238105	-84.58439852
8.95970706	-75.17067239
8.96703306	-74.35470671
8.97435907	-82.22050947
8.98168508	-78.42211609
8.98901109	-79.73839517
8.99633709	-90.61125192
9.00366310	-89.36864818
9.01098911	-86.07293980
9.01831512	-96.74254089
9.02564112	-100.51031961
9.03296713	-82.26448336
9.04029314	-81.05481479
9.04761915	-81.84468923
9.05494515	-73.78599728
9.06227116	-76.64431158
9.06959717	-87.52923056
9.07692318	-85.46599271
9.08424918	-87.61984985
9.09157519	-80.31530594
9.09890120	-81.75854866
9.10622721	-80.38182372
9.11355321	-77.39597422
9.12087922	-79.19619420
9.12820523	-86.03563288
9.13553124	-83.42799823
9.14285724	-76.63916279
9.15018325	-76.52007381
9.15750926	-83.20350536
9.16483526	-81.19491687
9.17216127	-85.56278601
9.17948728	-97.86383204
9.18681329	-98.97987927
9.19413929	-85.40722367
9.20146530	-85.02970195
9.20879131	-92.96677825
9.21611732	-88.58040018
9.22344332	-97.88556100
9.23076933	-84.47243351
9.23809534	-86.46267586
9.24542135	-82.90926772
9.25274735	-79.79274399
9.26007336	-94.51076586
9.26739937	-78.29418835
9.27472538	-78.96680751
9.28205138	-81.41415587
9.28937739	-83.16890325
9.29670340	-81.02189294
9.30402941	-96.48901455
9.31135541	-80.42131769
9.31868142	-80.97262740
9.32600743	-76.13138926
9.33333344	-78.51425793
9.34065944	-81.66455900
9.34798545	-84.08941218
9.35531146	-78.18288037
9.36263746	-79.64676340
9.36996347	-81.00443909
9.37728948	-78.96045217
9.38461549	-85.90070316
9.39194149	-75.98078242
9.39926750	-85.63610576
9.40659351	-80.27660150
9.41391952	-80.37005880
9.42124552	-74.51444700
9.42857153	-73.31822628
9.43589754	-75.26828568
9.44322355	-85.37450174
9.45054955	-81.47363904
9.45787556	-83.66905847
9.46520157	-80.78962891
9.47252758	-82.57747081
9.47985358	-78.33170587
9.48717959	-78.73690340
9.49450560	-88.08422121
9.50183161	-91.68225147
9.50915761	-80.72362567
9.51648362	-79.22248952
9.52380963	-79.72936895
9.53113564	-79.24302303
9.53846164	-79.86199345
9.54578765	-78.80604638
9.55311366	-77.00459318
9.56043966	-85.50302333
9.56776567	-81.76656293
9.57509168	-79.99702647
9.58241769	-87.01710798
9.58974369	-96.09164156
9.59706970	-93.18300897
9.60439571	-87.94187539
9.61172172	-80.67813867
9.61904772	-80.01740894
9.62637373	-86.22022182
9.63369974	-88.67855905
9.64102575	-84.72222882
9.64835175	-78.32145955
9.65567776	-74.60413863
9.66300377	-79.85100050
9.67032978	-77.79028149
9.67765578	-76.51987417
9.68498179	-82.91739499
9.69230780	-89.09046906
9.69963381	-78.83887209
9.70695981	-81.75942892
9.71428582	-86.96449669
9.72161183	-84.04768437
9.72893784	-92.34521596
9.73626384	-82.37218389
9.74358985	-77.55006228
9.75091586	-82.85107456
9.75824186	-78.73127249
9.76556787	-74.54649410
9.77289388	-78.31249901
9.78021989	-96.64330950
9.78754589	-83.56556067
9.79487190	-77.00833442
9.80219791	-75.07698563
9.80952392	-78.61290644
9.81684992	-88.88952231
9.82417593	-75.64625486
9.83150194	-75.97712933
9.83882795	-90.24399858
9.84615395	-86.05758479
9.85347996	-103.39744605
9.86080597	-80.86604773
9.86813198	-79.13789779
9.87545798	-82.79086030
9.88278399	-89.46263255
9.89011000	-92.48151705
9.89743601	-82.99888081
9.90476201	-89.40366069
9.91208802	-83.94311677
9.91941403	-82.79635396
9.92674004	-82.41044115
9.93406604	-79.36953857
9.94139205	-81.57029888
9.94871806	-82.23865579
9.95604406	-77.44658273
9.96337007	-75.18784144
9.97069608	-85.64501379
9.97802209	-79.56916385
9.98534809	-87.08396661
9.99267410	-83.44321413
10.00000011	-84.84675058
10.00732612	-79.39011725
10.01465212	-85.33898911
10.02197813	-81.83192913
10.02930414	-76.81713931
10.03663015	-76.37026346
10.04395615	-76.82554010
10.05128216	-83.73663901
10.05860817	-83.89740023
10.06593418	-81.56150526
10.07326018	-84.27290822
10.08058619	-80.35702012
10.08791220	-77.71914237
10.09523821	-79.32386207
10.10256421	-83.19594303
10.10989022	-86.27836870
10.11721623	-92.36997326
10.12454224	-87.43383857
10.13186824	-84.78117878
10.13919425	-77.36062548
10.14652026	-72.79421560
10.15384626	-74.17185254
10.16117227	-83.29066328
10.16849828	-83.02700395
10.17582429	-80.53209034
10.18315029	-76.05885464
10.19047630	-76.65434918
10.19780231	-79.65895296
10.20512832	-80.03086490
10.21245432	-83.10961010
10.21978033	-93.01476150
10.22710634	-82.76364545
10.23443235	-91.17532162
10.24175835	-92.40777761
10.24908436	-91.70679275
10.25641037	-87.76842249
10.26373638	-90.54650164
10.27106238	-77.56677690
10.27838839	-74.69453246
10.28571440	-82.14990297
10.29304041	-82.50707260
10.30036641	-82.25928324
10.30769242	-89.85007516
10.31501843	-91.25334934
10.32234443	-75.04861841
10.32967044	-73.90050545
10.33699645	-82.47793150
10.34432246	-83.05561810
10.35164846	-77.31782723
10.35897447	-81.00589227
10.36630048	-84.37881752
10.37362649	-80.25151905
10.38095249	-86.42788241
10.38827850	-82.33573739
10.39560451	-86.11377870
10.40293052	-83.48533888
10.41025652	-81.03207498
10.41758253	-81.67519408
10.42490854	-78.87869709
10.43223455	-85.01899812
10.43956055	-79.67205608
10.44688656	-77.22880235
10.45421257	-84.16142142
10.46153858	-85.39515356
10.46886458	-84.27760365
10.47619059	-84.59662942
10.48351660	-94.17706647
10.49084261	-87.79987960
10.49816861	-87.44279202
10.50549462	-83.55957673
10.51282063	-76.75848250
10.52014663	-83.59500034
10.52747264	-79.14767303
10.53479865	-82.06544443
10.54212466	-83.24768112
10.54945066	-84.89311833
10.55677667	-79.51808681
10.56410268	-79.68024242
10.57142869	-87.26307983
10.57875469	-84.53449365
10.58608070	-87.15046094
10.59340671	-88.70966314
10.60073272	-85.45543670
10.60805872	-77.24816400
10.61538473	-76.38697700
10.62271074	-82.35878329
10.63003675	-88.57165951
10.63736275	-85.08829547
10.64468876	-76.47238944
10.65201477	-77.67653671
10.65934078	-86.12563862
10.66666678	-86.56551348
10.67399279	-84.28643497
10.68131880	-80.70796135
10.68864481	-92.69107811
10.69597081	-82.27924416
10.70329682	-88.00392871
10.71062283	-82.69682706
10.71794883	-86.25881522
10.72527484	-91.54512009
10.73260085	-88.55163315
10.73992686	-87.82836925
10.74725286	-92.11852561
10.75457887	-82.90197250
10.76190488	-85.87753390
10.76923089	-98.31233801
10.77655689	-85.82387285
10.78388290	-82.18207808
10.79120891	-83.23980044
10.79853492	-78.12377966
10.80586092	-75.84330098
10.81318693	-81.06123909
10.82051294	-86.10678699
10.82783895	-82.89098700
10.83516495	-85.75790014
10.84249096	-80.83733579
10.84981697	-84.79100888
10.85714298	-83.33533399
10.86446898	-85.36935408
10.87179499	-80.96947790
10.87912100	-83.24908102
10.88644701	-81.95650694
10.89377301	-97.81760382
10.90109902	-79.15521342
10.90842503	-77.85316376
10.91575103	-84.58268988
10.92307704	-94.36240201
10.93040305	-83.11630779
10.93772906	-79.32661734
10.94505506	-79.29291907
10.95238107	-83.78102636
10.95970708	-99.39846780
10.96703309	-101.93086379
10.97435909	-93.11235298
10.98168510	-90.46253810
10.98901111	-88.98446149
10.99633712	-85.65453578
11.00366312	-83.58489510
11.01098913	-80.49964952
11.01831514	-87.19881204
11.02564115	-82.73030181
11.03296715	-88.45758978
11.04029316	-86.26816432
11.04761917	-92.98174715
11.05494518	-75.89639931
11.06227118	-76.75472402
11.06959719	-88.41426689
11.07692320	-88.93471944
11.08424921	-81.14437119
11.09157521	-77.23882714
11.09890122	-84.80431255
11.10622723	-94.37478698
11.11355323	-86.52583714
11.12087924	-77.50780977
11.12820525	-77.14411443
11.13553126	-91.36575932
11.14285726	-75.40145051
11.15018327	-76.73167914
11.15750928	-78.46432082
11.16483529	-79.93645878
11.17216129	-85.06644759
11.17948730	-82.54998316
11.18681331	-89.08681464
11.19413932	-83.34025540
11.20146532	-87.90621433
11.20879133	-78.68810507
11.21611734	-79.11810646
11.22344335	-83.70893885
11.23076935	-85.28185134
11.23809536	-81.59528974
11.24542137	-87.55155943
11.25274738	-86.81396226
11.26007338	-80.42352215
11.26739939	-85.25809471
11.27472540	-83.48537436
11.28205141	-81.61369733
11.28937741	-83.26906661
11.29670342	-83.48738511
11.30402943	-94.94765973
11.31135543	-89.03320779
11.31868144	-87.89117577
11.32600745	-80.92085053
11.33333346	-79.34589412
11.34065946	-80.16540736
11.34798547	-78.94030454
11.35531148	-82.71167582
11.36263749	-84.59283508
11.36996349	-84.50631920
11.37728950	-89.37885121
11.38461551	-90.79746867
11.39194152	-81.73209616
11.39926752	-81.12449379
11.40659353	-81.76087551
11.41391954	-79.48597052
11.42124555	-81.63899401
11.42857155	-75.73290232
11.43589756	-80.27642324
11.44322357	-80.85668659
11.45054958	-85.82880306
11.45787558	-85.13780230
11.46520159	-86.69930876
11.47252760	-89.11415174
11.47985361	-83.38047650
11.48717961	-80.35409188
11.49450562	-81.89555745
11.50183163	-91.27077222
11.50915763	-89.84186170
11.51648364	-83.44044455
11.52380965	-82.75506533
11.53113566	-85.31085211
11.53846166	-82.35230857
11.54578767	-81.95667788
11.55311368	-81.14818475
11.56043969	-76.75125370
11.56776569	-77.55434246
11.57509170	-79.01985156
11.58241771	-80.01254936
11.58974372	-81.66019269
11.59706972	-83.30211169
11.60439573	-96.13143366
11.61172174	-79.43827872
11.61904775	-77.03004594
11.62637375	-77.86521515
11.63369976	-78.82511337
11.64102577	-86.25514405
11.64835178	-85.41992602
11.65567778	-85.11700801
11.66300379	-91.66173781
11.67032980	-93.35873971
11.67765581	-93.60425922
11.68498181	-86.82520961
11.69230782	-79.91329509
11.69963383	-77.51501745
11.70695983	-85.90825605
11.71428584	-80.15786641
11.72161185	-77.88236790
11.72893786	-89.25405476
11.73626386	-81.54490698
11.74358987	-84.43741399
11.75091588	-87.72971141
11.75824189	-80.70154548
11.76556789	-84.82340087
11.77289390	-88.06337174
11.78021991	-85.41826728
11.78754592	-98.47993844
11.79487192	-84.68267398
11.80219793	-79.65505329
11.80952394	-82.20197223
11.81684995	-93.03209420
11.82417595	-82.20800369
11.83150196	-80.09259621
11.83882797	-82.34101616
11.84615398	-87.93437361
11.85347998	-83.02144960
11.86080599	-82.28552924
11.86813200	-82.35510043
11.87545801	-79.77554683
11.88278401	-80.53978485
11.89011002	-94.62842547
11.89743603	-79.48444346
11.90476203	-75.70999342
11.91208804	-77.27988148
11.91941405	-88.31314778
11.92674006	-80.32173200
11.93406606	-82.55024844
11.94139207	-91.83353515
11.94871808	-81.29396351
11.95604409	-76.26091250
11.96337009	-74.86202656
11.97069610	-79.81604134
11.97802211	-88.30244774
11.98534812	-81.06329598
11.99267412	-89.25900436
12.00000013	-80.15140100
12.00732614	-98.04665707
12.01465215	-77.46296822
12.02197815	-84.03912400
12.02930416	-80.96904088
12.03663017	-81.68369494
12.04395618	-87.93337163
12.05128218	-84.16108600
12.05860819	-87.15026349
12.06593420	-83.41628559
12.07326021	-81.93840455
12.08058621	-79.91371155
12.08791222	-77.30766037
12.09523823	-79.22105257
12.10256423	-83.17937114
12.10989024	-81.64150024
12.11721625	-81.24469037
12.12454226	-90.18823594
12.13186826	-88.43431483
12.13919427	-85.78694754
12.14652028	-86.86615946
12.15384629	-88.43169234
12.16117229	-92.91526290
12.16849830	-96.83246165
12.17582431	-91.78624488
12.18315032	-82.87810672
12.19047632	-83.11543831
12.19780233	-93.87598700
12.20512834	-80.28332191
12.21245435	-80.38530053
12.21978035	-85.72763622
12.22710636	-87.70025462
12.23443237	-85.51011649
12.24175838	-81.67597264
12.24908438	-79.32063899
12.25641039	-79.42656790
12.26373640	-81.06142738
12.27106240	-80.47092480
12.27838841	-78.78139385
12.28571442	-79.42479846
12.29304043	-85.91902664
12.30036643	-91.29807216
12.30769244	-83.97406152
12.31501845	-91.34994968
12.32234446	-85.47703615
12.32967046	-81.56645197
12.33699647	-81.26398125
12.34432248	-78.65471692
12.35164849	-77.55673412
12.35897449	-77.41666436
12.36630050	-75.46096067
12.37362651	-79.11389151
12.38095252	-95.03380310
12.38827852	-82.92722406
12.39560453	-82.55725641
12.40293054	-84.46057392
12.41025655	-89.53405021
12.41758255	-102.52993898
12.42490856	-96.09427200
12.43223457	-90.06781666
12.43956058	-91.36596295
12.44688658	-86.11631929
12.45421259	-78.71292263
12.46153860	-79.94110057
12.46886460	-86.94977472
12.47619061	-88.13798369
12.48351662	-83.70561253
12.49084263	-84.00750097
12.49816863	-78.06051418
12.50549464	-76.73936908
12.51282065	-80.56353554
12.52014666	-98.15667139
12.52747266	-80.82492910
12.53479867	-87.98188546
12.54212468	-81.54013594
12.54945069	-77.97251712
12.55677669	-81.83735058
12.56410270	-84.42844468
12.57142871	-86.81024040
12.57875472	-88.10128535
12.58608072	-90.02071464
12.59340673	-84.43748769
12.60073274	-97.67489322
12.60805875	-81.40144067
12.61538475	-80.61224812
12.62271076	-84.99548517
12.63003677	-85.48842669
12.63736278	-85.92912415
12.64468878	-79.72193127
12.65201479	-80.18458542
12.65934080	-84.09689516
12.66666680	-87.36307045
12.67399281	-84.24777760
12.68131882	-91.37933995
12.68864483	-79.45664682
12.69597083	-77.59037292
12.70329684	-77.55614274
12.71062285	-78.55844608
12.71794886	-78.26743054
12.72527486	-83.03148202
12.73260087	-89.58940850
12.73992688	-82.84387812
12.74725289	-81.91652595
12.75457889	-78.01773126
12.76190490	-81.48293311
12.76923091	-89.59975454
12.77655692	-83.18464912
12.78388292	-91.09061710
12.79120893	-84.88758571
12.79853494	-79.63605769
12.80586095	-77.32297690
12.81318695	-77.35327176
12.82051296	-82.62393719
12.82783897	-78.47936720
12.83516498	-81.82169381
12.84249098	-81.19650514
12.84981699	-80.32143945
12.85714300	-88.00148345
12.86446900	-91.33137207
12.87179501	-82.27685945
12.87912102	-80.72835196
12.88644703	-87.10753633
12.89377303	-93.07975537
12.90109904	-87.49133669
12.90842505	-88.30867276
12.91575106	-90.84849197
12.92307706	-85.33244575
12.93040307	-83.27878083
12.93772908	-88.85802972
12.94505509	-97.68365190
12.95238109	-93.62164388
12.95970710	-85.80696974
12.96703311	-82.12299273
12.97435912	-86.73104525
12.98168512	-99.89833755
12.98901113	-91.57953516
12.99633714	-105.39472284
13.00366315	-87.43871257
13.01098915	-87.03037083
13.01831516	-79.51303421
13.02564117	-76.37413038
13.03296718	-84.59003427
13.04029318	-79.75424687
13.04761919	-76.65575677
13.05494520	-86.02204988
13.06227120	-79.37181759
13.06959721	-80.32732992
13.07692322	-92.42812208
13.08424923	-79.31491566
13.09157523	-79.87289049
13.09890124	-82.17144618
13.10622725	-86.54547097
13.11355326	-99.31007509
13.12087926	-85.03539206
13.12820527	-83.18746517
13.13553128	-91.06060586
13.14285729	-78.67059571
13.15018329	-80.59330605
13.15750930	-80.09552404
13.16483531	-79.65856979
13.17216132	-85.66088571
13.17948732	-97.84503469
13.18681333	-88.32664665
13.19413934	-77.97064081
13.20146535	-75.46384534
13.20879135	-80.30403545
13.21611736	-87.84368753
13.22344337	-81.02164493
13.23076938	-84.01005346
13.23809538	-89.42039071
13.24542139	-85.50330107
13.25274740	-97.84520683
13.26007340	-82.66520856
13.26739941	-85.14351159
13.27472542	-80.13479075
13.28205143	-79.92630319
13.28937743	-80.82180520
13.29670344	-81.48450429
13.30402945	-87.93023551
13.31135546	-92.03142193
13.31868146	-82.14198631
13.32600747	-87.11980903
13.33333348	-92.05932623
13.34065949	-93.59224813
13.34798549	-81.77830899
13.35531150	-81.79390847
13.36263751	-85.09037088
13.36996352	-78.43165265
13.37728952	-77.18648480
13.38461553	-80.99772809
13.39194154	-82.25916346
13.39926755	-83.79354741
13.40659355	-94.53508806
13.41391956	-87.58804764
13.42124557	-82.91259270
13.42857158	-86.86264070
13.43589758	-88.90069195
13.44322359	-86.64645616
13.45054960	-90.29503021
13.45787560	-84.16920311
13.46520161	-87.11070281
13.47252762	-90.42821614
13.47985363	-82.04230906
13.48717963	-79.11369777
13.49450564	-84.88279478
13.50183165	-83.30418511
13.50915766	-83.38022733
13.51648366	-80.22237436
13.52380967	-82.81703441
13.53113568	-86.00041579
13.53846169	-79.51272683
13.54578769	-90.87165030
13.55311370	-80.16832979
13.56043971	-79.36660564
13.56776572	-89.57335075
13.57509172	-84.13147015
13.58241773	-86.04729695
13.58974374	-90.15593953
13.59706975	-81.79848617
13.60439575	-81.11354403
13.61172176	-76.63958819
13.61904777	-74.86140843
13.62637378	-80.27514412
13.63369978	-93.74962142
13.64102579	-87.18618933
13.64835180	-93.56438042
13.65567780	-95.93545155
13.66300381	-83.08589851
13.67032982	-85.48662837
13.67765583	-89.27920217
13.68498183	-86.21995025
13.69230784	-86.68004465
13.69963385	-87.77049730
13.70695986	-83.01549878
13.71428586	-83.86783460
13.72161187	-84.58166620
13.72893788	-99.52200944
13.73626389	-81.01188316
13.74358989	-83.48966829
13.75091590	-80.71309095
13.75824191	-76.71642351
13.76556792	-81.52066329
13.77289392	-87.74095041
13.78021993	-87.66142233
13.78754594	-88.60996508
13.79487195	-82.66759114
13.80219795	-116.26801092
13.80952396	-81.39423759
13.81684997	-82.40869076
13.82417598	-87.04471408
13.83150198	-83.25489795
13.83882799	-82.12474710
13.84615400	-90.40980479
13.85348000	-84.26540524
13.86080601	-81.34573326
13.86813202	-85.11135156
13.87545803	-79.53263346
13.88278403	-74.91435237
13.89011004	-92.10047515
13.89743605	-75.31636400
13.90476206	-78.94687298
13.91208806	-80.93529006
13.91941407	-74.28309330
13.92674008	-75.35372064
13.93406609	-80.17518428
13.94139209	-84.32692818
13.94871810	-90.06517082
13.95604411	-83.99051954
13.96337012	-85.31237106
13.97069612	-79.43161749
13.97802213	-75.25929500
13.98534814	-78.48091794
13.99267415	-87.19757392
14.00000015	-91.90304812
14.00732616	-89.33202702
14.01465217	-82.87999203
14.02197817	-90.89295116
14.02930418	-85.60925136
14.03663019	-86.55309237
14.04395620	-84.87256796
14.05128220	-79.93096588
14.05860821	-88.27872347
14.06593422	-90.21871828
14.07326023	-87.43958178
14.08058623	-80.99565314
14.08791224	-82.14731125
14.09523825	-82.08639978
14.10256426	-78.61771436
14.10989026	-76.05657788
14.11721627	-76.16701140
14.12454228	-82.93151938
14.13186829	-81.95433420
14.13919429	-80.94863575
14.14652030	-88.43636317
14.15384631	-81.34068011
14.16117232	-83.38344574
14.16849832	-86.29959770
14.17582433	-83.58087331
14.18315034	-84.49667247
14.19047635	-89.95889088
14.19780235	-91.91487419
14.20512836	-83.25100605
14.21245437	-88.27580341
14.21978037	-80.81314581
14.22710638	-78.80309105
14.23443239	-79.06597549
14.24175840	-77.89824230
14.24908440	-77.78967706
14.25641041	-83.18701608
14.26373642	-82.41661815
14.27106243	-85.79359156
14.27838843	-80.08019891
14.28571444	-78.32328434
14.29304045	-85.80150401
14.30036646	-78.39738750
14.30769246	-80.16968812
14.31501847	-94.39627658
14.32234448	-82.70953160
14.32967049	-78.89032154
14.33699649	-81.37544201
14.34432250	-91.98471529
14.35164851	-83.16022716
14.35897452	-84.25506119
14.36630052	-85.66006140
14.37362653	-79.36117439
14.38095254	-87.22257866
14.38827855	-80.52020580
14.39560455	-83.22612005
14.40293056	-84.75634541
14.41025657	-79.61274141
14.41758257	-84.22053413
14.42490858	-82.22379137
14.43223459	-78.58730933
14.43956060	-81.77585334
14.44688660	-83.74072211
14.45421261	-82.80102849
14.46153862	-86.62039387
14.46886463	-81.44074345
14.47619063	-83.26300964
14.48351664	-100.90640344
14.49084265	-89.96189747
14.49816866	-93.19507367
14.50549466	-81.92105549
14.51282067	-85.34103382
14.52014668	-92.15733479
14.52747269	-85.36791836
14.53479869	-86.92928626
14.54212470	-92.26806099
14.54945071	-91.90979654
14.55677672	-90.78579772
14.56410272	-84.17684378
14.57142873	-75.96549035
14.57875474	-77.41588424
14.58608075	-86.71806638
14.59340675	-84.55575280
14.60073276	-77.03021811
14.60805877	-77.49101757
14.61538477	-89.37301213
14.62271078	-77.81378985
14.63003679	-81.02906422
14.63736280	-89.26701031
14.64468880	-85.99305354
14.65201481	-79.38269260
14.65934082	-82.12664999
14.66666683	-81.33850489
14.67399283	-87.31147074
14.68131884	-83.34968133
14.68864485	-78.94886369
14.69597086	-85.56677428
14.70329686	-81.65097155
14.71062287	-78.98707745
14.71794888	-79.89307803
14.72527489	-84.69156057
14.73260089	-91.32601686
14.73992690	-80.67226161
14.74725291	-75.86876524
14.75457892	-76.45455136
14.76190492	-83.46444566
14.76923093	-79.44768809
14.77655694	-77.78895317
14.78388295	-85.09339309
14.79120895	-83.07085745
14.79853496	-82.37361875
14.80586097	-95.24368036
14.81318697	-88.58415031
14.82051298	-85.11696560
14.82783899	-83.41397965
14.83516500	-80.52353699
14.84249100	-79.73078379
14.84981701	-82.48954403
14.85714302	-81.91628525
14.86446903	-86.96505724
14.87179503	-89.30396910
14.87912104	-85.23373355
14.88644705	-81.48323994
14.89377306	-79.37780265
14.90109906	-83.81246902
14.90842507	-81.88214571
14.91575108	-81.17257747
14.92307709	-80.83401900
14.93040309	-79.16556808
14.93772910	-93.82763598
14.94505511	-78.85639330
14.95238112	-76.78895269
14.95970712	-77.50299750
14.96703313	-79.11047029
14.97435914	-76.84611729
14.98168515	-81.18195074
14.98901115	-90.39074647
14.99633716	-83.60896852
