# Menlo Systems GmbH ScanControl
# Program Version 1.3.3
# Start: -65.00000000 ps, Average over 1000 waveforms. Timestamp: 2020-07-03T18:09:15
# Time [ps]	THz Signal [a.u.]
-65.06666593	0.00000000
-65.03333259	0.00000001
-64.99999926	0.00000007
-64.96666593	0.00000011
-64.93333259	0.00000023
-64.89999926	0.00000047
-64.86666593	0.00000052
-64.83333260	0.00000070
-64.79999926	0.00000051
-64.76666593	0.00000072
-64.73333260	0.00000027
-64.69999926	0.00000045
-64.66666593	0.00000078
-64.63333260	0.00000033
-64.59999926	0.00000043
-64.56666593	-0.00000119
-64.53333260	-0.00000164
-64.49999927	-0.00000090
-64.46666593	0.00000026
-64.43333260	-0.00000164
-64.39999927	-0.00000373
-64.36666593	-0.00000434
-64.33333260	-0.00000308
-64.29999927	-0.00000617
-64.26666593	-0.00000704
-64.23333260	-0.00001014
-64.19999927	-0.00001020
-64.16666594	-0.00001444
-64.13333260	-0.00001498
-64.09999927	-0.00001647
-64.06666594	-0.00001851
-64.03333260	-0.00002130
-63.99999927	-0.00001989
-63.96666594	-0.00002408
-63.93333260	-0.00003056
-63.89999927	-0.00002611
-63.86666594	-0.00003393
-63.83333260	-0.00003773
-63.79999927	-0.00003431
-63.76666594	-0.00003864
-63.73333261	-0.00004263
-63.69999927	-0.00004314
-63.66666594	-0.00005485
-63.63333261	-0.00005654
-63.59999927	-0.00006179
-63.56666594	-0.00006320
-63.53333261	-0.00007198
-63.49999927	-0.00007361
-63.46666594	-0.00007875
-63.43333261	-0.00008202
-63.39999928	-0.00007615
-63.36666594	-0.00007953
-63.33333261	-0.00008715
-63.29999928	-0.00008017
-63.26666594	-0.00008431
-63.23333261	-0.00007854
-63.19999928	-0.00008361
-63.16666594	-0.00007834
-63.13333261	-0.00007305
-63.09999928	-0.00008127
-63.06666595	-0.00007285
-63.03333261	-0.00007615
-62.99999928	-0.00006580
-62.96666595	-0.00006377
-62.93333261	-0.00007695
-62.89999928	-0.00006730
-62.86666595	-0.00005485
-62.83333261	-0.00005025
-62.79999928	-0.00004734
-62.76666595	-0.00003445
-62.73333262	-0.00002611
-62.69999928	-0.00001035
-62.66666595	0.00001060
-62.63333262	-0.00000221
-62.59999928	0.00003720
-62.56666595	0.00005054
-62.53333262	0.00008324
-62.49999928	0.00008361
-62.46666595	0.00012903
-62.43333262	0.00013593
-62.39999928	0.00018939
-62.36666595	0.00017352
-62.33333262	0.00018763
-62.29999929	0.00020237
-62.26666595	0.00026784
-62.23333262	0.00025510
-62.19999929	0.00030526
-62.16666595	0.00033812
-62.13333262	0.00034151
-62.09999929	0.00036924
-62.06666595	0.00039819
-62.03333262	0.00039932
-61.99999929	0.00043632
-61.96666596	0.00048393
-61.93333262	0.00049901
-61.89999929	0.00054071
-61.86666596	0.00054889
-61.83333262	0.00059316
-61.79999929	0.00063563
-61.76666596	0.00065858
-61.73333262	0.00070466
-61.69999929	0.00073356
-61.66666596	0.00074833
-61.63333263	0.00074257
-61.59999929	0.00080841
-61.56666596	0.00081069
-61.53333263	0.00086659
-61.49999929	0.00084672
-61.46666596	0.00093076
-61.43333263	0.00088034
-61.39999929	0.00093540
-61.36666596	0.00098508
-61.33333263	0.00107038
-61.29999930	0.00104145
-61.26666596	0.00106375
-61.23333263	0.00108666
-61.19999930	0.00113424
-61.16666596	0.00108739
-61.13333263	0.00116064
-61.09999930	0.00116464
-61.06666596	0.00115209
-61.03333263	0.00115049
-60.99999930	0.00121295
-60.96666596	0.00120443
-60.93333263	0.00124011
-60.89999930	0.00119843
-60.86666597	0.00122657
-60.83333263	0.00118355
-60.79999930	0.00117337
-60.76666597	0.00119283
-60.73333263	0.00119999
-60.69999930	0.00117618
-60.66666597	0.00113196
-60.63333263	0.00110683
-60.59999930	0.00103010
-60.56666597	0.00107550
-60.53333264	0.00100505
-60.49999930	0.00094727
-60.46666597	0.00090305
-60.43333264	0.00085273
-60.39999930	0.00087700
-60.36666597	0.00075024
-60.33333264	0.00065030
-60.29999930	0.00066021
-60.26666597	0.00062082
-60.23333264	0.00055516
-60.19999931	0.00050423
-60.16666597	0.00039376
-60.13333264	0.00034459
-60.09999931	0.00029857
-60.06666597	0.00013995
-60.03333264	0.00002284
-59.99999931	-0.00006604
-59.96666597	-0.00014368
-59.93333264	-0.00022212
-59.89999931	-0.00028030
-59.86666598	-0.00027103
-59.83333264	-0.00037780
-59.79999931	-0.00044957
-59.76666598	-0.00059432
-59.73333264	-0.00075100
-59.69999931	-0.00078110
-59.66666598	-0.00086253
-59.63333264	-0.00092031
-59.59999931	-0.00099571
-59.56666598	-0.00109103
-59.53333264	-0.00107762
-59.49999931	-0.00119120
-59.46666598	-0.00117831
-59.43333265	-0.00127630
-59.39999931	-0.00132314
-59.36666598	-0.00141216
-59.33333265	-0.00149922
-59.29999931	-0.00149987
-59.26666598	-0.00151012
-59.23333265	-0.00155027
-59.19999931	-0.00155796
-59.16666598	-0.00162649
-59.13333265	-0.00163478
-59.09999932	-0.00168230
-59.06666598	-0.00165175
-59.03333265	-0.00173489
-58.99999932	-0.00163230
-58.96666598	-0.00158058
-58.93333265	-0.00161771
-58.89999932	-0.00159687
-58.86666598	-0.00149925
-58.83333265	-0.00152046
-58.79999932	-0.00154691
-58.76666599	-0.00151417
-58.73333265	-0.00152196
-58.69999932	-0.00151231
-58.66666599	-0.00150283
-58.63333265	-0.00146380
-58.59999932	-0.00137630
-58.56666599	-0.00133995
-58.53333265	-0.00141821
-58.49999932	-0.00128701
-58.46666599	-0.00119537
-58.43333266	-0.00113702
-58.39999932	-0.00118552
-58.36666599	-0.00108763
-58.33333266	-0.00116105
-58.29999932	-0.00106984
-58.26666599	-0.00104648
-58.23333266	-0.00097103
-58.19999932	-0.00096553
-58.16666599	-0.00100854
-58.13333266	-0.00097688
-58.09999932	-0.00100650
-58.06666599	-0.00087630
-58.03333266	-0.00081606
-57.99999933	-0.00087264
-57.96666599	-0.00090198
-57.93333266	-0.00096305
-57.89999933	-0.00087591
-57.86666599	-0.00092279
-57.83333266	-0.00080904
-57.79999933	-0.00092556
-57.76666599	-0.00080391
-57.73333266	-0.00086166
-57.69999933	-0.00083033
-57.66666600	-0.00083409
-57.63333266	-0.00083324
-57.59999933	-0.00084814
-57.56666600	-0.00095483
-57.53333266	-0.00082863
-57.49999933	-0.00078432
-57.46666600	-0.00086182
-57.43333266	-0.00082747
-57.39999933	-0.00085216
-57.36666600	-0.00075656
-57.33333267	-0.00079384
-57.29999933	-0.00089715
-57.26666600	-0.00078353
-57.23333267	-0.00086771
-57.19999933	-0.00081787
-57.16666600	-0.00068159
-57.13333267	-0.00067577
-57.09999933	-0.00059124
-57.06666600	-0.00054472
-57.03333267	-0.00071411
-56.99999934	-0.00057323
-56.96666600	-0.00066750
-56.93333267	-0.00054741
-56.89999934	-0.00053117
-56.86666600	-0.00047979
-56.83333267	-0.00050880
-56.79999934	-0.00045217
-56.76666600	-0.00044140
-56.73333267	-0.00037183
-56.69999934	-0.00046119
-56.66666600	-0.00040948
-56.63333267	-0.00028666
-56.59999934	-0.00034752
-56.56666601	-0.00031408
-56.53333267	-0.00028480
-56.49999934	-0.00027743
-56.46666601	-0.00036093
-56.43333267	-0.00032407
-56.39999934	-0.00028806
-56.36666601	-0.00018798
-56.33333267	-0.00028261
-56.29999934	-0.00023683
-56.26666601	-0.00019214
-56.23333268	-0.00028505
-56.19999934	-0.00027384
-56.16666601	-0.00023982
-56.13333268	-0.00016419
-56.09999934	-0.00024090
-56.06666601	-0.00023734
-56.03333268	-0.00008499
-55.99999934	-0.00014221
-55.96666601	-0.00013562
-55.93333268	-0.00006920
-55.89999935	-0.00010228
-55.86666601	-0.00010543
-55.83333268	-0.00007786
-55.79999935	0.00011102
-55.76666601	0.00002611
-55.73333268	0.00012409
-55.69999935	0.00015068
-55.66666601	0.00020645
-55.63333268	0.00016527
-55.59999935	0.00018825
-55.56666602	0.00025896
-55.53333268	0.00022492
-55.49999935	0.00033871
-55.46666602	0.00038002
-55.43333268	0.00032944
-55.39999935	0.00040205
-55.36666602	0.00041560
-55.33333268	0.00038694
-55.29999935	0.00042533
-55.26666602	0.00047275
-55.23333268	0.00050299
-55.19999935	0.00052746
-55.16666602	0.00051318
-55.13333269	0.00060632
-55.09999935	0.00065077
-55.06666602	0.00058406
-55.03333269	0.00063911
-54.99999935	0.00060941
-54.96666602	0.00063410
-54.93333269	0.00063201
-54.89999935	0.00068757
-54.86666602	0.00069907
-54.83333269	0.00077459
-54.79999936	0.00073885
-54.76666602	0.00086025
-54.73333269	0.00081064
-54.69999936	0.00082560
-54.66666602	0.00077006
-54.63333269	0.00088112
-54.59999936	0.00091620
-54.56666602	0.00092520
-54.53333269	0.00087837
-54.49999936	0.00094183
-54.46666603	0.00097112
-54.43333269	0.00107766
-54.39999936	0.00103493
-54.36666603	0.00103653
-54.33333269	0.00109897
-54.29999936	0.00096745
-54.26666603	0.00120820
-54.23333269	0.00122309
-54.19999936	0.00121563
-54.16666603	0.00130187
-54.13333270	0.00121584
-54.09999936	0.00137325
-54.06666603	0.00139502
-54.03333270	0.00130080
-53.99999936	0.00124847
-53.96666603	0.00136044
-53.93333270	0.00129032
-53.89999936	0.00148070
-53.86666603	0.00154523
-53.83333270	0.00144592
-53.79999936	0.00146425
-53.76666603	0.00156431
-53.73333270	0.00144489
-53.69999937	0.00146738
-53.66666603	0.00159645
-53.63333270	0.00160773
-53.59999937	0.00166655
-53.56666603	0.00161153
-53.53333270	0.00154794
-53.49999937	0.00160820
-53.46666603	0.00167517
-53.43333270	0.00172395
-53.39999937	0.00178196
-53.36666604	0.00175898
-53.33333270	0.00183380
-53.29999937	0.00185020
-53.26666604	0.00187502
-53.23333270	0.00204768
-53.19999937	0.00208367
-53.16666604	0.00198834
-53.13333270	0.00216866
-53.09999937	0.00208725
-53.06666604	0.00203494
-53.03333271	0.00204694
-52.99999937	0.00209926
-52.96666604	0.00219933
-52.93333271	0.00223100
-52.89999937	0.00215571
-52.86666604	0.00209189
-52.83333271	0.00207503
-52.79999937	0.00204086
-52.76666604	0.00197351
-52.73333271	0.00179349
-52.69999938	0.00160814
-52.66666604	0.00143496
-52.63333271	0.00128931
-52.59999938	0.00113552
-52.56666604	0.00096785
-52.53333271	0.00080568
-52.49999938	0.00047423
-52.46666604	0.00028205
-52.43333271	-0.00001396
-52.39999938	-0.00028225
-52.36666604	-0.00044806
-52.33333271	-0.00073204
-52.29999938	-0.00109045
-52.26666605	-0.00149869
-52.23333271	-0.00169446
-52.19999938	-0.00185078
-52.16666605	-0.00214814
-52.13333271	-0.00232882
-52.09999938	-0.00248948
-52.06666605	-0.00258706
-52.03333271	-0.00275443
-51.99999938	-0.00297981
-51.96666605	-0.00297024
-51.93333272	-0.00297263
-51.89999938	-0.00298668
-51.86666605	-0.00292637
-51.83333272	-0.00290395
-51.79999938	-0.00272925
-51.76666605	-0.00254075
-51.73333272	-0.00248703
-51.69999938	-0.00221436
-51.66666605	-0.00204649
-51.63333272	-0.00167200
-51.59999939	-0.00147564
-51.56666605	-0.00113608
-51.53333272	-0.00076959
-51.49999939	-0.00048031
-51.46666605	-0.00011324
-51.43333272	0.00025340
-51.39999939	0.00053133
-51.36666605	0.00087505
-51.33333272	0.00123268
-51.29999939	0.00155517
-51.26666606	0.00182242
-51.23333272	0.00219321
-51.19999939	0.00245717
-51.16666606	0.00274668
-51.13333272	0.00305276
-51.09999939	0.00332865
-51.06666606	0.00353825
-51.03333272	0.00377283
-50.99999939	0.00386232
-50.96666606	0.00407223
-50.93333272	0.00424467
-50.89999939	0.00433151
-50.86666606	0.00458421
-50.83333273	0.00455826
-50.79999939	0.00468832
-50.76666606	0.00492931
-50.73333273	0.00500881
-50.69999939	0.00507203
-50.66666606	0.00521159
-50.63333273	0.00524520
-50.59999939	0.00528599
-50.56666606	0.00531481
-50.53333273	0.00545498
-50.49999940	0.00555803
-50.46666606	0.00561271
-50.43333273	0.00561807
-50.39999940	0.00572025
-50.36666606	0.00574405
-50.33333273	0.00585024
-50.29999940	0.00577806
-50.26666606	0.00590968
-50.23333273	0.00592948
-50.19999940	0.00596478
-50.16666607	0.00590845
-50.13333273	0.00587497
-50.09999940	0.00598984
-50.06666607	0.00593565
-50.03333273	0.00596535
-49.99999940	0.00595354
-49.96666607	0.00586286
-49.93333273	0.00588864
-49.89999940	0.00582195
-49.86666607	0.00577827
-49.83333274	0.00581950
-49.79999940	0.00570374
-49.76666607	0.00559697
-49.73333274	0.00544913
-49.69999940	0.00537521
-49.66666607	0.00529229
-49.63333274	0.00526286
-49.59999940	0.00512556
-49.56666607	0.00520973
-49.53333274	0.00508141
-49.49999940	0.00493816
-49.46666607	0.00487238
-49.43333274	0.00482488
-49.39999941	0.00460997
-49.36666607	0.00460834
-49.33333274	0.00455017
-49.29999941	0.00455518
-49.26666607	0.00445642
-49.23333274	0.00433228
-49.19999941	0.00445331
-49.16666607	0.00435331
-49.13333274	0.00448654
-49.09999941	0.00450501
-49.06666608	0.00443846
-49.03333274	0.00440066
-48.99999941	0.00444403
-48.96666608	0.00452908
-48.93333274	0.00453687
-48.89999941	0.00466317
-48.86666608	0.00477441
-48.83333274	0.00498657
-48.79999941	0.00508204
-48.76666608	0.00529860
-48.73333275	0.00547101
-48.69999941	0.00575334
-48.66666608	0.00593448
-48.63333275	0.00605059
-48.59999941	0.00639466
-48.56666608	0.00667552
-48.53333275	0.00689278
-48.49999941	0.00715018
-48.46666608	0.00741578
-48.43333275	0.00765155
-48.39999942	0.00803197
-48.36666608	0.00820426
-48.33333275	0.00840595
-48.29999942	0.00865916
-48.26666608	0.00892533
-48.23333275	0.00907279
-48.19999942	0.00936609
-48.16666608	0.00941231
-48.13333275	0.00950896
-48.09999942	0.00948968
-48.06666608	0.00950085
-48.03333275	0.00945230
-47.99999942	0.00928962
-47.96666609	0.00927371
-47.93333275	0.00907324
-47.89999942	0.00887711
-47.86666609	0.00869837
-47.83333275	0.00836897
-47.79999942	0.00813629
-47.76666609	0.00788114
-47.73333275	0.00760416
-47.69999942	0.00735159
-47.66666609	0.00708197
-47.63333276	0.00671475
-47.59999942	0.00648653
-47.56666609	0.00627749
-47.53333276	0.00617822
-47.49999942	0.00590990
-47.46666609	0.00584231
-47.43333276	0.00567623
-47.39999942	0.00570606
-47.36666609	0.00568265
-47.33333276	0.00574535
-47.29999943	0.00598151
-47.26666609	0.00615824
-47.23333276	0.00639423
-47.19999943	0.00684614
-47.16666609	0.00705089
-47.13333276	0.00752677
-47.09999943	0.00789355
-47.06666609	0.00844003
-47.03333276	0.00890445
-46.99999943	0.00928173
-46.96666610	0.00992551
-46.93333276	0.01045338
-46.89999943	0.01104942
-46.86666610	0.01156169
-46.83333276	0.01206231
-46.79999943	0.01256472
-46.76666610	0.01327592
-46.73333276	0.01383468
-46.69999943	0.01462592
-46.66666610	0.01513159
-46.63333276	0.01591234
-46.59999943	0.01656411
-46.56666610	0.01725209
-46.53333277	0.01790231
-46.49999943	0.01869177
-46.46666610	0.01956738
-46.43333277	0.02036540
-46.39999943	0.02123335
-46.36666610	0.02204459
-46.33333277	0.02303354
-46.29999943	0.02405450
-46.26666610	0.02500413
-46.23333277	0.02608166
-46.19999944	0.02717054
-46.16666610	0.02843781
-46.13333277	0.02964412
-46.09999944	0.03094661
-46.06666610	0.03234590
-46.03333277	0.03373597
-45.99999944	0.03518735
-45.96666610	0.03680903
-45.93333277	0.03840889
-45.89999944	0.04028830
-45.86666611	0.04223288
-45.83333277	0.04430039
-45.79999944	0.04652413
-45.76666611	0.04889728
-45.73333277	0.05154691
-45.69999944	0.05434598
-45.66666611	0.05746513
-45.63333277	0.06059625
-45.59999944	0.06426539
-45.56666611	0.06799502
-45.53333278	0.07183662
-45.49999944	0.07581756
-45.46666611	0.07977272
-45.43333278	0.08374334
-45.39999944	0.08734130
-45.36666611	0.09050901
-45.33333278	0.09300438
-45.29999944	0.09475504
-45.26666611	0.09550567
-45.23333278	0.09464593
-45.19999944	0.09223711
-45.16666611	0.08788231
-45.13333278	0.08128094
-45.09999945	0.07232787
-45.06666611	0.06050765
-45.03333278	0.04589650
-44.99999945	0.02819246
-44.96666611	0.00745964
-44.93333278	-0.01638116
-44.89999945	-0.04321094
-44.86666611	-0.07282366
-44.83333278	-0.10515272
-44.79999945	-0.13943528
-44.76666612	-0.17551097
-44.73333278	-0.21290766
-44.69999945	-0.25097734
-44.66666612	-0.28888132
-44.63333278	-0.32629740
-44.59999945	-0.36220303
-44.56666612	-0.39616003
-44.53333278	-0.42718108
-44.49999945	-0.45499401
-44.46666612	-0.47878176
-44.43333279	-0.49811718
-44.39999945	-0.51241190
-44.36666612	-0.52147935
-44.33333279	-0.52514072
-44.29999945	-0.52309110
-44.26666612	-0.51544127
-44.23333279	-0.50228469
-44.19999945	-0.48378919
-44.16666612	-0.46030882
-44.13333279	-0.43219648
-44.09999946	-0.39997375
-44.06666612	-0.36415200
-44.03333279	-0.32534369
-43.99999946	-0.28413852
-43.96666612	-0.24112855
-43.93333279	-0.19711434
-43.89999946	-0.15248578
-43.86666612	-0.10810730
-43.83333279	-0.06444687
-43.79999946	-0.02212174
-43.76666612	0.01844977
-43.73333279	0.05691851
-43.69999946	0.09270519
-43.66666613	0.12567854
-43.63333279	0.15553174
-43.59999946	0.18192519
-43.56666613	0.20509126
-43.53333279	0.22487481
-43.49999946	0.24123910
-43.46666613	0.25420942
-43.43333279	0.26407843
-43.39999946	0.27090695
-43.36666613	0.27509446
-43.33333280	0.27658192
-43.29999946	0.27610428
-43.26666613	0.27366042
-43.23333280	0.26957522
-43.19999946	0.26425362
-43.16666613	0.25795050
-43.13333280	0.25083189
-43.09999946	0.24316666
-43.06666613	0.23539437
-43.03333280	0.22749652
-42.99999947	0.21970178
-42.96666613	0.21203694
-42.93333280	0.20472245
-42.89999947	0.19770209
-42.86666613	0.19115860
-42.83333280	0.18510531
-42.79999947	0.17931207
-42.76666613	0.17391495
-42.73333280	0.16876852
-42.69999947	0.16401840
-42.66666614	0.15963143
-42.63333280	0.15514229
-42.59999947	0.15091949
-42.56666614	0.14670242
-42.53333280	0.14254330
-42.49999947	0.13854745
-42.46666614	0.13435879
-42.43333280	0.13033402
-42.39999947	0.12615387
-42.36666614	0.12189122
-42.33333280	0.11748104
-42.29999947	0.11296342
-42.26666614	0.10816774
-42.23333281	0.10338581
-42.19999947	0.09832951
-42.16666614	0.09300403
-42.13333281	0.08744682
-42.09999947	0.08139406
-42.06666614	0.07497159
-42.03333281	0.06809938
-41.99999947	0.06080888
-41.96666614	0.05289505
-41.93333281	0.04453499
-41.89999948	0.03546072
-41.86666614	0.02587521
-41.83333281	0.01576460
-41.79999948	0.00511476
-41.76666614	-0.00598558
-41.73333281	-0.01754490
-41.69999948	-0.02931730
-41.66666614	-0.04125898
-41.63333281	-0.05335635
-41.59999948	-0.06536115
-41.56666615	-0.07712667
-41.53333281	-0.08841380
-41.49999948	-0.09897272
-41.46666615	-0.10886252
-41.43333281	-0.11761056
-41.39999948	-0.12544806
-41.36666615	-0.13189637
-41.33333281	-0.13695242
-41.29999948	-0.14054755
-41.26666615	-0.14263236
-41.23333282	-0.14294381
-41.19999948	-0.14164229
-41.16666615	-0.13880238
-41.13333282	-0.13435889
-41.09999948	-0.12841205
-41.06666615	-0.12129734
-41.03333282	-0.11265443
-40.99999948	-0.10296265
-40.96666615	-0.09237056
-40.93333282	-0.08089954
-40.89999948	-0.06881165
-40.86666615	-0.05631623
-40.83333282	-0.04332299
-40.79999949	-0.03043953
-40.76666615	-0.01767295
-40.73333282	-0.00492509
-40.69999949	0.00748472
-40.66666615	0.01939304
-40.63333282	0.03071157
-40.59999949	0.04123480
-40.56666615	0.05103944
-40.53333282	0.05995726
-40.49999949	0.06797889
-40.46666616	0.07474839
-40.43333282	0.08061532
-40.39999949	0.08529757
-40.36666616	0.08892827
-40.33333282	0.09148103
-40.29999949	0.09297219
-40.26666616	0.09335069
-40.23333282	0.09308299
-40.19999949	0.09177977
-40.16666616	0.08974476
-40.13333283	0.08686443
-40.09999949	0.08337639
-40.06666616	0.07941975
-40.03333283	0.07490362
-39.99999949	0.07019499
-39.96666616	0.06535073
-39.93333283	0.06036438
-39.89999949	0.05540861
-39.86666616	0.05057367
-39.83333283	0.04601497
-39.79999950	0.04176250
-39.76666616	0.03782166
-39.73333283	0.03432890
-39.69999950	0.03121099
-39.66666616	0.02851598
-39.63333283	0.02646606
-39.59999950	0.02486618
-39.56666616	0.02373224
-39.53333283	0.02305500
-39.49999950	0.02293225
-39.46666616	0.02307455
-39.43333283	0.02368196
-39.39999950	0.02446935
-39.36666617	0.02557842
-39.33333283	0.02664369
-39.29999950	0.02781343
-39.26666617	0.02908435
-39.23333283	0.03014940
-39.19999950	0.03126512
-39.16666617	0.03188144
-39.13333283	0.03241377
-39.09999950	0.03254207
-39.06666617	0.03216982
-39.03333284	0.03152429
-38.99999950	0.03032400
-38.96666617	0.02846883
-38.93333284	0.02608266
-38.89999950	0.02321916
-38.86666617	0.01989087
-38.83333284	0.01592313
-38.79999950	0.01149011
-38.76666617	0.00684466
-38.73333284	0.00162937
-38.69999951	-0.00395761
-38.66666617	-0.00961647
-38.63333284	-0.01555636
-38.59999951	-0.02155633
-38.56666617	-0.02761543
-38.53333284	-0.03356376
-38.49999951	-0.03947906
-38.46666617	-0.04499330
-38.43333284	-0.05033219
-38.39999951	-0.05538382
-38.36666618	-0.05983990
-38.33333284	-0.06409519
-38.29999951	-0.06779461
-38.26666618	-0.07085900
-38.23333284	-0.07340614
-38.19999951	-0.07540471
-38.16666618	-0.07680144
-38.13333284	-0.07778579
-38.09999951	-0.07812538
-38.06666618	-0.07789932
-38.03333284	-0.07720440
-37.99999951	-0.07595840
-37.96666618	-0.07430499
-37.93333285	-0.07209319
-37.89999951	-0.06940679
-37.86666618	-0.06654610
-37.83333285	-0.06309422
-37.79999951	-0.05927656
-37.76666618	-0.05537147
-37.73333285	-0.05104036
-37.69999951	-0.04658341
-37.66666618	-0.04185423
-37.63333285	-0.03690291
-37.59999952	-0.03178903
-37.56666618	-0.02666301
-37.53333285	-0.02160926
-37.49999952	-0.01664664
-37.46666618	-0.01170636
-37.43333285	-0.00676366
-37.39999952	-0.00212102
-37.36666618	0.00253255
-37.33333285	0.00679166
-37.29999952	0.01081143
-37.26666619	0.01456272
-37.23333285	0.01813647
-37.19999952	0.02128374
-37.16666619	0.02385597
-37.13333285	0.02640208
-37.09999952	0.02849419
-37.06666619	0.03026453
-37.03333285	0.03173098
-36.99999952	0.03290202
-36.96666619	0.03379566
-36.93333286	0.03433307
-36.89999952	0.03471531
-36.86666619	0.03497731
-36.83333286	0.03491954
-36.79999952	0.03467168
-36.76666619	0.03431771
-36.73333286	0.03388427
-36.69999952	0.03318479
-36.66666619	0.03255097
-36.63333286	0.03177434
-36.59999952	0.03103225
-36.56666619	0.03002713
-36.53333286	0.02912695
-36.49999953	0.02819173
-36.46666619	0.02722617
-36.43333286	0.02616188
-36.39999953	0.02508019
-36.36666619	0.02390896
-36.33333286	0.02273599
-36.29999953	0.02144160
-36.26666619	0.01990971
-36.23333286	0.01844779
-36.19999953	0.01675384
-36.16666620	0.01491471
-36.13333286	0.01311653
-36.09999953	0.01107248
-36.06666620	0.00908497
-36.03333286	0.00685690
-35.99999953	0.00470247
-35.96666620	0.00248194
-35.93333286	0.00027655
-35.89999953	-0.00196081
-35.86666620	-0.00414503
-35.83333287	-0.00618430
-35.79999953	-0.00816541
-35.76666620	-0.00992070
-35.73333287	-0.01158961
-35.69999953	-0.01314748
-35.66666620	-0.01453793
-35.63333287	-0.01557291
-35.59999953	-0.01652380
-35.56666620	-0.01732777
-35.53333287	-0.01790464
-35.49999954	-0.01842062
-35.46666620	-0.01880690
-35.43333287	-0.01921437
-35.39999954	-0.01948851
-35.36666620	-0.01991642
-35.33333287	-0.02023579
-35.29999954	-0.02074941
-35.26666620	-0.02128039
-35.23333287	-0.02199289
-35.19999954	-0.02272669
-35.16666620	-0.02373843
-35.13333287	-0.02490913
-35.09999954	-0.02604533
-35.06666621	-0.02743007
-35.03333287	-0.02878594
-34.99999954	-0.03014271
-34.96666621	-0.03176197
-34.93333287	-0.03319493
-34.89999954	-0.03453926
-34.86666621	-0.03592059
-34.83333287	-0.03708305
-34.79999954	-0.03804573
-34.76666621	-0.03891097
-34.73333288	-0.03946201
-34.69999954	-0.03988270
-34.66666621	-0.04006805
-34.63333288	-0.03996384
-34.59999954	-0.03943556
-34.56666621	-0.03882354
-34.53333288	-0.03781882
-34.49999954	-0.03661135
-34.46666621	-0.03521474
-34.43333288	-0.03351152
-34.39999955	-0.03187203
-34.36666621	-0.02991677
-34.33333288	-0.02763489
-34.29999955	-0.02546569
-34.26666621	-0.02313796
-34.23333288	-0.02067233
-34.19999955	-0.01817023
-34.16666621	-0.01584707
-34.13333288	-0.01326892
-34.09999955	-0.01085439
-34.06666622	-0.00854628
-34.03333288	-0.00634542
-33.99999955	-0.00402766
-33.96666622	-0.00192245
-33.93333288	0.00010182
-33.89999955	0.00201448
-33.86666622	0.00379367
-33.83333288	0.00534919
-33.79999955	0.00674098
-33.76666622	0.00807975
-33.73333288	0.00910597
-33.69999955	0.01014395
-33.66666622	0.01086792
-33.63333289	0.01134533
-33.59999955	0.01156836
-33.56666622	0.01155933
-33.53333289	0.01126823
-33.49999955	0.01077143
-33.46666622	0.01004997
-33.43333289	0.00906225
-33.39999955	0.00770992
-33.36666622	0.00592378
-33.33333289	0.00406633
-33.29999956	0.00206319
-33.26666622	-0.00015096
-33.23333289	-0.00255474
-33.19999956	-0.00520866
-33.16666622	-0.00794425
-33.13333289	-0.01071249
-33.09999956	-0.01344188
-33.06666622	-0.01609526
-33.03333289	-0.01858078
-32.99999956	-0.02092816
-32.96666623	-0.02311158
-32.93333289	-0.02492352
-32.89999956	-0.02643398
-32.86666623	-0.02774834
-32.83333289	-0.02859057
-32.79999956	-0.02909363
-32.76666623	-0.02928433
-32.73333289	-0.02904602
-32.69999956	-0.02853385
-32.66666623	-0.02771934
-32.63333290	-0.02657872
-32.59999956	-0.02526418
-32.56666623	-0.02378031
-32.53333290	-0.02218254
-32.49999956	-0.02047772
-32.46666623	-0.01879827
-32.43333290	-0.01702392
-32.39999956	-0.01545339
-32.36666623	-0.01380280
-32.33333290	-0.01241123
-32.29999956	-0.01115090
-32.26666623	-0.00985981
-32.23333290	-0.00879684
-32.19999957	-0.00784677
-32.16666623	-0.00701357
-32.13333290	-0.00617636
-32.09999957	-0.00570111
-32.06666623	-0.00505406
-32.03333290	-0.00453029
-31.99999957	-0.00413853
-31.96666623	-0.00353612
-31.93333290	-0.00321512
-31.89999957	-0.00289309
-31.86666624	-0.00263467
-31.83333290	-0.00231553
-31.79999957	-0.00203363
-31.76666624	-0.00166692
-31.73333290	-0.00154118
-31.69999957	-0.00135974
-31.66666624	-0.00118537
-31.63333290	-0.00111979
-31.59999957	-0.00125662
-31.56666624	-0.00134696
-31.53333291	-0.00153145
-31.49999957	-0.00169482
-31.46666624	-0.00196577
-31.43333291	-0.00231749
-31.39999957	-0.00266183
-31.36666624	-0.00306612
-31.33333291	-0.00346952
-31.29999957	-0.00382227
-31.26666624	-0.00417375
-31.23333291	-0.00456893
-31.19999958	-0.00472546
-31.16666624	-0.00472815
-31.13333291	-0.00469971
-31.09999958	-0.00468692
-31.06666624	-0.00443927
-31.03333291	-0.00412114
-30.99999958	-0.00371110
-30.96666624	-0.00318336
-30.93333291	-0.00272857
-30.89999958	-0.00205488
-30.86666624	-0.00129209
-30.83333291	-0.00051495
-30.79999958	0.00023745
-30.76666625	0.00108602
-30.73333291	0.00181178
-30.69999958	0.00260253
-30.66666625	0.00339468
-30.63333291	0.00420001
-30.59999958	0.00488933
-30.56666625	0.00553869
-30.53333291	0.00631338
-30.49999958	0.00693845
-30.46666625	0.00764657
-30.43333292	0.00834936
-30.39999958	0.00902813
-30.36666625	0.00977451
-30.33333292	0.01066927
-30.29999958	0.01133955
-30.26666625	0.01222379
-30.23333292	0.01317027
-30.19999958	0.01413415
-30.16666625	0.01502504
-30.13333292	0.01593763
-30.09999959	0.01677907
-30.06666625	0.01750935
-30.03333292	0.01831340
-29.99999959	0.01875827
-29.96666625	0.01914529
-29.93333292	0.01949968
-29.89999959	0.01964888
-29.86666625	0.01942522
-29.83333292	0.01904217
-29.79999959	0.01850979
-29.76666626	0.01767438
-29.73333292	0.01661204
-29.69999959	0.01534171
-29.66666626	0.01380757
-29.63333292	0.01224464
-29.59999959	0.01033593
-29.56666626	0.00848896
-29.53333292	0.00670640
-29.49999959	0.00468654
-29.46666626	0.00286496
-29.43333292	0.00105752
-29.39999959	-0.00065588
-29.36666626	-0.00221553
-29.33333293	-0.00370034
-29.29999959	-0.00476295
-29.26666626	-0.00577636
-29.23333293	-0.00661786
-29.19999959	-0.00707702
-29.16666626	-0.00750892
-29.13333293	-0.00765684
-29.09999959	-0.00753466
-29.06666626	-0.00732019
-29.03333293	-0.00704236
-28.99999960	-0.00654967
-28.96666626	-0.00586370
-28.93333293	-0.00521410
-28.89999960	-0.00442097
-28.86666626	-0.00361996
-28.83333293	-0.00274776
-28.79999960	-0.00177283
-28.76666626	-0.00077071
-28.73333293	0.00015301
-28.69999960	0.00115370
-28.66666627	0.00219024
-28.63333293	0.00337566
-28.59999960	0.00443386
-28.56666627	0.00568422
-28.53333293	0.00682637
-28.49999960	0.00793966
-28.46666627	0.00919794
-28.43333293	0.01023488
-28.39999960	0.01127795
-28.36666627	0.01220711
-28.33333294	0.01293350
-28.29999960	0.01347900
-28.26666627	0.01401510
-28.23333294	0.01400128
-28.19999960	0.01399519
-28.16666627	0.01377165
-28.13333294	0.01299062
-28.09999960	0.01192764
-28.06666627	0.01089859
-28.03333294	0.00949904
-27.99999960	0.00774299
-27.96666627	0.00581162
-27.93333294	0.00379435
-27.89999961	0.00156589
-27.86666627	-0.00070271
-27.83333294	-0.00303359
-27.79999961	-0.00524429
-27.76666627	-0.00745732
-27.73333294	-0.00952166
-27.69999961	-0.01147712
-27.66666627	-0.01319734
-27.63333294	-0.01464250
-27.59999961	-0.01585570
-27.56666628	-0.01674595
-27.53333294	-0.01729992
-27.49999961	-0.01781100
-27.46666628	-0.01786142
-27.43333294	-0.01774627
-27.39999961	-0.01728559
-27.36666628	-0.01672539
-27.33333294	-0.01587572
-27.29999961	-0.01517130
-27.26666628	-0.01405811
-27.23333295	-0.01292843
-27.19999961	-0.01183871
-27.16666628	-0.01066614
-27.13333295	-0.00949705
-27.09999961	-0.00835268
-27.06666628	-0.00726387
-27.03333295	-0.00633278
-26.99999961	-0.00534154
-26.96666628	-0.00448600
-26.93333295	-0.00386074
-26.89999962	-0.00325774
-26.86666628	-0.00271538
-26.83333295	-0.00220602
-26.79999962	-0.00174458
-26.76666628	-0.00126875
-26.73333295	-0.00106544
-26.69999962	-0.00076811
-26.66666628	-0.00041007
-26.63333295	-0.00021605
-26.59999962	0.00005693
-26.56666628	0.00014825
-26.53333295	0.00027393
-26.49999962	0.00042252
-26.46666629	0.00044959
-26.43333295	0.00059605
-26.39999962	0.00051277
-26.36666629	0.00044397
-26.33333295	0.00035623
-26.29999962	0.00014310
-26.26666629	-0.00019553
-26.23333295	-0.00057122
-26.19999962	-0.00091233
-26.16666629	-0.00146520
-26.13333296	-0.00185522
-26.09999962	-0.00253241
-26.06666629	-0.00299767
-26.03333296	-0.00357640
-25.99999962	-0.00416807
-25.96666629	-0.00470519
-25.93333296	-0.00546948
-25.89999962	-0.00596559
-25.86666629	-0.00652957
-25.83333296	-0.00694052
-25.79999963	-0.00733176
-25.76666629	-0.00775770
-25.73333296	-0.00775252
-25.69999963	-0.00785682
-25.66666629	-0.00783562
-25.63333296	-0.00786839
-25.59999963	-0.00775061
-25.56666629	-0.00754961
-25.53333296	-0.00716404
-25.49999963	-0.00677365
-25.46666630	-0.00637759
-25.43333296	-0.00589912
-25.39999963	-0.00524557
-25.36666630	-0.00476383
-25.33333296	-0.00404599
-25.29999963	-0.00330063
-25.26666630	-0.00269450
-25.23333296	-0.00194942
-25.19999963	-0.00117723
-25.16666630	-0.00041549
-25.13333296	0.00052467
-25.09999963	0.00127718
-25.06666630	0.00217887
-25.03333297	0.00305995
-24.99999963	0.00384563
-24.96666630	0.00484586
-24.93333297	0.00554247
-24.89999963	0.00647690
-24.86666630	0.00720707
-24.83333297	0.00799976
-24.79999963	0.00872998
-24.76666630	0.00937715
-24.73333297	0.00982062
-24.69999964	0.01023852
-24.66666630	0.01032648
-24.63333297	0.01056325
-24.59999964	0.01056024
-24.56666630	0.01033275
-24.53333297	0.00999906
-24.49999964	0.00945353
-24.46666630	0.00894242
-24.43333297	0.00804807
-24.39999964	0.00708864
-24.36666631	0.00604139
-24.33333297	0.00483557
-24.29999964	0.00349685
-24.26666631	0.00209537
-24.23333297	0.00056817
-24.19999964	-0.00097936
-24.16666631	-0.00248615
-24.13333297	-0.00422054
-24.09999964	-0.00573682
-24.06666631	-0.00727616
-24.03333298	-0.00893202
-23.99999964	-0.01049416
-23.96666631	-0.01199874
-23.93333298	-0.01319601
-23.89999964	-0.01435743
-23.86666631	-0.01545744
-23.83333298	-0.01647624
-23.79999964	-0.01705426
-23.76666631	-0.01761202
-23.73333298	-0.01795722
-23.69999964	-0.01821109
-23.66666631	-0.01809272
-23.63333298	-0.01775500
-23.59999965	-0.01732586
-23.56666631	-0.01665026
-23.53333298	-0.01576594
-23.49999965	-0.01475395
-23.46666631	-0.01365302
-23.43333298	-0.01221291
-23.39999965	-0.01086564
-23.36666631	-0.00958049
-23.33333298	-0.00808958
-23.29999965	-0.00660734
-23.26666632	-0.00519427
-23.23333298	-0.00370870
-23.19999965	-0.00241135
-23.16666632	-0.00124916
-23.13333298	-0.00028020
-23.09999965	0.00068816
-23.06666632	0.00135551
-23.03333298	0.00204290
-22.99999965	0.00232613
-22.96666632	0.00253316
-22.93333299	0.00240322
-22.89999965	0.00222259
-22.86666632	0.00178560
-22.83333299	0.00132565
-22.79999965	0.00065360
-22.76666632	-0.00019062
-22.73333299	-0.00105164
-22.69999965	-0.00218738
-22.66666632	-0.00326893
-22.63333299	-0.00440366
-22.59999966	-0.00557092
-22.56666632	-0.00678489
-22.53333299	-0.00811976
-22.49999966	-0.00925859
-22.46666632	-0.01046697
-22.43333299	-0.01151871
-22.39999966	-0.01246916
-22.36666632	-0.01346862
-22.33333299	-0.01426706
-22.29999966	-0.01489022
-22.26666632	-0.01544284
-22.23333299	-0.01585797
-22.19999966	-0.01613695
-22.16666633	-0.01637624
-22.13333299	-0.01653195
-22.09999966	-0.01652262
-22.06666633	-0.01630848
-22.03333299	-0.01615714
-21.99999966	-0.01583080
-21.96666633	-0.01548926
-21.93333299	-0.01507181
-21.89999966	-0.01440466
-21.86666633	-0.01388162
-21.83333300	-0.01317028
-21.79999966	-0.01242527
-21.76666633	-0.01189103
-21.73333300	-0.01106755
-21.69999966	-0.01021105
-21.66666633	-0.00941584
-21.63333300	-0.00859604
-21.59999966	-0.00785398
-21.56666633	-0.00710387
-21.53333300	-0.00628905
-21.49999967	-0.00560171
-21.46666633	-0.00491122
-21.43333300	-0.00425747
-21.39999967	-0.00368912
-21.36666633	-0.00319856
-21.33333300	-0.00270721
-21.29999967	-0.00238790
-21.26666633	-0.00211708
-21.23333300	-0.00192218
-21.19999967	-0.00178024
-21.16666634	-0.00187177
-21.13333300	-0.00191173
-21.09999967	-0.00209470
-21.06666634	-0.00221278
-21.03333300	-0.00252677
-20.99999967	-0.00266346
-20.96666634	-0.00316710
-20.93333300	-0.00348806
-20.89999967	-0.00387581
-20.86666634	-0.00426323
-20.83333300	-0.00458796
-20.79999967	-0.00489411
-20.76666634	-0.00533693
-20.73333301	-0.00568130
-20.69999967	-0.00603564
-20.66666634	-0.00644027
-20.63333301	-0.00666943
-20.59999967	-0.00705370
-20.56666634	-0.00727995
-20.53333301	-0.00747664
-20.49999967	-0.00769002
-20.46666634	-0.00801908
-20.43333301	-0.00818867
-20.39999968	-0.00835166
-20.36666634	-0.00851012
-20.33333301	-0.00882368
-20.29999968	-0.00886536
-20.26666634	-0.00908380
-20.23333301	-0.00914511
-20.19999968	-0.00920515
-20.16666634	-0.00920562
-20.13333301	-0.00916454
-20.09999968	-0.00912540
-20.06666635	-0.00898686
-20.03333301	-0.00879036
-19.99999968	-0.00835193
-19.96666635	-0.00784906
-19.93333301	-0.00741276
-19.89999968	-0.00669208
-19.86666635	-0.00608200
-19.83333301	-0.00541902
-19.79999968	-0.00450002
-19.76666635	-0.00344964
-19.73333302	-0.00258727
-19.69999968	-0.00157714
-19.66666635	-0.00037949
-19.63333302	0.00060999
-19.59999968	0.00166371
-19.56666635	0.00272838
-19.53333302	0.00369931
-19.49999968	0.00473669
-19.46666635	0.00569843
-19.43333302	0.00648623
-19.39999968	0.00737491
-19.36666635	0.00821208
-19.33333302	0.00891505
-19.29999969	0.00945067
-19.26666635	0.00994388
-19.23333302	0.01020993
-19.19999969	0.01056240
-19.16666635	0.01069336
-19.13333302	0.01074168
-19.09999969	0.01074846
-19.06666635	0.01045613
-19.03333302	0.01018332
-18.99999969	0.00990997
-18.96666636	0.00926915
-18.93333302	0.00866278
-18.89999969	0.00788666
-18.86666636	0.00706818
-18.83333302	0.00613781
-18.79999969	0.00519359
-18.76666636	0.00401969
-18.73333302	0.00302970
-18.69999969	0.00201595
-18.66666636	0.00090214
-18.63333303	-0.00007588
-18.59999969	-0.00106594
-18.56666636	-0.00175227
-18.53333303	-0.00242973
-18.49999969	-0.00308302
-18.46666636	-0.00352334
-18.43333303	-0.00371025
-18.39999969	-0.00396319
-18.36666636	-0.00373456
-18.33333303	-0.00354515
-18.29999969	-0.00302943
-18.26666636	-0.00253452
-18.23333303	-0.00179135
-18.19999970	-0.00089325
-18.16666636	0.00012947
-18.13333303	0.00123907
-18.09999970	0.00244296
-18.06666636	0.00373049
-18.03333303	0.00505163
-17.99999970	0.00637048
-17.96666636	0.00775726
-17.93333303	0.00904501
-17.89999970	0.01020035
-17.86666637	0.01130256
-17.83333303	0.01237904
-17.79999970	0.01329158
-17.76666637	0.01402467
-17.73333303	0.01494849
-17.69999970	0.01531409
-17.66666637	0.01549739
-17.63333303	0.01580092
-17.59999970	0.01587585
-17.56666637	0.01592168
-17.53333304	0.01564695
-17.49999970	0.01534419
-17.46666637	0.01496973
-17.43333304	0.01441596
-17.39999970	0.01374967
-17.36666637	0.01313435
-17.33333304	0.01233957
-17.29999970	0.01157383
-17.26666637	0.01071084
-17.23333304	0.00997437
-17.19999971	0.00908521
-17.16666637	0.00822071
-17.13333304	0.00746500
-17.09999971	0.00672269
-17.06666637	0.00570898
-17.03333304	0.00495783
-16.99999971	0.00415481
-16.96666637	0.00338580
-16.93333304	0.00273732
-16.89999971	0.00210297
-16.86666637	0.00149416
-16.83333304	0.00086282
-16.79999971	0.00043497
-16.76666638	-0.00001395
-16.73333304	-0.00032969
-16.69999971	-0.00054434
-16.66666638	-0.00054059
-16.63333304	-0.00052244
-16.59999971	-0.00043246
-16.56666638	-0.00022636
-16.53333304	0.00018969
-16.49999971	0.00054028
-16.46666638	0.00115577
-16.43333305	0.00175821
-16.39999971	0.00234793
-16.36666638	0.00309417
-16.33333305	0.00387916
-16.29999971	0.00470556
-16.26666638	0.00544528
-16.23333305	0.00623376
-16.19999971	0.00690604
-16.16666638	0.00762391
-16.13333305	0.00827009
-16.09999972	0.00897616
-16.06666638	0.00956842
-16.03333305	0.00997683
-15.99999972	0.01028276
-15.96666638	0.01066544
-15.93333305	0.01083905
-15.89999972	0.01095367
-15.86666638	0.01104919
-15.83333305	0.01106039
-15.79999972	0.01107218
-15.76666639	0.01084142
-15.73333305	0.01070506
-15.69999972	0.01052145
-15.66666639	0.01024726
-15.63333305	0.01005352
-15.59999972	0.00974715
-15.56666639	0.00942931
-15.53333305	0.00915948
-15.49999972	0.00893128
-15.46666639	0.00860362
-15.43333305	0.00828073
-15.39999972	0.00793894
-15.36666639	0.00751826
-15.33333306	0.00725026
-15.29999972	0.00685131
-15.26666639	0.00634362
-15.23333306	0.00587827
-15.19999972	0.00551675
-15.16666639	0.00494374
-15.13333306	0.00441673
-15.09999972	0.00377958
-15.06666639	0.00324406
-15.03333306	0.00268721
-14.99999973	0.00196999
-14.96666639	0.00151676
-14.93333306	0.00075904
-14.89999973	0.00019044
-14.86666639	-0.00040483
-14.83333306	-0.00094651
-14.79999973	-0.00138549
-14.76666639	-0.00183530
-14.73333306	-0.00218415
-14.69999973	-0.00254440
-14.66666640	-0.00274314
-14.63333306	-0.00282853
-14.59999973	-0.00282349
-14.56666640	-0.00279187
-14.53333306	-0.00265634
-14.49999973	-0.00234972
-14.46666640	-0.00200809
-14.43333306	-0.00157635
-14.39999973	-0.00090233
-14.36666640	-0.00029019
-14.33333307	0.00047122
-14.29999973	0.00128405
-14.26666640	0.00211961
-14.23333307	0.00307867
-14.19999973	0.00390042
-14.16666640	0.00475965
-14.13333307	0.00558626
-14.09999973	0.00637492
-14.06666640	0.00708390
-14.03333307	0.00776805
-13.99999973	0.00832070
-13.96666640	0.00869531
-13.93333307	0.00909835
-13.89999974	0.00933182
-13.86666640	0.00935639
-13.83333307	0.00924340
-13.79999974	0.00920228
-13.76666640	0.00876196
-13.73333307	0.00834420
-13.69999974	0.00792117
-13.66666640	0.00732932
-13.63333307	0.00658737
-13.59999974	0.00578819
-13.56666641	0.00498007
-13.53333307	0.00426385
-13.49999974	0.00343780
-13.46666641	0.00255201
-13.43333307	0.00178761
-13.39999974	0.00116046
-13.36666641	0.00029485
-13.33333307	-0.00037745
-13.29999974	-0.00092941
-13.26666641	-0.00145679
-13.23333308	-0.00190437
-13.19999974	-0.00225139
-13.16666641	-0.00252155
-13.13333308	-0.00262483
-13.09999974	-0.00260149
-13.06666641	-0.00252333
-13.03333308	-0.00231670
-12.99999974	-0.00186384
-12.96666641	-0.00147783
-12.93333308	-0.00103392
-12.89999975	-0.00040055
-12.86666641	0.00031694
-12.83333308	0.00117684
-12.79999975	0.00187325
-12.76666641	0.00285188
-12.73333308	0.00387343
-12.69999975	0.00486331
-12.66666641	0.00598377
-12.63333308	0.00707319
-12.59999975	0.00811206
-12.56666641	0.00923157
-12.53333308	0.01020991
-12.49999975	0.01115719
-12.46666642	0.01219500
-12.43333308	0.01318013
-12.39999975	0.01389250
-12.36666642	0.01455574
-12.33333308	0.01511297
-12.29999975	0.01552786
-12.26666642	0.01600143
-12.23333308	0.01611149
-12.19999975	0.01606506
-12.16666642	0.01601603
-12.13333309	0.01573858
-12.09999975	0.01520020
-12.06666642	0.01478158
-12.03333309	0.01408854
-11.99999975	0.01327945
-11.96666642	0.01238910
-11.93333309	0.01131807
-11.89999975	0.01012633
-11.86666642	0.00914127
-11.83333309	0.00797026
-11.79999976	0.00669153
-11.76666642	0.00544290
-11.73333309	0.00437588
-11.69999976	0.00338635
-11.66666642	0.00228911
-11.63333309	0.00131433
-11.59999976	0.00039971
-11.56666642	-0.00025892
-11.53333309	-0.00091824
-11.49999976	-0.00153489
-11.46666643	-0.00204256
-11.43333309	-0.00235237
-11.39999976	-0.00263831
-11.36666643	-0.00286184
-11.33333309	-0.00290333
-11.29999976	-0.00301727
-11.26666643	-0.00303647
-11.23333309	-0.00299172
-11.19999976	-0.00273294
-11.16666643	-0.00249452
-11.13333309	-0.00219180
-11.09999976	-0.00197865
-11.06666643	-0.00156829
-11.03333310	-0.00117134
-10.99999976	-0.00086946
-10.96666643	-0.00040947
-10.93333310	-0.00007043
-10.89999976	0.00042927
-10.86666643	0.00100182
-10.83333310	0.00154636
-10.79999976	0.00211076
-10.76666643	0.00255837
-10.73333310	0.00309722
-10.69999977	0.00371820
-10.66666643	0.00424643
-10.63333310	0.00470516
-10.59999977	0.00512494
-10.56666643	0.00551084
-10.53333310	0.00600620
-10.49999977	0.00615883
-10.46666643	0.00651944
-10.43333310	0.00658955
-10.39999977	0.00667932
-10.36666644	0.00677664
-10.33333310	0.00675829
-10.29999977	0.00662539
-10.26666644	0.00656524
-10.23333310	0.00640838
-10.19999977	0.00620722
-10.16666644	0.00599189
-10.13333310	0.00555955
-10.09999977	0.00522316
-10.06666644	0.00473615
-10.03333311	0.00427378
-9.99999977	0.00370533
-9.96666644	0.00316179
-9.93333311	0.00245890
-9.89999977	0.00185047
-9.86666644	0.00112728
-9.83333311	0.00036127
-9.79999977	-0.00041989
-9.76666644	-0.00143743
-9.73333311	-0.00228994
-9.69999977	-0.00326229
-9.66666644	-0.00427149
-9.63333311	-0.00526422
-9.59999978	-0.00633861
-9.56666644	-0.00741519
-9.53333311	-0.00832723
-9.49999978	-0.00937796
-9.46666644	-0.01047122
-9.43333311	-0.01157651
-9.39999978	-0.01221067
-9.36666644	-0.01307418
-9.33333311	-0.01380325
-9.29999978	-0.01451901
-9.26666645	-0.01502208
-9.23333311	-0.01532492
-9.19999978	-0.01564978
-9.16666645	-0.01586749
-9.13333311	-0.01592138
-9.09999978	-0.01579977
-9.06666645	-0.01576212
-9.03333311	-0.01551689
-8.99999978	-0.01523831
-8.96666645	-0.01499754
-8.93333312	-0.01449693
-8.89999978	-0.01410639
-8.86666645	-0.01371389
-8.83333312	-0.01336232
-8.79999978	-0.01299855
-8.76666645	-0.01274402
-8.73333312	-0.01253080
-8.69999978	-0.01231589
-8.66666645	-0.01210951
-8.63333312	-0.01210124
-8.59999979	-0.01216439
-8.56666645	-0.01223654
-8.53333312	-0.01242435
-8.49999979	-0.01277299
-8.46666645	-0.01307542
-8.43333312	-0.01347674
-8.39999979	-0.01392545
-8.36666645	-0.01447933
-8.33333312	-0.01499363
-8.29999979	-0.01557680
-8.26666645	-0.01618933
-8.23333312	-0.01667943
-8.19999979	-0.01732853
-8.16666646	-0.01785312
-8.13333312	-0.01842755
-8.09999979	-0.01899617
-8.06666646	-0.01951657
-8.03333312	-0.02001114
-7.99999979	-0.02042568
-7.96666646	-0.02085114
-7.93333312	-0.02106791
-7.89999979	-0.02131974
-7.86666646	-0.02155607
-7.83333313	-0.02159254
-7.79999979	-0.02153195
-7.76666646	-0.02136370
-7.73333313	-0.02109811
-7.69999979	-0.02071874
-7.66666646	-0.02013905
-7.63333313	-0.01957810
-7.59999979	-0.01870499
-7.56666646	-0.01775874
-7.53333313	-0.01671508
-7.49999980	-0.01552332
-7.46666646	-0.01405933
-7.43333313	-0.01268281
-7.39999980	-0.01107723
-7.36666646	-0.00935563
-7.33333313	-0.00764641
-7.29999980	-0.00590100
-7.26666646	-0.00411659
-7.23333313	-0.00223086
-7.19999980	-0.00033267
-7.16666647	0.00133931
-7.13333313	0.00316431
-7.09999980	0.00483062
-7.06666647	0.00649695
-7.03333313	0.00789976
-6.99999980	0.00917271
-6.96666647	0.01050709
-6.93333313	0.01153985
-6.89999980	0.01235417
-6.86666647	0.01316392
-6.83333313	0.01383919
-6.79999980	0.01445408
-6.76666647	0.01466740
-6.73333314	0.01490846
-6.69999980	0.01491339
-6.66666647	0.01479755
-6.63333314	0.01481854
-6.59999980	0.01462822
-6.56666647	0.01421975
-6.53333314	0.01400745
-6.49999980	0.01365819
-6.46666647	0.01322697
-6.43333314	0.01293890
-6.39999981	0.01228170
-6.36666647	0.01186017
-6.33333314	0.01134143
-6.29999981	0.01068734
-6.26666647	0.01015209
-6.23333314	0.00957846
-6.19999981	0.00895092
-6.16666647	0.00827678
-6.13333314	0.00769196
-6.09999981	0.00702240
-6.06666648	0.00630733
-6.03333314	0.00557030
-5.99999981	0.00486421
-5.96666648	0.00402316
-5.93333314	0.00300600
-5.89999981	0.00215105
-5.86666648	0.00121135
-5.83333314	0.00006961
-5.79999981	-0.00111818
-5.76666648	-0.00229506
-5.73333315	-0.00352629
-5.69999981	-0.00487409
-5.66666648	-0.00623443
-5.63333315	-0.00760528
-5.59999981	-0.00909493
-5.56666648	-0.01060731
-5.53333315	-0.01214321
-5.49999981	-0.01375951
-5.46666648	-0.01538419
-5.43333315	-0.01694795
-5.39999981	-0.01852486
-5.36666648	-0.02007186
-5.33333315	-0.02175234
-5.29999982	-0.02326199
-5.26666648	-0.02489176
-5.23333315	-0.02636180
-5.19999982	-0.02804109
-5.16666648	-0.02937301
-5.13333315	-0.03098960
-5.09999982	-0.03253123
-5.06666648	-0.03394064
-5.03333315	-0.03547466
-4.99999982	-0.03692969
-4.96666649	-0.03832748
-4.93333315	-0.03973079
-4.89999982	-0.04116374
-4.86666649	-0.04261461
-4.83333315	-0.04393628
-4.79999982	-0.04524622
-4.76666649	-0.04660292
-4.73333315	-0.04786582
-4.69999982	-0.04911940
-4.66666649	-0.05029812
-4.63333316	-0.05133778
-4.59999982	-0.05255575
-4.56666649	-0.05343268
-4.53333316	-0.05424144
-4.49999982	-0.05508574
-4.46666649	-0.05578338
-4.43333316	-0.05632814
-4.39999982	-0.05679618
-4.36666649	-0.05706495
-4.33333316	-0.05730478
-4.29999983	-0.05744152
-4.26666649	-0.05744038
-4.23333316	-0.05710739
-4.19999983	-0.05672617
-4.16666649	-0.05643878
-4.13333316	-0.05572391
-4.09999983	-0.05513795
-4.06666649	-0.05425915
-4.03333316	-0.05318642
-3.99999983	-0.05203802
-3.96666649	-0.05082066
-3.93333316	-0.04935302
-3.89999983	-0.04790374
-3.86666650	-0.04633800
-3.83333316	-0.04451127
-3.79999983	-0.04268170
-3.76666650	-0.04066109
-3.73333316	-0.03845632
-3.69999983	-0.03609702
-3.66666650	-0.03370831
-3.63333316	-0.03110005
-3.59999983	-0.02844560
-3.56666650	-0.02566400
-3.53333317	-0.02274082
-3.49999983	-0.01982013
-3.46666650	-0.01696935
-3.43333317	-0.01377908
-3.39999983	-0.01069794
-3.36666650	-0.00758241
-3.33333317	-0.00456315
-3.29999983	-0.00142607
-3.26666650	0.00151036
-3.23333317	0.00449491
-3.19999984	0.00732626
-3.16666650	0.01013936
-3.13333317	0.01269052
-3.09999984	0.01525066
-3.06666650	0.01752570
-3.03333317	0.01976693
-2.99999984	0.02195055
-2.96666650	0.02391031
-2.93333317	0.02572695
-2.89999984	0.02732183
-2.86666651	0.02893466
-2.83333317	0.03033237
-2.79999984	0.03162678
-2.76666651	0.03278044
-2.73333317	0.03381518
-2.69999984	0.03488788
-2.66666651	0.03581372
-2.63333317	0.03676729
-2.59999984	0.03753884
-2.56666651	0.03828702
-2.53333317	0.03899696
-2.49999984	0.03984753
-2.46666651	0.04068870
-2.43333318	0.04130306
-2.39999984	0.04205087
-2.36666651	0.04270428
-2.33333318	0.04332548
-2.29999984	0.04416109
-2.26666651	0.04485974
-2.23333318	0.04545789
-2.19999984	0.04611913
-2.16666651	0.04674119
-2.13333318	0.04748346
-2.09999985	0.04793754
-2.06666651	0.04866816
-2.03333318	0.04913369
-1.99999985	0.04947764
-1.96666651	0.04988505
-1.93333318	0.05023739
-1.89999985	0.05049897
-1.86666651	0.05077811
-1.83333318	0.05096584
-1.79999985	0.05104899
-1.76666652	0.05112069
-1.73333318	0.05099671
-1.69999985	0.05071998
-1.66666652	0.05057683
-1.63333318	0.05022716
-1.59999985	0.04966361
-1.56666652	0.04915985
-1.53333318	0.04833554
-1.49999985	0.04757123
-1.46666652	0.04663126
-1.43333319	0.04583094
-1.39999985	0.04464246
-1.36666652	0.04359832
-1.33333319	0.04251192
-1.29999985	0.04130870
-1.26666652	0.03992029
-1.23333319	0.03866278
-1.19999985	0.03753131
-1.16666652	0.03621979
-1.13333319	0.03493898
-1.09999985	0.03373389
-1.06666652	0.03255651
-1.03333319	0.03144563
-0.99999986	0.03034209
-0.96666652	0.02927433
-0.93333319	0.02832447
-0.89999986	0.02743601
-0.86666652	0.02674143
-0.83333319	0.02590027
-0.79999986	0.02512953
-0.76666652	0.02452361
-0.73333319	0.02375686
-0.69999986	0.02321968
-0.66666653	0.02277531
-0.63333319	0.02223489
-0.59999986	0.02174435
-0.56666653	0.02131513
-0.53333319	0.02084941
-0.49999986	0.02049796
-0.46666653	0.02029826
-0.43333319	0.02008243
-0.39999986	0.01986368
-0.36666653	0.01976184
-0.33333320	0.01978536
-0.29999986	0.01982702
-0.26666653	0.01986453
-0.23333320	0.01991676
-0.19999986	0.01997389
-0.16666653	0.02026673
-0.13333320	0.02059440
-0.09999986	0.02086233
-0.06666653	0.02124034
-0.03333320	0.02150712
0.00000013	0.02202075
0.03333347	0.02228632
0.06666680	0.02272936
0.10000013	0.02300049
0.13333347	0.02333233
0.16666680	0.02357025
0.20000013	0.02366749
0.23333347	0.02405581
0.26666680	0.02402385
0.30000013	0.02406652
0.33333347	0.02409085
0.36666680	0.02397530
0.40000013	0.02368904
0.43333346	0.02337532
0.46666680	0.02308142
0.50000013	0.02256802
0.53333346	0.02218351
0.56666680	0.02161244
0.60000013	0.02111257
0.63333346	0.02034406
0.66666680	0.01969830
0.70000013	0.01889351
0.73333346	0.01818014
0.76666679	0.01734344
0.80000013	0.01654542
0.83333346	0.01568378
0.86666679	0.01478953
0.90000013	0.01383920
0.93333346	0.01277695
0.96666679	0.01181644
1.00000013	0.01093223
1.03333346	0.00992305
1.06666679	0.00893219
1.10000012	0.00795524
1.13333346	0.00706612
1.16666679	0.00617787
1.20000012	0.00525572
1.23333346	0.00451516
1.26666679	0.00371973
1.30000012	0.00306621
1.33333346	0.00255170
1.36666679	0.00202740
1.40000012	0.00157079
1.43333345	0.00123910
1.46666679	0.00114957
1.50000012	0.00114544
1.53333345	0.00119844
1.56666679	0.00150311
1.60000012	0.00186948
1.63333345	0.00233585
1.66666679	0.00295146
1.70000012	0.00345937
1.73333345	0.00417621
1.76666679	0.00501525
1.80000012	0.00590335
1.83333345	0.00670866
1.86666678	0.00767595
1.90000012	0.00863128
1.93333345	0.00947001
1.96666678	0.01042847
2.00000012	0.01128967
2.03333345	0.01202882
2.06666678	0.01275147
2.10000012	0.01349873
2.13333345	0.01409079
2.16666678	0.01444430
2.20000011	0.01489439
2.23333345	0.01529078
2.26666678	0.01540263
2.30000011	0.01553242
2.33333345	0.01546993
2.36666678	0.01530020
2.40000011	0.01511692
2.43333345	0.01479622
2.46666678	0.01446588
2.50000011	0.01404147
2.53333344	0.01355720
2.56666678	0.01296906
2.60000011	0.01247017
2.63333344	0.01201211
2.66666678	0.01133216
2.70000011	0.01081691
2.73333344	0.01030029
2.76666678	0.00984018
2.80000011	0.00949971
2.83333344	0.00910530
2.86666677	0.00896381
2.90000011	0.00874343
2.93333344	0.00864489
2.96666677	0.00860496
3.00000011	0.00858836
3.03333344	0.00881652
3.06666677	0.00881309
3.10000011	0.00902143
3.13333344	0.00922799
3.16666677	0.00952009
3.20000011	0.00987684
3.23333344	0.01013283
3.26666677	0.01047901
3.30000010	0.01062975
3.33333344	0.01096654
3.36666677	0.01128105
3.40000010	0.01143947
3.43333344	0.01162891
3.46666677	0.01167869
3.50000010	0.01168385
3.53333344	0.01154876
3.56666677	0.01145818
3.60000010	0.01135112
3.63333343	0.01101515
3.66666677	0.01078019
3.70000010	0.01026815
3.73333343	0.00978112
3.76666677	0.00922028
3.80000010	0.00867552
3.83333343	0.00801406
3.86666677	0.00717933
3.90000010	0.00653182
3.93333343	0.00572751
3.96666676	0.00490428
4.00000010	0.00394162
4.03333343	0.00287573
4.06666676	0.00179859
4.10000010	0.00077551
4.13333343	-0.00035428
4.16666676	-0.00168420
4.20000010	-0.00287009
4.23333343	-0.00397159
4.26666676	-0.00519475
4.30000009	-0.00643315
4.33333343	-0.00760234
4.36666676	-0.00871454
4.40000009	-0.00989175
4.43333343	-0.01098937
4.46666676	-0.01195437
4.50000009	-0.01283644
4.53333343	-0.01382697
4.56666676	-0.01462233
4.60000009	-0.01531651
4.63333343	-0.01589919
4.66666676	-0.01641762
4.70000009	-0.01678380
4.73333342	-0.01720849
4.76666676	-0.01751403
4.80000009	-0.01764256
4.83333342	-0.01773139
4.86666676	-0.01780552
4.90000009	-0.01779256
4.93333342	-0.01779464
4.96666676	-0.01769535
5.00000009	-0.01747608
5.03333342	-0.01745150
5.06666675	-0.01720071
5.10000009	-0.01711341
5.13333342	-0.01690411
5.16666675	-0.01672909
5.20000009	-0.01662567
5.23333342	-0.01669855
5.26666675	-0.01645458
5.30000009	-0.01638540
5.33333342	-0.01632649
5.36666675	-0.01628371
5.40000008	-0.01619134
5.43333342	-0.01612066
5.46666675	-0.01611931
5.50000008	-0.01597050
5.53333342	-0.01591205
5.56666675	-0.01589312
5.60000008	-0.01580762
5.63333342	-0.01574584
5.66666675	-0.01567886
5.70000008	-0.01566832
5.73333341	-0.01561693
5.76666675	-0.01550221
5.80000008	-0.01545203
5.83333341	-0.01535409
5.86666675	-0.01536493
5.90000008	-0.01539144
5.93333341	-0.01530790
5.96666675	-0.01530945
6.00000008	-0.01529974
6.03333341	-0.01529522
6.06666675	-0.01521277
6.10000008	-0.01530973
6.13333341	-0.01528628
6.16666674	-0.01530485
6.20000008	-0.01530131
6.23333341	-0.01530914
6.26666674	-0.01546062
6.30000008	-0.01525326
6.33333341	-0.01531959
6.36666674	-0.01529519
6.40000008	-0.01518834
6.43333341	-0.01511748
6.46666674	-0.01499272
6.50000007	-0.01469523
6.53333341	-0.01453753
6.56666674	-0.01442578
6.60000007	-0.01412810
6.63333341	-0.01393357
6.66666674	-0.01373917
6.70000007	-0.01346283
6.73333341	-0.01312389
6.76666674	-0.01285488
6.80000007	-0.01256902
6.83333340	-0.01220265
6.86666674	-0.01191398
6.90000007	-0.01154122
6.93333340	-0.01116950
6.96666674	-0.01089995
7.00000007	-0.01036301
7.03333340	-0.00991300
7.06666674	-0.00951082
7.10000007	-0.00910807
7.13333340	-0.00870748
7.16666673	-0.00821154
7.20000007	-0.00775127
7.23333340	-0.00726928
7.26666673	-0.00683404
7.30000007	-0.00655849
7.33333340	-0.00601432
7.36666673	-0.00586434
7.40000007	-0.00558472
7.43333340	-0.00539178
7.46666673	-0.00513896
7.50000007	-0.00504787
7.53333340	-0.00499069
7.56666673	-0.00502999
7.60000006	-0.00509592
7.63333340	-0.00520256
7.66666673	-0.00546964
7.70000006	-0.00576156
7.73333340	-0.00600440
7.76666673	-0.00629741
7.80000006	-0.00662931
7.83333340	-0.00684061
7.86666673	-0.00713961
7.90000006	-0.00738580
7.93333339	-0.00770844
7.96666673	-0.00793060
8.00000006	-0.00802349
8.03333339	-0.00813524
8.06666673	-0.00810008
8.10000006	-0.00808945
8.13333339	-0.00805834
8.16666673	-0.00790614
8.20000006	-0.00759624
8.23333339	-0.00744701
8.26666672	-0.00723370
8.30000006	-0.00686727
8.33333339	-0.00667214
8.36666672	-0.00622921
8.40000006	-0.00602852
8.43333339	-0.00564782
8.46666672	-0.00529952
8.50000006	-0.00500897
8.53333339	-0.00471957
8.56666672	-0.00437524
8.60000005	-0.00423036
8.63333339	-0.00400613
8.66666672	-0.00371831
8.70000005	-0.00361502
8.73333339	-0.00333644
8.76666672	-0.00322183
8.80000005	-0.00308444
8.83333339	-0.00295306
8.86666672	-0.00294520
8.90000005	-0.00283039
8.93333339	-0.00267871
8.96666672	-0.00257360
9.00000005	-0.00260013
9.03333338	-0.00251385
9.06666672	-0.00245223
9.10000005	-0.00251154
9.13333338	-0.00254976
9.16666672	-0.00252914
9.20000005	-0.00268448
9.23333338	-0.00278337
9.26666672	-0.00289881
9.30000005	-0.00308474
9.33333338	-0.00319159
9.36666671	-0.00334329
9.40000005	-0.00353384
9.43333338	-0.00378556
9.46666671	-0.00408755
9.50000005	-0.00427006
9.53333338	-0.00452397
9.56666671	-0.00486739
9.60000005	-0.00499311
9.63333338	-0.00523986
9.66666671	-0.00535462
9.70000004	-0.00561738
9.73333338	-0.00577315
9.76666671	-0.00593939
9.80000004	-0.00603687
9.83333338	-0.00609280
9.86666671	-0.00615869
9.90000004	-0.00624476
9.93333338	-0.00630383
9.96666671	-0.00630983
10.00000004	-0.00635315
10.03333337	-0.00637242
10.06666671	-0.00640468
10.10000004	-0.00652126
10.13333337	-0.00650902
10.16666671	-0.00649460
10.20000004	-0.00659787
10.23333337	-0.00662280
10.26666671	-0.00672289
10.30000004	-0.00682107
10.33333337	-0.00681201
10.36666671	-0.00691531
10.40000004	-0.00694084
10.43333337	-0.00692826
10.46666670	-0.00695459
10.50000004	-0.00697546
10.53333337	-0.00693946
10.56666670	-0.00685530
10.60000004	-0.00675857
10.63333337	-0.00666235
10.66666670	-0.00659677
10.70000004	-0.00640283
10.73333337	-0.00623981
10.76666670	-0.00594983
10.80000003	-0.00577172
10.83333337	-0.00554670
10.86666670	-0.00522701
10.90000003	-0.00497423
10.93333337	-0.00468188
10.96666670	-0.00437988
11.00000003	-0.00410859
11.03333337	-0.00380289
11.06666670	-0.00352902
11.10000003	-0.00320928
11.13333336	-0.00296562
11.16666670	-0.00271795
11.20000003	-0.00248013
11.23333336	-0.00233997
11.26666670	-0.00211686
11.30000003	-0.00201790
11.33333336	-0.00182535
11.36666670	-0.00175005
11.40000003	-0.00162740
11.43333336	-0.00158548
11.46666669	-0.00155819
11.50000003	-0.00156140
11.53333336	-0.00154746
11.56666669	-0.00155495
11.60000003	-0.00157432
11.63333336	-0.00160647
11.66666669	-0.00165876
11.70000003	-0.00163817
11.73333336	-0.00168895
11.76666669	-0.00177489
11.80000003	-0.00178177
11.83333336	-0.00183306
11.86666669	-0.00185448
11.90000002	-0.00186813
11.93333336	-0.00186618
11.96666669	-0.00188025
12.00000002	-0.00185909
12.03333336	-0.00185599
12.06666669	-0.00184887
12.10000002	-0.00181043
12.13333336	-0.00176695
12.16666669	-0.00170599
12.20000002	-0.00163641
12.23333335	-0.00158695
12.26666669	-0.00150293
12.30000002	-0.00141985
12.33333335	-0.00138158
12.36666669	-0.00128453
12.40000002	-0.00118714
12.43333335	-0.00111009
12.46666669	-0.00103089
12.50000002	-0.00094281
12.53333335	-0.00087566
12.56666668	-0.00080483
12.60000002	-0.00074692
12.63333335	-0.00068782
12.66666668	-0.00063833
12.70000002	-0.00061653
12.73333335	-0.00056338
12.76666668	-0.00052159
12.80000002	-0.00048962
12.83333335	-0.00048045
12.86666668	-0.00047765
12.90000001	-0.00046402
12.93333335	-0.00046494
12.96666668	-0.00047549
13.00000001	-0.00046983
13.03333335	-0.00047125
13.06666668	-0.00048402
13.10000001	-0.00049286
13.13333335	-0.00049825
13.16666668	-0.00052497
13.20000001	-0.00054259
13.23333335	-0.00055848
13.26666668	-0.00058156
13.30000001	-0.00059067
13.33333334	-0.00061405
13.36666668	-0.00062466
13.40000001	-0.00063008
13.43333334	-0.00063499
13.46666668	-0.00064804
13.50000001	-0.00064174
13.53333334	-0.00063591
13.56666668	-0.00062237
13.60000001	-0.00062846
13.63333334	-0.00061864
13.66666667	-0.00060580
13.70000001	-0.00058593
13.73333334	-0.00055274
13.76666667	-0.00053273
13.80000001	-0.00050739
13.83333334	-0.00048036
13.86666667	-0.00044906
13.90000001	-0.00042001
13.93333334	-0.00038894
13.96666667	-0.00035886
14.00000000	-0.00033432
14.03333334	-0.00030584
14.06666667	-0.00027726
14.10000000	-0.00024940
14.13333334	-0.00022725
14.16666667	-0.00020468
14.20000000	-0.00018341
14.23333334	-0.00016370
14.26666667	-0.00014646
14.30000000	-0.00012916
14.33333333	-0.00011463
14.36666667	-0.00010050
14.40000000	-0.00008799
14.43333333	-0.00007640
14.46666667	-0.00006572
14.50000000	-0.00005626
14.53333333	-0.00004777
14.56666667	-0.00003945
14.60000000	-0.00003248
14.63333333	-0.00002582
14.66666667	-0.00001989
14.70000000	-0.00001478
14.73333333	-0.00001031
14.76666666	-0.00000676
14.80000000	-0.00000381
14.83333333	-0.00000171
14.86666666	-0.00000044
14.90000000	0.00000000
