# Menlo Systems GmbH ScanControl
# Program Version 1.3.3
# Start: -65.00000000 ps, Average over 1000 waveforms. Timestamp: 2020-06-21T15:41:53
# Window type: Tukey, parameters: alpha = 0.2
# User time axis shift: 0 ps
# Frequency [THz]	THz Signal [a.u.]
0.00000000	-61.92928294
0.00732601	-30.77750420
0.01465201	-23.15794883
0.02197802	-21.55417127
0.02930403	-27.55624982
0.03663004	-26.59289932
0.04395604	-18.64456004
0.05128205	-15.01110658
0.05860806	-16.45012759
0.06593407	-15.97504710
0.07326007	-11.13146102
0.08058608	-13.48435834
0.08791209	-24.39669898
0.09523810	-12.27248463
0.10256410	-12.36688149
0.10989011	-20.20302139
0.11721612	-12.50379370
0.12454213	-9.01429689
0.13186813	-10.64708815
0.13919414	-12.66303056
0.14652015	-10.11762389
0.15384616	-11.69271197
0.16117216	-15.97635135
0.16849817	-11.13172312
0.17582418	-11.00130535
0.18315018	-17.42272260
0.19047619	-13.35534545
0.19780220	-10.48726580
0.20512821	-13.77763735
0.21245421	-12.34494154
0.21978022	-8.09732906
0.22710623	-8.18496840
0.23443224	-7.92871598
0.24175824	-4.80581448
0.24908425	-3.38189134
0.25641026	-3.32328604
0.26373627	-2.33050318
0.27106227	-0.83603760
0.27838828	-0.62552483
0.28571429	-1.26857257
0.29304030	-0.67744561
0.30036630	0.00000000
0.30769231	-0.77187141
0.31501832	-1.21118861
0.32234433	-0.43474016
0.32967033	-0.70930071
0.33699634	-1.74228060
0.34432235	-2.05412951
0.35164835	-2.52013614
0.35897436	-3.38536575
0.36630037	-4.03175004
0.37362638	-4.93676397
0.38095238	-5.78825429
0.38827839	-6.38084919
0.39560440	-7.30814432
0.40293041	-8.23830812
0.41025641	-8.86564934
0.41758242	-9.15327034
0.42490843	-9.37270495
0.43223444	-9.50925572
0.43956044	-9.56030728
0.44688645	-9.64637390
0.45421246	-9.39558794
0.46153847	-9.42354905
0.46886447	-9.49300460
0.47619048	-9.05369605
0.48351649	-8.68317083
0.49084250	-8.50244229
0.49816850	-8.46672607
0.50549451	-8.20227276
0.51282052	-8.15113412
0.52014652	-8.36376212
0.52747253	-8.27582624
0.53479854	-8.27946478
0.54212455	-7.86350952
0.54945055	-8.95026061
0.55677656	-12.94672741
0.56410257	-9.65276652
0.57142858	-7.11687320
0.57875458	-7.40316854
0.58608059	-7.25093628
0.59340660	-7.04746611
0.60073261	-7.54472925
0.60805861	-7.44384266
0.61538462	-7.65149571
0.62271063	-8.38116925
0.63003664	-8.45568615
0.63736264	-8.66605740
0.64468865	-9.35736163
0.65201466	-9.63833964
0.65934067	-10.02807669
0.66666667	-10.76101012
0.67399268	-11.27505862
0.68131869	-11.85000034
0.68864469	-12.36929919
0.69597070	-12.91024728
0.70329671	-13.70462264
0.71062272	-14.23666382
0.71794872	-14.63810252
0.72527473	-15.30137511
0.73260074	-15.62862648
0.73992675	-15.87866993
0.74725275	-18.14597115
0.75457876	-20.32432086
0.76190477	-18.07537566
0.76923078	-17.77610279
0.77655678	-18.40287904
0.78388279	-18.47689999
0.79120880	-19.10600309
0.79853481	-19.34732360
0.80586081	-19.68973117
0.81318682	-20.07090009
0.82051283	-20.07099780
0.82783884	-20.42633098
0.83516484	-20.52596857
0.84249085	-20.65366931
0.84981686	-20.84137964
0.85714286	-20.94916584
0.86446887	-21.24336226
0.87179488	-21.24381377
0.87912089	-21.38797329
0.88644689	-21.69349923
0.89377290	-21.77038613
0.90109891	-22.12298827
0.90842492	-22.53062302
0.91575092	-22.87721056
0.92307693	-23.43623094
0.93040294	-23.66674260
0.93772895	-24.01528024
0.94505495	-24.83896552
0.95238096	-25.13590724
0.95970697	-25.72108742
0.96703298	-26.76030682
0.97435898	-26.92062863
0.98168499	-28.25423727
0.98901100	-30.48062653
0.99633701	-29.50325571
1.00366301	-28.93598215
1.01098902	-29.47230219
1.01831503	-29.96654111
1.02564103	-30.35255908
1.03296704	-30.79442310
1.04029305	-31.59105651
1.04761906	-32.01365986
1.05494506	-32.58162886
1.06227107	-33.21575707
1.06959708	-33.71584516
1.07692309	-34.78466106
1.08424909	-35.56041298
1.09157510	-39.62698160
1.09890111	-60.53128203
1.10622712	-41.69233854
1.11355312	-42.18685390
1.12087913	-39.53600273
1.12820514	-37.38236518
1.13553115	-37.93018843
1.14285715	-38.48389401
1.15018316	-40.80969217
1.15750917	-46.53234423
1.16483518	-69.34653476
1.17216118	-43.89697367
1.17948719	-40.02645683
1.18681320	-40.75915090
1.19413920	-40.65336305
1.20146521	-42.02886527
1.20879122	-48.30886317
1.21611723	-43.07110701
1.22344323	-43.42429514
1.23076924	-48.22095065
1.23809525	-43.74903539
1.24542126	-42.99731798
1.25274726	-43.32775081
1.26007327	-43.18264341
1.26739928	-44.15085238
1.27472529	-44.49332327
1.28205129	-45.03601613
1.28937730	-45.65287771
1.29670331	-46.05015490
1.30402932	-46.64946588
1.31135532	-46.71615143
1.31868133	-47.68295931
1.32600734	-48.58468432
1.33333335	-48.40362889
1.34065935	-48.94237967
1.34798536	-49.78556335
1.35531137	-50.15868194
1.36263737	-50.39458457
1.36996338	-51.14104553
1.37728939	-51.71652525
1.38461540	-52.35230055
1.39194140	-53.21087236
1.39926741	-54.10520834
1.40659342	-59.17297983
1.41391943	-71.41013742
1.42124543	-58.68551302
1.42857144	-57.42543720
1.43589745	-57.18247114
1.44322346	-57.04668025
1.45054946	-58.58234972
1.45787547	-58.66946772
1.46520148	-57.83594445
1.47252749	-59.03566533
1.47985349	-59.77231948
1.48717950	-59.61380251
1.49450551	-60.13363118
1.50183152	-60.81149090
1.50915752	-62.79169546
1.51648353	-63.03341196
1.52380954	-62.23004916
1.53113554	-62.42548134
1.53846155	-62.89980419
1.54578756	-65.08855679
1.55311357	-65.36899760
1.56043957	-65.23963469
1.56776558	-65.54709279
1.57509159	-63.91225033
1.58241760	-66.29178192
1.58974360	-71.07581727
1.59706961	-70.73189249
1.60439562	-72.49961457
1.61172163	-70.27744074
1.61904763	-67.54420794
1.62637364	-67.57746207
1.63369965	-68.96525945
1.64102566	-70.42499429
1.64835166	-73.36767092
1.65567767	-78.18895651
1.66300368	-80.15651603
1.67032969	-75.73974584
1.67765569	-75.80558862
1.68498170	-84.11076648
1.69230771	-83.65011226
1.69963371	-75.45042240
1.70695972	-73.73127858
1.71428573	-75.15937252
1.72161174	-75.36430996
1.72893774	-73.60816460
1.73626375	-71.77233498
1.74358976	-74.18682997
1.75091577	-75.14061403
1.75824177	-76.00828457
1.76556778	-84.21674228
1.77289379	-80.38535020
1.78021980	-78.06647540
1.78754580	-75.19676880
1.79487181	-75.22436759
1.80219782	-78.43426645
1.80952383	-76.33243475
1.81684983	-79.86306717
1.82417584	-73.07205560
1.83150185	-76.85741932
1.83882786	-77.00788761
1.84615386	-73.33020544
1.85347987	-79.94704170
1.86080588	-84.02467048
1.86813188	-81.16930582
1.87545789	-79.56987016
1.88278390	-81.40790189
1.89010991	-80.14513839
1.89743591	-80.08894364
1.90476192	-90.15814435
1.91208793	-94.22558910
1.91941394	-80.40221327
1.92673994	-77.80963228
1.93406595	-79.29191776
1.94139196	-79.01915860
1.94871797	-79.54811385
1.95604397	-79.44722614
1.96336998	-76.52010248
1.97069599	-76.34627058
1.97802200	-82.13604316
1.98534800	-83.81774122
1.99267401	-79.90414752
2.00000002	-82.78265853
2.00732603	-80.16957835
2.01465203	-79.45943646
2.02197804	-88.43361487
2.02930405	-82.24328267
2.03663005	-101.25812627
2.04395606	-79.99649024
2.05128207	-84.69762424
2.05860808	-87.71067261
2.06593408	-95.17070997
2.07326009	-77.91234638
2.08058610	-76.98078116
2.08791211	-86.76421063
2.09523811	-88.57024873
2.10256412	-84.83733926
2.10989013	-83.27293057
2.11721614	-89.26265271
2.12454214	-83.16365592
2.13186815	-80.94985765
2.13919416	-82.56700018
2.14652017	-84.33805574
2.15384617	-80.74952893
2.16117218	-78.51641259
2.16849819	-81.22049232
2.17582420	-88.80719776
2.18315020	-82.38017632
2.19047621	-84.55752365
2.19780222	-74.28033601
2.20512822	-74.00712943
2.21245423	-78.76792592
2.21978024	-94.50693106
2.22710625	-79.85137227
2.23443225	-80.55897776
2.24175826	-95.03001237
2.24908427	-88.15839228
2.25641028	-77.23502252
2.26373628	-76.13514557
2.27106229	-90.57038595
2.27838830	-85.15818112
2.28571431	-83.70743142
2.29304031	-78.36210976
2.30036632	-80.27549819
2.30769233	-76.20221924
2.31501834	-76.44982307
2.32234434	-76.33355875
2.32967035	-76.89950576
2.33699636	-81.57821989
2.34432237	-87.33705489
2.35164837	-85.70639696
2.35897438	-80.64338009
2.36630039	-83.67403587
2.37362639	-80.37194706
2.38095240	-77.10135370
2.38827841	-86.57583967
2.39560442	-79.79993584
2.40293042	-76.13650793
2.41025643	-82.32949496
2.41758244	-85.86082081
2.42490845	-84.87555334
2.43223445	-87.21437138
2.43956046	-92.35812506
2.44688647	-81.49717398
2.45421248	-79.78918563
2.46153848	-85.93521049
2.46886449	-75.56275692
2.47619050	-78.23984332
2.48351651	-80.90936780
2.49084251	-84.51871598
2.49816852	-83.83397411
2.50549453	-83.31588451
2.51282054	-90.62064823
2.52014654	-87.39575416
2.52747255	-81.37297343
2.53479856	-93.25539026
2.54212456	-85.33630560
2.54945057	-89.09349353
2.55677658	-83.35282302
2.56410259	-84.43192798
2.57142859	-84.88027040
2.57875460	-85.65962963
2.58608061	-79.57696105
2.59340662	-83.70049902
2.60073262	-91.07375021
2.60805863	-88.36598213
2.61538464	-87.51321897
2.62271065	-81.94228136
2.63003665	-80.46870074
2.63736266	-79.57930070
2.64468867	-81.31305400
2.65201468	-79.99303913
2.65934068	-81.01439386
2.66666669	-82.70579946
2.67399270	-81.30093053
2.68131871	-105.82015487
2.68864471	-86.35526018
2.69597072	-84.83229251
2.70329673	-83.62693154
2.71062273	-85.04122938
2.71794874	-77.85609996
2.72527475	-88.84676690
2.73260076	-81.86115400
2.73992676	-94.03373074
2.74725277	-80.36252929
2.75457878	-83.59090155
2.76190479	-83.68639722
2.76923079	-79.76030891
2.77655680	-82.10631792
2.78388281	-78.05156964
2.79120882	-82.66223163
2.79853482	-94.82900725
2.80586083	-84.79905836
2.81318684	-91.64203111
2.82051285	-84.94723699
2.82783885	-86.45154809
2.83516486	-85.88012185
2.84249087	-78.49134638
2.84981688	-79.25378143
2.85714288	-82.56522061
2.86446889	-79.02337783
2.87179490	-75.18855795
2.87912090	-76.53931280
2.88644691	-80.26262367
2.89377292	-82.98810754
2.90109893	-88.95711077
2.90842493	-83.69988611
2.91575094	-93.99747830
2.92307695	-78.97891570
2.93040296	-79.11664719
2.93772896	-90.45476216
2.94505497	-79.90630517
2.95238098	-76.57901043
2.95970699	-96.29896193
2.96703299	-76.38073512
2.97435900	-77.17934515
2.98168501	-89.62407209
2.98901102	-80.64063652
2.99633702	-82.33298890
3.00366303	-75.00499233
3.01098904	-76.85916892
3.01831505	-84.55379993
3.02564105	-79.97623825
3.03296706	-85.81724286
3.04029307	-83.60381403
3.04761907	-78.93714480
3.05494508	-79.42644573
3.06227109	-80.84186270
3.06959710	-82.86628228
3.07692310	-80.54186789
3.08424911	-79.17173410
3.09157512	-81.42965054
3.09890113	-82.07816077
3.10622713	-82.88635625
3.11355314	-84.41909940
3.12087915	-85.65130364
3.12820516	-88.30541316
3.13553116	-86.72054178
3.14285717	-83.99925302
3.15018318	-75.67929280
3.15750919	-76.67485893
3.16483519	-81.88597842
3.17216120	-79.41640950
3.17948721	-74.78473327
3.18681322	-75.68797285
3.19413922	-84.24282804
3.20146523	-84.86328761
3.20879124	-85.63710063
3.21611724	-87.90445165
3.22344325	-90.93598895
3.23076926	-90.86609320
3.23809527	-92.10144471
3.24542127	-87.11513795
3.25274728	-80.74902402
3.26007329	-90.39854072
3.26739930	-81.55636126
3.27472530	-81.57603101
3.28205131	-90.13274160
3.28937732	-83.35554209
3.29670333	-81.06572086
3.30402933	-76.76738374
3.31135534	-81.16552752
3.31868135	-78.73715119
3.32600736	-75.81071485
3.33333336	-79.19896712
3.34065937	-85.41498501
3.34798538	-78.32804902
3.35531139	-77.06394294
3.36263739	-83.90786047
3.36996340	-95.39783208
3.37728941	-79.02800369
3.38461541	-73.59469929
3.39194142	-77.32520921
3.39926743	-85.13212381
3.40659344	-79.55874484
3.41391944	-84.31057554
3.42124545	-88.47720744
3.42857146	-83.07546611
3.43589747	-81.18575033
3.44322347	-80.78069025
3.45054948	-82.08411904
3.45787549	-93.82429563
3.46520150	-82.79081931
3.47252750	-85.71998293
3.47985351	-83.42615534
3.48717952	-78.90996098
3.49450553	-82.57260609
3.50183153	-85.12131974
3.50915754	-84.86268699
3.51648355	-83.95919099
3.52380956	-77.23720888
3.53113556	-80.04293190
3.53846157	-86.01307374
3.54578758	-82.54879587
3.55311358	-90.67869559
3.56043959	-80.57333765
3.56776560	-76.32895995
3.57509161	-83.50974074
3.58241761	-82.98977341
3.58974362	-78.48138087
3.59706963	-81.51028576
3.60439564	-77.63603156
3.61172164	-76.98736657
3.61904765	-91.91193139
3.62637366	-79.46109072
3.63369967	-79.09045888
3.64102567	-90.39327006
3.64835168	-81.13657930
3.65567769	-80.54367539
3.66300370	-82.89165995
3.67032970	-79.77341877
3.67765571	-76.87857569
3.68498172	-80.88233445
3.69230773	-86.66767981
3.69963373	-78.10817096
3.70695974	-79.30618091
3.71428575	-80.91888424
3.72161175	-92.84352866
3.72893776	-83.49726629
3.73626377	-79.31185195
3.74358978	-83.43105031
3.75091578	-93.86193840
3.75824179	-85.67986749
3.76556780	-79.43570823
3.77289381	-75.65698586
3.78021981	-78.36830347
3.78754582	-86.91208301
3.79487183	-91.74478740
3.80219784	-87.49924296
3.80952384	-83.27261409
3.81684985	-84.70367782
3.82417586	-81.54227248
3.83150187	-80.10453127
3.83882787	-84.14955723
3.84615388	-86.69422363
3.85347989	-77.17606585
3.86080590	-78.35408864
3.86813190	-82.08419829
3.87545791	-76.15627726
3.88278392	-77.39760444
3.89010992	-87.91368380
3.89743593	-87.04722477
3.90476194	-85.34434856
3.91208795	-85.17749525
3.91941395	-84.31949923
3.92673996	-78.47138658
3.93406597	-76.78991228
3.94139198	-80.75569969
3.94871798	-88.53484625
3.95604399	-98.64544459
3.96337000	-90.25304014
3.97069601	-81.38938790
3.97802201	-83.67638162
3.98534802	-84.24546873
3.99267403	-78.78530401
4.00000004	-84.94013664
4.00732604	-84.34507376
4.01465205	-86.08334522
4.02197806	-78.25862615
4.02930407	-84.79817040
4.03663007	-83.79505699
4.04395608	-84.12055665
4.05128209	-85.95222406
4.05860809	-80.39043444
4.06593410	-87.11318098
4.07326011	-82.60062785
4.08058612	-83.25046010
4.08791212	-87.36380832
4.09523813	-92.27922719
4.10256414	-93.24563763
4.10989015	-81.85361350
4.11721615	-79.66656552
4.12454216	-86.53090870
4.13186817	-79.69881256
4.13919418	-81.98716750
4.14652018	-85.21651784
4.15384619	-78.35503884
4.16117220	-81.94373078
4.16849821	-84.02701635
4.17582421	-82.89963514
4.18315022	-91.10176870
4.19047623	-84.48239195
4.19780224	-79.65852843
4.20512824	-87.73872085
4.21245425	-84.50492703
4.21978026	-81.81241249
4.22710626	-80.61314257
4.23443227	-79.40022913
4.24175828	-80.18891438
4.24908429	-77.56713684
4.25641029	-78.27510834
4.26373630	-82.05359052
4.27106231	-89.46690788
4.27838832	-86.70625706
4.28571432	-78.93634436
4.29304033	-75.06988548
4.30036634	-76.64520248
4.30769235	-80.73312327
4.31501835	-87.20005203
4.32234436	-95.48580052
4.32967037	-85.49666221
4.33699638	-80.99279690
4.34432238	-79.12548069
4.35164839	-82.03200155
4.35897440	-88.98271706
4.36630041	-80.57072471
4.37362641	-81.81061429
4.38095242	-95.42005281
4.38827843	-82.22986641
4.39560443	-81.90774024
4.40293044	-86.26905732
4.41025645	-85.53330571
4.41758246	-86.08060888
4.42490846	-84.78967273
4.43223447	-84.68099525
4.43956048	-75.96393560
4.44688649	-78.22499112
4.45421249	-81.66343012
4.46153850	-82.48422167
4.46886451	-81.79112206
4.47619052	-85.30699157
4.48351652	-85.37090139
4.49084253	-79.70521337
4.49816854	-81.46258415
4.50549455	-83.01122183
4.51282055	-81.08696066
4.52014656	-86.63362204
4.52747257	-90.89538157
4.53479858	-87.24904450
4.54212458	-81.90609612
4.54945059	-84.97636742
4.55677660	-76.65408691
4.56410260	-74.19320700
4.57142861	-79.19035708
4.57875462	-80.13447435
4.58608063	-84.19399595
4.59340663	-83.22600027
4.60073264	-81.75070893
4.60805865	-80.54285428
4.61538466	-78.36565639
4.62271066	-81.93694707
4.63003667	-83.10227580
4.63736268	-80.69910301
4.64468869	-83.16040077
4.65201469	-86.60178876
4.65934070	-83.00870922
4.66666671	-79.35570796
4.67399272	-84.39184989
4.68131872	-88.88777980
4.68864473	-87.33958123
4.69597074	-87.60764315
4.70329675	-82.02585228
4.71062275	-86.36826967
4.71794876	-82.55654209
4.72527477	-80.77908457
4.73260077	-90.10082209
4.73992678	-86.39399966
4.74725279	-90.40818591
4.75457880	-80.58800104
4.76190480	-87.71297229
4.76923081	-82.77392666
4.77655682	-82.79115911
4.78388283	-85.37789094
4.79120883	-81.60581903
4.79853484	-86.97821418
4.80586085	-97.94103278
4.81318686	-92.26573883
4.82051286	-87.33875666
4.82783887	-80.45340232
4.83516488	-78.71341447
4.84249089	-92.76941919
4.84981689	-81.50463213
4.85714290	-84.31015356
4.86446891	-81.66005397
4.87179492	-78.33777127
4.87912092	-81.30134016
4.88644693	-89.67407861
4.89377294	-81.16503471
4.90109894	-81.37303804
4.90842495	-89.05483626
4.91575096	-83.88909975
4.92307697	-80.86932187
4.93040297	-83.69118292
4.93772898	-89.87233653
4.94505499	-88.36209640
4.95238100	-88.41473388
4.95970700	-87.17895846
4.96703301	-83.47544966
4.97435902	-94.33616788
4.98168503	-84.54050688
4.98901103	-94.72858140
4.99633704	-80.31746360
5.00366305	-76.91443955
5.01098906	-79.12901504
5.01831506	-85.31680818
5.02564107	-111.83920895
5.03296708	-88.88139858
5.04029309	-82.58737942
5.04761909	-78.84126902
5.05494510	-79.91714868
5.06227111	-81.95550791
5.06959711	-81.46116438
5.07692312	-84.32275316
5.08424913	-91.36478564
5.09157514	-94.27301092
5.09890114	-88.95632375
5.10622715	-86.70932935
5.11355316	-90.39569350
5.12087917	-92.03597243
5.12820517	-91.28976054
5.13553118	-86.70866514
5.14285719	-81.17196267
5.15018320	-79.90771732
5.15750920	-85.02700658
5.16483521	-86.00381298
5.17216122	-88.10653275
5.17948723	-96.61456728
5.18681323	-87.24875520
5.19413924	-86.35833640
5.20146525	-83.41248223
5.20879126	-80.11636352
5.21611726	-81.02862619
5.22344327	-85.62507633
5.23076928	-98.78923441
5.23809528	-83.69102777
5.24542129	-87.00451852
5.25274730	-84.24925269
5.26007331	-77.57559458
5.26739931	-79.71574172
5.27472532	-82.21184904
5.28205133	-79.88906870
5.28937734	-78.23683115
5.29670334	-78.78398341
5.30402935	-76.79134601
5.31135536	-73.82514270
5.31868137	-77.35431503
5.32600737	-81.27597513
5.33333338	-77.98338280
5.34065939	-79.11702723
5.34798540	-83.34449759
5.35531140	-78.45649269
5.36263741	-74.74412762
5.36996342	-73.86955466
5.37728943	-75.08597572
5.38461543	-80.89731842
5.39194144	-81.35837520
5.39926745	-82.21492397
5.40659345	-90.47004344
5.41391946	-89.95887086
5.42124547	-89.09797757
5.42857148	-81.57734780
5.43589748	-74.56325797
5.44322349	-78.36795883
5.45054950	-89.29542139
5.45787551	-80.86485816
5.46520151	-87.45763164
5.47252752	-79.10308609
5.47985353	-79.05863799
5.48717954	-93.27255741
5.49450554	-80.40663794
5.50183155	-83.33683545
5.50915756	-81.51433952
5.51648357	-88.74145618
5.52380957	-84.05549864
5.53113558	-83.66227957
5.53846159	-83.29184291
5.54578760	-84.16064705
5.55311360	-86.65348543
5.56043961	-84.54133432
5.56776562	-80.51316252
5.57509162	-82.54576234
5.58241763	-89.42115027
5.58974364	-89.77294847
5.59706965	-82.35119435
5.60439565	-82.98762733
5.61172166	-91.74460630
5.61904767	-81.03263681
5.62637368	-78.22271812
5.63369968	-86.98811156
5.64102569	-89.96550608
5.64835170	-90.63174590
5.65567771	-81.06251590
5.66300371	-84.37344308
5.67032972	-87.96705072
5.67765573	-90.56815462
5.68498174	-84.80445065
5.69230774	-82.73538760
5.69963375	-89.55894743
5.70695976	-89.13652681
5.71428577	-88.61944838
5.72161177	-85.10309805
5.72893778	-85.63772256
5.73626379	-84.01543438
5.74358979	-83.75190314
5.75091580	-85.29659772
5.75824181	-88.61508501
5.76556782	-87.69030607
5.77289382	-80.96579871
5.78021983	-81.21513527
5.78754584	-85.87527929
5.79487185	-83.43825489
5.80219785	-84.91831032
5.80952386	-88.65041778
5.81684987	-85.06498727
5.82417588	-83.19316179
5.83150188	-93.51420345
5.83882789	-111.69288886
5.84615390	-84.99416134
5.85347991	-81.83362494
5.86080591	-88.56273993
5.86813192	-79.46751355
5.87545793	-82.50181720
5.88278394	-91.58444114
5.89010994	-87.85664355
5.89743595	-80.50698489
5.90476196	-75.90846788
5.91208796	-77.94352301
5.91941397	-86.89232654
5.92673998	-82.21366500
5.93406599	-88.04289775
5.94139199	-83.26406355
5.94871800	-80.50073604
5.95604401	-89.65884110
5.96337002	-79.32592550
5.97069602	-77.91726779
5.97802203	-79.91423683
5.98534804	-86.16215056
5.99267405	-83.40630621
6.00000005	-78.16100851
6.00732606	-85.26032342
6.01465207	-86.22712838
6.02197808	-84.39739295
6.02930408	-82.51153284
6.03663009	-84.25163626
6.04395610	-76.87789875
6.05128211	-79.02196804
6.05860811	-86.58011968
6.06593412	-78.87044348
6.07326013	-88.29101433
6.08058613	-86.21101376
6.08791214	-83.89842462
6.09523815	-85.99770223
6.10256416	-83.25877718
6.10989016	-89.08774682
6.11721617	-82.56797981
6.12454218	-77.59672982
6.13186819	-78.11480620
6.13919419	-80.86624122
6.14652020	-81.13164349
6.15384621	-91.42485819
6.16117222	-83.16821159
6.16849822	-85.32638310
6.17582423	-86.88817103
6.18315024	-85.82176385
6.19047625	-75.14956116
6.19780225	-74.15180987
6.20512826	-83.37820543
6.21245427	-74.84315647
6.21978028	-75.40766100
6.22710628	-85.52396764
6.23443229	-89.89422838
6.24175830	-90.49685017
6.24908430	-84.90986826
6.25641031	-91.64507227
6.26373632	-87.79600426
6.27106233	-93.70692702
6.27838833	-83.43589455
6.28571434	-83.02319163
6.29304035	-82.27779197
6.30036636	-78.43569732
6.30769236	-85.52992794
6.31501837	-80.03132492
6.32234438	-81.68489561
6.32967039	-82.30115951
6.33699639	-81.70338213
6.34432240	-87.17996195
6.35164841	-92.19505401
6.35897442	-92.35011480
6.36630042	-85.91290634
6.37362643	-84.19500459
6.38095244	-88.58938989
6.38827845	-79.36209367
6.39560445	-80.77828414
6.40293046	-81.09688719
6.41025647	-84.65856223
6.41758247	-79.40936010
6.42490848	-77.70524160
6.43223449	-91.30535655
6.43956050	-83.84526261
6.44688650	-86.70821963
6.45421251	-81.39790449
6.46153852	-86.73049293
6.46886453	-79.26100076
6.47619053	-82.13193421
6.48351654	-86.89065998
6.49084255	-86.51900055
6.49816856	-79.93957929
6.50549456	-76.10987531
6.51282057	-87.25066679
6.52014658	-81.43550806
6.52747259	-80.57243216
6.53479859	-82.66021289
6.54212460	-83.18466720
6.54945061	-82.75403392
6.55677662	-80.10915824
6.56410262	-79.50510120
6.57142863	-80.58383843
6.57875464	-80.28037021
6.58608064	-79.24690136
6.59340665	-83.30199304
6.60073266	-87.66675788
6.60805867	-84.71093840
6.61538467	-92.26682139
6.62271068	-81.18642234
6.63003669	-84.26702043
6.63736270	-85.01078490
6.64468870	-91.21370363
6.65201471	-83.74935760
6.65934072	-82.86866342
6.66666673	-87.29170559
6.67399273	-81.22117470
6.68131874	-87.84133810
6.68864475	-82.18080042
6.69597076	-79.22848032
6.70329676	-80.10813247
6.71062277	-82.45668475
6.71794878	-81.94119122
6.72527479	-84.46717155
6.73260079	-83.47141883
6.73992680	-85.48733553
6.74725281	-87.80432498
6.75457881	-81.63050669
6.76190482	-81.89331529
6.76923083	-81.66877259
6.77655684	-87.57908020
6.78388284	-85.78276184
6.79120885	-80.17869628
6.79853486	-79.00297477
6.80586087	-83.95235042
6.81318687	-86.00048649
6.82051288	-88.71597721
6.82783889	-97.79781991
6.83516490	-82.27481577
6.84249090	-77.62329299
6.84981691	-79.06501498
6.85714292	-85.73697075
6.86446893	-87.89456801
6.87179493	-89.28955306
6.87912094	-82.76293642
6.88644695	-78.89798594
6.89377296	-81.69479073
6.90109896	-86.55817735
6.90842497	-79.96920105
6.91575098	-78.48160349
6.92307698	-84.62856971
6.93040299	-86.06935553
6.93772900	-85.03821717
6.94505501	-86.31002538
6.95238101	-86.72007778
6.95970702	-84.24288027
6.96703303	-84.37455973
6.97435904	-81.70647772
6.98168504	-76.07682707
6.98901105	-79.83523962
6.99633706	-84.59058972
7.00366307	-77.93732825
7.01098907	-83.88772721
7.01831508	-82.59210986
7.02564109	-84.69467403
7.03296710	-83.60192247
7.04029310	-92.41653182
7.04761911	-87.38828009
7.05494512	-85.07370029
7.06227113	-82.67028169
7.06959713	-90.17659839
7.07692314	-84.36071551
7.08424915	-81.90653467
7.09157516	-86.06310331
7.09890116	-93.50026054
7.10622717	-91.74672554
7.11355318	-83.91441405
7.12087918	-87.03444136
7.12820519	-95.67048071
7.13553120	-99.07832295
7.14285721	-85.16877160
7.15018321	-87.20567666
7.15750922	-88.22846054
7.16483523	-87.61518230
7.17216124	-81.78427653
7.17948724	-79.68402787
7.18681325	-97.63878121
7.19413926	-84.85764486
7.20146527	-97.50424530
7.20879127	-89.22178703
7.21611728	-97.48227182
7.22344329	-88.17492211
7.23076930	-86.77394504
7.23809530	-80.69011119
7.24542131	-83.33048508
7.25274732	-89.48380393
7.26007333	-85.19558586
7.26739933	-90.51018839
7.27472534	-92.53949691
7.28205135	-80.28276124
7.28937735	-75.52096393
7.29670336	-76.19259393
7.30402937	-84.39945803
7.31135538	-86.92364440
7.31868138	-84.88209127
7.32600739	-83.73163641
7.33333340	-89.34601584
7.34065941	-78.10747197
7.34798541	-76.68924298
7.35531142	-78.91878277
7.36263743	-76.44019758
7.36996344	-78.36179094
7.37728944	-87.76197137
7.38461545	-81.90972095
7.39194146	-87.13522450
7.39926747	-88.88230689
7.40659347	-86.99742220
7.41391948	-85.14492773
7.42124549	-98.76943360
7.42857150	-87.97499480
7.43589750	-96.41859849
7.44322351	-82.59249981
7.45054952	-81.68497341
7.45787552	-95.34461927
7.46520153	-79.69392866
7.47252754	-76.80783608
7.47985355	-85.78431538
7.48717955	-83.19563577
7.49450556	-81.73289984
7.50183157	-89.08518441
7.50915758	-88.31199624
7.51648358	-87.53546455
7.52380959	-87.59235808
7.53113560	-78.25341324
7.53846161	-76.94749746
7.54578761	-79.66725097
7.55311362	-85.56595187
7.56043963	-89.57039036
7.56776564	-82.02848378
7.57509164	-82.40556857
7.58241765	-93.03846843
7.58974366	-84.48897378
7.59706967	-83.85633757
7.60439567	-81.77152559
7.61172168	-87.72556074
7.61904769	-87.96470723
7.62637369	-84.28936511
7.63369970	-80.50346259
7.64102571	-82.65933112
7.64835172	-88.24454375
7.65567772	-79.86429527
7.66300373	-84.30351158
7.67032974	-88.38467546
7.67765575	-82.12354057
7.68498175	-83.25748048
7.69230776	-86.25012192
7.69963377	-78.59675971
7.70695978	-80.03150094
7.71428578	-77.20063198
7.72161179	-76.10016788
7.72893780	-76.98709523
7.73626381	-82.75682446
7.74358981	-104.23016096
7.75091582	-81.67837460
7.75824183	-76.17628027
7.76556784	-79.48689719
7.77289384	-88.53477546
7.78021985	-84.56406856
7.78754586	-78.21908443
7.79487186	-79.40612912
7.80219787	-95.07360622
7.80952388	-80.35400927
7.81684989	-88.66969092
7.82417589	-82.92923355
7.83150190	-81.37253547
7.83882791	-93.38731143
7.84615392	-84.09610426
7.85347992	-87.34483463
7.86080593	-87.64314893
7.86813194	-81.50589743
7.87545795	-81.43266538
7.88278395	-85.00919158
7.89010996	-80.84314375
7.89743597	-86.53344088
7.90476198	-80.80360254
7.91208798	-75.70024623
7.91941399	-81.85091830
7.92674000	-89.58525678
7.93406601	-83.91682655
7.94139201	-78.28063059
7.94871802	-79.86293595
7.95604403	-83.35444696
7.96337003	-80.04731384
7.97069604	-80.31344235
7.97802205	-80.65377601
7.98534806	-79.32502344
7.99267406	-91.25848515
8.00000007	-80.27030284
8.00732608	-79.19543747
8.01465209	-86.78358376
8.02197809	-95.20076747
8.02930410	-84.57911297
8.03663011	-85.52934581
8.04395612	-81.87734018
8.05128212	-90.67434523
8.05860813	-78.05793429
8.06593414	-75.66348491
8.07326015	-81.60596594
8.08058615	-83.41872921
8.08791216	-85.14106847
8.09523817	-88.60529736
8.10256418	-87.13567404
8.10989018	-82.43956386
8.11721619	-79.61265636
8.12454220	-82.28018580
8.13186820	-87.23881779
8.13919421	-79.49915019
8.14652022	-80.09869611
8.15384623	-87.38444798
8.16117223	-78.51969513
8.16849824	-86.25899429
8.17582425	-80.31845259
8.18315026	-77.95912932
8.19047626	-87.29129687
8.19780227	-83.32733341
8.20512828	-80.64281841
8.21245429	-95.62709073
8.21978029	-83.71408642
8.22710630	-85.05450739
8.23443231	-103.91172141
8.24175832	-84.50897187
8.24908432	-80.78150918
8.25641033	-84.82634076
8.26373634	-81.45693140
8.27106235	-78.15771097
8.27838835	-79.88274227
8.28571436	-86.01281840
8.29304037	-85.38518609
8.30036637	-83.50222195
8.30769238	-102.83676072
8.31501839	-81.04583203
8.32234440	-77.57702403
8.32967040	-80.85344697
8.33699641	-88.47886683
8.34432242	-85.68563765
8.35164843	-86.23690725
8.35897443	-84.74597919
8.36630044	-83.41702657
8.37362645	-82.18153171
8.38095246	-84.01234057
8.38827846	-86.40004210
8.39560447	-78.12869624
8.40293048	-77.42127295
8.41025649	-81.01170439
8.41758249	-84.62545488
8.42490850	-83.66036416
8.43223451	-83.21533253
8.43956052	-85.60333263
8.44688652	-85.54512385
8.45421253	-82.49070885
8.46153854	-80.43580949
8.46886454	-85.86164273
8.47619055	-84.69780744
8.48351656	-77.54256014
8.49084257	-80.27177904
8.49816857	-108.98969220
8.50549458	-92.44678455
8.51282059	-84.29219304
8.52014660	-78.03153043
8.52747260	-81.84296102
8.53479861	-88.93109920
8.54212462	-86.64658006
8.54945063	-98.60303979
8.55677663	-96.19561637
8.56410264	-87.83990700
8.57142865	-84.28278517
8.57875466	-81.67240086
8.58608066	-84.88141985
8.59340667	-86.19163594
8.60073268	-83.73064177
8.60805869	-83.06094942
8.61538469	-83.72173813
8.62271070	-83.75737771
8.63003671	-96.98661986
8.63736271	-92.93600326
8.64468872	-87.22360381
8.65201473	-81.64719253
8.65934074	-83.11358356
8.66666674	-86.70034936
8.67399275	-87.91236780
8.68131876	-89.36963349
8.68864477	-81.18612078
8.69597077	-80.77752677
8.70329678	-88.10735425
8.71062279	-90.71024167
8.71794880	-91.78722694
8.72527480	-87.31468590
8.73260081	-89.52163529
8.73992682	-86.11810062
8.74725283	-84.99809541
8.75457883	-81.72454903
8.76190484	-80.24086697
8.76923085	-85.69891630
8.77655686	-89.66627781
8.78388286	-79.66748199
8.79120887	-81.95402244
8.79853488	-93.81176905
8.80586088	-92.30311361
8.81318689	-85.93220393
8.82051290	-92.47723325
8.82783891	-80.20391068
8.83516491	-86.88090822
8.84249092	-81.06416717
8.84981693	-87.28963751
8.85714294	-77.65365092
8.86446894	-76.49233348
8.87179495	-78.13116340
8.87912096	-81.02497898
8.88644697	-82.77015004
8.89377297	-84.72836581
8.90109898	-91.66463267
8.90842499	-89.12767982
8.91575100	-81.44905717
8.92307700	-84.61979374
8.93040301	-82.62892602
8.93772902	-82.25203302
8.94505503	-93.35284300
8.95238103	-83.10036869
8.95970704	-85.79663853
8.96703305	-91.30535293
8.97435905	-82.37587071
8.98168506	-84.21268325
8.98901107	-90.12573732
8.99633708	-93.21907395
9.00366308	-87.05800640
9.01098909	-83.33091466
9.01831510	-81.90764079
9.02564111	-80.95363076
9.03296711	-82.89450382
9.04029312	-91.14319764
9.04761913	-88.24455258
9.05494514	-82.31604967
9.06227114	-84.66296032
9.06959715	-86.55989421
9.07692316	-95.73195532
9.08424917	-79.20916912
9.09157517	-79.32916036
9.09890118	-88.38173228
9.10622719	-82.75699625
9.11355320	-82.82430949
9.12087920	-79.03857066
9.12820521	-82.92922075
9.13553122	-97.40393854
9.14285722	-89.00026046
9.15018323	-84.34311768
9.15750924	-82.97786206
9.16483525	-88.48307025
9.17216125	-88.05790675
9.17948726	-83.13578258
9.18681327	-86.91670805
9.19413928	-106.88532743
9.20146528	-87.90429128
9.20879129	-83.95905589
9.21611730	-97.56194191
9.22344331	-80.92384618
9.23076931	-80.55873711
9.23809532	-95.47594355
9.24542133	-80.68916187
9.25274734	-82.08967856
9.26007334	-86.67665975
9.26739935	-84.92912522
9.27472536	-84.41739955
9.28205137	-84.06415696
9.28937737	-80.00953109
9.29670338	-90.39091341
9.30402939	-81.09036787
9.31135539	-79.21888909
9.31868140	-88.24590757
9.32600741	-90.82065032
9.33333342	-85.69497837
9.34065942	-81.25143611
9.34798543	-81.00140824
9.35531144	-89.90815580
9.36263745	-80.56607953
9.36996345	-77.28135322
9.37728946	-80.25577157
9.38461547	-88.85977538
9.39194148	-82.62678642
9.39926748	-83.07528371
9.40659349	-83.22891029
9.41391950	-88.03976267
9.42124551	-85.85169144
9.42857151	-81.37055380
9.43589752	-89.10997367
9.44322353	-80.14939851
9.45054954	-82.37324462
9.45787554	-79.28499787
9.46520155	-78.16886326
9.47252756	-86.86586833
9.47985356	-83.59734333
9.48717957	-87.99169187
9.49450558	-84.42643937
9.50183159	-84.43613454
9.50915759	-88.98702182
9.51648360	-85.67108294
9.52380961	-95.16477181
9.53113562	-86.85518667
9.53846162	-82.99262257
9.54578763	-86.21141386
9.55311364	-82.04937489
9.56043965	-78.42463593
9.56776565	-83.36998752
9.57509166	-86.72285397
9.58241767	-80.02641026
9.58974368	-84.93637479
9.59706968	-85.82073772
9.60439569	-98.85886456
9.61172170	-82.69039892
9.61904771	-82.19965717
9.62637371	-91.47743050
9.63369972	-87.53658118
9.64102573	-90.89015209
9.64835173	-90.87581051
9.65567774	-86.93980169
9.66300375	-86.73883025
9.67032976	-87.56859878
9.67765576	-84.70007507
9.68498177	-84.36245861
9.69230778	-81.91964758
9.69963379	-79.77972084
9.70695979	-80.58184363
9.71428580	-82.23598234
9.72161181	-82.59473994
9.72893782	-79.85638426
9.73626382	-80.93956625
9.74358983	-89.02857434
9.75091584	-90.49613312
9.75824185	-80.73410003
9.76556785	-82.66364162
9.77289386	-94.06268026
9.78021987	-90.17552305
9.78754588	-86.31721981
9.79487188	-81.30685714
9.80219789	-81.15167430
9.80952390	-77.43146828
9.81684990	-77.76176550
9.82417591	-78.01140428
9.83150192	-79.09251130
9.83882793	-82.62887105
9.84615393	-88.62098113
9.85347994	-88.16295533
9.86080595	-82.91868569
9.86813196	-84.23908396
9.87545796	-95.16806223
9.88278397	-96.39658430
9.89010998	-100.37806826
9.89743599	-90.39752753
9.90476199	-82.42934023
9.91208800	-76.07694944
9.91941401	-76.11518616
9.92674002	-83.80467753
9.93406602	-97.09041464
9.94139203	-83.14996179
9.94871804	-78.74720541
9.95604405	-82.25442921
9.96337005	-101.53958187
9.97069606	-94.56852703
9.97802207	-83.65900234
9.98534807	-90.46100310
9.99267408	-80.43487316
10.00000009	-77.12809999
10.00732610	-84.89572859
10.01465210	-92.87251334
10.02197811	-89.30130858
10.02930412	-78.53367060
10.03663013	-81.94065053
10.04395613	-84.39159046
10.05128214	-79.23396603
10.05860815	-88.44625061
10.06593416	-82.20680945
10.07326016	-84.59270484
10.08058617	-104.82112301
10.08791218	-92.64892698
10.09523819	-86.74632113
10.10256419	-93.24275361
10.10989020	-89.06270490
10.11721621	-93.19844414
10.12454222	-87.24937303
10.13186822	-90.22516389
10.13919423	-94.12483113
10.14652024	-89.47452362
10.15384624	-83.82918623
10.16117225	-83.67309778
10.16849826	-81.94471980
10.17582427	-84.34301835
10.18315027	-90.04128896
10.19047628	-92.83327750
10.19780229	-82.42024903
10.20512830	-78.85910104
10.21245430	-80.90450483
10.21978031	-79.52118277
10.22710632	-79.52903823
10.23443233	-80.12085713
10.24175833	-99.81219666
10.24908434	-79.72349083
10.25641035	-77.06078475
10.26373636	-80.74518095
10.27106236	-91.89385524
10.27838837	-82.57340593
10.28571438	-90.33085936
10.29304039	-80.35115675
10.30036639	-86.33330295
10.30769240	-83.83854239
10.31501841	-80.25162335
10.32234441	-81.69995867
10.32967042	-79.94327884
10.33699643	-82.20070856
10.34432244	-89.98094991
10.35164844	-92.82270448
10.35897445	-87.25868788
10.36630046	-83.94737769
10.37362647	-81.90576345
10.38095247	-84.07000463
10.38827848	-107.67386712
10.39560449	-85.51721200
10.40293050	-86.82915394
10.41025650	-83.06054762
10.41758251	-82.53650957
10.42490852	-86.22461719
10.43223453	-87.96073370
10.43956053	-86.15762871
10.44688654	-85.04533366
10.45421255	-93.86497311
10.46153856	-80.37735034
10.46886456	-82.03730545
10.47619057	-91.36096577
10.48351658	-81.59506177
10.49084258	-77.66409692
10.49816859	-77.14566871
10.50549460	-79.34844616
10.51282061	-82.78608228
10.52014661	-80.76805368
10.52747262	-79.58008666
10.53479863	-85.55583314
10.54212464	-89.71614380
10.54945064	-81.38081130
10.55677665	-80.13296310
10.56410266	-82.57744730
10.57142867	-87.78353000
10.57875467	-86.11816670
10.58608068	-81.68550882
10.59340669	-83.90980161
10.60073270	-99.83272366
10.60805870	-86.20868979
10.61538471	-84.50579957
10.62271072	-88.49826659
10.63003673	-95.46521576
10.63736273	-92.23996041
10.64468874	-85.38708731
10.65201475	-81.98974282
10.65934075	-79.42317520
10.66666676	-82.43506091
10.67399277	-84.78317176
10.68131878	-92.35106639
10.68864478	-84.93880453
10.69597079	-85.04409986
10.70329680	-87.30558265
10.71062281	-86.72818502
10.71794881	-94.96778868
10.72527482	-85.14455469
10.73260083	-80.16836609
10.73992684	-79.17222991
10.74725284	-80.44121583
10.75457885	-83.77359383
10.76190486	-83.21749763
10.76923087	-84.74549108
10.77655687	-86.10272519
10.78388288	-79.28510254
10.79120889	-88.15805980
10.79853490	-84.59899517
10.80586090	-84.08373849
10.81318691	-89.72046976
10.82051292	-82.27487814
10.82783892	-83.33004547
10.83516493	-83.85660589
10.84249094	-78.46420508
10.84981695	-81.21863549
10.85714295	-84.96415863
10.86446896	-83.11457088
10.87179497	-85.99084940
10.87912098	-83.69911880
10.88644698	-78.62630140
10.89377299	-78.45328448
10.90109900	-83.15738990
10.90842501	-91.32857721
10.91575101	-86.24096763
10.92307702	-85.47940630
10.93040303	-82.50713942
10.93772904	-81.72447090
10.94505504	-77.21339982
10.95238105	-82.97578874
10.95970706	-83.55333837
10.96703307	-78.89456503
10.97435907	-88.25151150
10.98168508	-81.62306307
10.98901109	-80.66528007
10.99633709	-81.13412721
11.00366310	-84.94505457
11.01098911	-90.33389028
11.01831512	-90.75054828
11.02564112	-84.36664530
11.03296713	-80.67770154
11.04029314	-84.26260156
11.04761915	-92.93677398
11.05494515	-88.41888864
11.06227116	-82.48296995
11.06959717	-83.95905590
11.07692318	-94.29460310
11.08424918	-86.63287095
11.09157519	-85.62578477
11.09890120	-87.45907741
11.10622721	-82.83306391
11.11355321	-81.99622050
11.12087922	-86.15106676
11.12820523	-89.40189030
11.13553124	-82.22666705
11.14285724	-80.28139678
11.15018325	-82.33968145
11.15750926	-87.87675738
11.16483526	-93.34327010
11.17216127	-82.00208635
11.17948728	-80.41746762
11.18681329	-88.29674493
11.19413929	-80.42081649
11.20146530	-81.14138777
11.20879131	-88.38074097
11.21611732	-78.74415645
11.22344332	-80.49186351
11.23076933	-84.83345582
11.23809534	-99.09070915
11.24542135	-86.38669101
11.25274735	-83.96685305
11.26007336	-87.85370566
11.26739937	-83.37606494
11.27472538	-80.33855898
11.28205138	-83.04514590
11.28937739	-85.20995963
11.29670340	-97.21215372
11.30402941	-81.91236200
11.31135541	-78.03931819
11.31868142	-82.89473076
11.32600743	-96.79799411
11.33333343	-88.65065051
11.34065944	-86.28249683
11.34798545	-84.56143269
11.35531146	-87.26195857
11.36263746	-80.86381352
11.36996347	-83.40362546
11.37728948	-86.72706385
11.38461549	-83.69970573
11.39194149	-82.06297197
11.39926750	-79.55273814
11.40659351	-77.57819051
11.41391952	-77.62891255
11.42124552	-80.08843043
11.42857153	-79.55594088
11.43589754	-81.86596589
11.44322355	-85.77344452
11.45054955	-82.60663122
11.45787556	-87.78062417
11.46520157	-88.78001822
11.47252758	-101.28587062
11.47985358	-92.11022999
11.48717959	-83.97681665
11.49450560	-80.67161152
11.50183160	-84.84267471
11.50915761	-86.73776893
11.51648362	-85.92154515
11.52380963	-103.73088306
11.53113563	-88.26279120
11.53846164	-86.53207060
11.54578765	-84.57805281
11.55311366	-86.73211791
11.56043966	-85.33333051
11.56776567	-83.52282359
11.57509168	-89.68111214
11.58241769	-89.05658404
11.58974369	-89.38888705
11.59706970	-87.06306359
11.60439571	-83.24452231
11.61172172	-90.35529875
11.61904772	-76.93936377
11.62637373	-77.67714241
11.63369974	-92.81628636
11.64102575	-78.54410852
11.64835175	-78.86918908
11.65567776	-85.60882153
11.66300377	-89.58944431
11.67032977	-84.88336818
11.67765578	-81.03133719
11.68498179	-86.16609839
11.69230780	-90.00017624
11.69963380	-93.25318724
11.70695981	-81.79787817
11.71428582	-85.00958784
11.72161183	-85.73529229
11.72893783	-80.37197746
11.73626384	-93.27040550
11.74358985	-82.06004026
11.75091586	-87.88528000
11.75824186	-81.59566267
11.76556787	-79.26461417
11.77289388	-101.43203472
11.78021989	-82.20623658
11.78754589	-85.44439125
11.79487190	-86.19904670
11.80219791	-88.68408773
11.80952392	-89.23331803
11.81684992	-80.98367990
11.82417593	-85.15039609
11.83150194	-83.28569629
11.83882794	-79.84975137
11.84615395	-88.03705686
11.85347996	-92.26689458
11.86080597	-86.59554185
11.86813197	-88.77758657
11.87545798	-85.68320755
11.88278399	-79.67204974
11.89011000	-81.20712968
11.89743600	-88.67098153
11.90476201	-86.23298156
11.91208802	-85.51352267
11.91941403	-96.57853531
11.92674003	-94.07349358
11.93406604	-87.26681259
11.94139205	-95.20378521
11.94871806	-79.55233461
11.95604406	-75.15508591
11.96337007	-80.77925459
11.97069608	-89.00540580
11.97802209	-85.11575151
11.98534809	-92.56040479
11.99267410	-82.94220563
12.00000011	-80.32694684
12.00732611	-81.06967976
12.01465212	-84.17907161
12.02197813	-86.02356788
12.02930414	-86.04697094
12.03663014	-89.34657020
12.04395615	-92.07120012
12.05128216	-88.94278343
12.05860817	-88.39030996
12.06593417	-86.02102333
12.07326018	-85.60284518
12.08058619	-85.20068534
12.08791220	-83.70482417
12.09523820	-86.29155070
12.10256421	-97.37334485
12.10989022	-85.28974014
12.11721623	-87.65941346
12.12454223	-83.23091742
12.13186824	-85.71376265
12.13919425	-92.65715822
12.14652026	-87.76143194
12.15384626	-82.74724704
12.16117227	-81.43130352
12.16849828	-87.59276428
12.17582428	-95.68273266
12.18315029	-93.19880733
12.19047630	-86.67860134
12.19780231	-82.01029611
12.20512831	-81.17297568
12.21245432	-83.95750510
12.21978033	-97.46960871
12.22710634	-84.61498708
12.23443234	-83.70273653
12.24175835	-83.84123740
12.24908436	-94.72882173
12.25641037	-86.93468178
12.26373637	-83.53083471
12.27106238	-86.71408441
12.27838839	-96.49757917
12.28571440	-81.12647705
12.29304040	-78.99488130
12.30036641	-83.18527565
12.30769242	-80.33428294
12.31501843	-84.13535819
12.32234443	-89.90380135
12.32967044	-88.47269914
12.33699645	-84.14033086
12.34432245	-79.67894372
12.35164846	-84.58455334
12.35897447	-92.40875943
12.36630048	-88.83887856
12.37362648	-91.42799544
12.38095249	-87.82542989
12.38827850	-88.46107642
12.39560451	-82.26516474
12.40293051	-90.46314282
12.41025652	-84.17503852
12.41758253	-83.53595493
12.42490854	-84.87810813
12.43223454	-87.71691084
12.43956055	-89.16922562
12.44688656	-80.48996151
12.45421257	-81.08274874
12.46153857	-100.18891058
12.46886458	-84.42635462
12.47619059	-86.87175089
12.48351660	-84.94517311
12.49084260	-84.92379203
12.49816861	-92.75544039
12.50549462	-102.84340130
12.51282062	-87.50945997
12.52014663	-82.71739430
12.52747264	-82.04184871
12.53479865	-87.67616151
12.54212465	-89.33514982
12.54945066	-93.61590173
12.55677667	-84.11139757
12.56410268	-85.05622236
12.57142868	-86.33410607
12.57875469	-100.38071521
12.58608070	-79.43671724
12.59340671	-77.74906475
12.60073271	-85.39032447
12.60805872	-89.31040305
12.61538473	-88.00201852
12.62271074	-85.16591252
12.63003674	-89.26615265
12.63736275	-91.34892779
12.64468876	-86.19625385
12.65201477	-82.34391953
12.65934077	-87.33559845
12.66666678	-95.84597907
12.67399279	-92.09612315
12.68131879	-87.36569191
12.68864480	-80.67162726
12.69597081	-79.93776764
12.70329682	-80.84252032
12.71062282	-87.70335653
12.71794883	-85.48587465
12.72527484	-81.43736522
12.73260085	-87.97982870
12.73992685	-84.73671683
12.74725286	-83.85508595
12.75457887	-88.25988475
12.76190488	-94.65486851
12.76923088	-87.49405751
12.77655689	-83.25408821
12.78388290	-81.66958180
12.79120891	-96.95308052
12.79853491	-81.33244374
12.80586092	-84.95627916
12.81318693	-88.52995242
12.82051294	-80.73377164
12.82783894	-83.49719604
12.83516495	-90.57935423
12.84249096	-83.13471618
12.84981696	-96.28326337
12.85714297	-82.84316310
12.86446898	-85.80787310
12.87179499	-94.35262422
12.87912099	-91.98282746
12.88644700	-81.23146461
12.89377301	-80.50196450
12.90109902	-87.17344623
12.90842502	-85.41675685
12.91575103	-79.93274692
12.92307704	-87.74476723
12.93040305	-80.21878156
12.93772905	-80.11325499
12.94505506	-84.98328006
12.95238107	-76.30890770
12.95970708	-82.58113221
12.96703308	-79.50980604
12.97435909	-78.10370810
12.98168510	-88.25311969
12.98901111	-87.76935215
12.99633711	-83.84886619
13.00366312	-80.11030478
13.01098913	-85.55158311
13.01831513	-80.94570991
13.02564114	-80.30663819
13.03296715	-90.89845315
13.04029316	-97.60575450
13.04761916	-93.64465462
13.05494517	-84.95735414
13.06227118	-85.05184505
13.06959719	-85.26627488
13.07692319	-79.99482110
13.08424920	-85.05837045
13.09157521	-87.33838554
13.09890122	-85.95905833
13.10622722	-88.45507997
13.11355323	-82.47447115
13.12087924	-83.39108696
13.12820525	-86.78421950
13.13553125	-87.98486272
13.14285726	-84.86542391
13.15018327	-85.08478188
13.15750928	-82.81024532
13.16483528	-82.08027758
13.17216129	-101.24893494
13.17948730	-84.55374234
13.18681330	-90.14856273
13.19413931	-87.27900469
13.20146532	-94.74717414
13.20879133	-81.26169025
13.21611733	-79.65394265
13.22344334	-79.28761373
13.23076935	-82.11529256
13.23809536	-90.59704149
13.24542136	-92.94542932
13.25274737	-83.68117548
13.26007338	-79.61564022
13.26739939	-85.68538011
13.27472539	-84.92652170
13.28205140	-81.25243492
13.28937741	-85.46393397
13.29670342	-91.84038844
13.30402942	-81.17237554
13.31135543	-80.67430033
13.31868144	-80.72442716
13.32600745	-79.48963765
13.33333345	-82.34369390
13.34065946	-78.88590004
13.34798547	-79.89802580
13.35531147	-85.60046331
13.36263748	-79.23935483
13.36996349	-89.64200018
13.37728950	-82.23004060
13.38461550	-82.68890260
13.39194151	-94.28882522
13.39926752	-82.95805947
13.40659353	-86.32315450
13.41391953	-89.84786745
13.42124554	-82.33106631
13.42857155	-88.24261528
13.43589756	-85.74222095
13.44322356	-81.11265356
13.45054957	-87.57182110
13.45787558	-86.93228714
13.46520159	-85.22030804
13.47252759	-92.24357841
13.47985360	-89.08111156
13.48717961	-85.44807897
13.49450562	-84.87330555
13.50183162	-93.43865843
13.50915763	-83.37740164
13.51648364	-79.02315587
13.52380964	-81.48250326
13.53113565	-82.54012954
13.53846166	-78.51968442
13.54578767	-82.28879080
13.55311367	-94.99100214
13.56043968	-85.17531718
13.56776569	-105.82795797
13.57509170	-84.26245935
13.58241770	-89.29769860
13.58974371	-85.84486912
13.59706972	-80.69058545
13.60439573	-81.90086176
13.61172173	-81.80128464
13.61904774	-82.06058857
13.62637375	-88.42033339
13.63369976	-77.70411476
13.64102576	-79.94515285
13.64835177	-85.94508442
13.65567778	-80.01936444
13.66300379	-99.93136064
13.67032979	-83.67226182
13.67765580	-85.02325725
13.68498181	-78.21270435
13.69230781	-94.22013410
13.69963382	-75.27101401
13.70695983	-77.66329907
13.71428584	-79.83944529
13.72161184	-78.22300989
13.72893785	-85.07880214
13.73626386	-82.06119716
13.74358987	-95.01650648
13.75091587	-85.15942662
13.75824188	-84.54235463
13.76556789	-88.87240314
13.77289390	-95.67898731
13.78021990	-87.88932395
13.78754591	-83.20313803
13.79487192	-86.85292473
13.80219793	-85.57701118
13.80952393	-85.83500339
13.81684994	-94.63438825
13.82417595	-95.90800628
13.83150196	-90.50970193
13.83882796	-89.38837431
13.84615397	-84.99991980
13.85347998	-83.48486416
13.86080598	-84.66223768
13.86813199	-90.84004277
13.87545800	-84.31563146
13.88278401	-81.80256110
13.89011001	-87.34327631
13.89743602	-84.39167743
13.90476203	-81.68107900
13.91208804	-96.62133882
13.91941404	-85.08817567
13.92674005	-85.44836185
13.93406606	-87.05738098
13.94139207	-83.96144891
13.94871807	-84.08858827
13.95604408	-89.17463316
13.96337009	-80.14644975
13.97069610	-81.44170852
13.97802210	-85.25987488
13.98534811	-85.72486050
13.99267412	-89.75082688
14.00000013	-95.83878220
14.00732613	-87.11960319
14.01465214	-95.98065503
14.02197815	-83.36179709
14.02930415	-81.87036339
14.03663016	-84.30041648
14.04395617	-78.25795100
14.05128218	-82.29210394
14.05860818	-84.02521849
14.06593419	-86.20495818
14.07326020	-82.86749409
14.08058621	-79.03995652
14.08791221	-92.20964070
14.09523822	-77.67750645
14.10256423	-79.36449208
14.10989024	-96.55861862
14.11721624	-84.95438645
14.12454225	-96.19806466
14.13186826	-87.40177031
14.13919427	-111.92151191
14.14652027	-92.30617246
14.15384628	-89.99985453
14.16117229	-85.38548502
14.16849830	-91.68520970
14.17582430	-89.25440915
14.18315031	-84.94567399
14.19047632	-80.80576266
14.19780232	-79.16558565
14.20512833	-82.47076105
14.21245434	-98.85621481
14.21978035	-83.15340658
14.22710635	-87.15937403
14.23443236	-88.12035834
14.24175837	-89.62033021
14.24908438	-97.37853606
14.25641038	-88.19813936
14.26373639	-85.05819867
14.27106240	-81.09898305
14.27838841	-78.85693979
14.28571441	-78.10885082
14.29304042	-80.69537036
14.30036643	-97.04960036
14.30769244	-79.25128259
14.31501844	-79.21814395
14.32234445	-86.27627982
14.32967046	-97.85450084
14.33699647	-93.71320598
14.34432247	-88.05951109
14.35164848	-87.67355814
14.35897449	-87.78588893
14.36630049	-78.98086465
14.37362650	-80.61949319
14.38095251	-90.08019102
14.38827852	-91.55615567
14.39560452	-96.21939465
14.40293053	-101.08189948
14.41025654	-87.16181437
14.41758255	-80.86013759
14.42490855	-82.02873815
14.43223456	-88.88573255
14.43956057	-83.87748936
14.44688658	-84.86225171
14.45421258	-85.69010168
14.46153859	-83.89783102
14.46886460	-80.60906731
14.47619061	-82.84772797
14.48351661	-80.80671859
14.49084262	-80.65670211
14.49816863	-81.03481108
14.50549464	-83.43309538
14.51282064	-83.11661769
14.52014665	-83.89952068
14.52747266	-85.76907606
14.53479866	-85.72678454
14.54212467	-81.94633746
14.54945068	-82.83857237
14.55677669	-84.11622802
14.56410269	-86.95448032
14.57142870	-89.13142632
14.57875471	-88.10957883
14.58608072	-79.37954574
14.59340672	-79.29355285
14.60073273	-79.87020604
14.60805874	-82.83893332
14.61538475	-87.68668009
14.62271075	-86.47652477
14.63003676	-97.28704986
14.63736277	-81.95132208
14.64468878	-79.88211502
14.65201478	-81.25876244
14.65934079	-81.44932219
14.66666680	-91.80016197
14.67399281	-94.24565039
14.68131881	-89.45715641
14.68864482	-81.20316138
14.69597083	-85.11503499
14.70329683	-91.18674955
14.71062284	-94.22450775
14.71794885	-85.38324690
14.72527486	-87.51646934
14.73260086	-83.35630091
14.73992687	-79.72324647
14.74725288	-87.11267825
14.75457889	-81.73512037
14.76190489	-79.46143805
14.76923090	-80.61450899
14.77655691	-89.92571903
14.78388292	-81.35139326
14.79120892	-84.17793553
14.79853493	-86.90358108
14.80586094	-79.92391132
14.81318695	-82.88839714
14.82051295	-84.30042295
14.82783896	-77.49332357
14.83516497	-76.11579316
14.84249098	-78.72754153
14.84981698	-83.23681345
14.85714299	-93.41656704
14.86446900	-84.03479792
14.87179500	-79.48386045
14.87912101	-83.91857013
14.88644702	-84.37508991
14.89377303	-87.42372426
14.90109903	-87.56093223
14.90842504	-82.38560587
14.91575105	-87.88509384
14.92307706	-89.54116324
14.93040306	-82.15639935
14.93772907	-82.93233343
14.94505508	-83.61127222
14.95238109	-81.59367676
14.95970709	-79.15859450
14.96703310	-84.77864871
14.97435911	-86.31186521
14.98168512	-81.62998051
14.98901112	-94.07915229
14.99633713	-85.47078394
