# Menlo Systems GmbH ScanControl
# Program Version 1.3.3
# Start: -65.00000000 ps, Average over 1000 waveforms. Timestamp: 2020-07-03T11:50:45
# Time [ps]	THz Signal [a.u.]
-65.06666587	0.00000000
-65.03333254	0.00000002
-64.99999921	0.00000006
-64.96666587	0.00000013
-64.93333254	0.00000019
-64.89999921	0.00000039
-64.86666587	0.00000029
-64.83333254	0.00000066
-64.79999921	0.00000098
-64.76666587	0.00000067
-64.73333254	0.00000070
-64.69999921	0.00000075
-64.66666588	0.00000025
-64.63333254	-0.00000054
-64.59999921	0.00000034
-64.56666588	-0.00000032
-64.53333254	-0.00000079
-64.49999921	-0.00000082
-64.46666588	-0.00000083
-64.43333254	-0.00000297
-64.39999921	-0.00000242
-64.36666588	-0.00000400
-64.33333255	-0.00000317
-64.29999921	-0.00000595
-64.26666588	-0.00000849
-64.23333255	-0.00000896
-64.19999921	-0.00001118
-64.16666588	-0.00001256
-64.13333255	-0.00001420
-64.09999921	-0.00001615
-64.06666588	-0.00001728
-64.03333255	-0.00001890
-63.99999922	-0.00002595
-63.96666588	-0.00002737
-63.93333255	-0.00002775
-63.89999922	-0.00002451
-63.86666588	-0.00002641
-63.83333255	-0.00003886
-63.79999922	-0.00003575
-63.76666588	-0.00004499
-63.73333255	-0.00004665
-63.69999922	-0.00005225
-63.66666589	-0.00005540
-63.63333255	-0.00006156
-63.59999922	-0.00005933
-63.56666589	-0.00006964
-63.53333255	-0.00006981
-63.49999922	-0.00007569
-63.46666589	-0.00008607
-63.43333255	-0.00009102
-63.39999922	-0.00008243
-63.36666589	-0.00009204
-63.33333256	-0.00008842
-63.29999922	-0.00009399
-63.26666589	-0.00010028
-63.23333256	-0.00009879
-63.19999922	-0.00009411
-63.16666589	-0.00009515
-63.13333256	-0.00010378
-63.09999922	-0.00009640
-63.06666589	-0.00010159
-63.03333256	-0.00009358
-62.99999923	-0.00009387
-62.96666589	-0.00010333
-62.93333256	-0.00010756
-62.89999923	-0.00008564
-62.86666589	-0.00007611
-62.83333256	-0.00005963
-62.79999923	-0.00008176
-62.76666589	-0.00003715
-62.73333256	-0.00003676
-62.69999923	-0.00000989
-62.66666590	-0.00000129
-62.63333256	0.00000728
-62.59999923	0.00002231
-62.56666590	0.00004451
-62.53333256	0.00008628
-62.49999923	0.00011881
-62.46666590	0.00013669
-62.43333256	0.00013870
-62.39999923	0.00017053
-62.36666590	0.00019309
-62.33333257	0.00022421
-62.29999923	0.00024519
-62.26666590	0.00027836
-62.23333257	0.00030900
-62.19999923	0.00030853
-62.16666590	0.00036074
-62.13333257	0.00039665
-62.09999923	0.00040395
-62.06666590	0.00042618
-62.03333257	0.00047545
-61.99999924	0.00052898
-61.96666590	0.00056875
-61.93333257	0.00060509
-61.89999924	0.00063669
-61.86666590	0.00065238
-61.83333257	0.00071492
-61.79999924	0.00078078
-61.76666590	0.00080576
-61.73333257	0.00087477
-61.69999924	0.00089769
-61.66666591	0.00092564
-61.63333257	0.00096276
-61.59999924	0.00103439
-61.56666591	0.00104219
-61.53333257	0.00109585
-61.49999924	0.00118728
-61.46666591	0.00118094
-61.43333257	0.00125083
-61.39999924	0.00126304
-61.36666591	0.00129946
-61.33333258	0.00133245
-61.29999924	0.00137901
-61.26666591	0.00140428
-61.23333258	0.00148006
-61.19999924	0.00150763
-61.16666591	0.00150217
-61.13333258	0.00152217
-61.09999924	0.00158886
-61.06666591	0.00162573
-61.03333258	0.00168873
-60.99999925	0.00170666
-60.96666591	0.00173483
-60.93333258	0.00175065
-60.89999925	0.00170492
-60.86666591	0.00177333
-60.83333258	0.00178936
-60.79999925	0.00182302
-60.76666591	0.00180939
-60.73333258	0.00183518
-60.69999925	0.00182501
-60.66666592	0.00181468
-60.63333258	0.00173743
-60.59999925	0.00177347
-60.56666592	0.00176105
-60.53333258	0.00170948
-60.49999925	0.00167086
-60.46666592	0.00161710
-60.43333258	0.00159941
-60.39999925	0.00153950
-60.36666592	0.00143296
-60.33333259	0.00140335
-60.29999925	0.00128489
-60.26666592	0.00118976
-60.23333259	0.00108646
-60.19999925	0.00103475
-60.16666592	0.00096544
-60.13333259	0.00084749
-60.09999925	0.00073232
-60.06666592	0.00059703
-60.03333259	0.00052257
-59.99999926	0.00035587
-59.96666592	0.00024319
-59.93333259	0.00016486
-59.89999926	-0.00010535
-59.86666592	-0.00010983
-59.83333259	-0.00027563
-59.79999926	-0.00040514
-59.76666592	-0.00054255
-59.73333259	-0.00062015
-59.69999926	-0.00073090
-59.66666593	-0.00085802
-59.63333259	-0.00094770
-59.59999926	-0.00122143
-59.56666593	-0.00124887
-59.53333259	-0.00132566
-59.49999926	-0.00147623
-59.46666593	-0.00158809
-59.43333259	-0.00170333
-59.39999926	-0.00168668
-59.36666593	-0.00186674
-59.33333260	-0.00179310
-59.29999926	-0.00194778
-59.26666593	-0.00195832
-59.23333260	-0.00194053
-59.19999926	-0.00206319
-59.16666593	-0.00206121
-59.13333260	-0.00196961
-59.09999926	-0.00198523
-59.06666593	-0.00205148
-59.03333260	-0.00197792
-58.99999927	-0.00190119
-58.96666593	-0.00200252
-58.93333260	-0.00192961
-58.89999927	-0.00189833
-58.86666593	-0.00189990
-58.83333260	-0.00179402
-58.79999927	-0.00159053
-58.76666593	-0.00169707
-58.73333260	-0.00168160
-58.69999927	-0.00162053
-58.66666594	-0.00151532
-58.63333260	-0.00147645
-58.59999927	-0.00137871
-58.56666594	-0.00133181
-58.53333260	-0.00131252
-58.49999927	-0.00133143
-58.46666594	-0.00119222
-58.43333260	-0.00119754
-58.39999927	-0.00111529
-58.36666594	-0.00100128
-58.33333261	-0.00104375
-58.29999927	-0.00102683
-58.26666594	-0.00095800
-58.23333261	-0.00101835
-58.19999927	-0.00093919
-58.16666594	-0.00091778
-58.13333261	-0.00095314
-58.09999927	-0.00098214
-58.06666594	-0.00091298
-58.03333261	-0.00094741
-57.99999928	-0.00097099
-57.96666594	-0.00094588
-57.93333261	-0.00097238
-57.89999928	-0.00100493
-57.86666594	-0.00101789
-57.83333261	-0.00093958
-57.79999928	-0.00094913
-57.76666594	-0.00091899
-57.73333261	-0.00092126
-57.69999928	-0.00093707
-57.66666595	-0.00089920
-57.63333261	-0.00088620
-57.59999928	-0.00081324
-57.56666595	-0.00079252
-57.53333261	-0.00083700
-57.49999928	-0.00083643
-57.46666595	-0.00087610
-57.43333261	-0.00080612
-57.39999928	-0.00072234
-57.36666595	-0.00078785
-57.33333262	-0.00071153
-57.29999928	-0.00058076
-57.26666595	-0.00060413
-57.23333262	-0.00054373
-57.19999928	-0.00046361
-57.16666595	-0.00028661
-57.13333262	-0.00027801
-57.09999928	-0.00029773
-57.06666595	-0.00010301
-57.03333262	-0.00015587
-56.99999929	-0.00005003
-56.96666595	-0.00004557
-56.93333262	-0.00003870
-56.89999929	0.00006983
-56.86666595	0.00015632
-56.83333262	0.00015445
-56.79999929	0.00027341
-56.76666595	0.00026486
-56.73333262	0.00024664
-56.69999929	0.00044794
-56.66666596	0.00048271
-56.63333262	0.00054330
-56.59999929	0.00063736
-56.56666596	0.00064115
-56.53333262	0.00061963
-56.49999929	0.00072043
-56.46666596	0.00076561
-56.43333262	0.00084761
-56.39999929	0.00090787
-56.36666596	0.00103447
-56.33333263	0.00088114
-56.29999929	0.00092096
-56.26666596	0.00095408
-56.23333263	0.00097885
-56.19999929	0.00105523
-56.16666596	0.00110873
-56.13333263	0.00117157
-56.09999929	0.00119275
-56.06666596	0.00117513
-56.03333263	0.00127948
-55.99999929	0.00125031
-55.96666596	0.00130664
-55.93333263	0.00132206
-55.89999930	0.00143041
-55.86666596	0.00143762
-55.83333263	0.00142690
-55.79999930	0.00151855
-55.76666596	0.00149897
-55.73333263	0.00144540
-55.69999930	0.00145148
-55.66666596	0.00141046
-55.63333263	0.00153020
-55.59999930	0.00158774
-55.56666597	0.00159527
-55.53333263	0.00152233
-55.49999930	0.00162452
-55.46666597	0.00164709
-55.43333263	0.00151881
-55.39999930	0.00153235
-55.36666597	0.00161691
-55.33333263	0.00156091
-55.29999930	0.00152863
-55.26666597	0.00157767
-55.23333264	0.00154401
-55.19999930	0.00152463
-55.16666597	0.00154781
-55.13333264	0.00153078
-55.09999930	0.00152175
-55.06666597	0.00147899
-55.03333264	0.00153165
-54.99999930	0.00148308
-54.96666597	0.00160633
-54.93333264	0.00166640
-54.89999931	0.00144341
-54.86666597	0.00153756
-54.83333264	0.00157690
-54.79999931	0.00150446
-54.76666597	0.00151533
-54.73333264	0.00162526
-54.69999931	0.00147122
-54.66666597	0.00148612
-54.63333264	0.00150000
-54.59999931	0.00147396
-54.56666598	0.00148404
-54.53333264	0.00148301
-54.49999931	0.00148561
-54.46666598	0.00146682
-54.43333264	0.00156749
-54.39999931	0.00152825
-54.36666598	0.00163795
-54.33333264	0.00153886
-54.29999931	0.00160215
-54.26666598	0.00165887
-54.23333265	0.00160348
-54.19999931	0.00167359
-54.16666598	0.00161229
-54.13333265	0.00164270
-54.09999931	0.00150128
-54.06666598	0.00163100
-54.03333265	0.00169785
-53.99999931	0.00160506
-53.96666598	0.00160691
-53.93333265	0.00168490
-53.89999932	0.00163143
-53.86666598	0.00162420
-53.83333265	0.00162980
-53.79999932	0.00162095
-53.76666598	0.00160320
-53.73333265	0.00154096
-53.69999932	0.00148905
-53.66666598	0.00147197
-53.63333265	0.00158021
-53.59999932	0.00148099
-53.56666599	0.00147095
-53.53333265	0.00138253
-53.49999932	0.00144883
-53.46666599	0.00142353
-53.43333265	0.00144620
-53.39999932	0.00142207
-53.36666599	0.00135722
-53.33333265	0.00132301
-53.29999932	0.00128836
-53.26666599	0.00120821
-53.23333266	0.00126541
-53.19999932	0.00128870
-53.16666599	0.00119319
-53.13333266	0.00122193
-53.09999932	0.00118455
-53.06666599	0.00127476
-53.03333266	0.00124740
-52.99999932	0.00122068
-52.96666599	0.00118485
-52.93333266	0.00121665
-52.89999933	0.00116163
-52.86666599	0.00132523
-52.83333266	0.00126550
-52.79999933	0.00127029
-52.76666599	0.00141208
-52.73333266	0.00138047
-52.69999933	0.00127885
-52.66666599	0.00147033
-52.63333266	0.00131451
-52.59999933	0.00140459
-52.56666600	0.00137858
-52.53333266	0.00148350
-52.49999933	0.00146909
-52.46666600	0.00147633
-52.43333266	0.00143912
-52.39999933	0.00141598
-52.36666600	0.00148543
-52.33333266	0.00158041
-52.29999933	0.00156821
-52.26666600	0.00153942
-52.23333267	0.00162907
-52.19999933	0.00163020
-52.16666600	0.00154072
-52.13333267	0.00162191
-52.09999933	0.00166052
-52.06666600	0.00153423
-52.03333267	0.00148330
-51.99999933	0.00154193
-51.96666600	0.00149766
-51.93333267	0.00144662
-51.89999934	0.00141693
-51.86666600	0.00143887
-51.83333267	0.00146439
-51.79999934	0.00127498
-51.76666600	0.00125031
-51.73333267	0.00140465
-51.69999934	0.00137648
-51.66666600	0.00122538
-51.63333267	0.00113247
-51.59999934	0.00119585
-51.56666601	0.00124097
-51.53333267	0.00115909
-51.49999934	0.00121487
-51.46666601	0.00114172
-51.43333267	0.00120163
-51.39999934	0.00107194
-51.36666601	0.00106040
-51.33333267	0.00104328
-51.29999934	0.00102802
-51.26666601	0.00103476
-51.23333268	0.00110768
-51.19999934	0.00115045
-51.16666601	0.00109641
-51.13333268	0.00106515
-51.09999934	0.00115591
-51.06666601	0.00110376
-51.03333268	0.00113427
-50.99999934	0.00127868
-50.96666601	0.00137094
-50.93333268	0.00135552
-50.89999935	0.00134372
-50.86666601	0.00133581
-50.83333268	0.00138470
-50.79999935	0.00142563
-50.76666601	0.00149025
-50.73333268	0.00150201
-50.69999935	0.00153628
-50.66666601	0.00149052
-50.63333268	0.00157267
-50.59999935	0.00161613
-50.56666602	0.00159675
-50.53333268	0.00162998
-50.49999935	0.00164953
-50.46666602	0.00166637
-50.43333268	0.00176638
-50.39999935	0.00173643
-50.36666602	0.00172915
-50.33333268	0.00178743
-50.29999935	0.00190570
-50.26666602	0.00181359
-50.23333269	0.00180097
-50.19999935	0.00190811
-50.16666602	0.00184336
-50.13333269	0.00193140
-50.09999935	0.00183640
-50.06666602	0.00198055
-50.03333269	0.00188351
-49.99999935	0.00183834
-49.96666602	0.00180480
-49.93333269	0.00181316
-49.89999936	0.00178245
-49.86666602	0.00166968
-49.83333269	0.00177382
-49.79999936	0.00167744
-49.76666602	0.00149642
-49.73333269	0.00150617
-49.69999936	0.00147734
-49.66666602	0.00151409
-49.63333269	0.00136531
-49.59999936	0.00130704
-49.56666603	0.00121908
-49.53333269	0.00115125
-49.49999936	0.00111074
-49.46666603	0.00111372
-49.43333269	0.00097174
-49.39999936	0.00099348
-49.36666603	0.00091867
-49.33333269	0.00086825
-49.29999936	0.00071404
-49.26666603	0.00074742
-49.23333270	0.00060670
-49.19999936	0.00064438
-49.16666603	0.00055582
-49.13333270	0.00071431
-49.09999936	0.00061804
-49.06666603	0.00059918
-49.03333270	0.00058992
-48.99999936	0.00038415
-48.96666603	0.00040178
-48.93333270	0.00042649
-48.89999937	0.00049038
-48.86666603	0.00049861
-48.83333270	0.00046225
-48.79999937	0.00049284
-48.76666603	0.00044190
-48.73333270	0.00057459
-48.69999937	0.00059383
-48.66666603	0.00066519
-48.63333270	0.00066157
-48.59999937	0.00074773
-48.56666604	0.00078914
-48.53333270	0.00097652
-48.49999937	0.00098595
-48.46666604	0.00100012
-48.43333270	0.00107363
-48.39999937	0.00103814
-48.36666604	0.00112945
-48.33333270	0.00124955
-48.29999937	0.00131507
-48.26666604	0.00133705
-48.23333271	0.00142275
-48.19999937	0.00146126
-48.16666604	0.00142492
-48.13333271	0.00145553
-48.09999937	0.00162655
-48.06666604	0.00164785
-48.03333271	0.00165986
-47.99999937	0.00165064
-47.96666604	0.00166208
-47.93333271	0.00178301
-47.89999938	0.00170068
-47.86666604	0.00171359
-47.83333271	0.00176329
-47.79999938	0.00183849
-47.76666604	0.00181201
-47.73333271	0.00178279
-47.69999938	0.00176475
-47.66666604	0.00178884
-47.63333271	0.00175480
-47.59999938	0.00179899
-47.56666605	0.00179337
-47.53333271	0.00174474
-47.49999938	0.00178536
-47.46666605	0.00173322
-47.43333271	0.00179071
-47.39999938	0.00167664
-47.36666605	0.00170205
-47.33333271	0.00170863
-47.29999938	0.00167861
-47.26666605	0.00163193
-47.23333272	0.00164400
-47.19999938	0.00152937
-47.16666605	0.00145776
-47.13333272	0.00156537
-47.09999938	0.00138470
-47.06666605	0.00135976
-47.03333272	0.00140172
-46.99999938	0.00134616
-46.96666605	0.00126458
-46.93333272	0.00122696
-46.89999939	0.00118605
-46.86666605	0.00113740
-46.83333272	0.00115832
-46.79999939	0.00099880
-46.76666605	0.00095593
-46.73333272	0.00092657
-46.69999939	0.00080621
-46.66666605	0.00081925
-46.63333272	0.00085902
-46.59999939	0.00060363
-46.56666606	0.00054977
-46.53333272	0.00055263
-46.49999939	0.00047004
-46.46666606	0.00051457
-46.43333272	0.00053856
-46.39999939	0.00065679
-46.36666606	0.00075452
-46.33333272	0.00062221
-46.29999939	0.00083368
-46.26666606	0.00096055
-46.23333273	0.00107961
-46.19999939	0.00120675
-46.16666606	0.00145106
-46.13333273	0.00166011
-46.09999939	0.00189207
-46.06666606	0.00209913
-46.03333273	0.00237366
-45.99999939	0.00277628
-45.96666606	0.00324594
-45.93333273	0.00356342
-45.89999940	0.00408443
-45.86666606	0.00455857
-45.83333273	0.00500382
-45.79999940	0.00565125
-45.76666606	0.00624740
-45.73333273	0.00674905
-45.69999940	0.00748703
-45.66666606	0.00819443
-45.63333273	0.00879309
-45.59999940	0.00958344
-45.56666607	0.01052497
-45.53333273	0.01130855
-45.49999940	0.01217684
-45.46666607	0.01304066
-45.43333273	0.01394785
-45.39999940	0.01488442
-45.36666607	0.01588028
-45.33333273	0.01679062
-45.29999940	0.01777306
-45.26666607	0.01882163
-45.23333274	0.01968889
-45.19999940	0.02048593
-45.16666607	0.02142424
-45.13333274	0.02225499
-45.09999940	0.02309113
-45.06666607	0.02368609
-45.03333274	0.02434613
-44.99999940	0.02485807
-44.96666607	0.02517746
-44.93333274	0.02558510
-44.89999941	0.02567783
-44.86666607	0.02568272
-44.83333274	0.02551963
-44.79999941	0.02524733
-44.76666607	0.02478965
-44.73333274	0.02418847
-44.69999941	0.02324309
-44.66666607	0.02226930
-44.63333274	0.02097541
-44.59999941	0.01968030
-44.56666608	0.01818530
-44.53333274	0.01639379
-44.49999941	0.01445641
-44.46666608	0.01241252
-44.43333274	0.01004542
-44.39999941	0.00760659
-44.36666608	0.00490894
-44.33333274	0.00214160
-44.29999941	-0.00073318
-44.26666608	-0.00364060
-44.23333275	-0.00674680
-44.19999941	-0.00983548
-44.16666608	-0.01313236
-44.13333275	-0.01637774
-44.09999941	-0.01972473
-44.06666608	-0.02297287
-44.03333275	-0.02614290
-43.99999941	-0.02936997
-43.96666608	-0.03243850
-43.93333275	-0.03562543
-43.89999942	-0.03853449
-43.86666608	-0.04126577
-43.83333275	-0.04393144
-43.79999942	-0.04628352
-43.76666608	-0.04856152
-43.73333275	-0.05051263
-43.69999942	-0.05223482
-43.66666608	-0.05378313
-43.63333275	-0.05513970
-43.59999942	-0.05615105
-43.56666609	-0.05690497
-43.53333275	-0.05743383
-43.49999942	-0.05775124
-43.46666609	-0.05775519
-43.43333275	-0.05744809
-43.39999942	-0.05700977
-43.36666609	-0.05644841
-43.33333275	-0.05549283
-43.29999942	-0.05429462
-43.26666609	-0.05294544
-43.23333276	-0.05142051
-43.19999942	-0.04976078
-43.16666609	-0.04797887
-43.13333276	-0.04598438
-43.09999942	-0.04384352
-43.06666609	-0.04167746
-43.03333276	-0.03942835
-42.99999942	-0.03704437
-42.96666609	-0.03454171
-42.93333276	-0.03201732
-42.89999943	-0.02947242
-42.86666609	-0.02688131
-42.83333276	-0.02419459
-42.79999943	-0.02164661
-42.76666609	-0.01910067
-42.73333276	-0.01655219
-42.69999943	-0.01392080
-42.66666609	-0.01147006
-42.63333276	-0.00893997
-42.59999943	-0.00644986
-42.56666610	-0.00408157
-42.53333276	-0.00166983
-42.49999943	0.00056391
-42.46666610	0.00287227
-42.43333276	0.00500129
-42.39999943	0.00703571
-42.36666610	0.00905711
-42.33333276	0.01097529
-42.29999943	0.01279378
-42.26666610	0.01453560
-42.23333277	0.01611976
-42.19999943	0.01760858
-42.16666610	0.01907296
-42.13333277	0.02033062
-42.09999943	0.02143988
-42.06666610	0.02257240
-42.03333277	0.02357599
-41.99999943	0.02434475
-41.96666610	0.02507454
-41.93333277	0.02563820
-41.89999944	0.02603255
-41.86666610	0.02635821
-41.83333277	0.02665494
-41.79999944	0.02679241
-41.76666610	0.02687710
-41.73333277	0.02675383
-41.69999944	0.02647137
-41.66666610	0.02634683
-41.63333277	0.02593984
-41.59999944	0.02546583
-41.56666611	0.02497393
-41.53333277	0.02435371
-41.49999944	0.02378525
-41.46666611	0.02323502
-41.43333277	0.02249717
-41.39999944	0.02173870
-41.36666611	0.02106982
-41.33333277	0.02024947
-41.29999944	0.01946371
-41.26666611	0.01868681
-41.23333278	0.01794409
-41.19999944	0.01718540
-41.16666611	0.01634886
-41.13333278	0.01564535
-41.09999944	0.01497501
-41.06666611	0.01435947
-41.03333278	0.01368692
-40.99999944	0.01307345
-40.96666611	0.01257961
-40.93333278	0.01207426
-40.89999945	0.01170386
-40.86666611	0.01126910
-40.83333278	0.01084493
-40.79999945	0.01037676
-40.76666611	0.01015225
-40.73333278	0.00976364
-40.69999945	0.00955321
-40.66666611	0.00945066
-40.63333278	0.00915192
-40.59999945	0.00904124
-40.56666612	0.00892154
-40.53333278	0.00891628
-40.49999945	0.00878012
-40.46666612	0.00874848
-40.43333278	0.00871044
-40.39999945	0.00869364
-40.36666612	0.00861891
-40.33333278	0.00867002
-40.29999945	0.00870826
-40.26666612	0.00877477
-40.23333279	0.00880279
-40.19999945	0.00891012
-40.16666612	0.00893168
-40.13333279	0.00890262
-40.09999945	0.00892636
-40.06666612	0.00894063
-40.03333279	0.00907222
-39.99999945	0.00909534
-39.96666612	0.00926461
-39.93333279	0.00922774
-39.89999946	0.00921091
-39.86666612	0.00935655
-39.83333279	0.00947140
-39.79999946	0.00952717
-39.76666612	0.00947125
-39.73333279	0.00955520
-39.69999946	0.00958654
-39.66666612	0.00969918
-39.63333279	0.00978576
-39.59999946	0.00972149
-39.56666613	0.00984391
-39.53333279	0.00968832
-39.49999946	0.00960683
-39.46666613	0.00966942
-39.43333279	0.00950111
-39.39999946	0.00942694
-39.36666613	0.00937118
-39.33333279	0.00934463
-39.29999946	0.00921811
-39.26666613	0.00899750
-39.23333280	0.00889464
-39.19999946	0.00866724
-39.16666613	0.00840337
-39.13333280	0.00803883
-39.09999946	0.00794502
-39.06666613	0.00774591
-39.03333280	0.00739930
-38.99999946	0.00711055
-38.96666613	0.00684608
-38.93333280	0.00659269
-38.89999947	0.00620026
-38.86666613	0.00581812
-38.83333280	0.00556054
-38.79999947	0.00526428
-38.76666613	0.00490445
-38.73333280	0.00456797
-38.69999947	0.00422860
-38.66666613	0.00393947
-38.63333280	0.00352053
-38.59999947	0.00319766
-38.56666614	0.00288566
-38.53333280	0.00259041
-38.49999947	0.00228881
-38.46666614	0.00196880
-38.43333280	0.00171231
-38.39999947	0.00143173
-38.36666614	0.00110790
-38.33333280	0.00083664
-38.29999947	0.00063970
-38.26666614	0.00035258
-38.23333281	0.00016286
-38.19999947	-0.00004433
-38.16666614	-0.00028144
-38.13333281	-0.00036643
-38.09999947	-0.00053597
-38.06666614	-0.00085416
-38.03333281	-0.00092766
-37.99999947	-0.00104261
-37.96666614	-0.00122638
-37.93333281	-0.00144353
-37.89999948	-0.00152249
-37.86666614	-0.00157854
-37.83333281	-0.00150289
-37.79999948	-0.00156703
-37.76666614	-0.00173625
-37.73333281	-0.00179172
-37.69999948	-0.00174648
-37.66666614	-0.00169437
-37.63333281	-0.00167729
-37.59999948	-0.00169051
-37.56666615	-0.00162437
-37.53333281	-0.00163556
-37.49999948	-0.00156232
-37.46666615	-0.00146555
-37.43333281	-0.00141121
-37.39999948	-0.00152456
-37.36666615	-0.00143911
-37.33333281	-0.00145919
-37.29999948	-0.00136900
-37.26666615	-0.00134060
-37.23333282	-0.00125975
-37.19999948	-0.00132630
-37.16666615	-0.00128122
-37.13333282	-0.00137118
-37.09999948	-0.00138888
-37.06666615	-0.00139707
-37.03333282	-0.00141815
-36.99999948	-0.00148425
-36.96666615	-0.00152198
-36.93333282	-0.00164732
-36.89999949	-0.00166780
-36.86666615	-0.00175274
-36.83333282	-0.00192925
-36.79999949	-0.00198332
-36.76666615	-0.00208188
-36.73333282	-0.00223499
-36.69999949	-0.00232828
-36.66666615	-0.00260291
-36.63333282	-0.00259011
-36.59999949	-0.00270569
-36.56666616	-0.00284211
-36.53333282	-0.00302324
-36.49999949	-0.00326473
-36.46666616	-0.00338247
-36.43333282	-0.00349713
-36.39999949	-0.00374659
-36.36666616	-0.00394189
-36.33333282	-0.00427985
-36.29999949	-0.00445443
-36.26666616	-0.00468620
-36.23333283	-0.00487778
-36.19999949	-0.00518098
-36.16666616	-0.00534440
-36.13333283	-0.00565030
-36.09999949	-0.00592217
-36.06666616	-0.00610102
-36.03333283	-0.00641010
-35.99999949	-0.00655303
-35.96666616	-0.00686050
-35.93333283	-0.00710492
-35.89999950	-0.00734092
-35.86666616	-0.00763191
-35.83333283	-0.00788172
-35.79999950	-0.00803177
-35.76666616	-0.00832520
-35.73333283	-0.00848985
-35.69999950	-0.00865758
-35.66666616	-0.00879407
-35.63333283	-0.00906002
-35.59999950	-0.00914564
-35.56666617	-0.00913698
-35.53333283	-0.00928860
-35.49999950	-0.00935664
-35.46666617	-0.00937289
-35.43333283	-0.00937328
-35.39999950	-0.00946564
-35.36666617	-0.00946720
-35.33333283	-0.00942339
-35.29999950	-0.00938442
-35.26666617	-0.00931853
-35.23333284	-0.00922979
-35.19999950	-0.00907183
-35.16666617	-0.00909009
-35.13333284	-0.00893664
-35.09999950	-0.00892028
-35.06666617	-0.00873020
-35.03333284	-0.00859198
-34.99999950	-0.00851286
-34.96666617	-0.00833144
-34.93333284	-0.00816836
-34.89999951	-0.00801459
-34.86666617	-0.00779949
-34.83333284	-0.00760007
-34.79999951	-0.00749586
-34.76666617	-0.00719835
-34.73333284	-0.00712328
-34.69999951	-0.00686457
-34.66666617	-0.00675602
-34.63333284	-0.00668105
-34.59999951	-0.00646598
-34.56666618	-0.00628579
-34.53333284	-0.00614387
-34.49999951	-0.00594297
-34.46666618	-0.00577622
-34.43333284	-0.00577730
-34.39999951	-0.00563493
-34.36666618	-0.00544517
-34.33333284	-0.00536931
-34.29999951	-0.00541228
-34.26666618	-0.00532364
-34.23333285	-0.00534052
-34.19999951	-0.00513370
-34.16666618	-0.00501912
-34.13333285	-0.00510071
-34.09999951	-0.00507433
-34.06666618	-0.00511447
-34.03333285	-0.00508725
-33.99999951	-0.00515849
-33.96666618	-0.00516021
-33.93333285	-0.00502770
-33.89999952	-0.00514109
-33.86666618	-0.00523718
-33.83333285	-0.00517689
-33.79999952	-0.00518296
-33.76666618	-0.00526517
-33.73333285	-0.00516964
-33.69999952	-0.00519983
-33.66666618	-0.00519904
-33.63333285	-0.00519604
-33.59999952	-0.00514938
-33.56666618	-0.00518366
-33.53333285	-0.00505263
-33.49999952	-0.00506237
-33.46666619	-0.00513064
-33.43333285	-0.00506819
-33.39999952	-0.00498162
-33.36666619	-0.00497758
-33.33333285	-0.00489004
-33.29999952	-0.00493342
-33.26666619	-0.00478807
-33.23333285	-0.00475604
-33.19999952	-0.00461436
-33.16666619	-0.00458792
-33.13333286	-0.00445774
-33.09999952	-0.00440765
-33.06666619	-0.00424624
-33.03333286	-0.00417568
-32.99999952	-0.00412573
-32.96666619	-0.00394041
-32.93333286	-0.00383989
-32.89999952	-0.00375689
-32.86666619	-0.00363175
-32.83333286	-0.00371307
-32.79999953	-0.00368526
-32.76666619	-0.00343562
-32.73333286	-0.00348143
-32.69999953	-0.00335614
-32.66666619	-0.00325165
-32.63333286	-0.00321926
-32.59999953	-0.00321135
-32.56666619	-0.00304618
-32.53333286	-0.00306240
-32.49999953	-0.00298594
-32.46666620	-0.00284680
-32.43333286	-0.00289582
-32.39999953	-0.00274537
-32.36666620	-0.00267688
-32.33333286	-0.00269915
-32.29999953	-0.00255159
-32.26666620	-0.00248377
-32.23333286	-0.00248818
-32.19999953	-0.00234861
-32.16666620	-0.00221027
-32.13333287	-0.00212555
-32.09999953	-0.00196469
-32.06666620	-0.00190802
-32.03333287	-0.00172906
-31.99999953	-0.00160662
-31.96666620	-0.00149184
-31.93333287	-0.00127559
-31.89999953	-0.00123574
-31.86666620	-0.00111009
-31.83333287	-0.00102335
-31.79999954	-0.00078923
-31.76666620	-0.00075407
-31.73333287	-0.00048529
-31.69999954	-0.00045383
-31.66666620	-0.00043737
-31.63333287	-0.00026465
-31.59999954	-0.00017369
-31.56666620	-0.00002961
-31.53333287	-0.00000594
-31.49999954	0.00017590
-31.46666621	0.00021804
-31.43333287	0.00019972
-31.39999954	0.00038415
-31.36666621	0.00040297
-31.33333287	0.00044219
-31.29999954	0.00058155
-31.26666621	0.00061857
-31.23333287	0.00065932
-31.19999954	0.00063051
-31.16666621	0.00066193
-31.13333288	0.00074620
-31.09999954	0.00077577
-31.06666621	0.00070024
-31.03333288	0.00071709
-30.99999954	0.00082281
-30.96666621	0.00075962
-30.93333288	0.00087992
-30.89999954	0.00073605
-30.86666621	0.00075678
-30.83333288	0.00072573
-30.79999955	0.00059314
-30.76666621	0.00059139
-30.73333288	0.00060544
-30.69999955	0.00048965
-30.66666621	0.00033499
-30.63333288	0.00025801
-30.59999955	0.00011326
-30.56666621	0.00004315
-30.53333288	0.00005477
-30.49999955	-0.00018025
-30.46666622	-0.00019659
-30.43333288	-0.00031947
-30.39999955	-0.00041183
-30.36666622	-0.00049237
-30.33333288	-0.00053642
-30.29999955	-0.00064365
-30.26666622	-0.00064202
-30.23333288	-0.00082636
-30.19999955	-0.00074524
-30.16666622	-0.00090935
-30.13333289	-0.00082620
-30.09999955	-0.00080276
-30.06666622	-0.00092282
-30.03333289	-0.00089709
-29.99999955	-0.00090733
-29.96666622	-0.00090769
-29.93333289	-0.00083377
-29.89999955	-0.00089192
-29.86666622	-0.00089807
-29.83333289	-0.00080157
-29.79999956	-0.00086889
-29.76666622	-0.00072992
-29.73333289	-0.00072231
-29.69999956	-0.00065982
-29.66666622	-0.00063878
-29.63333289	-0.00059061
-29.59999956	-0.00051206
-29.56666622	-0.00051772
-29.53333289	-0.00043476
-29.49999956	-0.00036925
-29.46666623	-0.00031814
-29.43333289	-0.00028241
-29.39999956	-0.00017344
-29.36666623	-0.00017960
-29.33333289	-0.00020313
-29.29999956	-0.00013567
-29.26666623	-0.00004903
-29.23333289	-0.00003171
-29.19999956	0.00000086
-29.16666623	-0.00004152
-29.13333290	0.00001797
-29.09999956	-0.00002065
-29.06666623	-0.00005324
-29.03333290	-0.00000144
-28.99999956	-0.00006849
-28.96666623	-0.00006017
-28.93333290	-0.00000133
-28.89999956	-0.00003130
-28.86666623	-0.00021237
-28.83333290	-0.00021329
-28.79999957	-0.00013036
-28.76666623	-0.00023305
-28.73333290	-0.00029902
-28.69999957	-0.00029702
-28.66666623	-0.00041014
-28.63333290	-0.00043898
-28.59999957	-0.00044681
-28.56666623	-0.00057166
-28.53333290	-0.00063682
-28.49999957	-0.00064735
-28.46666624	-0.00060492
-28.43333290	-0.00061405
-28.39999957	-0.00056569
-28.36666624	-0.00069109
-28.33333290	-0.00064378
-28.29999957	-0.00066204
-28.26666624	-0.00065573
-28.23333290	-0.00069997
-28.19999957	-0.00070490
-28.16666624	-0.00070109
-28.13333291	-0.00067869
-28.09999957	-0.00059135
-28.06666624	-0.00055951
-28.03333291	-0.00055787
-27.99999957	-0.00062158
-27.96666624	-0.00055789
-27.93333291	-0.00062091
-27.89999957	-0.00059204
-27.86666624	-0.00064810
-27.83333291	-0.00054110
-27.79999958	-0.00056823
-27.76666624	-0.00067051
-27.73333291	-0.00046317
-27.69999958	-0.00052142
-27.66666624	-0.00058031
-27.63333291	-0.00052716
-27.59999958	-0.00049536
-27.56666624	-0.00051770
-27.53333291	-0.00048084
-27.49999958	-0.00058296
-27.46666625	-0.00062668
-27.43333291	-0.00055225
-27.39999958	-0.00053458
-27.36666625	-0.00043394
-27.33333291	-0.00065089
-27.29999958	-0.00063040
-27.26666625	-0.00056454
-27.23333291	-0.00056114
-27.19999958	-0.00065914
-27.16666625	-0.00074781
-27.13333292	-0.00066867
-27.09999958	-0.00082793
-27.06666625	-0.00091791
-27.03333292	-0.00093545
-26.99999958	-0.00124266
-26.96666625	-0.00119460
-26.93333292	-0.00131586
-26.89999958	-0.00129729
-26.86666625	-0.00136654
-26.83333292	-0.00145844
-26.79999959	-0.00149230
-26.76666625	-0.00150718
-26.73333292	-0.00165186
-26.69999959	-0.00169950
-26.66666625	-0.00161497
-26.63333292	-0.00174592
-26.59999959	-0.00183360
-26.56666625	-0.00192537
-26.53333292	-0.00187705
-26.49999959	-0.00200879
-26.46666626	-0.00189271
-26.43333292	-0.00198388
-26.39999959	-0.00203978
-26.36666626	-0.00192191
-26.33333292	-0.00199000
-26.29999959	-0.00205886
-26.26666626	-0.00186013
-26.23333292	-0.00203428
-26.19999959	-0.00197830
-26.16666626	-0.00198644
-26.13333293	-0.00189540
-26.09999959	-0.00184180
-26.06666626	-0.00191041
-26.03333293	-0.00199421
-25.99999959	-0.00195621
-25.96666626	-0.00188442
-25.93333293	-0.00194736
-25.89999959	-0.00185530
-25.86666626	-0.00185626
-25.83333293	-0.00192674
-25.79999960	-0.00184314
-25.76666626	-0.00188315
-25.73333293	-0.00186729
-25.69999960	-0.00191818
-25.66666626	-0.00192628
-25.63333293	-0.00192923
-25.59999960	-0.00206708
-25.56666626	-0.00201415
-25.53333293	-0.00206544
-25.49999960	-0.00206365
-25.46666627	-0.00214651
-25.43333293	-0.00226434
-25.39999960	-0.00224576
-25.36666627	-0.00242202
-25.33333293	-0.00234737
-25.29999960	-0.00247668
-25.26666627	-0.00256870
-25.23333293	-0.00260358
-25.19999960	-0.00275593
-25.16666627	-0.00280842
-25.13333294	-0.00295711
-25.09999960	-0.00301531
-25.06666627	-0.00310974
-25.03333294	-0.00309237
-24.99999960	-0.00317398
-24.96666627	-0.00331849
-24.93333294	-0.00342315
-24.89999960	-0.00346664
-24.86666627	-0.00346983
-24.83333294	-0.00354586
-24.79999961	-0.00365665
-24.76666627	-0.00376332
-24.73333294	-0.00378851
-24.69999961	-0.00370589
-24.66666627	-0.00372208
-24.63333294	-0.00380824
-24.59999961	-0.00381538
-24.56666627	-0.00381764
-24.53333294	-0.00386138
-24.49999961	-0.00397081
-24.46666628	-0.00395491
-24.43333294	-0.00393554
-24.39999961	-0.00382401
-24.36666628	-0.00388653
-24.33333294	-0.00386030
-24.29999961	-0.00385130
-24.26666628	-0.00375765
-24.23333294	-0.00371646
-24.19999961	-0.00369692
-24.16666628	-0.00367644
-24.13333295	-0.00375922
-24.09999961	-0.00378138
-24.06666628	-0.00376306
-24.03333295	-0.00370280
-23.99999961	-0.00362313
-23.96666628	-0.00356690
-23.93333295	-0.00365323
-23.89999961	-0.00354830
-23.86666628	-0.00367622
-23.83333295	-0.00365828
-23.79999962	-0.00366345
-23.76666628	-0.00373239
-23.73333295	-0.00384629
-23.69999962	-0.00387656
-23.66666628	-0.00374023
-23.63333295	-0.00380173
-23.59999962	-0.00392099
-23.56666628	-0.00395638
-23.53333295	-0.00411804
-23.49999962	-0.00415108
-23.46666629	-0.00414601
-23.43333295	-0.00412207
-23.39999962	-0.00427647
-23.36666629	-0.00422520
-23.33333295	-0.00431646
-23.29999962	-0.00429556
-23.26666629	-0.00433846
-23.23333295	-0.00429073
-23.19999962	-0.00430621
-23.16666629	-0.00436527
-23.13333296	-0.00444039
-23.09999962	-0.00438618
-23.06666629	-0.00439472
-23.03333296	-0.00434630
-22.99999962	-0.00423687
-22.96666629	-0.00434474
-22.93333296	-0.00436167
-22.89999962	-0.00422210
-22.86666629	-0.00417787
-22.83333296	-0.00413095
-22.79999963	-0.00407271
-22.76666629	-0.00403702
-22.73333296	-0.00397586
-22.69999963	-0.00389575
-22.66666629	-0.00393416
-22.63333296	-0.00378198
-22.59999963	-0.00370239
-22.56666629	-0.00370120
-22.53333296	-0.00368713
-22.49999963	-0.00355683
-22.46666630	-0.00358699
-22.43333296	-0.00346735
-22.39999963	-0.00354250
-22.36666630	-0.00349194
-22.33333296	-0.00348006
-22.29999963	-0.00344038
-22.26666630	-0.00338436
-22.23333296	-0.00333435
-22.19999963	-0.00330286
-22.16666630	-0.00325185
-22.13333297	-0.00325133
-22.09999963	-0.00341048
-22.06666630	-0.00326586
-22.03333297	-0.00333084
-21.99999963	-0.00338513
-21.96666630	-0.00342690
-21.93333297	-0.00340364
-21.89999963	-0.00353629
-21.86666630	-0.00355890
-21.83333297	-0.00348187
-21.79999964	-0.00352966
-21.76666630	-0.00356783
-21.73333297	-0.00368063
-21.69999964	-0.00372074
-21.66666630	-0.00380664
-21.63333297	-0.00379241
-21.59999964	-0.00390592
-21.56666630	-0.00402378
-21.53333297	-0.00407592
-21.49999964	-0.00415723
-21.46666631	-0.00415295
-21.43333297	-0.00424266
-21.39999964	-0.00426284
-21.36666631	-0.00429364
-21.33333297	-0.00434924
-21.29999964	-0.00438992
-21.26666631	-0.00443102
-21.23333297	-0.00450375
-21.19999964	-0.00443806
-21.16666631	-0.00456958
-21.13333298	-0.00452938
-21.09999964	-0.00464504
-21.06666631	-0.00467902
-21.03333298	-0.00467564
-20.99999964	-0.00463452
-20.96666631	-0.00465896
-20.93333298	-0.00464583
-20.89999964	-0.00453877
-20.86666631	-0.00468538
-20.83333298	-0.00464781
-20.79999965	-0.00470271
-20.76666631	-0.00479954
-20.73333298	-0.00466137
-20.69999965	-0.00460294
-20.66666631	-0.00456509
-20.63333298	-0.00469428
-20.59999965	-0.00466971
-20.56666631	-0.00464421
-20.53333298	-0.00455829
-20.49999965	-0.00457552
-20.46666632	-0.00453379
-20.43333298	-0.00439907
-20.39999965	-0.00449673
-20.36666632	-0.00435458
-20.33333298	-0.00437299
-20.29999965	-0.00437231
-20.26666632	-0.00427814
-20.23333298	-0.00426477
-20.19999965	-0.00420738
-20.16666632	-0.00422579
-20.13333299	-0.00412297
-20.09999965	-0.00422593
-20.06666632	-0.00420559
-20.03333299	-0.00413873
-19.99999965	-0.00403277
-19.96666632	-0.00399173
-19.93333299	-0.00400835
-19.89999965	-0.00395411
-19.86666632	-0.00405058
-19.83333299	-0.00403400
-19.79999966	-0.00405596
-19.76666632	-0.00392599
-19.73333299	-0.00392832
-19.69999966	-0.00393037
-19.66666632	-0.00391891
-19.63333299	-0.00396460
-19.59999966	-0.00392148
-19.56666632	-0.00389673
-19.53333299	-0.00391247
-19.49999966	-0.00391606
-19.46666633	-0.00380837
-19.43333299	-0.00383427
-19.39999966	-0.00386639
-19.36666633	-0.00377222
-19.33333299	-0.00371710
-19.29999966	-0.00371103
-19.26666633	-0.00361335
-19.23333299	-0.00358037
-19.19999966	-0.00346465
-19.16666633	-0.00350160
-19.13333300	-0.00349509
-19.09999966	-0.00334686
-19.06666633	-0.00331619
-19.03333300	-0.00332485
-18.99999966	-0.00330792
-18.96666633	-0.00317310
-18.93333300	-0.00304483
-18.89999966	-0.00292603
-18.86666633	-0.00300511
-18.83333300	-0.00285834
-18.79999967	-0.00269390
-18.76666633	-0.00262158
-18.73333300	-0.00245200
-18.69999967	-0.00251484
-18.66666633	-0.00231124
-18.63333300	-0.00225878
-18.59999967	-0.00213389
-18.56666633	-0.00204843
-18.53333300	-0.00198941
-18.49999967	-0.00193460
-18.46666634	-0.00190362
-18.43333300	-0.00180835
-18.39999967	-0.00176611
-18.36666634	-0.00174803
-18.33333300	-0.00177585
-18.29999967	-0.00176652
-18.26666634	-0.00167933
-18.23333300	-0.00172143
-18.19999967	-0.00166701
-18.16666634	-0.00169871
-18.13333301	-0.00163754
-18.09999967	-0.00158430
-18.06666634	-0.00150485
-18.03333301	-0.00158666
-17.99999967	-0.00163770
-17.96666634	-0.00157207
-17.93333301	-0.00151744
-17.89999967	-0.00162590
-17.86666634	-0.00165912
-17.83333301	-0.00169947
-17.79999968	-0.00155900
-17.76666634	-0.00159709
-17.73333301	-0.00156587
-17.69999968	-0.00149296
-17.66666634	-0.00144852
-17.63333301	-0.00143407
-17.59999968	-0.00139578
-17.56666634	-0.00128220
-17.53333301	-0.00127097
-17.49999968	-0.00115034
-17.46666635	-0.00110682
-17.43333301	-0.00095639
-17.39999968	-0.00090110
-17.36666635	-0.00072559
-17.33333301	-0.00066123
-17.29999968	-0.00060656
-17.26666635	-0.00046608
-17.23333301	-0.00036398
-17.19999968	-0.00016569
-17.16666635	-0.00013269
-17.13333302	-0.00000205
-17.09999968	0.00001196
-17.06666635	0.00015094
-17.03333302	0.00026068
-16.99999968	0.00036291
-16.96666635	0.00055161
-16.93333302	0.00066089
-16.89999968	0.00077663
-16.86666635	0.00077018
-16.83333302	0.00090505
-16.79999969	0.00102153
-16.76666635	0.00112406
-16.73333302	0.00121821
-16.69999969	0.00127568
-16.66666635	0.00141661
-16.63333302	0.00150314
-16.59999969	0.00162136
-16.56666635	0.00162948
-16.53333302	0.00178762
-16.49999969	0.00175397
-16.46666636	0.00181446
-16.43333302	0.00196581
-16.39999969	0.00193944
-16.36666636	0.00198745
-16.33333302	0.00195709
-16.29999969	0.00213240
-16.26666636	0.00209307
-16.23333302	0.00211644
-16.19999969	0.00224584
-16.16666636	0.00227974
-16.13333303	0.00236140
-16.09999969	0.00240267
-16.06666636	0.00244473
-16.03333303	0.00248243
-15.99999969	0.00252108
-15.96666636	0.00252126
-15.93333303	0.00253821
-15.89999969	0.00268403
-15.86666636	0.00268070
-15.83333303	0.00285681
-15.79999970	0.00280954
-15.76666636	0.00281588
-15.73333303	0.00274375
-15.69999970	0.00284387
-15.66666636	0.00283993
-15.63333303	0.00287421
-15.59999970	0.00290452
-15.56666636	0.00303619
-15.53333303	0.00299561
-15.49999970	0.00297856
-15.46666637	0.00295679
-15.43333303	0.00292273
-15.39999970	0.00302234
-15.36666637	0.00294935
-15.33333303	0.00302389
-15.29999970	0.00300731
-15.26666637	0.00307023
-15.23333303	0.00303343
-15.19999970	0.00312900
-15.16666637	0.00304662
-15.13333304	0.00320242
-15.09999970	0.00303933
-15.06666637	0.00313408
-15.03333304	0.00308327
-14.99999970	0.00308494
-14.96666637	0.00316699
-14.93333304	0.00309758
-14.89999970	0.00311526
-14.86666637	0.00311300
-14.83333304	0.00315696
-14.79999971	0.00305573
-14.76666637	0.00318583
-14.73333304	0.00318406
-14.69999971	0.00312005
-14.66666637	0.00325186
-14.63333304	0.00314729
-14.59999971	0.00315557
-14.56666637	0.00309920
-14.53333304	0.00317024
-14.49999971	0.00316468
-14.46666638	0.00303367
-14.43333304	0.00306337
-14.39999971	0.00304265
-14.36666638	0.00305287
-14.33333304	0.00303371
-14.29999971	0.00286609
-14.26666638	0.00292232
-14.23333304	0.00279280
-14.19999971	0.00286530
-14.16666638	0.00276205
-14.13333305	0.00277460
-14.09999971	0.00270283
-14.06666638	0.00278280
-14.03333305	0.00276328
-13.99999971	0.00265240
-13.96666638	0.00268136
-13.93333305	0.00266684
-13.89999971	0.00268840
-13.86666638	0.00264367
-13.83333305	0.00266180
-13.79999972	0.00270556
-13.76666638	0.00260997
-13.73333305	0.00268391
-13.69999972	0.00273181
-13.66666638	0.00267795
-13.63333305	0.00278404
-13.59999972	0.00274965
-13.56666638	0.00276938
-13.53333305	0.00277490
-13.49999972	0.00290481
-13.46666639	0.00280863
-13.43333305	0.00283742
-13.39999972	0.00280460
-13.36666639	0.00291513
-13.33333305	0.00283812
-13.29999972	0.00294435
-13.26666639	0.00292193
-13.23333305	0.00300266
-13.19999972	0.00296823
-13.16666639	0.00293297
-13.13333306	0.00301229
-13.09999972	0.00290356
-13.06666639	0.00287869
-13.03333306	0.00288605
-12.99999972	0.00292309
-12.96666639	0.00295450
-12.93333306	0.00292114
-12.89999972	0.00306670
-12.86666639	0.00301806
-12.83333306	0.00306554
-12.79999973	0.00301452
-12.76666639	0.00289770
-12.73333306	0.00295766
-12.69999973	0.00300382
-12.66666639	0.00300665
-12.63333306	0.00285176
-12.59999973	0.00286678
-12.56666639	0.00293125
-12.53333306	0.00290972
-12.49999973	0.00293447
-12.46666640	0.00286116
-12.43333306	0.00289294
-12.39999973	0.00277569
-12.36666640	0.00291043
-12.33333306	0.00302674
-12.29999973	0.00300905
-12.26666640	0.00298504
-12.23333306	0.00295369
-12.19999973	0.00304916
-12.16666640	0.00313068
-12.13333307	0.00306464
-12.09999973	0.00315422
-12.06666640	0.00317677
-12.03333307	0.00318789
-11.99999973	0.00329038
-11.96666640	0.00327234
-11.93333307	0.00339856
-11.89999973	0.00341005
-11.86666640	0.00350693
-11.83333307	0.00347206
-11.79999974	0.00359891
-11.76666640	0.00358480
-11.73333307	0.00364406
-11.69999974	0.00367219
-11.66666640	0.00371281
-11.63333307	0.00385360
-11.59999974	0.00381293
-11.56666640	0.00384901
-11.53333307	0.00392552
-11.49999974	0.00391160
-11.46666641	0.00392641
-11.43333307	0.00390860
-11.39999974	0.00400788
-11.36666641	0.00404399
-11.33333307	0.00402297
-11.29999974	0.00401620
-11.26666641	0.00401599
-11.23333307	0.00405136
-11.19999974	0.00398405
-11.16666641	0.00390785
-11.13333308	0.00394236
-11.09999974	0.00394284
-11.06666641	0.00388466
-11.03333308	0.00385202
-10.99999974	0.00379039
-10.96666641	0.00373390
-10.93333308	0.00356212
-10.89999974	0.00356830
-10.86666641	0.00355242
-10.83333308	0.00349747
-10.79999974	0.00343421
-10.76666641	0.00343599
-10.73333308	0.00329959
-10.69999975	0.00329351
-10.66666641	0.00309671
-10.63333308	0.00311203
-10.59999975	0.00297209
-10.56666641	0.00290555
-10.53333308	0.00298127
-10.49999975	0.00281912
-10.46666641	0.00279626
-10.43333308	0.00258885
-10.39999975	0.00268064
-10.36666642	0.00263005
-10.33333308	0.00255068
-10.29999975	0.00247453
-10.26666642	0.00244337
-10.23333308	0.00227166
-10.19999975	0.00227177
-10.16666642	0.00216635
-10.13333308	0.00217586
-10.09999975	0.00210331
-10.06666642	0.00196860
-10.03333309	0.00193980
-9.99999975	0.00198662
-9.96666642	0.00180136
-9.93333309	0.00187061
-9.89999975	0.00168572
-9.86666642	0.00160788
-9.83333309	0.00156204
-9.79999975	0.00145511
-9.76666642	0.00138434
-9.73333309	0.00131602
-9.69999976	0.00123662
-9.66666642	0.00113304
-9.63333309	0.00115822
-9.59999976	0.00098872
-9.56666642	0.00092568
-9.53333309	0.00075619
-9.49999976	0.00062989
-9.46666642	0.00046797
-9.43333309	0.00038517
-9.39999976	0.00024900
-9.36666643	0.00011450
-9.33333309	-0.00005955
-9.29999976	-0.00010334
-9.26666643	-0.00025904
-9.23333309	-0.00047415
-9.19999976	-0.00055951
-9.16666643	-0.00066547
-9.13333309	-0.00087662
-9.09999976	-0.00097586
-9.06666643	-0.00108093
-9.03333310	-0.00131864
-8.99999976	-0.00157200
-8.96666643	-0.00165458
-8.93333310	-0.00180832
-8.89999976	-0.00204252
-8.86666643	-0.00199025
-8.83333310	-0.00218914
-8.79999976	-0.00233308
-8.76666643	-0.00247925
-8.73333310	-0.00266917
-8.69999977	-0.00284901
-8.66666643	-0.00287125
-8.63333310	-0.00295845
-8.59999977	-0.00307251
-8.56666643	-0.00319850
-8.53333310	-0.00328499
-8.49999977	-0.00352975
-8.46666643	-0.00339598
-8.43333310	-0.00352962
-8.39999977	-0.00364870
-8.36666644	-0.00354949
-8.33333310	-0.00362661
-8.29999977	-0.00361722
-8.26666644	-0.00368975
-8.23333310	-0.00365639
-8.19999977	-0.00364506
-8.16666644	-0.00358450
-8.13333310	-0.00359952
-8.09999977	-0.00348830
-8.06666644	-0.00348603
-8.03333311	-0.00344893
-7.99999977	-0.00340280
-7.96666644	-0.00342238
-7.93333311	-0.00331465
-7.89999977	-0.00331487
-7.86666644	-0.00326944
-7.83333311	-0.00317064
-7.79999977	-0.00312138
-7.76666644	-0.00300166
-7.73333311	-0.00299028
-7.69999978	-0.00293294
-7.66666644	-0.00285316
-7.63333311	-0.00271844
-7.59999978	-0.00267290
-7.56666644	-0.00258445
-7.53333311	-0.00251256
-7.49999978	-0.00247556
-7.46666644	-0.00235709
-7.43333311	-0.00235673
-7.39999978	-0.00230323
-7.36666645	-0.00217615
-7.33333311	-0.00215392
-7.29999978	-0.00202587
-7.26666645	-0.00188873
-7.23333311	-0.00183303
-7.19999978	-0.00174866
-7.16666645	-0.00162773
-7.13333311	-0.00151954
-7.09999978	-0.00143092
-7.06666645	-0.00127668
-7.03333312	-0.00122099
-6.99999978	-0.00112780
-6.96666645	-0.00111848
-6.93333312	-0.00103351
-6.89999978	-0.00098213
-6.86666645	-0.00082568
-6.83333312	-0.00065793
-6.79999978	-0.00048124
-6.76666645	-0.00044196
-6.73333312	-0.00050429
-6.69999979	-0.00032882
-6.66666645	-0.00022453
-6.63333312	-0.00027528
-6.59999979	-0.00011522
-6.56666645	-0.00007255
-6.53333312	0.00001379
-6.49999979	-0.00001498
-6.46666645	0.00012295
-6.43333312	0.00007824
-6.39999979	0.00008039
-6.36666646	0.00008376
-6.33333312	0.00004485
-6.29999979	0.00012933
-6.26666646	0.00015201
-6.23333312	0.00017346
-6.19999979	0.00022347
-6.16666646	0.00030087
-6.13333312	0.00027099
-6.09999979	0.00028702
-6.06666646	0.00020042
-6.03333313	0.00029399
-5.99999979	0.00034586
-5.96666646	0.00020890
-5.93333313	0.00024738
-5.89999979	0.00028506
-5.86666646	0.00011144
-5.83333313	0.00012941
-5.79999979	0.00006279
-5.76666646	-0.00002655
-5.73333313	-0.00003631
-5.69999980	-0.00014552
-5.66666646	-0.00029647
-5.63333313	-0.00044717
-5.59999980	-0.00057602
-5.56666646	-0.00065305
-5.53333313	-0.00081556
-5.49999980	-0.00090302
-5.46666646	-0.00107284
-5.43333313	-0.00116178
-5.39999980	-0.00143875
-5.36666647	-0.00150712
-5.33333313	-0.00167814
-5.29999980	-0.00194247
-5.26666647	-0.00216326
-5.23333313	-0.00236298
-5.19999980	-0.00254643
-5.16666647	-0.00282671
-5.13333313	-0.00317097
-5.09999980	-0.00345660
-5.06666647	-0.00364363
-5.03333314	-0.00392986
-4.99999980	-0.00418117
-4.96666647	-0.00455252
-4.93333314	-0.00484369
-4.89999980	-0.00519196
-4.86666647	-0.00554997
-4.83333314	-0.00584043
-4.79999980	-0.00617771
-4.76666647	-0.00640944
-4.73333314	-0.00663449
-4.69999981	-0.00694799
-4.66666647	-0.00721849
-4.63333314	-0.00758320
-4.59999981	-0.00776668
-4.56666647	-0.00803627
-4.53333314	-0.00825000
-4.49999981	-0.00860245
-4.46666647	-0.00887482
-4.43333314	-0.00898332
-4.39999981	-0.00918590
-4.36666648	-0.00931928
-4.33333314	-0.00963075
-4.29999981	-0.00975963
-4.26666648	-0.00990434
-4.23333314	-0.01004617
-4.19999981	-0.01020586
-4.16666648	-0.01026479
-4.13333314	-0.01037110
-4.09999981	-0.01051301
-4.06666648	-0.01057304
-4.03333315	-0.01061560
-3.99999981	-0.01068780
-3.96666648	-0.01066603
-3.93333315	-0.01058849
-3.89999981	-0.01065170
-3.86666648	-0.01069572
-3.83333315	-0.01054812
-3.79999981	-0.01048103
-3.76666648	-0.01034073
-3.73333315	-0.01030327
-3.69999982	-0.01024388
-3.66666648	-0.01007908
-3.63333315	-0.00985095
-3.59999982	-0.00972759
-3.56666648	-0.00951289
-3.53333315	-0.00935629
-3.49999982	-0.00910868
-3.46666648	-0.00891015
-3.43333315	-0.00863431
-3.39999982	-0.00846808
-3.36666649	-0.00803353
-3.33333315	-0.00776357
-3.29999982	-0.00748840
-3.26666649	-0.00714474
-3.23333315	-0.00667886
-3.19999982	-0.00651048
-3.16666649	-0.00595526
-3.13333315	-0.00562049
-3.09999982	-0.00514684
-3.06666649	-0.00479473
-3.03333316	-0.00439266
-2.99999982	-0.00387571
-2.96666649	-0.00338180
-2.93333316	-0.00295601
-2.89999982	-0.00242309
-2.86666649	-0.00188500
-2.83333316	-0.00147010
-2.79999982	-0.00090545
-2.76666649	-0.00041330
-2.73333316	0.00011689
-2.69999983	0.00064606
-2.66666649	0.00118413
-2.63333316	0.00166088
-2.59999983	0.00218629
-2.56666649	0.00264751
-2.53333316	0.00315785
-2.49999983	0.00361145
-2.46666649	0.00423447
-2.43333316	0.00457540
-2.39999983	0.00504603
-2.36666650	0.00562363
-2.33333316	0.00605005
-2.29999983	0.00644244
-2.26666650	0.00690224
-2.23333316	0.00725162
-2.19999983	0.00762903
-2.16666650	0.00808002
-2.13333316	0.00843073
-2.09999983	0.00873746
-2.06666650	0.00912672
-2.03333317	0.00943270
-1.99999983	0.00974681
-1.96666650	0.01003883
-1.93333317	0.01024234
-1.89999983	0.01046904
-1.86666650	0.01072887
-1.83333317	0.01096340
-1.79999983	0.01115585
-1.76666650	0.01120245
-1.73333317	0.01145536
-1.69999984	0.01160653
-1.66666650	0.01174108
-1.63333317	0.01178631
-1.59999984	0.01193245
-1.56666650	0.01197415
-1.53333317	0.01196893
-1.49999984	0.01216263
-1.46666650	0.01211955
-1.43333317	0.01203873
-1.39999984	0.01205783
-1.36666651	0.01200333
-1.33333317	0.01199663
-1.29999984	0.01196489
-1.26666651	0.01179063
-1.23333317	0.01185002
-1.19999984	0.01173506
-1.16666651	0.01163974
-1.13333317	0.01159197
-1.09999984	0.01138545
-1.06666651	0.01132616
-1.03333318	0.01120416
-0.99999984	0.01101027
-0.96666651	0.01106093
-0.93333318	0.01089836
-0.89999984	0.01083206
-0.86666651	0.01067855
-0.83333318	0.01058704
-0.79999984	0.01044674
-0.76666651	0.01040076
-0.73333318	0.01011398
-0.69999985	0.01001719
-0.66666651	0.00978146
-0.63333318	0.00970157
-0.59999985	0.00953376
-0.56666651	0.00947789
-0.53333318	0.00920349
-0.49999985	0.00907560
-0.46666651	0.00895290
-0.43333318	0.00885465
-0.39999985	0.00875871
-0.36666652	0.00859482
-0.33333318	0.00858372
-0.29999985	0.00844539
-0.26666652	0.00842699
-0.23333318	0.00836290
-0.19999985	0.00828691
-0.16666652	0.00816556
-0.13333318	0.00811562
-0.09999985	0.00804677
-0.06666652	0.00801232
-0.03333319	0.00797368
0.00000015	0.00800693
0.03333348	0.00802232
0.06666681	0.00785078
0.10000015	0.00796405
0.13333348	0.00794380
0.16666681	0.00789180
0.20000015	0.00805302
0.23333348	0.00807884
0.26666681	0.00805925
0.30000014	0.00815115
0.33333348	0.00821872
0.36666681	0.00830956
0.40000014	0.00839380
0.43333348	0.00850272
0.46666681	0.00864612
0.50000014	0.00861356
0.53333348	0.00891864
0.56666681	0.00896870
0.60000014	0.00893933
0.63333347	0.00908558
0.66666681	0.00914919
0.70000014	0.00928020
0.73333347	0.00930056
0.76666681	0.00940348
0.80000014	0.00953040
0.83333347	0.00960669
0.86666681	0.00961151
0.90000014	0.00970523
0.93333347	0.00976643
0.96666680	0.00978735
1.00000014	0.00992600
1.03333347	0.01001579
1.06666680	0.00992285
1.10000014	0.00981249
1.13333347	0.00973504
1.16666680	0.00984920
1.20000014	0.00958520
1.23333347	0.00956134
1.26666680	0.00950968
1.30000013	0.00942687
1.33333347	0.00933451
1.36666680	0.00921396
1.40000013	0.00905914
1.43333347	0.00901923
1.46666680	0.00879852
1.50000013	0.00861585
1.53333347	0.00847690
1.56666680	0.00835081
1.60000013	0.00817863
1.63333346	0.00804616
1.66666680	0.00798386
1.70000013	0.00779824
1.73333346	0.00768837
1.76666680	0.00763212
1.80000013	0.00750504
1.83333346	0.00750103
1.86666680	0.00743306
1.90000013	0.00736905
1.93333346	0.00711926
1.96666679	0.00712369
2.00000013	0.00709360
2.03333346	0.00698674
2.06666679	0.00701395
2.10000013	0.00700165
2.13333346	0.00697184
2.16666679	0.00691164
2.20000013	0.00688740
2.23333346	0.00688671
2.26666679	0.00690097
2.30000012	0.00677823
2.33333346	0.00681332
2.36666679	0.00699558
2.40000012	0.00699783
2.43333346	0.00699955
2.46666679	0.00702302
2.50000012	0.00707204
2.53333346	0.00711249
2.56666679	0.00718963
2.60000012	0.00719808
2.63333345	0.00731168
2.66666679	0.00725262
2.70000012	0.00725655
2.73333345	0.00736810
2.76666679	0.00741768
2.80000012	0.00744820
2.83333345	0.00756290
2.86666679	0.00742851
2.90000012	0.00754463
2.93333345	0.00758802
2.96666678	0.00747024
3.00000012	0.00755206
3.03333345	0.00760103
3.06666678	0.00743873
3.10000012	0.00743309
3.13333345	0.00736118
3.16666678	0.00738514
3.20000012	0.00726486
3.23333345	0.00715942
3.26666678	0.00713444
3.30000011	0.00695838
3.33333345	0.00690560
3.36666678	0.00689866
3.40000011	0.00665673
3.43333345	0.00657942
3.46666678	0.00650707
3.50000011	0.00641447
3.53333345	0.00623774
3.56666678	0.00615307
3.60000011	0.00594667
3.63333344	0.00583664
3.66666678	0.00569793
3.70000011	0.00560803
3.73333344	0.00536682
3.76666678	0.00527734
3.80000011	0.00514981
3.83333344	0.00505555
3.86666678	0.00477506
3.90000011	0.00454368
3.93333344	0.00448218
3.96666677	0.00425286
4.00000011	0.00411288
4.03333344	0.00383636
4.06666677	0.00359679
4.10000011	0.00344574
4.13333344	0.00314071
4.16666677	0.00296957
4.20000011	0.00283725
4.23333344	0.00267826
4.26666677	0.00240185
4.30000010	0.00203403
4.33333344	0.00198789
4.36666677	0.00180743
4.40000010	0.00161943
4.43333344	0.00147789
4.46666677	0.00124420
4.50000010	0.00101722
4.53333344	0.00095794
4.56666677	0.00085906
4.60000010	0.00061734
4.63333343	0.00046328
4.66666677	0.00038978
4.70000010	0.00023096
4.73333343	0.00015691
4.76666677	-0.00000788
4.80000010	-0.00012950
4.83333343	-0.00012954
4.86666677	-0.00011957
4.90000010	-0.00030334
4.93333343	-0.00049028
4.96666676	-0.00046373
5.00000010	-0.00048726
5.03333343	-0.00056179
5.06666676	-0.00055683
5.10000010	-0.00051849
5.13333343	-0.00060131
5.16666676	-0.00071550
5.20000010	-0.00071392
5.23333343	-0.00073146
5.26666676	-0.00070239
5.30000009	-0.00061867
5.33333343	-0.00060097
5.36666676	-0.00059683
5.40000009	-0.00052461
5.43333343	-0.00038179
5.46666676	-0.00036423
5.50000009	-0.00025864
5.53333343	-0.00009933
5.56666676	-0.00013285
5.60000009	0.00009466
5.63333342	0.00010215
5.66666676	0.00015739
5.70000009	0.00028197
5.73333342	0.00021789
5.76666676	0.00043089
5.80000009	0.00046448
5.83333342	0.00052427
5.86666676	0.00058968
5.90000009	0.00073554
5.93333342	0.00069603
5.96666675	0.00092039
6.00000009	0.00092837
6.03333342	0.00092808
6.06666675	0.00102187
6.10000009	0.00103428
6.13333342	0.00113889
6.16666675	0.00119183
6.20000009	0.00120320
6.23333342	0.00120127
6.26666675	0.00125705
6.30000008	0.00137111
6.33333342	0.00142319
6.36666675	0.00143431
6.40000008	0.00139081
6.43333342	0.00151215
6.46666675	0.00158116
6.50000008	0.00148851
6.53333342	0.00150052
6.56666675	0.00137849
6.60000008	0.00140955
6.63333341	0.00133305
6.66666675	0.00146201
6.70000008	0.00136021
6.73333341	0.00133328
6.76666675	0.00130041
6.80000008	0.00127436
6.83333341	0.00122536
6.86666675	0.00114951
6.90000008	0.00109016
6.93333341	0.00098492
6.96666674	0.00100125
7.00000008	0.00102865
7.03333341	0.00088636
7.06666674	0.00087327
7.10000008	0.00095696
7.13333341	0.00088349
7.16666674	0.00093564
7.20000008	0.00090492
7.23333341	0.00078540
7.26666674	0.00081988
7.30000007	0.00085097
7.33333341	0.00076807
7.36666674	0.00083373
7.40000007	0.00071587
7.43333341	0.00073042
7.46666674	0.00076846
7.50000007	0.00083716
7.53333341	0.00081139
7.56666674	0.00076358
7.60000007	0.00080195
7.63333340	0.00069306
7.66666674	0.00082715
7.70000007	0.00076995
7.73333340	0.00065685
7.76666674	0.00073440
7.80000007	0.00075761
7.83333340	0.00078898
7.86666674	0.00087098
7.90000007	0.00080347
7.93333340	0.00076067
7.96666673	0.00087525
8.00000007	0.00079657
8.03333340	0.00084331
8.06666673	0.00084566
8.10000007	0.00084290
8.13333340	0.00090655
8.16666673	0.00086357
8.20000007	0.00081243
8.23333340	0.00080935
8.26666673	0.00081537
8.30000006	0.00078056
8.33333340	0.00085670
8.36666673	0.00079645
8.40000006	0.00085594
8.43333340	0.00082477
8.46666673	0.00080978
8.50000006	0.00066697
8.53333340	0.00073812
8.56666673	0.00059180
8.60000006	0.00062219
8.63333339	0.00066256
8.66666673	0.00063237
8.70000006	0.00059509
8.73333339	0.00044871
8.76666673	0.00052323
8.80000006	0.00052504
8.83333339	0.00046630
8.86666673	0.00037045
8.90000006	0.00037559
8.93333339	0.00041303
8.96666672	0.00031887
9.00000006	0.00024549
9.03333339	0.00022362
9.06666672	0.00016370
9.10000006	0.00018899
9.13333339	0.00007142
9.16666672	0.00012773
9.20000006	0.00000448
9.23333339	-0.00003641
9.26666672	-0.00004281
9.30000005	-0.00009085
9.33333339	-0.00011057
9.36666672	-0.00009372
9.40000005	-0.00010167
9.43333339	-0.00021091
9.46666672	-0.00025504
9.50000005	-0.00031443
9.53333339	-0.00036091
9.56666672	-0.00033189
9.60000005	-0.00037315
9.63333338	-0.00047759
9.66666672	-0.00044562
9.70000005	-0.00049942
9.73333338	-0.00053075
9.76666672	-0.00054732
9.80000005	-0.00054849
9.83333338	-0.00058279
9.86666672	-0.00065253
9.90000005	-0.00074752
9.93333338	-0.00074915
9.96666671	-0.00081696
10.00000005	-0.00082963
10.03333338	-0.00084516
10.06666671	-0.00088081
10.10000005	-0.00097866
10.13333338	-0.00083794
10.16666671	-0.00094202
10.20000005	-0.00093873
10.23333338	-0.00102573
10.26666671	-0.00103224
10.30000004	-0.00107994
10.33333338	-0.00112027
10.36666671	-0.00111196
10.40000004	-0.00111880
10.43333338	-0.00120110
10.46666671	-0.00121272
10.50000004	-0.00124912
10.53333338	-0.00124723
10.56666671	-0.00125103
10.60000004	-0.00128171
10.63333337	-0.00136103
10.66666671	-0.00141516
10.70000004	-0.00142963
10.73333337	-0.00142401
10.76666671	-0.00150412
10.80000004	-0.00153304
10.83333337	-0.00156688
10.86666671	-0.00154548
10.90000004	-0.00162576
10.93333337	-0.00160192
10.96666670	-0.00159729
11.00000004	-0.00161849
11.03333337	-0.00166696
11.06666670	-0.00167944
11.10000004	-0.00165587
11.13333337	-0.00166419
11.16666670	-0.00168899
11.20000004	-0.00163787
11.23333337	-0.00162467
11.26666670	-0.00166037
11.30000003	-0.00165574
11.33333337	-0.00168384
11.36666670	-0.00172883
11.40000003	-0.00168190
11.43333337	-0.00168891
11.46666670	-0.00167508
11.50000003	-0.00166941
11.53333337	-0.00161672
11.56666670	-0.00163351
11.60000003	-0.00161441
11.63333337	-0.00162513
11.66666670	-0.00155890
11.70000003	-0.00151022
11.73333336	-0.00148812
11.76666670	-0.00148942
11.80000003	-0.00144302
11.83333336	-0.00142398
11.86666670	-0.00137727
11.90000003	-0.00138851
11.93333336	-0.00135182
11.96666670	-0.00133889
12.00000003	-0.00133117
12.03333336	-0.00132259
12.06666669	-0.00128316
12.10000003	-0.00126206
12.13333336	-0.00125987
12.16666669	-0.00123496
12.20000003	-0.00122248
12.23333336	-0.00123755
12.26666669	-0.00118186
12.30000003	-0.00113414
12.33333336	-0.00111481
12.36666669	-0.00111768
12.40000002	-0.00109788
12.43333336	-0.00106931
12.46666669	-0.00105664
12.50000002	-0.00103818
12.53333336	-0.00101969
12.56666669	-0.00098798
12.60000002	-0.00097695
12.63333336	-0.00095761
12.66666669	-0.00094642
12.70000002	-0.00092288
12.73333335	-0.00089825
12.76666669	-0.00089098
12.80000002	-0.00087319
12.83333335	-0.00083112
12.86666669	-0.00083540
12.90000002	-0.00083328
12.93333335	-0.00079693
12.96666669	-0.00078874
13.00000002	-0.00074175
13.03333335	-0.00074147
13.06666668	-0.00071248
13.10000002	-0.00069783
13.13333335	-0.00068181
13.16666668	-0.00065274
13.20000002	-0.00064323
13.23333335	-0.00061305
13.26666668	-0.00059041
13.30000002	-0.00058196
13.33333335	-0.00056231
13.36666668	-0.00053775
13.40000001	-0.00052504
13.43333335	-0.00049821
13.46666668	-0.00048886
13.50000001	-0.00046448
13.53333335	-0.00045057
13.56666668	-0.00043041
13.60000001	-0.00041377
13.63333335	-0.00039284
13.66666668	-0.00038122
13.70000001	-0.00036068
13.73333334	-0.00033985
13.76666668	-0.00032513
13.80000001	-0.00030740
13.83333334	-0.00028770
13.86666668	-0.00027562
13.90000001	-0.00025898
13.93333334	-0.00024111
13.96666668	-0.00022897
14.00000001	-0.00021597
14.03333334	-0.00019856
14.06666667	-0.00018188
14.10000001	-0.00016917
14.13333334	-0.00015977
14.16666667	-0.00014400
14.20000001	-0.00013277
14.23333334	-0.00012223
14.26666667	-0.00011166
14.30000001	-0.00010020
14.33333334	-0.00008844
14.36666667	-0.00007863
14.40000000	-0.00006993
14.43333334	-0.00006045
14.46666667	-0.00005366
14.50000000	-0.00004522
14.53333334	-0.00003820
14.56666667	-0.00003180
14.60000000	-0.00002597
14.63333334	-0.00002030
14.66666667	-0.00001549
14.70000000	-0.00001156
14.73333333	-0.00000795
14.76666667	-0.00000525
14.80000000	-0.00000295
14.83333333	-0.00000132
14.86666667	-0.00000034
14.90000000	0.00000000
