# Menlo Systems GmbH ScanControl
# Program Version 1.3.3
# Start: -65.00000000 ps, Average over 1000 waveforms. Timestamp: 2020-07-03T11:08:30
# Time [ps]	THz Signal [a.u.]
-65.06666589	0.00000000
-65.03333255	0.00000002
-64.99999922	0.00000008
-64.96666589	0.00000013
-64.93333255	0.00000028
-64.89999922	0.00000035
-64.86666589	0.00000055
-64.83333255	0.00000057
-64.79999922	0.00000063
-64.76666589	0.00000067
-64.73333256	0.00000074
-64.69999922	0.00000022
-64.66666589	0.00000068
-64.63333256	0.00000044
-64.59999922	0.00000065
-64.56666589	-0.00000042
-64.53333256	-0.00000034
-64.49999922	-0.00000040
-64.46666589	-0.00000187
-64.43333256	-0.00000166
-64.39999923	-0.00000073
-64.36666589	-0.00000373
-64.33333256	-0.00000613
-64.29999923	-0.00000657
-64.26666589	-0.00000844
-64.23333256	-0.00001059
-64.19999923	-0.00001006
-64.16666589	-0.00001483
-64.13333256	-0.00002019
-64.09999923	-0.00001736
-64.06666590	-0.00002236
-64.03333256	-0.00002525
-63.99999923	-0.00002251
-63.96666590	-0.00002737
-63.93333256	-0.00003127
-63.89999923	-0.00003033
-63.86666590	-0.00003499
-63.83333256	-0.00003499
-63.79999923	-0.00003652
-63.76666590	-0.00005003
-63.73333257	-0.00005305
-63.69999923	-0.00005173
-63.66666590	-0.00004903
-63.63333257	-0.00006219
-63.59999923	-0.00006243
-63.56666590	-0.00007149
-63.53333257	-0.00007483
-63.49999923	-0.00007666
-63.46666590	-0.00007926
-63.43333257	-0.00008744
-63.39999924	-0.00008901
-63.36666590	-0.00011093
-63.33333257	-0.00009495
-63.29999924	-0.00011549
-63.26666590	-0.00011305
-63.23333257	-0.00011661
-63.19999924	-0.00010872
-63.16666590	-0.00010029
-63.13333257	-0.00008946
-63.09999924	-0.00010860
-63.06666591	-0.00010177
-63.03333257	-0.00009680
-62.99999924	-0.00010028
-62.96666591	-0.00010020
-62.93333257	-0.00009475
-62.89999924	-0.00007831
-62.86666591	-0.00007724
-62.83333257	-0.00006409
-62.79999924	-0.00006793
-62.76666591	-0.00004943
-62.73333258	-0.00003353
-62.69999924	-0.00001978
-62.66666591	-0.00000476
-62.63333258	0.00002167
-62.59999924	0.00005027
-62.56666591	0.00008069
-62.53333258	0.00008042
-62.49999924	0.00012474
-62.46666591	0.00012324
-62.43333258	0.00015536
-62.39999924	0.00017435
-62.36666591	0.00017797
-62.33333258	0.00021145
-62.29999925	0.00022976
-62.26666591	0.00028352
-62.23333258	0.00032096
-62.19999925	0.00032703
-62.16666591	0.00035774
-62.13333258	0.00038664
-62.09999925	0.00043713
-62.06666591	0.00048294
-62.03333258	0.00055517
-61.99999925	0.00054995
-61.96666592	0.00060830
-61.93333258	0.00060607
-61.89999925	0.00066037
-61.86666592	0.00067089
-61.83333258	0.00074902
-61.79999925	0.00079265
-61.76666592	0.00081361
-61.73333258	0.00086720
-61.69999925	0.00091599
-61.66666592	0.00091920
-61.63333259	0.00096265
-61.59999925	0.00103947
-61.56666592	0.00110120
-61.53333259	0.00111434
-61.49999925	0.00117178
-61.46666592	0.00120662
-61.43333259	0.00120116
-61.39999925	0.00127398
-61.36666592	0.00131371
-61.33333259	0.00137994
-61.29999926	0.00140657
-61.26666592	0.00145299
-61.23333259	0.00148652
-61.19999926	0.00156700
-61.16666592	0.00160068
-61.13333259	0.00157283
-61.09999926	0.00160212
-61.06666592	0.00168577
-61.03333259	0.00169978
-60.99999926	0.00173216
-60.96666593	0.00177048
-60.93333259	0.00183340
-60.89999926	0.00180616
-60.86666593	0.00178239
-60.83333259	0.00178112
-60.79999926	0.00178346
-60.76666593	0.00172627
-60.73333259	0.00174943
-60.69999926	0.00167355
-60.66666593	0.00173351
-60.63333260	0.00176155
-60.59999926	0.00166970
-60.56666593	0.00161385
-60.53333260	0.00163833
-60.49999926	0.00152886
-60.46666593	0.00152010
-60.43333260	0.00145253
-60.39999926	0.00139646
-60.36666593	0.00133690
-60.33333260	0.00133014
-60.29999927	0.00121232
-60.26666593	0.00110098
-60.23333260	0.00094999
-60.19999927	0.00089049
-60.16666593	0.00073117
-60.13333260	0.00060220
-60.09999927	0.00062443
-60.06666593	0.00051296
-60.03333260	0.00028621
-59.99999927	0.00012482
-59.96666594	0.00005179
-59.93333260	-0.00005964
-59.89999927	-0.00013424
-59.86666594	-0.00034997
-59.83333260	-0.00044473
-59.79999927	-0.00053550
-59.76666594	-0.00067314
-59.73333260	-0.00081156
-59.69999927	-0.00098549
-59.66666594	-0.00107734
-59.63333261	-0.00121381
-59.59999927	-0.00128201
-59.56666594	-0.00135557
-59.53333261	-0.00140271
-59.49999927	-0.00152232
-59.46666594	-0.00164654
-59.43333261	-0.00161303
-59.39999927	-0.00165299
-59.36666594	-0.00179613
-59.33333261	-0.00184949
-59.29999928	-0.00187299
-59.26666594	-0.00199566
-59.23333261	-0.00188575
-59.19999928	-0.00196735
-59.16666594	-0.00194885
-59.13333261	-0.00189893
-59.09999928	-0.00186343
-59.06666594	-0.00194932
-59.03333261	-0.00195961
-58.99999928	-0.00189256
-58.96666595	-0.00178012
-58.93333261	-0.00183014
-58.89999928	-0.00170508
-58.86666595	-0.00173989
-58.83333261	-0.00171280
-58.79999928	-0.00167091
-58.76666595	-0.00162087
-58.73333261	-0.00161778
-58.69999928	-0.00141005
-58.66666595	-0.00141235
-58.63333262	-0.00134044
-58.59999928	-0.00136214
-58.56666595	-0.00125163
-58.53333262	-0.00124677
-58.49999928	-0.00113077
-58.46666595	-0.00110572
-58.43333262	-0.00117476
-58.39999928	-0.00112939
-58.36666595	-0.00105269
-58.33333262	-0.00107904
-58.29999928	-0.00099938
-58.26666595	-0.00096009
-58.23333262	-0.00089312
-58.19999929	-0.00095177
-58.16666595	-0.00086836
-58.13333262	-0.00084523
-58.09999929	-0.00086425
-58.06666595	-0.00101370
-58.03333262	-0.00091465
-57.99999929	-0.00084088
-57.96666595	-0.00088347
-57.93333262	-0.00089435
-57.89999929	-0.00095793
-57.86666596	-0.00094257
-57.83333262	-0.00096453
-57.79999929	-0.00090512
-57.76666596	-0.00088392
-57.73333262	-0.00085524
-57.69999929	-0.00089507
-57.66666596	-0.00084525
-57.63333262	-0.00082436
-57.59999929	-0.00077199
-57.56666596	-0.00079708
-57.53333263	-0.00068100
-57.49999929	-0.00065486
-57.46666596	-0.00054843
-57.43333263	-0.00055187
-57.39999929	-0.00047156
-57.36666596	-0.00044178
-57.33333263	-0.00055969
-57.29999929	-0.00048514
-57.26666596	-0.00033638
-57.23333263	-0.00042926
-57.19999930	-0.00022322
-57.16666596	-0.00018450
-57.13333263	-0.00027447
-57.09999930	-0.00008992
-57.06666596	-0.00010650
-57.03333263	-0.00003856
-56.99999930	0.00007134
-56.96666596	0.00011308
-56.93333263	0.00012232
-56.89999930	0.00017097
-56.86666597	0.00033712
-56.83333263	0.00031164
-56.79999930	0.00033517
-56.76666597	0.00043389
-56.73333263	0.00051201
-56.69999930	0.00054586
-56.66666597	0.00061474
-56.63333263	0.00070910
-56.59999930	0.00070055
-56.56666597	0.00071564
-56.53333264	0.00077838
-56.49999930	0.00086598
-56.46666597	0.00089986
-56.43333264	0.00095807
-56.39999930	0.00097935
-56.36666597	0.00084000
-56.33333264	0.00090668
-56.29999930	0.00103341
-56.26666597	0.00105841
-56.23333264	0.00104442
-56.19999931	0.00096403
-56.16666597	0.00106785
-56.13333264	0.00114401
-56.09999931	0.00107635
-56.06666597	0.00119126
-56.03333264	0.00120408
-55.99999931	0.00116041
-55.96666597	0.00125763
-55.93333264	0.00131614
-55.89999931	0.00136320
-55.86666598	0.00141083
-55.83333264	0.00146502
-55.79999931	0.00140458
-55.76666598	0.00149914
-55.73333264	0.00160440
-55.69999931	0.00146642
-55.66666598	0.00148087
-55.63333264	0.00159461
-55.59999931	0.00153811
-55.56666598	0.00156984
-55.53333265	0.00154964
-55.49999931	0.00149763
-55.46666598	0.00144115
-55.43333265	0.00147262
-55.39999931	0.00146951
-55.36666598	0.00159443
-55.33333265	0.00152359
-55.29999931	0.00155043
-55.26666598	0.00160814
-55.23333265	0.00156917
-55.19999932	0.00153988
-55.16666598	0.00152789
-55.13333265	0.00156472
-55.09999932	0.00144933
-55.06666598	0.00154756
-55.03333265	0.00160497
-54.99999932	0.00149318
-54.96666598	0.00151635
-54.93333265	0.00156230
-54.89999932	0.00158269
-54.86666599	0.00155481
-54.83333265	0.00150157
-54.79999932	0.00155080
-54.76666599	0.00151136
-54.73333265	0.00150389
-54.69999932	0.00148540
-54.66666599	0.00151529
-54.63333265	0.00158954
-54.59999932	0.00160227
-54.56666599	0.00154293
-54.53333266	0.00164527
-54.49999932	0.00148786
-54.46666599	0.00152581
-54.43333266	0.00144582
-54.39999932	0.00149327
-54.36666599	0.00155019
-54.33333266	0.00159959
-54.29999932	0.00165298
-54.26666599	0.00159422
-54.23333266	0.00167531
-54.19999933	0.00164207
-54.16666599	0.00171925
-54.13333266	0.00164642
-54.09999933	0.00176041
-54.06666599	0.00169871
-54.03333266	0.00166016
-53.99999933	0.00165916
-53.96666599	0.00170035
-53.93333266	0.00166382
-53.89999933	0.00173052
-53.86666599	0.00164207
-53.83333266	0.00176332
-53.79999933	0.00161189
-53.76666600	0.00166908
-53.73333266	0.00151202
-53.69999933	0.00149539
-53.66666600	0.00157065
-53.63333266	0.00153604
-53.59999933	0.00149781
-53.56666600	0.00146405
-53.53333266	0.00143406
-53.49999933	0.00135064
-53.46666600	0.00131694
-53.43333267	0.00140765
-53.39999933	0.00135574
-53.36666600	0.00129983
-53.33333267	0.00127750
-53.29999933	0.00130932
-53.26666600	0.00126279
-53.23333267	0.00127832
-53.19999933	0.00120980
-53.16666600	0.00123537
-53.13333267	0.00129582
-53.09999934	0.00120675
-53.06666600	0.00132569
-53.03333267	0.00127432
-52.99999934	0.00129852
-52.96666600	0.00120536
-52.93333267	0.00126330
-52.89999934	0.00126121
-52.86666600	0.00134943
-52.83333267	0.00137594
-52.79999934	0.00130679
-52.76666601	0.00140019
-52.73333267	0.00147071
-52.69999934	0.00147531
-52.66666601	0.00137891
-52.63333267	0.00150678
-52.59999934	0.00151615
-52.56666601	0.00157469
-52.53333267	0.00163257
-52.49999934	0.00159357
-52.46666601	0.00166073
-52.43333268	0.00166766
-52.39999934	0.00164065
-52.36666601	0.00162168
-52.33333268	0.00168403
-52.29999934	0.00172377
-52.26666601	0.00172217
-52.23333268	0.00176842
-52.19999934	0.00181924
-52.16666601	0.00174786
-52.13333268	0.00173756
-52.09999935	0.00166021
-52.06666601	0.00170851
-52.03333268	0.00163532
-51.99999935	0.00177546
-51.96666601	0.00163298
-51.93333268	0.00171379
-51.89999935	0.00163769
-51.86666601	0.00169632
-51.83333268	0.00167425
-51.79999935	0.00161264
-51.76666602	0.00161908
-51.73333268	0.00161651
-51.69999935	0.00152122
-51.66666602	0.00151159
-51.63333268	0.00151796
-51.59999935	0.00149639
-51.56666602	0.00151346
-51.53333268	0.00160404
-51.49999935	0.00142054
-51.46666602	0.00160051
-51.43333269	0.00147138
-51.39999935	0.00153948
-51.36666602	0.00149197
-51.33333269	0.00137099
-51.29999935	0.00148808
-51.26666602	0.00149317
-51.23333269	0.00146377
-51.19999935	0.00141010
-51.16666602	0.00148132
-51.13333269	0.00152059
-51.09999936	0.00148817
-51.06666602	0.00154488
-51.03333269	0.00158425
-50.99999936	0.00177523
-50.96666602	0.00166974
-50.93333269	0.00172979
-50.89999936	0.00166181
-50.86666602	0.00185212
-50.83333269	0.00187534
-50.79999936	0.00174932
-50.76666603	0.00176804
-50.73333269	0.00200192
-50.69999936	0.00202183
-50.66666603	0.00194448
-50.63333269	0.00195288
-50.59999936	0.00194960
-50.56666603	0.00206281
-50.53333269	0.00202736
-50.49999936	0.00208993
-50.46666603	0.00203639
-50.43333270	0.00204097
-50.39999936	0.00206470
-50.36666603	0.00201313
-50.33333270	0.00206675
-50.29999936	0.00206372
-50.26666603	0.00205851
-50.23333270	0.00210225
-50.19999936	0.00207535
-50.16666603	0.00203085
-50.13333270	0.00199275
-50.09999937	0.00194978
-50.06666603	0.00198394
-50.03333270	0.00186681
-49.99999937	0.00187467
-49.96666603	0.00178639
-49.93333270	0.00181805
-49.89999937	0.00170311
-49.86666603	0.00159415
-49.83333270	0.00165335
-49.79999937	0.00159247
-49.76666603	0.00151979
-49.73333270	0.00140150
-49.69999937	0.00137385
-49.66666604	0.00130620
-49.63333270	0.00126862
-49.59999937	0.00114335
-49.56666604	0.00114987
-49.53333270	0.00120070
-49.49999937	0.00112491
-49.46666604	0.00097347
-49.43333270	0.00103540
-49.39999937	0.00086913
-49.36666604	0.00091766
-49.33333271	0.00078087
-49.29999937	0.00069334
-49.26666604	0.00068738
-49.23333271	0.00066489
-49.19999937	0.00068135
-49.16666604	0.00050334
-49.13333271	0.00051532
-49.09999937	0.00057520
-49.06666604	0.00044020
-49.03333271	0.00050712
-48.99999938	0.00062671
-48.96666604	0.00059320
-48.93333271	0.00056272
-48.89999938	0.00063048
-48.86666604	0.00060275
-48.83333271	0.00060887
-48.79999938	0.00059247
-48.76666604	0.00060574
-48.73333271	0.00072270
-48.69999938	0.00074791
-48.66666605	0.00079499
-48.63333271	0.00073660
-48.59999938	0.00085479
-48.56666605	0.00087431
-48.53333271	0.00099464
-48.49999938	0.00111942
-48.46666605	0.00121824
-48.43333271	0.00134572
-48.39999938	0.00131326
-48.36666605	0.00134886
-48.33333272	0.00141210
-48.29999938	0.00149091
-48.26666605	0.00161093
-48.23333272	0.00176292
-48.19999938	0.00183724
-48.16666605	0.00189106
-48.13333272	0.00198854
-48.09999938	0.00205123
-48.06666605	0.00210050
-48.03333272	0.00212385
-47.99999939	0.00218190
-47.96666605	0.00215782
-47.93333272	0.00220132
-47.89999939	0.00225439
-47.86666605	0.00229970
-47.83333272	0.00231493
-47.79999939	0.00239541
-47.76666605	0.00239154
-47.73333272	0.00235087
-47.69999939	0.00244083
-47.66666606	0.00245795
-47.63333272	0.00247395
-47.59999939	0.00248659
-47.56666606	0.00247088
-47.53333272	0.00252258
-47.49999939	0.00248650
-47.46666606	0.00253525
-47.43333272	0.00256496
-47.39999939	0.00249395
-47.36666606	0.00256816
-47.33333273	0.00250427
-47.29999939	0.00241802
-47.26666606	0.00244415
-47.23333273	0.00231169
-47.19999939	0.00222336
-47.16666606	0.00227495
-47.13333273	0.00221979
-47.09999939	0.00204252
-47.06666606	0.00185882
-47.03333273	0.00190378
-46.99999940	0.00185836
-46.96666606	0.00164076
-46.93333273	0.00155660
-46.89999940	0.00141215
-46.86666606	0.00133548
-46.83333273	0.00111707
-46.79999940	0.00093729
-46.76666606	0.00087162
-46.73333273	0.00073844
-46.69999940	0.00055791
-46.66666607	0.00031112
-46.63333273	0.00017566
-46.59999940	0.00011572
-46.56666607	-0.00007327
-46.53333273	-0.00039535
-46.49999940	-0.00041686
-46.46666607	-0.00053770
-46.43333273	-0.00059601
-46.39999940	-0.00078660
-46.36666607	-0.00086606
-46.33333274	-0.00086797
-46.29999940	-0.00088750
-46.26666607	-0.00093754
-46.23333274	-0.00094433
-46.19999940	-0.00083113
-46.16666607	-0.00079064
-46.13333274	-0.00089265
-46.09999940	-0.00081779
-46.06666607	-0.00059473
-46.03333274	-0.00048156
-45.99999941	-0.00024054
-45.96666607	0.00002171
-45.93333274	0.00044231
-45.89999941	0.00071510
-45.86666607	0.00111757
-45.83333274	0.00157166
-45.79999941	0.00199198
-45.76666607	0.00253319
-45.73333274	0.00319179
-45.69999941	0.00390533
-45.66666607	0.00465744
-45.63333274	0.00541860
-45.59999941	0.00629934
-45.56666608	0.00719639
-45.53333274	0.00827058
-45.49999941	0.00931497
-45.46666608	0.01037641
-45.43333274	0.01158272
-45.39999941	0.01277325
-45.36666608	0.01405670
-45.33333274	0.01532152
-45.29999941	0.01661824
-45.26666608	0.01789153
-45.23333275	0.01924871
-45.19999941	0.02059752
-45.16666608	0.02193794
-45.13333275	0.02319577
-45.09999941	0.02434109
-45.06666608	0.02533481
-45.03333275	0.02639663
-44.99999941	0.02731816
-44.96666608	0.02815783
-44.93333275	0.02875031
-44.89999942	0.02918929
-44.86666608	0.02953913
-44.83333275	0.02969649
-44.79999942	0.02955863
-44.76666608	0.02933434
-44.73333275	0.02888556
-44.69999942	0.02807646
-44.66666608	0.02716050
-44.63333275	0.02591870
-44.59999942	0.02456923
-44.56666609	0.02292601
-44.53333275	0.02109595
-44.49999942	0.01895520
-44.46666609	0.01660751
-44.43333275	0.01415961
-44.39999942	0.01150165
-44.36666609	0.00880739
-44.33333275	0.00553506
-44.29999942	0.00242626
-44.26666609	-0.00093137
-44.23333276	-0.00422303
-44.19999942	-0.00771995
-44.16666609	-0.01106045
-44.13333276	-0.01455086
-44.09999942	-0.01805317
-44.06666609	-0.02149557
-44.03333276	-0.02484397
-43.99999942	-0.02800678
-43.96666609	-0.03120269
-43.93333276	-0.03408012
-43.89999943	-0.03691959
-43.86666609	-0.03950632
-43.83333276	-0.04197059
-43.79999943	-0.04417055
-43.76666609	-0.04606651
-43.73333276	-0.04774348
-43.69999943	-0.04925058
-43.66666609	-0.05047940
-43.63333276	-0.05145229
-43.59999943	-0.05196466
-43.56666610	-0.05250839
-43.53333276	-0.05261500
-43.49999943	-0.05252997
-43.46666610	-0.05232834
-43.43333276	-0.05181875
-43.39999943	-0.05128939
-43.36666610	-0.05035565
-43.33333276	-0.04932758
-43.29999943	-0.04817328
-43.26666610	-0.04681486
-43.23333277	-0.04534587
-43.19999943	-0.04373139
-43.16666610	-0.04202841
-43.13333277	-0.04032451
-43.09999943	-0.03845961
-43.06666610	-0.03673878
-43.03333277	-0.03481411
-42.99999943	-0.03295869
-42.96666610	-0.03103563
-42.93333277	-0.02907052
-42.89999944	-0.02702808
-42.86666610	-0.02520471
-42.83333277	-0.02322642
-42.79999944	-0.02131481
-42.76666610	-0.01945892
-42.73333277	-0.01757026
-42.69999944	-0.01571561
-42.66666610	-0.01382476
-42.63333277	-0.01194079
-42.59999944	-0.01009340
-42.56666611	-0.00827302
-42.53333277	-0.00638533
-42.49999944	-0.00477157
-42.46666611	-0.00302094
-42.43333277	-0.00126453
-42.39999944	0.00038408
-42.36666611	0.00214976
-42.33333277	0.00381261
-42.29999944	0.00542531
-42.26666611	0.00701241
-42.23333278	0.00842839
-42.19999944	0.00997696
-42.16666611	0.01132936
-42.13333278	0.01267311
-42.09999944	0.01402760
-42.06666611	0.01531840
-42.03333278	0.01645229
-41.99999944	0.01758749
-41.96666611	0.01859292
-41.93333278	0.01952142
-41.89999945	0.02026546
-41.86666611	0.02102156
-41.83333278	0.02165947
-41.79999945	0.02217204
-41.76666611	0.02270604
-41.73333278	0.02295625
-41.69999945	0.02321266
-41.66666611	0.02337833
-41.63333278	0.02344914
-41.59999945	0.02338302
-41.56666612	0.02328691
-41.53333278	0.02314449
-41.49999945	0.02287628
-41.46666612	0.02258695
-41.43333278	0.02212890
-41.39999945	0.02166846
-41.36666612	0.02113819
-41.33333278	0.02059092
-41.29999945	0.01994981
-41.26666612	0.01930497
-41.23333278	0.01858521
-41.19999945	0.01796522
-41.16666612	0.01728483
-41.13333279	0.01652142
-41.09999945	0.01592672
-41.06666612	0.01522758
-41.03333279	0.01464149
-40.99999945	0.01403545
-40.96666612	0.01355616
-40.93333279	0.01284662
-40.89999945	0.01223198
-40.86666612	0.01174543
-40.83333279	0.01119828
-40.79999946	0.01080605
-40.76666612	0.01042193
-40.73333279	0.01032052
-40.69999946	0.00986495
-40.66666612	0.00970729
-40.63333279	0.00958722
-40.59999946	0.00936496
-40.56666612	0.00937069
-40.53333279	0.00929136
-40.49999946	0.00918226
-40.46666613	0.00908279
-40.43333279	0.00910079
-40.39999946	0.00913700
-40.36666613	0.00916950
-40.33333279	0.00923524
-40.29999946	0.00924987
-40.26666613	0.00930368
-40.23333279	0.00952383
-40.19999946	0.00958539
-40.16666613	0.00954672
-40.13333280	0.00962711
-40.09999946	0.00963445
-40.06666613	0.00969036
-40.03333280	0.00966860
-39.99999946	0.00968990
-39.96666613	0.00971145
-39.93333280	0.00964832
-39.89999946	0.00966656
-39.86666613	0.00966606
-39.83333280	0.00949014
-39.79999947	0.00935507
-39.76666613	0.00936223
-39.73333280	0.00921973
-39.69999947	0.00911207
-39.66666613	0.00895386
-39.63333280	0.00880941
-39.59999947	0.00873737
-39.56666613	0.00850639
-39.53333280	0.00838726
-39.49999947	0.00811027
-39.46666614	0.00803588
-39.43333280	0.00796289
-39.39999947	0.00758748
-39.36666614	0.00743710
-39.33333280	0.00735049
-39.29999947	0.00713023
-39.26666614	0.00693411
-39.23333280	0.00689516
-39.19999947	0.00657952
-39.16666614	0.00654851
-39.13333281	0.00643664
-39.09999947	0.00628160
-39.06666614	0.00613760
-39.03333281	0.00611037
-38.99999947	0.00607164
-38.96666614	0.00581136
-38.93333281	0.00579570
-38.89999947	0.00560706
-38.86666614	0.00558401
-38.83333281	0.00558976
-38.79999948	0.00549485
-38.76666614	0.00537475
-38.73333281	0.00531883
-38.69999948	0.00518586
-38.66666614	0.00510370
-38.63333281	0.00502317
-38.59999948	0.00502043
-38.56666614	0.00469515
-38.53333281	0.00465637
-38.49999948	0.00444674
-38.46666615	0.00432569
-38.43333281	0.00407062
-38.39999948	0.00389705
-38.36666615	0.00378796
-38.33333281	0.00356102
-38.29999948	0.00332344
-38.26666615	0.00301899
-38.23333281	0.00282374
-38.19999948	0.00257962
-38.16666615	0.00231718
-38.13333282	0.00219445
-38.09999948	0.00179918
-38.06666615	0.00149904
-38.03333282	0.00134011
-37.99999948	0.00104946
-37.96666615	0.00077469
-37.93333282	0.00054530
-37.89999948	0.00032697
-37.86666615	0.00014042
-37.83333282	-0.00019736
-37.79999949	-0.00044952
-37.76666615	-0.00057010
-37.73333282	-0.00060999
-37.69999949	-0.00072285
-37.66666615	-0.00090082
-37.63333282	-0.00100641
-37.59999949	-0.00107593
-37.56666615	-0.00102691
-37.53333282	-0.00114740
-37.49999949	-0.00128693
-37.46666616	-0.00120042
-37.43333282	-0.00129224
-37.39999949	-0.00118796
-37.36666616	-0.00119703
-37.33333282	-0.00122718
-37.29999949	-0.00121320
-37.26666616	-0.00116505
-37.23333282	-0.00103967
-37.19999949	-0.00104133
-37.16666616	-0.00118737
-37.13333282	-0.00104965
-37.09999949	-0.00114296
-37.06666616	-0.00110581
-37.03333283	-0.00126917
-36.99999949	-0.00123735
-36.96666616	-0.00118980
-36.93333283	-0.00129751
-36.89999949	-0.00135886
-36.86666616	-0.00144709
-36.83333283	-0.00160695
-36.79999949	-0.00163071
-36.76666616	-0.00171669
-36.73333283	-0.00183615
-36.69999950	-0.00199144
-36.66666616	-0.00223151
-36.63333283	-0.00226855
-36.59999950	-0.00243652
-36.56666616	-0.00264762
-36.53333283	-0.00281069
-36.49999950	-0.00297094
-36.46666616	-0.00315761
-36.43333283	-0.00343013
-36.39999950	-0.00362661
-36.36666617	-0.00391608
-36.33333283	-0.00403847
-36.29999950	-0.00442129
-36.26666617	-0.00468673
-36.23333283	-0.00489543
-36.19999950	-0.00519975
-36.16666617	-0.00547075
-36.13333283	-0.00567697
-36.09999950	-0.00602891
-36.06666617	-0.00634746
-36.03333284	-0.00654499
-35.99999950	-0.00684726
-35.96666617	-0.00717041
-35.93333284	-0.00738048
-35.89999950	-0.00757873
-35.86666617	-0.00770918
-35.83333284	-0.00794703
-35.79999950	-0.00815766
-35.76666617	-0.00844427
-35.73333284	-0.00862501
-35.69999951	-0.00874393
-35.66666617	-0.00885265
-35.63333284	-0.00891273
-35.59999951	-0.00893722
-35.56666617	-0.00909128
-35.53333284	-0.00917027
-35.49999951	-0.00907106
-35.46666617	-0.00907080
-35.43333284	-0.00909894
-35.39999951	-0.00900705
-35.36666618	-0.00890876
-35.33333284	-0.00882663
-35.29999951	-0.00871309
-35.26666618	-0.00865893
-35.23333284	-0.00845183
-35.19999951	-0.00837314
-35.16666618	-0.00826804
-35.13333284	-0.00825466
-35.09999951	-0.00804055
-35.06666618	-0.00782226
-35.03333285	-0.00771650
-34.99999951	-0.00761647
-34.96666618	-0.00730659
-34.93333285	-0.00725911
-34.89999951	-0.00709220
-34.86666618	-0.00675541
-34.83333285	-0.00674766
-34.79999951	-0.00661454
-34.76666618	-0.00645464
-34.73333285	-0.00632077
-34.69999952	-0.00617306
-34.66666618	-0.00612729
-34.63333285	-0.00608214
-34.59999952	-0.00603484
-34.56666618	-0.00582820
-34.53333285	-0.00577718
-34.49999952	-0.00580228
-34.46666618	-0.00572108
-34.43333285	-0.00564277
-34.39999952	-0.00565341
-34.36666619	-0.00558517
-34.33333285	-0.00566720
-34.29999952	-0.00561680
-34.26666619	-0.00562083
-34.23333285	-0.00561785
-34.19999952	-0.00557664
-34.16666619	-0.00557687
-34.13333285	-0.00558239
-34.09999952	-0.00559338
-34.06666619	-0.00560134
-34.03333286	-0.00565012
-33.99999952	-0.00562192
-33.96666619	-0.00568677
-33.93333286	-0.00565479
-33.89999952	-0.00568774
-33.86666619	-0.00577862
-33.83333286	-0.00580793
-33.79999952	-0.00574907
-33.76666619	-0.00563648
-33.73333286	-0.00566645
-33.69999953	-0.00557994
-33.66666619	-0.00566331
-33.63333286	-0.00562414
-33.59999953	-0.00552139
-33.56666619	-0.00547266
-33.53333286	-0.00536446
-33.49999953	-0.00530333
-33.46666619	-0.00528171
-33.43333286	-0.00518256
-33.39999953	-0.00498084
-33.36666620	-0.00491760
-33.33333286	-0.00503074
-33.29999953	-0.00491272
-33.26666620	-0.00478488
-33.23333286	-0.00465740
-33.19999953	-0.00461145
-33.16666620	-0.00451410
-33.13333286	-0.00440543
-33.09999953	-0.00434206
-33.06666620	-0.00426004
-33.03333286	-0.00411547
-32.99999953	-0.00403679
-32.96666620	-0.00390639
-32.93333287	-0.00393052
-32.89999953	-0.00378310
-32.86666620	-0.00376874
-32.83333287	-0.00380546
-32.79999953	-0.00369979
-32.76666620	-0.00365880
-32.73333287	-0.00366572
-32.69999953	-0.00360171
-32.66666620	-0.00354184
-32.63333287	-0.00351998
-32.59999954	-0.00347375
-32.56666620	-0.00341088
-32.53333287	-0.00336580
-32.49999954	-0.00324465
-32.46666620	-0.00327328
-32.43333287	-0.00325054
-32.39999954	-0.00311631
-32.36666620	-0.00309542
-32.33333287	-0.00298053
-32.29999954	-0.00286871
-32.26666621	-0.00276703
-32.23333287	-0.00261520
-32.19999954	-0.00248419
-32.16666621	-0.00231828
-32.13333287	-0.00222025
-32.09999954	-0.00207375
-32.06666621	-0.00199906
-32.03333287	-0.00175184
-31.99999954	-0.00157465
-31.96666621	-0.00143477
-31.93333288	-0.00126352
-31.89999954	-0.00110674
-31.86666621	-0.00087837
-31.83333288	-0.00073634
-31.79999954	-0.00054601
-31.76666621	-0.00046815
-31.73333288	-0.00032195
-31.69999954	-0.00006202
-31.66666621	0.00006278
-31.63333288	0.00030528
-31.59999955	0.00048512
-31.56666621	0.00058790
-31.53333288	0.00055005
-31.49999955	0.00060701
-31.46666621	0.00072798
-31.43333288	0.00081626
-31.39999955	0.00090877
-31.36666621	0.00101694
-31.33333288	0.00087372
-31.29999955	0.00094497
-31.26666622	0.00090316
-31.23333288	0.00097351
-31.19999955	0.00105132
-31.16666622	0.00098767
-31.13333288	0.00116582
-31.09999955	0.00100448
-31.06666622	0.00101766
-31.03333288	0.00104201
-30.99999955	0.00088515
-30.96666622	0.00082736
-30.93333289	0.00087968
-30.89999955	0.00071111
-30.86666622	0.00073112
-30.83333289	0.00065685
-30.79999955	0.00052674
-30.76666622	0.00046505
-30.73333289	0.00043540
-30.69999955	0.00040104
-30.66666622	0.00023639
-30.63333289	0.00024450
-30.59999956	0.00017746
-30.56666622	0.00000297
-30.53333289	-0.00006407
-30.49999956	-0.00009866
-30.46666622	-0.00010931
-30.43333289	-0.00029053
-30.39999956	-0.00045995
-30.36666622	-0.00048275
-30.33333289	-0.00043254
-30.29999956	-0.00051420
-30.26666623	-0.00049617
-30.23333289	-0.00048183
-30.19999956	-0.00061297
-30.16666623	-0.00061988
-30.13333289	-0.00060557
-30.09999956	-0.00057960
-30.06666623	-0.00055604
-30.03333289	-0.00050002
-29.99999956	-0.00051344
-29.96666623	-0.00054900
-29.93333290	-0.00046611
-29.89999956	-0.00042403
-29.86666623	-0.00027346
-29.83333290	-0.00026728
-29.79999956	-0.00023491
-29.76666623	-0.00005024
-29.73333290	-0.00003726
-29.69999956	0.00000012
-29.66666623	0.00002794
-29.63333290	0.00008504
-29.59999957	0.00015132
-29.56666623	0.00023752
-29.53333290	0.00033190
-29.49999957	0.00032736
-29.46666623	0.00039346
-29.43333290	0.00041883
-29.39999957	0.00042461
-29.36666623	0.00043219
-29.33333290	0.00052813
-29.29999957	0.00049737
-29.26666624	0.00047602
-29.23333290	0.00048926
-29.19999957	0.00040019
-29.16666624	0.00036310
-29.13333290	0.00024502
-29.09999957	0.00030496
-29.06666624	0.00025731
-29.03333290	0.00019776
-28.99999957	0.00009225
-28.96666624	0.00003854
-28.93333291	0.00003428
-28.89999957	0.00000476
-28.86666624	-0.00017482
-28.83333291	-0.00015636
-28.79999957	-0.00023108
-28.76666624	-0.00034755
-28.73333291	-0.00039927
-28.69999957	-0.00044139
-28.66666624	-0.00051903
-28.63333291	-0.00040283
-28.59999957	-0.00052612
-28.56666624	-0.00052700
-28.53333291	-0.00052281
-28.49999958	-0.00056644
-28.46666624	-0.00065090
-28.43333291	-0.00065975
-28.39999958	-0.00061454
-28.36666624	-0.00058221
-28.33333291	-0.00053936
-28.29999958	-0.00048814
-28.26666624	-0.00044261
-28.23333291	-0.00036837
-28.19999958	-0.00037943
-28.16666625	-0.00032403
-28.13333291	-0.00029719
-28.09999958	-0.00034535
-28.06666625	-0.00037122
-28.03333291	-0.00038808
-27.99999958	-0.00028934
-27.96666625	-0.00027491
-27.93333291	-0.00025457
-27.89999958	-0.00020454
-27.86666625	-0.00013196
-27.83333292	-0.00023565
-27.79999958	-0.00018693
-27.76666625	-0.00028723
-27.73333292	-0.00025132
-27.69999958	-0.00031403
-27.66666625	-0.00033611
-27.63333292	-0.00035554
-27.59999958	-0.00032204
-27.56666625	-0.00030343
-27.53333292	-0.00043470
-27.49999959	-0.00040673
-27.46666625	-0.00049553
-27.43333292	-0.00050693
-27.39999959	-0.00048996
-27.36666625	-0.00059808
-27.33333292	-0.00077400
-27.29999959	-0.00077160
-27.26666625	-0.00087848
-27.23333292	-0.00095046
-27.19999959	-0.00094809
-27.16666626	-0.00112821
-27.13333292	-0.00114269
-27.09999959	-0.00124806
-27.06666626	-0.00132386
-27.03333292	-0.00130585
-26.99999959	-0.00145023
-26.96666626	-0.00154271
-26.93333292	-0.00156454
-26.89999959	-0.00167135
-26.86666626	-0.00169496
-26.83333293	-0.00175733
-26.79999959	-0.00182536
-26.76666626	-0.00181576
-26.73333293	-0.00188429
-26.69999959	-0.00184226
-26.66666626	-0.00180548
-26.63333293	-0.00186765
-26.59999959	-0.00183520
-26.56666626	-0.00177235
-26.53333293	-0.00171376
-26.49999960	-0.00172267
-26.46666626	-0.00176647
-26.43333293	-0.00181089
-26.39999960	-0.00168752
-26.36666626	-0.00171580
-26.33333293	-0.00177767
-26.29999960	-0.00170099
-26.26666626	-0.00158984
-26.23333293	-0.00157586
-26.19999960	-0.00169979
-26.16666627	-0.00161893
-26.13333293	-0.00139569
-26.09999960	-0.00146971
-26.06666627	-0.00144742
-26.03333293	-0.00140221
-25.99999960	-0.00143238
-25.96666627	-0.00142915
-25.93333293	-0.00139741
-25.89999960	-0.00135068
-25.86666627	-0.00131677
-25.83333294	-0.00126987
-25.79999960	-0.00133565
-25.76666627	-0.00134296
-25.73333294	-0.00140314
-25.69999960	-0.00143331
-25.66666627	-0.00147673
-25.63333294	-0.00153914
-25.59999960	-0.00149915
-25.56666627	-0.00162421
-25.53333294	-0.00158543
-25.49999961	-0.00173967
-25.46666627	-0.00177345
-25.43333294	-0.00181832
-25.39999961	-0.00189106
-25.36666627	-0.00192354
-25.33333294	-0.00194231
-25.29999961	-0.00219124
-25.26666627	-0.00217592
-25.23333294	-0.00239774
-25.19999961	-0.00248299
-25.16666628	-0.00254995
-25.13333294	-0.00261244
-25.09999961	-0.00276552
-25.06666628	-0.00283743
-25.03333294	-0.00286446
-24.99999961	-0.00298468
-24.96666628	-0.00296518
-24.93333294	-0.00314807
-24.89999961	-0.00312741
-24.86666628	-0.00314454
-24.83333295	-0.00320028
-24.79999961	-0.00329354
-24.76666628	-0.00340322
-24.73333295	-0.00334304
-24.69999961	-0.00337580
-24.66666628	-0.00342208
-24.63333295	-0.00340157
-24.59999961	-0.00337651
-24.56666628	-0.00343712
-24.53333295	-0.00347543
-24.49999961	-0.00354441
-24.46666628	-0.00346122
-24.43333295	-0.00343895
-24.39999962	-0.00342490
-24.36666628	-0.00336536
-24.33333295	-0.00347742
-24.29999962	-0.00335736
-24.26666628	-0.00338434
-24.23333295	-0.00343010
-24.19999962	-0.00329457
-24.16666628	-0.00345832
-24.13333295	-0.00336762
-24.09999962	-0.00344947
-24.06666629	-0.00326159
-24.03333295	-0.00331477
-23.99999962	-0.00336808
-23.96666629	-0.00343032
-23.93333295	-0.00350031
-23.89999962	-0.00347632
-23.86666629	-0.00359349
-23.83333295	-0.00353753
-23.79999962	-0.00363191
-23.76666629	-0.00373756
-23.73333296	-0.00381399
-23.69999962	-0.00377433
-23.66666629	-0.00390360
-23.63333296	-0.00401158
-23.59999962	-0.00400632
-23.56666629	-0.00409085
-23.53333296	-0.00426306
-23.49999962	-0.00428743
-23.46666629	-0.00431521
-23.43333296	-0.00440897
-23.39999963	-0.00440471
-23.36666629	-0.00443240
-23.33333296	-0.00451270
-23.29999963	-0.00452480
-23.26666629	-0.00451456
-23.23333296	-0.00439447
-23.19999963	-0.00449841
-23.16666629	-0.00450943
-23.13333296	-0.00449592
-23.09999963	-0.00442943
-23.06666630	-0.00445312
-23.03333296	-0.00437872
-22.99999963	-0.00436326
-22.96666630	-0.00420236
-22.93333296	-0.00418990
-22.89999963	-0.00413096
-22.86666630	-0.00404281
-22.83333296	-0.00402029
-22.79999963	-0.00382418
-22.76666630	-0.00383212
-22.73333297	-0.00370875
-22.69999963	-0.00355791
-22.66666630	-0.00348972
-22.63333297	-0.00348611
-22.59999963	-0.00331947
-22.56666630	-0.00323398
-22.53333297	-0.00313165
-22.49999963	-0.00311214
-22.46666630	-0.00310698
-22.43333297	-0.00311470
-22.39999964	-0.00306645
-22.36666630	-0.00298566
-22.33333297	-0.00305442
-22.29999964	-0.00309229
-22.26666630	-0.00303237
-22.23333297	-0.00310336
-22.19999964	-0.00299313
-22.16666630	-0.00303361
-22.13333297	-0.00307722
-22.09999964	-0.00314261
-22.06666631	-0.00331845
-22.03333297	-0.00324267
-21.99999964	-0.00333420
-21.96666631	-0.00332136
-21.93333297	-0.00337252
-21.89999964	-0.00351014
-21.86666631	-0.00343393
-21.83333297	-0.00363356
-21.79999964	-0.00367984
-21.76666631	-0.00364571
-21.73333298	-0.00382147
-21.69999964	-0.00390166
-21.66666631	-0.00386667
-21.63333298	-0.00395842
-21.59999964	-0.00407225
-21.56666631	-0.00409213
-21.53333298	-0.00407291
-21.49999964	-0.00411677
-21.46666631	-0.00430550
-21.43333298	-0.00418309
-21.39999965	-0.00424446
-21.36666631	-0.00425526
-21.33333298	-0.00436215
-21.29999965	-0.00440290
-21.26666631	-0.00437736
-21.23333298	-0.00431777
-21.19999965	-0.00443780
-21.16666631	-0.00435741
-21.13333298	-0.00443148
-21.09999965	-0.00443531
-21.06666632	-0.00444217
-21.03333298	-0.00443412
-20.99999965	-0.00439730
-20.96666632	-0.00436018
-20.93333298	-0.00437630
-20.89999965	-0.00437063
-20.86666632	-0.00441802
-20.83333298	-0.00436623
-20.79999965	-0.00429411
-20.76666632	-0.00432328
-20.73333299	-0.00429431
-20.69999965	-0.00435205
-20.66666632	-0.00427638
-20.63333299	-0.00421521
-20.59999965	-0.00419401
-20.56666632	-0.00420558
-20.53333299	-0.00411422
-20.49999965	-0.00413791
-20.46666632	-0.00408128
-20.43333299	-0.00418966
-20.39999965	-0.00418383
-20.36666632	-0.00410872
-20.33333299	-0.00405974
-20.29999966	-0.00397557
-20.26666632	-0.00410047
-20.23333299	-0.00411014
-20.19999966	-0.00404097
-20.16666632	-0.00412215
-20.13333299	-0.00411184
-20.09999966	-0.00403346
-20.06666632	-0.00407592
-20.03333299	-0.00401400
-19.99999966	-0.00386385
-19.96666633	-0.00392725
-19.93333299	-0.00405785
-19.89999966	-0.00396276
-19.86666633	-0.00400343
-19.83333299	-0.00398258
-19.79999966	-0.00393453
-19.76666633	-0.00389651
-19.73333299	-0.00393848
-19.69999966	-0.00392778
-19.66666633	-0.00390169
-19.63333300	-0.00383924
-19.59999966	-0.00376005
-19.56666633	-0.00386956
-19.53333300	-0.00378345
-19.49999966	-0.00381852
-19.46666633	-0.00383788
-19.43333300	-0.00381335
-19.39999966	-0.00365601
-19.36666633	-0.00372385
-19.33333300	-0.00357794
-19.29999967	-0.00351864
-19.26666633	-0.00334424
-19.23333300	-0.00334278
-19.19999967	-0.00325228
-19.16666633	-0.00326270
-19.13333300	-0.00321216
-19.09999967	-0.00309437
-19.06666633	-0.00299119
-19.03333300	-0.00283970
-18.99999967	-0.00277487
-18.96666634	-0.00267260
-18.93333300	-0.00259018
-18.89999967	-0.00248676
-18.86666634	-0.00239446
-18.83333300	-0.00239014
-18.79999967	-0.00227719
-18.76666634	-0.00229528
-18.73333300	-0.00213837
-18.69999967	-0.00202582
-18.66666634	-0.00198040
-18.63333301	-0.00197164
-18.59999967	-0.00190813
-18.56666634	-0.00183165
-18.53333301	-0.00179694
-18.49999967	-0.00165241
-18.46666634	-0.00165970
-18.43333301	-0.00158691
-18.39999967	-0.00167400
-18.36666634	-0.00164170
-18.33333301	-0.00164536
-18.29999968	-0.00151264
-18.26666634	-0.00151117
-18.23333301	-0.00162188
-18.19999968	-0.00156263
-18.16666634	-0.00164712
-18.13333301	-0.00170153
-18.09999968	-0.00171356
-18.06666634	-0.00171540
-18.03333301	-0.00170935
-17.99999968	-0.00176110
-17.96666635	-0.00170086
-17.93333301	-0.00182215
-17.89999968	-0.00166932
-17.86666635	-0.00163100
-17.83333301	-0.00171202
-17.79999968	-0.00155047
-17.76666635	-0.00153487
-17.73333301	-0.00146364
-17.69999968	-0.00141015
-17.66666635	-0.00135072
-17.63333302	-0.00123465
-17.59999968	-0.00107168
-17.56666635	-0.00101735
-17.53333302	-0.00092396
-17.49999968	-0.00084082
-17.46666635	-0.00071672
-17.43333302	-0.00056377
-17.39999968	-0.00046891
-17.36666635	-0.00037003
-17.33333302	-0.00019060
-17.29999969	-0.00000877
-17.26666635	0.00002239
-17.23333302	0.00016245
-17.19999969	0.00019853
-17.16666635	0.00041279
-17.13333302	0.00059908
-17.09999969	0.00072697
-17.06666635	0.00076611
-17.03333302	0.00089686
-16.99999969	0.00098232
-16.96666636	0.00112065
-16.93333302	0.00115229
-16.89999969	0.00135234
-16.86666636	0.00131054
-16.83333302	0.00151359
-16.79999969	0.00145711
-16.76666636	0.00162364
-16.73333302	0.00165441
-16.69999969	0.00168154
-16.66666636	0.00176191
-16.63333303	0.00174665
-16.59999969	0.00179234
-16.56666636	0.00188881
-16.53333303	0.00177672
-16.49999969	0.00198453
-16.46666636	0.00201830
-16.43333303	0.00211926
-16.39999969	0.00229768
-16.36666636	0.00231269
-16.33333303	0.00221382
-16.29999969	0.00235046
-16.26666636	0.00247433
-16.23333303	0.00247141
-16.19999970	0.00247407
-16.16666636	0.00254461
-16.13333303	0.00268742
-16.09999970	0.00259379
-16.06666636	0.00270703
-16.03333303	0.00277296
-15.99999970	0.00284201
-15.96666636	0.00286913
-15.93333303	0.00299663
-15.89999970	0.00307382
-15.86666637	0.00301391
-15.83333303	0.00313331
-15.79999970	0.00311776
-15.76666637	0.00310889
-15.73333303	0.00321991
-15.69999970	0.00336870
-15.66666637	0.00331103
-15.63333303	0.00326858
-15.59999970	0.00328453
-15.56666637	0.00325298
-15.53333304	0.00331937
-15.49999970	0.00337094
-15.46666637	0.00333808
-15.43333304	0.00343286
-15.39999970	0.00339581
-15.36666637	0.00336977
-15.33333304	0.00342614
-15.29999970	0.00348151
-15.26666637	0.00334355
-15.23333304	0.00347752
-15.19999971	0.00345696
-15.16666637	0.00342091
-15.13333304	0.00352042
-15.09999971	0.00353151
-15.06666637	0.00360551
-15.03333304	0.00350223
-14.99999971	0.00361852
-14.96666637	0.00353900
-14.93333304	0.00344645
-14.89999971	0.00343338
-14.86666638	0.00346357
-14.83333304	0.00346348
-14.79999971	0.00342786
-14.76666638	0.00343790
-14.73333304	0.00332992
-14.69999971	0.00348928
-14.66666638	0.00354168
-14.63333304	0.00350862
-14.59999971	0.00345307
-14.56666638	0.00336574
-14.53333305	0.00342539
-14.49999971	0.00344135
-14.46666638	0.00341261
-14.43333305	0.00337468
-14.39999971	0.00329388
-14.36666638	0.00334394
-14.33333305	0.00329440
-14.29999971	0.00315615
-14.26666638	0.00325677
-14.23333305	0.00328538
-14.19999972	0.00329461
-14.16666638	0.00328404
-14.13333305	0.00311946
-14.09999972	0.00317381
-14.06666638	0.00313676
-14.03333305	0.00311842
-13.99999972	0.00309402
-13.96666638	0.00313151
-13.93333305	0.00310879
-13.89999972	0.00304891
-13.86666639	0.00308583
-13.83333305	0.00316516
-13.79999972	0.00316911
-13.76666639	0.00304254
-13.73333305	0.00319006
-13.69999972	0.00321874
-13.66666639	0.00334253
-13.63333305	0.00328300
-13.59999972	0.00334720
-13.56666639	0.00333880
-13.53333306	0.00336705
-13.49999972	0.00336056
-13.46666639	0.00342261
-13.43333306	0.00340409
-13.39999972	0.00342400
-13.36666639	0.00356553
-13.33333306	0.00342472
-13.29999972	0.00354242
-13.26666639	0.00353483
-13.23333306	0.00344867
-13.19999973	0.00341784
-13.16666639	0.00341079
-13.13333306	0.00347778
-13.09999973	0.00343466
-13.06666639	0.00342054
-13.03333306	0.00333116
-12.99999973	0.00348612
-12.96666639	0.00338186
-12.93333306	0.00339755
-12.89999973	0.00332054
-12.86666640	0.00325048
-12.83333306	0.00319090
-12.79999973	0.00319493
-12.76666640	0.00315831
-12.73333306	0.00317885
-12.69999973	0.00306841
-12.66666640	0.00297322
-12.63333306	0.00304171
-12.59999973	0.00306427
-12.56666640	0.00310198
-12.53333307	0.00306099
-12.49999973	0.00298174
-12.46666640	0.00295293
-12.43333307	0.00294261
-12.39999973	0.00296148
-12.36666640	0.00316305
-12.33333307	0.00308854
-12.29999973	0.00310251
-12.26666640	0.00313382
-12.23333307	0.00325890
-12.19999974	0.00328735
-12.16666640	0.00328017
-12.13333307	0.00335904
-12.09999974	0.00343860
-12.06666640	0.00350210
-12.03333307	0.00354716
-11.99999974	0.00367903
-11.96666640	0.00373369
-11.93333307	0.00388349
-11.89999974	0.00377957
-11.86666640	0.00382698
-11.83333307	0.00389768
-11.79999974	0.00391296
-11.76666641	0.00394624
-11.73333307	0.00402934
-11.69999974	0.00415308
-11.66666641	0.00414959
-11.63333307	0.00418933
-11.59999974	0.00424082
-11.56666641	0.00431403
-11.53333307	0.00429729
-11.49999974	0.00424293
-11.46666641	0.00440695
-11.43333308	0.00440352
-11.39999974	0.00447004
-11.36666641	0.00441670
-11.33333308	0.00441432
-11.29999974	0.00440118
-11.26666641	0.00443346
-11.23333308	0.00427000
-11.19999974	0.00430930
-11.16666641	0.00418933
-11.13333308	0.00416870
-11.09999975	0.00421958
-11.06666641	0.00415601
-11.03333308	0.00405120
-10.99999975	0.00402453
-10.96666641	0.00399669
-10.93333308	0.00398225
-10.89999975	0.00397639
-10.86666641	0.00383671
-10.83333308	0.00378921
-10.79999975	0.00376414
-10.76666642	0.00368870
-10.73333308	0.00362887
-10.69999975	0.00359817
-10.66666642	0.00345044
-10.63333308	0.00340123
-10.59999975	0.00341483
-10.56666642	0.00341098
-10.53333308	0.00342196
-10.49999975	0.00316204
-10.46666642	0.00325018
-10.43333309	0.00311959
-10.39999975	0.00308266
-10.36666642	0.00302676
-10.33333309	0.00303439
-10.29999975	0.00300149
-10.26666642	0.00295090
-10.23333309	0.00276360
-10.19999975	0.00282444
-10.16666642	0.00277102
-10.13333309	0.00266913
-10.09999976	0.00252723
-10.06666642	0.00259838
-10.03333309	0.00242530
-9.99999976	0.00234774
-9.96666642	0.00231137
-9.93333309	0.00214788
-9.89999976	0.00210038
-9.86666642	0.00202658
-9.83333309	0.00190327
-9.79999976	0.00184778
-9.76666643	0.00167957
-9.73333309	0.00156145
-9.69999976	0.00152950
-9.66666643	0.00135190
-9.63333309	0.00132259
-9.59999976	0.00122803
-9.56666643	0.00113821
-9.53333309	0.00102543
-9.49999976	0.00079974
-9.46666643	0.00071257
-9.43333310	0.00060434
-9.39999976	0.00035434
-9.36666643	0.00020958
-9.33333310	0.00011719
-9.29999976	-0.00011671
-9.26666643	-0.00016275
-9.23333310	-0.00022991
-9.19999976	-0.00045370
-9.16666643	-0.00063033
-9.13333310	-0.00070843
-9.09999977	-0.00084770
-9.06666643	-0.00099764
-9.03333310	-0.00117993
-8.99999977	-0.00139756
-8.96666643	-0.00144183
-8.93333310	-0.00149934
-8.89999977	-0.00173876
-8.86666643	-0.00181123
-8.83333310	-0.00180706
-8.79999977	-0.00203698
-8.76666644	-0.00203167
-8.73333310	-0.00208583
-8.69999977	-0.00226973
-8.66666644	-0.00238596
-8.63333310	-0.00232665
-8.59999977	-0.00240377
-8.56666644	-0.00243407
-8.53333310	-0.00262715
-8.49999977	-0.00263109
-8.46666644	-0.00250512
-8.43333311	-0.00256723
-8.39999977	-0.00261708
-8.36666644	-0.00263885
-8.33333311	-0.00257797
-8.29999977	-0.00271135
-8.26666644	-0.00253829
-8.23333311	-0.00260240
-8.19999977	-0.00256857
-8.16666644	-0.00249454
-8.13333311	-0.00245745
-8.09999978	-0.00246450
-8.06666644	-0.00248053
-8.03333311	-0.00242863
-7.99999978	-0.00238910
-7.96666644	-0.00243217
-7.93333311	-0.00241184
-7.89999978	-0.00248943
-7.86666644	-0.00245227
-7.83333311	-0.00236170
-7.79999978	-0.00234733
-7.76666644	-0.00231128
-7.73333311	-0.00228314
-7.69999978	-0.00223690
-7.66666645	-0.00229634
-7.63333311	-0.00215770
-7.59999978	-0.00214297
-7.56666645	-0.00215833
-7.53333311	-0.00211808
-7.49999978	-0.00207006
-7.46666645	-0.00204181
-7.43333311	-0.00199543
-7.39999978	-0.00195762
-7.36666645	-0.00190183
-7.33333312	-0.00187792
-7.29999978	-0.00185043
-7.26666645	-0.00184319
-7.23333312	-0.00174366
-7.19999978	-0.00170148
-7.16666645	-0.00172082
-7.13333312	-0.00166416
-7.09999978	-0.00145851
-7.06666645	-0.00138364
-7.03333312	-0.00144770
-6.99999979	-0.00132730
-6.96666645	-0.00125264
-6.93333312	-0.00116729
-6.89999979	-0.00117157
-6.86666645	-0.00100301
-6.83333312	-0.00096336
-6.79999979	-0.00085932
-6.76666645	-0.00083811
-6.73333312	-0.00068278
-6.69999979	-0.00066161
-6.66666646	-0.00068642
-6.63333312	-0.00055189
-6.59999979	-0.00048123
-6.56666646	-0.00041655
-6.53333312	-0.00040550
-6.49999979	-0.00043767
-6.46666646	-0.00040055
-6.43333312	-0.00037538
-6.39999979	-0.00033933
-6.36666646	-0.00039134
-6.33333313	-0.00030433
-6.29999979	-0.00036274
-6.26666646	-0.00035205
-6.23333313	-0.00027196
-6.19999979	-0.00023006
-6.16666646	-0.00025815
-6.13333313	-0.00028914
-6.09999979	-0.00034306
-6.06666646	-0.00032371
-6.03333313	-0.00030848
-5.99999980	-0.00036958
-5.96666646	-0.00040699
-5.93333313	-0.00033058
-5.89999980	-0.00044843
-5.86666646	-0.00036008
-5.83333313	-0.00035069
-5.79999980	-0.00056765
-5.76666646	-0.00053002
-5.73333313	-0.00066509
-5.69999980	-0.00067857
-5.66666647	-0.00071270
-5.63333313	-0.00083908
-5.59999980	-0.00096961
-5.56666647	-0.00098339
-5.53333313	-0.00109982
-5.49999980	-0.00114502
-5.46666647	-0.00138622
-5.43333313	-0.00155997
-5.39999980	-0.00169712
-5.36666647	-0.00182489
-5.33333314	-0.00193220
-5.29999980	-0.00195711
-5.26666647	-0.00229711
-5.23333314	-0.00247012
-5.19999980	-0.00260528
-5.16666647	-0.00273887
-5.13333314	-0.00299804
-5.09999980	-0.00318996
-5.06666647	-0.00343241
-5.03333314	-0.00360647
-4.99999981	-0.00399120
-4.96666647	-0.00408311
-4.93333314	-0.00424243
-4.89999981	-0.00449750
-4.86666647	-0.00460232
-4.83333314	-0.00492936
-4.79999981	-0.00515217
-4.76666647	-0.00532196
-4.73333314	-0.00551280
-4.69999981	-0.00577253
-4.66666648	-0.00601488
-4.63333314	-0.00613916
-4.59999981	-0.00639460
-4.56666648	-0.00650292
-4.53333314	-0.00669532
-4.49999981	-0.00683235
-4.46666648	-0.00702723
-4.43333314	-0.00712621
-4.39999981	-0.00730548
-4.36666648	-0.00742181
-4.33333315	-0.00750939
-4.29999981	-0.00762975
-4.26666648	-0.00770109
-4.23333315	-0.00781455
-4.19999981	-0.00785642
-4.16666648	-0.00783678
-4.13333315	-0.00799813
-4.09999981	-0.00807402
-4.06666648	-0.00811655
-4.03333315	-0.00811191
-3.99999982	-0.00802479
-3.96666648	-0.00804405
-3.93333315	-0.00803582
-3.89999982	-0.00799492
-3.86666648	-0.00790417
-3.83333315	-0.00794727
-3.79999982	-0.00793817
-3.76666648	-0.00780196
-3.73333315	-0.00772551
-3.69999982	-0.00752792
-3.66666648	-0.00749644
-3.63333315	-0.00736089
-3.59999982	-0.00715202
-3.56666649	-0.00705098
-3.53333315	-0.00680497
-3.49999982	-0.00659934
-3.46666649	-0.00643079
-3.43333315	-0.00622739
-3.39999982	-0.00606073
-3.36666649	-0.00590352
-3.33333315	-0.00563808
-3.29999982	-0.00541607
-3.26666649	-0.00517494
-3.23333316	-0.00484278
-3.19999982	-0.00452669
-3.16666649	-0.00420334
-3.13333316	-0.00398806
-3.09999982	-0.00369683
-3.06666649	-0.00321964
-3.03333316	-0.00303803
-2.99999982	-0.00265613
-2.96666649	-0.00229527
-2.93333316	-0.00188816
-2.89999983	-0.00149887
-2.86666649	-0.00118001
-2.83333316	-0.00077585
-2.79999983	-0.00033286
-2.76666649	0.00004056
-2.73333316	0.00046475
-2.69999983	0.00087108
-2.66666649	0.00109853
-2.63333316	0.00149844
-2.59999983	0.00197411
-2.56666650	0.00238834
-2.53333316	0.00270106
-2.49999983	0.00309650
-2.46666650	0.00345489
-2.43333316	0.00380464
-2.39999983	0.00418292
-2.36666650	0.00460292
-2.33333316	0.00494199
-2.29999983	0.00530299
-2.26666650	0.00566143
-2.23333317	0.00603506
-2.19999983	0.00639491
-2.16666650	0.00664065
-2.13333317	0.00691037
-2.09999983	0.00714133
-2.06666650	0.00747604
-2.03333317	0.00771378
-1.99999983	0.00798395
-1.96666650	0.00822753
-1.93333317	0.00850015
-1.89999984	0.00868761
-1.86666650	0.00892830
-1.83333317	0.00912032
-1.79999984	0.00938591
-1.76666650	0.00952002
-1.73333317	0.00967147
-1.69999984	0.00990720
-1.66666650	0.00999911
-1.63333317	0.01010704
-1.59999984	0.01028603
-1.56666651	0.01045239
-1.53333317	0.01048330
-1.49999984	0.01058774
-1.46666651	0.01064072
-1.43333317	0.01091401
-1.39999984	0.01100634
-1.36666651	0.01090727
-1.33333317	0.01103566
-1.29999984	0.01109194
-1.26666651	0.01103305
-1.23333318	0.01119995
-1.19999984	0.01107224
-1.16666651	0.01120157
-1.13333318	0.01119875
-1.09999984	0.01114901
-1.06666651	0.01115723
-1.03333318	0.01122705
-0.99999984	0.01120778
-0.96666651	0.01109343
-0.93333318	0.01097614
-0.89999985	0.01097736
-0.86666651	0.01086114
-0.83333318	0.01082861
-0.79999985	0.01078484
-0.76666651	0.01067396
-0.73333318	0.01052143
-0.69999985	0.01045411
-0.66666651	0.01035623
-0.63333318	0.01023784
-0.59999985	0.01022161
-0.56666652	0.00999908
-0.53333318	0.00996867
-0.49999985	0.00987179
-0.46666652	0.00965639
-0.43333318	0.00959271
-0.39999985	0.00960765
-0.36666652	0.00952019
-0.33333318	0.00937409
-0.29999985	0.00929616
-0.26666652	0.00918625
-0.23333319	0.00903816
-0.19999985	0.00914860
-0.16666652	0.00900069
-0.13333319	0.00888122
-0.09999985	0.00900089
-0.06666652	0.00898779
-0.03333319	0.00897489
0.00000015	0.00887445
0.03333348	0.00886095
0.06666681	0.00894464
0.10000014	0.00880966
0.13333348	0.00879272
0.16666681	0.00881918
0.20000014	0.00901768
0.23333348	0.00895171
0.26666681	0.00906208
0.30000014	0.00910388
0.33333348	0.00929747
0.36666681	0.00936882
0.40000014	0.00930572
0.43333347	0.00938320
0.46666681	0.00952403
0.50000014	0.00960436
0.53333347	0.00964901
0.56666681	0.00978221
0.60000014	0.00980454
0.63333347	0.00988703
0.66666681	0.00986469
0.70000014	0.00997113
0.73333347	0.01000956
0.76666681	0.01010700
0.80000014	0.01017692
0.83333347	0.01023945
0.86666680	0.01037748
0.90000014	0.01035811
0.93333347	0.01036853
0.96666680	0.01035881
1.00000014	0.01042915
1.03333347	0.01028034
1.06666680	0.01014805
1.10000014	0.01012283
1.13333347	0.01008028
1.16666680	0.00996258
1.20000013	0.00987127
1.23333347	0.00968450
1.26666680	0.00950125
1.30000013	0.00942047
1.33333347	0.00915273
1.36666680	0.00900555
1.40000013	0.00891136
1.43333347	0.00871974
1.46666680	0.00859364
1.50000013	0.00850475
1.53333346	0.00820746
1.56666680	0.00814063
1.60000013	0.00788943
1.63333346	0.00782594
1.66666680	0.00767592
1.70000013	0.00755440
1.73333346	0.00730054
1.76666680	0.00729150
1.80000013	0.00721424
1.83333346	0.00710560
1.86666679	0.00694498
1.90000013	0.00685081
1.93333346	0.00681939
1.96666679	0.00669827
2.00000013	0.00671977
2.03333346	0.00666533
2.06666679	0.00662057
2.10000013	0.00656989
2.13333346	0.00659858
2.16666679	0.00661022
2.20000012	0.00661504
2.23333346	0.00670291
2.26666679	0.00661232
2.30000012	0.00668911
2.33333346	0.00670693
2.36666679	0.00663853
2.40000012	0.00675791
2.43333346	0.00697392
2.46666679	0.00692819
2.50000012	0.00698729
2.53333345	0.00705285
2.56666679	0.00713399
2.60000012	0.00714179
2.63333345	0.00736133
2.66666679	0.00738071
2.70000012	0.00744411
2.73333345	0.00753837
2.76666679	0.00766180
2.80000012	0.00757726
2.83333345	0.00762285
2.86666678	0.00768637
2.90000012	0.00768186
2.93333345	0.00777961
2.96666678	0.00771665
3.00000012	0.00773501
3.03333345	0.00779105
3.06666678	0.00760839
3.10000012	0.00773737
3.13333345	0.00761756
3.16666678	0.00752077
3.20000011	0.00747067
3.23333345	0.00746854
3.26666678	0.00740222
3.30000011	0.00728341
3.33333345	0.00709092
3.36666678	0.00710503
3.40000011	0.00706384
3.43333345	0.00693012
3.46666678	0.00676865
3.50000011	0.00673368
3.53333344	0.00663113
3.56666678	0.00639231
3.60000011	0.00628488
3.63333344	0.00621378
3.66666678	0.00611198
3.70000011	0.00594682
3.73333344	0.00588532
3.76666678	0.00571435
3.80000011	0.00551390
3.83333344	0.00540422
3.86666677	0.00522420
3.90000011	0.00502900
3.93333344	0.00478277
3.96666677	0.00460026
4.00000011	0.00455457
4.03333344	0.00444442
4.06666677	0.00419435
4.10000011	0.00401896
4.13333344	0.00379735
4.16666677	0.00353509
4.20000010	0.00340093
4.23333344	0.00315648
4.26666677	0.00294861
4.30000010	0.00269309
4.33333344	0.00249969
4.36666677	0.00236179
4.40000010	0.00221363
4.43333344	0.00200179
4.46666677	0.00191206
4.50000010	0.00166833
4.53333343	0.00149340
4.56666677	0.00139840
4.60000010	0.00117544
4.63333343	0.00102872
4.66666677	0.00089822
4.70000010	0.00069682
4.73333343	0.00055762
4.76666677	0.00053041
4.80000010	0.00035732
4.83333343	0.00025408
4.86666677	0.00016207
4.90000010	0.00003200
4.93333343	-0.00000393
4.96666676	-0.00018309
5.00000010	-0.00022678
5.03333343	-0.00011588
5.06666676	-0.00027383
5.10000010	-0.00028536
5.13333343	-0.00032520
5.16666676	-0.00022491
5.20000010	-0.00016811
5.23333343	-0.00017414
5.26666676	-0.00027079
5.30000009	-0.00008340
5.33333343	-0.00009332
5.36666676	-0.00003356
5.40000009	0.00006935
5.43333343	0.00013712
5.46666676	0.00015865
5.50000009	0.00025910
5.53333343	0.00031022
5.56666676	0.00041430
5.60000009	0.00063227
5.63333342	0.00067392
5.66666676	0.00078014
5.70000009	0.00085276
5.73333342	0.00091306
5.76666676	0.00092548
5.80000009	0.00105000
5.83333342	0.00107904
5.86666676	0.00121413
5.90000009	0.00117488
5.93333342	0.00127851
5.96666675	0.00130360
6.00000009	0.00140162
6.03333342	0.00142656
6.06666675	0.00151946
6.10000009	0.00158816
6.13333342	0.00160245
6.16666675	0.00165590
6.20000009	0.00173222
6.23333342	0.00181201
6.26666675	0.00189183
6.30000008	0.00185504
6.33333342	0.00189885
6.36666675	0.00196595
6.40000008	0.00187336
6.43333342	0.00191117
6.46666675	0.00199400
6.50000008	0.00185931
6.53333342	0.00186119
6.56666675	0.00181984
6.60000008	0.00172431
6.63333341	0.00177973
6.66666675	0.00168553
6.70000008	0.00173752
6.73333341	0.00167440
6.76666675	0.00150254
6.80000008	0.00148199
6.83333341	0.00151349
6.86666675	0.00145015
6.90000008	0.00138057
6.93333341	0.00139586
6.96666674	0.00129330
7.00000008	0.00131632
7.03333341	0.00121723
7.06666674	0.00132466
7.10000008	0.00114093
7.13333341	0.00113653
7.16666674	0.00106389
7.20000008	0.00099390
7.23333341	0.00092597
7.26666674	0.00108710
7.30000007	0.00094838
7.33333341	0.00096894
7.36666674	0.00100602
7.40000007	0.00096930
7.43333341	0.00103302
7.46666674	0.00104986
7.50000007	0.00111294
7.53333341	0.00104854
7.56666674	0.00106573
7.60000007	0.00102626
7.63333340	0.00107256
7.66666674	0.00118827
7.70000007	0.00106684
7.73333340	0.00116165
7.76666674	0.00114855
7.80000007	0.00128339
7.83333340	0.00121765
7.86666674	0.00129984
7.90000007	0.00132523
7.93333340	0.00130130
7.96666673	0.00140908
8.00000007	0.00134481
8.03333340	0.00150292
8.06666673	0.00139094
8.10000007	0.00137637
8.13333340	0.00144234
8.16666673	0.00145401
8.20000007	0.00149375
8.23333340	0.00138784
8.26666673	0.00136230
8.30000006	0.00140813
8.33333340	0.00133339
8.36666673	0.00127136
8.40000006	0.00132485
8.43333340	0.00131025
8.46666673	0.00118157
8.50000006	0.00122906
8.53333340	0.00120311
8.56666673	0.00129069
8.60000006	0.00122137
8.63333339	0.00117463
8.66666673	0.00120216
8.70000006	0.00119914
8.73333339	0.00116447
8.76666673	0.00105792
8.80000006	0.00109782
8.83333339	0.00109763
8.86666673	0.00106229
8.90000006	0.00112827
8.93333339	0.00103891
8.96666673	0.00112602
9.00000006	0.00101024
9.03333339	0.00097575
9.06666672	0.00089071
9.10000006	0.00091340
9.13333339	0.00088319
9.16666672	0.00076892
9.20000006	0.00084120
9.23333339	0.00068133
9.26666672	0.00068207
9.30000006	0.00056098
9.33333339	0.00060064
9.36666672	0.00062335
9.40000005	0.00047262
9.43333339	0.00042089
9.46666672	0.00039907
9.50000005	0.00043219
9.53333339	0.00028250
9.56666672	0.00024159
9.60000005	0.00015126
9.63333339	0.00021716
9.66666672	0.00015858
9.70000005	0.00015886
9.73333338	0.00009474
9.76666672	0.00004244
9.80000005	0.00001838
9.83333338	-0.00003583
9.86666672	-0.00011010
9.90000005	-0.00013734
9.93333338	-0.00022237
9.96666672	-0.00031552
10.00000005	-0.00031337
10.03333338	-0.00044504
10.06666671	-0.00041274
10.10000005	-0.00044327
10.13333338	-0.00051194
10.16666671	-0.00065110
10.20000005	-0.00068358
10.23333338	-0.00072593
10.26666671	-0.00072909
10.30000005	-0.00078146
10.33333338	-0.00082483
10.36666671	-0.00089291
10.40000004	-0.00089938
10.43333338	-0.00094945
10.46666671	-0.00104094
10.50000004	-0.00102680
10.53333338	-0.00107891
10.56666671	-0.00111912
10.60000004	-0.00118129
10.63333338	-0.00122788
10.66666671	-0.00120245
10.70000004	-0.00122124
10.73333337	-0.00133563
10.76666671	-0.00135448
10.80000004	-0.00141741
10.83333337	-0.00146098
10.86666671	-0.00146037
10.90000004	-0.00143195
10.93333337	-0.00146548
10.96666671	-0.00150732
11.00000004	-0.00146719
11.03333337	-0.00152680
11.06666670	-0.00156561
11.10000004	-0.00151652
11.13333337	-0.00154733
11.16666670	-0.00151937
11.20000004	-0.00153943
11.23333337	-0.00153520
11.26666670	-0.00147013
11.30000004	-0.00149385
11.33333337	-0.00152301
11.36666670	-0.00148908
11.40000003	-0.00149608
11.43333337	-0.00151999
11.46666670	-0.00148069
11.50000003	-0.00146869
11.53333337	-0.00147574
11.56666670	-0.00145592
11.60000003	-0.00137878
11.63333337	-0.00142148
11.66666670	-0.00139653
11.70000003	-0.00135968
11.73333336	-0.00132074
11.76666670	-0.00131543
11.80000003	-0.00129319
11.83333336	-0.00124732
11.86666670	-0.00123853
11.90000003	-0.00120952
11.93333336	-0.00116759
11.96666670	-0.00113249
12.00000003	-0.00113514
12.03333336	-0.00112859
12.06666669	-0.00109090
12.10000003	-0.00110404
12.13333336	-0.00104778
12.16666669	-0.00104963
12.20000003	-0.00104778
12.23333336	-0.00103197
12.26666669	-0.00100024
12.30000003	-0.00099199
12.33333336	-0.00099268
12.36666669	-0.00096411
12.40000002	-0.00094564
12.43333336	-0.00092419
12.46666669	-0.00091521
12.50000002	-0.00089013
12.53333336	-0.00087152
12.56666669	-0.00087010
12.60000002	-0.00087142
12.63333336	-0.00082597
12.66666669	-0.00081628
12.70000002	-0.00080464
12.73333335	-0.00077200
12.76666669	-0.00077809
12.80000002	-0.00075881
12.83333335	-0.00072667
12.86666669	-0.00071423
12.90000002	-0.00071615
12.93333335	-0.00068351
12.96666669	-0.00067089
13.00000002	-0.00065823
13.03333335	-0.00065286
13.06666668	-0.00063740
13.10000002	-0.00062249
13.13333335	-0.00059637
13.16666668	-0.00058193
13.20000002	-0.00057073
13.23333335	-0.00055588
13.26666668	-0.00053341
13.30000002	-0.00050640
13.33333335	-0.00050478
13.36666668	-0.00048501
13.40000002	-0.00047625
13.43333335	-0.00046203
13.46666668	-0.00044605
13.50000001	-0.00042402
13.53333335	-0.00040998
13.56666668	-0.00039612
13.60000001	-0.00037981
13.63333335	-0.00036928
13.66666668	-0.00035468
13.70000001	-0.00033682
13.73333335	-0.00032122
13.76666668	-0.00030282
13.80000001	-0.00028433
13.83333334	-0.00027224
13.86666668	-0.00025760
13.90000001	-0.00024512
13.93333334	-0.00022728
13.96666668	-0.00021263
14.00000001	-0.00019998
14.03333334	-0.00018693
14.06666668	-0.00017456
14.10000001	-0.00016209
14.13333334	-0.00014926
14.16666667	-0.00013788
14.20000001	-0.00012627
14.23333334	-0.00011318
14.26666667	-0.00010351
14.30000001	-0.00009296
14.33333334	-0.00008384
14.36666667	-0.00007389
14.40000001	-0.00006506
14.43333334	-0.00005762
14.46666667	-0.00004927
14.50000000	-0.00004193
14.53333334	-0.00003503
14.56666667	-0.00002907
14.60000000	-0.00002413
14.63333334	-0.00001886
14.66666667	-0.00001464
14.70000000	-0.00001080
14.73333334	-0.00000742
14.76666667	-0.00000481
14.80000000	-0.00000268
14.83333333	-0.00000120
14.86666667	-0.00000030
14.90000000	0.00000000
