# Menlo Systems GmbH ScanControl
# Program Version 1.3.3
# Start: -65.00000000 ps, Average over 1000 waveforms. Timestamp: 2020-07-03T11:10:29
# Time [ps]	THz Signal [a.u.]
-65.06666578	0.00000000
-65.03333244	0.00000002
-64.99999911	0.00000009
-64.96666578	0.00000017
-64.93333244	0.00000024
-64.89999911	0.00000036
-64.86666578	0.00000056
-64.83333245	0.00000050
-64.79999911	0.00000064
-64.76666578	0.00000082
-64.73333245	0.00000063
-64.69999911	0.00000055
-64.66666578	0.00000024
-64.63333245	-0.00000038
-64.59999912	-0.00000047
-64.56666578	-0.00000040
-64.53333245	-0.00000150
-64.49999912	-0.00000044
-64.46666578	-0.00000287
-64.43333245	-0.00000212
-64.39999912	-0.00000186
-64.36666578	-0.00000387
-64.33333245	-0.00000366
-64.29999912	-0.00000563
-64.26666579	-0.00000755
-64.23333245	-0.00000822
-64.19999912	-0.00001315
-64.16666579	-0.00001325
-64.13333245	-0.00001660
-64.09999912	-0.00001829
-64.06666579	-0.00002057
-64.03333245	-0.00002280
-63.99999912	-0.00002119
-63.96666579	-0.00002253
-63.93333246	-0.00003164
-63.89999912	-0.00002648
-63.86666579	-0.00003059
-63.83333246	-0.00003449
-63.79999912	-0.00003349
-63.76666579	-0.00003911
-63.73333246	-0.00004531
-63.69999913	-0.00005155
-63.66666579	-0.00004984
-63.63333246	-0.00005478
-63.59999913	-0.00006051
-63.56666579	-0.00007405
-63.53333246	-0.00007372
-63.49999913	-0.00007816
-63.46666579	-0.00007759
-63.43333246	-0.00008675
-63.39999913	-0.00008536
-63.36666580	-0.00008665
-63.33333246	-0.00009188
-63.29999913	-0.00009920
-63.26666580	-0.00009396
-63.23333246	-0.00009427
-63.19999913	-0.00008997
-63.16666580	-0.00009090
-63.13333246	-0.00010577
-63.09999913	-0.00010683
-63.06666580	-0.00009097
-63.03333247	-0.00007804
-62.99999913	-0.00006957
-62.96666580	-0.00007628
-62.93333247	-0.00006258
-62.89999913	-0.00006608
-62.86666580	-0.00008038
-62.83333247	-0.00006250
-62.79999914	-0.00005595
-62.76666580	-0.00002806
-62.73333247	-0.00002910
-62.69999914	-0.00000221
-62.66666580	0.00000556
-62.63333247	0.00002447
-62.59999914	0.00006250
-62.56666580	0.00007561
-62.53333247	0.00011323
-62.49999914	0.00013564
-62.46666581	0.00016704
-62.43333247	0.00019498
-62.39999914	0.00020781
-62.36666581	0.00025254
-62.33333247	0.00026923
-62.29999914	0.00028082
-62.26666581	0.00029555
-62.23333247	0.00033769
-62.19999914	0.00040100
-62.16666581	0.00039585
-62.13333248	0.00040669
-62.09999914	0.00046183
-62.06666581	0.00051089
-62.03333248	0.00054140
-61.99999914	0.00058256
-61.96666581	0.00060123
-61.93333248	0.00066797
-61.89999915	0.00071192
-61.86666581	0.00074225
-61.83333248	0.00073240
-61.79999915	0.00084526
-61.76666581	0.00086222
-61.73333248	0.00091079
-61.69999915	0.00094853
-61.66666581	0.00102033
-61.63333248	0.00103618
-61.59999915	0.00109459
-61.56666582	0.00111390
-61.53333248	0.00116064
-61.49999915	0.00123315
-61.46666582	0.00126633
-61.43333248	0.00128893
-61.39999915	0.00135955
-61.36666582	0.00140718
-61.33333248	0.00141592
-61.29999915	0.00146771
-61.26666582	0.00158139
-61.23333249	0.00158354
-61.19999915	0.00163572
-61.16666582	0.00164369
-61.13333249	0.00169473
-61.09999915	0.00173602
-61.06666582	0.00175114
-61.03333249	0.00175335
-60.99999916	0.00177050
-60.96666582	0.00182961
-60.93333249	0.00185202
-60.89999916	0.00186023
-60.86666582	0.00184353
-60.83333249	0.00188914
-60.79999916	0.00187590
-60.76666582	0.00179633
-60.73333249	0.00186412
-60.69999916	0.00184662
-60.66666583	0.00184654
-60.63333249	0.00178138
-60.59999916	0.00175497
-60.56666583	0.00167590
-60.53333249	0.00168659
-60.49999916	0.00165671
-60.46666583	0.00157645
-60.43333249	0.00152781
-60.39999916	0.00140795
-60.36666583	0.00139633
-60.33333250	0.00125772
-60.29999916	0.00122926
-60.26666583	0.00110248
-60.23333250	0.00104051
-60.19999916	0.00092908
-60.16666583	0.00084758
-60.13333250	0.00077382
-60.09999917	0.00058758
-60.06666583	0.00047520
-60.03333250	0.00038629
-59.99999917	0.00024785
-59.96666583	0.00017553
-59.93333250	0.00009715
-59.89999917	-0.00013837
-59.86666583	-0.00019635
-59.83333250	-0.00037595
-59.79999917	-0.00054065
-59.76666584	-0.00065038
-59.73333250	-0.00071554
-59.69999917	-0.00086476
-59.66666584	-0.00097980
-59.63333250	-0.00106485
-59.59999917	-0.00113955
-59.56666584	-0.00123070
-59.53333250	-0.00132573
-59.49999917	-0.00139652
-59.46666584	-0.00149850
-59.43333251	-0.00154099
-59.39999917	-0.00165197
-59.36666584	-0.00173891
-59.33333251	-0.00176323
-59.29999917	-0.00179226
-59.26666584	-0.00177451
-59.23333251	-0.00192047
-59.19999918	-0.00191379
-59.16666584	-0.00189899
-59.13333251	-0.00189462
-59.09999918	-0.00181574
-59.06666584	-0.00186978
-59.03333251	-0.00178463
-58.99999918	-0.00181415
-58.96666584	-0.00173437
-58.93333251	-0.00172577
-58.89999918	-0.00161348
-58.86666585	-0.00157023
-58.83333251	-0.00156761
-58.79999918	-0.00150060
-58.76666585	-0.00142198
-58.73333251	-0.00139739
-58.69999918	-0.00125847
-58.66666585	-0.00126672
-58.63333251	-0.00129898
-58.59999918	-0.00123084
-58.56666585	-0.00123016
-58.53333252	-0.00114927
-58.49999918	-0.00101154
-58.46666585	-0.00103775
-58.43333252	-0.00101569
-58.39999918	-0.00097295
-58.36666585	-0.00086149
-58.33333252	-0.00094841
-58.29999919	-0.00091804
-58.26666585	-0.00085074
-58.23333252	-0.00088039
-58.19999919	-0.00075108
-58.16666585	-0.00088090
-58.13333252	-0.00082192
-58.09999919	-0.00074818
-58.06666585	-0.00078487
-58.03333252	-0.00075638
-57.99999919	-0.00072206
-57.96666586	-0.00076169
-57.93333252	-0.00072668
-57.89999919	-0.00078580
-57.86666586	-0.00082280
-57.83333252	-0.00078368
-57.79999919	-0.00071379
-57.76666586	-0.00062097
-57.73333252	-0.00076006
-57.69999919	-0.00070991
-57.66666586	-0.00061351
-57.63333253	-0.00062506
-57.59999919	-0.00060230
-57.56666586	-0.00069784
-57.53333253	-0.00058336
-57.49999919	-0.00060304
-57.46666586	-0.00063172
-57.43333253	-0.00056080
-57.39999920	-0.00054237
-57.36666586	-0.00043660
-57.33333253	-0.00033506
-57.29999920	-0.00037184
-57.26666586	-0.00034968
-57.23333253	-0.00026665
-57.19999920	-0.00019234
-57.16666586	-0.00014595
-57.13333253	-0.00013729
-57.09999920	-0.00004779
-57.06666587	0.00002074
-57.03333253	0.00006869
-56.99999920	0.00013957
-56.96666587	0.00025024
-56.93333253	0.00012107
-56.89999920	0.00021417
-56.86666587	0.00029601
-56.83333253	0.00043296
-56.79999920	0.00035175
-56.76666587	0.00051421
-56.73333254	0.00057452
-56.69999920	0.00058040
-56.66666587	0.00069718
-56.63333254	0.00070471
-56.59999920	0.00072308
-56.56666587	0.00087318
-56.53333254	0.00096119
-56.49999921	0.00093961
-56.46666587	0.00097537
-56.43333254	0.00107303
-56.39999921	0.00104875
-56.36666587	0.00103484
-56.33333254	0.00119952
-56.29999921	0.00125092
-56.26666587	0.00116443
-56.23333254	0.00111013
-56.19999921	0.00116188
-56.16666588	0.00123214
-56.13333254	0.00129204
-56.09999921	0.00126018
-56.06666588	0.00121941
-56.03333254	0.00126634
-55.99999921	0.00125932
-55.96666588	0.00136171
-55.93333254	0.00143407
-55.89999921	0.00151707
-55.86666588	0.00155326
-55.83333255	0.00150998
-55.79999921	0.00154635
-55.76666588	0.00154954
-55.73333255	0.00159908
-55.69999921	0.00148673
-55.66666588	0.00164402
-55.63333255	0.00152819
-55.59999922	0.00161916
-55.56666588	0.00163150
-55.53333255	0.00163808
-55.49999922	0.00165774
-55.46666588	0.00160531
-55.43333255	0.00171780
-55.39999922	0.00167484
-55.36666588	0.00173949
-55.33333255	0.00167144
-55.29999922	0.00173927
-55.26666589	0.00157190
-55.23333255	0.00164003
-55.19999922	0.00170913
-55.16666589	0.00175083
-55.13333255	0.00163472
-55.09999922	0.00159029
-55.06666589	0.00160273
-55.03333255	0.00163366
-54.99999922	0.00153719
-54.96666589	0.00159753
-54.93333256	0.00165119
-54.89999922	0.00165995
-54.86666589	0.00157505
-54.83333256	0.00155440
-54.79999922	0.00151453
-54.76666589	0.00160241
-54.73333256	0.00157859
-54.69999923	0.00170717
-54.66666589	0.00161842
-54.63333256	0.00162052
-54.59999923	0.00170774
-54.56666589	0.00175811
-54.53333256	0.00168415
-54.49999923	0.00169029
-54.46666589	0.00171433
-54.43333256	0.00166873
-54.39999923	0.00173970
-54.36666590	0.00177019
-54.33333256	0.00170434
-54.29999923	0.00181094
-54.26666590	0.00179491
-54.23333256	0.00181299
-54.19999923	0.00177329
-54.16666590	0.00182388
-54.13333256	0.00182315
-54.09999923	0.00179482
-54.06666590	0.00184966
-54.03333257	0.00182776
-53.99999923	0.00180225
-53.96666590	0.00186322
-53.93333257	0.00180637
-53.89999923	0.00183900
-53.86666590	0.00186782
-53.83333257	0.00177950
-53.79999924	0.00168440
-53.76666590	0.00164389
-53.73333257	0.00170866
-53.69999924	0.00171573
-53.66666590	0.00155431
-53.63333257	0.00158506
-53.59999924	0.00155394
-53.56666590	0.00146875
-53.53333257	0.00152916
-53.49999924	0.00144143
-53.46666591	0.00142472
-53.43333257	0.00147938
-53.39999924	0.00149406
-53.36666591	0.00134032
-53.33333257	0.00131084
-53.29999924	0.00131241
-53.26666591	0.00130153
-53.23333257	0.00133363
-53.19999924	0.00134839
-53.16666591	0.00124237
-53.13333258	0.00118193
-53.09999924	0.00129168
-53.06666591	0.00134899
-53.03333258	0.00130884
-52.99999924	0.00139172
-52.96666591	0.00142640
-52.93333258	0.00144964
-52.89999925	0.00144044
-52.86666591	0.00139456
-52.83333258	0.00144555
-52.79999925	0.00144046
-52.76666591	0.00155581
-52.73333258	0.00145448
-52.69999925	0.00157778
-52.66666591	0.00148132
-52.63333258	0.00151125
-52.59999925	0.00164282
-52.56666592	0.00172956
-52.53333258	0.00174253
-52.49999925	0.00173124
-52.46666592	0.00165841
-52.43333258	0.00184980
-52.39999925	0.00190872
-52.36666592	0.00191387
-52.33333258	0.00185433
-52.29999925	0.00198651
-52.26666592	0.00192751
-52.23333259	0.00187304
-52.19999925	0.00192480
-52.16666592	0.00188577
-52.13333259	0.00191975
-52.09999925	0.00186577
-52.06666592	0.00174383
-52.03333259	0.00181364
-51.99999926	0.00180252
-51.96666592	0.00179507
-51.93333259	0.00180503
-51.89999926	0.00175015
-51.86666592	0.00184232
-51.83333259	0.00179040
-51.79999926	0.00183502
-51.76666592	0.00169843
-51.73333259	0.00167397
-51.69999926	0.00170579
-51.66666593	0.00160041
-51.63333259	0.00170132
-51.59999926	0.00163994
-51.56666593	0.00167053
-51.53333259	0.00151334
-51.49999926	0.00154387
-51.46666593	0.00146911
-51.43333259	0.00153806
-51.39999926	0.00148621
-51.36666593	0.00161976
-51.33333260	0.00151985
-51.29999926	0.00164340
-51.26666593	0.00152847
-51.23333260	0.00159955
-51.19999926	0.00157636
-51.16666593	0.00158009
-51.13333260	0.00162341
-51.09999927	0.00157370
-51.06666593	0.00173016
-51.03333260	0.00169392
-50.99999927	0.00173971
-50.96666593	0.00177610
-50.93333260	0.00189802
-50.89999927	0.00186369
-50.86666593	0.00192951
-50.83333260	0.00194580
-50.79999927	0.00191459
-50.76666594	0.00193916
-50.73333260	0.00201231
-50.69999927	0.00209039
-50.66666594	0.00219509
-50.63333260	0.00217216
-50.59999927	0.00225008
-50.56666594	0.00215820
-50.53333260	0.00219524
-50.49999927	0.00228144
-50.46666594	0.00234396
-50.43333261	0.00232764
-50.39999927	0.00233043
-50.36666594	0.00231221
-50.33333261	0.00237458
-50.29999927	0.00231527
-50.26666594	0.00237320
-50.23333261	0.00228472
-50.19999928	0.00243284
-50.16666594	0.00234966
-50.13333261	0.00225980
-50.09999928	0.00220562
-50.06666594	0.00212905
-50.03333261	0.00214129
-49.99999928	0.00218910
-49.96666594	0.00205586
-49.93333261	0.00198562
-49.89999928	0.00200197
-49.86666595	0.00196543
-49.83333261	0.00184272
-49.79999928	0.00177691
-49.76666595	0.00173673
-49.73333261	0.00160772
-49.69999928	0.00153404
-49.66666595	0.00146532
-49.63333261	0.00143623
-49.59999928	0.00132661
-49.56666595	0.00125630
-49.53333262	0.00124039
-49.49999928	0.00114763
-49.46666595	0.00108678
-49.43333262	0.00119552
-49.39999928	0.00104002
-49.36666595	0.00093388
-49.33333262	0.00097982
-49.29999929	0.00087033
-49.26666595	0.00077089
-49.23333262	0.00077360
-49.19999929	0.00069226
-49.16666595	0.00072391
-49.13333262	0.00060601
-49.09999929	0.00063652
-49.06666595	0.00068125
-49.03333262	0.00067291
-48.99999929	0.00068756
-48.96666596	0.00075139
-48.93333262	0.00083207
-48.89999929	0.00074335
-48.86666596	0.00085094
-48.83333262	0.00068133
-48.79999929	0.00071364
-48.76666596	0.00075007
-48.73333262	0.00083090
-48.69999929	0.00086843
-48.66666596	0.00086669
-48.63333263	0.00101799
-48.59999929	0.00097865
-48.56666596	0.00102099
-48.53333263	0.00116890
-48.49999929	0.00133389
-48.46666596	0.00138369
-48.43333263	0.00138287
-48.39999930	0.00144494
-48.36666596	0.00162374
-48.33333263	0.00162856
-48.29999930	0.00178526
-48.26666596	0.00172212
-48.23333263	0.00187403
-48.19999930	0.00193461
-48.16666596	0.00201677
-48.13333263	0.00213199
-48.09999930	0.00224045
-48.06666597	0.00228987
-48.03333263	0.00239872
-47.99999930	0.00246121
-47.96666597	0.00251507
-47.93333263	0.00255772
-47.89999930	0.00269789
-47.86666597	0.00271544
-47.83333263	0.00278188
-47.79999930	0.00285677
-47.76666597	0.00282344
-47.73333264	0.00286845
-47.69999930	0.00294630
-47.66666597	0.00290097
-47.63333264	0.00293161
-47.59999930	0.00299553
-47.56666597	0.00307831
-47.53333264	0.00304356
-47.49999931	0.00300138
-47.46666597	0.00301262
-47.43333264	0.00299887
-47.39999931	0.00301139
-47.36666597	0.00297661
-47.33333264	0.00292159
-47.29999931	0.00288099
-47.26666597	0.00292119
-47.23333264	0.00284821
-47.19999931	0.00278046
-47.16666598	0.00269042
-47.13333264	0.00269448
-47.09999931	0.00246991
-47.06666598	0.00240156
-47.03333264	0.00230311
-46.99999931	0.00217281
-46.96666598	0.00202746
-46.93333264	0.00194165
-46.89999931	0.00178759
-46.86666598	0.00163683
-46.83333265	0.00152773
-46.79999931	0.00138758
-46.76666598	0.00120330
-46.73333265	0.00100930
-46.69999931	0.00084307
-46.66666598	0.00062777
-46.63333265	0.00044341
-46.59999932	0.00021680
-46.56666598	0.00000455
-46.53333265	-0.00016285
-46.49999932	-0.00034776
-46.46666598	-0.00055678
-46.43333265	-0.00072349
-46.39999932	-0.00087375
-46.36666598	-0.00106879
-46.33333265	-0.00108709
-46.29999932	-0.00121815
-46.26666599	-0.00133740
-46.23333265	-0.00142864
-46.19999932	-0.00142828
-46.16666599	-0.00150875
-46.13333265	-0.00141833
-46.09999932	-0.00137526
-46.06666599	-0.00140305
-46.03333265	-0.00126587
-45.99999932	-0.00120292
-45.96666599	-0.00092302
-45.93333266	-0.00064182
-45.89999932	-0.00038742
-45.86666599	-0.00010012
-45.83333266	0.00030791
-45.79999932	0.00075573
-45.76666599	0.00127191
-45.73333266	0.00181823
-45.69999933	0.00249980
-45.66666599	0.00317087
-45.63333266	0.00410979
-45.59999933	0.00503036
-45.56666599	0.00595987
-45.53333266	0.00700958
-45.49999933	0.00811012
-45.46666599	0.00943429
-45.43333266	0.01068011
-45.39999933	0.01212164
-45.36666600	0.01380007
-45.33333266	0.01532773
-45.29999933	0.01695192
-45.26666600	0.01864869
-45.23333266	0.02026502
-45.19999933	0.02202893
-45.16666600	0.02362971
-45.13333266	0.02536629
-45.09999933	0.02701059
-45.06666600	0.02851510
-45.03333267	0.03001400
-44.99999933	0.03133863
-44.96666600	0.03255240
-44.93333267	0.03366919
-44.89999933	0.03444821
-44.86666600	0.03515827
-44.83333267	0.03546711
-44.79999934	0.03564546
-44.76666600	0.03554946
-44.73333267	0.03509235
-44.69999934	0.03430574
-44.66666600	0.03328767
-44.63333267	0.03186774
-44.59999934	0.03016275
-44.56666600	0.02812446
-44.53333267	0.02582120
-44.49999934	0.02320255
-44.46666601	0.02021164
-44.43333267	0.01695994
-44.39999934	0.01347367
-44.36666601	0.00975962
-44.33333267	0.00594184
-44.29999934	0.00184523
-44.26666601	-0.00236656
-44.23333267	-0.00661845
-44.19999934	-0.01100090
-44.16666601	-0.01534736
-44.13333268	-0.01967919
-44.09999934	-0.02413618
-44.06666601	-0.02824441
-44.03333268	-0.03232910
-43.99999934	-0.03615421
-43.96666601	-0.03975958
-43.93333268	-0.04319938
-43.89999935	-0.04640040
-43.86666601	-0.04918397
-43.83333268	-0.05172677
-43.79999935	-0.05403683
-43.76666601	-0.05582519
-43.73333268	-0.05735263
-43.69999935	-0.05855074
-43.66666601	-0.05950093
-43.63333268	-0.05996531
-43.59999935	-0.06017006
-43.56666602	-0.05996710
-43.53333268	-0.05949856
-43.49999935	-0.05880909
-43.46666602	-0.05789455
-43.43333268	-0.05662941
-43.39999935	-0.05512490
-43.36666602	-0.05352797
-43.33333268	-0.05172421
-43.29999935	-0.04987740
-43.26666602	-0.04763234
-43.23333269	-0.04557123
-43.19999935	-0.04334938
-43.16666602	-0.04105141
-43.13333269	-0.03873601
-43.09999935	-0.03632248
-43.06666602	-0.03406150
-43.03333269	-0.03172212
-42.99999936	-0.02941008
-42.96666602	-0.02718919
-42.93333269	-0.02501858
-42.89999936	-0.02286039
-42.86666602	-0.02062742
-42.83333269	-0.01856515
-42.79999936	-0.01650980
-42.76666602	-0.01458801
-42.73333269	-0.01260045
-42.69999936	-0.01082400
-42.66666603	-0.00904893
-42.63333269	-0.00729389
-42.59999936	-0.00564158
-42.56666603	-0.00401203
-42.53333269	-0.00234750
-42.49999936	-0.00081517
-42.46666603	0.00068105
-42.43333269	0.00219117
-42.39999936	0.00374710
-42.36666603	0.00516236
-42.33333270	0.00668092
-42.29999936	0.00809980
-42.26666603	0.00964127
-42.23333270	0.01094313
-42.19999936	0.01230914
-42.16666603	0.01354646
-42.13333270	0.01480628
-42.09999937	0.01605730
-42.06666603	0.01713680
-42.03333270	0.01822039
-41.99999937	0.01934872
-41.96666603	0.02025176
-41.93333270	0.02119035
-41.89999937	0.02203113
-41.86666603	0.02258783
-41.83333270	0.02321935
-41.79999937	0.02380493
-41.76666604	0.02419521
-41.73333270	0.02457355
-41.69999937	0.02477711
-41.66666604	0.02482342
-41.63333270	0.02487057
-41.59999937	0.02478615
-41.56666604	0.02447569
-41.53333270	0.02416604
-41.49999937	0.02379433
-41.46666604	0.02335965
-41.43333271	0.02280890
-41.39999937	0.02228383
-41.36666604	0.02154832
-41.33333271	0.02071421
-41.29999937	0.01992519
-41.26666604	0.01920783
-41.23333271	0.01827363
-41.19999938	0.01738291
-41.16666604	0.01650176
-41.13333271	0.01566959
-41.09999938	0.01485585
-41.06666604	0.01397471
-41.03333271	0.01316841
-40.99999938	0.01240784
-40.96666604	0.01185692
-40.93333271	0.01121345
-40.89999938	0.01068378
-40.86666605	0.01010686
-40.83333271	0.00974980
-40.79999938	0.00933318
-40.76666605	0.00896276
-40.73333271	0.00871104
-40.69999938	0.00857065
-40.66666605	0.00859121
-40.63333271	0.00852624
-40.59999938	0.00850516
-40.56666605	0.00859493
-40.53333272	0.00874092
-40.49999938	0.00891317
-40.46666605	0.00919192
-40.43333272	0.00954371
-40.39999938	0.00970204
-40.36666605	0.01001892
-40.33333272	0.01029443
-40.29999939	0.01053487
-40.26666605	0.01076103
-40.23333272	0.01104628
-40.19999939	0.01131837
-40.16666605	0.01157516
-40.13333272	0.01176604
-40.09999939	0.01192865
-40.06666605	0.01193222
-40.03333272	0.01216766
-39.99999939	0.01218158
-39.96666606	0.01210222
-39.93333272	0.01199189
-39.89999939	0.01202823
-39.86666606	0.01190485
-39.83333272	0.01185844
-39.79999939	0.01161942
-39.76666606	0.01133961
-39.73333272	0.01110188
-39.69999939	0.01076920
-39.66666606	0.01046324
-39.63333273	0.01009404
-39.59999939	0.00977373
-39.56666606	0.00942131
-39.53333273	0.00897726
-39.49999939	0.00860163
-39.46666606	0.00831224
-39.43333273	0.00798584
-39.39999940	0.00760278
-39.36666606	0.00732328
-39.33333273	0.00705052
-39.29999940	0.00676392
-39.26666606	0.00654940
-39.23333273	0.00626995
-39.19999940	0.00596475
-39.16666606	0.00582398
-39.13333273	0.00567929
-39.09999940	0.00555215
-39.06666607	0.00540648
-39.03333273	0.00531971
-38.99999940	0.00516397
-38.96666607	0.00518720
-38.93333273	0.00514855
-38.89999940	0.00526264
-38.86666607	0.00517101
-38.83333273	0.00523809
-38.79999940	0.00524964
-38.76666607	0.00513264
-38.73333274	0.00521927
-38.69999940	0.00520061
-38.66666607	0.00521416
-38.63333274	0.00505856
-38.59999940	0.00497709
-38.56666607	0.00502174
-38.53333274	0.00486820
-38.49999941	0.00486435
-38.46666607	0.00460744
-38.43333274	0.00442899
-38.39999941	0.00422707
-38.36666607	0.00400101
-38.33333274	0.00387383
-38.29999941	0.00360549
-38.26666607	0.00328922
-38.23333274	0.00291275
-38.19999941	0.00263454
-38.16666608	0.00232282
-38.13333274	0.00188707
-38.09999941	0.00155574
-38.06666608	0.00119028
-38.03333274	0.00090302
-37.99999941	0.00046917
-37.96666608	0.00033905
-37.93333274	-0.00001152
-37.89999941	-0.00033631
-37.86666608	-0.00065212
-37.83333275	-0.00082626
-37.79999941	-0.00113305
-37.76666608	-0.00125000
-37.73333275	-0.00150386
-37.69999941	-0.00163804
-37.66666608	-0.00185855
-37.63333275	-0.00191390
-37.59999942	-0.00199289
-37.56666608	-0.00211145
-37.53333275	-0.00207501
-37.49999942	-0.00200439
-37.46666608	-0.00194257
-37.43333275	-0.00194487
-37.39999942	-0.00188013
-37.36666608	-0.00173298
-37.33333275	-0.00159156
-37.29999942	-0.00151151
-37.26666609	-0.00142038
-37.23333275	-0.00124258
-37.19999942	-0.00123717
-37.16666609	-0.00104743
-37.13333275	-0.00112477
-37.09999942	-0.00095832
-37.06666609	-0.00096060
-37.03333275	-0.00089702
-36.99999942	-0.00086960
-36.96666609	-0.00076577
-36.93333276	-0.00075615
-36.89999942	-0.00075903
-36.86666609	-0.00076854
-36.83333276	-0.00094334
-36.79999942	-0.00095507
-36.76666609	-0.00113660
-36.73333276	-0.00130979
-36.69999943	-0.00147261
-36.66666609	-0.00161396
-36.63333276	-0.00182246
-36.59999943	-0.00206434
-36.56666609	-0.00233511
-36.53333276	-0.00256705
-36.49999943	-0.00286516
-36.46666609	-0.00311800
-36.43333276	-0.00332841
-36.39999943	-0.00370478
-36.36666610	-0.00390138
-36.33333276	-0.00429024
-36.29999943	-0.00460085
-36.26666610	-0.00498723
-36.23333276	-0.00533590
-36.19999943	-0.00557943
-36.16666610	-0.00593291
-36.13333276	-0.00630911
-36.09999943	-0.00667392
-36.06666610	-0.00687911
-36.03333277	-0.00731209
-35.99999943	-0.00750985
-35.96666610	-0.00779491
-35.93333277	-0.00810555
-35.89999943	-0.00835915
-35.86666610	-0.00854490
-35.83333277	-0.00874181
-35.79999944	-0.00904668
-35.76666610	-0.00937062
-35.73333277	-0.00942371
-35.69999944	-0.00941885
-35.66666610	-0.00956894
-35.63333277	-0.00963528
-35.59999944	-0.00970282
-35.56666610	-0.00967621
-35.53333277	-0.00972878
-35.49999944	-0.00975285
-35.46666611	-0.00960228
-35.43333277	-0.00954207
-35.39999944	-0.00939793
-35.36666611	-0.00917565
-35.33333277	-0.00907637
-35.29999944	-0.00901669
-35.26666611	-0.00880284
-35.23333277	-0.00850936
-35.19999944	-0.00838669
-35.16666611	-0.00818200
-35.13333278	-0.00785359
-35.09999944	-0.00763822
-35.06666611	-0.00746356
-35.03333278	-0.00720155
-34.99999944	-0.00705960
-34.96666611	-0.00676362
-34.93333278	-0.00664730
-34.89999945	-0.00643898
-34.86666611	-0.00628067
-34.83333278	-0.00613433
-34.79999945	-0.00596647
-34.76666611	-0.00581503
-34.73333278	-0.00556864
-34.69999945	-0.00551441
-34.66666611	-0.00532262
-34.63333278	-0.00540336
-34.59999945	-0.00529242
-34.56666612	-0.00531309
-34.53333278	-0.00515567
-34.49999945	-0.00513731
-34.46666612	-0.00512346
-34.43333278	-0.00506123
-34.39999945	-0.00517686
-34.36666612	-0.00516276
-34.33333278	-0.00519311
-34.29999945	-0.00515107
-34.26666612	-0.00532095
-34.23333279	-0.00520575
-34.19999945	-0.00536970
-34.16666612	-0.00539578
-34.13333279	-0.00531687
-34.09999945	-0.00539245
-34.06666612	-0.00552395
-34.03333279	-0.00546702
-33.99999946	-0.00557531
-33.96666612	-0.00556635
-33.93333279	-0.00557893
-33.89999946	-0.00566368
-33.86666612	-0.00570469
-33.83333279	-0.00569010
-33.79999946	-0.00564932
-33.76666612	-0.00560973
-33.73333279	-0.00567112
-33.69999946	-0.00562538
-33.66666613	-0.00553353
-33.63333279	-0.00541598
-33.59999946	-0.00535143
-33.56666613	-0.00538222
-33.53333279	-0.00526308
-33.49999946	-0.00521630
-33.46666613	-0.00515086
-33.43333279	-0.00504836
-33.39999946	-0.00490433
-33.36666613	-0.00483197
-33.33333280	-0.00462661
-33.29999946	-0.00458387
-33.26666613	-0.00444721
-33.23333280	-0.00435911
-33.19999946	-0.00425095
-33.16666613	-0.00423579
-33.13333280	-0.00409523
-33.09999947	-0.00401065
-33.06666613	-0.00399256
-33.03333280	-0.00376545
-32.99999947	-0.00386255
-32.96666613	-0.00385503
-32.93333280	-0.00377467
-32.89999947	-0.00375788
-32.86666613	-0.00353656
-32.83333280	-0.00361770
-32.79999947	-0.00365323
-32.76666614	-0.00359024
-32.73333280	-0.00357732
-32.69999947	-0.00357268
-32.66666614	-0.00347896
-32.63333280	-0.00356540
-32.59999947	-0.00358536
-32.56666614	-0.00363787
-32.53333280	-0.00354166
-32.49999947	-0.00346264
-32.46666614	-0.00341734
-32.43333281	-0.00337965
-32.39999947	-0.00327913
-32.36666614	-0.00324695
-32.33333281	-0.00319836
-32.29999947	-0.00304337
-32.26666614	-0.00280129
-32.23333281	-0.00287014
-32.19999948	-0.00262149
-32.16666614	-0.00250937
-32.13333281	-0.00230034
-32.09999948	-0.00209164
-32.06666614	-0.00184207
-32.03333281	-0.00162999
-31.99999948	-0.00143578
-31.96666614	-0.00123832
-31.93333281	-0.00108189
-31.89999948	-0.00082835
-31.86666615	-0.00059610
-31.83333281	-0.00047127
-31.79999948	-0.00031801
-31.76666615	-0.00005115
-31.73333281	0.00018861
-31.69999948	0.00034378
-31.66666615	0.00053917
-31.63333281	0.00059667
-31.59999948	0.00075477
-31.56666615	0.00071187
-31.53333282	0.00088159
-31.49999948	0.00102690
-31.46666615	0.00123175
-31.43333282	0.00131649
-31.39999948	0.00140104
-31.36666615	0.00136632
-31.33333282	0.00150687
-31.29999949	0.00148743
-31.26666615	0.00147117
-31.23333282	0.00154122
-31.19999949	0.00146194
-31.16666615	0.00151527
-31.13333282	0.00159734
-31.09999949	0.00141224
-31.06666615	0.00147934
-31.03333282	0.00137465
-30.99999949	0.00125721
-30.96666616	0.00126214
-30.93333282	0.00110134
-30.89999949	0.00102467
-30.86666616	0.00089894
-30.83333282	0.00089036
-30.79999949	0.00071142
-30.76666616	0.00061277
-30.73333282	0.00057182
-30.69999949	0.00036679
-30.66666616	0.00029617
-30.63333283	0.00019736
-30.59999949	0.00008003
-30.56666616	0.00002455
-30.53333283	-0.00010203
-30.49999949	-0.00025184
-30.46666616	-0.00025925
-30.43333283	-0.00042112
-30.39999950	-0.00045267
-30.36666616	-0.00050185
-30.33333283	-0.00064674
-30.29999950	-0.00057160
-30.26666616	-0.00065871
-30.23333283	-0.00069803
-30.19999950	-0.00063414
-30.16666616	-0.00066171
-30.13333283	-0.00069169
-30.09999950	-0.00065400
-30.06666617	-0.00059840
-30.03333283	-0.00063112
-29.99999950	-0.00059341
-29.96666617	-0.00048014
-29.93333283	-0.00034251
-29.89999950	-0.00026296
-29.86666617	-0.00023692
-29.83333283	-0.00022112
-29.79999950	-0.00004853
-29.76666617	0.00011429
-29.73333284	0.00004404
-29.69999950	0.00028599
-29.66666617	0.00044722
-29.63333284	0.00040790
-29.59999950	0.00048259
-29.56666617	0.00063729
-29.53333284	0.00071776
-29.49999951	0.00067783
-29.46666617	0.00080119
-29.43333284	0.00082534
-29.39999951	0.00081312
-29.36666617	0.00083955
-29.33333284	0.00082718
-29.29999951	0.00082512
-29.26666617	0.00076901
-29.23333284	0.00087465
-29.19999951	0.00081463
-29.16666618	0.00070601
-29.13333284	0.00069226
-29.09999951	0.00065554
-29.06666618	0.00047623
-29.03333284	0.00031327
-28.99999951	0.00035219
-28.96666618	0.00017264
-28.93333284	0.00010846
-28.89999951	-0.00004993
-28.86666618	-0.00027569
-28.83333285	-0.00022497
-28.79999951	-0.00043652
-28.76666618	-0.00037622
-28.73333285	-0.00043716
-28.69999951	-0.00064694
-28.66666618	-0.00070499
-28.63333285	-0.00075451
-28.59999952	-0.00083198
-28.56666618	-0.00075601
-28.53333285	-0.00072243
-28.49999952	-0.00072889
-28.46666618	-0.00066374
-28.43333285	-0.00065521
-28.39999952	-0.00073650
-28.36666618	-0.00057431
-28.33333285	-0.00057922
-28.29999952	-0.00048960
-28.26666619	-0.00043709
-28.23333285	-0.00038890
-28.19999952	-0.00029552
-28.16666619	-0.00025998
-28.13333285	-0.00019149
-28.09999952	-0.00011175
-28.06666619	0.00001177
-28.03333285	0.00004299
-27.99999952	0.00012101
-27.96666619	0.00009860
-27.93333286	0.00022421
-27.89999952	0.00027907
-27.86666619	0.00026502
-27.83333286	0.00027095
-27.79999952	0.00025685
-27.76666619	0.00017457
-27.73333286	0.00029005
-27.69999953	0.00027457
-27.66666619	0.00026051
-27.63333286	0.00019176
-27.59999953	0.00013709
-27.56666619	0.00007235
-27.53333286	0.00000024
-27.49999953	-0.00010757
-27.46666619	-0.00021471
-27.43333286	-0.00035661
-27.39999953	-0.00041308
-27.36666620	-0.00051009
-27.33333286	-0.00058502
-27.29999953	-0.00078665
-27.26666620	-0.00092026
-27.23333286	-0.00097359
-27.19999953	-0.00097760
-27.16666620	-0.00120491
-27.13333286	-0.00124882
-27.09999953	-0.00140934
-27.06666620	-0.00152084
-27.03333287	-0.00160764
-26.99999953	-0.00157950
-26.96666620	-0.00168793
-26.93333287	-0.00173753
-26.89999953	-0.00192211
-26.86666620	-0.00191196
-26.83333287	-0.00200843
-26.79999954	-0.00193714
-26.76666620	-0.00188289
-26.73333287	-0.00207050
-26.69999954	-0.00191057
-26.66666620	-0.00198069
-26.63333287	-0.00184004
-26.59999954	-0.00196320
-26.56666620	-0.00200325
-26.53333287	-0.00194302
-26.49999954	-0.00191528
-26.46666621	-0.00178577
-26.43333287	-0.00180468
-26.39999954	-0.00172162
-26.36666621	-0.00168674
-26.33333287	-0.00158715
-26.29999954	-0.00157611
-26.26666621	-0.00159000
-26.23333287	-0.00143612
-26.19999954	-0.00140812
-26.16666621	-0.00130667
-26.13333288	-0.00117423
-26.09999954	-0.00132538
-26.06666621	-0.00121108
-26.03333288	-0.00111573
-25.99999954	-0.00114901
-25.96666621	-0.00110415
-25.93333288	-0.00103881
-25.89999955	-0.00106729
-25.86666621	-0.00105136
-25.83333288	-0.00099720
-25.79999955	-0.00101092
-25.76666621	-0.00100912
-25.73333288	-0.00110330
-25.69999955	-0.00101616
-25.66666621	-0.00110678
-25.63333288	-0.00117759
-25.59999955	-0.00126991
-25.56666622	-0.00131754
-25.53333288	-0.00144796
-25.49999955	-0.00158470
-25.46666622	-0.00163278
-25.43333288	-0.00170326
-25.39999955	-0.00175137
-25.36666622	-0.00185624
-25.33333288	-0.00194761
-25.29999955	-0.00199010
-25.26666622	-0.00215410
-25.23333289	-0.00224887
-25.19999955	-0.00248313
-25.16666622	-0.00253206
-25.13333289	-0.00255585
-25.09999955	-0.00272795
-25.06666622	-0.00275836
-25.03333289	-0.00291642
-24.99999956	-0.00296322
-24.96666622	-0.00303284
-24.93333289	-0.00308315
-24.89999956	-0.00320794
-24.86666622	-0.00323124
-24.83333289	-0.00316027
-24.79999956	-0.00331265
-24.76666622	-0.00333211
-24.73333289	-0.00331508
-24.69999956	-0.00335155
-24.66666623	-0.00347376
-24.63333289	-0.00336484
-24.59999956	-0.00333210
-24.56666623	-0.00329306
-24.53333289	-0.00334869
-24.49999956	-0.00327528
-24.46666623	-0.00325166
-24.43333289	-0.00317565
-24.39999956	-0.00330124
-24.36666623	-0.00326100
-24.33333290	-0.00317365
-24.29999956	-0.00309877
-24.26666623	-0.00304932
-24.23333290	-0.00302505
-24.19999956	-0.00310111
-24.16666623	-0.00312712
-24.13333290	-0.00316861
-24.09999957	-0.00308019
-24.06666623	-0.00309121
-24.03333290	-0.00314874
-23.99999957	-0.00317613
-23.96666623	-0.00321975
-23.93333290	-0.00325394
-23.89999957	-0.00342332
-23.86666623	-0.00345750
-23.83333290	-0.00365339
-23.79999957	-0.00364258
-23.76666624	-0.00379183
-23.73333290	-0.00375622
-23.69999957	-0.00391184
-23.66666624	-0.00403751
-23.63333290	-0.00416138
-23.59999957	-0.00419759
-23.56666624	-0.00430302
-23.53333290	-0.00432446
-23.49999957	-0.00455009
-23.46666624	-0.00463813
-23.43333291	-0.00461446
-23.39999957	-0.00466252
-23.36666624	-0.00475794
-23.33333291	-0.00487164
-23.29999957	-0.00485386
-23.26666624	-0.00488248
-23.23333291	-0.00482827
-23.19999958	-0.00489927
-23.16666624	-0.00486543
-23.13333291	-0.00480316
-23.09999958	-0.00474149
-23.06666624	-0.00465828
-23.03333291	-0.00463226
-22.99999958	-0.00454168
-22.96666624	-0.00447171
-22.93333291	-0.00439703
-22.89999958	-0.00421325
-22.86666625	-0.00411521
-22.83333291	-0.00398813
-22.79999958	-0.00385640
-22.76666625	-0.00379069
-22.73333291	-0.00367235
-22.69999958	-0.00351028
-22.66666625	-0.00340269
-22.63333291	-0.00324943
-22.59999958	-0.00324438
-22.56666625	-0.00313276
-22.53333292	-0.00305611
-22.49999958	-0.00299099
-22.46666625	-0.00291914
-22.43333292	-0.00292382
-22.39999958	-0.00287634
-22.36666625	-0.00277076
-22.33333292	-0.00279235
-22.29999959	-0.00287060
-22.26666625	-0.00288288
-22.23333292	-0.00285805
-22.19999959	-0.00275635
-22.16666625	-0.00284887
-22.13333292	-0.00287790
-22.09999959	-0.00296077
-22.06666625	-0.00305265
-22.03333292	-0.00317974
-21.99999959	-0.00314275
-21.96666626	-0.00318915
-21.93333292	-0.00328254
-21.89999959	-0.00339794
-21.86666626	-0.00338837
-21.83333292	-0.00350007
-21.79999959	-0.00365750
-21.76666626	-0.00368445
-21.73333292	-0.00371415
-21.69999959	-0.00381076
-21.66666626	-0.00389111
-21.63333293	-0.00402023
-21.59999959	-0.00404133
-21.56666626	-0.00406075
-21.53333293	-0.00416461
-21.49999959	-0.00421885
-21.46666626	-0.00419484
-21.43333293	-0.00431357
-21.39999960	-0.00422904
-21.36666626	-0.00429643
-21.33333293	-0.00436582
-21.29999960	-0.00440667
-21.26666626	-0.00436155
-21.23333293	-0.00437607
-21.19999960	-0.00442149
-21.16666626	-0.00440444
-21.13333293	-0.00437278
-21.09999960	-0.00439094
-21.06666627	-0.00435641
-21.03333293	-0.00438434
-20.99999960	-0.00437272
-20.96666627	-0.00433488
-20.93333293	-0.00431284
-20.89999960	-0.00418802
-20.86666627	-0.00421590
-20.83333293	-0.00415756
-20.79999960	-0.00413457
-20.76666627	-0.00411291
-20.73333294	-0.00411694
-20.69999960	-0.00414435
-20.66666627	-0.00403389
-20.63333294	-0.00400849
-20.59999960	-0.00403725
-20.56666627	-0.00391963
-20.53333294	-0.00411056
-20.49999961	-0.00399010
-20.46666627	-0.00391929
-20.43333294	-0.00393269
-20.39999961	-0.00394996
-20.36666627	-0.00402750
-20.33333294	-0.00393769
-20.29999961	-0.00386916
-20.26666627	-0.00394230
-20.23333294	-0.00390711
-20.19999961	-0.00387726
-20.16666628	-0.00387814
-20.13333294	-0.00388483
-20.09999961	-0.00392423
-20.06666628	-0.00393300
-20.03333294	-0.00388440
-19.99999961	-0.00386468
-19.96666628	-0.00393741
-19.93333294	-0.00388593
-19.89999961	-0.00393385
-19.86666628	-0.00390363
-19.83333295	-0.00393227
-19.79999961	-0.00389418
-19.76666628	-0.00401688
-19.73333295	-0.00391451
-19.69999961	-0.00409888
-19.66666628	-0.00392162
-19.63333295	-0.00391689
-19.59999962	-0.00385078
-19.56666628	-0.00382966
-19.53333295	-0.00385468
-19.49999962	-0.00385653
-19.46666628	-0.00384093
-19.43333295	-0.00379210
-19.39999962	-0.00365122
-19.36666628	-0.00356018
-19.33333295	-0.00356439
-19.29999962	-0.00340870
-19.26666629	-0.00342189
-19.23333295	-0.00333108
-19.19999962	-0.00324158
-19.16666629	-0.00309548
-19.13333295	-0.00301486
-19.09999962	-0.00291446
-19.06666629	-0.00275573
-19.03333295	-0.00266591
-18.99999962	-0.00250476
-18.96666629	-0.00232259
-18.93333296	-0.00236469
-18.89999962	-0.00217011
-18.86666629	-0.00207284
-18.83333296	-0.00198352
-18.79999962	-0.00204560
-18.76666629	-0.00187414
-18.73333296	-0.00184978
-18.69999963	-0.00165888
-18.66666629	-0.00167356
-18.63333296	-0.00161741
-18.59999963	-0.00151161
-18.56666629	-0.00154991
-18.53333296	-0.00134171
-18.49999963	-0.00144481
-18.46666629	-0.00144217
-18.43333296	-0.00135348
-18.39999963	-0.00140238
-18.36666630	-0.00142584
-18.33333296	-0.00144273
-18.29999963	-0.00156029
-18.26666630	-0.00163961
-18.23333296	-0.00160569
-18.19999963	-0.00159196
-18.16666630	-0.00164560
-18.13333296	-0.00183530
-18.09999963	-0.00177032
-18.06666630	-0.00188717
-18.03333297	-0.00187851
-17.99999963	-0.00201855
-17.96666630	-0.00196846
-17.93333297	-0.00201506
-17.89999963	-0.00189356
-17.86666630	-0.00200563
-17.83333297	-0.00191883
-17.79999964	-0.00179183
-17.76666630	-0.00168602
-17.73333297	-0.00161749
-17.69999964	-0.00160325
-17.66666630	-0.00152590
-17.63333297	-0.00142564
-17.59999964	-0.00136422
-17.56666630	-0.00107104
-17.53333297	-0.00096502
-17.49999964	-0.00075414
-17.46666631	-0.00064080
-17.43333297	-0.00054902
-17.39999964	-0.00034052
-17.36666631	-0.00014213
-17.33333297	-0.00003377
-17.29999964	0.00014679
-17.26666631	0.00035919
-17.23333298	0.00042553
-17.19999964	0.00064944
-17.16666631	0.00069702
-17.13333298	0.00089265
-17.09999964	0.00105730
-17.06666631	0.00110230
-17.03333298	0.00115549
-16.99999964	0.00123787
-16.96666631	0.00133697
-16.93333298	0.00144740
-16.89999965	0.00153987
-16.86666631	0.00169839
-16.83333298	0.00173221
-16.79999965	0.00176918
-16.76666631	0.00187875
-16.73333298	0.00192324
-16.69999965	0.00190262
-16.66666631	0.00198092
-16.63333298	0.00207197
-16.59999965	0.00208049
-16.56666632	0.00217091
-16.53333298	0.00213911
-16.49999965	0.00212381
-16.46666632	0.00219092
-16.43333298	0.00216799
-16.39999965	0.00231493
-16.36666632	0.00234456
-16.33333299	0.00238891
-16.29999965	0.00235871
-16.26666632	0.00234624
-16.23333299	0.00250327
-16.19999965	0.00257600
-16.16666632	0.00252813
-16.13333299	0.00258674
-16.09999965	0.00273246
-16.06666632	0.00278149
-16.03333299	0.00285014
-15.99999966	0.00290254
-15.96666632	0.00295625
-15.93333299	0.00315135
-15.89999966	0.00312914
-15.86666632	0.00309821
-15.83333299	0.00319996
-15.79999966	0.00326584
-15.76666632	0.00321885
-15.73333299	0.00334784
-15.69999966	0.00342908
-15.66666633	0.00339749
-15.63333299	0.00341039
-15.59999966	0.00343537
-15.56666633	0.00350631
-15.53333299	0.00351702
-15.49999966	0.00353813
-15.46666633	0.00344139
-15.43333300	0.00346381
-15.39999966	0.00358470
-15.36666633	0.00350400
-15.33333300	0.00362070
-15.29999966	0.00361652
-15.26666633	0.00360374
-15.23333300	0.00369777
-15.19999966	0.00361896
-15.16666633	0.00366739
-15.13333300	0.00361963
-15.09999967	0.00366850
-15.06666633	0.00369767
-15.03333300	0.00361551
-14.99999967	0.00368251
-14.96666633	0.00363208
-14.93333300	0.00359312
-14.89999967	0.00363769
-14.86666633	0.00352227
-14.83333300	0.00361057
-14.79999967	0.00356173
-14.76666634	0.00362370
-14.73333300	0.00360081
-14.69999967	0.00347564
-14.66666634	0.00353223
-14.63333300	0.00335650
-14.59999967	0.00343495
-14.56666634	0.00335000
-14.53333301	0.00334111
-14.49999967	0.00323330
-14.46666634	0.00333258
-14.43333301	0.00325621
-14.39999967	0.00324205
-14.36666634	0.00323995
-14.33333301	0.00322377
-14.29999967	0.00317922
-14.26666634	0.00299732
-14.23333301	0.00313021
-14.19999968	0.00318751
-14.16666634	0.00310526
-14.13333301	0.00304805
-14.09999968	0.00301782
-14.06666634	0.00295344
-14.03333301	0.00300813
-13.99999968	0.00295590
-13.96666634	0.00296269
-13.93333301	0.00297604
-13.89999968	0.00303240
-13.86666635	0.00298500
-13.83333301	0.00301187
-13.79999968	0.00312839
-13.76666635	0.00318609
-13.73333301	0.00311581
-13.69999968	0.00330550
-13.66666635	0.00336744
-13.63333302	0.00338299
-13.59999968	0.00344296
-13.56666635	0.00339785
-13.53333302	0.00346394
-13.49999968	0.00345514
-13.46666635	0.00352352
-13.43333302	0.00355672
-13.39999968	0.00368193
-13.36666635	0.00356395
-13.33333302	0.00371205
-13.29999969	0.00357997
-13.26666635	0.00362608
-13.23333302	0.00361573
-13.19999969	0.00359188
-13.16666635	0.00350574
-13.13333302	0.00351407
-13.09999969	0.00342752
-13.06666635	0.00342053
-13.03333302	0.00330033
-12.99999969	0.00338952
-12.96666636	0.00327189
-12.93333302	0.00319956
-12.89999969	0.00319335
-12.86666636	0.00318331
-12.83333302	0.00307132
-12.79999969	0.00302103
-12.76666636	0.00306237
-12.73333303	0.00293161
-12.69999969	0.00296900
-12.66666636	0.00295463
-12.63333303	0.00287278
-12.59999969	0.00279830
-12.56666636	0.00293415
-12.53333303	0.00282171
-12.49999969	0.00276493
-12.46666636	0.00291232
-12.43333303	0.00284014
-12.39999970	0.00299811
-12.36666636	0.00295238
-12.33333303	0.00303627
-12.29999970	0.00302283
-12.26666636	0.00306892
-12.23333303	0.00317390
-12.19999970	0.00333474
-12.16666636	0.00348861
-12.13333303	0.00342580
-12.09999970	0.00351140
-12.06666637	0.00353088
-12.03333303	0.00363117
-11.99999970	0.00369012
-11.96666637	0.00380216
-11.93333303	0.00386961
-11.89999970	0.00397169
-11.86666637	0.00415762
-11.83333304	0.00406467
-11.79999970	0.00426381
-11.76666637	0.00439682
-11.73333304	0.00448676
-11.69999970	0.00448663
-11.66666637	0.00453880
-11.63333304	0.00462893
-11.59999970	0.00451249
-11.56666637	0.00463331
-11.53333304	0.00473083
-11.49999971	0.00469981
-11.46666637	0.00467926
-11.43333304	0.00464991
-11.39999971	0.00467854
-11.36666637	0.00470609
-11.33333304	0.00470529
-11.29999971	0.00459283
-11.26666637	0.00454996
-11.23333304	0.00453415
-11.19999971	0.00449906
-11.16666638	0.00450473
-11.13333304	0.00436384
-11.09999971	0.00440268
-11.06666638	0.00426172
-11.03333304	0.00431059
-10.99999971	0.00424138
-10.96666638	0.00414731
-10.93333305	0.00407317
-10.89999971	0.00396348
-10.86666638	0.00389648
-10.83333305	0.00379163
-10.79999971	0.00385359
-10.76666638	0.00365090
-10.73333305	0.00362105
-10.69999971	0.00373146
-10.66666638	0.00349680
-10.63333305	0.00353601
-10.59999972	0.00341792
-10.56666638	0.00348454
-10.53333305	0.00342596
-10.49999972	0.00326114
-10.46666638	0.00320002
-10.43333305	0.00327649
-10.39999972	0.00321131
-10.36666638	0.00319114
-10.33333305	0.00312327
-10.29999972	0.00314407
-10.26666639	0.00310086
-10.23333305	0.00301854
-10.19999972	0.00286591
-10.16666639	0.00288040
-10.13333305	0.00275787
-10.09999972	0.00269962
-10.06666639	0.00268299
-10.03333306	0.00259484
-9.99999972	0.00247284
-9.96666639	0.00236180
-9.93333306	0.00229641
-9.89999972	0.00221477
-9.86666639	0.00208561
-9.83333306	0.00201920
-9.79999972	0.00198329
-9.76666639	0.00182398
-9.73333306	0.00174045
-9.69999973	0.00164199
-9.66666639	0.00152427
-9.63333306	0.00136575
-9.59999973	0.00125544
-9.56666639	0.00115151
-9.53333306	0.00099011
-9.49999973	0.00082620
-9.46666639	0.00061848
-9.43333306	0.00048216
-9.39999973	0.00029067
-9.36666640	0.00018212
-9.33333306	-0.00000507
-9.29999973	-0.00021982
-9.26666640	-0.00031893
-9.23333306	-0.00050398
-9.19999973	-0.00067481
-9.16666640	-0.00088378
-9.13333307	-0.00109151
-9.09999973	-0.00131399
-9.06666640	-0.00136562
-9.03333307	-0.00149419
-8.99999973	-0.00181135
-8.96666640	-0.00188698
-8.93333307	-0.00192156
-8.89999973	-0.00209413
-8.86666640	-0.00228287
-8.83333307	-0.00236665
-8.79999974	-0.00245848
-8.76666640	-0.00261959
-8.73333307	-0.00271181
-8.69999974	-0.00274786
-8.66666640	-0.00287942
-8.63333307	-0.00287106
-8.59999974	-0.00290419
-8.56666640	-0.00301422
-8.53333307	-0.00301241
-8.49999974	-0.00301453
-8.46666641	-0.00293608
-8.43333307	-0.00294472
-8.39999974	-0.00298716
-8.36666641	-0.00289714
-8.33333307	-0.00307060
-8.29999974	-0.00287971
-8.26666641	-0.00297358
-8.23333308	-0.00281615
-8.19999974	-0.00280777
-8.16666641	-0.00281258
-8.13333308	-0.00287329
-8.09999974	-0.00271295
-8.06666641	-0.00262852
-8.03333308	-0.00265908
-7.99999974	-0.00261213
-7.96666641	-0.00252030
-7.93333308	-0.00255178
-7.89999975	-0.00241489
-7.86666641	-0.00242825
-7.83333308	-0.00240965
-7.79999975	-0.00231557
-7.76666641	-0.00234045
-7.73333308	-0.00231330
-7.69999975	-0.00229013
-7.66666641	-0.00231748
-7.63333308	-0.00228208
-7.59999975	-0.00219481
-7.56666642	-0.00215555
-7.53333308	-0.00226744
-7.49999975	-0.00212726
-7.46666642	-0.00208292
-7.43333308	-0.00201926
-7.39999975	-0.00202739
-7.36666642	-0.00195288
-7.33333309	-0.00183544
-7.29999975	-0.00187720
-7.26666642	-0.00183472
-7.23333309	-0.00171211
-7.19999975	-0.00163308
-7.16666642	-0.00150908
-7.13333309	-0.00144524
-7.09999975	-0.00135522
-7.06666642	-0.00122424
-7.03333309	-0.00116347
-6.99999976	-0.00104670
-6.96666642	-0.00098199
-6.93333309	-0.00088225
-6.89999976	-0.00071533
-6.86666642	-0.00062055
-6.83333309	-0.00045587
-6.79999976	-0.00037457
-6.76666642	-0.00019773
-6.73333309	-0.00027248
-6.69999976	-0.00011124
-6.66666643	-0.00001806
-6.63333309	0.00002832
-6.59999976	0.00009653
-6.56666643	0.00010176
-6.53333309	0.00020718
-6.49999976	0.00031158
-6.46666643	0.00039870
-6.43333310	0.00045152
-6.39999976	0.00045549
-6.36666643	0.00049439
-6.33333310	0.00053636
-6.29999976	0.00049783
-6.26666643	0.00042401
-6.23333310	0.00051458
-6.19999976	0.00033203
-6.16666643	0.00042238
-6.13333310	0.00047502
-6.09999977	0.00036171
-6.06666643	0.00034012
-6.03333310	0.00027891
-5.99999977	0.00022210
-5.96666643	0.00025202
-5.93333310	0.00017588
-5.89999977	0.00016061
-5.86666643	0.00009135
-5.83333310	0.00009241
-5.79999977	0.00005781
-5.76666644	-0.00014034
-5.73333310	-0.00021015
-5.69999977	-0.00034319
-5.66666644	-0.00048808
-5.63333310	-0.00053087
-5.59999977	-0.00065796
-5.56666644	-0.00087032
-5.53333311	-0.00097141
-5.49999977	-0.00109297
-5.46666644	-0.00121287
-5.43333311	-0.00136863
-5.39999977	-0.00150311
-5.36666644	-0.00174663
-5.33333311	-0.00208501
-5.29999977	-0.00221310
-5.26666644	-0.00256867
-5.23333311	-0.00258969
-5.19999978	-0.00289031
-5.16666644	-0.00317725
-5.13333311	-0.00347175
-5.09999978	-0.00360727
-5.06666644	-0.00393999
-5.03333311	-0.00423170
-4.99999978	-0.00446344
-4.96666644	-0.00470774
-4.93333311	-0.00495915
-4.89999978	-0.00521497
-4.86666645	-0.00548509
-4.83333311	-0.00579841
-4.79999978	-0.00603365
-4.76666645	-0.00645967
-4.73333311	-0.00666251
-4.69999978	-0.00685402
-4.66666645	-0.00707286
-4.63333312	-0.00724871
-4.59999978	-0.00746828
-4.56666645	-0.00769665
-4.53333312	-0.00790845
-4.49999978	-0.00802970
-4.46666645	-0.00817309
-4.43333312	-0.00838298
-4.39999978	-0.00847391
-4.36666645	-0.00866217
-4.33333312	-0.00876392
-4.29999979	-0.00875781
-4.26666645	-0.00893240
-4.23333312	-0.00901623
-4.19999979	-0.00904839
-4.16666645	-0.00907472
-4.13333312	-0.00919821
-4.09999979	-0.00916748
-4.06666645	-0.00918794
-4.03333312	-0.00912231
-3.99999979	-0.00908720
-3.96666646	-0.00895847
-3.93333312	-0.00895366
-3.89999979	-0.00888583
-3.86666646	-0.00878371
-3.83333312	-0.00864275
-3.79999979	-0.00842688
-3.76666646	-0.00843221
-3.73333313	-0.00824378
-3.69999979	-0.00809330
-3.66666646	-0.00787274
-3.63333313	-0.00772400
-3.59999979	-0.00755714
-3.56666646	-0.00729467
-3.53333313	-0.00715233
-3.49999979	-0.00676122
-3.46666646	-0.00655556
-3.43333313	-0.00633373
-3.39999980	-0.00611880
-3.36666646	-0.00573360
-3.33333313	-0.00535425
-3.29999980	-0.00502557
-3.26666646	-0.00469890
-3.23333313	-0.00436573
-3.19999980	-0.00412532
-3.16666646	-0.00368370
-3.13333313	-0.00331246
-3.09999980	-0.00288390
-3.06666647	-0.00245545
-3.03333313	-0.00201999
-2.99999980	-0.00162576
-2.96666647	-0.00117136
-2.93333313	-0.00069475
-2.89999980	-0.00027830
-2.86666647	0.00015252
-2.83333314	0.00052592
-2.79999980	0.00108088
-2.76666647	0.00148087
-2.73333314	0.00181920
-2.69999980	0.00234948
-2.66666647	0.00288900
-2.63333314	0.00331030
-2.59999980	0.00364483
-2.56666647	0.00415395
-2.53333314	0.00447750
-2.49999981	0.00492265
-2.46666647	0.00529073
-2.43333314	0.00567659
-2.39999981	0.00603116
-2.36666647	0.00631072
-2.33333314	0.00680788
-2.29999981	0.00721216
-2.26666647	0.00739810
-2.23333314	0.00774273
-2.19999981	0.00807626
-2.16666648	0.00834150
-2.13333314	0.00862817
-2.09999981	0.00888935
-2.06666648	0.00912908
-2.03333314	0.00931913
-1.99999981	0.00960242
-1.96666648	0.00967270
-1.93333315	0.00993268
-1.89999981	0.01005700
-1.86666648	0.01033267
-1.83333315	0.01044005
-1.79999981	0.01060818
-1.76666648	0.01081112
-1.73333315	0.01078280
-1.69999981	0.01097703
-1.66666648	0.01099384
-1.63333315	0.01116824
-1.59999982	0.01120712
-1.56666648	0.01126257
-1.53333315	0.01131197
-1.49999982	0.01137496
-1.46666648	0.01140448
-1.43333315	0.01130372
-1.39999982	0.01136600
-1.36666648	0.01146038
-1.33333315	0.01151718
-1.29999982	0.01150982
-1.26666649	0.01147592
-1.23333315	0.01146151
-1.19999982	0.01145709
-1.16666649	0.01145622
-1.13333315	0.01137294
-1.09999982	0.01122479
-1.06666649	0.01117542
-1.03333316	0.01118513
-0.99999982	0.01111367
-0.96666649	0.01099384
-0.93333316	0.01090576
-0.89999982	0.01096254
-0.86666649	0.01080157
-0.83333316	0.01071183
-0.79999982	0.01051996
-0.76666649	0.01043067
-0.73333316	0.01031661
-0.69999983	0.01017720
-0.66666649	0.01007719
-0.63333316	0.00999870
-0.59999983	0.00973171
-0.56666649	0.00964396
-0.53333316	0.00948170
-0.49999983	0.00937818
-0.46666649	0.00925117
-0.43333316	0.00907871
-0.39999983	0.00904381
-0.36666650	0.00887487
-0.33333316	0.00877768
-0.29999983	0.00870409
-0.26666650	0.00867328
-0.23333316	0.00848132
-0.19999983	0.00841521
-0.16666650	0.00842491
-0.13333317	0.00846317
-0.09999983	0.00845984
-0.06666650	0.00845613
-0.03333317	0.00848671
0.00000017	0.00843350
0.03333350	0.00839659
0.06666683	0.00852602
0.10000017	0.00856743
0.13333350	0.00845464
0.16666683	0.00859680
0.20000016	0.00866494
0.23333350	0.00877465
0.26666683	0.00881822
0.30000016	0.00884551
0.33333350	0.00903324
0.36666683	0.00912379
0.40000016	0.00922574
0.43333350	0.00925695
0.46666683	0.00936748
0.50000016	0.00941948
0.53333349	0.00950672
0.56666683	0.00970041
0.60000016	0.00979679
0.63333349	0.00993826
0.66666683	0.00999224
0.70000016	0.01003293
0.73333349	0.01008827
0.76666682	0.01011329
0.80000016	0.01022474
0.83333349	0.01020578
0.86666682	0.01032830
0.90000016	0.01028825
0.93333349	0.01036683
0.96666682	0.01035112
1.00000016	0.01033719
1.03333349	0.01028859
1.06666682	0.01026719
1.10000015	0.01014015
1.13333349	0.00999884
1.16666682	0.00981255
1.20000015	0.00978142
1.23333349	0.00965624
1.26666682	0.00948466
1.30000015	0.00929894
1.33333349	0.00918632
1.36666682	0.00886760
1.40000015	0.00874459
1.43333348	0.00857022
1.46666682	0.00829354
1.50000015	0.00807230
1.53333348	0.00790241
1.56666682	0.00770722
1.60000015	0.00761758
1.63333348	0.00741336
1.66666681	0.00729320
1.70000015	0.00707596
1.73333348	0.00695588
1.76666681	0.00689315
1.80000015	0.00671934
1.83333348	0.00663168
1.86666681	0.00651551
1.90000015	0.00640602
1.93333348	0.00646329
1.96666681	0.00645334
2.00000014	0.00639972
2.03333348	0.00629722
2.06666681	0.00623677
2.10000014	0.00625829
2.13333348	0.00624109
2.16666681	0.00640554
2.20000014	0.00638590
2.23333348	0.00648149
2.26666681	0.00651856
2.30000014	0.00653948
2.33333347	0.00660815
2.36666681	0.00676054
2.40000014	0.00683781
2.43333347	0.00698252
2.46666681	0.00705280
2.50000014	0.00714971
2.53333347	0.00724624
2.56666680	0.00734180
2.60000014	0.00741542
2.63333347	0.00749395
2.66666680	0.00763840
2.70000014	0.00774424
2.73333347	0.00776869
2.76666680	0.00787962
2.80000014	0.00792904
2.83333347	0.00806200
2.86666680	0.00801478
2.90000013	0.00809959
2.93333347	0.00809134
2.96666680	0.00814331
3.00000013	0.00806991
3.03333347	0.00814441
3.06666680	0.00815248
3.10000013	0.00806643
3.13333347	0.00795459
3.16666680	0.00789390
3.20000013	0.00779371
3.23333346	0.00763911
3.26666680	0.00764967
3.30000013	0.00749907
3.33333346	0.00748473
3.36666680	0.00732085
3.40000013	0.00721631
3.43333346	0.00711033
3.46666679	0.00697355
3.50000013	0.00699059
3.53333346	0.00676438
3.56666679	0.00670072
3.60000013	0.00662426
3.63333346	0.00642623
3.66666679	0.00630584
3.70000013	0.00616852
3.73333346	0.00606846
3.76666679	0.00585443
3.80000012	0.00576943
3.83333346	0.00563891
3.86666679	0.00539719
3.90000012	0.00515487
3.93333346	0.00499032
3.96666679	0.00491130
4.00000012	0.00472296
4.03333346	0.00441774
4.06666679	0.00416882
4.10000012	0.00398578
4.13333345	0.00372712
4.16666679	0.00348687
4.20000012	0.00328876
4.23333345	0.00313104
4.26666679	0.00293451
4.30000012	0.00272462
4.33333345	0.00251471
4.36666678	0.00225060
4.40000012	0.00203897
4.43333345	0.00192350
4.46666678	0.00169448
4.50000012	0.00152210
4.53333345	0.00140825
4.56666678	0.00114556
4.60000012	0.00095989
4.63333345	0.00083227
4.66666678	0.00067642
4.70000011	0.00059864
4.73333345	0.00045783
4.76666678	0.00028115
4.80000011	0.00017838
4.83333345	0.00001200
4.86666678	-0.00009803
4.90000011	-0.00013421
4.93333345	-0.00029323
4.96666678	-0.00037222
5.00000011	-0.00030868
5.03333344	-0.00039358
5.06666678	-0.00052202
5.10000011	-0.00046072
5.13333344	-0.00041979
5.16666678	-0.00043069
5.20000011	-0.00040005
5.23333344	-0.00029247
5.26666677	-0.00019144
5.30000011	-0.00015698
5.33333344	-0.00017242
5.36666677	-0.00012291
5.40000011	0.00013692
5.43333344	0.00016195
5.46666677	0.00029735
5.50000011	0.00040630
5.53333344	0.00046026
5.56666677	0.00060898
5.60000010	0.00075623
5.63333344	0.00075193
5.66666677	0.00082448
5.70000010	0.00085149
5.73333344	0.00115176
5.76666677	0.00115603
5.80000010	0.00125691
5.83333344	0.00137362
5.86666677	0.00149915
5.90000010	0.00157423
5.93333343	0.00166310
5.96666677	0.00171685
6.00000010	0.00177378
6.03333343	0.00194162
6.06666677	0.00196117
6.10000010	0.00204412
6.13333343	0.00216235
6.16666676	0.00221155
6.20000010	0.00222670
6.23333343	0.00213446
6.26666676	0.00230052
6.30000010	0.00226931
6.33333343	0.00229872
6.36666676	0.00235305
6.40000010	0.00239778
6.43333343	0.00234165
6.46666676	0.00237718
6.50000009	0.00224417
6.53333343	0.00223038
6.56666676	0.00223643
6.60000009	0.00225210
6.63333343	0.00214321
6.66666676	0.00199528
6.70000009	0.00198281
6.73333343	0.00192229
6.76666676	0.00195222
6.80000009	0.00175309
6.83333342	0.00177391
6.86666676	0.00161965
6.90000009	0.00162246
6.93333342	0.00151478
6.96666676	0.00149269
7.00000009	0.00142027
7.03333342	0.00138835
7.06666675	0.00131411
7.10000009	0.00141900
7.13333342	0.00129506
7.16666675	0.00128391
7.20000009	0.00121344
7.23333342	0.00130601
7.26666675	0.00124000
7.30000009	0.00118174
7.33333342	0.00122212
7.36666675	0.00125462
7.40000008	0.00121686
7.43333342	0.00121285
7.46666675	0.00125104
7.50000008	0.00127178
7.53333342	0.00119139
7.56666675	0.00125936
7.60000008	0.00128382
7.63333342	0.00143290
7.66666675	0.00133567
7.70000008	0.00134231
7.73333341	0.00138956
7.76666675	0.00138552
7.80000008	0.00139994
7.83333341	0.00145771
7.86666675	0.00148847
7.90000008	0.00151415
7.93333341	0.00149113
7.96666674	0.00150201
8.00000008	0.00154536
8.03333341	0.00155783
8.06666674	0.00152964
8.10000008	0.00159268
8.13333341	0.00159517
8.16666674	0.00156236
8.20000008	0.00156136
8.23333341	0.00151906
8.26666674	0.00149962
8.30000007	0.00154570
8.33333341	0.00149975
8.36666674	0.00151746
8.40000007	0.00140243
8.43333341	0.00136432
8.46666674	0.00143801
8.50000007	0.00135005
8.53333341	0.00130152
8.56666674	0.00127968
8.60000007	0.00122196
8.63333340	0.00122126
8.66666674	0.00127598
8.70000007	0.00130535
8.73333340	0.00126714
8.76666674	0.00125676
8.80000007	0.00119829
8.83333340	0.00117612
8.86666673	0.00112088
8.90000007	0.00107901
8.93333340	0.00106623
8.96666673	0.00104303
9.00000007	0.00093572
9.03333340	0.00096384
9.06666673	0.00096513
9.10000007	0.00089150
9.13333340	0.00088231
9.16666673	0.00088868
9.20000006	0.00088958
9.23333340	0.00090822
9.26666673	0.00083384
9.30000006	0.00070530
9.33333340	0.00069207
9.36666673	0.00067762
9.40000006	0.00063474
9.43333340	0.00067354
9.46666673	0.00055097
9.50000006	0.00060214
9.53333339	0.00048617
9.56666673	0.00037976
9.60000006	0.00040107
9.63333339	0.00039968
9.66666673	0.00032625
9.70000006	0.00025461
9.73333339	0.00023759
9.76666672	0.00017038
9.80000006	0.00012193
9.83333339	0.00011759
9.86666672	0.00000010
9.90000006	-0.00004120
9.93333339	-0.00011590
9.96666672	-0.00014510
10.00000006	-0.00019759
10.03333339	-0.00019722
10.06666672	-0.00031790
10.10000005	-0.00037526
10.13333339	-0.00048317
10.16666672	-0.00051938
10.20000005	-0.00057406
10.23333339	-0.00062622
10.26666672	-0.00065866
10.30000005	-0.00065532
10.33333339	-0.00066025
10.36666672	-0.00072854
10.40000005	-0.00076399
10.43333338	-0.00081129
10.46666672	-0.00086113
10.50000005	-0.00094301
10.53333338	-0.00099166
10.56666672	-0.00104961
10.60000005	-0.00110500
10.63333338	-0.00112486
10.66666671	-0.00111968
10.70000005	-0.00119673
10.73333338	-0.00121515
10.76666671	-0.00126340
10.80000005	-0.00128741
10.83333338	-0.00138508
10.86666671	-0.00140469
10.90000005	-0.00139842
10.93333338	-0.00141614
10.96666671	-0.00148230
11.00000004	-0.00151156
11.03333338	-0.00152519
11.06666671	-0.00152243
11.10000004	-0.00153236
11.13333338	-0.00152330
11.16666671	-0.00152330
11.20000004	-0.00154704
11.23333338	-0.00151408
11.26666671	-0.00149750
11.30000004	-0.00146863
11.33333337	-0.00152470
11.36666671	-0.00149009
11.40000004	-0.00152562
11.43333337	-0.00145435
11.46666671	-0.00146240
11.50000004	-0.00147895
11.53333337	-0.00146564
11.56666670	-0.00147941
11.60000004	-0.00143958
11.63333337	-0.00145019
11.66666670	-0.00140554
11.70000004	-0.00135197
11.73333337	-0.00133933
11.76666670	-0.00130246
11.80000004	-0.00125429
11.83333337	-0.00126646
11.86666670	-0.00123057
11.90000003	-0.00122700
11.93333337	-0.00115932
11.96666670	-0.00111224
12.00000003	-0.00111715
12.03333337	-0.00111137
12.06666670	-0.00107260
12.10000003	-0.00106939
12.13333337	-0.00103918
12.16666670	-0.00103480
12.20000003	-0.00103579
12.23333336	-0.00104366
12.26666670	-0.00101992
12.30000003	-0.00100712
12.33333336	-0.00098860
12.36666670	-0.00095889
12.40000003	-0.00095225
12.43333336	-0.00095095
12.46666669	-0.00093613
12.50000003	-0.00087898
12.53333336	-0.00087486
12.56666669	-0.00086462
12.60000003	-0.00084405
12.63333336	-0.00082498
12.66666669	-0.00083762
12.70000003	-0.00082583
12.73333336	-0.00078145
12.76666669	-0.00078079
12.80000002	-0.00076410
12.83333336	-0.00076784
12.86666669	-0.00073998
12.90000002	-0.00071826
12.93333336	-0.00069645
12.96666669	-0.00068290
13.00000002	-0.00066412
13.03333336	-0.00066230
13.06666669	-0.00064460
13.10000002	-0.00062387
13.13333335	-0.00062113
13.16666669	-0.00059998
13.20000002	-0.00056637
13.23333335	-0.00055859
13.26666669	-0.00054575
13.30000002	-0.00052743
13.33333335	-0.00051435
13.36666668	-0.00049261
13.40000002	-0.00047646
13.43333335	-0.00046740
13.46666668	-0.00044669
13.50000002	-0.00042723
13.53333335	-0.00041702
13.56666668	-0.00040954
13.60000002	-0.00039053
13.63333335	-0.00037507
13.66666668	-0.00035470
13.70000001	-0.00034292
13.73333335	-0.00032371
13.76666668	-0.00030970
13.80000001	-0.00028663
13.83333335	-0.00027315
13.86666668	-0.00025864
13.90000001	-0.00024280
13.93333335	-0.00023133
13.96666668	-0.00021917
14.00000001	-0.00020343
14.03333334	-0.00018956
14.06666668	-0.00017572
14.10000001	-0.00016106
14.13333334	-0.00015130
14.16666668	-0.00014053
14.20000001	-0.00012789
14.23333334	-0.00011595
14.26666667	-0.00010487
14.30000001	-0.00009402
14.33333334	-0.00008418
14.36666667	-0.00007477
14.40000001	-0.00006598
14.43333334	-0.00005795
14.46666667	-0.00005031
14.50000001	-0.00004292
14.53333334	-0.00003621
14.56666667	-0.00002979
14.60000000	-0.00002376
14.63333334	-0.00001915
14.66666667	-0.00001459
14.70000000	-0.00001073
14.73333334	-0.00000748
14.76666667	-0.00000482
14.80000000	-0.00000273
14.83333334	-0.00000121
14.86666667	-0.00000030
14.90000000	0.00000000
