# Menlo Systems GmbH ScanControl
# Program Version 1.3.3
# Start: -65.00000000 ps, Average over 1000 waveforms. Timestamp: 2020-01-07T11:20:37
# Time [ps]	THz Signal [a.u.]
-65.06666590	0.00000000
-65.03333257	0.00000001
-64.99999923	0.00000005
-64.96666590	0.00000012
-64.93333257	0.00000026
-64.89999924	0.00000032
-64.86666590	0.00000033
-64.83333257	0.00000050
-64.79999924	0.00000047
-64.76666590	0.00000063
-64.73333257	0.00000046
-64.69999924	0.00000064
-64.66666590	0.00000061
-64.63333257	0.00000012
-64.59999924	0.00000018
-64.56666591	0.00000074
-64.53333257	-0.00000085
-64.49999924	-0.00000056
-64.46666591	-0.00000200
-64.43333257	-0.00000120
-64.39999924	-0.00000152
-64.36666591	-0.00000389
-64.33333257	-0.00000369
-64.29999924	-0.00000689
-64.26666591	-0.00000682
-64.23333258	-0.00000728
-64.19999924	-0.00000943
-64.16666591	-0.00001096
-64.13333258	-0.00001460
-64.09999924	-0.00001498
-64.06666591	-0.00001772
-64.03333258	-0.00001787
-63.99999924	-0.00001951
-63.96666591	-0.00002207
-63.93333258	-0.00002783
-63.89999925	-0.00003447
-63.86666591	-0.00003218
-63.83333258	-0.00003264
-63.79999925	-0.00003455
-63.76666591	-0.00004302
-63.73333258	-0.00004213
-63.69999925	-0.00004134
-63.66666591	-0.00004493
-63.63333258	-0.00004865
-63.59999925	-0.00005153
-63.56666592	-0.00005346
-63.53333258	-0.00005459
-63.49999925	-0.00005926
-63.46666592	-0.00007595
-63.43333258	-0.00007003
-63.39999925	-0.00007820
-63.36666592	-0.00007779
-63.33333258	-0.00008769
-63.29999925	-0.00008575
-63.26666592	-0.00010010
-63.23333258	-0.00009968
-63.19999925	-0.00010260
-63.16666592	-0.00009126
-63.13333259	-0.00010265
-63.09999925	-0.00011150
-63.06666592	-0.00012133
-63.03333259	-0.00010557
-62.99999925	-0.00009843
-62.96666592	-0.00009682
-62.93333259	-0.00011152
-62.89999925	-0.00011755
-62.86666592	-0.00011447
-62.83333259	-0.00009669
-62.79999926	-0.00010421
-62.76666592	-0.00008449
-62.73333259	-0.00007181
-62.69999926	-0.00007199
-62.66666592	-0.00007362
-62.63333259	-0.00005560
-62.59999926	-0.00004103
-62.56666592	-0.00002947
-62.53333259	-0.00004583
-62.49999926	-0.00001881
-62.46666593	-0.00000307
-62.43333259	0.00000854
-62.39999926	-0.00000084
-62.36666593	0.00003633
-62.33333259	0.00006555
-62.29999926	0.00008245
-62.26666593	0.00009929
-62.23333259	0.00013987
-62.19999926	0.00018744
-62.16666593	0.00019033
-62.13333260	0.00019606
-62.09999926	0.00025687
-62.06666593	0.00026800
-62.03333260	0.00028914
-61.99999926	0.00035063
-61.96666593	0.00036263
-61.93333260	0.00039244
-61.89999926	0.00046004
-61.86666593	0.00048344
-61.83333260	0.00049533
-61.79999927	0.00055217
-61.76666593	0.00059132
-61.73333260	0.00061192
-61.69999927	0.00064081
-61.66666593	0.00067764
-61.63333260	0.00072035
-61.59999927	0.00076420
-61.56666593	0.00079607
-61.53333260	0.00085589
-61.49999927	0.00091063
-61.46666594	0.00092590
-61.43333260	0.00096320
-61.39999927	0.00097676
-61.36666594	0.00107001
-61.33333260	0.00111023
-61.29999927	0.00114929
-61.26666594	0.00120096
-61.23333260	0.00126639
-61.19999927	0.00123520
-61.16666594	0.00134428
-61.13333260	0.00131584
-61.09999927	0.00139527
-61.06666594	0.00133780
-61.03333261	0.00142117
-60.99999927	0.00148424
-60.96666594	0.00151056
-60.93333261	0.00149709
-60.89999927	0.00159411
-60.86666594	0.00160446
-60.83333261	0.00157098
-60.79999927	0.00159208
-60.76666594	0.00154291
-60.73333261	0.00159111
-60.69999928	0.00162263
-60.66666594	0.00158663
-60.63333261	0.00161920
-60.59999928	0.00158665
-60.56666594	0.00159554
-60.53333261	0.00156807
-60.49999928	0.00160501
-60.46666594	0.00156846
-60.43333261	0.00159194
-60.39999928	0.00155576
-60.36666595	0.00160707
-60.33333261	0.00148300
-60.29999928	0.00146816
-60.26666595	0.00149579
-60.23333261	0.00139682
-60.19999928	0.00134403
-60.16666595	0.00120349
-60.13333261	0.00110738
-60.09999928	0.00102251
-60.06666595	0.00092768
-60.03333262	0.00081374
-59.99999928	0.00075711
-59.96666595	0.00064235
-59.93333262	0.00056937
-59.89999928	0.00041221
-59.86666595	0.00030521
-59.83333262	0.00019313
-59.79999928	0.00004787
-59.76666595	-0.00003914
-59.73333262	-0.00012265
-59.69999929	-0.00027546
-59.66666595	-0.00030577
-59.63333262	-0.00045224
-59.59999929	-0.00056161
-59.56666595	-0.00071740
-59.53333262	-0.00078834
-59.49999929	-0.00092482
-59.46666595	-0.00108929
-59.43333262	-0.00117099
-59.39999929	-0.00126103
-59.36666596	-0.00134710
-59.33333262	-0.00153421
-59.29999929	-0.00162602
-59.26666596	-0.00175884
-59.23333262	-0.00170021
-59.19999929	-0.00181861
-59.16666596	-0.00182737
-59.13333262	-0.00189683
-59.09999929	-0.00191540
-59.06666596	-0.00202636
-59.03333262	-0.00197352
-58.99999929	-0.00201466
-58.96666596	-0.00201441
-58.93333263	-0.00199590
-58.89999929	-0.00204041
-58.86666596	-0.00202982
-58.83333263	-0.00206768
-58.79999929	-0.00193847
-58.76666596	-0.00191669
-58.73333263	-0.00185535
-58.69999929	-0.00182870
-58.66666596	-0.00189289
-58.63333263	-0.00183891
-58.59999930	-0.00177517
-58.56666596	-0.00178171
-58.53333263	-0.00167808
-58.49999930	-0.00173427
-58.46666596	-0.00166674
-58.43333263	-0.00153407
-58.39999930	-0.00156595
-58.36666596	-0.00149464
-58.33333263	-0.00140081
-58.29999930	-0.00143837
-58.26666597	-0.00141460
-58.23333263	-0.00137480
-58.19999930	-0.00133808
-58.16666597	-0.00134316
-58.13333263	-0.00128840
-58.09999930	-0.00124250
-58.06666597	-0.00123641
-58.03333263	-0.00126968
-57.99999930	-0.00123709
-57.96666597	-0.00121841
-57.93333264	-0.00130566
-57.89999930	-0.00142875
-57.86666597	-0.00135641
-57.83333264	-0.00127259
-57.79999930	-0.00136068
-57.76666597	-0.00126593
-57.73333264	-0.00145327
-57.69999930	-0.00139000
-57.66666597	-0.00164145
-57.63333264	-0.00157346
-57.59999931	-0.00170456
-57.56666597	-0.00163603
-57.53333264	-0.00162895
-57.49999931	-0.00169052
-57.46666597	-0.00174202
-57.43333264	-0.00168442
-57.39999931	-0.00172271
-57.36666597	-0.00175788
-57.33333264	-0.00166662
-57.29999931	-0.00165985
-57.26666598	-0.00174037
-57.23333264	-0.00172924
-57.19999931	-0.00175446
-57.16666598	-0.00149352
-57.13333264	-0.00153285
-57.09999931	-0.00151509
-57.06666598	-0.00146543
-57.03333264	-0.00136078
-56.99999931	-0.00139067
-56.96666598	-0.00131761
-56.93333265	-0.00124066
-56.89999931	-0.00110972
-56.86666598	-0.00103577
-56.83333265	-0.00097443
-56.79999931	-0.00098695
-56.76666598	-0.00092937
-56.73333265	-0.00078339
-56.69999931	-0.00077044
-56.66666598	-0.00080757
-56.63333265	-0.00066578
-56.59999931	-0.00063527
-56.56666598	-0.00059345
-56.53333265	-0.00045144
-56.49999932	-0.00051235
-56.46666598	-0.00041681
-56.43333265	-0.00044092
-56.39999932	-0.00029112
-56.36666598	-0.00025184
-56.33333265	-0.00028481
-56.29999932	-0.00025825
-56.26666598	-0.00031876
-56.23333265	-0.00008640
-56.19999932	-0.00012289
-56.16666599	-0.00011676
-56.13333265	-0.00010732
-56.09999932	-0.00013084
-56.06666599	-0.00002788
-56.03333265	-0.00007009
-55.99999932	0.00001018
-55.96666599	0.00007390
-55.93333265	0.00009456
-55.89999932	0.00013163
-55.86666599	0.00017175
-55.83333266	0.00023939
-55.79999932	0.00030880
-55.76666599	0.00027351
-55.73333266	0.00035577
-55.69999932	0.00035085
-55.66666599	0.00044254
-55.63333266	0.00042260
-55.59999932	0.00050294
-55.56666599	0.00057393
-55.53333266	0.00057895
-55.49999933	0.00068155
-55.46666599	0.00064067
-55.43333266	0.00069603
-55.39999933	0.00076283
-55.36666599	0.00083103
-55.33333266	0.00077886
-55.29999933	0.00071990
-55.26666599	0.00078789
-55.23333266	0.00075170
-55.19999933	0.00069386
-55.16666600	0.00083587
-55.13333266	0.00087655
-55.09999933	0.00092629
-55.06666600	0.00091277
-55.03333266	0.00091633
-54.99999933	0.00102530
-54.96666600	0.00091608
-54.93333266	0.00099628
-54.89999933	0.00094836
-54.86666600	0.00095844
-54.83333267	0.00095923
-54.79999933	0.00103601
-54.76666600	0.00110338
-54.73333267	0.00101483
-54.69999933	0.00104847
-54.66666600	0.00112022
-54.63333267	0.00108686
-54.59999933	0.00110027
-54.56666600	0.00114929
-54.53333267	0.00114116
-54.49999933	0.00115461
-54.46666600	0.00127314
-54.43333267	0.00123468
-54.39999934	0.00117125
-54.36666600	0.00115064
-54.33333267	0.00117641
-54.29999934	0.00124570
-54.26666600	0.00130756
-54.23333267	0.00130882
-54.19999934	0.00134407
-54.16666600	0.00138008
-54.13333267	0.00122802
-54.09999934	0.00129066
-54.06666601	0.00126710
-54.03333267	0.00128742
-53.99999934	0.00125132
-53.96666601	0.00134373
-53.93333267	0.00115750
-53.89999934	0.00132111
-53.86666601	0.00133787
-53.83333267	0.00137052
-53.79999934	0.00120680
-53.76666601	0.00120955
-53.73333268	0.00123043
-53.69999934	0.00120662
-53.66666601	0.00132600
-53.63333268	0.00129975
-53.59999934	0.00129818
-53.56666601	0.00124647
-53.53333268	0.00118804
-53.49999934	0.00112134
-53.46666601	0.00120996
-53.43333268	0.00119811
-53.39999935	0.00107417
-53.36666601	0.00101394
-53.33333268	0.00103267
-53.29999935	0.00094249
-53.26666601	0.00084427
-53.23333268	0.00091759
-53.19999935	0.00087623
-53.16666601	0.00068775
-53.13333268	0.00066792
-53.09999935	0.00068289
-53.06666602	0.00062441
-53.03333268	0.00057834
-52.99999935	0.00060432
-52.96666602	0.00063737
-52.93333268	0.00045797
-52.89999935	0.00050829
-52.86666602	0.00040906
-52.83333268	0.00033839
-52.79999935	0.00039887
-52.76666602	0.00036562
-52.73333269	0.00032332
-52.69999935	0.00031175
-52.66666602	0.00028245
-52.63333269	0.00021899
-52.59999935	0.00028152
-52.56666602	0.00021282
-52.53333269	0.00022760
-52.49999935	0.00031298
-52.46666602	0.00026719
-52.43333269	0.00022527
-52.39999936	0.00024810
-52.36666602	0.00026600
-52.33333269	0.00037344
-52.29999936	0.00031412
-52.26666602	0.00032603
-52.23333269	0.00029046
-52.19999936	0.00042005
-52.16666602	0.00040526
-52.13333269	0.00038976
-52.09999936	0.00040150
-52.06666602	0.00044513
-52.03333269	0.00048413
-51.99999936	0.00049918
-51.96666603	0.00048302
-51.93333269	0.00059191
-51.89999936	0.00063833
-51.86666603	0.00060608
-51.83333269	0.00060435
-51.79999936	0.00063058
-51.76666603	0.00061717
-51.73333269	0.00073997
-51.69999936	0.00071617
-51.66666603	0.00074449
-51.63333270	0.00075246
-51.59999936	0.00077369
-51.56666603	0.00071928
-51.53333270	0.00074100
-51.49999936	0.00081503
-51.46666603	0.00095751
-51.43333270	0.00094854
-51.39999936	0.00099758
-51.36666603	0.00100285
-51.33333270	0.00102521
-51.29999937	0.00106025
-51.26666603	0.00122652
-51.23333270	0.00134687
-51.19999937	0.00124377
-51.16666603	0.00132182
-51.13333270	0.00138154
-51.09999937	0.00139795
-51.06666603	0.00147749
-51.03333270	0.00165930
-50.99999937	0.00166555
-50.96666604	0.00165873
-50.93333270	0.00174334
-50.89999937	0.00189521
-50.86666604	0.00189865
-50.83333270	0.00195796
-50.79999937	0.00203017
-50.76666604	0.00208854
-50.73333270	0.00222582
-50.69999937	0.00222643
-50.66666604	0.00222820
-50.63333271	0.00237008
-50.59999937	0.00250953
-50.56666604	0.00259338
-50.53333271	0.00258830
-50.49999937	0.00270946
-50.46666604	0.00275283
-50.43333271	0.00282515
-50.39999937	0.00295155
-50.36666604	0.00312485
-50.33333271	0.00316297
-50.29999938	0.00320533
-50.26666604	0.00339043
-50.23333271	0.00346912
-50.19999938	0.00359515
-50.16666604	0.00357456
-50.13333271	0.00362764
-50.09999938	0.00370489
-50.06666604	0.00385033
-50.03333271	0.00391312
-49.99999938	0.00395021
-49.96666604	0.00397385
-49.93333271	0.00401228
-49.89999938	0.00404316
-49.86666605	0.00405161
-49.83333271	0.00408309
-49.79999938	0.00404326
-49.76666605	0.00403638
-49.73333271	0.00395175
-49.69999938	0.00388151
-49.66666605	0.00383356
-49.63333271	0.00376783
-49.59999938	0.00366161
-49.56666605	0.00345934
-49.53333272	0.00334258
-49.49999938	0.00316672
-49.46666605	0.00298286
-49.43333272	0.00273167
-49.39999938	0.00247751
-49.36666605	0.00231145
-49.33333272	0.00203241
-49.29999938	0.00169317
-49.26666605	0.00131510
-49.23333272	0.00101850
-49.19999939	0.00076832
-49.16666605	0.00030530
-49.13333272	0.00002828
-49.09999939	-0.00041001
-49.06666605	-0.00079714
-49.03333272	-0.00123820
-48.99999939	-0.00170151
-48.96666605	-0.00208546
-48.93333272	-0.00238191
-48.89999939	-0.00284541
-48.86666606	-0.00316458
-48.83333272	-0.00362031
-48.79999939	-0.00400623
-48.76666606	-0.00431096
-48.73333272	-0.00465593
-48.69999939	-0.00497124
-48.66666606	-0.00513070
-48.63333272	-0.00538149
-48.59999939	-0.00555625
-48.56666606	-0.00561669
-48.53333273	-0.00568449
-48.49999939	-0.00579537
-48.46666606	-0.00582858
-48.43333273	-0.00572597
-48.39999939	-0.00556329
-48.36666606	-0.00542057
-48.33333273	-0.00530037
-48.29999939	-0.00503814
-48.26666606	-0.00487056
-48.23333273	-0.00455793
-48.19999940	-0.00428601
-48.16666606	-0.00391440
-48.13333273	-0.00357056
-48.09999940	-0.00318201
-48.06666606	-0.00269725
-48.03333273	-0.00240368
-47.99999940	-0.00200091
-47.96666606	-0.00146791
-47.93333273	-0.00112332
-47.89999940	-0.00073351
-47.86666606	-0.00031708
-47.83333273	0.00005760
-47.79999940	0.00044113
-47.76666607	0.00091522
-47.73333273	0.00115509
-47.69999940	0.00155084
-47.66666607	0.00192133
-47.63333273	0.00217917
-47.59999940	0.00255731
-47.56666607	0.00286357
-47.53333273	0.00316843
-47.49999940	0.00340963
-47.46666607	0.00371226
-47.43333274	0.00399067
-47.39999940	0.00409826
-47.36666607	0.00440061
-47.33333274	0.00442034
-47.29999940	0.00454205
-47.26666607	0.00473137
-47.23333274	0.00481625
-47.19999940	0.00487066
-47.16666607	0.00498008
-47.13333274	0.00502628
-47.09999941	0.00524585
-47.06666607	0.00527089
-47.03333274	0.00537638
-46.99999941	0.00544362
-46.96666607	0.00545161
-46.93333274	0.00545567
-46.89999941	0.00546522
-46.86666607	0.00550462
-46.83333274	0.00555332
-46.79999941	0.00556837
-46.76666608	0.00561300
-46.73333274	0.00559727
-46.69999941	0.00568125
-46.66666608	0.00561635
-46.63333274	0.00563537
-46.59999941	0.00563680
-46.56666608	0.00558660
-46.53333274	0.00561774
-46.49999941	0.00561385
-46.46666608	0.00565390
-46.43333275	0.00569578
-46.39999941	0.00565872
-46.36666608	0.00568990
-46.33333275	0.00566259
-46.29999941	0.00570395
-46.26666608	0.00568947
-46.23333275	0.00577071
-46.19999941	0.00575412
-46.16666608	0.00567571
-46.13333275	0.00575511
-46.09999942	0.00569108
-46.06666608	0.00571383
-46.03333275	0.00581509
-45.99999942	0.00575934
-45.96666608	0.00575005
-45.93333275	0.00581468
-45.89999942	0.00583743
-45.86666608	0.00589710
-45.83333275	0.00589053
-45.79999942	0.00589151
-45.76666609	0.00590374
-45.73333275	0.00593248
-45.69999942	0.00600239
-45.66666609	0.00599673
-45.63333275	0.00602208
-45.59999942	0.00611628
-45.56666609	0.00615706
-45.53333275	0.00621332
-45.49999942	0.00624790
-45.46666609	0.00624772
-45.43333275	0.00634289
-45.39999942	0.00638661
-45.36666609	0.00647004
-45.33333276	0.00647319
-45.29999942	0.00647117
-45.26666609	0.00667729
-45.23333276	0.00656005
-45.19999942	0.00660431
-45.16666609	0.00655283
-45.13333276	0.00664247
-45.09999942	0.00667632
-45.06666609	0.00666930
-45.03333276	0.00673334
-44.99999943	0.00665367
-44.96666609	0.00673122
-44.93333276	0.00672047
-44.89999943	0.00666536
-44.86666609	0.00660500
-44.83333276	0.00650946
-44.79999943	0.00634764
-44.76666609	0.00629251
-44.73333276	0.00615649
-44.69999943	0.00598187
-44.66666610	0.00582259
-44.63333276	0.00570336
-44.59999943	0.00540674
-44.56666610	0.00527982
-44.53333276	0.00499880
-44.49999943	0.00479229
-44.46666610	0.00452222
-44.43333276	0.00438054
-44.39999943	0.00421943
-44.36666610	0.00412880
-44.33333277	0.00401445
-44.29999943	0.00389267
-44.26666610	0.00368826
-44.23333277	0.00358530
-44.19999943	0.00346456
-44.16666610	0.00350969
-44.13333277	0.00351172
-44.09999943	0.00353039
-44.06666610	0.00363344
-44.03333277	0.00391047
-43.99999944	0.00416208
-43.96666610	0.00445133
-43.93333277	0.00492122
-43.89999944	0.00531319
-43.86666610	0.00583029
-43.83333277	0.00635927
-43.79999944	0.00706681
-43.76666610	0.00785375
-43.73333277	0.00867876
-43.69999944	0.00948065
-43.66666611	0.01049540
-43.63333277	0.01156218
-43.59999944	0.01266177
-43.56666611	0.01383628
-43.53333277	0.01509164
-43.49999944	0.01642017
-43.46666611	0.01785576
-43.43333277	0.01928211
-43.39999944	0.02083485
-43.36666611	0.02238349
-43.33333277	0.02404222
-43.29999944	0.02573739
-43.26666611	0.02755815
-43.23333278	0.02942061
-43.19999944	0.03126761
-43.16666611	0.03349243
-43.13333278	0.03543404
-43.09999944	0.03770460
-43.06666611	0.03998651
-43.03333278	0.04226721
-42.99999944	0.04476231
-42.96666611	0.04736694
-42.93333278	0.04997749
-42.89999945	0.05275291
-42.86666611	0.05576765
-42.83333278	0.05875631
-42.79999945	0.06177982
-42.76666611	0.06501510
-42.73333278	0.06827760
-42.69999945	0.07174703
-42.66666611	0.07535054
-42.63333278	0.07912595
-42.59999945	0.08288578
-42.56666612	0.08673337
-42.53333278	0.09075906
-42.49999945	0.09473580
-42.46666612	0.09861597
-42.43333278	0.10266348
-42.39999945	0.10660083
-42.36666612	0.11047368
-42.33333278	0.11413247
-42.29999945	0.11753346
-42.26666612	0.12067459
-42.23333279	0.12346593
-42.19999945	0.12575205
-42.16666612	0.12756632
-42.13333279	0.12850034
-42.09999945	0.12871504
-42.06666612	0.12818340
-42.03333279	0.12635486
-41.99999945	0.12332231
-41.96666612	0.11919600
-41.93333279	0.11341436
-41.89999946	0.10611939
-41.86666612	0.09713153
-41.83333279	0.08631625
-41.79999946	0.07365907
-41.76666612	0.05891239
-41.73333279	0.04222293
-41.69999946	0.02345260
-41.66666612	0.00260640
-41.63333279	-0.02031456
-41.59999946	-0.04513353
-41.56666613	-0.07187873
-41.53333279	-0.10045913
-41.49999946	-0.13062763
-41.46666613	-0.16209077
-41.43333279	-0.19466649
-41.39999946	-0.22826197
-41.36666613	-0.26243184
-41.33333279	-0.29666379
-41.29999946	-0.33088268
-41.26666613	-0.36469507
-41.23333280	-0.39739722
-41.19999946	-0.42886072
-41.16666613	-0.45861460
-41.13333280	-0.48630470
-41.09999946	-0.51138076
-41.06666613	-0.53378520
-41.03333280	-0.55284236
-40.99999946	-0.56838458
-40.96666613	-0.58015791
-40.93333280	-0.58788919
-40.89999946	-0.59156040
-40.86666613	-0.59094391
-40.83333280	-0.58577362
-40.79999947	-0.57632181
-40.76666613	-0.56264552
-40.73333280	-0.54459863
-40.69999947	-0.52249789
-40.66666613	-0.49665450
-40.63333280	-0.46724237
-40.59999947	-0.43445690
-40.56666613	-0.39881661
-40.53333280	-0.36068801
-40.49999947	-0.32045018
-40.46666614	-0.27835445
-40.43333280	-0.23514437
-40.39999947	-0.19111009
-40.36666614	-0.14665940
-40.33333280	-0.10240044
-40.29999947	-0.05857142
-40.26666614	-0.01557930
-40.23333280	0.02613698
-40.19999947	0.06622085
-40.16666614	0.10432701
-40.13333281	0.14042014
-40.09999947	0.17392117
-40.06666614	0.20501794
-40.03333281	0.23308251
-39.99999947	0.25848600
-39.96666614	0.28074203
-39.93333281	0.30002764
-39.89999947	0.31644634
-39.86666614	0.32991517
-39.83333281	0.34057070
-39.79999948	0.34854219
-39.76666614	0.35374800
-39.73333281	0.35668961
-39.69999948	0.35727209
-39.66666614	0.35574441
-39.63333281	0.35234059
-39.59999948	0.34735913
-39.56666614	0.34087391
-39.53333281	0.33292126
-39.49999948	0.32401642
-39.46666615	0.31427357
-39.43333281	0.30377667
-39.39999948	0.29269664
-39.36666615	0.28131757
-39.33333281	0.26965271
-39.29999948	0.25804140
-39.26666615	0.24634414
-39.23333281	0.23485674
-39.19999948	0.22362970
-39.16666615	0.21265730
-39.13333282	0.20199520
-39.09999948	0.19195726
-39.06666615	0.18223603
-39.03333282	0.17300624
-38.99999948	0.16434744
-38.96666615	0.15619174
-38.93333282	0.14851134
-38.89999948	0.14129463
-38.86666615	0.13456229
-38.83333282	0.12827840
-38.79999948	0.12234015
-38.76666615	0.11686511
-38.73333282	0.11172083
-38.69999949	0.10679257
-38.66666615	0.10221877
-38.63333282	0.09783903
-38.59999949	0.09384780
-38.56666615	0.08987890
-38.53333282	0.08606070
-38.49999949	0.08221089
-38.46666615	0.07874554
-38.43333282	0.07519471
-38.39999949	0.07166030
-38.36666616	0.06820927
-38.33333282	0.06467007
-38.29999949	0.06113400
-38.26666616	0.05767484
-38.23333282	0.05414325
-38.19999949	0.05056831
-38.16666616	0.04697527
-38.13333282	0.04342542
-38.09999949	0.03978778
-38.06666616	0.03598136
-38.03333283	0.03260341
-37.99999949	0.02887376
-37.96666616	0.02529250
-37.93333283	0.02178871
-37.89999949	0.01836229
-37.86666616	0.01505150
-37.83333283	0.01170797
-37.79999949	0.00852355
-37.76666616	0.00550306
-37.73333283	0.00253789
-37.69999950	-0.00018414
-37.66666616	-0.00294471
-37.63333283	-0.00539233
-37.59999950	-0.00784767
-37.56666616	-0.01004864
-37.53333283	-0.01202974
-37.49999950	-0.01387556
-37.46666616	-0.01560819
-37.43333283	-0.01739882
-37.39999950	-0.01887436
-37.36666617	-0.02029907
-37.33333283	-0.02154454
-37.29999950	-0.02268485
-37.26666617	-0.02368326
-37.23333283	-0.02456061
-37.19999950	-0.02539493
-37.16666617	-0.02608044
-37.13333283	-0.02684153
-37.09999950	-0.02760907
-37.06666617	-0.02811438
-37.03333284	-0.02869418
-36.99999950	-0.02937591
-36.96666617	-0.02999070
-36.93333284	-0.03051658
-36.89999950	-0.03104753
-36.86666617	-0.03157937
-36.83333284	-0.03224840
-36.79999950	-0.03268334
-36.76666617	-0.03333101
-36.73333284	-0.03389296
-36.69999950	-0.03428812
-36.66666617	-0.03489234
-36.63333284	-0.03518564
-36.59999951	-0.03573917
-36.56666617	-0.03619964
-36.53333284	-0.03649929
-36.49999951	-0.03676974
-36.46666617	-0.03702571
-36.43333284	-0.03709388
-36.39999951	-0.03710706
-36.36666617	-0.03708010
-36.33333284	-0.03691643
-36.29999951	-0.03681499
-36.26666618	-0.03642951
-36.23333284	-0.03597490
-36.19999951	-0.03537614
-36.16666618	-0.03473534
-36.13333284	-0.03402124
-36.09999951	-0.03314710
-36.06666618	-0.03222948
-36.03333284	-0.03112641
-35.99999951	-0.03003442
-35.96666618	-0.02888265
-35.93333285	-0.02766363
-35.89999951	-0.02635895
-35.86666618	-0.02502190
-35.83333285	-0.02369147
-35.79999951	-0.02238321
-35.76666618	-0.02115760
-35.73333285	-0.01979052
-35.69999951	-0.01857471
-35.66666618	-0.01735065
-35.63333285	-0.01629643
-35.59999952	-0.01509057
-35.56666618	-0.01413315
-35.53333285	-0.01329217
-35.49999952	-0.01249585
-35.46666618	-0.01177158
-35.43333285	-0.01122312
-35.39999952	-0.01077538
-35.36666618	-0.01042060
-35.33333285	-0.01010304
-35.29999952	-0.00983838
-35.26666619	-0.00979441
-35.23333285	-0.00969335
-35.19999952	-0.00982368
-35.16666619	-0.01005313
-35.13333285	-0.01016086
-35.09999952	-0.01040249
-35.06666619	-0.01065583
-35.03333285	-0.01111191
-34.99999952	-0.01134135
-34.96666619	-0.01165409
-34.93333286	-0.01203244
-34.89999952	-0.01226480
-34.86666619	-0.01262970
-34.83333286	-0.01291799
-34.79999952	-0.01313642
-34.76666619	-0.01337754
-34.73333286	-0.01348410
-34.69999952	-0.01352263
-34.66666619	-0.01363542
-34.63333286	-0.01364151
-34.59999953	-0.01349987
-34.56666619	-0.01341353
-34.53333286	-0.01312714
-34.49999953	-0.01289558
-34.46666619	-0.01267662
-34.43333286	-0.01227584
-34.39999953	-0.01196748
-34.36666619	-0.01137671
-34.33333286	-0.01099535
-34.29999953	-0.01042355
-34.26666619	-0.00985318
-34.23333286	-0.00927318
-34.19999953	-0.00861415
-34.16666620	-0.00813767
-34.13333286	-0.00757399
-34.09999953	-0.00694274
-34.06666620	-0.00638370
-34.03333286	-0.00582959
-33.99999953	-0.00539328
-33.96666620	-0.00479618
-33.93333286	-0.00440608
-33.89999953	-0.00403323
-33.86666620	-0.00365049
-33.83333287	-0.00336462
-33.79999953	-0.00326215
-33.76666620	-0.00324374
-33.73333287	-0.00306121
-33.69999953	-0.00311768
-33.66666620	-0.00323975
-33.63333287	-0.00349823
-33.59999953	-0.00370879
-33.56666620	-0.00405275
-33.53333287	-0.00450933
-33.49999954	-0.00494903
-33.46666620	-0.00553350
-33.43333287	-0.00617340
-33.39999954	-0.00683151
-33.36666620	-0.00744354
-33.33333287	-0.00818547
-33.29999954	-0.00909121
-33.26666620	-0.00995610
-33.23333287	-0.01067964
-33.19999954	-0.01143545
-33.16666621	-0.01225703
-33.13333287	-0.01305125
-33.09999954	-0.01386752
-33.06666621	-0.01461778
-33.03333287	-0.01525985
-32.99999954	-0.01597158
-32.96666621	-0.01655437
-32.93333287	-0.01716073
-32.89999954	-0.01755563
-32.86666621	-0.01804849
-32.83333288	-0.01828548
-32.79999954	-0.01858163
-32.76666621	-0.01885223
-32.73333288	-0.01882418
-32.69999954	-0.01882673
-32.66666621	-0.01885156
-32.63333288	-0.01868343
-32.59999954	-0.01841243
-32.56666621	-0.01815492
-32.53333288	-0.01767342
-32.49999955	-0.01737522
-32.46666621	-0.01688938
-32.43333288	-0.01637846
-32.39999955	-0.01591360
-32.36666621	-0.01517561
-32.33333288	-0.01452528
-32.29999955	-0.01403807
-32.26666621	-0.01324156
-32.23333288	-0.01246433
-32.19999955	-0.01176175
-32.16666621	-0.01114695
-32.13333288	-0.01040328
-32.09999955	-0.00973238
-32.06666622	-0.00907103
-32.03333288	-0.00851431
-31.99999955	-0.00798493
-31.96666622	-0.00741039
-31.93333288	-0.00691127
-31.89999955	-0.00649095
-31.86666622	-0.00617690
-31.83333288	-0.00585068
-31.79999955	-0.00555737
-31.76666622	-0.00540137
-31.73333289	-0.00532024
-31.69999955	-0.00525230
-31.66666622	-0.00526862
-31.63333289	-0.00525488
-31.59999955	-0.00538455
-31.56666622	-0.00551054
-31.53333289	-0.00558535
-31.49999955	-0.00587218
-31.46666622	-0.00611967
-31.43333289	-0.00642448
-31.39999956	-0.00665733
-31.36666622	-0.00700320
-31.33333289	-0.00717523
-31.29999956	-0.00745235
-31.26666622	-0.00775037
-31.23333289	-0.00793314
-31.19999956	-0.00810708
-31.16666622	-0.00826495
-31.13333289	-0.00837384
-31.09999956	-0.00841708
-31.06666623	-0.00843092
-31.03333289	-0.00832098
-30.99999956	-0.00825609
-30.96666623	-0.00809166
-30.93333289	-0.00791457
-30.89999956	-0.00760231
-30.86666623	-0.00724105
-30.83333289	-0.00676224
-30.79999956	-0.00630189
-30.76666623	-0.00573058
-30.73333290	-0.00511890
-30.69999956	-0.00458242
-30.66666623	-0.00375846
-30.63333290	-0.00312185
-30.59999956	-0.00232920
-30.56666623	-0.00166689
-30.53333290	-0.00089759
-30.49999956	-0.00014894
-30.46666623	0.00047846
-30.43333290	0.00115620
-30.39999957	0.00197190
-30.36666623	0.00270652
-30.33333290	0.00322659
-30.29999957	0.00386003
-30.26666623	0.00441205
-30.23333290	0.00486431
-30.19999957	0.00532980
-30.16666623	0.00569501
-30.13333290	0.00587856
-30.09999957	0.00609759
-30.06666624	0.00617530
-30.03333290	0.00621593
-29.99999957	0.00615043
-29.96666624	0.00602191
-29.93333290	0.00581526
-29.89999957	0.00571904
-29.86666624	0.00532695
-29.83333290	0.00492603
-29.79999957	0.00460225
-29.76666624	0.00411693
-29.73333290	0.00357061
-29.69999957	0.00309748
-29.66666624	0.00253392
-29.63333291	0.00198647
-29.59999957	0.00149509
-29.56666624	0.00098731
-29.53333291	0.00046394
-29.49999957	-0.00005777
-29.46666624	-0.00040139
-29.43333291	-0.00078825
-29.39999957	-0.00119393
-29.36666624	-0.00146679
-29.33333291	-0.00174290
-29.29999958	-0.00191746
-29.26666624	-0.00215907
-29.23333291	-0.00219342
-29.19999958	-0.00228757
-29.16666624	-0.00221410
-29.13333291	-0.00223264
-29.09999958	-0.00219197
-29.06666624	-0.00201687
-29.03333291	-0.00192486
-28.99999958	-0.00166315
-28.96666625	-0.00131857
-28.93333291	-0.00117462
-28.89999958	-0.00099969
-28.86666625	-0.00075708
-28.83333291	-0.00050604
-28.79999958	-0.00026169
-28.76666625	0.00000280
-28.73333291	0.00034234
-28.69999958	0.00052297
-28.66666625	0.00075267
-28.63333292	0.00095652
-28.59999958	0.00114427
-28.56666625	0.00133539
-28.53333292	0.00156904
-28.49999958	0.00164339
-28.46666625	0.00171823
-28.43333292	0.00178860
-28.39999958	0.00196544
-28.36666625	0.00190685
-28.33333292	0.00196453
-28.29999959	0.00194725
-28.26666625	0.00187607
-28.23333292	0.00195361
-28.19999959	0.00178491
-28.16666625	0.00180733
-28.13333292	0.00166631
-28.09999959	0.00160588
-28.06666625	0.00148758
-28.03333292	0.00130115
-27.99999959	0.00119583
-27.96666626	0.00094005
-27.93333292	0.00092807
-27.89999959	0.00068845
-27.86666626	0.00066703
-27.83333292	0.00037532
-27.79999959	0.00035960
-27.76666626	0.00029623
-27.73333292	0.00024649
-27.69999959	0.00011967
-27.66666626	0.00007182
-27.63333292	0.00000357
-27.59999959	0.00008974
-27.56666626	-0.00000159
-27.53333293	0.00009158
-27.49999959	0.00021587
-27.46666626	0.00028512
-27.43333293	0.00054440
-27.39999959	0.00061287
-27.36666626	0.00083767
-27.33333293	0.00096469
-27.29999959	0.00120793
-27.26666626	0.00151608
-27.23333293	0.00178206
-27.19999960	0.00204998
-27.16666626	0.00245072
-27.13333293	0.00272846
-27.09999960	0.00318377
-27.06666626	0.00355274
-27.03333293	0.00398552
-26.99999960	0.00428361
-26.96666626	0.00471455
-26.93333293	0.00521191
-26.89999960	0.00558176
-26.86666627	0.00604694
-26.83333293	0.00636464
-26.79999960	0.00670382
-26.76666627	0.00717854
-26.73333293	0.00747735
-26.69999960	0.00773763
-26.66666627	0.00798872
-26.63333293	0.00822861
-26.59999960	0.00836580
-26.56666627	0.00843913
-26.53333294	0.00858462
-26.49999960	0.00857257
-26.46666627	0.00853809
-26.43333294	0.00827607
-26.39999960	0.00822478
-26.36666627	0.00791738
-26.33333294	0.00761432
-26.29999960	0.00722998
-26.26666627	0.00672309
-26.23333294	0.00636221
-26.19999961	0.00580727
-26.16666627	0.00511154
-26.13333294	0.00451671
-26.09999961	0.00388653
-26.06666627	0.00313656
-26.03333294	0.00237915
-25.99999961	0.00163148
-25.96666627	0.00090499
-25.93333294	0.00021294
-25.89999961	-0.00054247
-25.86666628	-0.00125467
-25.83333294	-0.00189354
-25.79999961	-0.00268850
-25.76666628	-0.00335709
-25.73333294	-0.00397541
-25.69999961	-0.00455256
-25.66666628	-0.00504931
-25.63333294	-0.00549042
-25.59999961	-0.00592263
-25.56666628	-0.00631033
-25.53333294	-0.00661666
-25.49999961	-0.00694493
-25.46666628	-0.00721868
-25.43333295	-0.00735554
-25.39999961	-0.00745951
-25.36666628	-0.00756342
-25.33333295	-0.00774309
-25.29999961	-0.00770673
-25.26666628	-0.00752843
-25.23333295	-0.00762541
-25.19999961	-0.00744034
-25.16666628	-0.00728737
-25.13333295	-0.00713615
-25.09999962	-0.00702764
-25.06666628	-0.00677208
-25.03333295	-0.00666448
-24.99999962	-0.00639988
-24.96666628	-0.00616491
-24.93333295	-0.00599599
-24.89999962	-0.00587220
-24.86666628	-0.00569096
-24.83333295	-0.00560906
-24.79999962	-0.00540717
-24.76666629	-0.00534179
-24.73333295	-0.00523665
-24.69999962	-0.00517888
-24.66666629	-0.00503042
-24.63333295	-0.00494087
-24.59999962	-0.00494507
-24.56666629	-0.00490855
-24.53333295	-0.00493693
-24.49999962	-0.00502238
-24.46666629	-0.00499695
-24.43333296	-0.00490483
-24.39999962	-0.00502148
-24.36666629	-0.00497143
-24.33333296	-0.00505037
-24.29999962	-0.00492815
-24.26666629	-0.00491856
-24.23333296	-0.00482563
-24.19999962	-0.00473522
-24.16666629	-0.00446562
-24.13333296	-0.00430992
-24.09999963	-0.00400081
-24.06666629	-0.00382206
-24.03333296	-0.00354805
-23.99999963	-0.00331306
-23.96666629	-0.00287850
-23.93333296	-0.00246880
-23.89999963	-0.00220635
-23.86666629	-0.00170728
-23.83333296	-0.00126503
-23.79999963	-0.00084662
-23.76666630	-0.00033830
-23.73333296	0.00014014
-23.69999963	0.00058142
-23.66666630	0.00102369
-23.63333296	0.00145158
-23.59999963	0.00188512
-23.56666630	0.00213250
-23.53333296	0.00246212
-23.49999963	0.00267215
-23.46666630	0.00296255
-23.43333297	0.00310974
-23.39999963	0.00327578
-23.36666630	0.00344092
-23.33333297	0.00338992
-23.29999963	0.00342271
-23.26666630	0.00314541
-23.23333297	0.00303314
-23.19999963	0.00278068
-23.16666630	0.00235576
-23.13333297	0.00184051
-23.09999963	0.00133317
-23.06666630	0.00064600
-23.03333297	-0.00005372
-22.99999964	-0.00089336
-22.96666630	-0.00183316
-22.93333297	-0.00282991
-22.89999964	-0.00398484
-22.86666630	-0.00501554
-22.83333297	-0.00631571
-22.79999964	-0.00766728
-22.76666630	-0.00901447
-22.73333297	-0.01051554
-22.69999964	-0.01198301
-22.66666631	-0.01356156
-22.63333297	-0.01526467
-22.59999964	-0.01702243
-22.56666631	-0.01874138
-22.53333297	-0.02048447
-22.49999964	-0.02226837
-22.46666631	-0.02407660
-22.43333297	-0.02576914
-22.39999964	-0.02754363
-22.36666631	-0.02938545
-22.33333298	-0.03114091
-22.29999964	-0.03278655
-22.26666631	-0.03440628
-22.23333298	-0.03596220
-22.19999964	-0.03732584
-22.16666631	-0.03883937
-22.13333298	-0.04010724
-22.09999964	-0.04136913
-22.06666631	-0.04244448
-22.03333298	-0.04340885
-21.99999965	-0.04422123
-21.96666631	-0.04475497
-21.93333298	-0.04530391
-21.89999965	-0.04571533
-21.86666631	-0.04598770
-21.83333298	-0.04593778
-21.79999965	-0.04578227
-21.76666631	-0.04550127
-21.73333298	-0.04503686
-21.69999965	-0.04449161
-21.66666632	-0.04377996
-21.63333298	-0.04280418
-21.59999965	-0.04168596
-21.56666632	-0.04045889
-21.53333298	-0.03915702
-21.49999965	-0.03769046
-21.46666632	-0.03600576
-21.43333298	-0.03433100
-21.39999965	-0.03246469
-21.36666632	-0.03049714
-21.33333299	-0.02843547
-21.29999965	-0.02638107
-21.26666632	-0.02433032
-21.23333299	-0.02212493
-21.19999965	-0.01995304
-21.16666632	-0.01779836
-21.13333299	-0.01563459
-21.09999965	-0.01340402
-21.06666632	-0.01121925
-21.03333299	-0.00914506
-20.99999965	-0.00712875
-20.96666632	-0.00514402
-20.93333299	-0.00314786
-20.89999966	-0.00143249
-20.86666632	0.00025362
-20.83333299	0.00195587
-20.79999966	0.00347955
-20.76666632	0.00493835
-20.73333299	0.00629067
-20.69999966	0.00742347
-20.66666632	0.00867542
-20.63333299	0.00971013
-20.59999966	0.01072920
-20.56666633	0.01162335
-20.53333299	0.01234217
-20.49999966	0.01310175
-20.46666633	0.01370693
-20.43333299	0.01430927
-20.39999966	0.01469596
-20.36666633	0.01516334
-20.33333299	0.01544788
-20.29999966	0.01568175
-20.26666633	0.01592268
-20.23333300	0.01609630
-20.19999966	0.01620948
-20.16666633	0.01627140
-20.13333300	0.01629657
-20.09999966	0.01628139
-20.06666633	0.01627540
-20.03333300	0.01630182
-19.99999966	0.01612434
-19.96666633	0.01601692
-19.93333300	0.01585248
-19.89999967	0.01564831
-19.86666633	0.01552363
-19.83333300	0.01526946
-19.79999967	0.01499728
-19.76666633	0.01466008
-19.73333300	0.01422964
-19.69999967	0.01399535
-19.66666633	0.01358282
-19.63333300	0.01313744
-19.59999967	0.01274727
-19.56666634	0.01234006
-19.53333300	0.01184741
-19.49999967	0.01138587
-19.46666634	0.01088630
-19.43333300	0.01025050
-19.39999967	0.00980547
-19.36666634	0.00923900
-19.33333300	0.00870413
-19.29999967	0.00808247
-19.26666634	0.00740568
-19.23333301	0.00669167
-19.19999967	0.00616897
-19.16666634	0.00552206
-19.13333301	0.00490094
-19.09999967	0.00426494
-19.06666634	0.00368528
-19.03333301	0.00299530
-18.99999967	0.00243674
-18.96666634	0.00182651
-18.93333301	0.00125342
-18.89999968	0.00070373
-18.86666634	0.00018277
-18.83333301	-0.00034975
-18.79999968	-0.00095627
-18.76666634	-0.00137461
-18.73333301	-0.00177359
-18.69999968	-0.00218894
-18.66666634	-0.00252042
-18.63333301	-0.00288342
-18.59999968	-0.00332778
-18.56666634	-0.00370922
-18.53333301	-0.00397481
-18.49999968	-0.00429350
-18.46666635	-0.00450383
-18.43333301	-0.00463760
-18.39999968	-0.00486714
-18.36666635	-0.00503103
-18.33333301	-0.00518729
-18.29999968	-0.00518274
-18.26666635	-0.00537439
-18.23333301	-0.00554114
-18.19999968	-0.00558197
-18.16666635	-0.00565507
-18.13333302	-0.00575882
-18.09999968	-0.00582327
-18.06666635	-0.00576794
-18.03333302	-0.00585839
-17.99999968	-0.00594416
-17.96666635	-0.00596358
-17.93333302	-0.00598335
-17.89999968	-0.00600370
-17.86666635	-0.00600735
-17.83333302	-0.00607440
-17.79999969	-0.00607807
-17.76666635	-0.00613780
-17.73333302	-0.00614686
-17.69999969	-0.00620417
-17.66666635	-0.00623937
-17.63333302	-0.00628619
-17.59999969	-0.00633544
-17.56666635	-0.00653531
-17.53333302	-0.00663182
-17.49999969	-0.00670271
-17.46666636	-0.00681635
-17.43333302	-0.00681343
-17.39999969	-0.00698452
-17.36666636	-0.00706075
-17.33333302	-0.00723781
-17.29999969	-0.00752412
-17.26666636	-0.00756996
-17.23333302	-0.00770472
-17.19999969	-0.00785366
-17.16666636	-0.00804791
-17.13333303	-0.00822407
-17.09999969	-0.00825212
-17.06666636	-0.00839729
-17.03333303	-0.00856143
-16.99999969	-0.00866685
-16.96666636	-0.00880205
-16.93333303	-0.00893169
-16.89999969	-0.00904140
-16.86666636	-0.00908642
-16.83333303	-0.00923729
-16.79999970	-0.00927730
-16.76666636	-0.00929606
-16.73333303	-0.00935726
-16.69999970	-0.00930293
-16.66666636	-0.00919209
-16.63333303	-0.00918902
-16.59999970	-0.00900638
-16.56666636	-0.00893849
-16.53333303	-0.00878058
-16.49999970	-0.00855255
-16.46666636	-0.00834661
-16.43333303	-0.00808992
-16.39999970	-0.00779523
-16.36666637	-0.00749530
-16.33333303	-0.00714918
-16.29999970	-0.00682368
-16.26666637	-0.00644411
-16.23333303	-0.00602594
-16.19999970	-0.00561277
-16.16666637	-0.00516887
-16.13333303	-0.00472162
-16.09999970	-0.00430817
-16.06666637	-0.00372224
-16.03333304	-0.00332294
-15.99999970	-0.00289770
-15.96666637	-0.00248750
-15.93333304	-0.00209919
-15.89999970	-0.00161160
-15.86666637	-0.00122797
-15.83333304	-0.00085138
-15.79999970	-0.00054161
-15.76666637	-0.00025930
-15.73333304	0.00012343
-15.69999971	0.00034186
-15.66666637	0.00046998
-15.63333304	0.00070456
-15.59999971	0.00086269
-15.56666637	0.00107518
-15.53333304	0.00117168
-15.49999971	0.00127202
-15.46666637	0.00126765
-15.43333304	0.00123768
-15.39999971	0.00131397
-15.36666638	0.00130734
-15.33333304	0.00122725
-15.29999971	0.00118995
-15.26666638	0.00117291
-15.23333304	0.00113528
-15.19999971	0.00109014
-15.16666638	0.00105925
-15.13333304	0.00110573
-15.09999971	0.00097701
-15.06666638	0.00110848
-15.03333305	0.00109644
-14.99999971	0.00118422
-14.96666638	0.00130819
-14.93333305	0.00148539
-14.89999971	0.00158893
-14.86666638	0.00178217
-14.83333305	0.00196438
-14.79999971	0.00236028
-14.76666638	0.00261626
-14.73333305	0.00296264
-14.69999972	0.00329606
-14.66666638	0.00364168
-14.63333305	0.00405434
-14.59999972	0.00447193
-14.56666638	0.00479033
-14.53333305	0.00521504
-14.49999972	0.00572511
-14.46666638	0.00598538
-14.43333305	0.00648832
-14.39999972	0.00694426
-14.36666639	0.00718015
-14.33333305	0.00756640
-14.29999972	0.00798263
-14.26666639	0.00822642
-14.23333305	0.00860881
-14.19999972	0.00887367
-14.16666639	0.00911033
-14.13333305	0.00925375
-14.09999972	0.00936654
-14.06666639	0.00954682
-14.03333305	0.00961384
-13.99999972	0.00972242
-13.96666639	0.00966272
-13.93333306	0.00950127
-13.89999972	0.00956783
-13.86666639	0.00928366
-13.83333306	0.00914591
-13.79999972	0.00897189
-13.76666639	0.00880463
-13.73333306	0.00848903
-13.69999972	0.00821003
-13.66666639	0.00806890
-13.63333306	0.00769389
-13.59999973	0.00738675
-13.56666639	0.00706826
-13.53333306	0.00674975
-13.49999973	0.00638191
-13.46666639	0.00616431
-13.43333306	0.00582067
-13.39999973	0.00545242
-13.36666639	0.00514739
-13.33333306	0.00484595
-13.29999973	0.00458750
-13.26666640	0.00441541
-13.23333306	0.00424476
-13.19999973	0.00407173
-13.16666640	0.00396275
-13.13333306	0.00377485
-13.09999973	0.00368590
-13.06666640	0.00366168
-13.03333306	0.00356725
-12.99999973	0.00353824
-12.96666640	0.00361645
-12.93333307	0.00354235
-12.89999973	0.00357005
-12.86666640	0.00373291
-12.83333307	0.00382234
-12.79999973	0.00382964
-12.76666640	0.00406183
-12.73333307	0.00403384
-12.69999973	0.00417621
-12.66666640	0.00432091
-12.63333307	0.00443687
-12.59999974	0.00461426
-12.56666640	0.00460133
-12.53333307	0.00471216
-12.49999974	0.00482210
-12.46666640	0.00487561
-12.43333307	0.00484593
-12.39999974	0.00498967
-12.36666640	0.00493436
-12.33333307	0.00497094
-12.29999974	0.00496700
-12.26666641	0.00498089
-12.23333307	0.00486676
-12.19999974	0.00478785
-12.16666641	0.00475247
-12.13333307	0.00470997
-12.09999974	0.00453377
-12.06666641	0.00438388
-12.03333307	0.00426427
-11.99999974	0.00401746
-11.96666641	0.00385593
-11.93333307	0.00366267
-11.89999974	0.00333190
-11.86666641	0.00304156
-11.83333308	0.00272932
-11.79999974	0.00242773
-11.76666641	0.00207924
-11.73333308	0.00167365
-11.69999974	0.00143266
-11.66666641	0.00104641
-11.63333308	0.00060381
-11.59999974	0.00032831
-11.56666641	-0.00002860
-11.53333308	-0.00043068
-11.49999975	-0.00074588
-11.46666641	-0.00111970
-11.43333308	-0.00140871
-11.39999975	-0.00184956
-11.36666641	-0.00214775
-11.33333308	-0.00237571
-11.29999975	-0.00262009
-11.26666641	-0.00282225
-11.23333308	-0.00296561
-11.19999975	-0.00312351
-11.16666642	-0.00330278
-11.13333308	-0.00336791
-11.09999975	-0.00342773
-11.06666642	-0.00351639
-11.03333308	-0.00349151
-10.99999975	-0.00328939
-10.96666642	-0.00323860
-10.93333308	-0.00302805
-10.89999975	-0.00292615
-10.86666642	-0.00283306
-10.83333309	-0.00262113
-10.79999975	-0.00230885
-10.76666642	-0.00213657
-10.73333309	-0.00195508
-10.69999975	-0.00177810
-10.66666642	-0.00141017
-10.63333309	-0.00119504
-10.59999975	-0.00107994
-10.56666642	-0.00063509
-10.53333309	-0.00049567
-10.49999976	-0.00028412
-10.46666642	-0.00004884
-10.43333309	0.00008040
-10.39999976	0.00032283
-10.36666642	0.00043511
-10.33333309	0.00061763
-10.29999976	0.00068117
-10.26666642	0.00071933
-10.23333309	0.00077120
-10.19999976	0.00087397
-10.16666643	0.00090224
-10.13333309	0.00095590
-10.09999976	0.00106294
-10.06666643	0.00099663
-10.03333309	0.00103228
-9.99999976	0.00115929
-9.96666643	0.00101767
-9.93333309	0.00114307
-9.89999976	0.00117145
-9.86666643	0.00128509
-9.83333309	0.00143006
-9.79999976	0.00160278
-9.76666643	0.00167598
-9.73333310	0.00194985
-9.69999976	0.00216696
-9.66666643	0.00242354
-9.63333310	0.00276682
-9.59999976	0.00303180
-9.56666643	0.00345195
-9.53333310	0.00390896
-9.49999976	0.00429705
-9.46666643	0.00480763
-9.43333310	0.00539881
-9.39999977	0.00586910
-9.36666643	0.00651173
-9.33333310	0.00715033
-9.29999977	0.00780616
-9.26666643	0.00845492
-9.23333310	0.00903617
-9.19999977	0.00984400
-9.16666643	0.01043554
-9.13333310	0.01117710
-9.09999977	0.01184938
-9.06666644	0.01237424
-9.03333310	0.01292434
-8.99999977	0.01351806
-8.96666644	0.01391062
-8.93333310	0.01453944
-8.89999977	0.01496555
-8.86666644	0.01533974
-8.83333310	0.01552294
-8.79999977	0.01593992
-8.76666644	0.01614270
-8.73333311	0.01617779
-8.69999977	0.01625438
-8.66666644	0.01637105
-8.63333311	0.01621889
-8.59999977	0.01600580
-8.56666644	0.01590325
-8.53333311	0.01565718
-8.49999977	0.01535120
-8.46666644	0.01503729
-8.43333311	0.01456494
-8.39999978	0.01420272
-8.36666644	0.01363634
-8.33333311	0.01319373
-8.29999978	0.01265740
-8.26666644	0.01198803
-8.23333311	0.01137327
-8.19999978	0.01086246
-8.16666644	0.01009240
-8.13333311	0.00947911
-8.09999978	0.00880584
-8.06666645	0.00811026
-8.03333311	0.00754611
-7.99999978	0.00697634
-7.96666645	0.00642659
-7.93333311	0.00585123
-7.89999978	0.00542022
-7.86666645	0.00485162
-7.83333311	0.00457589
-7.79999978	0.00415682
-7.76666645	0.00391059
-7.73333312	0.00358096
-7.69999978	0.00321910
-7.66666645	0.00298524
-7.63333312	0.00283757
-7.59999978	0.00283448
-7.56666645	0.00271386
-7.53333312	0.00256362
-7.49999978	0.00258665
-7.46666645	0.00266307
-7.43333312	0.00271197
-7.39999978	0.00278621
-7.36666645	0.00285649
-7.33333312	0.00306598
-7.29999979	0.00312976
-7.26666645	0.00333091
-7.23333312	0.00368072
-7.19999979	0.00376628
-7.16666645	0.00394495
-7.13333312	0.00422324
-7.09999979	0.00442936
-7.06666645	0.00459445
-7.03333312	0.00485262
-6.99999979	0.00507862
-6.96666646	0.00518434
-6.93333312	0.00524227
-6.89999979	0.00530251
-6.86666646	0.00550953
-6.83333312	0.00560511
-6.79999979	0.00560725
-6.76666646	0.00557186
-6.73333312	0.00545578
-6.69999979	0.00531123
-6.66666646	0.00518592
-6.63333313	0.00499216
-6.59999979	0.00471555
-6.56666646	0.00437313
-6.53333313	0.00404492
-6.49999979	0.00373090
-6.46666646	0.00333493
-6.43333313	0.00281952
-6.39999979	0.00239973
-6.36666646	0.00182276
-6.33333313	0.00132857
-6.29999980	0.00074975
-6.26666646	0.00008732
-6.23333313	-0.00045576
-6.19999980	-0.00105783
-6.16666646	-0.00167630
-6.13333313	-0.00227303
-6.09999980	-0.00283362
-6.06666646	-0.00343675
-6.03333313	-0.00392664
-5.99999980	-0.00446704
-5.96666647	-0.00495127
-5.93333313	-0.00544548
-5.89999980	-0.00576476
-5.86666647	-0.00625514
-5.83333313	-0.00663561
-5.79999980	-0.00689245
-5.76666647	-0.00721490
-5.73333313	-0.00740296
-5.69999980	-0.00752410
-5.66666647	-0.00764813
-5.63333314	-0.00771176
-5.59999980	-0.00766525
-5.56666647	-0.00782540
-5.53333314	-0.00774132
-5.49999980	-0.00766124
-5.46666647	-0.00743179
-5.43333314	-0.00739654
-5.39999980	-0.00725607
-5.36666647	-0.00708068
-5.33333314	-0.00695112
-5.29999980	-0.00679016
-5.26666647	-0.00649489
-5.23333314	-0.00624202
-5.19999981	-0.00603579
-5.16666647	-0.00579141
-5.13333314	-0.00572043
-5.09999981	-0.00550233
-5.06666647	-0.00533756
-5.03333314	-0.00512442
-4.99999981	-0.00495153
-4.96666647	-0.00482825
-4.93333314	-0.00484246
-4.89999981	-0.00473674
-4.86666648	-0.00466442
-4.83333314	-0.00460953
-4.79999981	-0.00464225
-4.76666648	-0.00457119
-4.73333314	-0.00459781
-4.69999981	-0.00454627
-4.66666648	-0.00456196
-4.63333314	-0.00456881
-4.59999981	-0.00451271
-4.56666648	-0.00462863
-4.53333315	-0.00454291
-4.49999981	-0.00449769
-4.46666648	-0.00445294
-4.43333315	-0.00433957
-4.39999981	-0.00434132
-4.36666648	-0.00416830
-4.33333315	-0.00412254
-4.29999981	-0.00397742
-4.26666648	-0.00376443
-4.23333315	-0.00346816
-4.19999982	-0.00309009
-4.16666648	-0.00285842
-4.13333315	-0.00251769
-4.09999982	-0.00223587
-4.06666648	-0.00182597
-4.03333315	-0.00129186
-3.99999982	-0.00085017
-3.96666648	-0.00036968
-3.93333315	0.00016823
-3.89999982	0.00062502
-3.86666649	0.00117475
-3.83333315	0.00173343
-3.79999982	0.00222082
-3.76666649	0.00273652
-3.73333315	0.00336228
-3.69999982	0.00394886
-3.66666649	0.00432351
-3.63333315	0.00492524
-3.59999982	0.00532116
-3.56666649	0.00575397
-3.53333316	0.00618608
-3.49999982	0.00653859
-3.46666649	0.00684714
-3.43333316	0.00712086
-3.39999982	0.00730768
-3.36666649	0.00756313
-3.33333316	0.00759366
-3.29999982	0.00767757
-3.26666649	0.00756776
-3.23333316	0.00749860
-3.19999983	0.00741271
-3.16666649	0.00716404
-3.13333316	0.00686422
-3.09999983	0.00654341
-3.06666649	0.00618009
-3.03333316	0.00558364
-2.99999983	0.00509763
-2.96666649	0.00457044
-2.93333316	0.00388842
-2.89999983	0.00312605
-2.86666649	0.00248027
-2.83333316	0.00161444
-2.79999983	0.00071567
-2.76666650	-0.00016603
-2.73333316	-0.00106561
-2.69999983	-0.00211762
-2.66666650	-0.00323439
-2.63333316	-0.00453010
-2.59999983	-0.00551803
-2.56666650	-0.00672286
-2.53333316	-0.00793283
-2.49999983	-0.00916833
-2.46666650	-0.01033840
-2.43333317	-0.01167984
-2.39999983	-0.01292752
-2.36666650	-0.01418339
-2.33333317	-0.01536956
-2.29999983	-0.01669716
-2.26666650	-0.01812125
-2.23333317	-0.01925393
-2.19999983	-0.02062732
-2.16666650	-0.02176089
-2.13333317	-0.02309616
-2.09999984	-0.02420939
-2.06666650	-0.02538674
-2.03333317	-0.02657928
-1.99999984	-0.02769095
-1.96666650	-0.02873155
-1.93333317	-0.02975644
-1.89999984	-0.03077847
-1.86666650	-0.03171010
-1.83333317	-0.03258542
-1.79999984	-0.03338927
-1.76666651	-0.03415490
-1.73333317	-0.03485299
-1.69999984	-0.03557379
-1.66666651	-0.03621510
-1.63333317	-0.03681865
-1.59999984	-0.03741975
-1.56666651	-0.03785386
-1.53333317	-0.03818259
-1.49999984	-0.03853255
-1.46666651	-0.03891353
-1.43333318	-0.03923455
-1.39999984	-0.03942980
-1.36666651	-0.03956835
-1.33333318	-0.03972389
-1.29999984	-0.03992388
-1.26666651	-0.03998299
-1.23333318	-0.03996219
-1.19999984	-0.03996454
-1.16666651	-0.03991779
-1.13333318	-0.03978189
-1.09999985	-0.03964271
-1.06666651	-0.03947630
-1.03333318	-0.03928500
-0.99999985	-0.03905346
-0.96666651	-0.03880886
-0.93333318	-0.03845855
-0.89999985	-0.03806257
-0.86666651	-0.03757728
-0.83333318	-0.03716778
-0.79999985	-0.03657220
-0.76666651	-0.03607395
-0.73333318	-0.03554553
-0.69999985	-0.03485771
-0.66666652	-0.03416036
-0.63333318	-0.03336827
-0.59999985	-0.03258812
-0.56666652	-0.03164612
-0.53333318	-0.03087780
-0.49999985	-0.02982661
-0.46666652	-0.02874211
-0.43333318	-0.02762764
-0.39999985	-0.02652296
-0.36666652	-0.02521448
-0.33333319	-0.02408904
-0.29999985	-0.02269615
-0.26666652	-0.02141095
-0.23333319	-0.01998849
-0.19999985	-0.01842396
-0.16666652	-0.01697607
-0.13333319	-0.01539638
-0.09999985	-0.01391576
-0.06666652	-0.01240369
-0.03333319	-0.01073727
0.00000014	-0.00911198
0.03333348	-0.00748989
0.06666681	-0.00587176
0.10000014	-0.00414494
0.13333348	-0.00259211
0.16666681	-0.00100409
0.20000014	0.00063174
0.23333348	0.00232929
0.26666681	0.00378974
0.30000014	0.00532425
0.33333347	0.00676588
0.36666681	0.00818792
0.40000014	0.00962185
0.43333347	0.01100129
0.46666681	0.01228022
0.50000014	0.01357678
0.53333347	0.01473375
0.56666681	0.01588239
0.60000014	0.01704003
0.63333347	0.01792600
0.66666680	0.01894686
0.70000014	0.01974246
0.73333347	0.02077718
0.76666680	0.02156922
0.80000014	0.02225047
0.83333347	0.02299455
0.86666680	0.02380011
0.90000014	0.02432952
0.93333347	0.02507096
0.96666680	0.02565256
1.00000013	0.02621324
1.03333347	0.02675630
1.06666680	0.02738021
1.10000013	0.02785173
1.13333347	0.02826648
1.16666680	0.02874212
1.20000013	0.02934890
1.23333347	0.02990831
1.26666680	0.03024589
1.30000013	0.03079143
1.33333347	0.03124120
1.36666680	0.03167287
1.40000013	0.03220474
1.43333346	0.03264375
1.46666680	0.03309206
1.50000013	0.03361218
1.53333346	0.03401562
1.56666680	0.03444637
1.60000013	0.03488980
1.63333346	0.03513426
1.66666680	0.03544767
1.70000013	0.03583384
1.73333346	0.03611477
1.76666679	0.03648667
1.80000013	0.03683164
1.83333346	0.03720245
1.86666679	0.03734940
1.90000013	0.03760256
1.93333346	0.03784938
1.96666679	0.03816624
2.00000013	0.03827929
2.03333346	0.03853529
2.06666679	0.03866539
2.10000012	0.03880093
2.13333346	0.03888743
2.16666679	0.03897075
2.20000012	0.03908278
2.23333346	0.03916496
2.26666679	0.03922997
2.30000012	0.03932243
2.33333346	0.03934879
2.36666679	0.03942319
2.40000012	0.03937839
2.43333345	0.03941775
2.46666679	0.03945211
2.50000012	0.03931242
2.53333345	0.03933363
2.56666679	0.03931193
2.60000012	0.03915422
2.63333345	0.03906105
2.66666679	0.03900298
2.70000012	0.03876784
2.73333345	0.03873591
2.76666678	0.03862518
2.80000012	0.03848075
2.83333345	0.03848932
2.86666678	0.03830541
2.90000012	0.03816066
2.93333345	0.03803249
2.96666678	0.03799819
3.00000012	0.03786719
3.03333345	0.03764819
3.06666678	0.03758388
3.10000011	0.03762272
3.13333345	0.03743236
3.16666678	0.03739924
3.20000011	0.03724553
3.23333345	0.03700951
3.26666678	0.03692209
3.30000011	0.03671718
3.33333345	0.03653871
3.36666678	0.03640618
3.40000011	0.03616170
3.43333344	0.03590899
3.46666678	0.03558113
3.50000011	0.03540977
3.53333344	0.03510518
3.56666678	0.03467324
3.60000011	0.03425542
3.63333344	0.03390257
3.66666678	0.03333863
3.70000011	0.03284543
3.73333344	0.03234031
3.76666678	0.03177534
3.80000011	0.03122169
3.83333344	0.03062813
3.86666677	0.02979635
3.90000011	0.02920770
3.93333344	0.02839162
3.96666677	0.02774308
4.00000011	0.02695888
4.03333344	0.02613406
4.06666677	0.02537989
4.10000011	0.02454193
4.13333344	0.02354706
4.16666677	0.02269844
4.20000010	0.02180154
4.23333344	0.02086666
4.26666677	0.01989920
4.30000010	0.01898519
4.33333344	0.01811219
4.36666677	0.01714253
4.40000010	0.01624808
4.43333344	0.01528684
4.46666677	0.01430197
4.50000010	0.01346782
4.53333343	0.01255944
4.56666677	0.01167357
4.60000010	0.01092001
4.63333343	0.01012703
4.66666677	0.00954602
4.70000010	0.00880862
4.73333343	0.00814984
4.76666677	0.00749871
4.80000010	0.00696102
4.83333343	0.00634367
4.86666676	0.00598509
4.90000010	0.00556271
4.93333343	0.00523073
4.96666676	0.00496644
5.00000010	0.00463102
5.03333343	0.00448103
5.06666676	0.00437266
5.10000010	0.00427765
5.13333343	0.00413330
5.16666676	0.00413852
5.20000009	0.00406350
5.23333343	0.00395084
5.26666676	0.00404130
5.30000009	0.00410466
5.33333343	0.00420562
5.36666676	0.00420925
5.40000009	0.00423992
5.43333343	0.00436582
5.46666676	0.00436538
5.50000009	0.00450390
5.53333342	0.00445591
5.56666676	0.00450934
5.60000009	0.00448821
5.63333342	0.00443329
5.66666676	0.00442655
5.70000009	0.00437551
5.73333342	0.00417079
5.76666676	0.00425423
5.80000009	0.00400332
5.83333342	0.00386188
5.86666676	0.00384657
5.90000009	0.00367402
5.93333342	0.00350930
5.96666675	0.00327998
6.00000009	0.00316614
6.03333342	0.00294124
6.06666675	0.00283983
6.10000009	0.00264473
6.13333342	0.00237070
6.16666675	0.00223264
6.20000009	0.00204031
6.23333342	0.00184008
6.26666675	0.00159481
6.30000008	0.00140571
6.33333342	0.00127066
6.36666675	0.00114297
6.40000008	0.00109202
6.43333342	0.00093733
6.46666675	0.00093248
6.50000008	0.00089409
6.53333342	0.00088325
6.56666675	0.00087433
6.60000008	0.00082629
6.63333341	0.00097506
6.66666675	0.00095998
6.70000008	0.00104503
6.73333341	0.00104760
6.76666675	0.00116437
6.80000008	0.00132589
6.83333341	0.00136426
6.86666675	0.00141019
6.90000008	0.00145240
6.93333341	0.00138987
6.96666674	0.00154917
7.00000008	0.00152155
7.03333341	0.00157110
7.06666674	0.00154178
7.10000008	0.00141806
7.13333341	0.00132001
7.16666674	0.00126781
7.20000008	0.00121907
7.23333341	0.00096420
7.26666674	0.00090912
7.30000007	0.00063994
7.33333341	0.00031381
7.36666674	0.00011687
7.40000007	-0.00013762
7.43333341	-0.00055150
7.46666674	-0.00071599
7.50000007	-0.00100174
7.53333341	-0.00131853
7.56666674	-0.00157244
7.60000007	-0.00197799
7.63333340	-0.00211411
7.66666674	-0.00252586
7.70000007	-0.00277521
7.73333340	-0.00304075
7.76666674	-0.00329928
7.80000007	-0.00356269
7.83333340	-0.00375893
7.86666674	-0.00392262
7.90000007	-0.00409709
7.93333340	-0.00428705
7.96666673	-0.00443763
8.00000007	-0.00447333
8.03333340	-0.00445353
8.06666673	-0.00445206
8.10000007	-0.00447967
8.13333340	-0.00445426
8.16666673	-0.00441274
8.20000007	-0.00430306
8.23333340	-0.00412164
8.26666673	-0.00394482
8.30000007	-0.00378987
8.33333340	-0.00356061
8.36666673	-0.00329375
8.40000006	-0.00311358
8.43333340	-0.00289457
8.46666673	-0.00272302
8.50000006	-0.00241963
8.53333340	-0.00227304
8.56666673	-0.00199563
8.60000006	-0.00179684
8.63333340	-0.00154125
8.66666673	-0.00143039
8.70000006	-0.00123171
8.73333339	-0.00113792
8.76666673	-0.00102076
8.80000006	-0.00093034
8.83333339	-0.00092001
8.86666673	-0.00093015
8.90000006	-0.00084202
8.93333339	-0.00091956
8.96666673	-0.00097228
9.00000006	-0.00110460
9.03333339	-0.00117980
9.06666672	-0.00128139
9.10000006	-0.00145209
9.13333339	-0.00159061
9.16666672	-0.00173543
9.20000006	-0.00196118
9.23333339	-0.00211095
9.26666672	-0.00236494
9.30000006	-0.00257033
9.33333339	-0.00269885
9.36666672	-0.00289671
9.40000005	-0.00312568
9.43333339	-0.00332208
9.46666672	-0.00355852
9.50000005	-0.00365805
9.53333339	-0.00378233
9.56666672	-0.00398272
9.60000005	-0.00413801
9.63333339	-0.00426281
9.66666672	-0.00431914
9.70000005	-0.00442712
9.73333338	-0.00442370
9.76666672	-0.00446270
9.80000005	-0.00450873
9.83333338	-0.00450702
9.86666672	-0.00449013
9.90000005	-0.00442687
9.93333338	-0.00432437
9.96666672	-0.00428302
10.00000005	-0.00422367
10.03333338	-0.00405298
10.06666671	-0.00394619
10.10000005	-0.00394674
10.13333338	-0.00373918
10.16666671	-0.00361308
10.20000005	-0.00353509
10.23333338	-0.00340982
10.26666671	-0.00331606
10.30000005	-0.00316572
10.33333338	-0.00303268
10.36666671	-0.00293073
10.40000005	-0.00279360
10.43333338	-0.00266554
10.46666671	-0.00256240
10.50000004	-0.00241282
10.53333338	-0.00228877
10.56666671	-0.00221381
10.60000004	-0.00212785
10.63333338	-0.00201415
10.66666671	-0.00193176
10.70000004	-0.00183215
10.73333338	-0.00182252
10.76666671	-0.00169297
10.80000004	-0.00169259
10.83333337	-0.00162874
10.86666671	-0.00154624
10.90000004	-0.00153308
10.93333337	-0.00151747
10.96666671	-0.00152436
11.00000004	-0.00149411
11.03333337	-0.00150954
11.06666671	-0.00155177
11.10000004	-0.00149355
11.13333337	-0.00148592
11.16666670	-0.00154423
11.20000004	-0.00154014
11.23333337	-0.00159780
11.26666670	-0.00150723
11.30000004	-0.00156500
11.33333337	-0.00160876
11.36666670	-0.00156268
11.40000004	-0.00156533
11.43333337	-0.00150258
11.46666670	-0.00155060
11.50000003	-0.00153351
11.53333337	-0.00153629
11.56666670	-0.00151852
11.60000003	-0.00149931
11.63333337	-0.00144220
11.66666670	-0.00145962
11.70000003	-0.00146770
11.73333337	-0.00142445
11.76666670	-0.00140910
11.80000003	-0.00138352
11.83333336	-0.00138128
11.86666670	-0.00135704
11.90000003	-0.00132440
11.93333336	-0.00132185
11.96666670	-0.00126191
12.00000003	-0.00126966
12.03333336	-0.00121787
12.06666670	-0.00120032
12.10000003	-0.00116491
12.13333336	-0.00113800
12.16666669	-0.00112035
12.20000003	-0.00108102
12.23333336	-0.00107531
12.26666669	-0.00106404
12.30000003	-0.00104545
12.33333336	-0.00103622
12.36666669	-0.00100853
12.40000003	-0.00098434
12.43333336	-0.00100881
12.46666669	-0.00097270
12.50000003	-0.00095662
12.53333336	-0.00094767
12.56666669	-0.00095213
12.60000002	-0.00092549
12.63333336	-0.00091606
12.66666669	-0.00091113
12.70000002	-0.00089772
12.73333336	-0.00088805
12.76666669	-0.00088050
12.80000002	-0.00085923
12.83333336	-0.00084829
12.86666669	-0.00082978
12.90000002	-0.00081770
12.93333335	-0.00079461
12.96666669	-0.00078106
13.00000002	-0.00077455
13.03333335	-0.00077044
13.06666669	-0.00075130
13.10000002	-0.00075060
13.13333335	-0.00074068
13.16666669	-0.00072186
13.20000002	-0.00071319
13.23333335	-0.00070712
13.26666668	-0.00068235
13.30000002	-0.00067015
13.33333335	-0.00066807
13.36666668	-0.00065299
13.40000002	-0.00063682
13.43333335	-0.00062183
13.46666668	-0.00060677
13.50000002	-0.00058559
13.53333335	-0.00056771
13.56666668	-0.00054737
13.60000001	-0.00053554
13.63333335	-0.00051832
13.66666668	-0.00049913
13.70000001	-0.00048330
13.73333335	-0.00046557
13.76666668	-0.00044035
13.80000001	-0.00042272
13.83333335	-0.00040232
13.86666668	-0.00038083
13.90000001	-0.00035596
13.93333334	-0.00033630
13.96666668	-0.00031212
14.00000001	-0.00029029
14.03333334	-0.00027044
14.06666668	-0.00024837
14.10000001	-0.00022805
14.13333334	-0.00020553
14.16666668	-0.00018841
14.20000001	-0.00016961
14.23333334	-0.00014960
14.26666667	-0.00013158
14.30000001	-0.00011764
14.33333334	-0.00010325
14.36666667	-0.00008932
14.40000001	-0.00007720
14.43333334	-0.00006524
14.46666667	-0.00005540
14.50000001	-0.00004681
14.53333334	-0.00003811
14.56666667	-0.00003049
14.60000000	-0.00002427
14.63333334	-0.00001868
14.66666667	-0.00001410
14.70000000	-0.00001003
14.73333334	-0.00000702
14.76666667	-0.00000439
14.80000000	-0.00000238
14.83333334	-0.00000106
14.86666667	-0.00000026
14.90000000	0.00000000
