# Menlo Systems GmbH ScanControl
# Program Version 1.3.3
# Start: -65.00000000 ps, Average over 1000 waveforms. Timestamp: 2020-01-06T13:26:14
# Window type: Tukey, parameters: alpha = 0.2
# User time axis shift: 0 ps
# Frequency [THz]	THz Signal [a.u.]
0.00000000	-44.88659770
0.00732601	-21.56077392
0.01465201	-17.85397282
0.02197802	-19.75538021
0.02930403	-27.23544402
0.03663004	-25.02992373
0.04395604	-17.48705193
0.05128205	-13.04561543
0.05860806	-14.64735214
0.06593407	-14.09457187
0.07326007	-9.30706781
0.08058608	-12.78252222
0.08791209	-16.03291435
0.09523810	-5.77768161
0.10256410	-5.40094034
0.10989011	-11.54011635
0.11721612	-6.63007623
0.12454212	-4.26866628
0.13186813	-8.35732687
0.13919414	-6.99316120
0.14652015	-2.97641762
0.15384615	-3.78148523
0.16117216	-4.39134480
0.16849817	-1.82409278
0.17582418	-2.37726262
0.18315018	-5.56649232
0.19047619	-2.52134022
0.19780220	-0.32751321
0.20512821	-1.12379799
0.21245421	-1.87068093
0.21978022	-0.82748438
0.22710623	-0.94163011
0.23443223	-2.05202588
0.24175824	-1.36652980
0.24908425	-0.05196846
0.25641026	0.00000000
0.26373626	-0.57716622
0.27106227	-0.57195565
0.27838828	-0.92212067
0.28571429	-2.09472011
0.29304029	-1.71986403
0.30036630	-0.50673438
0.30769231	-0.57676121
0.31501832	-1.05735235
0.32234432	-0.80106575
0.32967033	-1.18071408
0.33699634	-2.46427011
0.34432234	-2.42806267
0.35164835	-1.64685886
0.35897436	-1.52300550
0.36630037	-1.48639835
0.37362637	-1.70432765
0.38095238	-2.32791446
0.38827839	-2.58715907
0.39560440	-2.77208858
0.40293040	-2.95639701
0.41025641	-2.68429819
0.41758242	-2.65426817
0.42490843	-3.04180418
0.43223443	-3.48929370
0.43956044	-4.03585574
0.44688645	-4.27258564
0.45421245	-4.13355052
0.46153846	-4.20567866
0.46886447	-4.44168569
0.47619048	-4.63756175
0.48351648	-4.87321077
0.49084249	-5.34780554
0.49816850	-5.83116544
0.50549451	-5.74347464
0.51282051	-5.72775689
0.52014652	-6.24895461
0.52747253	-6.73816639
0.53479854	-7.06180618
0.54212454	-7.39623189
0.54945055	-8.37917897
0.55677656	-10.04046233
0.56410256	-9.43959340
0.57142857	-8.42667825
0.57875458	-9.10019756
0.58608059	-9.56294747
0.59340659	-9.46068767
0.60073260	-10.06908066
0.60805861	-10.27619316
0.61538462	-10.44141448
0.62271062	-11.23170353
0.63003663	-11.48705970
0.63736264	-11.81983567
0.64468865	-12.65895411
0.65201465	-13.00487490
0.65934066	-13.44383052
0.66666667	-14.13010409
0.67399267	-14.53967790
0.68131868	-15.18778135
0.68864469	-15.81705506
0.69597070	-16.32916230
0.70329670	-17.16818305
0.71062271	-17.66625158
0.71794872	-18.06245462
0.72527473	-18.87740046
0.73260073	-19.29305884
0.73992674	-19.86497676
0.74725275	-21.45887710
0.75457876	-22.46914456
0.76190476	-22.13741191
0.76923077	-22.31656937
0.77655678	-23.04840312
0.78388278	-23.64441283
0.79120879	-24.20557336
0.79853480	-24.88215804
0.80586081	-25.61870332
0.81318681	-26.30001806
0.82051282	-26.86202539
0.82783883	-27.47251507
0.83516484	-28.09753011
0.84249084	-28.70783989
0.84981685	-29.29993829
0.85714286	-29.83140912
0.86446887	-30.51358797
0.87179487	-31.22028894
0.87912088	-31.94485675
0.88644689	-32.85265016
0.89377289	-33.46647590
0.90109890	-33.85211697
0.90842491	-34.38997004
0.91575092	-35.21688270
0.92307692	-36.35681563
0.93040293	-37.03777571
0.93772894	-37.54686885
0.94505495	-38.51804468
0.95238095	-39.33595095
0.95970696	-40.12123705
0.96703297	-41.06692140
0.97435898	-41.98904873
0.98168498	-43.19612246
0.98901099	-44.13511132
0.99633700	-44.73330185
1.00366300	-45.42770588
1.01098901	-45.83240493
1.01831502	-46.53246628
1.02564103	-47.81109478
1.03296703	-48.45342550
1.04029304	-48.56222102
1.04761905	-49.64815191
1.05494506	-51.19770696
1.06227106	-51.47122540
1.06959707	-52.45645496
1.07692308	-54.01245542
1.08424909	-53.44531182
1.09157509	-55.67974740
1.09890110	-66.00719830
1.10622711	-58.27727222
1.11355311	-57.29047590
1.12087912	-61.09182943
1.12820513	-61.35052826
1.13553114	-62.11354878
1.14285714	-65.57455361
1.15018315	-65.84709081
1.15750916	-65.80515800
1.16483517	-70.54706474
1.17216117	-64.66886046
1.17948718	-62.29322235
1.18681319	-65.78625062
1.19413920	-66.98401117
1.20146520	-67.51632538
1.20879121	-76.11595359
1.21611722	-78.12724664
1.22344322	-72.06815423
1.23076923	-71.51167499
1.23809524	-76.52666388
1.24542125	-82.14672837
1.25274725	-74.18040966
1.26007326	-75.10394786
1.26739927	-81.84205097
1.27472528	-77.72700153
1.28205128	-75.74689072
1.28937729	-82.13463056
1.29670330	-74.80039187
1.30402931	-72.49376011
1.31135531	-74.40851634
1.31868132	-72.48783970
1.32600733	-73.88445455
1.33333333	-74.13640867
1.34065934	-71.48452432
1.34798535	-74.31258278
1.35531136	-84.07586223
1.36263736	-88.69810761
1.36996337	-82.00682071
1.37728938	-84.69836945
1.38461539	-70.98369406
1.39194139	-71.40517583
1.39926740	-91.17327602
1.40659341	-76.54957468
1.41391942	-79.24137645
1.42124542	-84.09476160
1.42857143	-79.28051713
1.43589744	-75.04862348
1.44322344	-79.78411514
1.45054945	-93.19179804
1.45787546	-83.11755060
1.46520147	-78.18454348
1.47252747	-80.72130043
1.47985348	-74.83832236
1.48717949	-76.77357310
1.49450550	-76.61700035
1.50183150	-71.72358625
1.50915751	-76.58595635
1.51648352	-77.89188483
1.52380953	-69.64303298
1.53113553	-68.90208707
1.53846154	-75.08304846
1.54578755	-76.38456288
1.55311355	-71.70917804
1.56043956	-74.65566149
1.56776557	-84.04250121
1.57509158	-74.59221801
1.58241758	-73.29429814
1.58974359	-81.23639713
1.59706960	-77.33403081
1.60439561	-80.23237235
1.61172161	-82.54347808
1.61904762	-76.65602123
1.62637363	-74.01420319
1.63369964	-71.83979064
1.64102564	-78.28336107
1.64835165	-78.14904617
1.65567766	-80.49225599
1.66300366	-79.35062869
1.67032967	-74.00021640
1.67765568	-81.70887939
1.68498169	-75.86198177
1.69230769	-74.53611574
1.69963370	-78.74593029
1.70695971	-83.99056982
1.71428572	-83.83192793
1.72161172	-76.89554857
1.72893773	-83.37931637
1.73626374	-79.12848676
1.74358975	-78.36561671
1.75091575	-80.15042983
1.75824176	-78.18867367
1.76556777	-77.71862003
1.77289377	-71.40619416
1.78021978	-73.07946883
1.78754579	-82.83178413
1.79487180	-90.36863138
1.80219780	-82.92205017
1.80952381	-77.73650285
1.81684982	-81.12737365
1.82417583	-77.36321041
1.83150183	-76.90201565
1.83882784	-80.79128343
1.84615385	-87.45867563
1.85347986	-86.76421800
1.86080586	-85.85277538
1.86813187	-80.24845150
1.87545788	-86.70181129
1.88278388	-78.35994555
1.89010989	-77.89827346
1.89743590	-76.37383201
1.90476191	-76.62123057
1.91208791	-84.35163064
1.91941392	-82.44569586
1.92673993	-75.24288660
1.93406594	-76.50324321
1.94139194	-84.54525995
1.94871795	-79.86404004
1.95604396	-80.28567545
1.96336997	-79.39101451
1.97069597	-88.24577196
1.97802198	-75.92958786
1.98534799	-77.11427118
1.99267399	-74.63548147
2.00000000	-81.54948390
2.00732601	-74.31140976
2.01465202	-73.03187091
2.02197802	-77.34540992
2.02930403	-78.21295530
2.03663004	-80.38847676
2.04395605	-75.76889073
2.05128205	-88.18315044
2.05860806	-80.99259770
2.06593407	-83.03017866
2.07326008	-89.94325022
2.08058608	-80.40472596
2.08791209	-75.77291140
2.09523810	-78.67574497
2.10256410	-86.47717969
2.10989011	-82.92145908
2.11721612	-89.39437505
2.12454213	-74.28629421
2.13186813	-73.89806079
2.13919414	-81.83632860
2.14652015	-76.02157776
2.15384616	-74.45993326
2.16117216	-76.21892917
2.16849817	-81.56752733
2.17582418	-79.66875337
2.18315019	-83.73871118
2.19047619	-92.73379234
2.19780220	-88.89227000
2.20512821	-84.97797612
2.21245421	-79.47503156
2.21978022	-76.12272389
2.22710623	-78.42774276
2.23443224	-75.33109206
2.24175824	-73.97296413
2.24908425	-83.94833740
2.25641026	-83.01248878
2.26373627	-93.22580284
2.27106227	-79.39556379
2.27838828	-94.79349737
2.28571429	-73.09828124
2.29304029	-73.02957985
2.30036630	-86.89962616
2.30769231	-78.38025449
2.31501832	-80.59086484
2.32234432	-76.26439781
2.32967033	-74.73930648
2.33699634	-80.48528946
2.34432235	-81.27775845
2.35164835	-77.00925876
2.35897436	-77.28882659
2.36630037	-83.31071927
2.37362638	-91.55256585
2.38095238	-77.01483266
2.38827839	-76.72825363
2.39560440	-82.25664050
2.40293040	-73.75339456
2.41025641	-77.88597989
2.41758242	-70.85426062
2.42490843	-73.08811738
2.43223443	-95.06497591
2.43956044	-80.52920283
2.44688645	-84.37128861
2.45421246	-79.91880023
2.46153846	-78.49568775
2.46886447	-86.16784725
2.47619048	-94.01848876
2.48351649	-78.14058800
2.49084249	-75.57509318
2.49816850	-80.02684453
2.50549451	-75.26779830
2.51282051	-91.46231234
2.52014652	-77.13250726
2.52747253	-81.72543684
2.53479854	-74.57872165
2.54212454	-75.60218613
2.54945055	-86.65009393
2.55677656	-89.78543284
2.56410257	-77.67332425
2.57142857	-76.27016409
2.57875458	-106.42905900
2.58608059	-78.40718137
2.59340660	-77.04232768
2.60073260	-80.74215337
2.60805861	-81.32545947
2.61538462	-76.94499445
2.62271062	-73.43664886
2.63003663	-74.06537907
2.63736264	-79.13615027
2.64468865	-75.70688268
2.65201465	-81.79155226
2.65934066	-90.81312637
2.66666667	-77.71470795
2.67399268	-74.88514224
2.68131868	-82.47812094
2.68864469	-75.12942303
2.69597070	-83.03433464
2.70329671	-84.96487475
2.71062271	-79.49535605
2.71794872	-72.23869484
2.72527473	-75.43865645
2.73260073	-90.53539780
2.73992674	-81.65402561
2.74725275	-81.45774475
2.75457876	-87.68183887
2.76190476	-78.40642094
2.76923077	-81.19789729
2.77655678	-80.29132292
2.78388279	-75.65704112
2.79120879	-91.45700361
2.79853480	-77.51575622
2.80586081	-78.34933301
2.81318682	-87.63023908
2.82051282	-93.88406266
2.82783883	-83.90054773
2.83516484	-78.76001615
2.84249084	-75.94850326
2.84981685	-77.20173083
2.85714286	-78.00155318
2.86446887	-72.60280526
2.87179487	-73.53090001
2.87912088	-89.00660073
2.88644689	-74.53636943
2.89377290	-76.11639906
2.90109890	-84.56767908
2.90842491	-72.84624543
2.91575092	-71.90770364
2.92307693	-76.66320743
2.93040293	-88.76101292
2.93772894	-80.53722717
2.94505495	-76.93316349
2.95238095	-83.32147236
2.95970696	-82.45648362
2.96703297	-76.36847519
2.97435898	-75.20335686
2.98168498	-76.76076091
2.98901099	-81.92905477
2.99633700	-84.29457094
3.00366301	-78.42729633
3.01098901	-78.89145928
3.01831502	-88.03722838
3.02564103	-89.05881744
3.03296704	-87.49265248
3.04029304	-83.74341515
3.04761905	-83.84254231
3.05494506	-75.51408940
3.06227106	-75.41547811
3.06959707	-80.18442263
3.07692308	-77.43453890
3.08424909	-74.44326279
3.09157509	-83.29831029
3.09890110	-76.07834933
3.10622711	-77.91766612
3.11355312	-85.31855903
3.12087912	-82.07545730
3.12820513	-78.91529412
3.13553114	-72.24655316
3.14285715	-78.17857969
3.15018315	-81.68948165
3.15750916	-78.64897708
3.16483517	-88.05183876
3.17216117	-74.81340063
3.17948718	-73.67674064
3.18681319	-79.51569852
3.19413920	-81.37354481
3.20146520	-80.90472666
3.20879121	-78.99859215
3.21611722	-73.69997329
3.22344323	-76.91851553
3.23076923	-80.69587452
3.23809524	-78.23506556
3.24542125	-83.15769767
3.25274726	-86.73586669
3.26007326	-83.90144767
3.26739927	-82.62682867
3.27472528	-81.34350856
3.28205128	-82.95538880
3.28937729	-76.75901312
3.29670330	-76.34418117
3.30402931	-75.94701912
3.31135531	-77.64418330
3.31868132	-79.68465807
3.32600733	-76.79969350
3.33333334	-78.45284797
3.34065934	-75.93034233
3.34798535	-74.54099266
3.35531136	-77.66089490
3.36263737	-104.75477569
3.36996337	-80.92283215
3.37728938	-83.79189220
3.38461539	-89.98912505
3.39194139	-90.20433228
3.39926740	-76.20139925
3.40659341	-75.66790684
3.41391942	-88.37502355
3.42124542	-77.19822242
3.42857143	-75.87860321
3.43589744	-85.27818503
3.44322345	-82.93105896
3.45054945	-80.43912737
3.45787546	-79.73459775
3.46520147	-82.59590047
3.47252748	-91.34861982
3.47985348	-81.81484742
3.48717949	-83.49452827
3.49450550	-85.21484003
3.50183150	-79.11433557
3.50915751	-74.61596320
3.51648352	-75.35864167
3.52380953	-81.93005310
3.53113553	-84.38928965
3.53846154	-77.71394723
3.54578755	-74.23497732
3.55311356	-79.43622666
3.56043956	-86.37409689
3.56776557	-81.36704187
3.57509158	-80.17926464
3.58241759	-87.30641448
3.58974359	-72.68073224
3.59706960	-71.84911462
3.60439561	-80.09051121
3.61172161	-84.01604437
3.61904762	-82.07609561
3.62637363	-96.45136449
3.63369964	-89.11632407
3.64102564	-90.09652922
3.64835165	-80.21406713
3.65567766	-78.27904911
3.66300367	-78.21689651
3.67032967	-77.70662935
3.67765568	-79.10264062
3.68498169	-84.68516676
3.69230770	-78.95769506
3.69963370	-81.13601720
3.70695971	-74.45627824
3.71428572	-77.21291103
3.72161172	-84.74707172
3.72893773	-76.40713820
3.73626374	-83.48333580
3.74358975	-79.02320113
3.75091575	-77.34333822
3.75824176	-81.93492671
3.76556777	-88.31496492
3.77289378	-84.90388624
3.78021978	-81.50286357
3.78754579	-79.56709530
3.79487180	-75.34749609
3.80219781	-75.91179367
3.80952381	-84.05715814
3.81684982	-79.97763543
3.82417583	-82.82237863
3.83150183	-107.94836480
3.83882784	-87.22992995
3.84615385	-80.20970989
3.85347986	-77.20432268
3.86080586	-75.12915845
3.86813187	-75.36555822
3.87545788	-80.19783286
3.88278389	-89.83652305
3.89010989	-84.94641188
3.89743590	-85.55635267
3.90476191	-84.97806110
3.91208792	-75.24587137
3.91941392	-74.26298879
3.92673993	-81.26450265
3.93406594	-85.28262535
3.94139194	-91.74811565
3.94871795	-83.33923584
3.95604396	-78.46314978
3.96336997	-73.17392946
3.97069597	-79.01862089
3.97802198	-79.01071990
3.98534799	-76.26113386
3.99267400	-87.30320999
4.00000000	-81.17862157
4.00732601	-82.86617134
4.01465202	-82.93313745
4.02197803	-85.10801497
4.02930403	-80.59741718
4.03663004	-87.24995618
4.04395605	-82.73791587
4.05128205	-79.64848792
4.05860806	-77.12304065
4.06593407	-79.52185486
4.07326008	-85.26653197
4.08058608	-82.73151338
4.08791209	-78.34499619
4.09523810	-76.69538689
4.10256411	-78.00681098
4.10989011	-79.56317916
4.11721612	-84.64793865
4.12454213	-87.26261200
4.13186814	-82.75629058
4.13919414	-82.00136963
4.14652015	-86.24048062
4.15384616	-84.59094821
4.16117216	-82.63652921
4.16849817	-84.89513939
4.17582418	-83.36262344
4.18315019	-85.34230961
4.19047619	-78.75538876
4.19780220	-76.43849060
4.20512821	-83.76615490
4.21245422	-84.03400620
4.21978022	-79.44149647
4.22710623	-81.04478540
4.23443224	-81.60167615
4.24175825	-84.41424335
4.24908425	-89.09000888
4.25641026	-81.45364959
4.26373627	-78.20829145
4.27106227	-79.46201822
4.27838828	-77.13603405
4.28571429	-78.20124388
4.29304030	-89.89604078
4.30036630	-82.60410752
4.30769231	-92.74408098
4.31501832	-79.60154330
4.32234433	-80.30726786
4.32967033	-84.95754877
4.33699634	-82.75789800
4.34432235	-88.98466030
4.35164836	-83.06020373
4.35897436	-76.97587008
4.36630037	-77.04762552
4.37362638	-86.31073567
4.38095238	-85.01962264
4.38827839	-87.33008943
4.39560440	-89.50483979
4.40293041	-85.48566838
4.41025641	-86.89672521
4.41758242	-91.53090695
4.42490843	-92.58955622
4.43223444	-91.37249725
4.43956044	-84.55042723
4.44688645	-78.88346978
4.45421246	-81.80432402
4.46153847	-77.33412802
4.46886447	-76.11282100
4.47619048	-77.92722830
4.48351649	-78.62650643
4.49084249	-83.70999995
4.49816850	-86.19583282
4.50549451	-79.59713049
4.51282052	-77.25981430
4.52014652	-75.26325415
4.52747253	-75.47020933
4.53479854	-76.76464343
4.54212455	-81.03918678
4.54945055	-81.57092400
4.55677656	-88.61430765
4.56410257	-84.63047773
4.57142858	-84.25398957
4.57875458	-75.76401943
4.58608059	-75.80705115
4.59340660	-81.62559837
4.60073260	-86.53156446
4.60805861	-95.61768520
4.61538462	-91.76867161
4.62271063	-82.15139433
4.63003663	-82.05454210
4.63736264	-81.36123249
4.64468865	-83.90421253
4.65201466	-86.67188189
4.65934066	-86.69929415
4.66666667	-91.27281407
4.67399268	-82.59512833
4.68131869	-77.77758686
4.68864469	-85.94584756
4.69597070	-83.87778288
4.70329671	-89.53289929
4.71062271	-79.43036708
4.71794872	-75.93275603
4.72527473	-77.93798339
4.73260074	-77.52850393
4.73992674	-90.11657341
4.74725275	-76.91319041
4.75457876	-76.46478363
4.76190477	-77.15937697
4.76923077	-73.67517330
4.77655678	-79.06820490
4.78388279	-86.56355501
4.79120880	-79.59575472
4.79853480	-93.00342361
4.80586081	-78.73193297
4.81318682	-77.27128468
4.82051282	-97.87706758
4.82783883	-78.83730229
4.83516484	-79.61663210
4.84249085	-80.38923366
4.84981685	-74.03786618
4.85714286	-74.46246578
4.86446887	-83.77688700
4.87179488	-82.52393191
4.87912088	-81.98247914
4.88644689	-78.90650621
4.89377290	-77.27073913
4.90109891	-82.72117101
4.90842491	-80.85832436
4.91575092	-82.95391514
4.92307693	-80.02149488
4.93040293	-83.81793248
4.93772894	-98.10788285
4.94505495	-82.66185878
4.95238096	-79.24991886
4.95970696	-88.19706782
4.96703297	-88.18966962
4.97435898	-81.53965909
4.98168499	-78.92283450
4.98901099	-87.38546629
4.99633700	-79.20285804
5.00366301	-85.49833240
5.01098902	-82.98317072
5.01831502	-81.58764685
5.02564103	-90.18767297
5.03296704	-81.87760476
5.04029304	-78.53036103
5.04761905	-86.99106725
5.05494506	-80.52223463
5.06227107	-78.27142045
5.06959707	-101.44441636
5.07692308	-81.11631094
5.08424909	-83.75807821
5.09157510	-75.86385249
5.09890110	-77.35617268
5.10622711	-79.61303591
5.11355312	-74.22006575
5.12087913	-78.92701915
5.12820513	-91.14860087
5.13553114	-85.27246376
5.14285715	-80.46824444
5.15018315	-91.14404990
5.15750916	-72.96074278
5.16483517	-70.68514175
5.17216118	-75.07208400
5.17948718	-86.99963755
5.18681319	-91.31762245
5.19413920	-88.56293674
5.20146521	-78.42428773
5.20879121	-75.43604467
5.21611722	-77.16337791
5.22344323	-85.36107012
5.23076924	-84.15203734
5.23809524	-77.55178118
5.24542125	-80.25672096
5.25274726	-83.40029826
5.26007326	-80.09487403
5.26739927	-88.05308078
5.27472528	-83.16286645
5.28205129	-85.50279950
5.28937729	-96.45957651
5.29670330	-89.49434570
5.30402931	-83.25205299
5.31135532	-79.62790186
5.31868132	-79.11744033
5.32600733	-94.89495717
5.33333334	-83.61009641
5.34065935	-84.76715024
5.34798535	-75.27428750
5.35531136	-75.77532025
5.36263737	-87.92402229
5.36996337	-83.16527306
5.37728938	-83.38853256
5.38461539	-87.99770848
5.39194140	-89.42047575
5.39926740	-79.85003893
5.40659341	-80.09479963
5.41391942	-88.81730245
5.42124543	-76.32000993
5.42857143	-77.81105339
5.43589744	-84.58660054
5.44322345	-90.84659307
5.45054946	-79.34720039
5.45787546	-77.87817520
5.46520147	-79.53400589
5.47252748	-78.40702421
5.47985348	-76.75484902
5.48717949	-83.65522621
5.49450550	-87.77988312
5.50183151	-84.18039530
5.50915751	-75.02369389
5.51648352	-77.20677068
5.52380953	-80.27043775
5.53113554	-78.51692327
5.53846154	-83.01235555
5.54578755	-87.92188621
5.55311356	-77.74586817
5.56043957	-76.43645501
5.56776557	-76.15776080
5.57509158	-77.17933939
5.58241759	-77.94808912
5.58974359	-87.03548987
5.59706960	-79.20273007
5.60439561	-74.53920920
5.61172162	-74.47469198
5.61904762	-84.54558077
5.62637363	-82.25780891
5.63369964	-83.50926771
5.64102565	-81.54661269
5.64835165	-83.75476853
5.65567766	-85.65707394
5.66300367	-78.93522173
5.67032968	-77.00375954
5.67765568	-80.31465321
5.68498169	-85.67599536
5.69230770	-76.56458350
5.69963370	-79.85511670
5.70695971	-95.16720245
5.71428572	-91.48813987
5.72161173	-89.67546352
5.72893773	-84.89185784
5.73626374	-85.12445824
5.74358975	-84.70524280
5.75091576	-84.55467354
5.75824176	-82.37610460
5.76556777	-92.15827913
5.77289378	-87.11741961
5.78021979	-90.00873314
5.78754579	-97.76380418
5.79487180	-90.73675413
5.80219781	-95.60908148
5.80952381	-79.89765026
5.81684982	-79.05794651
5.82417583	-86.29208359
5.83150184	-80.17294366
5.83882784	-90.23461458
5.84615385	-82.20135455
5.85347986	-86.03340620
5.86080587	-80.52412714
5.86813187	-81.24385378
5.87545788	-81.54654964
5.88278389	-80.49054703
5.89010990	-82.50342719
5.89743590	-80.33231214
5.90476191	-81.03490544
5.91208792	-88.20964736
5.91941392	-78.22943032
5.92673993	-84.75245523
5.93406594	-82.01355204
5.94139195	-81.68256708
5.94871795	-88.99260312
5.95604396	-84.88961800
5.96336997	-81.14633133
5.97069598	-80.53604747
5.97802198	-78.51334653
5.98534799	-75.76233181
5.99267400	-76.42082320
6.00000001	-79.50710526
6.00732601	-85.62198239
6.01465202	-84.22467404
6.02197803	-82.16887993
6.02930403	-83.51272906
6.03663004	-84.66287180
6.04395605	-86.44794735
6.05128206	-83.33727320
6.05860806	-79.34163731
6.06593407	-83.29428634
6.07326008	-86.02078204
6.08058609	-85.39922864
6.08791209	-86.34432009
6.09523810	-83.40594571
6.10256411	-86.09327835
6.10989012	-81.72134272
6.11721612	-80.19233766
6.12454213	-75.15475913
6.13186814	-76.15294934
6.13919414	-78.77718365
6.14652015	-86.10234031
6.15384616	-81.71848941
6.16117217	-77.14906803
6.16849817	-79.08079707
6.17582418	-91.90287451
6.18315019	-76.49529955
6.19047620	-76.22373094
6.19780220	-82.74997022
6.20512821	-89.96760669
6.21245422	-79.19373868
6.21978023	-80.20831244
6.22710623	-85.86026983
6.23443224	-99.58866784
6.24175825	-81.47723332
6.24908425	-84.59786302
6.25641026	-86.12368614
6.26373627	-79.79363428
6.27106228	-80.27655641
6.27838828	-78.14811218
6.28571429	-74.59613802
6.29304030	-72.06018067
6.30036631	-74.20477491
6.30769231	-85.05805979
6.31501832	-77.66755832
6.32234433	-81.10818592
6.32967034	-82.10512801
6.33699634	-79.73774148
6.34432235	-80.84204840
6.35164836	-81.76638574
6.35897436	-86.99409908
6.36630037	-101.68599859
6.37362638	-82.14758450
6.38095239	-77.43549292
6.38827839	-76.33385580
6.39560440	-79.85070199
6.40293041	-82.89676698
6.41025642	-79.98977895
6.41758242	-88.99881651
6.42490843	-75.39918708
6.43223444	-74.80608745
6.43956045	-76.70511427
6.44688645	-74.58630661
6.45421246	-82.55627446
6.46153847	-80.86058282
6.46886447	-80.09608671
6.47619048	-82.27971586
6.48351649	-78.35043740
6.49084250	-89.04022645
6.49816850	-88.44894313
6.50549451	-81.82772590
6.51282052	-75.91340904
6.52014653	-82.24543839
6.52747253	-78.83847055
6.53479854	-75.59851700
6.54212455	-81.88161328
6.54945056	-80.09210278
6.55677656	-81.44661091
6.56410257	-91.66363670
6.57142858	-86.23887690
6.57875458	-82.44218959
6.58608059	-84.78745999
6.59340660	-87.47622095
6.60073261	-85.31269133
6.60805861	-87.12415598
6.61538462	-78.49604865
6.62271063	-77.63874474
6.63003664	-93.33868234
6.63736264	-85.31594989
6.64468865	-91.14831297
6.65201466	-83.80000202
6.65934067	-99.24600302
6.66666667	-84.85186143
6.67399268	-84.11431628
6.68131869	-79.89010280
6.68864469	-83.15397000
6.69597070	-84.76746599
6.70329671	-79.06054611
6.71062272	-79.74949491
6.71794872	-109.96016620
6.72527473	-84.79144445
6.73260074	-95.12721555
6.73992675	-97.15423220
6.74725275	-84.36670183
6.75457876	-80.82982756
6.76190477	-96.46687070
6.76923077	-76.33564326
6.77655678	-74.72774048
6.78388279	-76.66955731
6.79120880	-73.73075273
6.79853480	-74.73221582
6.80586081	-80.47288735
6.81318682	-83.25543338
6.82051283	-81.77768195
6.82783883	-86.70726047
6.83516484	-90.31042525
6.84249085	-85.85725302
6.84981686	-80.55230722
6.85714286	-84.76417363
6.86446887	-81.34293999
6.87179488	-85.54644984
6.87912088	-81.98707398
6.88644689	-80.77088716
6.89377290	-86.98124319
6.90109891	-86.21699014
6.90842491	-80.93315432
6.91575092	-88.45024520
6.92307693	-77.89837075
6.93040294	-74.97227835
6.93772894	-83.47643849
6.94505495	-80.22809778
6.95238096	-78.38399813
6.95970697	-77.79389306
6.96703297	-80.66232646
6.97435898	-92.40020628
6.98168499	-83.86947442
6.98901099	-77.44561493
6.99633700	-75.62693559
7.00366301	-81.49914899
7.01098902	-79.91792735
7.01831502	-77.68121789
7.02564103	-85.44893722
7.03296704	-85.49301441
7.04029305	-82.38196685
7.04761905	-81.75310750
7.05494506	-85.87423786
7.06227107	-98.82532457
7.06959708	-84.83191818
7.07692308	-90.87494072
7.08424909	-88.68499337
7.09157510	-86.90982850
7.09890110	-85.10935445
7.10622711	-79.42629715
7.11355312	-79.50374470
7.12087913	-81.58072415
7.12820513	-83.90160838
7.13553114	-85.19371024
7.14285715	-79.92700302
7.15018316	-78.37540528
7.15750916	-75.58549907
7.16483517	-85.29977290
7.17216118	-78.46954770
7.17948719	-78.88114594
7.18681319	-81.48477035
7.19413920	-74.17835304
7.20146521	-78.19877784
7.20879121	-85.34493720
7.21611722	-83.48499363
7.22344323	-84.24816531
7.23076924	-88.93788648
7.23809524	-83.53351868
7.24542125	-78.62161627
7.25274726	-82.16256665
7.26007327	-96.58929087
7.26739927	-86.33225512
7.27472528	-86.99888249
7.28205129	-81.47470701
7.28937730	-76.68041673
7.29670330	-82.04922401
7.30402931	-87.89475590
7.31135532	-87.52828391
7.31868132	-78.09602641
7.32600733	-82.91809269
7.33333334	-87.36332904
7.34065935	-93.35731048
7.34798535	-86.00487800
7.35531136	-87.18207767
7.36263737	-92.28814274
7.36996338	-81.46089027
7.37728938	-76.41132187
7.38461539	-75.90232440
7.39194140	-78.98216878
7.39926741	-90.04870887
7.40659341	-81.29161937
7.41391942	-77.53137960
7.42124543	-86.71704902
7.42857143	-85.61266647
7.43589744	-88.50405999
7.44322345	-90.55734521
7.45054946	-91.20562357
7.45787546	-77.74862131
7.46520147	-76.42309672
7.47252748	-82.99737778
7.47985349	-79.53817014
7.48717949	-84.44731161
7.49450550	-89.37597001
7.50183151	-82.02688289
7.50915752	-80.29823276
7.51648352	-85.44901363
7.52380953	-76.14792573
7.53113554	-78.95052235
7.53846154	-81.09743663
7.54578755	-75.13602061
7.55311356	-80.54731790
7.56043957	-84.68089665
7.56776557	-90.92158092
7.57509158	-83.14780951
7.58241759	-81.91907128
7.58974360	-82.60697491
7.59706960	-79.43343921
7.60439561	-76.85133751
7.61172162	-76.79110418
7.61904763	-84.60829125
7.62637363	-95.48449537
7.63369964	-90.39600230
7.64102565	-84.26886624
7.64835165	-76.50723477
7.65567766	-75.67796199
7.66300367	-82.97356305
7.67032968	-91.14343838
7.67765568	-82.74672614
7.68498169	-91.65500557
7.69230770	-81.41656700
7.69963371	-82.64118551
7.70695971	-79.57439206
7.71428572	-77.51824758
7.72161173	-77.95260007
7.72893774	-80.01038624
7.73626374	-84.44568510
7.74358975	-82.44705637
7.75091576	-85.88410658
7.75824176	-84.54552109
7.76556777	-83.31580394
7.77289378	-83.02384676
7.78021979	-81.13460229
7.78754579	-89.16876562
7.79487180	-85.14227106
7.80219781	-85.00561440
7.80952382	-83.01783428
7.81684982	-89.81064541
7.82417583	-82.81808575
7.83150184	-85.91251115
7.83882785	-85.79629478
7.84615385	-80.95371821
7.85347986	-81.95532224
7.86080587	-84.82310951
7.86813187	-86.21278938
7.87545788	-87.76952105
7.88278389	-91.65756290
7.89010990	-81.02658406
7.89743590	-83.00228912
7.90476191	-90.53591336
7.91208792	-79.95843912
7.91941393	-80.17997275
7.92673993	-81.32002738
7.93406594	-78.94036743
7.94139195	-82.17870901
7.94871796	-83.33714663
7.95604396	-78.36990991
7.96336997	-84.12687828
7.97069598	-82.79382224
7.97802198	-79.66624468
7.98534799	-92.60237969
7.99267400	-85.73898996
8.00000001	-91.48274930
8.00732601	-82.28694938
8.01465202	-83.35401614
8.02197803	-86.63926601
8.02930404	-94.10120847
8.03663004	-84.93574275
8.04395605	-83.79370781
8.05128206	-93.79539731
8.05860807	-96.17359522
8.06593407	-88.39560904
8.07326008	-81.87893074
8.08058609	-76.99274431
8.08791209	-78.07689201
8.09523810	-81.70853446
8.10256411	-79.81455175
8.10989012	-88.55865707
8.11721612	-78.26840601
8.12454213	-76.90646847
8.13186814	-80.26284785
8.13919415	-83.68865799
8.14652015	-88.03392720
8.15384616	-94.92996920
8.16117217	-81.85539272
8.16849818	-78.66870958
8.17582418	-77.71714194
8.18315019	-78.02565704
8.19047620	-82.40930587
8.19780220	-98.98137922
8.20512821	-80.89932633
8.21245422	-80.52004024
8.21978023	-95.47787929
8.22710623	-91.29703002
8.23443224	-84.24399710
8.24175825	-75.19034388
8.24908426	-74.59159728
8.25641026	-82.87641640
8.26373627	-83.53758850
8.27106228	-79.57317386
8.27838829	-82.40259302
8.28571429	-77.53980618
8.29304030	-81.60998841
8.30036631	-83.61709644
8.30769231	-77.61287903
8.31501832	-86.61606436
8.32234433	-79.40914602
8.32967034	-80.00329994
8.33699634	-90.86280476
8.34432235	-80.11553689
8.35164836	-79.03573506
8.35897437	-80.52416157
8.36630037	-76.68637929
8.37362638	-85.62306847
8.38095239	-83.96251259
8.38827840	-90.58897345
8.39560440	-77.02431997
8.40293041	-77.55974571
8.41025642	-90.85335142
8.41758242	-82.79594632
8.42490843	-87.05650615
8.43223444	-85.18298983
8.43956045	-81.88223477
8.44688645	-77.00699727
8.45421246	-78.42915811
8.46153847	-86.56131817
8.46886448	-85.16142204
8.47619048	-84.61123972
8.48351649	-86.93541031
8.49084250	-82.84773796
8.49816851	-89.07440533
8.50549451	-87.75967222
8.51282052	-82.90692632
8.52014653	-89.47725792
8.52747253	-88.34981572
8.53479854	-84.62532695
8.54212455	-85.69554568
8.54945056	-84.90145074
8.55677656	-84.90086403
8.56410257	-79.14882375
8.57142858	-78.05138491
8.57875459	-80.22947141
8.58608059	-81.32594250
8.59340660	-81.97143559
8.60073261	-80.88065421
8.60805862	-83.35909244
8.61538462	-84.67281527
8.62271063	-85.77843834
8.63003664	-95.82264690
8.63736264	-88.82701920
8.64468865	-87.94082685
8.65201466	-97.20263826
8.65934067	-90.72719244
8.66666667	-88.02566463
8.67399268	-82.70733014
8.68131869	-80.94379090
8.68864470	-81.77153337
8.69597070	-82.51043583
8.70329671	-83.14840657
8.71062272	-83.31969917
8.71794873	-81.42240785
8.72527473	-78.15253209
8.73260074	-81.34196829
8.73992675	-83.59103564
8.74725275	-78.79473826
8.75457876	-84.31108012
8.76190477	-85.33167445
8.76923078	-78.78194453
8.77655678	-85.15839602
8.78388279	-85.21237309
8.79120880	-80.53267650
8.79853481	-77.92359551
8.80586081	-85.41571350
8.81318682	-73.23410602
8.82051283	-72.55548392
8.82783884	-82.21611681
8.83516484	-82.01470207
8.84249085	-91.37297035
8.84981686	-77.97869114
8.85714286	-79.67657253
8.86446887	-77.32202012
8.87179488	-78.13161041
8.87912089	-83.47375332
8.88644689	-86.81460032
8.89377290	-88.90414287
8.90109891	-79.96647433
8.90842492	-83.01346697
8.91575092	-82.66430929
8.92307693	-79.34649412
8.93040294	-80.22428128
8.93772895	-80.78247771
8.94505495	-77.38519307
8.95238096	-78.28367766
8.95970697	-80.43588028
8.96703297	-80.86208374
8.97435898	-96.90735659
8.98168499	-83.16609646
8.98901100	-82.10650349
8.99633700	-78.08000105
9.00366301	-78.98714380
9.01098902	-86.78833310
9.01831503	-82.66178806
9.02564103	-79.02571375
9.03296704	-82.95597050
9.04029305	-88.65439252
9.04761906	-85.92544474
9.05494506	-82.06482082
9.06227107	-80.72373536
9.06959708	-80.37425051
9.07692308	-94.94842992
9.08424909	-80.76292812
9.09157510	-88.33884289
9.09890111	-82.51578606
9.10622711	-78.10992758
9.11355312	-78.12105264
9.12087913	-89.67101880
9.12820514	-78.00610132
9.13553114	-77.83316491
9.14285715	-79.85702750
9.15018316	-78.13544316
9.15750917	-80.00835759
9.16483517	-86.25145133
9.17216118	-80.78359126
9.17948719	-87.71286245
9.18681319	-76.93974297
9.19413920	-81.62857654
9.20146521	-78.76902436
9.20879122	-78.49541128
9.21611722	-82.08867548
9.22344323	-78.92731469
9.23076924	-84.73990281
9.23809525	-87.83264486
9.24542125	-90.40729521
9.25274726	-81.11685145
9.26007327	-76.62741964
9.26739928	-77.29786935
9.27472528	-84.91167994
9.28205129	-83.42234452
9.28937730	-82.46435410
9.29670330	-84.44966842
9.30402931	-91.17220884
9.31135532	-86.75883728
9.31868133	-80.69488787
9.32600733	-87.53073608
9.33333334	-82.67880813
9.34065935	-75.72615070
9.34798536	-75.24371189
9.35531136	-79.44382839
9.36263737	-78.16348915
9.36996338	-79.90690386
9.37728939	-88.17779418
9.38461539	-77.94335015
9.39194140	-82.88677943
9.39926741	-92.33466801
9.40659341	-86.81417197
9.41391942	-80.46624347
9.42124543	-84.29837712
9.42857144	-78.36843581
9.43589744	-81.56845269
9.44322345	-84.84517876
9.45054946	-80.94759545
9.45787547	-78.48136153
9.46520147	-78.78945615
9.47252748	-74.14810972
9.47985349	-74.07780710
9.48717950	-77.75170920
9.49450550	-77.42955604
9.50183151	-76.02033309
9.50915752	-78.16845792
9.51648352	-84.95750165
9.52380953	-91.53839543
9.53113554	-86.05469742
9.53846155	-81.29769071
9.54578755	-76.84601210
9.55311356	-74.49122124
9.56043957	-77.99192394
9.56776558	-89.93472774
9.57509158	-77.22838598
9.58241759	-76.37743630
9.58974360	-83.02848289
9.59706961	-88.66956133
9.60439561	-86.46249803
9.61172162	-84.65922795
9.61904763	-79.99181643
9.62637363	-88.18483106
9.63369964	-76.47759522
9.64102565	-74.32355709
9.64835166	-79.60670150
9.65567766	-92.99000629
9.66300367	-82.96304223
9.67032968	-86.01702314
9.67765569	-90.59092859
9.68498169	-84.46523899
9.69230770	-85.19096928
9.69963371	-86.54403526
9.70695972	-93.17610747
9.71428572	-78.07130872
9.72161173	-76.25117580
9.72893774	-82.27890663
9.73626374	-89.34266082
9.74358975	-83.36399507
9.75091576	-80.91567569
9.75824177	-84.25137436
9.76556777	-79.58103409
9.77289378	-78.83035288
9.78021979	-81.53005844
9.78754580	-86.80401771
9.79487180	-92.02517000
9.80219781	-100.01024384
9.80952382	-84.42697111
9.81684983	-81.14625036
9.82417583	-85.65669820
9.83150184	-80.76735219
9.83882785	-77.74194262
9.84615385	-78.02716420
9.85347986	-77.32699606
9.86080587	-76.96765874
9.86813188	-79.00388050
9.87545788	-81.71395464
9.88278389	-90.25625875
9.89010990	-77.95868594
9.89743591	-76.76364244
9.90476191	-89.60120626
9.91208792	-90.89500067
9.91941393	-78.69823471
9.92673994	-73.72848904
9.93406594	-78.09953893
9.94139195	-77.67154797
9.94871796	-77.69308568
9.95604396	-84.18320883
9.96336997	-79.69360243
9.97069598	-80.21609792
9.97802199	-79.66403539
9.98534799	-82.10364661
9.99267400	-88.46702280
10.00000001	-79.78365188
10.00732602	-94.16074781
10.01465202	-79.72799519
10.02197803	-79.64462691
10.02930404	-81.61265385
10.03663005	-79.27368509
10.04395605	-88.78794402
10.05128206	-81.25739830
10.05860807	-78.30535551
10.06593407	-84.36043477
10.07326008	-85.40401314
10.08058609	-95.85442381
10.08791210	-83.46775587
10.09523810	-85.98460674
10.10256411	-82.63369581
10.10989012	-91.43362611
10.11721613	-90.75439902
10.12454213	-77.94569292
10.13186814	-76.99767020
10.13919415	-84.05022776
10.14652016	-77.46174794
10.15384616	-84.47155740
10.16117217	-92.00037238
10.16849818	-82.62337504
10.17582418	-79.41773013
10.18315019	-80.82921715
10.19047620	-76.48502082
10.19780221	-84.34425465
10.20512821	-79.78064612
10.21245422	-76.08870689
10.21978023	-78.27091803
10.22710624	-82.30629462
10.23443224	-79.62074230
10.24175825	-79.96688255
10.24908426	-78.57984367
10.25641027	-85.34702967
10.26373627	-85.37797457
10.27106228	-100.13488318
10.27838829	-86.22943356
10.28571429	-82.48861555
10.29304030	-79.03899702
10.30036631	-84.35341486
10.30769232	-87.93319158
10.31501832	-85.21083299
10.32234433	-80.61407244
10.32967034	-77.65033890
10.33699635	-93.16773898
10.34432235	-80.84052175
10.35164836	-83.30320682
10.35897437	-78.82905614
10.36630038	-85.17058195
10.37362638	-78.56195679
10.38095239	-77.30284101
10.38827840	-79.62985827
10.39560440	-77.85247012
10.40293041	-80.11935744
10.41025642	-78.06408451
10.41758243	-91.07431202
10.42490843	-82.27364779
10.43223444	-81.94548211
10.43956045	-82.12547002
10.44688646	-83.48495690
10.45421246	-79.72243960
10.46153847	-81.61380274
10.46886448	-77.38076060
10.47619049	-80.23433996
10.48351649	-85.07057651
10.49084250	-79.69759483
10.49816851	-95.17126500
10.50549451	-82.16782347
10.51282052	-90.46861643
10.52014653	-77.45255636
10.52747254	-74.86178185
10.53479854	-77.42113046
10.54212455	-80.91348913
10.54945056	-84.47733718
10.55677657	-85.33581676
10.56410257	-82.90158356
10.57142858	-82.17007268
10.57875459	-80.84973671
10.58608060	-81.80001667
10.59340660	-79.51665160
10.60073261	-91.14675156
10.60805862	-79.27890936
10.61538462	-80.99303027
10.62271063	-92.79214739
10.63003664	-86.64685922
10.63736265	-79.92573707
10.64468865	-82.75020184
10.65201466	-84.65533628
10.65934067	-88.30030031
10.66666668	-80.52541280
10.67399268	-80.76945751
10.68131869	-77.52222088
10.68864470	-79.30272914
10.69597071	-78.60183430
10.70329671	-74.65749757
10.71062272	-87.60206738
10.71794873	-78.30917116
10.72527473	-76.55215240
10.73260074	-79.73003354
10.73992675	-84.18436144
10.74725276	-100.29842333
10.75457876	-81.57403176
10.76190477	-81.09399079
10.76923078	-80.24176527
10.77655679	-78.47755743
10.78388279	-82.89099368
10.79120880	-87.14396900
10.79853481	-86.73753160
10.80586082	-86.24991523
10.81318682	-77.89043276
10.82051283	-77.97870607
10.82783884	-84.36414578
10.83516484	-82.21792615
10.84249085	-80.33137954
10.84981686	-80.51477226
10.85714287	-92.57030554
10.86446887	-85.69819882
10.87179488	-80.77688329
10.87912089	-81.87301174
10.88644690	-83.61639060
10.89377290	-80.48569709
10.90109891	-92.40826490
10.90842492	-85.24115304
10.91575093	-86.01822036
10.92307693	-80.08922408
10.93040294	-80.19955460
10.93772895	-83.94431986
10.94505495	-80.79547963
10.95238096	-89.82463944
10.95970697	-80.53131496
10.96703298	-77.04601012
10.97435898	-81.22258392
10.98168499	-76.95334577
10.98901100	-77.52268205
10.99633701	-88.22075892
11.00366301	-83.91521937
11.01098902	-80.27239443
11.01831503	-82.68432128
11.02564104	-82.71508957
11.03296704	-91.89932347
11.04029305	-86.40585510
11.04761906	-82.23732684
11.05494506	-82.94629739
11.06227107	-80.71089143
11.06959708	-81.41437582
11.07692309	-81.50353071
11.08424909	-81.97462262
11.09157510	-84.48945351
11.09890111	-78.56515024
11.10622712	-82.29144419
11.11355312	-93.04589709
11.12087913	-80.72566637
11.12820514	-77.40063229
11.13553115	-83.88095453
11.14285715	-84.02313105
11.15018316	-81.08658485
11.15750917	-88.34436831
11.16483517	-87.96195035
11.17216118	-88.44005616
11.17948719	-86.65717302
11.18681320	-97.19166898
11.19413920	-89.29646838
11.20146521	-91.97266198
11.20879122	-88.37880710
11.21611723	-81.16857590
11.22344323	-89.34084269
11.23076924	-81.18689706
11.23809525	-82.66048741
11.24542126	-79.50021756
11.25274726	-76.03710177
11.26007327	-87.08692142
11.26739928	-84.72362113
11.27472528	-92.55105297
11.28205129	-77.30873009
11.28937730	-80.08180558
11.29670331	-92.26214895
11.30402931	-85.24203920
11.31135532	-85.82153554
11.31868133	-82.10234545
11.32600734	-83.61378973
11.33333334	-83.18625078
11.34065935	-87.11453960
11.34798536	-86.68607561
11.35531136	-93.06700883
11.36263737	-79.55442085
11.36996338	-77.64053500
11.37728939	-81.28099221
11.38461539	-91.82916461
11.39194140	-90.36521501
11.39926741	-86.16894935
11.40659342	-90.66730174
11.41391942	-83.32630501
11.42124543	-78.43434433
11.42857144	-77.05871882
11.43589745	-81.57983452
11.44322345	-97.19395694
11.45054946	-88.40050052
11.45787547	-90.28701446
11.46520147	-90.10368276
11.47252748	-86.66177242
11.47985349	-78.49259940
11.48717950	-79.51297819
11.49450550	-88.36485680
11.50183151	-81.24207016
11.50915752	-78.85826864
11.51648353	-89.99865965
11.52380953	-80.30837216
11.53113554	-78.91487355
11.53846155	-88.79669629
11.54578756	-87.06578923
11.55311356	-86.33009470
11.56043957	-92.26591534
11.56776558	-92.72626097
11.57509158	-90.11795699
11.58241759	-88.77773031
11.58974360	-78.71810602
11.59706961	-78.57874894
11.60439561	-85.98637900
11.61172162	-81.00032495
11.61904763	-79.81080175
11.62637364	-80.39588546
11.63369964	-88.31387678
11.64102565	-82.61773700
11.64835166	-80.26912961
11.65567767	-80.08605926
11.66300367	-82.80814809
11.67032968	-83.67214966
11.67765569	-78.15476997
11.68498169	-78.54194440
11.69230770	-80.66263588
11.69963371	-82.05472382
11.70695972	-91.67988886
11.71428572	-83.12867908
11.72161173	-80.15602576
11.72893774	-88.67996882
11.73626375	-84.05882345
11.74358975	-78.03854435
11.75091576	-80.87488906
11.75824177	-86.96949643
11.76556778	-90.28315789
11.77289378	-79.29034908
11.78021979	-78.20045211
11.78754580	-93.22009102
11.79487180	-83.81876875
11.80219781	-84.36208863
11.80952382	-96.49504098
11.81684983	-78.91120169
11.82417583	-76.55252861
11.83150184	-84.06959269
11.83882785	-83.52206420
11.84615386	-79.89172686
11.85347986	-83.46785976
11.86080587	-83.94866688
11.86813188	-79.77368692
11.87545789	-79.98925229
11.88278389	-80.41210408
11.89010990	-90.02659722
11.89743591	-82.22324010
11.90476191	-78.14033838
11.91208792	-78.85958580
11.91941393	-93.53089158
11.92673994	-82.69990243
11.93406594	-86.14661881
11.94139195	-87.23058067
11.94871796	-84.55242527
11.95604397	-85.72334926
11.96336997	-86.67959917
11.97069598	-85.74758505
11.97802199	-102.15889803
11.98534800	-79.44399171
11.99267400	-79.16344768
12.00000001	-86.98822451
12.00732602	-86.06837106
12.01465202	-89.13786295
12.02197803	-88.34918910
12.02930404	-89.04162153
12.03663005	-90.91859534
12.04395605	-81.20117247
12.05128206	-83.90063157
12.05860807	-81.25014184
12.06593408	-79.46023388
12.07326008	-87.43057137
12.08058609	-84.40635217
12.08791210	-82.63064486
12.09523811	-85.03732875
12.10256411	-86.35631418
12.10989012	-86.46807060
12.11721613	-81.43103716
12.12454213	-79.18690136
12.13186814	-78.39610034
12.13919415	-74.81462513
12.14652016	-86.38680880
12.15384616	-78.95807227
12.16117217	-79.72466017
12.16849818	-95.09257833
12.17582419	-89.93500686
12.18315019	-82.31189358
12.19047620	-75.62551954
12.19780221	-77.06172065
12.20512822	-95.87134372
12.21245422	-85.70167555
12.21978023	-88.76904131
12.22710624	-79.49806288
12.23443224	-87.64409732
12.24175825	-78.58050450
12.24908426	-79.81529278
12.25641027	-77.22095627
12.26373627	-79.90649950
12.27106228	-98.44939862
12.27838829	-86.84042836
12.28571430	-98.03473842
12.29304030	-82.27986671
12.30036631	-77.34501986
12.30769232	-80.98506914
12.31501833	-86.38423251
12.32234433	-90.72641772
12.32967034	-85.97978234
12.33699635	-80.52249297
12.34432235	-81.98118868
12.35164836	-80.76928545
12.35897437	-77.95555475
12.36630038	-83.14336864
12.37362638	-90.77762080
12.38095239	-84.32962182
12.38827840	-84.15115612
12.39560441	-83.29610782
12.40293041	-83.46416481
12.41025642	-88.76025796
12.41758243	-97.64355996
12.42490844	-87.12038048
12.43223444	-90.55350140
12.43956045	-86.41587143
12.44688646	-81.92952482
12.45421246	-84.14353649
12.46153847	-80.32656840
12.46886448	-76.29033084
12.47619049	-77.49516644
12.48351649	-80.22815704
12.49084250	-85.21446580
12.49816851	-85.71059261
12.50549452	-78.00879663
12.51282052	-79.68396612
12.52014653	-97.89819928
12.52747254	-80.06276638
12.53479855	-82.13832232
12.54212455	-90.93410495
12.54945056	-81.68554433
12.55677657	-82.58587371
12.56410257	-85.47418690
12.57142858	-88.32626246
12.57875459	-85.24833670
12.58608060	-85.81448449
12.59340660	-92.13569188
12.60073261	-114.73101317
12.60805862	-85.15807899
12.61538463	-80.87618522
12.62271063	-84.55926497
12.63003664	-95.75328363
12.63736265	-87.21458438
12.64468866	-86.80589537
12.65201466	-97.83359639
12.65934067	-89.50045165
12.66666668	-80.66153628
12.67399268	-79.11000660
12.68131869	-81.57428855
12.68864470	-75.15600124
12.69597071	-75.92935451
12.70329671	-84.43018480
12.71062272	-98.38052949
12.71794873	-80.47643812
12.72527474	-76.48023258
12.73260074	-84.45582635
12.73992675	-84.62211173
12.74725276	-83.59466408
12.75457877	-83.55228432
12.76190477	-78.73554875
12.76923078	-75.56187391
12.77655679	-75.75875722
12.78388279	-82.76841726
12.79120880	-86.55442752
12.79853481	-90.99398768
12.80586082	-85.93023304
12.81318682	-84.13147997
12.82051283	-94.71601997
12.82783884	-86.11715305
12.83516485	-83.36995167
12.84249085	-83.89731613
12.84981686	-86.13996488
12.85714287	-80.97956398
12.86446888	-78.43597872
12.87179488	-82.10461791
12.87912089	-83.60318115
12.88644690	-81.98802609
12.89377290	-83.53427852
12.90109891	-81.68832310
12.90842492	-81.38731725
12.91575093	-84.46464771
12.92307693	-87.29358391
12.93040294	-80.90118666
12.93772895	-79.17384656
12.94505496	-81.62641157
12.95238096	-80.34849441
12.95970697	-78.19802767
12.96703298	-81.35825233
12.97435899	-83.32486084
12.98168499	-78.44465165
12.98901100	-77.81378842
12.99633701	-80.44549817
13.00366301	-80.03322625
13.01098902	-79.58509897
13.01831503	-102.56918665
13.02564104	-79.41530972
13.03296704	-80.21695267
13.04029305	-98.38240780
13.04761906	-86.22920614
13.05494507	-85.32470014
13.06227107	-85.73661854
13.06959708	-92.76956344
13.07692309	-86.50895123
13.08424910	-87.25962032
13.09157510	-82.33909315
13.09890111	-86.70193634
13.10622712	-87.38299942
13.11355312	-87.32725050
13.12087913	-94.52969087
13.12820514	-88.62577149
13.13553115	-80.58082595
13.14285715	-80.32617699
13.15018316	-86.50808704
13.15750917	-88.82668422
13.16483518	-87.12564735
13.17216118	-85.09299414
13.17948719	-83.46546300
13.18681320	-81.33949587
13.19413921	-80.99877617
13.20146521	-86.09790471
13.20879122	-79.66831128
13.21611723	-77.68897080
13.22344323	-81.46250696
13.23076924	-79.94259487
13.23809525	-76.73668372
13.24542126	-85.04173462
13.25274726	-80.39217311
13.26007327	-81.16583744
13.26739928	-86.11009697
13.27472529	-89.87240214
13.28205129	-77.36984334
13.28937730	-80.26267299
13.29670331	-89.84701345
13.30402932	-85.12137009
13.31135532	-77.78999832
13.31868133	-77.40564593
13.32600734	-89.83162883
13.33333334	-78.45782862
13.34065935	-87.31184252
13.34798536	-85.42099601
13.35531137	-86.89955781
13.36263737	-79.80252599
13.36996338	-83.43699785
13.37728939	-81.91511225
13.38461540	-78.51993944
13.39194140	-80.74167822
13.39926741	-83.65050288
13.40659342	-85.49395022
13.41391943	-88.51021373
13.42124543	-90.66524335
13.42857144	-87.15291521
13.43589745	-81.59175904
13.44322345	-85.98107131
13.45054946	-101.31563885
13.45787547	-97.39023574
13.46520148	-84.61824801
13.47252748	-80.32985499
13.47985349	-78.87400213
13.48717950	-88.46877492
13.49450551	-85.12279821
13.50183151	-91.39799171
13.50915752	-79.56331853
13.51648353	-74.43796659
13.52380954	-77.77563809
13.53113554	-100.72848403
13.53846155	-93.60984133
13.54578756	-80.35914405
13.55311356	-79.00728383
13.56043957	-96.32244392
13.56776558	-84.78988541
13.57509159	-90.03860627
13.58241759	-91.02868920
13.58974360	-80.85916415
13.59706961	-79.17055350
13.60439562	-88.19505065
13.61172162	-85.39611236
13.61904763	-77.88627726
13.62637364	-72.42940237
13.63369965	-77.32733139
13.64102565	-89.27850229
13.64835166	-87.48382121
13.65567767	-78.14018120
13.66300367	-81.05840305
13.67032968	-78.44165043
13.67765569	-76.96737913
13.68498170	-80.34027404
13.69230770	-85.45590404
13.69963371	-92.88058462
13.70695972	-87.08044948
13.71428573	-93.29066588
13.72161173	-80.97059464
13.72893774	-76.97334536
13.73626375	-78.86531063
13.74358976	-87.64126727
13.75091576	-90.30732830
13.75824177	-83.88906494
13.76556778	-83.31291661
13.77289378	-86.93597215
13.78021979	-86.94984627
13.78754580	-84.85573420
13.79487181	-85.69797110
13.80219781	-84.52143957
13.80952382	-86.09741736
13.81684983	-80.71261671
13.82417584	-82.43717191
13.83150184	-92.32318983
13.83882785	-81.51650837
13.84615386	-81.36434633
13.85347987	-85.73007202
13.86080587	-80.37490632
13.86813188	-80.60087231
13.87545789	-89.00010276
13.88278389	-81.76421684
13.89010990	-82.43288860
13.89743591	-75.50668299
13.90476192	-79.86239935
13.91208792	-89.84313680
13.91941393	-83.61008805
13.92673994	-93.63321239
13.93406595	-81.11362504
13.94139195	-85.47167447
13.94871796	-85.95147843
13.95604397	-81.32587347
13.96336998	-82.77389176
13.97069598	-103.36318038
13.97802199	-84.50856643
13.98534800	-84.86450067
13.99267400	-79.18878716
14.00000001	-80.91861833
14.00732602	-76.95421302
14.01465203	-78.51969209
14.02197803	-81.31928624
14.02930404	-82.47324352
14.03663005	-76.57031558
14.04395606	-78.23992260
14.05128206	-84.87380590
14.05860807	-89.09076451
14.06593408	-79.17486006
14.07326009	-73.99619304
14.08058609	-76.85679301
14.08791210	-81.52416480
14.09523811	-79.04076044
14.10256411	-79.92654814
14.10989012	-90.08935491
14.11721613	-84.31398396
14.12454214	-81.02284272
14.13186814	-79.34979363
14.13919415	-75.69405602
14.14652016	-76.69408803
14.15384617	-98.15087163
14.16117217	-78.30795365
14.16849818	-87.95637718
14.17582419	-76.17417471
14.18315020	-75.95534867
14.19047620	-101.03671809
14.19780221	-81.49328328
14.20512822	-86.80375121
14.21245422	-86.62339075
14.21978023	-90.11378905
14.22710624	-85.54787174
14.23443225	-80.05104412
14.24175825	-79.08677962
14.24908426	-84.80880348
14.25641027	-90.46832490
14.26373628	-83.02770584
14.27106228	-81.00324806
14.27838829	-87.40006270
14.28571430	-86.64100578
14.29304031	-83.37197329
14.30036631	-80.65361351
14.30769232	-82.36714819
14.31501833	-84.18824440
14.32234433	-82.43676908
14.32967034	-94.01346875
14.33699635	-87.17802063
14.34432236	-86.63990162
14.35164836	-87.52426000
14.35897437	-83.94344664
14.36630038	-79.70765060
14.37362639	-80.82716731
14.38095239	-79.29298010
14.38827840	-81.88539312
14.39560441	-93.43427555
14.40293042	-90.22195757
14.41025642	-82.69145876
14.41758243	-77.63297185
14.42490844	-80.46403497
14.43223444	-80.64365884
14.43956045	-76.84077979
14.44688646	-75.95232254
14.45421247	-80.70650175
14.46153847	-84.04257730
14.46886448	-80.03876472
14.47619049	-84.03488366
14.48351650	-84.84524573
14.49084250	-81.94757294
14.49816851	-90.69441706
14.50549452	-91.42581615
14.51282053	-82.28609974
14.52014653	-84.12376645
14.52747254	-93.59484344
14.53479855	-94.65509061
14.54212455	-88.12810763
14.54945056	-87.04625327
14.55677657	-76.96114245
14.56410258	-78.53119225
14.57142858	-83.26776537
14.57875459	-82.76686651
14.58608060	-85.54536696
14.59340661	-85.11264417
14.60073261	-81.38432130
14.60805862	-88.54579472
14.61538463	-77.85479735
14.62271064	-77.83270040
14.63003664	-80.07217511
14.63736265	-83.52152069
14.64468866	-78.47763527
14.65201466	-77.23892302
14.65934067	-80.59701710
14.66666668	-79.67873889
14.67399269	-76.68207136
14.68131869	-82.01028051
14.68864470	-81.34599195
14.69597071	-77.71378863
14.70329672	-87.33747302
14.71062272	-85.54040776
14.71794873	-83.47617538
14.72527474	-84.01972293
14.73260075	-83.40613318
14.73992675	-83.96452294
14.74725276	-92.84366802
14.75457877	-85.70784923
14.76190477	-84.71234134
14.76923078	-88.06444567
14.77655679	-76.18307654
14.78388280	-75.96950537
14.79120880	-85.47612685
14.79853481	-83.33186483
14.80586082	-88.42805285
14.81318683	-83.89725011
14.82051283	-81.23087734
14.82783884	-87.39721968
14.83516485	-91.33991473
14.84249086	-85.99115688
14.84981686	-84.16614623
14.85714287	-87.30206814
14.86446888	-86.74132993
14.87179488	-86.35881424
14.87912089	-89.84762565
14.88644690	-85.66963976
14.89377291	-88.72933409
14.90109891	-85.72478917
14.90842492	-81.83271860
14.91575093	-82.61537743
14.92307694	-97.19106415
14.93040294	-80.32559441
14.93772895	-78.36809646
14.94505496	-84.62128974
14.95238097	-89.67842334
14.95970697	-83.64238658
14.96703298	-122.78716329
14.97435899	-81.34376611
14.98168499	-82.74141666
14.98901100	-82.62439360
14.99633701	-78.61811399
