# Menlo Systems GmbH ScanControl
# Program Version 1.3.3
# Start: -65.00000000 ps, Average over 1000 waveforms. Timestamp: 2020-01-07T09:43:53
# Window type: Tukey, parameters: alpha = 0.2
# User time axis shift: 0 ps
# Frequency [THz]	THz Signal [a.u.]
0.00000000	-32.29817978
0.00732601	-19.26004319
0.01465201	-15.96413033
0.02197802	-17.50613446
0.02930403	-25.05042034
0.03663004	-27.55738342
0.04395604	-18.00859539
0.05128205	-13.27275257
0.05860806	-14.45372876
0.06593407	-14.65206525
0.07326007	-9.64102037
0.08058608	-12.94986606
0.08791209	-16.60882931
0.09523810	-6.24267736
0.10256410	-5.74275976
0.10989011	-11.69522409
0.11721612	-7.12257183
0.12454213	-4.46950022
0.13186813	-8.30619341
0.13919414	-7.42544955
0.14652015	-3.28176768
0.15384616	-3.93962221
0.16117216	-4.49679273
0.16849817	-2.00165157
0.17582418	-2.51842731
0.18315018	-5.69184618
0.19047619	-2.79214381
0.19780220	-0.58704619
0.20512821	-1.25078835
0.21245421	-1.82063302
0.21978022	-0.83488347
0.22710623	-0.94811420
0.23443224	-1.98784110
0.24175824	-1.45821699
0.24908425	-0.21858262
0.25641026	0.00000000
0.26373627	-0.44047636
0.27106227	-0.53464119
0.27838828	-0.85636336
0.28571429	-1.95424916
0.29304030	-1.80215278
0.30036630	-0.61495111
0.30769231	-0.57484020
0.31501832	-1.05305934
0.32234433	-0.82955820
0.32967033	-1.14477660
0.33699634	-2.41030365
0.34432235	-2.48791605
0.35164835	-1.70238925
0.35897436	-1.53601141
0.36630037	-1.50706794
0.37362638	-1.71204666
0.38095238	-2.31799972
0.38827839	-2.60617062
0.39560440	-2.81816063
0.40293041	-3.04677311
0.41025641	-2.79781439
0.41758242	-2.73820308
0.42490843	-3.12021712
0.43223444	-3.59053662
0.43956044	-4.14107328
0.44688645	-4.39767016
0.45421246	-4.28939301
0.46153847	-4.35414083
0.46886447	-4.54807167
0.47619048	-4.73308602
0.48351649	-4.98254023
0.49084250	-5.41745338
0.49816850	-5.90150226
0.50549451	-5.86327652
0.51282052	-5.78375249
0.52014653	-6.25897955
0.52747253	-6.76314715
0.53479854	-7.04317844
0.54212455	-7.40654675
0.54945055	-8.32769935
0.55677656	-9.69602638
0.56410257	-9.27089111
0.57142858	-8.40041873
0.57875458	-8.98539221
0.58608059	-9.49421645
0.59340660	-9.40447351
0.60073261	-9.95232618
0.60805861	-10.22183360
0.61538462	-10.33865830
0.62271063	-11.06894963
0.63003664	-11.37616754
0.63736264	-11.65005438
0.64468865	-12.47531006
0.65201466	-12.88395452
0.65934067	-13.27577997
0.66666667	-13.96386560
0.67399268	-14.39526162
0.68131869	-15.00725511
0.68864470	-15.63775346
0.69597070	-16.13492215
0.70329671	-16.96047922
0.71062272	-17.45337033
0.71794872	-17.79489623
0.72527473	-18.60783752
0.73260074	-19.07092439
0.73992675	-19.62363465
0.74725275	-21.09997121
0.75457876	-22.03086024
0.76190477	-21.84298664
0.76923078	-22.08715387
0.77655678	-22.75729514
0.78388279	-23.38032816
0.79120880	-24.01936026
0.79853481	-24.69047931
0.80586081	-25.38263127
0.81318682	-26.04480881
0.82051283	-26.62456469
0.82783884	-27.22309970
0.83516484	-27.81626271
0.84249085	-28.41706091
0.84981686	-29.00861848
0.85714287	-29.59957424
0.86446887	-30.26600394
0.87179488	-30.75165728
0.87912089	-31.34114749
0.88644689	-32.26188812
0.89377290	-32.92060165
0.90109891	-33.60521115
0.90842492	-34.44771276
0.91575092	-34.93774515
0.92307693	-35.58260358
0.93040294	-36.40013699
0.93772895	-37.22851424
0.94505495	-38.10656318
0.95238096	-38.58499291
0.95970697	-39.44330336
0.96703298	-40.76719033
0.97435898	-41.45110605
0.98168499	-42.40084843
0.98901100	-43.99017917
0.99633701	-44.49009901
1.00366301	-44.25631259
1.01098902	-44.95947464
1.01831503	-46.35656514
1.02564104	-47.05981999
1.03296704	-47.79241526
1.04029305	-49.10537209
1.04761906	-49.78720373
1.05494506	-50.19439240
1.06227107	-50.66618983
1.06959708	-51.82532408
1.07692309	-53.81274567
1.08424909	-54.07086043
1.09157510	-55.29269231
1.09890111	-59.54273845
1.10622712	-59.16503309
1.11355312	-58.30476589
1.12087913	-59.59089889
1.12820514	-58.49432983
1.13553115	-57.36132677
1.14285715	-58.64797140
1.15018316	-61.06062220
1.15750917	-63.53107310
1.16483518	-73.16086530
1.17216118	-64.05355411
1.17948719	-63.35970754
1.18681320	-71.17664498
1.19413921	-69.68163231
1.20146521	-64.37259098
1.20879122	-67.70057306
1.21611723	-70.33651800
1.22344323	-65.98225160
1.23076924	-74.52943630
1.23809525	-68.78873702
1.24542126	-70.81768667
1.25274726	-91.84544162
1.26007327	-75.80702926
1.26739928	-72.29372904
1.27472529	-74.39272765
1.28205129	-67.97879252
1.28937730	-67.87749539
1.29670331	-84.15486478
1.30402932	-68.97786186
1.31135532	-70.19189888
1.31868133	-79.55857285
1.32600734	-69.56415996
1.33333335	-74.26325564
1.34065935	-79.97177310
1.34798536	-78.11437164
1.35531137	-78.01331876
1.36263738	-70.16510478
1.36996338	-70.56337520
1.37728939	-77.72463698
1.38461540	-77.92678965
1.39194141	-73.52714082
1.39926741	-79.37032837
1.40659342	-72.17512392
1.41391943	-71.39031502
1.42124543	-88.36882698
1.42857144	-75.97156774
1.43589745	-87.22734341
1.44322346	-76.61381877
1.45054946	-74.32174008
1.45787547	-78.98133252
1.46520148	-85.05404757
1.47252749	-79.41995597
1.47985349	-72.83714341
1.48717950	-78.87500025
1.49450551	-75.78184327
1.50183152	-79.28484521
1.50915752	-77.73016359
1.51648353	-75.35132014
1.52380954	-83.71770115
1.53113555	-85.90268416
1.53846155	-80.29897927
1.54578756	-84.41406561
1.55311357	-81.64177742
1.56043958	-82.17419418
1.56776558	-77.37074026
1.57509159	-73.27964690
1.58241760	-68.47922981
1.58974360	-68.44659301
1.59706961	-73.79524661
1.60439562	-83.36840034
1.61172163	-99.87937160
1.61904763	-76.68505950
1.62637364	-74.36309988
1.63369965	-76.60118035
1.64102566	-84.39323342
1.64835166	-80.34820865
1.65567767	-75.91030893
1.66300368	-73.89806639
1.67032969	-74.94052406
1.67765569	-88.14938293
1.68498170	-81.64793257
1.69230771	-76.90501152
1.69963372	-76.46362765
1.70695972	-79.87057261
1.71428573	-75.85772747
1.72161174	-78.16697160
1.72893775	-80.42351222
1.73626375	-77.64794480
1.74358976	-80.52461106
1.75091577	-82.75451011
1.75824177	-80.68384852
1.76556778	-90.87226846
1.77289379	-81.24381408
1.78021980	-81.64708083
1.78754580	-74.31558008
1.79487181	-76.24458404
1.80219782	-83.86961013
1.80952383	-84.56375103
1.81684983	-77.85860746
1.82417584	-75.74306864
1.83150185	-78.17125390
1.83882786	-82.62011408
1.84615386	-81.01311010
1.85347987	-80.98721251
1.86080588	-85.95538591
1.86813189	-77.00525981
1.87545789	-77.54594904
1.88278390	-85.76658996
1.89010991	-91.85301302
1.89743592	-84.45783647
1.90476192	-83.57097717
1.91208793	-92.12613005
1.91941394	-89.20190215
1.92673994	-84.32977266
1.93406595	-80.45713608
1.94139196	-76.68269717
1.94871797	-78.47606595
1.95604397	-89.52082069
1.96336998	-84.81407070
1.97069599	-77.98394713
1.97802200	-78.37260561
1.98534800	-75.32175639
1.99267401	-74.01478377
2.00000002	-82.82953716
2.00732603	-75.25801970
2.01465203	-76.37535264
2.02197804	-86.03936034
2.02930405	-76.28515151
2.03663006	-73.78296062
2.04395606	-77.71484001
2.05128207	-82.48363908
2.05860808	-84.81476613
2.06593409	-79.03406925
2.07326009	-77.78885550
2.08058610	-84.67703661
2.08791211	-82.46297775
2.09523811	-88.37075660
2.10256412	-83.27567716
2.10989013	-89.62753181
2.11721614	-81.76125207
2.12454214	-76.81051923
2.13186815	-80.24134705
2.13919416	-85.43620921
2.14652017	-93.96103795
2.15384617	-93.17310922
2.16117218	-81.70920035
2.16849819	-75.54901504
2.17582420	-84.89999758
2.18315020	-75.94312308
2.19047621	-75.67772743
2.19780222	-89.26774551
2.20512823	-96.11727444
2.21245423	-76.68318913
2.21978024	-74.54140834
2.22710625	-86.10362428
2.23443226	-75.70451087
2.24175826	-72.24376939
2.24908427	-76.57824614
2.25641028	-89.99381900
2.26373629	-78.31917197
2.27106229	-84.88377062
2.27838830	-82.76535018
2.28571431	-77.35540646
2.29304031	-79.81312330
2.30036632	-83.14744441
2.30769233	-82.00765566
2.31501834	-76.21976801
2.32234434	-76.02754123
2.32967035	-85.73119089
2.33699636	-80.99526082
2.34432237	-75.21274356
2.35164837	-77.81843175
2.35897438	-87.89746322
2.36630039	-86.13658877
2.37362640	-88.44499711
2.38095240	-93.95930981
2.38827841	-79.98023678
2.39560442	-78.45035382
2.40293043	-90.16740695
2.41025643	-80.40996874
2.41758244	-90.15694497
2.42490845	-91.99180629
2.43223446	-81.25024207
2.43956046	-75.78416224
2.44688647	-74.76103773
2.45421248	-76.94625983
2.46153848	-80.06625583
2.46886449	-85.07182161
2.47619050	-85.19809467
2.48351651	-82.57340811
2.49084251	-80.18472010
2.49816852	-81.12146192
2.50549453	-78.35545128
2.51282054	-78.83717287
2.52014654	-74.89832002
2.52747255	-75.52782807
2.53479856	-82.02295868
2.54212457	-82.84192470
2.54945057	-77.46531987
2.55677658	-75.52139982
2.56410259	-78.31061591
2.57142860	-78.98668459
2.57875460	-89.14027344
2.58608061	-77.77833001
2.59340662	-80.27878940
2.60073263	-84.32031373
2.60805863	-84.47388685
2.61538464	-80.00408285
2.62271065	-75.03487957
2.63003665	-83.38459549
2.63736266	-80.06010536
2.64468867	-76.02895429
2.65201468	-78.86031970
2.65934068	-83.14503090
2.66666669	-76.77982697
2.67399270	-75.22841971
2.68131871	-76.35021564
2.68864471	-80.69020555
2.69597072	-88.61930512
2.70329673	-80.34688387
2.71062274	-81.97377979
2.71794874	-80.33731430
2.72527475	-76.95926408
2.73260076	-77.18210828
2.73992677	-79.54477004
2.74725277	-87.06358977
2.75457878	-86.36135979
2.76190479	-84.83207336
2.76923080	-88.44185313
2.77655680	-78.21356246
2.78388281	-74.39774328
2.79120882	-77.61730343
2.79853482	-85.63482552
2.80586083	-81.44975850
2.81318684	-88.40597179
2.82051285	-76.33260089
2.82783885	-77.32016084
2.83516486	-84.31576086
2.84249087	-88.90192590
2.84981688	-83.80046423
2.85714288	-80.20269988
2.86446889	-79.61945499
2.87179490	-79.21684510
2.87912091	-83.67418610
2.88644691	-93.82393853
2.89377292	-80.58176100
2.90109893	-75.12155795
2.90842494	-75.55001758
2.91575094	-76.66238793
2.92307695	-78.73688344
2.93040296	-83.04035326
2.93772897	-76.33769705
2.94505497	-93.89554404
2.95238098	-75.20043852
2.95970699	-79.45090362
2.96703299	-79.66305570
2.97435900	-75.78484860
2.98168501	-84.83492622
2.98901102	-86.89493436
2.99633702	-78.35148159
3.00366303	-71.50183422
3.01098904	-73.12455737
3.01831505	-82.21617023
3.02564105	-77.71102205
3.03296706	-78.21947384
3.04029307	-79.48963144
3.04761908	-85.51958179
3.05494508	-85.57164147
3.06227109	-76.49496226
3.06959710	-75.25516748
3.07692311	-77.82084534
3.08424911	-82.09776068
3.09157512	-78.45361076
3.09890113	-80.59765090
3.10622714	-90.74372357
3.11355314	-84.06420236
3.12087915	-77.16683598
3.12820516	-76.23119964
3.13553117	-86.66197406
3.14285717	-77.80164905
3.15018318	-76.87902493
3.15750919	-80.53731146
3.16483519	-82.61210423
3.17216120	-83.50352216
3.17948721	-82.71982566
3.18681322	-80.44264069
3.19413922	-77.58363281
3.20146523	-76.23715743
3.20879124	-76.41938208
3.21611725	-74.15453452
3.22344325	-76.20354076
3.23076926	-87.57671078
3.23809527	-82.88818766
3.24542128	-86.98815233
3.25274728	-79.65889904
3.26007329	-80.17366424
3.26739930	-88.51619691
3.27472531	-86.42886427
3.28205131	-82.48723116
3.28937732	-80.42410369
3.29670333	-81.94518792
3.30402934	-86.18452695
3.31135534	-78.15456787
3.31868135	-78.86993350
3.32600736	-83.27324346
3.33333336	-83.95371892
3.34065937	-82.91325003
3.34798538	-77.99785935
3.35531139	-78.63877865
3.36263739	-84.49924699
3.36996340	-83.12898050
3.37728941	-74.98248633
3.38461542	-72.73504836
3.39194142	-78.60419390
3.39926743	-81.98224791
3.40659344	-78.30889137
3.41391945	-76.24776138
3.42124545	-80.17235387
3.42857146	-88.59464930
3.43589747	-79.36529694
3.44322348	-84.02504007
3.45054948	-92.23966090
3.45787549	-83.62025563
3.46520150	-77.68085960
3.47252751	-76.17244741
3.47985351	-75.23969638
3.48717952	-75.25130199
3.49450553	-76.74831005
3.50183153	-78.00049518
3.50915754	-72.03186990
3.51648355	-72.93859394
3.52380956	-80.19482706
3.53113556	-88.43288609
3.53846157	-88.99565146
3.54578758	-85.40465466
3.55311359	-75.97057953
3.56043959	-77.11845898
3.56776560	-85.06037015
3.57509161	-84.12713818
3.58241762	-91.73965399
3.58974362	-81.02714961
3.59706963	-83.17744443
3.60439564	-86.74487610
3.61172165	-88.64445178
3.61904765	-100.36093714
3.62637366	-93.72427145
3.63369967	-80.97460344
3.64102568	-78.11497275
3.64835168	-87.53578108
3.65567769	-77.54054273
3.66300370	-73.76658029
3.67032970	-77.33752788
3.67765571	-88.37971475
3.68498172	-77.95198147
3.69230773	-76.58223998
3.69963373	-79.84808448
3.70695974	-75.23646825
3.71428575	-81.22391440
3.72161176	-79.22103279
3.72893776	-76.93002357
3.73626377	-89.54860096
3.74358978	-75.58050337
3.75091579	-78.20392329
3.75824179	-79.46047797
3.76556780	-84.93523929
3.77289381	-83.02552800
3.78021982	-77.76217261
3.78754582	-77.65644005
3.79487183	-78.79462192
3.80219784	-83.04804935
3.80952385	-82.82880592
3.81684985	-74.40568157
3.82417586	-75.15743112
3.83150187	-83.29413005
3.83882787	-85.03961406
3.84615388	-94.90144542
3.85347989	-81.04556047
3.86080590	-85.75623602
3.86813190	-83.86549541
3.87545791	-81.52751325
3.88278392	-78.24129095
3.89010993	-78.39994725
3.89743593	-85.12398827
3.90476194	-82.20792651
3.91208795	-79.53534926
3.91941396	-83.65691528
3.92673996	-79.91586172
3.93406597	-87.54849490
3.94139198	-78.89091705
3.94871799	-77.12071565
3.95604399	-81.95351475
3.96337000	-81.45947308
3.97069601	-75.95464909
3.97802202	-78.22143756
3.98534802	-94.67902794
3.99267403	-86.07127168
4.00000004	-81.33816375
4.00732605	-74.42763769
4.01465205	-76.60236022
4.02197806	-84.71375687
4.02930407	-86.97165806
4.03663007	-81.89143733
4.04395608	-83.44951629
4.05128209	-87.63264940
4.05860810	-81.00160145
4.06593410	-76.52384449
4.07326011	-75.93772462
4.08058612	-84.64403545
4.08791213	-81.45966020
4.09523813	-90.21940979
4.10256414	-79.76738594
4.10989015	-82.51555349
4.11721616	-77.84625009
4.12454216	-79.97113043
4.13186817	-73.42247948
4.13919418	-76.93254868
4.14652019	-106.75969520
4.15384619	-87.83723369
4.16117220	-76.31412424
4.16849821	-76.95891377
4.17582422	-78.23482666
4.18315022	-75.50496223
4.19047623	-76.90665639
4.19780224	-84.22426327
4.20512824	-85.47967566
4.21245425	-95.14487255
4.21978026	-78.09162976
4.22710627	-76.28151780
4.23443227	-83.17800311
4.24175828	-85.34945051
4.24908429	-81.02135030
4.25641030	-78.70965088
4.26373630	-74.41749740
4.27106231	-71.47601032
4.27838832	-72.71379832
4.28571433	-80.32505952
4.29304033	-95.42703481
4.30036634	-84.76827980
4.30769235	-79.60493396
4.31501836	-78.74657835
4.32234436	-82.07577343
4.32967037	-84.66178439
4.33699638	-77.88878192
4.34432239	-75.64957227
4.35164839	-78.14711382
4.35897440	-84.16776708
4.36630041	-81.74398395
4.37362641	-76.88058450
4.38095242	-80.63381726
4.38827843	-78.81494058
4.39560444	-74.83691743
4.40293044	-82.38153646
4.41025645	-88.37581307
4.41758246	-80.82048969
4.42490847	-75.64936859
4.43223447	-79.34271583
4.43956048	-86.20309816
4.44688649	-79.31654109
4.45421250	-93.60083226
4.46153850	-79.83852081
4.46886451	-81.59773103
4.47619052	-85.56733583
4.48351653	-78.08421119
4.49084253	-84.26384069
4.49816854	-88.15151674
4.50549455	-84.69948666
4.51282056	-82.60771386
4.52014656	-81.23539404
4.52747257	-84.20181426
4.53479858	-84.59088114
4.54212458	-77.73450833
4.54945059	-77.20114737
4.55677660	-80.86393519
4.56410261	-82.97793221
4.57142861	-82.73001698
4.57875462	-90.40844804
4.58608063	-90.92188796
4.59340664	-84.26100732
4.60073264	-84.51778453
4.60805865	-94.00448893
4.61538466	-95.02871605
4.62271067	-85.57249471
4.63003667	-84.85107573
4.63736268	-82.09437372
4.64468869	-85.00509784
4.65201470	-80.99697017
4.65934070	-78.47885652
4.66666671	-82.13717447
4.67399272	-80.65184867
4.68131873	-81.00617152
4.68864473	-76.47961300
4.69597074	-77.93020115
4.70329675	-82.96679420
4.71062275	-77.80978694
4.71794876	-77.71891357
4.72527477	-77.06716633
4.73260078	-86.42167033
4.73992678	-78.31451480
4.74725279	-76.50288918
4.75457880	-86.81473864
4.76190481	-88.03610758
4.76923081	-87.00592236
4.77655682	-85.79400089
4.78388283	-87.33978229
4.79120884	-77.08988886
4.79853484	-77.74614760
4.80586085	-79.91680411
4.81318686	-78.48719718
4.82051287	-75.31837358
4.82783887	-72.30373443
4.83516488	-77.16830349
4.84249089	-78.87228621
4.84981690	-80.38545321
4.85714290	-91.12548769
4.86446891	-82.91360235
4.87179492	-96.80140325
4.87912093	-85.95167054
4.88644693	-83.11385751
4.89377294	-84.96009594
4.90109895	-103.70570167
4.90842495	-84.45233712
4.91575096	-82.95759986
4.92307697	-93.30346616
4.93040298	-77.51632980
4.93772898	-76.27161066
4.94505499	-85.22136495
4.95238100	-81.38593469
4.95970701	-82.14906432
4.96703301	-90.83106684
4.97435902	-82.24805306
4.98168503	-84.85561079
4.98901104	-85.10450927
4.99633704	-103.42022866
5.00366305	-79.40168296
5.01098906	-77.10518634
5.01831507	-75.55649602
5.02564107	-71.94286939
5.03296708	-72.34731860
5.04029309	-78.49167173
5.04761910	-81.23666536
5.05494510	-75.43539705
5.06227111	-74.56505191
5.06959712	-76.12071631
5.07692312	-80.71341466
5.08424913	-90.25839879
5.09157514	-86.54430039
5.09890115	-86.43620011
5.10622715	-82.11938728
5.11355316	-84.03772213
5.12087917	-79.06690419
5.12820518	-81.93086687
5.13553118	-84.92852857
5.14285719	-78.85144407
5.15018320	-84.54599484
5.15750921	-90.11276745
5.16483521	-85.74788930
5.17216122	-85.35722902
5.17948723	-83.06300861
5.18681324	-78.13582682
5.19413924	-78.18588158
5.20146525	-82.92588234
5.20879126	-82.59047640
5.21611727	-85.41142975
5.22344327	-84.11174350
5.23076928	-78.57637402
5.23809529	-82.10088899
5.24542129	-89.17108666
5.25274730	-89.54644204
5.26007331	-89.56158275
5.26739932	-86.85860602
5.27472532	-86.02499933
5.28205133	-86.15339743
5.28937734	-91.02597368
5.29670335	-104.51127091
5.30402935	-79.67146584
5.31135536	-73.44291057
5.31868137	-74.95406964
5.32600738	-90.98386203
5.33333338	-82.91175257
5.34065939	-88.50531092
5.34798540	-85.95577803
5.35531141	-81.59077920
5.36263741	-84.64214644
5.36996342	-86.27318911
5.37728943	-96.74323564
5.38461544	-83.04002510
5.39194144	-80.36580888
5.39926745	-81.39933083
5.40659346	-78.61869198
5.41391946	-76.93819461
5.42124547	-80.80858604
5.42857148	-88.75721054
5.43589749	-81.18955677
5.44322349	-86.23784670
5.45054950	-78.92960887
5.45787551	-78.41237991
5.46520152	-79.95810356
5.47252752	-82.10240110
5.47985353	-83.10636385
5.48717954	-75.28600527
5.49450555	-80.49749458
5.50183155	-85.64904486
5.50915756	-80.56392648
5.51648357	-84.58972179
5.52380958	-84.79517111
5.53113558	-77.11141400
5.53846159	-77.93101957
5.54578760	-80.18734563
5.55311361	-85.34216284
5.56043961	-87.62707052
5.56776562	-82.96320193
5.57509163	-84.18993075
5.58241764	-82.13218312
5.58974364	-82.99117071
5.59706965	-81.26901458
5.60439566	-75.25503614
5.61172166	-75.49435864
5.61904767	-81.32551466
5.62637368	-83.50834936
5.63369969	-96.62720246
5.64102569	-83.39599567
5.64835170	-82.18553841
5.65567771	-84.11183653
5.66300372	-83.89836626
5.67032972	-79.79723024
5.67765573	-82.42809047
5.68498174	-83.75401131
5.69230775	-78.55756571
5.69963375	-91.11324539
5.70695976	-87.07977198
5.71428577	-90.92113031
5.72161178	-82.63251231
5.72893778	-82.55453351
5.73626379	-72.80794317
5.74358980	-74.50091645
5.75091581	-78.73684538
5.75824181	-76.34200777
5.76556782	-78.35530199
5.77289383	-79.89937885
5.78021983	-81.70169122
5.78754584	-93.22899704
5.79487185	-86.74153075
5.80219786	-92.23463383
5.80952386	-88.07824133
5.81684987	-79.78314927
5.82417588	-81.58957094
5.83150189	-80.22894914
5.83882789	-78.75269817
5.84615390	-93.32990214
5.85347991	-88.48856103
5.86080592	-82.88958600
5.86813192	-77.10225345
5.87545793	-85.10126576
5.88278394	-82.66706095
5.89010995	-78.57961415
5.89743595	-79.29131985
5.90476196	-80.85551015
5.91208797	-81.29374281
5.91941398	-87.39281580
5.92673998	-83.57670183
5.93406599	-86.92523017
5.94139200	-82.64081628
5.94871800	-84.63265074
5.95604401	-86.41403874
5.96337002	-83.67401732
5.97069603	-86.60627951
5.97802203	-90.52360890
5.98534804	-87.36903454
5.99267405	-86.43715795
6.00000006	-78.61793878
6.00732606	-77.40052978
6.01465207	-83.56242269
6.02197808	-84.21082794
6.02930409	-83.97106924
6.03663009	-93.90795391
6.04395610	-86.97488664
6.05128211	-83.45186088
6.05860812	-81.14956365
6.06593412	-85.57563959
6.07326013	-82.66507808
6.08058614	-84.05077749
6.08791215	-87.54367439
6.09523815	-80.51888105
6.10256416	-78.00279730
6.10989017	-87.23888836
6.11721617	-81.08324372
6.12454218	-78.06646568
6.13186819	-81.91054936
6.13919420	-76.76153842
6.14652020	-75.54796797
6.15384621	-80.70513971
6.16117222	-83.14020688
6.16849823	-78.19000778
6.17582423	-86.06888796
6.18315024	-85.38108601
6.19047625	-81.18699709
6.19780226	-76.96287127
6.20512826	-79.50719747
6.21245427	-80.84997995
6.21978028	-81.00050488
6.22710629	-79.84627416
6.23443229	-77.40256186
6.24175830	-84.71223336
6.24908431	-80.46083080
6.25641032	-86.49557325
6.26373632	-83.98806596
6.27106233	-87.59114009
6.27838834	-83.17546181
6.28571434	-77.24635414
6.29304035	-76.89544183
6.30036636	-78.46665105
6.30769237	-87.14710199
6.31501837	-84.64421532
6.32234438	-77.88073619
6.32967039	-78.46576064
6.33699640	-86.34163800
6.34432240	-106.87729420
6.35164841	-99.51645090
6.35897442	-97.56856364
6.36630043	-86.47906529
6.37362643	-82.78899281
6.38095244	-85.98959085
6.38827845	-86.91007471
6.39560446	-84.82968369
6.40293046	-78.02973531
6.41025647	-81.20276716
6.41758248	-84.77566009
6.42490849	-82.63465424
6.43223449	-86.96732257
6.43956050	-81.76698075
6.44688651	-87.26923316
6.45421252	-93.22059484
6.46153852	-80.39862513
6.46886453	-76.40237034
6.47619054	-79.86078221
6.48351654	-80.71772195
6.49084255	-80.93265981
6.49816856	-93.19645956
6.50549457	-83.27535983
6.51282057	-82.40765228
6.52014658	-88.56419225
6.52747259	-87.82304746
6.53479860	-88.34202815
6.54212460	-87.86488428
6.54945061	-83.26369329
6.55677662	-82.35824729
6.56410263	-81.51967621
6.57142863	-81.52471384
6.57875464	-87.47706221
6.58608065	-86.03605820
6.59340666	-87.94664002
6.60073266	-83.54153120
6.60805867	-82.04899328
6.61538468	-83.91044280
6.62271069	-79.78422661
6.63003669	-83.39908230
6.63736270	-76.31562349
6.64468871	-78.92663569
6.65201471	-100.55595870
6.65934072	-87.89987323
6.66666673	-83.89842422
6.67399274	-86.51172096
6.68131874	-82.40413710
6.68864475	-79.81682927
6.69597076	-86.97519532
6.70329677	-97.93362855
6.71062277	-86.15230893
6.71794878	-79.02144521
6.72527479	-89.85559545
6.73260080	-80.23352757
6.73992680	-83.94734660
6.74725281	-76.26960268
6.75457882	-74.15586513
6.76190483	-82.62507169
6.76923083	-82.65074747
6.77655684	-81.21582149
6.78388285	-77.95121444
6.79120886	-76.75653912
6.79853486	-80.73269127
6.80586087	-80.57413633
6.81318688	-85.08919713
6.82051288	-73.70815679
6.82783889	-73.84996164
6.83516490	-88.17981931
6.84249091	-78.88878053
6.84981691	-80.96226813
6.85714292	-80.77146325
6.86446893	-83.49074182
6.87179494	-80.94627245
6.87912094	-74.98556546
6.88644695	-75.79142949
6.89377296	-84.58434745
6.90109897	-78.56449271
6.90842497	-79.40727217
6.91575098	-84.05790924
6.92307699	-90.75845882
6.93040300	-85.66711254
6.93772900	-75.06636541
6.94505501	-75.32443014
6.95238102	-82.74020610
6.95970703	-77.99976017
6.96703303	-79.79628228
6.97435904	-88.33042027
6.98168505	-86.87983051
6.98901105	-89.39385594
6.99633706	-84.20704916
7.00366307	-80.12845218
7.01098908	-85.04004801
7.01831508	-96.14550865
7.02564109	-87.78188417
7.03296710	-83.51431306
7.04029311	-75.96921494
7.04761911	-75.11530120
7.05494512	-80.31046250
7.06227113	-97.39690588
7.06959714	-81.75314842
7.07692314	-84.08383322
7.08424915	-88.99604556
7.09157516	-86.11905661
7.09890117	-79.79653521
7.10622717	-81.46838969
7.11355318	-89.89206485
7.12087919	-96.42443695
7.12820520	-81.22637420
7.13553120	-79.48615960
7.14285721	-78.70808804
7.15018322	-81.86244283
7.15750922	-81.14524810
7.16483523	-80.89565319
7.17216124	-85.22572042
7.17948725	-78.58812197
7.18681325	-78.33091527
7.19413926	-83.56508916
7.20146527	-81.65700890
7.20879128	-77.14927831
7.21611728	-84.62678584
7.22344329	-84.93374356
7.23076930	-97.40207396
7.23809531	-81.07114696
7.24542131	-80.59749616
7.25274732	-89.17170358
7.26007333	-80.98680328
7.26739934	-81.74186121
7.27472534	-90.03607290
7.28205135	-88.20982293
7.28937736	-86.55829550
7.29670337	-78.62726886
7.30402937	-78.43519096
7.31135538	-87.60737134
7.31868139	-95.28074146
7.32600740	-83.90533572
7.33333340	-79.01676667
7.34065941	-80.93594198
7.34798542	-83.69835426
7.35531142	-76.66739351
7.36263743	-74.99598732
7.36996344	-77.36747121
7.37728945	-75.65726523
7.38461545	-76.71958280
7.39194146	-82.52025412
7.39926747	-82.84433648
7.40659348	-82.65873423
7.41391948	-77.11822846
7.42124549	-78.98183445
7.42857150	-84.88902310
7.43589751	-79.00333171
7.44322351	-85.39889303
7.45054952	-82.29553828
7.45787553	-80.12822329
7.46520154	-91.42211371
7.47252754	-81.20100509
7.47985355	-77.72295855
7.48717956	-77.95796404
7.49450557	-83.60310240
7.50183157	-91.38033289
7.50915758	-82.89815947
7.51648359	-81.77199789
7.52380959	-81.68118510
7.53113560	-81.44816429
7.53846161	-94.85773424
7.54578762	-80.56948155
7.55311362	-79.11969362
7.56043963	-85.70814234
7.56776564	-89.91335893
7.57509165	-85.50952982
7.58241765	-91.82489986
7.58974366	-78.66014042
7.59706967	-73.91359218
7.60439568	-77.26194483
7.61172168	-81.43902347
7.61904769	-78.68009405
7.62637370	-82.57649613
7.63369971	-91.74188856
7.64102571	-81.83680384
7.64835172	-78.52691443
7.65567773	-77.64330241
7.66300374	-81.70568803
7.67032974	-86.61492231
7.67765575	-82.05821985
7.68498176	-82.80553279
7.69230776	-86.64063841
7.69963377	-89.43225775
7.70695978	-86.83966468
7.71428579	-96.71832059
7.72161179	-86.05756936
7.72893780	-84.05889844
7.73626381	-83.76869592
7.74358982	-84.02945857
7.75091582	-83.03909811
7.75824183	-79.62807565
7.76556784	-79.79139731
7.77289385	-86.75771424
7.78021985	-87.60166020
7.78754586	-84.87801889
7.79487187	-90.64585633
7.80219788	-86.18926550
7.80952388	-85.17565429
7.81684989	-88.36270315
7.82417590	-78.97087849
7.83150191	-79.42040760
7.83882791	-83.32555458
7.84615392	-87.26945161
7.85347993	-92.00435968
7.86080593	-80.91943332
7.86813194	-80.87713386
7.87545795	-96.66375268
7.88278396	-89.90211494
7.89010996	-85.22699396
7.89743597	-80.17419983
7.90476198	-84.93197312
7.91208799	-85.92947146
7.91941399	-81.68532026
7.92674000	-84.08647900
7.93406601	-81.84060280
7.94139202	-76.95882221
7.94871802	-78.34454374
7.95604403	-86.94351099
7.96337004	-86.50938564
7.97069605	-82.87005075
7.97802205	-80.83051723
7.98534806	-81.96588712
7.99267407	-100.79344218
8.00000008	-84.90204626
8.00732608	-90.95924867
8.01465209	-83.44910285
8.02197810	-84.16550222
8.02930410	-87.77544287
8.03663011	-77.22583102
8.04395612	-77.18193042
8.05128213	-85.03936680
8.05860813	-79.09392364
8.06593414	-76.01501411
8.07326015	-76.86861672
8.08058616	-81.34065695
8.08791216	-91.52317099
8.09523817	-81.54251317
8.10256418	-79.31504905
8.10989019	-74.55834431
8.11721619	-78.93936721
8.12454220	-85.83182272
8.13186821	-81.34028590
8.13919422	-83.31567119
8.14652022	-80.65297904
8.15384623	-93.79436562
8.16117224	-81.68527444
8.16849825	-78.81672058
8.17582425	-75.04103104
8.18315026	-77.37603903
8.19047627	-84.88008249
8.19780228	-79.78378680
8.20512828	-90.90414558
8.21245429	-82.20812343
8.21978030	-82.81304416
8.22710630	-77.86545266
8.23443231	-76.11288676
8.24175832	-80.00495403
8.24908433	-87.30325727
8.25641033	-87.28122674
8.26373634	-99.82169171
8.27106235	-81.98538751
8.27838836	-84.94828442
8.28571436	-85.77256516
8.29304037	-79.49153698
8.30036638	-83.00747107
8.30769239	-90.71682165
8.31501839	-80.80511494
8.32234440	-82.48250191
8.32967041	-80.04718648
8.33699642	-79.56762928
8.34432242	-85.38970618
8.35164843	-74.72454759
8.35897444	-77.94219259
8.36630045	-87.41918859
8.37362645	-80.07714571
8.38095246	-84.58218853
8.38827847	-89.24911628
8.39560447	-81.87021747
8.40293048	-83.10559282
8.41025649	-84.32569620
8.41758250	-84.22661258
8.42490850	-82.55452783
8.43223451	-80.30002823
8.43956052	-84.40889768
8.44688653	-84.95776680
8.45421253	-80.43392096
8.46153854	-93.08414952
8.46886455	-88.76321996
8.47619056	-96.88951350
8.48351656	-83.19919291
8.49084257	-82.63303588
8.49816858	-84.32430343
8.50549459	-80.91093657
8.51282059	-82.33220201
8.52014660	-78.42536563
8.52747261	-77.87333413
8.53479862	-85.82899843
8.54212462	-77.23712002
8.54945063	-78.65556421
8.55677664	-86.57754485
8.56410264	-81.99090351
8.57142865	-85.28989568
8.57875466	-105.09376590
8.58608067	-92.68218613
8.59340667	-79.59043967
8.60073268	-78.81673149
8.60805869	-82.54425851
8.61538470	-79.88267441
8.62271070	-76.62114263
8.63003671	-81.44090074
8.63736272	-82.46151385
8.64468873	-82.31571306
8.65201473	-81.82918995
8.65934074	-74.65702510
8.66666675	-76.72081161
8.67399276	-80.42345590
8.68131876	-75.07187340
8.68864477	-80.89058028
8.69597078	-82.43582788
8.70329679	-78.07207244
8.71062279	-81.11822382
8.71794880	-78.57926677
8.72527481	-80.02581932
8.73260081	-98.70253741
8.73992682	-84.01183169
8.74725283	-76.24872941
8.75457884	-75.66681974
8.76190484	-91.17321127
8.76923085	-79.10611538
8.77655686	-78.38404143
8.78388287	-79.88761447
8.79120887	-83.99082677
8.79853488	-88.03053506
8.80586089	-85.25504891
8.81318690	-84.05254646
8.82051290	-82.91171143
8.82783891	-80.72219000
8.83516492	-81.34189688
8.84249093	-80.96514105
8.84981693	-81.78092938
8.85714294	-83.41356245
8.86446895	-82.69709673
8.87179496	-90.31175526
8.87912096	-90.73448875
8.88644697	-84.68272631
8.89377298	-77.83274197
8.90109898	-81.45203588
8.90842499	-87.54757787
8.91575100	-86.01956291
8.92307701	-84.36347610
8.93040301	-78.25074013
8.93772902	-78.28070159
8.94505503	-78.86784202
8.95238104	-80.95467337
8.95970704	-82.93953598
8.96703305	-91.98688427
8.97435906	-81.91554635
8.98168507	-90.33483445
8.98901107	-82.85647966
8.99633708	-80.28574518
9.00366309	-79.47099815
9.01098910	-80.36652562
9.01831510	-86.94683101
9.02564111	-77.01352350
9.03296712	-84.16143035
9.04029313	-82.88499136
9.04761913	-85.64994149
9.05494514	-84.22901981
9.06227115	-84.41890882
9.06959716	-79.19384922
9.07692316	-77.22011649
9.08424917	-81.82929154
9.09157518	-76.45835004
9.09890118	-91.26256998
9.10622719	-77.28831640
9.11355320	-79.25778850
9.12087921	-84.05861029
9.12820521	-80.30991359
9.13553122	-93.11177445
9.14285723	-83.97030914
9.15018324	-83.71977425
9.15750924	-81.88409456
9.16483525	-92.43939605
9.17216126	-77.92569570
9.17948727	-78.43816407
9.18681327	-86.09377565
9.19413928	-85.00600260
9.20146529	-75.50953575
9.20879130	-75.51011619
9.21611730	-82.34626356
9.22344331	-87.73050054
9.23076932	-84.84901784
9.23809533	-95.23789439
9.24542133	-86.16254806
9.25274734	-85.47304278
9.26007335	-81.15041710
9.26739935	-81.75768340
9.27472536	-76.64115682
9.28205137	-76.58571713
9.28937738	-85.93069091
9.29670338	-85.74244689
9.30402939	-83.87129164
9.31135540	-81.93931465
9.31868141	-80.68010315
9.32600741	-82.33169324
9.33333342	-80.07522238
9.34065943	-76.07805881
9.34798544	-75.77142845
9.35531144	-76.33495917
9.36263745	-78.13653018
9.36996346	-89.38078901
9.37728947	-82.56028602
9.38461547	-79.83737711
9.39194148	-78.20871866
9.39926749	-80.49742727
9.40659350	-92.08090929
9.41391950	-81.55790095
9.42124551	-82.91125448
9.42857152	-91.48182555
9.43589752	-91.42793372
9.44322353	-82.00086255
9.45054954	-83.92422994
9.45787555	-90.42742544
9.46520155	-101.49106281
9.47252756	-93.19519762
9.47985357	-85.70995405
9.48717958	-88.30891193
9.49450558	-82.98989671
9.50183159	-83.46719242
9.50915760	-88.33673968
9.51648361	-82.18192391
9.52380961	-81.36149296
9.53113562	-79.74962081
9.53846163	-87.11598924
9.54578764	-81.78742044
9.55311364	-87.36510157
9.56043965	-83.53266393
9.56776566	-82.12724927
9.57509167	-88.46978973
9.58241767	-85.40812447
9.58974368	-79.86614893
9.59706969	-82.13670596
9.60439569	-83.06568033
9.61172170	-79.38024469
9.61904771	-82.91021457
9.62637372	-83.44662399
9.63369972	-83.51241621
9.64102573	-77.68766659
9.64835174	-80.78952544
9.65567775	-82.03725211
9.66300375	-77.56599809
9.67032976	-80.30003616
9.67765577	-79.52318175
9.68498178	-79.55014182
9.69230778	-82.94838066
9.69963379	-79.24503694
9.70695980	-85.62945092
9.71428581	-82.10916694
9.72161181	-76.05471429
9.72893782	-80.57472997
9.73626383	-84.28732798
9.74358984	-81.34507476
9.75091584	-78.14103071
9.75824185	-75.32398991
9.76556786	-82.09587421
9.77289386	-87.13270715
9.78021987	-81.21839466
9.78754588	-81.30320544
9.79487189	-77.91488039
9.80219789	-84.38220602
9.80952390	-81.66635629
9.81684991	-78.27284198
9.82417592	-81.21607849
9.83150192	-92.36519791
9.83882793	-83.11463123
9.84615394	-82.00770556
9.85347995	-92.09196928
9.86080595	-94.61445189
9.86813196	-85.19721679
9.87545797	-79.28371080
9.88278398	-77.92807333
9.89010998	-77.96876522
9.89743599	-83.81842132
9.90476200	-82.83456185
9.91208801	-81.22297592
9.91941401	-82.85664701
9.92674002	-82.43896537
9.93406603	-89.29779880
9.94139204	-82.62345847
9.94871804	-90.88076965
9.95604405	-78.28939166
9.96337006	-80.64038231
9.97069606	-87.72380270
9.97802207	-84.88971073
9.98534808	-86.82182663
9.99267409	-87.27164189
10.00000009	-91.60524867
10.00732610	-85.92905951
10.01465211	-80.38880272
10.02197812	-79.47792435
10.02930412	-80.30607374
10.03663013	-81.88909551
10.04395614	-87.79189973
10.05128215	-79.98938060
10.05860815	-81.39245142
10.06593416	-77.97793792
10.07326017	-76.08276141
10.08058618	-87.99119036
10.08791218	-80.44963176
10.09523819	-80.35860088
10.10256420	-81.03059836
10.10989021	-80.42609679
10.11721621	-82.21744060
10.12454222	-76.67563071
10.13186823	-78.30726140
10.13919423	-79.97580943
10.14652024	-87.93068489
10.15384625	-79.61873231
10.16117226	-79.42835061
10.16849826	-83.87050574
10.17582427	-82.07917490
10.18315028	-85.79645911
10.19047629	-84.86339837
10.19780229	-86.11029797
10.20512830	-80.37562143
10.21245431	-75.11243551
10.21978032	-73.81534804
10.22710632	-75.99842086
10.23443233	-89.03243336
10.24175834	-79.55761024
10.24908435	-80.09815922
10.25641035	-83.80386072
10.26373636	-89.18950633
10.27106237	-80.51443342
10.27838838	-76.86943075
10.28571438	-85.66325101
10.29304039	-80.67219377
10.30036640	-76.66332731
10.30769240	-76.71538087
10.31501841	-77.79365434
10.32234442	-88.98459277
10.32967043	-82.40134321
10.33699643	-84.73236196
10.34432244	-79.43079545
10.35164845	-81.84811340
10.35897446	-80.93219910
10.36630046	-74.16303910
10.37362647	-76.47158959
10.38095248	-91.18767674
10.38827849	-87.05087215
10.39560449	-89.70290233
10.40293050	-89.08051590
10.41025651	-81.38631568
10.41758252	-86.81404565
10.42490852	-85.00004372
10.43223453	-87.36274849
10.43956054	-83.44787036
10.44688655	-78.74604491
10.45421255	-80.29617153
10.46153856	-84.70456472
10.46886457	-92.57918720
10.47619057	-83.65079324
10.48351658	-90.26855721
10.49084259	-93.55280963
10.49816860	-83.19325646
10.50549460	-81.86156205
10.51282061	-90.16277846
10.52014662	-84.49129810
10.52747263	-86.85262086
10.53479863	-80.64892790
10.54212464	-78.81071005
10.54945065	-78.28607896
10.55677666	-76.58447854
10.56410266	-80.43268095
10.57142867	-93.95656513
10.57875468	-82.46423969
10.58608069	-76.21005432
10.59340669	-77.52270639
10.60073270	-86.54592723
10.60805871	-97.70542931
10.61538472	-92.28507778
10.62271072	-94.30802213
10.63003673	-95.47666776
10.63736274	-82.91104759
10.64468874	-78.06221781
10.65201475	-79.64542977
10.65934076	-95.22353709
10.66666677	-79.73959722
10.67399277	-83.91610289
10.68131878	-84.12961648
10.68864479	-81.26329951
10.69597080	-95.60085502
10.70329680	-80.76677004
10.71062281	-77.99441265
10.71794882	-78.08360940
10.72527483	-80.63146801
10.73260083	-96.25223882
10.73992684	-85.89188394
10.74725285	-80.68190927
10.75457886	-87.13933666
10.76190486	-80.53169552
10.76923087	-76.62125291
10.77655688	-84.44704274
10.78388289	-88.21586774
10.79120889	-86.67311965
10.79853490	-78.90038132
10.80586091	-85.69503852
10.81318692	-82.25475660
10.82051292	-79.62886045
10.82783893	-87.47096971
10.83516494	-86.31307671
10.84249094	-88.46485732
10.84981695	-79.84952755
10.85714296	-79.37135161
10.86446897	-82.00812145
10.87179497	-88.91414168
10.87912098	-91.54589242
10.88644699	-94.47180426
10.89377300	-88.54988022
10.90109900	-92.24011055
10.90842501	-83.95266855
10.91575102	-84.96189056
10.92307703	-93.06411353
10.93040303	-88.04187691
10.93772904	-89.50059369
10.94505505	-77.46048043
10.95238106	-75.21294363
10.95970706	-78.39622099
10.96703307	-87.94564757
10.97435908	-92.21579672
10.98168509	-85.63161532
10.98901109	-80.51665365
10.99633710	-82.09952293
11.00366311	-91.36155874
11.01098911	-79.25362685
11.01831512	-79.29111742
11.02564113	-77.53105702
11.03296714	-80.66009498
11.04029314	-88.83905854
11.04761915	-97.69327538
11.05494516	-79.34462827
11.06227117	-75.03435650
11.06959717	-77.29792582
11.07692318	-85.96283140
11.08424919	-83.14296503
11.09157520	-78.12392289
11.09890120	-75.96959037
11.10622721	-76.41699217
11.11355322	-75.80844800
11.12087923	-74.58385823
11.12820523	-77.20735178
11.13553124	-86.25349373
11.14285725	-81.44917666
11.15018326	-77.05997700
11.15750926	-79.69679164
11.16483527	-84.40006364
11.17216128	-79.07312559
11.17948728	-80.33284719
11.18681329	-94.68349521
11.19413930	-83.43517523
11.20146531	-81.59307914
11.20879131	-79.94344667
11.21611732	-87.26224697
11.22344333	-83.45124139
11.23076934	-81.21480594
11.23809534	-86.45880645
11.24542135	-80.47575059
11.25274736	-80.21876812
11.26007337	-83.00941562
11.26739937	-87.64255209
11.27472538	-91.97853067
11.28205139	-79.96232433
11.28937740	-85.04475294
11.29670340	-82.88812490
11.30402941	-79.96384260
11.31135542	-85.81825638
11.31868143	-83.88198728
11.32600743	-88.37086305
11.33333344	-81.58946304
11.34065945	-97.21221784
11.34798545	-80.08964056
11.35531146	-79.12045907
11.36263747	-81.93820794
11.36996348	-80.31526015
11.37728948	-80.35122767
11.38461549	-80.39436426
11.39194150	-79.15353538
11.39926751	-78.45887520
11.40659351	-82.13122545
11.41391952	-99.71266439
11.42124553	-83.88899770
11.42857154	-90.25328310
11.43589754	-86.73268995
11.44322355	-79.40578435
11.45054956	-78.26736319
11.45787557	-84.35397035
11.46520157	-85.42351108
11.47252758	-80.71087351
11.47985359	-93.00788977
11.48717960	-87.38486891
11.49450560	-91.59298298
11.50183161	-95.31087104
11.50915762	-80.00290513
11.51648362	-75.90345721
11.52380963	-78.91379068
11.53113564	-89.44399458
11.53846165	-87.53219952
11.54578765	-81.57578010
11.55311366	-80.92042481
11.56043967	-82.06272107
11.56776568	-82.99228666
11.57509168	-81.82418799
11.58241769	-83.10568941
11.58974370	-87.83065440
11.59706971	-90.00136213
11.60439571	-88.90935176
11.61172172	-81.88079502
11.61904773	-78.33233104
11.62637374	-78.70065063
11.63369974	-85.73080827
11.64102575	-89.70847144
11.64835176	-88.36584280
11.65567777	-78.60257447
11.66300377	-77.97310423
11.67032978	-88.98294543
11.67765579	-85.84694197
11.68498180	-82.14221657
11.69230780	-80.80241997
11.69963381	-97.06004407
11.70695982	-79.73554280
11.71428582	-77.43410243
11.72161183	-76.16591996
11.72893784	-79.18817933
11.73626385	-75.03919694
11.74358985	-79.55238512
11.75091586	-94.08024676
11.75824187	-83.34897241
11.76556788	-78.87381663
11.77289388	-88.09353709
11.78021989	-82.96059970
11.78754590	-83.74918850
11.79487191	-90.51263992
11.80219791	-84.15920962
11.80952392	-90.92066707
11.81684993	-83.60079026
11.82417594	-84.63648060
11.83150194	-85.50277334
11.83882795	-80.76608495
11.84615396	-74.05986751
11.85347997	-70.91552956
11.86080597	-76.66079911
11.86813198	-88.52104416
11.87545799	-82.41743649
11.88278399	-83.57356759
11.89011000	-88.95192902
11.89743601	-94.64380519
11.90476202	-88.20051314
11.91208802	-83.07347290
11.91941403	-78.72757704
11.92674004	-82.02310821
11.93406605	-84.85364337
11.94139205	-77.59200761
11.94871806	-81.17201141
11.95604407	-82.56455550
11.96337008	-81.87580451
11.97069608	-87.66829826
11.97802209	-91.81337651
11.98534810	-92.02299686
11.99267411	-84.60515127
12.00000011	-82.24570587
12.00732612	-98.09793547
12.01465213	-87.07856092
12.02197814	-88.18058396
12.02930414	-87.08358403
12.03663015	-87.87324441
12.04395616	-83.61865755
12.05128216	-80.22511160
12.05860817	-82.47854872
12.06593418	-87.79050379
12.07326019	-81.36400189
12.08058619	-86.30410401
12.08791220	-85.02175739
12.09523821	-87.77096037
12.10256422	-81.72840808
12.10989022	-89.52619261
12.11721623	-77.49275566
12.12454224	-86.97882225
12.13186825	-78.89669629
12.13919425	-78.40365298
12.14652026	-85.97822375
12.15384627	-82.02295199
12.16117228	-75.63946750
12.16849828	-77.26455900
12.17582429	-91.91991184
12.18315030	-84.11092429
12.19047631	-79.97362532
12.19780231	-81.01633857
12.20512832	-90.54640260
12.21245433	-83.25091297
12.21978033	-87.66869439
12.22710634	-89.41070444
12.23443235	-81.95684207
12.24175836	-84.20559349
12.24908436	-82.87427073
12.25641037	-85.08002663
12.26373638	-94.47789314
12.27106239	-84.24236675
12.27838839	-86.93181936
12.28571440	-82.11079457
12.29304041	-76.85280256
12.30036642	-76.27805049
12.30769242	-81.07974138
12.31501843	-91.01838978
12.32234444	-84.41324458
12.32967045	-86.08636220
12.33699645	-95.41074986
12.34432246	-99.92429113
12.35164847	-90.59559248
12.35897448	-87.05567603
12.36630048	-84.62521998
12.37362649	-82.59417581
12.38095250	-84.56294805
12.38827850	-85.12164320
12.39560451	-79.83938556
12.40293052	-77.63352972
12.41025653	-81.85978503
12.41758253	-92.67780257
12.42490854	-87.52842804
12.43223455	-82.17122801
12.43956056	-89.84913747
12.44688656	-85.71566381
12.45421257	-83.65168536
12.46153858	-88.98625352
12.46886459	-82.62569625
12.47619059	-77.43650907
12.48351660	-78.36089240
12.49084261	-98.49261883
12.49816862	-79.38522138
12.50549462	-78.71366320
12.51282063	-83.15707714
12.52014664	-87.00208545
12.52747265	-82.84669001
12.53479865	-90.15986715
12.54212466	-89.68309413
12.54945067	-89.68763037
12.55677668	-93.17230487
12.56410268	-83.77655934
12.57142869	-82.68699840
12.57875470	-87.12915200
12.58608070	-102.67859861
12.59340671	-91.84498324
12.60073272	-86.54890672
12.60805873	-88.85009615
12.61538473	-92.50458822
12.62271074	-81.11704416
12.63003675	-80.00766472
12.63736276	-81.87609462
12.64468876	-80.22962412
12.65201477	-83.04776221
12.65934078	-89.82281269
12.66666679	-84.32667229
12.67399279	-85.92719106
12.68131880	-87.00915786
12.68864481	-79.79270507
12.69597082	-81.08473529
12.70329682	-81.90387798
12.71062283	-79.11680558
12.71794884	-81.49673125
12.72527485	-83.20131324
12.73260085	-82.49753136
12.73992686	-94.54486098
12.74725287	-80.96677050
12.75457887	-79.81095146
12.76190488	-78.98464402
12.76923089	-86.60125509
12.77655690	-86.83318436
12.78388290	-87.79260814
12.79120891	-90.13728547
12.79853492	-89.58808927
12.80586093	-88.27911407
12.81318693	-80.21220550
12.82051294	-81.04560770
12.82783895	-80.82043608
12.83516496	-82.09037298
12.84249096	-86.91964730
12.84981697	-84.34178754
12.85714298	-86.77409395
12.86446899	-78.10247775
12.87179499	-78.42228975
12.87912100	-85.91025754
12.88644701	-87.32700172
12.89377302	-80.46357811
12.90109902	-82.31859261
12.90842503	-85.77328969
12.91575104	-81.04239911
12.92307704	-85.90488178
12.93040305	-92.81480757
12.93772906	-86.28359468
12.94505507	-83.71675628
12.95238107	-91.29713638
12.95970708	-80.24514219
12.96703309	-78.42652187
12.97435910	-85.36002260
12.98168510	-83.14502480
12.98901111	-77.60559279
12.99633712	-78.81774374
13.00366313	-82.92492131
13.01098913	-83.21841613
13.01831514	-84.07997256
13.02564115	-81.76748357
13.03296716	-79.31705733
13.04029316	-76.97943519
13.04761917	-80.84205643
13.05494518	-96.24128894
13.06227119	-88.93910915
13.06959719	-86.80281548
13.07692320	-82.13467940
13.08424921	-77.25631806
13.09157521	-76.57653980
13.09890122	-79.74083966
13.10622723	-84.21223688
13.11355324	-89.24648742
13.12087924	-80.72380596
13.12820525	-84.00617993
13.13553126	-79.25019295
13.14285727	-81.13415230
13.15018327	-85.87596258
13.15750928	-75.70250267
13.16483529	-74.96484922
13.17216130	-79.09358958
13.17948730	-91.36719120
13.18681331	-84.48183479
13.19413932	-78.09766195
13.20146533	-78.09395230
13.20879133	-92.71664095
13.21611734	-76.51871996
13.22344335	-74.89824049
13.23076936	-86.67721046
13.23809536	-81.96870992
13.24542137	-82.83777300
13.25274738	-80.75469047
13.26007338	-79.47101428
13.26739939	-83.35246157
13.27472540	-88.23534709
13.28205141	-92.16641626
13.28937741	-91.34432436
13.29670342	-80.74376623
13.30402943	-79.37646865
13.31135544	-87.71624515
13.31868144	-81.37789614
13.32600745	-84.69618049
13.33333346	-86.63947032
13.34065947	-82.93147293
13.34798547	-83.17836916
13.35531148	-78.66692703
13.36263749	-91.33218869
13.36996350	-81.34033985
13.37728950	-82.91438486
13.38461551	-87.81519580
13.39194152	-81.28814791
13.39926753	-77.00950987
13.40659353	-83.75139840
13.41391954	-89.80551917
13.42124555	-82.35533398
13.42857156	-75.62548783
13.43589756	-79.69295241
13.44322357	-88.52392356
13.45054958	-83.28376548
13.45787558	-78.58268381
13.46520159	-81.29827544
13.47252760	-84.41511733
13.47985361	-85.91476469
13.48717961	-82.94868576
13.49450562	-87.05867839
13.50183163	-83.05206143
13.50915764	-79.89715169
13.51648364	-86.64350970
13.52380965	-86.07063710
13.53113566	-80.16720955
13.53846167	-91.58528400
13.54578767	-78.31051918
13.55311368	-77.13387967
13.56043969	-76.61887383
13.56776570	-76.11016014
13.57509170	-82.03939153
13.58241771	-108.86362894
13.58974372	-85.66703487
13.59706973	-82.53439933
13.60439573	-81.71024189
13.61172174	-79.73906247
13.61904775	-80.24947141
13.62637375	-95.61613873
13.63369976	-79.54558972
13.64102577	-82.10324562
13.64835178	-80.24753454
13.65567778	-84.19293955
13.66300379	-76.46077718
13.67032980	-78.02598879
13.67765581	-86.21228502
13.68498181	-76.94020763
13.69230782	-83.60590187
13.69963383	-85.71610991
13.70695984	-85.22709481
13.71428584	-87.27372572
13.72161185	-79.93161249
13.72893786	-85.91969945
13.73626387	-84.63670270
13.74358987	-84.85384566
13.75091588	-82.96770254
13.75824189	-79.52901702
13.76556790	-76.60502274
13.77289390	-74.26319685
13.78021991	-75.43711024
13.78754592	-79.06599337
13.79487192	-85.01001231
13.80219793	-89.29046297
13.80952394	-79.39426927
13.81684995	-77.40918069
13.82417595	-85.82347751
13.83150196	-86.33075971
13.83882797	-88.15097501
13.84615398	-88.81811750
13.85347998	-86.45658480
13.86080599	-98.90569464
13.86813200	-84.09205898
13.87545801	-92.72820205
13.88278401	-79.44109380
13.89011002	-75.94887459
13.89743603	-81.04646979
13.90476204	-92.69061183
13.91208804	-83.09695550
13.91941405	-78.96313971
13.92674006	-77.73070084
13.93406607	-78.36142150
13.94139207	-81.23091782
13.94871808	-86.19041831
13.95604409	-82.12882725
13.96337009	-84.68925984
13.97069610	-88.10115967
13.97802211	-86.01739050
13.98534812	-85.81501518
13.99267412	-79.91750511
14.00000013	-83.01220996
14.00732614	-82.59637158
14.01465215	-91.82669440
14.02197815	-79.35702606
14.02930416	-78.31449316
14.03663017	-85.41428191
14.04395618	-79.12115698
14.05128218	-76.41844136
14.05860819	-91.93887846
14.06593420	-75.49839654
14.07326021	-75.16666239
14.08058621	-82.74360874
14.08791222	-91.52760767
14.09523823	-80.19577791
14.10256424	-77.62826621
14.10989024	-84.86553816
14.11721625	-97.69878396
14.12454226	-90.91751825
14.13186826	-84.77285364
14.13919427	-96.88811626
14.14652028	-85.76409078
14.15384629	-88.45936952
14.16117229	-83.13885647
14.16849830	-84.42867794
14.17582431	-78.20089800
14.18315032	-79.54337517
14.19047632	-80.70438474
14.19780233	-84.02725629
14.20512834	-80.20522026
14.21245435	-78.27148871
14.21978035	-94.98369963
14.22710636	-86.47071571
14.23443237	-93.78460765
14.24175838	-79.14908221
14.24908438	-76.93805518
14.25641039	-82.03919561
14.26373640	-88.91953606
14.27106241	-83.16065714
14.27838841	-82.77948842
14.28571442	-84.47665884
14.29304043	-81.06643840
14.30036644	-76.42526533
14.30769244	-79.94012456
14.31501845	-82.39222140
14.32234446	-86.00896557
14.32967046	-84.60134849
14.33699647	-84.94715754
14.34432248	-88.14988996
14.35164849	-79.86708050
14.35897449	-78.77466983
14.36630050	-84.04815415
14.37362651	-90.53658109
14.38095252	-81.26371020
14.38827852	-83.12335551
14.39560453	-80.42836961
14.40293054	-78.35750895
14.41025655	-81.60544496
14.41758255	-77.36960723
14.42490856	-77.77592544
14.43223457	-83.14382110
14.43956058	-89.13915745
14.44688658	-93.27966687
14.45421259	-84.94065213
14.46153860	-84.44993031
14.46886461	-81.47607221
14.47619061	-89.39721865
14.48351662	-84.64152094
14.49084263	-82.51579019
14.49816863	-75.76264195
14.50549464	-74.24993731
14.51282065	-78.51747184
14.52014666	-81.50190155
14.52747266	-93.26054760
14.53479867	-80.03462700
14.54212468	-84.61143219
14.54945069	-83.05815726
14.55677669	-77.23416942
14.56410270	-79.49648693
14.57142871	-87.22686278
14.57875472	-82.63618605
14.58608072	-83.90876749
14.59340673	-91.96738855
14.60073274	-92.23084774
14.60805875	-99.61103940
14.61538475	-82.52303607
14.62271076	-76.37785381
14.63003677	-77.23497700
14.63736278	-81.38572972
14.64468878	-79.65927983
14.65201479	-85.89081675
14.65934080	-90.69412085
14.66666680	-92.20446073
14.67399281	-85.49933072
14.68131882	-81.05023097
14.68864483	-83.98882191
14.69597083	-81.83335392
14.70329684	-88.52486802
14.71062285	-81.37799464
14.71794886	-78.58982784
14.72527486	-78.81551421
14.73260087	-75.94512546
14.73992688	-78.24574604
14.74725289	-90.69468922
14.75457889	-83.12300729
14.76190490	-80.66332243
14.76923091	-83.62585181
14.77655692	-85.47050273
14.78388292	-81.36378093
14.79120893	-80.57999858
14.79853494	-88.69315350
14.80586095	-81.89948084
14.81318695	-78.33351813
14.82051296	-95.21967153
14.82783897	-83.45222568
14.83516497	-88.53935043
14.84249098	-74.30722992
14.84981699	-75.69274593
14.85714300	-78.94243406
14.86446900	-74.87604185
14.87179501	-82.34394412
14.87912102	-86.72787639
14.88644703	-89.13619824
14.89377303	-77.15594659
14.90109904	-75.16332002
14.90842505	-80.48154917
14.91575106	-90.00821641
14.92307706	-91.61286305
14.93040307	-82.34124638
14.93772908	-92.59557834
14.94505509	-81.19373074
14.95238109	-78.82726321
14.95970710	-86.48339070
14.96703311	-92.78197416
14.97435912	-85.37741531
14.98168512	-81.33111554
14.98901113	-81.10381934
14.99633714	-85.89405617
