# Menlo Systems GmbH ScanControl
# Program Version 1.3.3
# Start: -65.00000000 ps, Average over 1000 waveforms. Timestamp: 2020-07-03T10:14:20
# Window type: Tukey, parameters: alpha = 0.2
# User time axis shift: 0 ps
# Frequency [THz]	THz Signal [a.u.]
0.00000000	-54.24858380
0.00732601	-25.42428529
0.01465201	-17.51717195
0.02197802	-16.37210944
0.02930403	-23.95369291
0.03663004	-20.42372658
0.04395604	-13.15786392
0.05128205	-9.33680221
0.05860806	-10.22487467
0.06593407	-10.50756487
0.07326007	-5.77114599
0.08058608	-7.58363760
0.08791209	-16.76945613
0.09523810	-5.45144736
0.10256410	-4.61756568
0.10989011	-9.93132397
0.11721612	-7.88331127
0.12454213	-5.04883647
0.13186813	-7.61411657
0.13919414	-9.22555426
0.14652015	-5.19271262
0.15384616	-5.58152323
0.16117216	-6.98440708
0.16849817	-3.54138463
0.17582418	-3.39741725
0.18315018	-7.45219431
0.19047619	-4.36735309
0.19780220	-1.92454281
0.20512821	-3.49865761
0.21245421	-3.54553631
0.21978022	-1.00001427
0.22710623	-0.92385166
0.23443224	-2.14248307
0.24175824	-1.03169224
0.24908425	-0.46812837
0.25641026	-1.86838054
0.26373627	-1.34830097
0.27106227	0.00000000
0.27838828	-0.58826549
0.28571429	-1.27254945
0.29304030	-0.40359570
0.30036630	-0.33712291
0.30769231	-1.27781111
0.31501832	-1.11225558
0.32234433	-0.76609138
0.32967033	-1.40007175
0.33699634	-1.83602013
0.34432235	-2.16274482
0.35164835	-2.86663665
0.35897436	-3.04280944
0.36630037	-3.29321570
0.37362638	-4.32410099
0.38095238	-5.09179577
0.38827839	-5.16545963
0.39560440	-5.87274110
0.40293041	-7.16954534
0.41025641	-7.54573598
0.41758242	-7.61012361
0.42490843	-8.14446508
0.43223444	-8.80740257
0.43956044	-9.23983629
0.44688645	-9.34030072
0.45421246	-9.89145448
0.46153847	-10.47554958
0.46886447	-10.56939671
0.47619048	-11.11924695
0.48351649	-11.56798018
0.49084250	-11.92078066
0.49816850	-12.53363796
0.50549451	-12.39699670
0.51282052	-12.35568030
0.52014653	-12.50108327
0.52747253	-12.71236954
0.53479854	-13.20797066
0.54212455	-13.09492053
0.54945055	-14.78432675
0.55677656	-20.09159636
0.56410257	-16.36390268
0.57142858	-13.87237573
0.57875458	-14.33761317
0.58608059	-14.48094086
0.59340660	-14.39046993
0.60073261	-14.70363191
0.60805861	-14.78233517
0.61538462	-15.29071171
0.62271063	-15.89919644
0.63003664	-15.89051549
0.63736264	-16.04340511
0.64468865	-16.41025619
0.65201466	-16.68803239
0.65934067	-17.39933903
0.66666667	-18.05971759
0.67399268	-18.16229149
0.68131869	-18.69666747
0.68864470	-19.36937246
0.69597070	-19.94354279
0.70329671	-20.79415026
0.71062272	-21.23539185
0.71794872	-21.76669995
0.72527473	-22.67322233
0.73260074	-23.08276091
0.73992675	-23.96913488
0.74725275	-26.69804913
0.75457876	-28.90837841
0.76190477	-27.08288319
0.76923078	-26.51686659
0.77655678	-27.59027629
0.78388279	-28.55588078
0.79120880	-29.19853745
0.79853481	-30.20674041
0.80586081	-31.52951182
0.81318682	-32.09302387
0.82051283	-32.66226041
0.82783884	-33.51645732
0.83516484	-33.52854186
0.84249085	-34.68818707
0.84981686	-36.45209157
0.85714287	-36.92110675
0.86446887	-38.01312515
0.87179488	-38.42601574
0.87912089	-38.78872407
0.88644689	-40.42434035
0.89377290	-41.56435609
0.90109891	-43.30776320
0.90842492	-46.00398159
0.91575092	-46.93665893
0.92307693	-48.04596493
0.93040294	-50.34419637
0.93772895	-51.95727090
0.94505495	-52.42633548
0.95238096	-52.90965331
0.95970697	-54.17623783
0.96703298	-57.37818325
0.97435898	-61.07066157
0.98168499	-64.12555419
0.98901100	-70.95019694
0.99633701	-70.91249572
1.00366301	-77.61754717
1.01098902	-63.38259948
1.01831503	-61.50193020
1.02564104	-61.36859971
1.03296704	-62.96695852
1.04029305	-63.33500776
1.04761906	-58.72233297
1.05494506	-59.32006022
1.06227107	-60.72563855
1.06959708	-57.68400889
1.07692309	-59.54890845
1.08424909	-61.89008489
1.09157510	-62.18713534
1.09890111	-73.32109019
1.10622712	-69.88170504
1.11355312	-70.53266278
1.12087913	-66.04042565
1.12820514	-62.73293635
1.13553115	-62.18235740
1.14285715	-63.57963453
1.15018316	-66.28309569
1.15750917	-65.10355720
1.16483518	-68.97844020
1.17216118	-66.40883595
1.17948719	-62.13437363
1.18681320	-63.27098754
1.19413921	-62.77678823
1.20146521	-69.02119423
1.20879122	-67.44728022
1.21611723	-62.42410872
1.22344324	-73.03264887
1.23076924	-64.63989560
1.23809525	-61.94187232
1.24542126	-63.48413692
1.25274726	-61.03550978
1.26007327	-63.04952697
1.26739928	-67.74345102
1.27472529	-64.96118137
1.28205129	-68.23640416
1.28937730	-64.60467111
1.29670331	-63.95736023
1.30402932	-70.02865805
1.31135532	-64.74245824
1.31868133	-66.60784932
1.32600734	-68.95369212
1.33333335	-67.42029335
1.34065935	-69.02654557
1.34798536	-71.03036181
1.35531137	-73.10746156
1.36263738	-73.15743662
1.36996338	-72.68770837
1.37728939	-80.87820504
1.38461540	-73.45674948
1.39194141	-69.46505528
1.39926741	-69.42662080
1.40659342	-73.14712523
1.41391943	-70.61378330
1.42124543	-66.61584667
1.42857144	-70.07777782
1.43589745	-72.65566510
1.44322346	-80.39215024
1.45054946	-81.50515010
1.45787547	-85.52339359
1.46520148	-82.11148044
1.47252749	-73.38506593
1.47985349	-67.35670111
1.48717950	-68.18238154
1.49450551	-78.11963953
1.50183152	-83.75650557
1.50915752	-73.80058268
1.51648353	-68.54084619
1.52380954	-70.48559976
1.53113555	-77.77673360
1.53846155	-82.13848824
1.54578756	-76.62591237
1.55311357	-71.34891523
1.56043958	-71.41718540
1.56776558	-76.42039140
1.57509159	-80.87426181
1.58241760	-78.73283371
1.58974360	-71.90993337
1.59706961	-75.35202301
1.60439562	-88.06402001
1.61172163	-78.75879095
1.61904763	-75.76686395
1.62637364	-75.05342809
1.63369965	-84.08038226
1.64102566	-77.75313682
1.64835166	-72.35709918
1.65567767	-74.43065322
1.66300368	-77.15928432
1.67032969	-77.32264128
1.67765569	-85.38739897
1.68498170	-74.75768996
1.69230771	-81.54298881
1.69963372	-75.29128150
1.70695972	-78.53201768
1.71428573	-84.73282766
1.72161174	-85.64021113
1.72893775	-79.34317124
1.73626375	-79.00939352
1.74358976	-75.57214289
1.75091577	-76.22155800
1.75824177	-73.59236104
1.76556778	-72.96256422
1.77289379	-81.07080158
1.78021980	-84.84240822
1.78754580	-79.80260702
1.79487181	-87.66938407
1.80219782	-72.57400772
1.80952383	-71.63003006
1.81684983	-84.19767376
1.82417584	-76.01419200
1.83150185	-91.77046062
1.83882786	-75.06629855
1.84615386	-72.62111560
1.85347987	-72.77008051
1.86080588	-75.98210377
1.86813189	-76.72895644
1.87545789	-72.13443455
1.88278390	-70.76604828
1.89010991	-72.44899690
1.89743592	-101.45885576
1.90476192	-73.37772261
1.91208793	-75.52597362
1.91941394	-78.57794217
1.92673994	-75.30653913
1.93406595	-84.39561821
1.94139196	-86.30153649
1.94871797	-83.42113100
1.95604397	-84.39360104
1.96336998	-80.88171499
1.97069599	-76.07227682
1.97802200	-75.22010246
1.98534800	-76.90470079
1.99267401	-85.01735026
2.00000002	-76.21455628
2.00732603	-80.64389465
2.01465203	-85.53835020
2.02197804	-77.93213130
2.02930405	-73.99362865
2.03663006	-74.55606823
2.04395606	-80.76747110
2.05128207	-80.89236692
2.05860808	-80.43065460
2.06593409	-77.84113150
2.07326009	-75.61926942
2.08058610	-73.83803827
2.08791211	-74.12094395
2.09523812	-82.56303079
2.10256412	-94.04041194
2.10989013	-78.79484864
2.11721614	-75.85869321
2.12454214	-80.17881721
2.13186815	-83.37501830
2.13919416	-78.19515407
2.14652017	-75.06362233
2.15384617	-75.64505976
2.16117218	-82.53310747
2.16849819	-74.09855519
2.17582420	-70.64279203
2.18315020	-80.16517003
2.19047621	-78.18297686
2.19780222	-77.65434900
2.20512823	-74.11979294
2.21245423	-75.11328731
2.21978024	-75.32117663
2.22710625	-79.69322574
2.23443226	-76.93303489
2.24175826	-102.29694255
2.24908427	-73.61579828
2.25641028	-72.10756442
2.26373629	-74.07863151
2.27106229	-76.38628607
2.27838830	-76.88511200
2.28571431	-76.22030414
2.29304031	-80.71073585
2.30036632	-80.05473332
2.30769233	-74.09987547
2.31501834	-74.36597893
2.32234434	-75.54033158
2.32967035	-78.44203763
2.33699636	-86.41861872
2.34432237	-83.43278517
2.35164837	-99.57814594
2.35897438	-80.59524356
2.36630039	-78.23097219
2.37362640	-81.75738134
2.38095240	-81.67745692
2.38827841	-78.29246946
2.39560442	-77.51637121
2.40293043	-79.86409882
2.41025643	-80.25234355
2.41758244	-76.06971956
2.42490845	-73.99261903
2.43223446	-78.47816739
2.43956046	-85.35883714
2.44688647	-80.11583556
2.45421248	-75.58663878
2.46153848	-75.30901508
2.46886449	-75.26998499
2.47619050	-75.05167833
2.48351651	-75.18971784
2.49084251	-77.75027004
2.49816852	-81.72974788
2.50549453	-84.62859437
2.51282054	-84.69018353
2.52014654	-79.16506271
2.52747255	-72.71516510
2.53479856	-79.11098964
2.54212457	-73.90514265
2.54945057	-72.89822493
2.55677658	-91.29404978
2.56410259	-76.34350971
2.57142860	-77.12164243
2.57875460	-76.91541572
2.58608061	-76.72315613
2.59340662	-73.26424905
2.60073263	-75.20847782
2.60805863	-79.12776606
2.61538464	-74.93837350
2.62271065	-83.19688308
2.63003665	-73.83730742
2.63736266	-72.16796484
2.64468867	-73.82157858
2.65201468	-72.28520203
2.65934068	-77.01149733
2.66666669	-74.10592561
2.67399270	-69.54449971
2.68131871	-77.64194092
2.68864471	-76.07894253
2.69597072	-72.96497120
2.70329673	-73.78732498
2.71062274	-73.67087118
2.71794874	-71.40787771
2.72527475	-72.73716278
2.73260076	-82.54780903
2.73992677	-76.59075530
2.74725277	-93.51016498
2.75457878	-76.96287625
2.76190479	-72.94075244
2.76923080	-72.46928002
2.77655680	-74.96840699
2.78388281	-73.36635343
2.79120882	-70.91720115
2.79853483	-68.11925616
2.80586083	-68.76101363
2.81318684	-79.17764089
2.82051285	-77.17021102
2.82783885	-77.21647004
2.83516486	-85.36700412
2.84249087	-83.60512712
2.84981688	-79.77070118
2.85714288	-79.59838218
2.86446889	-78.40890553
2.87179490	-76.82352424
2.87912091	-73.39995422
2.88644691	-79.72936389
2.89377292	-79.85822449
2.90109893	-81.46706221
2.90842494	-76.76566361
2.91575094	-74.56692613
2.92307695	-75.81543469
2.93040296	-71.65193021
2.93772897	-72.36512780
2.94505497	-79.98116070
2.95238098	-70.64012359
2.95970699	-71.06881384
2.96703300	-79.37753968
2.97435900	-81.66039406
2.98168501	-76.56311054
2.98901102	-92.12000021
2.99633702	-76.53950998
3.00366303	-80.32164220
3.01098904	-76.55580659
3.01831505	-73.47273803
3.02564105	-75.96765115
3.03296706	-81.10600305
3.04029307	-86.42411586
3.04761908	-88.60741687
3.05494508	-81.01182969
3.06227109	-79.69574301
3.06959710	-74.48006723
3.07692311	-71.55523795
3.08424911	-77.29388070
3.09157512	-75.22464400
3.09890113	-73.95562706
3.10622714	-82.02781631
3.11355314	-89.77762235
3.12087915	-81.13513052
3.12820516	-79.27476080
3.13553117	-72.90744375
3.14285717	-69.04873616
3.15018318	-69.65025733
3.15750919	-79.91196765
3.16483519	-76.66406356
3.17216120	-76.24948664
3.17948721	-87.74974084
3.18681322	-77.56134449
3.19413922	-85.09131596
3.20146523	-74.72163982
3.20879124	-75.19001448
3.21611725	-77.38393058
3.22344325	-69.30462518
3.23076926	-73.05345126
3.23809527	-91.21476806
3.24542128	-80.88504558
3.25274728	-74.30995696
3.26007329	-76.93071857
3.26739930	-81.18287298
3.27472531	-74.57916900
3.28205131	-84.73923077
3.28937732	-78.59573791
3.29670333	-82.35990581
3.30402934	-77.29330646
3.31135534	-80.79226675
3.31868135	-81.40447591
3.32600736	-76.73153479
3.33333336	-77.68500711
3.34065937	-78.96384865
3.34798538	-79.68454560
3.35531139	-83.81595775
3.36263739	-82.59689896
3.36996340	-75.09743630
3.37728941	-83.84776248
3.38461542	-71.81704813
3.39194142	-67.55920439
3.39926743	-71.51867878
3.40659344	-76.94640556
3.41391945	-71.98080762
3.42124545	-74.96249140
3.42857146	-74.20047948
3.43589747	-71.13701635
3.44322348	-72.28050570
3.45054948	-75.15998113
3.45787549	-75.83970005
3.46520150	-77.78531691
3.47252751	-91.90101627
3.47985351	-82.84624781
3.48717952	-95.79133828
3.49450553	-79.76810749
3.50183153	-79.93260893
3.50915754	-80.84917264
3.51648355	-76.52150633
3.52380956	-75.48562756
3.53113556	-77.75068425
3.53846157	-82.40426064
3.54578758	-83.51656492
3.55311359	-81.17529615
3.56043959	-78.99769160
3.56776560	-86.04626466
3.57509161	-85.56661751
3.58241762	-74.02554696
3.58974362	-69.04617167
3.59706963	-74.26961773
3.60439564	-77.38836988
3.61172165	-74.98512051
3.61904765	-85.25494951
3.62637366	-76.08112616
3.63369967	-75.51578205
3.64102568	-74.57811063
3.64835168	-73.30768762
3.65567769	-69.91010491
3.66300370	-70.43056613
3.67032971	-77.70509173
3.67765571	-79.56002978
3.68498172	-71.75632432
3.69230773	-71.66937980
3.69963373	-75.96562165
3.70695974	-82.15772689
3.71428575	-80.71076816
3.72161176	-80.77646331
3.72893776	-79.35628955
3.73626377	-72.80321110
3.74358978	-71.34609945
3.75091579	-79.71918232
3.75824179	-76.60535577
3.76556780	-76.43373539
3.77289381	-80.67722316
3.78021982	-73.25579793
3.78754582	-74.36597237
3.79487183	-77.81306381
3.80219784	-81.80158114
3.80952385	-89.55587148
3.81684985	-87.02022627
3.82417586	-78.25578513
3.83150187	-76.16406973
3.83882788	-78.26572531
3.84615388	-80.46437568
3.85347989	-87.03388384
3.86080590	-72.56330047
3.86813190	-69.85655082
3.87545791	-71.64328278
3.88278392	-77.34309232
3.89010993	-81.09755736
3.89743593	-78.37520857
3.90476194	-80.52071563
3.91208795	-82.27493218
3.91941396	-78.53886457
3.92673996	-82.02771376
3.93406597	-83.50051281
3.94139198	-75.96733596
3.94871799	-75.07081056
3.95604399	-77.58100242
3.96337000	-75.16364690
3.97069601	-77.59299070
3.97802202	-71.38649269
3.98534802	-69.12124681
3.99267403	-78.93284741
4.00000004	-74.90568727
4.00732605	-81.53031325
4.01465205	-80.84356520
4.02197806	-93.85916819
4.02930407	-78.05707945
4.03663007	-81.24364662
4.04395608	-81.08657382
4.05128209	-80.92881382
4.05860810	-81.59311240
4.06593410	-99.08827141
4.07326011	-80.99523584
4.08058612	-85.80706662
4.08791213	-80.61369570
4.09523813	-80.65090760
4.10256414	-73.87336287
4.10989015	-83.23213732
4.11721616	-76.20568517
4.12454216	-78.16568874
4.13186817	-76.04811882
4.13919418	-74.31527214
4.14652019	-84.65632849
4.15384619	-75.94114669
4.16117220	-80.46805282
4.16849821	-88.07089147
4.17582422	-82.20144182
4.18315022	-75.35873542
4.19047623	-74.79484997
4.19780224	-81.18866142
4.20512824	-89.46540092
4.21245425	-80.21466120
4.21978026	-75.83915751
4.22710627	-75.40668624
4.23443227	-78.96314391
4.24175828	-75.06442816
4.24908429	-79.56172459
4.25641030	-76.29812114
4.26373630	-73.45870303
4.27106231	-76.69573424
4.27838832	-86.28499063
4.28571433	-81.66725204
4.29304033	-74.59541124
4.30036634	-73.86825139
4.30769235	-78.23106792
4.31501836	-83.91561227
4.32234436	-85.46104447
4.32967037	-77.12648969
4.33699638	-74.00487644
4.34432239	-82.71670538
4.35164839	-83.30360893
4.35897440	-87.87509116
4.36630041	-74.52085478
4.37362641	-79.84919189
4.38095242	-77.90466048
4.38827843	-73.66731377
4.39560444	-74.85392662
4.40293044	-73.17469895
4.41025645	-74.10263776
4.41758246	-72.28909404
4.42490847	-70.71261781
4.43223447	-75.25408246
4.43956048	-77.23653888
4.44688649	-71.73782546
4.45421250	-80.85637829
4.46153850	-74.99029248
4.46886451	-77.40062842
4.47619052	-77.28262140
4.48351653	-75.98701450
4.49084253	-93.78145906
4.49816854	-78.01990873
4.50549455	-76.35142631
4.51282056	-73.38964813
4.52014656	-75.60138089
4.52747257	-86.25709180
4.53479858	-75.29349198
4.54212459	-74.25040282
4.54945059	-80.89263816
4.55677660	-78.15822635
4.56410261	-87.05762109
4.57142861	-79.94180024
4.57875462	-76.24152673
4.58608063	-77.47383963
4.59340664	-75.62173104
4.60073264	-74.85204266
4.60805865	-81.18142992
4.61538466	-77.88415838
4.62271067	-80.61595162
4.63003667	-76.77303076
4.63736268	-73.31972315
4.64468869	-79.37425501
4.65201470	-77.14248673
4.65934070	-77.53222994
4.66666671	-85.20890780
4.67399272	-81.43008379
4.68131873	-79.29789624
4.68864473	-77.14564786
4.69597074	-78.69203048
4.70329675	-84.15220952
4.71062276	-79.27983048
4.71794876	-86.14135987
4.72527477	-77.81793835
4.73260078	-72.55190676
4.73992678	-78.48349398
4.74725279	-78.33586250
4.75457880	-73.78973011
4.76190481	-82.84774655
4.76923081	-81.82640208
4.77655682	-78.37110229
4.78388283	-76.73515984
4.79120884	-74.29381303
4.79853484	-73.48801684
4.80586085	-75.34563901
4.81318686	-77.71751618
4.82051287	-76.46043260
4.82783887	-72.82767489
4.83516488	-71.33591795
4.84249089	-72.71949275
4.84981690	-78.29491704
4.85714290	-83.82099254
4.86446891	-75.93494130
4.87179492	-81.41236815
4.87912093	-83.24158795
4.88644693	-77.29685498
4.89377294	-76.59309581
4.90109895	-77.03203949
4.90842495	-83.55058038
4.91575096	-83.52706307
4.92307697	-78.77394060
4.93040298	-80.65267649
4.93772898	-77.82625261
4.94505499	-83.94792369
4.95238100	-78.21525137
4.95970701	-71.64230086
4.96703301	-75.65311882
4.97435902	-79.48841445
4.98168503	-72.13013989
4.98901104	-76.95678648
4.99633704	-79.41880875
5.00366305	-74.59449030
5.01098906	-78.26952061
5.01831507	-81.69573040
5.02564107	-78.19505196
5.03296708	-77.86194981
5.04029309	-76.91945111
5.04761910	-82.73325952
5.05494510	-83.25297793
5.06227111	-77.28952181
5.06959712	-82.49346295
5.07692312	-79.10110406
5.08424913	-80.30422477
5.09157514	-82.07954736
5.09890115	-74.27554239
5.10622715	-79.29449221
5.11355316	-82.24064539
5.12087917	-77.04557955
5.12820518	-78.99594915
5.13553118	-79.68605537
5.14285719	-97.60343395
5.15018320	-77.34412650
5.15750921	-75.07351431
5.16483521	-74.54804838
5.17216122	-73.55457070
5.17948723	-75.64476929
5.18681324	-82.12177628
5.19413924	-79.13021606
5.20146525	-71.88541152
5.20879126	-74.20689813
5.21611727	-80.92997401
5.22344327	-79.67935056
5.23076928	-77.93067765
5.23809529	-78.72033215
5.24542130	-84.66339285
5.25274730	-79.99207007
5.26007331	-77.95082011
5.26739932	-79.70363345
5.27472532	-78.70568670
5.28205133	-80.73108072
5.28937734	-94.22833506
5.29670335	-76.01330137
5.30402935	-70.02664105
5.31135536	-68.59356636
5.31868137	-70.83383461
5.32600738	-79.84394887
5.33333338	-83.38163499
5.34065939	-92.23641104
5.34798540	-77.17812152
5.35531141	-77.03129925
5.36263741	-86.58085684
5.36996342	-75.49890401
5.37728943	-74.11669609
5.38461544	-80.77646966
5.39194144	-83.10377203
5.39926745	-78.88458627
5.40659346	-88.76454552
5.41391947	-82.46778814
5.42124547	-77.38295816
5.42857148	-77.54940721
5.43589749	-78.39733076
5.44322349	-76.56578308
5.45054950	-85.57932029
5.45787551	-79.74642538
5.46520152	-81.55752437
5.47252752	-79.53966439
5.47985353	-82.02428757
5.48717954	-86.58448961
5.49450555	-88.55579036
5.50183155	-84.28791323
5.50915756	-75.41559706
5.51648357	-69.78080154
5.52380958	-70.30515101
5.53113558	-79.63662638
5.53846159	-75.56643986
5.54578760	-75.73340208
5.55311361	-78.07952922
5.56043961	-78.13971808
5.56776562	-80.25187128
5.57509163	-80.54108935
5.58241764	-80.25500835
5.58974364	-82.01622684
5.59706965	-86.06727830
5.60439566	-78.27195536
5.61172166	-74.48456990
5.61904767	-74.92572979
5.62637368	-73.22500123
5.63369969	-73.80272867
5.64102569	-79.41634353
5.64835170	-80.83196718
5.65567771	-77.98616670
5.66300372	-79.87166638
5.67032972	-81.19180431
5.67765573	-75.94543794
5.68498174	-74.48849246
5.69230775	-74.99477228
5.69963375	-80.58341637
5.70695976	-79.23139344
5.71428577	-73.57349376
5.72161178	-75.36490884
5.72893778	-89.38840919
5.73626379	-79.87917244
5.74358980	-77.49142762
5.75091581	-78.85337380
5.75824181	-78.85118956
5.76556782	-81.99185197
5.77289383	-80.27994572
5.78021983	-79.83237634
5.78754584	-76.02097639
5.79487185	-80.89965276
5.80219786	-84.83023845
5.80952386	-80.79731007
5.81684987	-77.18019182
5.82417588	-88.73973076
5.83150189	-77.52890187
5.83882789	-75.35378498
5.84615390	-81.93841055
5.85347991	-78.88410242
5.86080592	-77.60439736
5.86813192	-91.07327328
5.87545793	-81.79657652
5.88278394	-86.64702742
5.89010995	-74.08898762
5.89743595	-75.08156984
5.90476196	-78.97789628
5.91208797	-81.35769501
5.91941398	-80.01612841
5.92673998	-78.81445615
5.93406599	-76.43592131
5.94139200	-75.96445928
5.94871800	-77.77012978
5.95604401	-73.69664021
5.96337002	-76.54030812
5.97069603	-87.20794846
5.97802203	-79.94061718
5.98534804	-74.69617426
5.99267405	-77.37704268
6.00000006	-76.64162061
6.00732606	-76.17135770
6.01465207	-99.74748700
6.02197808	-77.56641038
6.02930409	-78.10552320
6.03663009	-91.78115839
6.04395610	-88.37435787
6.05128211	-82.16120303
6.05860812	-78.54803213
6.06593412	-78.24168010
6.07326013	-84.40469565
6.08058614	-79.22521729
6.08791215	-75.60819526
6.09523815	-85.82914191
6.10256416	-80.39094818
6.10989017	-79.17790008
6.11721618	-88.31110486
6.12454218	-88.74361765
6.13186819	-82.55837298
6.13919420	-83.28533630
6.14652020	-76.83961151
6.15384621	-75.95035186
6.16117222	-78.62334517
6.16849823	-79.25534295
6.17582423	-76.91159134
6.18315024	-75.54847496
6.19047625	-74.88351307
6.19780226	-74.85800751
6.20512826	-78.47022602
6.21245427	-78.37022222
6.21978028	-81.32803985
6.22710629	-100.80621936
6.23443229	-91.65530759
6.24175830	-79.05046961
6.24908431	-74.81488061
6.25641032	-72.75254533
6.26373632	-73.96054304
6.27106233	-80.52724553
6.27838834	-79.08511537
6.28571435	-75.79720121
6.29304035	-94.74373876
6.30036636	-74.78402093
6.30769237	-78.70843482
6.31501837	-76.63976947
6.32234438	-73.58297242
6.32967039	-80.41602820
6.33699640	-80.36015269
6.34432240	-77.35355810
6.35164841	-72.92521802
6.35897442	-70.25181898
6.36630043	-72.90790664
6.37362643	-82.08950654
6.38095244	-85.10959090
6.38827845	-79.87648430
6.39560446	-85.26622141
6.40293046	-89.52802332
6.41025647	-85.40282810
6.41758248	-81.40200777
6.42490849	-89.94711792
6.43223449	-78.73745537
6.43956050	-84.60329922
6.44688651	-79.53089277
6.45421252	-75.21325727
6.46153852	-72.27419831
6.46886453	-71.87121466
6.47619054	-76.30954673
6.48351654	-74.24707479
6.49084255	-82.17811858
6.49816856	-76.96484960
6.50549457	-74.51756242
6.51282057	-78.77214856
6.52014658	-74.16050867
6.52747259	-78.63771016
6.53479860	-79.97138286
6.54212460	-72.91094300
6.54945061	-74.32816617
6.55677662	-76.23433644
6.56410263	-75.34952441
6.57142863	-78.36858006
6.57875464	-80.97795068
6.58608065	-80.65912468
6.59340666	-81.18338448
6.60073266	-85.30436407
6.60805867	-80.02869038
6.61538468	-80.73707823
6.62271069	-79.49422168
6.63003669	-79.13438678
6.63736270	-79.92223691
6.64468871	-81.47207218
6.65201471	-79.45300660
6.65934072	-79.40622240
6.66666673	-81.19471164
6.67399274	-78.12131839
6.68131874	-74.25723341
6.68864475	-73.68435177
6.69597076	-77.63201384
6.70329677	-74.38271081
6.71062277	-73.22003060
6.71794878	-74.53217465
6.72527479	-106.40179036
6.73260080	-73.67518727
6.73992680	-74.07296004
6.74725281	-85.76011598
6.75457882	-95.65562881
6.76190483	-82.64629255
6.76923083	-82.71397207
6.77655684	-77.02651094
6.78388285	-74.95248621
6.79120886	-82.90882898
6.79853486	-80.62979303
6.80586087	-81.25785980
6.81318688	-77.76362682
6.82051289	-78.06960768
6.82783889	-81.59605059
6.83516490	-75.62025774
6.84249091	-73.31839389
6.84981691	-77.35813684
6.85714292	-72.54109532
6.86446893	-76.55764395
6.87179494	-82.80334111
6.87912094	-74.99483555
6.88644695	-77.98388961
6.89377296	-83.18979719
6.90109897	-79.39355336
6.90842497	-80.52784197
6.91575098	-78.07024849
6.92307699	-80.33235239
6.93040300	-86.67920121
6.93772900	-76.31233356
6.94505501	-81.42376573
6.95238102	-80.26581624
6.95970703	-77.74157579
6.96703303	-81.81382733
6.97435904	-82.19603608
6.98168505	-88.24490836
6.98901106	-95.45136469
6.99633706	-86.31916206
7.00366307	-77.90898588
7.01098908	-79.06337954
7.01831508	-86.22485477
7.02564109	-80.98661256
7.03296710	-88.05306825
7.04029311	-84.78410147
7.04761911	-75.80220093
7.05494512	-74.45575441
7.06227113	-92.06056596
7.06959714	-75.58775710
7.07692314	-75.73117718
7.08424915	-80.18658364
7.09157516	-83.43762506
7.09890117	-87.26209558
7.10622717	-80.69476566
7.11355318	-79.57765540
7.12087919	-75.03440245
7.12820520	-76.23095063
7.13553120	-90.33875160
7.14285721	-72.65974454
7.15018322	-70.74167072
7.15750923	-73.82334819
7.16483523	-81.77480296
7.17216124	-83.56361773
7.17948725	-109.45313422
7.18681325	-81.08773983
7.19413926	-86.89970132
7.20146527	-81.73084002
7.20879128	-78.94184035
7.21611728	-83.61717946
7.22344329	-82.40643604
7.23076930	-78.16580027
7.23809531	-77.80222768
7.24542131	-86.99035036
7.25274732	-91.37830574
7.26007333	-84.93023046
7.26739934	-77.73360068
7.27472534	-77.84144848
7.28205135	-77.61589474
7.28937736	-80.63670879
7.29670337	-94.26164249
7.30402937	-83.73474083
7.31135538	-77.12267105
7.31868139	-77.30792732
7.32600740	-74.04774563
7.33333340	-75.04893487
7.34065941	-91.88471695
7.34798542	-75.44222577
7.35531142	-74.89693291
7.36263743	-74.61700815
7.36996344	-74.43640543
7.37728945	-78.79700529
7.38461545	-75.20918845
7.39194146	-75.17480514
7.39926747	-78.50648709
7.40659348	-76.26289114
7.41391948	-82.59250621
7.42124549	-86.03458065
7.42857150	-77.91506048
7.43589751	-77.05176069
7.44322351	-87.09479427
7.45054952	-78.37014269
7.45787553	-73.33216897
7.46520154	-77.28913069
7.47252754	-103.58049233
7.47985355	-99.97808168
7.48717956	-77.50740348
7.49450557	-75.02929104
7.50183157	-79.96670215
7.50915758	-87.93094993
7.51648359	-84.04567851
7.52380959	-79.48987274
7.53113560	-81.96784500
7.53846161	-78.01745831
7.54578762	-78.38456344
7.55311362	-80.88159386
7.56043963	-77.99877125
7.56776564	-78.70334926
7.57509165	-81.73331051
7.58241765	-83.15922623
7.58974366	-85.17259237
7.59706967	-84.78071260
7.60439568	-77.95558133
7.61172168	-77.51286493
7.61904769	-88.32636636
7.62637370	-81.85858736
7.63369971	-82.41142793
7.64102571	-81.23541382
7.64835172	-78.09770114
7.65567773	-86.98514177
7.66300374	-77.16012422
7.67032974	-77.04354424
7.67765575	-78.90107857
7.68498176	-90.24309363
7.69230777	-75.98267048
7.69963377	-76.68805199
7.70695978	-83.22734154
7.71428579	-87.12999185
7.72161179	-84.65576273
7.72893780	-80.09107222
7.73626381	-81.46322996
7.74358982	-78.89099025
7.75091582	-81.38910766
7.75824183	-81.44938268
7.76556784	-75.69091299
7.77289385	-76.96451088
7.78021985	-79.85950289
7.78754586	-81.95540031
7.79487187	-84.24808174
7.80219788	-86.43592836
7.80952388	-83.11068329
7.81684989	-78.95820443
7.82417590	-86.47458720
7.83150191	-81.44100316
7.83882791	-79.29825662
7.84615392	-78.68064871
7.85347993	-81.88028452
7.86080594	-83.47154492
7.86813194	-86.39218414
7.87545795	-104.26998602
7.88278396	-88.12480558
7.89010996	-90.59754980
7.89743597	-77.30128249
7.90476198	-76.08701071
7.91208799	-87.83815435
7.91941399	-84.12429532
7.92674000	-86.56270107
7.93406601	-96.29599056
7.94139202	-86.06876301
7.94871802	-81.23816414
7.95604403	-76.58883960
7.96337004	-77.04683187
7.97069605	-83.51467398
7.97802205	-75.80409793
7.98534806	-76.99877934
7.99267407	-77.97047593
8.00000008	-74.39233631
8.00732608	-75.97065075
8.01465209	-76.05946312
8.02197810	-75.95182116
8.02930411	-76.26818689
8.03663011	-92.04187518
8.04395612	-75.12169321
8.05128213	-78.60849644
8.05860813	-83.84635737
8.06593414	-82.52304687
8.07326015	-83.65981115
8.08058616	-78.86857526
8.08791216	-78.27274687
8.09523817	-82.52128757
8.10256418	-87.88466236
8.10989019	-78.95465094
8.11721619	-75.35506861
8.12454220	-76.39988779
8.13186821	-83.41525508
8.13919422	-73.19286686
8.14652022	-72.32813053
8.15384623	-77.18857628
8.16117224	-81.68089352
8.16849825	-76.97784680
8.17582425	-71.77998847
8.18315026	-72.94616547
8.19047627	-80.23687637
8.19780228	-80.64065916
8.20512828	-76.80080098
8.21245429	-78.75231021
8.21978030	-83.44696733
8.22710630	-72.68423948
8.23443231	-73.62786507
8.24175832	-76.79799395
8.24908433	-71.48372976
8.25641033	-72.52888008
8.26373634	-83.29276064
8.27106235	-87.42090770
8.27838836	-100.23676551
8.28571436	-78.86794974
8.29304037	-80.19708664
8.30036638	-82.26422671
8.30769239	-73.82697073
8.31501839	-74.91165875
8.32234440	-81.71672656
8.32967041	-89.75481571
8.33699642	-85.97847288
8.34432242	-78.70950712
8.35164843	-79.11502466
8.35897444	-80.24161508
8.36630045	-73.25671213
8.37362645	-76.25772389
8.38095246	-85.37024250
8.38827847	-80.04230060
8.39560448	-85.83256066
8.40293048	-85.14014202
8.41025649	-82.39639237
8.41758250	-86.10590638
8.42490850	-88.34242729
8.43223451	-85.79076617
8.43956052	-82.87611798
8.44688653	-80.07086223
8.45421253	-78.39353182
8.46153854	-83.61450561
8.46886455	-76.70937554
8.47619056	-74.16264237
8.48351656	-75.72422881
8.49084257	-78.32973883
8.49816858	-78.38445715
8.50549459	-81.10125543
8.51282059	-80.28841578
8.52014660	-78.82849736
8.52747261	-83.61310806
8.53479862	-76.01890939
8.54212462	-79.64971875
8.54945063	-86.70430927
8.55677664	-80.14110004
8.56410265	-81.36208192
8.57142865	-77.24563475
8.57875466	-73.90095586
8.58608067	-79.61393613
8.59340667	-79.38247133
8.60073268	-74.86469229
8.60805869	-88.29008597
8.61538470	-75.67170329
8.62271070	-75.33267931
8.63003671	-90.04682093
8.63736272	-75.80431019
8.64468873	-74.38875385
8.65201473	-82.93441683
8.65934074	-74.57448551
8.66666675	-87.54639517
8.67399276	-75.04171073
8.68131876	-80.15315305
8.68864477	-78.51805214
8.69597078	-81.64126682
8.70329679	-79.16070476
8.71062279	-81.00474558
8.71794880	-80.89438467
8.72527481	-79.98485395
8.73260082	-83.38152481
8.73992682	-73.93120820
8.74725283	-74.34411152
8.75457884	-81.49297738
8.76190484	-80.08643198
8.76923085	-75.46807825
8.77655686	-77.36215601
8.78388287	-86.58212204
8.79120887	-87.82685099
8.79853488	-104.50306222
8.80586089	-85.79063216
8.81318690	-80.07894638
8.82051290	-80.61974243
8.82783891	-84.01927367
8.83516492	-81.62394226
8.84249093	-81.64408473
8.84981693	-82.79968171
8.85714294	-73.59314304
8.86446895	-78.83933212
8.87179496	-76.66205418
8.87912096	-74.99036583
8.88644697	-87.95707635
8.89377298	-78.06959611
8.90109899	-83.65425869
8.90842499	-91.40121010
8.91575100	-86.13840856
8.92307701	-84.31221752
8.93040301	-84.30999441
8.93772902	-94.10172327
8.94505503	-84.94018642
8.95238104	-91.16697784
8.95970704	-88.74318007
8.96703305	-82.96243778
8.97435906	-78.51056392
8.98168507	-83.60971635
8.98901107	-80.33345511
8.99633708	-76.92709777
9.00366309	-79.70034628
9.01098910	-79.31429070
9.01831510	-76.45296632
9.02564111	-74.76806465
9.03296712	-75.60890048
9.04029313	-74.32663798
9.04761913	-77.22125132
9.05494514	-83.57414296
9.06227115	-77.77828543
9.06959716	-77.40366434
9.07692316	-82.55905897
9.08424917	-79.27580229
9.09157518	-74.99371659
9.09890118	-77.23798079
9.10622719	-80.51156261
9.11355320	-81.20631453
9.12087921	-87.55175523
9.12820521	-86.76452327
9.13553122	-81.17097590
9.14285723	-75.68243190
9.15018324	-76.33795913
9.15750924	-78.94957651
9.16483525	-81.66456788
9.17216126	-79.49129102
9.17948727	-83.52389379
9.18681327	-85.14125204
9.19413928	-82.77324029
9.20146529	-81.48310145
9.20879130	-78.83277518
9.21611730	-81.67943599
9.22344331	-85.00671868
9.23076932	-76.76341486
9.23809533	-80.74279397
9.24542133	-75.45893205
9.25274734	-73.69979404
9.26007335	-81.77284876
9.26739936	-86.87064934
9.27472536	-80.91064172
9.28205137	-78.98630915
9.28937738	-90.36349619
9.29670338	-79.86623282
9.30402939	-77.22710823
9.31135540	-79.25115733
9.31868141	-82.64241152
9.32600741	-78.95612681
9.33333342	-84.01585789
9.34065943	-79.78392777
9.34798544	-79.87232655
9.35531144	-74.37700581
9.36263745	-73.09546916
9.36996346	-76.62047615
9.37728947	-75.06241811
9.38461547	-75.42755151
9.39194148	-78.34622709
9.39926749	-78.54240013
9.40659350	-90.91662734
9.41391950	-77.26871491
9.42124551	-82.58758980
9.42857152	-76.30637559
9.43589753	-79.06907340
9.44322353	-80.24287391
9.45054954	-73.40254275
9.45787555	-77.99131729
9.46520155	-86.23508728
9.47252756	-80.90781050
9.47985357	-93.30937653
9.48717958	-80.59798125
9.49450558	-91.10478162
9.50183159	-79.46834488
9.50915760	-79.81748702
9.51648361	-88.88258851
9.52380961	-79.28605824
9.53113562	-78.29011908
9.53846163	-78.29476552
9.54578764	-81.39677594
9.55311364	-83.06282556
9.56043965	-80.40793598
9.56776566	-81.35143464
9.57509167	-84.26333907
9.58241767	-75.70004165
9.58974368	-74.15706196
9.59706969	-79.67226879
9.60439570	-81.90380234
9.61172170	-86.40128530
9.61904771	-85.58011554
9.62637372	-78.33609940
9.63369972	-75.42720819
9.64102573	-74.41475030
9.64835174	-76.31035124
9.65567775	-81.00084820
9.66300375	-84.97220845
9.67032976	-105.43474150
9.67765577	-82.25837842
9.68498178	-80.31754104
9.69230778	-89.19097982
9.69963379	-81.78820264
9.70695980	-73.73068977
9.71428581	-73.61835369
9.72161181	-98.92771069
9.72893782	-74.05341970
9.73626383	-75.79619395
9.74358984	-80.99327074
9.75091584	-74.49317768
9.75824185	-86.99901155
9.76556786	-77.21959897
9.77289387	-74.92530332
9.78021987	-76.54161448
9.78754588	-83.05955684
9.79487189	-112.85703353
9.80219789	-77.34275006
9.80952390	-73.10726142
9.81684991	-83.56467799
9.82417592	-76.20248478
9.83150192	-76.42952204
9.83882793	-83.66102485
9.84615394	-74.95649457
9.85347995	-75.64813256
9.86080595	-80.83190820
9.86813196	-108.10509381
9.87545797	-84.41930164
9.88278398	-85.69453741
9.89010998	-99.25328109
9.89743599	-84.60579209
9.90476200	-78.99107063
9.91208801	-84.84474216
9.91941401	-74.08623146
9.92674002	-71.27723598
9.93406603	-77.82115188
9.94139204	-87.96150715
9.94871804	-84.08286158
9.95604405	-86.34754405
9.96337006	-77.55545201
9.97069607	-76.34383661
9.97802207	-80.59455450
9.98534808	-87.42238057
9.99267409	-82.78567430
10.00000009	-76.18442766
10.00732610	-75.37264077
10.01465211	-76.01731317
10.02197812	-86.03630988
10.02930412	-76.42932207
10.03663013	-74.78352719
10.04395614	-74.89530812
10.05128215	-76.83227117
10.05860815	-81.30934194
10.06593416	-82.33594613
10.07326017	-77.21816721
10.08058618	-75.15446815
10.08791218	-82.60416098
10.09523819	-77.61992337
10.10256420	-75.97318513
10.10989021	-78.69923327
10.11721621	-80.97920647
10.12454222	-73.99230372
10.13186823	-76.49231362
10.13919424	-76.33694619
10.14652024	-75.30454946
10.15384625	-75.67918858
10.16117226	-76.33595008
10.16849826	-72.38926218
10.17582427	-75.99490459
10.18315028	-78.59033199
10.19047629	-78.66287206
10.19780229	-87.00502453
10.20512830	-90.17529615
10.21245431	-78.24597425
10.21978032	-77.54694178
10.22710632	-86.84216399
10.23443233	-85.74946527
10.24175834	-85.68350092
10.24908435	-82.06971412
10.25641035	-86.70327399
10.26373636	-93.44317660
10.27106237	-78.86160892
10.27838838	-77.81545992
10.28571438	-79.24463628
10.29304039	-75.52472534
10.30036640	-74.46395514
10.30769241	-88.75996374
10.31501841	-76.62204157
10.32234442	-74.35471004
10.32967043	-73.80670317
10.33699643	-80.10571857
10.34432244	-75.48853943
10.35164845	-74.83515656
10.35897446	-105.65192972
10.36630046	-80.23769769
10.37362647	-104.43087381
10.38095248	-79.47415668
10.38827849	-80.23922040
10.39560449	-93.29696572
10.40293050	-79.51843829
10.41025651	-77.97222878
10.41758252	-85.89809621
10.42490852	-86.93443494
10.43223453	-84.67127904
10.43956054	-78.29779072
10.44688655	-81.57678717
10.45421255	-90.31330176
10.46153856	-81.09114511
10.46886457	-79.56657157
10.47619058	-74.51193652
10.48351658	-83.97469331
10.49084259	-74.61308963
10.49816860	-71.71841204
10.50549460	-74.74292707
10.51282061	-75.08531909
10.52014662	-77.10044636
10.52747263	-81.02171728
10.53479863	-74.98133627
10.54212464	-71.21015202
10.54945065	-72.49398841
10.55677666	-79.76236650
10.56410266	-83.36375097
10.57142867	-79.25239819
10.57875468	-83.01444564
10.58608069	-91.30607027
10.59340669	-98.90999352
10.60073270	-91.52635697
10.60805871	-79.91204991
10.61538472	-74.92671919
10.62271072	-74.61018620
10.63003673	-76.92138284
10.63736274	-78.27374882
10.64468875	-79.15835695
10.65201475	-78.70228597
10.65934076	-87.04445443
10.66666677	-82.72648541
10.67399277	-79.65950802
10.68131878	-123.54068821
10.68864479	-77.23480124
10.69597080	-73.27146875
10.70329680	-74.42675946
10.71062281	-77.74304471
10.71794882	-74.16251316
10.72527483	-74.51362296
10.73260083	-75.25349832
10.73992684	-81.78291611
10.74725285	-73.93934588
10.75457886	-74.90543805
10.76190486	-80.46249778
10.76923087	-86.23420448
10.77655688	-78.21033811
10.78388289	-76.64025778
10.79120889	-75.29064840
10.79853490	-73.83519616
10.80586091	-73.91575871
10.81318692	-75.40449704
10.82051292	-79.99244776
10.82783893	-95.64930386
10.83516494	-84.96803111
10.84249095	-80.83356261
10.84981695	-77.54711515
10.85714296	-79.11354307
10.86446897	-76.68908106
10.87179497	-76.59722679
10.87912098	-76.89303558
10.88644699	-74.90670947
10.89377300	-84.68275828
10.90109900	-77.71351102
10.90842501	-76.34846752
10.91575102	-98.72864316
10.92307703	-76.71492548
10.93040303	-76.97696868
10.93772904	-78.95286090
10.94505505	-75.68567921
10.95238106	-83.97230917
10.95970706	-81.08977331
10.96703307	-77.92914621
10.97435908	-76.39209541
10.98168509	-77.76773065
10.98901109	-88.32126443
10.99633710	-82.46944559
11.00366311	-80.28783259
11.01098912	-82.39488964
11.01831512	-74.54197707
11.02564113	-74.64032257
11.03296714	-80.17471867
11.04029314	-85.62478401
11.04761915	-92.89329596
11.05494516	-82.72189916
11.06227117	-76.77006964
11.06959717	-75.32781254
11.07692318	-78.61396954
11.08424919	-84.09814237
11.09157520	-77.21585295
11.09890120	-77.26801341
11.10622721	-76.71346115
11.11355322	-81.16942593
11.12087923	-76.69278287
11.12820523	-74.20558663
11.13553124	-90.95133454
11.14285725	-76.16737750
11.15018326	-82.52514231
11.15750926	-77.91111164
11.16483527	-73.99419954
11.17216128	-76.32492795
11.17948729	-78.35094448
11.18681329	-73.77428095
11.19413930	-78.93927835
11.20146531	-78.80001833
11.20879131	-73.42336562
11.21611732	-76.14229133
11.22344333	-85.96557311
11.23076934	-82.16401335
11.23809534	-81.27720457
11.24542135	-87.46166541
11.25274736	-84.51962860
11.26007337	-85.64785020
11.26739937	-88.45573645
11.27472538	-80.55922044
11.28205139	-78.24130400
11.28937740	-80.09617542
11.29670340	-79.46247224
11.30402941	-79.61634836
11.31135542	-81.68161311
11.31868143	-79.92453027
11.32600743	-74.93834526
11.33333344	-75.88911712
11.34065945	-76.61681374
11.34798546	-76.65844014
11.35531146	-79.64043093
11.36263747	-82.89457270
11.36996348	-91.15549057
11.37728948	-99.06181779
11.38461549	-89.16259510
11.39194150	-81.79536876
11.39926751	-88.67587956
11.40659351	-75.65422777
11.41391952	-71.25108336
11.42124553	-76.38450235
11.42857154	-89.15079482
11.43589754	-84.50494575
11.44322355	-85.67527701
11.45054956	-83.25243685
11.45787557	-82.56719964
11.46520157	-75.06121552
11.47252758	-72.10083947
11.47985359	-82.08344202
11.48717960	-76.37653297
11.49450560	-75.10154084
11.50183161	-77.36567991
11.50915762	-82.72750718
11.51648363	-76.57752809
11.52380963	-78.44685193
11.53113564	-87.06164280
11.53846165	-84.97492551
11.54578765	-87.10065125
11.55311366	-90.33265120
11.56043967	-88.67237525
11.56776568	-82.31929365
11.57509168	-84.68167802
11.58241769	-90.83594622
11.58974370	-84.68530091
11.59706971	-82.69185535
11.60439571	-79.97130074
11.61172172	-77.11104169
11.61904773	-74.83174760
11.62637374	-77.69945732
11.63369974	-87.56310967
11.64102575	-73.34239419
11.64835176	-77.21667750
11.65567777	-76.36698301
11.66300377	-70.14770133
11.67032978	-73.29222718
11.67765579	-78.09293786
11.68498180	-79.74505966
11.69230780	-82.30536249
11.69963381	-81.39478963
11.70695982	-76.61921081
11.71428583	-75.34576011
11.72161183	-85.37356725
11.72893784	-75.56990280
11.73626385	-77.68718688
11.74358985	-76.30657300
11.75091586	-72.22201074
11.75824187	-75.31297813
11.76556788	-78.93186504
11.77289388	-81.55001894
11.78021989	-82.84785604
11.78754590	-77.53771961
11.79487191	-76.00350016
11.80219791	-79.19153614
11.80952392	-81.89326339
11.81684993	-81.53049178
11.82417594	-97.83526892
11.83150194	-76.15801515
11.83882795	-73.11922782
11.84615396	-82.02828671
11.85347997	-80.43286456
11.86080597	-83.55438163
11.86813198	-75.12699256
11.87545799	-77.15240904
11.88278400	-79.87786593
11.89011000	-73.77107215
11.89743601	-81.47657284
11.90476202	-92.84848772
11.91208802	-83.86290302
11.91941403	-76.93667135
11.92674004	-77.38132654
11.93406605	-82.66349973
11.94139205	-77.04238602
11.94871806	-85.80547991
11.95604407	-78.06412345
11.96337008	-81.38066081
11.97069608	-74.99403789
11.97802209	-74.93602878
11.98534810	-77.44438497
11.99267411	-70.83733963
12.00000011	-74.75679096
12.00732612	-75.33093603
12.01465213	-79.64522488
12.02197814	-80.39933602
12.02930414	-79.17946825
12.03663015	-81.28901104
12.04395616	-89.97664979
12.05128217	-82.59997973
12.05860817	-84.73919360
12.06593418	-78.58906947
12.07326019	-78.90334541
12.08058619	-95.13721552
12.08791220	-91.93131723
12.09523821	-83.33674594
12.10256422	-76.13171155
12.10989022	-75.56985821
12.11721623	-73.99824881
12.12454224	-72.31588894
12.13186825	-73.12668902
12.13919425	-80.81304912
12.14652026	-85.14485479
12.15384627	-90.48057171
12.16117228	-82.76967182
12.16849828	-77.67597666
12.17582429	-72.85647824
12.18315030	-76.18391263
12.19047631	-83.73183854
12.19780231	-79.18455736
12.20512832	-80.56599177
12.21245433	-80.37177277
12.21978034	-87.01599144
12.22710634	-78.89928943
12.23443235	-92.44576065
12.24175836	-83.56001191
12.24908436	-83.28105169
12.25641037	-81.97030859
12.26373638	-83.10683546
12.27106239	-79.79220201
12.27838839	-76.44310024
12.28571440	-77.46810127
12.29304041	-85.74517081
12.30036642	-90.30936363
12.30769242	-77.39212811
12.31501843	-73.03406658
12.32234444	-75.99294264
12.32967045	-82.16413995
12.33699645	-75.69576595
12.34432246	-80.77798270
12.35164847	-80.40326332
12.35897448	-74.85347627
12.36630048	-79.32622690
12.37362649	-86.28013608
12.38095250	-84.15821055
12.38827851	-98.55198163
12.39560451	-94.59342100
12.40293052	-84.40297637
12.41025653	-77.64512140
12.41758254	-78.84436350
12.42490854	-80.04352892
12.43223455	-77.54474534
12.43956056	-85.16517330
12.44688656	-78.17324693
12.45421257	-78.36356350
12.46153858	-81.94062022
12.46886459	-76.99968425
12.47619059	-76.45430156
12.48351660	-78.39729274
12.49084261	-81.17495887
12.49816862	-80.92710158
12.50549462	-73.31432197
12.51282063	-71.45760670
12.52014664	-75.20060195
12.52747265	-91.42799639
12.53479865	-75.13064722
12.54212466	-76.93028947
12.54945067	-98.54237388
12.55677668	-79.94919898
12.56410268	-81.59399857
12.57142869	-78.91710060
12.57875470	-75.48019189
12.58608071	-81.90423387
12.59340671	-82.56356266
12.60073272	-84.15157043
12.60805873	-91.12283111
12.61538473	-83.91097828
12.62271074	-85.06154550
12.63003675	-83.42625994
12.63736276	-80.81716735
12.64468876	-89.54174172
12.65201477	-81.24733990
12.65934078	-79.14200123
12.66666679	-84.93294575
12.67399279	-86.55653663
12.68131880	-84.30164555
12.68864481	-78.39915631
12.69597082	-74.53409820
12.70329682	-78.11038303
12.71062283	-74.27714043
12.71794884	-74.58501118
12.72527485	-85.12844330
12.73260085	-74.48605141
12.73992686	-76.65282476
12.74725287	-84.82624162
12.75457888	-83.10942240
12.76190488	-77.14951425
12.76923089	-77.08367325
12.77655690	-81.40418170
12.78388290	-90.91411738
12.79120891	-87.89435943
12.79853492	-78.47879464
12.80586093	-74.89227677
12.81318693	-83.04551635
12.82051294	-76.79823190
12.82783895	-72.84273637
12.83516496	-72.41600316
12.84249096	-73.80792152
12.84981697	-74.11321222
12.85714298	-72.02352138
12.86446899	-76.05122957
12.87179499	-87.08753737
12.87912100	-82.96121425
12.88644701	-79.94056171
12.89377302	-73.92274770
12.90109902	-75.00410173
12.90842503	-81.34346267
12.91575104	-75.63287274
12.92307705	-86.09776885
12.93040305	-71.98082315
12.93772906	-75.71467566
12.94505507	-77.40929948
12.95238107	-76.12235050
12.95970708	-81.53660358
12.96703309	-78.27933151
12.97435910	-75.37179027
12.98168510	-79.75035086
12.98901111	-77.18415015
12.99633712	-87.86840053
13.00366313	-73.51002511
13.01098913	-73.10125039
13.01831514	-77.84628969
13.02564115	-81.64650492
13.03296716	-70.89728103
13.04029316	-71.73790570
13.04761917	-81.57373108
13.05494518	-79.68310735
13.06227119	-75.62053420
13.06959719	-81.81244094
13.07692320	-79.26403772
13.08424921	-80.11796537
13.09157522	-91.28042897
13.09890122	-79.90232906
13.10622723	-85.35197415
13.11355324	-79.51161276
13.12087924	-79.64594201
13.12820525	-85.80147798
13.13553126	-82.75887148
13.14285727	-92.68881809
13.15018327	-90.36458388
13.15750928	-90.37216609
13.16483529	-90.56179547
13.17216130	-78.96140140
13.17948730	-76.53097273
13.18681331	-83.93121391
13.19413932	-88.93551909
13.20146533	-97.57015809
13.20879133	-77.54456086
13.21611734	-75.39844823
13.22344335	-73.44517915
13.23076936	-79.73774611
13.23809536	-74.45697034
13.24542137	-71.40180594
13.25274738	-83.32733835
13.26007339	-74.59901035
13.26739939	-76.08409108
13.27472540	-81.53204213
13.28205141	-81.10321332
13.28937742	-77.76607381
13.29670342	-80.81749181
13.30402943	-89.59470643
13.31135544	-84.34479097
13.31868144	-79.90368070
13.32600745	-86.35449327
13.33333346	-76.88537557
13.34065947	-75.45684055
13.34798547	-77.30931268
13.35531148	-88.59256839
13.36263749	-77.20912108
13.36996350	-81.38456786
13.37728950	-80.20213623
13.38461551	-80.62376120
13.39194152	-101.00326274
13.39926753	-92.02694202
13.40659353	-76.96778685
13.41391954	-77.35452431
13.42124555	-79.09535442
13.42857156	-76.33325793
13.43589756	-73.21010751
13.44322357	-72.60725082
13.45054958	-73.07586624
13.45787559	-76.11947966
13.46520159	-86.42231634
13.47252760	-84.12669751
13.47985361	-79.03230943
13.48717961	-75.86648668
13.49450562	-102.81490165
13.50183163	-77.32655047
13.50915764	-78.26292349
13.51648364	-79.07657625
13.52380965	-88.65828885
13.53113566	-81.36330480
13.53846167	-79.02100806
13.54578767	-78.90997189
13.55311368	-78.46289532
13.56043969	-73.11184499
13.56776570	-73.62634931
13.57509170	-75.25964754
13.58241771	-75.80378136
13.58974372	-76.32452017
13.59706973	-85.15315505
13.60439573	-81.82284539
13.61172174	-79.76739046
13.61904775	-78.03088230
13.62637376	-80.98719088
13.63369976	-82.08343525
13.64102577	-76.85914840
13.64835178	-79.94375576
13.65567778	-78.19303186
13.66300379	-81.39752198
13.67032980	-81.93158709
13.67765581	-77.82157602
13.68498181	-84.37935184
13.69230782	-88.79254099
13.69963383	-92.47498389
13.70695984	-76.95982276
13.71428584	-77.00189084
13.72161185	-81.86097534
13.72893786	-79.30954475
13.73626387	-76.67952345
13.74358987	-82.80489226
13.75091588	-86.47650537
13.75824189	-86.14347898
13.76556790	-85.19001321
13.77289390	-77.65076337
13.78021991	-72.93378018
13.78754592	-73.94799063
13.79487193	-78.13904836
13.80219793	-78.85706409
13.80952394	-77.94252335
13.81684995	-79.12643338
13.82417595	-80.15507700
13.83150196	-80.56118528
13.83882797	-99.05863541
13.84615398	-78.86595040
13.85347998	-75.90001084
13.86080599	-81.98254400
13.86813200	-82.13058143
13.87545801	-78.56945156
13.88278401	-90.05279919
13.89011002	-84.67827929
13.89743603	-91.19934371
13.90476204	-89.23815415
13.91208804	-93.19126635
13.91941405	-96.50278043
13.92674006	-85.01099084
13.93406607	-80.25467693
13.94139207	-83.03277187
13.94871808	-85.41383945
13.95604409	-90.92585591
13.96337010	-83.96273310
13.97069610	-80.93465270
13.97802211	-78.87379604
13.98534812	-87.25768426
13.99267413	-87.42271249
14.00000013	-97.55145191
14.00732614	-83.05622728
14.01465215	-83.61950155
14.02197815	-90.21041453
14.02930416	-88.36430784
14.03663017	-83.33403908
14.04395618	-83.44228677
14.05128218	-95.16681151
14.05860819	-78.32996373
14.06593420	-74.16145662
14.07326021	-83.05359230
14.08058621	-73.43673689
14.08791222	-74.20911844
14.09523823	-81.98675747
14.10256424	-78.50755882
14.10989024	-93.52657361
14.11721625	-93.42392806
14.12454226	-79.20603352
14.13186827	-78.42146651
14.13919427	-79.99561873
14.14652028	-72.76670946
14.15384629	-74.83107301
14.16117230	-78.81724252
14.16849830	-74.12963041
14.17582431	-76.30955278
14.18315032	-78.78516600
14.19047632	-84.72537256
14.19780233	-78.75509649
14.20512834	-74.80870700
14.21245435	-84.26369822
14.21978035	-80.31630430
14.22710636	-82.79859905
14.23443237	-82.13048172
14.24175838	-79.35446109
14.24908438	-87.59717115
14.25641039	-107.49309507
14.26373640	-82.49943036
14.27106241	-76.63189963
14.27838841	-77.76898517
14.28571442	-84.29703209
14.29304043	-91.00483882
14.30036644	-82.28884276
14.30769244	-80.89443202
14.31501845	-83.01016515
14.32234446	-85.04865016
14.32967047	-76.07423831
14.33699647	-75.36757513
14.34432248	-74.74007894
14.35164849	-79.45868022
14.35897449	-83.79951302
14.36630050	-79.23711994
14.37362651	-85.90858596
14.38095252	-77.83015325
14.38827852	-72.50101810
14.39560453	-74.05503087
14.40293054	-93.12298269
14.41025655	-77.97401314
14.41758255	-78.18925503
14.42490856	-83.30961226
14.43223457	-90.83547932
14.43956058	-81.43956401
14.44688658	-80.81141875
14.45421259	-86.54320051
14.46153860	-77.35888420
14.46886461	-73.47822165
14.47619061	-73.81314125
14.48351662	-77.65573557
14.49084263	-77.99059437
14.49816864	-80.23749118
14.50549464	-80.79736263
14.51282065	-72.92291290
14.52014666	-76.16871988
14.52747266	-86.89570692
14.53479867	-79.33275906
14.54212468	-76.05776795
14.54945069	-72.20331702
14.55677669	-77.63881058
14.56410270	-81.87553353
14.57142871	-76.00632098
14.57875472	-79.19726986
14.58608072	-85.32355891
14.59340673	-83.50843392
14.60073274	-80.78941810
14.60805875	-89.53168078
14.61538475	-84.54279705
14.62271076	-88.61349689
14.63003677	-75.59341336
14.63736278	-73.90236376
14.64468878	-78.09963066
14.65201479	-76.28234734
14.65934080	-81.45165833
14.66666681	-80.54532535
14.67399281	-82.39926509
14.68131882	-84.10322084
14.68864483	-83.23833868
14.69597083	-86.30827365
14.70329684	-73.99682935
14.71062285	-74.31667442
14.71794886	-96.31895305
14.72527486	-80.99134470
14.73260087	-93.17105925
14.73992688	-76.24989653
14.74725289	-76.92938802
14.75457889	-82.36308057
14.76190490	-85.03055380
14.76923091	-88.70578522
14.77655692	-83.73537072
14.78388292	-79.97887366
14.79120893	-80.07520480
14.79853494	-82.18264484
14.80586095	-76.24365689
14.81318695	-77.06473656
14.82051296	-87.93412361
14.82783897	-80.28421645
14.83516498	-77.40851673
14.84249098	-72.06520035
14.84981699	-74.64049320
14.85714300	-81.40588759
14.86446901	-80.48376543
14.87179501	-77.75737608
14.87912102	-73.68338673
14.88644703	-74.78844887
14.89377303	-74.99347060
14.90109904	-77.30833199
14.90842505	-86.48732890
14.91575106	-85.33684699
14.92307706	-75.41120308
14.93040307	-74.01515912
14.93772908	-79.85994931
14.94505509	-87.02528413
14.95238109	-85.52525624
14.95970710	-75.65177867
14.96703311	-72.11380357
14.97435912	-71.89358996
14.98168512	-72.04405830
14.98901113	-77.88296127
14.99633714	-83.67688786
