# Menlo Systems GmbH ScanControl
# Program Version 1.3.3
# Start: -65.00000000 ps, Average over 1000 waveforms. Timestamp: 2020-07-03T09:38:44
# Window type: Tukey, parameters: alpha = 0.2
# User time axis shift: 0 ps
# Frequency [THz]	THz Signal [a.u.]
0.00000000	-46.68588540
0.00732601	-25.84062169
0.01465201	-18.18467353
0.02197802	-17.19930611
0.02930403	-24.82168217
0.03663004	-20.90157079
0.04395604	-13.81627363
0.05128205	-10.07539594
0.05860806	-11.02483977
0.06593407	-11.43326061
0.07326007	-6.69770749
0.08058608	-8.50123270
0.08791209	-18.05958492
0.09523810	-6.40184242
0.10256410	-5.50779854
0.10989011	-10.39677288
0.11721612	-8.18922057
0.12454213	-5.58343902
0.13186813	-8.06539151
0.13919414	-10.02727144
0.14652015	-6.27647023
0.15384616	-6.44581134
0.16117216	-7.39768566
0.16849817	-4.19772163
0.17582418	-4.00261983
0.18315018	-7.79457219
0.19047619	-5.08560376
0.19780220	-2.59150534
0.20512821	-4.19340148
0.21245421	-4.29451676
0.21978022	-1.45473723
0.22710623	-1.30405034
0.23443224	-2.53248153
0.24175824	-1.13718797
0.24908425	-0.54449005
0.25641026	-2.05454872
0.26373627	-1.27622408
0.27106227	0.00000000
0.27838828	-0.70522782
0.28571429	-0.98887671
0.29304030	-0.14016221
0.30036630	-0.23679941
0.30769231	-0.94757967
0.31501832	-0.80270459
0.32234433	-0.46050040
0.32967033	-0.90683270
0.33699634	-1.47224363
0.34432235	-1.75315210
0.35164835	-2.26257392
0.35897436	-2.62268596
0.36630037	-2.76147775
0.37362638	-3.43577280
0.38095238	-4.22264559
0.38827839	-4.21014022
0.39560440	-4.53117955
0.40293041	-5.63040993
0.41025641	-5.96099779
0.41758242	-5.91740423
0.42490843	-6.50090315
0.43223444	-7.12464538
0.43956044	-7.59079828
0.44688645	-7.87335746
0.45421246	-8.23828210
0.46153847	-8.78268052
0.46886447	-9.05039526
0.47619048	-9.40296278
0.48351649	-9.68546920
0.49084249	-10.06764186
0.49816850	-10.73782143
0.50549451	-10.64684132
0.51282052	-10.70674667
0.52014652	-11.04770447
0.52747253	-11.14713472
0.53479854	-11.56201542
0.54212455	-11.69739183
0.54945055	-13.63669855
0.55677656	-20.23797492
0.56410257	-15.32031554
0.57142858	-12.37120566
0.57875458	-12.69693552
0.58608059	-12.85253603
0.59340660	-12.81823280
0.60073261	-13.11220677
0.60805861	-13.09720294
0.61538462	-13.56492293
0.62271063	-14.26056504
0.63003664	-14.23120932
0.63736264	-14.26803599
0.64468865	-14.70039878
0.65201466	-14.86029888
0.65934066	-15.21093339
0.66666667	-16.04444062
0.67399268	-16.36927545
0.68131869	-16.48710667
0.68864469	-17.00747229
0.69597070	-17.65844177
0.70329671	-18.41726553
0.71062272	-19.01679620
0.71794872	-19.44264436
0.72527473	-20.11731657
0.73260074	-20.56397158
0.73992675	-21.29509102
0.74725275	-24.48047248
0.75457876	-27.47957759
0.76190477	-24.00391423
0.76923078	-23.18328229
0.77655678	-23.86151657
0.78388279	-24.10633221
0.79120880	-24.59560229
0.79853481	-25.04122300
0.80586081	-25.74249892
0.81318682	-26.37278857
0.82051283	-26.67021732
0.82783883	-27.48781351
0.83516484	-27.61922207
0.84249085	-27.81564348
0.84981686	-28.56079520
0.85714286	-28.91747262
0.86446887	-29.60434088
0.87179488	-29.93652430
0.87912089	-29.80404528
0.88644689	-30.07527968
0.89377290	-30.49155271
0.90109891	-31.08014529
0.90842492	-31.54764065
0.91575092	-31.82312186
0.92307693	-32.05165367
0.93040294	-32.04041797
0.93772895	-32.37470807
0.94505495	-33.22646061
0.95238096	-33.71382797
0.95970697	-34.15103936
0.96703298	-34.79334084
0.97435898	-35.10595365
0.98168499	-37.03921943
0.98901100	-40.25559272
0.99633700	-38.05337201
1.00366301	-36.90169548
1.01098902	-37.58951937
1.01831503	-38.15169878
1.02564103	-38.87716366
1.03296704	-39.24163003
1.04029305	-39.23612023
1.04761906	-39.92150071
1.05494506	-40.74569217
1.06227107	-41.44357383
1.06959708	-42.47681134
1.07692309	-43.20470138
1.08424909	-44.36425026
1.09157510	-49.19798516
1.09890111	-62.68206949
1.10622712	-54.11328692
1.11355312	-57.40108800
1.12087913	-50.67265659
1.12820514	-47.64290326
1.13553114	-48.61979338
1.14285715	-49.99646384
1.15018316	-52.89467555
1.15750917	-61.05349896
1.16483517	-85.10654412
1.17216118	-59.32332453
1.17948719	-53.77770097
1.18681320	-53.37192409
1.19413920	-53.28592404
1.20146521	-53.97909395
1.20879122	-62.62840997
1.21611723	-57.91673014
1.22344323	-57.20997781
1.23076924	-65.22941289
1.23809525	-57.04820276
1.24542126	-55.95063360
1.25274726	-56.41520227
1.26007327	-54.91717816
1.26739928	-56.04998806
1.27472529	-57.60114012
1.28205129	-57.47415979
1.28937730	-58.32415179
1.29670331	-59.17402211
1.30402931	-61.45092108
1.31135532	-63.45014131
1.31868133	-63.04771523
1.32600734	-64.26620929
1.33333334	-63.15843546
1.34065935	-61.45543080
1.34798536	-63.69430609
1.35531137	-67.79161793
1.36263737	-67.03374144
1.36996338	-67.69574462
1.37728939	-68.25910257
1.38461540	-68.93263412
1.39194140	-71.31529776
1.39926741	-68.36401745
1.40659342	-69.81439319
1.41391943	-79.48454948
1.42124543	-68.55309468
1.42857144	-69.23817493
1.43589745	-74.13240143
1.44322346	-74.27460452
1.45054946	-74.22077618
1.45787547	-74.23270752
1.46520148	-75.07418253
1.47252748	-78.00516898
1.47985349	-85.95227816
1.48717950	-73.20744857
1.49450551	-70.47779853
1.50183151	-70.37865108
1.50915752	-69.51636140
1.51648353	-72.73589201
1.52380954	-78.97074599
1.53113554	-67.22327475
1.53846155	-67.81651999
1.54578756	-79.64220542
1.55311357	-80.91665982
1.56043957	-107.51066267
1.56776558	-77.72023075
1.57509159	-78.18003963
1.58241760	-80.53812031
1.58974360	-76.37274056
1.59706961	-76.38025996
1.60439562	-77.82869135
1.61172163	-76.14364552
1.61904763	-74.12069764
1.62637364	-74.44504628
1.63369965	-76.30815778
1.64102565	-75.91874522
1.64835166	-76.65326645
1.65567767	-81.44315028
1.66300368	-86.18392761
1.67032968	-97.88707961
1.67765569	-85.37993623
1.68498170	-79.76249645
1.69230771	-71.97401519
1.69963371	-72.18932565
1.70695972	-75.83862253
1.71428573	-75.46505463
1.72161174	-78.98066482
1.72893774	-95.13003632
1.73626375	-78.06587513
1.74358976	-70.40547472
1.75091577	-70.45418436
1.75824177	-84.32948527
1.76556778	-75.29834909
1.77289379	-78.00443894
1.78021980	-76.36882009
1.78754580	-77.02199211
1.79487181	-71.15035027
1.80219782	-79.64813450
1.80952382	-74.15964817
1.81684983	-75.26213466
1.82417584	-70.75155641
1.83150185	-68.03366284
1.83882785	-74.94797855
1.84615386	-85.68532805
1.85347987	-77.19933095
1.86080588	-78.23072836
1.86813188	-77.66059862
1.87545789	-74.04974664
1.88278390	-79.02307469
1.89010991	-75.38190634
1.89743591	-80.05255145
1.90476192	-79.82743348
1.91208793	-75.29081502
1.91941394	-73.82918089
1.92673994	-75.06546828
1.93406595	-74.63408808
1.94139196	-74.51333207
1.94871796	-75.35528084
1.95604397	-74.69450422
1.96336998	-74.50131016
1.97069599	-71.14302554
1.97802199	-72.07557993
1.98534800	-79.84081248
1.99267401	-84.13685847
2.00000002	-75.33179191
2.00732602	-77.66284087
2.01465203	-82.69879259
2.02197804	-75.87730275
2.02930405	-77.19730709
2.03663005	-84.99527220
2.04395606	-84.40229885
2.05128207	-78.42504992
2.05860808	-77.94827520
2.06593408	-73.74691262
2.07326009	-74.01428751
2.08058610	-83.94780588
2.08791211	-78.38380912
2.09523811	-77.09626729
2.10256412	-82.12755899
2.10989013	-83.33240595
2.11721613	-85.12819789
2.12454214	-77.67041130
2.13186815	-77.05032240
2.13919416	-84.87804732
2.14652016	-94.43004512
2.15384617	-79.03545307
2.16117218	-74.88161979
2.16849819	-83.35031219
2.17582419	-76.14725232
2.18315020	-78.62848788
2.19047621	-73.19445179
2.19780222	-71.03935065
2.20512822	-81.35893555
2.21245423	-80.39214480
2.21978024	-80.35923046
2.22710625	-75.63515281
2.23443225	-84.41987208
2.24175826	-77.92614151
2.24908427	-73.54011611
2.25641028	-72.64223902
2.26373628	-73.22164053
2.27106229	-72.19470686
2.27838830	-73.23252873
2.28571430	-74.20042184
2.29304031	-74.61800549
2.30036632	-77.65757672
2.30769233	-79.67938108
2.31501833	-84.83006755
2.32234434	-86.57512004
2.32967035	-80.73835587
2.33699636	-76.24930156
2.34432236	-73.63530524
2.35164837	-77.07169244
2.35897438	-82.35860648
2.36630039	-76.68422703
2.37362639	-80.77507991
2.38095240	-91.43648086
2.38827841	-80.32459884
2.39560442	-77.99331901
2.40293042	-74.87090245
2.41025643	-71.92271370
2.41758244	-72.65556970
2.42490845	-73.97111110
2.43223445	-71.81956667
2.43956046	-70.82810051
2.44688647	-73.20452641
2.45421247	-75.24059176
2.46153848	-88.20912727
2.46886449	-72.34155883
2.47619050	-72.19905435
2.48351650	-79.12453285
2.49084251	-77.26822985
2.49816852	-79.38174366
2.50549453	-73.39730540
2.51282053	-78.07029002
2.52014654	-75.68979372
2.52747255	-71.48700636
2.53479856	-74.58271226
2.54212456	-79.80381741
2.54945057	-80.80734205
2.55677658	-77.76765154
2.56410259	-79.12212379
2.57142859	-83.91423338
2.57875460	-73.52309788
2.58608061	-74.81800074
2.59340662	-88.83239787
2.60073262	-78.08024665
2.60805863	-76.78848570
2.61538464	-79.99071429
2.62271064	-75.48174253
2.63003665	-88.24986942
2.63736266	-73.24004433
2.64468867	-73.77746831
2.65201467	-83.99399738
2.65934068	-75.45243999
2.66666669	-70.03124053
2.67399270	-71.86656147
2.68131870	-77.18379461
2.68864471	-75.93604684
2.69597072	-83.21847793
2.70329673	-77.00473251
2.71062273	-77.64221362
2.71794874	-83.42699487
2.72527475	-80.05092536
2.73260076	-85.89987633
2.73992676	-72.72327619
2.74725277	-72.26863113
2.75457878	-84.09847651
2.76190478	-88.60045751
2.76923079	-75.66341016
2.77655680	-75.31144926
2.78388281	-81.18965792
2.79120881	-77.13600156
2.79853482	-90.81432550
2.80586083	-87.15342825
2.81318684	-86.18234994
2.82051284	-77.69195113
2.82783885	-74.34135637
2.83516486	-76.54076311
2.84249087	-77.90997259
2.84981687	-73.57191128
2.85714288	-76.09737502
2.86446889	-89.10162096
2.87179490	-78.82378513
2.87912090	-79.97196688
2.88644691	-77.88029363
2.89377292	-73.24287049
2.90109893	-79.05332669
2.90842493	-81.82624295
2.91575094	-83.89972815
2.92307695	-85.01320004
2.93040295	-86.23027502
2.93772896	-77.83319762
2.94505497	-87.30757686
2.95238098	-79.91396253
2.95970698	-83.41877841
2.96703299	-74.98075462
2.97435900	-71.05451531
2.98168501	-72.58866470
2.98901101	-78.00599627
2.99633702	-87.58503864
3.00366303	-80.68002448
3.01098904	-85.82869734
3.01831504	-75.66612656
3.02564105	-72.88171906
3.03296706	-72.23425017
3.04029307	-70.32990412
3.04761907	-70.75326412
3.05494508	-73.44108887
3.06227109	-83.04790585
3.06959710	-91.99961534
3.07692310	-87.66292747
3.08424911	-78.13685060
3.09157512	-82.16398126
3.09890112	-78.16806646
3.10622713	-74.74126322
3.11355314	-83.77203433
3.12087915	-82.48038625
3.12820515	-78.07169996
3.13553116	-74.12737989
3.14285717	-78.68966877
3.15018318	-83.64805387
3.15750918	-86.20564767
3.16483519	-80.25357575
3.17216120	-79.49384505
3.17948721	-75.43969436
3.18681321	-78.85730145
3.19413922	-81.38918347
3.20146523	-77.83832119
3.20879124	-79.35109315
3.21611724	-76.47661528
3.22344325	-75.73492843
3.23076926	-72.42932459
3.23809527	-74.87812409
3.24542127	-83.14552689
3.25274728	-73.96274843
3.26007329	-80.52695773
3.26739929	-76.31890095
3.27472530	-83.49106545
3.28205131	-75.48359458
3.28937732	-74.33770060
3.29670332	-78.20542381
3.30402933	-74.62944622
3.31135534	-80.88662397
3.31868135	-75.91606541
3.32600735	-77.07380021
3.33333336	-84.22431799
3.34065937	-78.01839804
3.34798538	-81.94497682
3.35531138	-79.25535634
3.36263739	-82.52601762
3.36996340	-84.72722913
3.37728941	-78.29377054
3.38461541	-82.89619248
3.39194142	-79.14454079
3.39926743	-75.09783285
3.40659343	-75.34820792
3.41391944	-74.30597220
3.42124545	-76.42929198
3.42857146	-82.79263402
3.43589746	-80.34910504
3.44322347	-87.16418555
3.45054948	-81.33043990
3.45787549	-80.87349176
3.46520149	-80.51723091
3.47252750	-81.54967490
3.47985351	-87.19692176
3.48717952	-85.22962599
3.49450552	-83.71208359
3.50183153	-79.16855959
3.50915754	-81.73656144
3.51648355	-83.99245456
3.52380955	-77.47207083
3.53113556	-74.36285995
3.53846157	-78.49883413
3.54578758	-86.44186511
3.55311358	-78.76033868
3.56043959	-76.68886559
3.56776560	-96.55228246
3.57509160	-74.61892763
3.58241761	-73.54144756
3.58974362	-76.41757447
3.59706963	-87.54240326
3.60439563	-86.72191641
3.61172164	-80.92170953
3.61904765	-77.00797778
3.62637366	-80.73372870
3.63369966	-77.96247051
3.64102567	-77.72017312
3.64835168	-79.95553490
3.65567769	-84.73319861
3.66300369	-86.12319795
3.67032970	-81.40071558
3.67765571	-86.91693156
3.68498172	-83.54536964
3.69230772	-77.08372716
3.69963373	-82.87877343
3.70695974	-76.62939916
3.71428575	-72.54380367
3.72161175	-74.35456318
3.72893776	-75.71522728
3.73626377	-78.80189366
3.74358977	-91.48868308
3.75091578	-79.43755307
3.75824179	-72.95609838
3.76556780	-71.21500277
3.77289380	-74.45557567
3.78021981	-85.01866003
3.78754582	-76.08443709
3.79487183	-75.15606137
3.80219783	-78.87160900
3.80952384	-83.50671892
3.81684985	-77.15412570
3.82417586	-71.27082813
3.83150186	-75.08240707
3.83882787	-80.03608187
3.84615388	-74.56484556
3.85347989	-78.36261273
3.86080589	-74.98863222
3.86813190	-78.65540375
3.87545791	-84.78570420
3.88278392	-87.31268172
3.89010992	-78.20966456
3.89743593	-79.00755162
3.90476194	-77.99222027
3.91208794	-75.47336260
3.91941395	-78.15311276
3.92673996	-88.38882851
3.93406597	-86.69626061
3.94139197	-76.05862591
3.94871798	-71.27335912
3.95604399	-76.70350582
3.96337000	-81.97167192
3.97069600	-81.43332463
3.97802201	-84.49289807
3.98534802	-83.02439272
3.99267403	-75.25636951
4.00000003	-75.20193419
4.00732604	-91.35833808
4.01465205	-74.19678246
4.02197806	-75.65902261
4.02930406	-82.52198180
4.03663007	-75.60708567
4.04395608	-75.60007208
4.05128209	-79.39394385
4.05860809	-81.82309484
4.06593410	-75.44768568
4.07326011	-75.17891837
4.08058611	-92.05671172
4.08791212	-75.96223239
4.09523813	-77.90199015
4.10256414	-76.07775031
4.10989014	-73.04300432
4.11721615	-73.30098651
4.12454216	-72.03313695
4.13186817	-78.84739605
4.13919417	-77.94570450
4.14652018	-76.88769261
4.15384619	-78.87023643
4.16117220	-79.33670847
4.16849820	-81.73351544
4.17582421	-87.01008077
4.18315022	-79.06293464
4.19047623	-87.34539594
4.19780223	-75.82881010
4.20512824	-79.73539225
4.21245425	-83.15866582
4.21978025	-77.40822892
4.22710626	-78.61924419
4.23443227	-78.33977363
4.24175828	-76.23998804
4.24908428	-85.20083727
4.25641029	-86.21282150
4.26373630	-84.06563803
4.27106231	-76.77437269
4.27838831	-84.91758695
4.28571432	-79.50993951
4.29304033	-80.62173638
4.30036634	-79.37907073
4.30769234	-80.04843227
4.31501835	-77.08413153
4.32234436	-76.89360909
4.32967037	-96.40901226
4.33699637	-82.32501751
4.34432238	-75.69228992
4.35164839	-74.12424746
4.35897440	-78.06153103
4.36630040	-83.40038453
4.37362641	-91.81375533
4.38095242	-83.20181191
4.38827842	-87.59165241
4.39560443	-95.78854728
4.40293044	-79.90053416
4.41025645	-81.48799393
4.41758245	-87.04502149
4.42490846	-79.57627078
4.43223447	-81.49312921
4.43956048	-87.62167827
4.44688648	-85.91290787
4.45421249	-81.86300591
4.46153850	-77.38962428
4.46886451	-82.15853848
4.47619051	-85.89300903
4.48351652	-84.69911215
4.49084253	-80.46036829
4.49816854	-73.62278963
4.50549454	-78.89142117
4.51282055	-82.76934835
4.52014656	-78.05055997
4.52747257	-82.80490782
4.53479857	-86.28885162
4.54212458	-79.25932639
4.54945059	-80.96913413
4.55677659	-81.10556162
4.56410260	-74.67452458
4.57142861	-78.56644465
4.57875462	-74.46581115
4.58608062	-70.10645224
4.59340663	-69.41891001
4.60073264	-74.40118710
4.60805865	-83.43742792
4.61538465	-78.31515382
4.62271066	-82.36471201
4.63003667	-74.75363092
4.63736268	-79.07794488
4.64468868	-81.57025235
4.65201469	-81.16973881
4.65934070	-77.83657264
4.66666671	-70.62118508
4.67399271	-72.13913411
4.68131872	-77.98556377
4.68864473	-75.44667293
4.69597074	-76.79927052
4.70329674	-78.39253922
4.71062275	-82.62945452
4.71794876	-86.52632806
4.72527476	-81.08816850
4.73260077	-79.96237378
4.73992678	-81.00686011
4.74725279	-81.22237683
4.75457879	-82.27266365
4.76190480	-74.68715500
4.76923081	-78.47061331
4.77655682	-83.26894250
4.78388282	-75.87680910
4.79120883	-71.49279546
4.79853484	-72.34242441
4.80586085	-77.06744806
4.81318685	-76.54881278
4.82051286	-79.84273971
4.82783887	-75.61487620
4.83516488	-75.59031037
4.84249088	-74.67181833
4.84981689	-73.30983356
4.85714290	-79.79204488
4.86446890	-79.15751617
4.87179491	-72.42792375
4.87912092	-74.33558314
4.88644693	-81.29541803
4.89377293	-83.61040821
4.90109894	-75.47154698
4.90842495	-72.93155548
4.91575096	-76.02067281
4.92307696	-84.66093015
4.93040297	-92.79764025
4.93772898	-90.14188243
4.94505499	-90.41507395
4.95238099	-88.25893656
4.95970700	-83.60666790
4.96703301	-77.43688085
4.97435902	-96.85453779
4.98168502	-76.09259500
4.98901103	-75.70283342
4.99633704	-72.61061471
5.00366305	-73.17039123
5.01098905	-86.75626714
5.01831506	-80.41840845
5.02564107	-96.84019661
5.03296707	-82.68247668
5.04029308	-78.36640854
5.04761909	-76.33007438
5.05494510	-74.00916936
5.06227110	-73.83883816
5.06959711	-81.13058107
5.07692312	-83.51779324
5.08424913	-77.15897004
5.09157513	-77.72505288
5.09890114	-92.32666034
5.10622715	-75.07359337
5.11355316	-72.45508921
5.12087916	-83.36448742
5.12820517	-77.35937777
5.13553118	-78.11078866
5.14285719	-79.73155619
5.15018319	-75.34318194
5.15750920	-79.42132161
5.16483521	-98.01461712
5.17216122	-79.93589319
5.17948722	-78.37820865
5.18681323	-79.85685577
5.19413924	-76.88802289
5.20146524	-75.20495084
5.20879125	-80.54657019
5.21611726	-81.04313616
5.22344327	-77.09569653
5.23076927	-77.19491872
5.23809528	-75.37585335
5.24542129	-73.80877033
5.25274730	-74.24791315
5.26007330	-87.55611092
5.26739931	-78.89813947
5.27472532	-84.98148247
5.28205133	-78.53308151
5.28937733	-76.16802096
5.29670334	-87.83713784
5.30402935	-78.45349642
5.31135536	-79.65825748
5.31868136	-78.67310246
5.32600737	-78.29965724
5.33333338	-83.75636720
5.34065939	-79.19832465
5.34798539	-79.31217903
5.35531140	-81.90706681
5.36263741	-86.36341564
5.36996341	-80.97289916
5.37728942	-81.56165137
5.38461543	-73.71346449
5.39194144	-74.10893717
5.39926744	-83.47540213
5.40659345	-90.20420875
5.41391946	-83.42540477
5.42124547	-83.61827587
5.42857147	-81.72677365
5.43589748	-75.99440488
5.44322349	-83.44825700
5.45054950	-81.94049826
5.45787550	-81.62846507
5.46520151	-83.00312403
5.47252752	-76.34829739
5.47985353	-81.24368765
5.48717953	-81.94728042
5.49450554	-90.48216864
5.50183155	-74.21557986
5.50915756	-73.18543263
5.51648356	-79.54641630
5.52380957	-77.23412208
5.53113558	-73.60921979
5.53846158	-77.04608484
5.54578759	-88.26741917
5.55311360	-80.00672207
5.56043961	-80.89327827
5.56776561	-82.62613126
5.57509162	-85.19059652
5.58241763	-80.23960193
5.58974364	-75.41361591
5.59706964	-78.87795095
5.60439565	-90.98926787
5.61172166	-85.23125021
5.61904767	-89.03238588
5.62637367	-86.59329082
5.63369968	-92.75991413
5.64102569	-83.06045849
5.64835170	-81.85017935
5.65567770	-89.33107759
5.66300371	-93.67574610
5.67032972	-81.14897500
5.67765572	-81.10480105
5.68498173	-83.05638480
5.69230774	-74.32506246
5.69963375	-74.47485031
5.70695975	-80.69105927
5.71428576	-94.30144990
5.72161177	-87.15723458
5.72893778	-78.52130911
5.73626378	-78.10699176
5.74358979	-80.97246836
5.75091580	-82.27085026
5.75824181	-85.05928968
5.76556781	-90.66909423
5.77289382	-87.89391473
5.78021983	-81.69049752
5.78754584	-76.87571364
5.79487184	-75.22589014
5.80219785	-79.11863852
5.80952386	-99.44365053
5.81684987	-81.33970187
5.82417587	-79.57156664
5.83150188	-82.43782282
5.83882789	-87.71772498
5.84615389	-83.27978476
5.85347990	-88.33386503
5.86080591	-81.47513009
5.86813192	-79.77074130
5.87545792	-79.23392326
5.88278393	-75.57128432
5.89010994	-79.65846241
5.89743595	-94.42153821
5.90476195	-78.42678560
5.91208796	-73.93108698
5.91941397	-74.71209540
5.92673998	-80.46024226
5.93406598	-82.66415801
5.94139199	-74.22921817
5.94871800	-74.47231995
5.95604401	-69.61185879
5.96337001	-70.66214746
5.97069602	-87.79765046
5.97802203	-71.27030803
5.98534804	-73.26736438
5.99267404	-85.52854962
6.00000005	-75.13489892
6.00732606	-92.85026361
6.01465206	-77.06080670
6.02197807	-84.40978840
6.02930408	-77.05287101
6.03663009	-75.27790065
6.04395609	-84.68790660
6.05128210	-78.62186216
6.05860811	-78.32561944
6.06593412	-86.26906764
6.07326012	-80.50098367
6.08058613	-77.87145121
6.08791214	-85.71335802
6.09523815	-77.54477694
6.10256415	-73.67652234
6.10989016	-79.41454996
6.11721617	-92.49602349
6.12454218	-85.47987231
6.13186818	-76.70088681
6.13919419	-80.89913123
6.14652020	-82.05565519
6.15384621	-81.36578670
6.16117221	-79.78060597
6.16849822	-75.06731246
6.17582423	-94.83016135
6.18315023	-76.97959166
6.19047624	-79.29840010
6.19780225	-83.74046966
6.20512826	-75.72029993
6.21245426	-74.20486383
6.21978027	-82.81419664
6.22710628	-80.80250825
6.23443229	-79.27361776
6.24175829	-79.50182437
6.24908430	-76.85397751
6.25641031	-86.08689814
6.26373632	-75.99434401
6.27106232	-76.40512254
6.27838833	-83.66608475
6.28571434	-74.48523445
6.29304035	-73.82038316
6.30036635	-78.90808350
6.30769236	-88.96755230
6.31501837	-82.22418416
6.32234438	-79.60902884
6.32967038	-78.19315263
6.33699639	-80.67011320
6.34432240	-74.98550340
6.35164840	-73.20588156
6.35897441	-77.74416615
6.36630042	-76.62591972
6.37362643	-81.73156372
6.38095243	-77.84292264
6.38827844	-79.07515271
6.39560445	-98.10477547
6.40293046	-81.01141882
6.41025646	-79.75563115
6.41758247	-81.82273923
6.42490848	-85.68824331
6.43223449	-79.98564608
6.43956049	-74.31244219
6.44688650	-76.47632383
6.45421251	-84.89005612
6.46153852	-80.05880886
6.46886452	-79.53359118
6.47619053	-81.48443989
6.48351654	-84.28492980
6.49084254	-77.69164676
6.49816855	-84.32993867
6.50549456	-76.09965808
6.51282057	-72.64629994
6.52014657	-76.62876481
6.52747258	-74.26652169
6.53479859	-81.24107231
6.54212460	-81.16036243
6.54945060	-79.81476721
6.55677661	-82.53068788
6.56410262	-76.87992543
6.57142863	-86.59857202
6.57875463	-74.53079791
6.58608064	-71.25691866
6.59340665	-74.98988133
6.60073266	-75.64438230
6.60805866	-83.39263179
6.61538467	-78.23757939
6.62271068	-81.58747773
6.63003669	-81.42736443
6.63736269	-78.16798886
6.64468870	-83.22363273
6.65201471	-76.52283552
6.65934071	-78.61718187
6.66666672	-77.41871021
6.67399273	-77.17438047
6.68131874	-81.50342489
6.68864474	-79.00654753
6.69597075	-74.43362007
6.70329676	-74.87520239
6.71062277	-77.75234957
6.71794877	-76.43642345
6.72527478	-79.23594788
6.73260079	-87.81514904
6.73992680	-78.89886025
6.74725280	-80.47382582
6.75457881	-79.56944323
6.76190482	-78.86385585
6.76923083	-80.08740814
6.77655683	-82.60686562
6.78388284	-81.50706749
6.79120885	-86.38422066
6.79853486	-87.89581505
6.80586086	-87.98401982
6.81318687	-81.64257717
6.82051288	-77.64786355
6.82783888	-81.03428480
6.83516489	-89.82518779
6.84249090	-88.67877005
6.84981691	-75.76623165
6.85714291	-72.28632266
6.86446892	-76.45077589
6.87179493	-79.54131756
6.87912094	-74.11897476
6.88644694	-75.02859149
6.89377295	-81.77441974
6.90109896	-84.84533513
6.90842497	-76.80466484
6.91575097	-76.02032964
6.92307698	-80.20722673
6.93040299	-89.04493820
6.93772900	-83.71901756
6.94505500	-80.99730219
6.95238101	-74.94986150
6.95970702	-75.76459230
6.96703303	-86.64475699
6.97435903	-78.85027894
6.98168504	-76.53196933
6.98901105	-75.72169945
6.99633705	-78.71477017
7.00366306	-84.01122331
7.01098907	-75.41506920
7.01831508	-75.46482199
7.02564108	-84.19104071
7.03296709	-81.73228909
7.04029310	-80.24964152
7.04761911	-85.43436755
7.05494511	-77.48045022
7.06227112	-75.92295099
7.06959713	-80.55629068
7.07692314	-86.23645381
7.08424914	-82.14170861
7.09157515	-83.68595734
7.09890116	-74.58425291
7.10622717	-74.00041607
7.11355317	-77.44324587
7.12087918	-73.93076512
7.12820519	-73.19258271
7.13553119	-77.35490348
7.14285720	-81.68435542
7.15018321	-82.78681114
7.15750922	-81.34459935
7.16483522	-88.45789262
7.17216123	-100.66580195
7.17948724	-88.27378362
7.18681325	-89.12339025
7.19413925	-78.72727280
7.20146526	-76.35915514
7.20879127	-81.88760263
7.21611728	-71.62029116
7.22344328	-74.68765972
7.23076929	-79.38863530
7.23809530	-72.07011932
7.24542131	-75.08317639
7.25274731	-80.25878574
7.26007332	-76.62968129
7.26739933	-84.87684846
7.27472534	-75.78572828
7.28205134	-71.39008724
7.28937735	-75.83868624
7.29670336	-73.58139380
7.30402936	-73.95336179
7.31135537	-82.26824679
7.31868138	-81.67049659
7.32600739	-88.19694891
7.33333339	-82.84476617
7.34065940	-80.83441795
7.34798541	-74.34757067
7.35531142	-83.83700041
7.36263742	-80.83169939
7.36996343	-87.15870480
7.37728944	-76.57980142
7.38461545	-84.13280188
7.39194145	-77.54678740
7.39926746	-79.92694581
7.40659347	-79.64888737
7.41391948	-74.48266911
7.42124548	-80.35641771
7.42857149	-80.34707302
7.43589750	-78.45974646
7.44322351	-86.01872959
7.45054951	-83.28446141
7.45787552	-79.79423001
7.46520153	-94.75124892
7.47252753	-81.46009549
7.47985354	-85.65447794
7.48717955	-82.82190411
7.49450556	-82.95546051
7.50183156	-83.08511537
7.50915757	-76.36965422
7.51648358	-83.28960498
7.52380959	-77.42535270
7.53113559	-76.09556050
7.53846160	-89.67110262
7.54578761	-78.78290900
7.55311362	-81.05282221
7.56043962	-86.68245902
7.56776563	-83.58284407
7.57509164	-81.58930817
7.58241765	-79.76773391
7.58974365	-83.86883889
7.59706966	-88.81737542
7.60439567	-82.16762729
7.61172168	-83.69850939
7.61904768	-76.89543462
7.62637369	-77.72898135
7.63369970	-81.43807106
7.64102570	-75.17799044
7.64835171	-78.06610240
7.65567772	-79.57017707
7.66300373	-82.27007621
7.67032973	-87.73911380
7.67765574	-80.82347071
7.68498175	-83.73028863
7.69230776	-77.62385611
7.69963376	-75.04369006
7.70695977	-76.83325595
7.71428578	-82.75860431
7.72161179	-94.79759441
7.72893779	-91.07191159
7.73626380	-80.79266669
7.74358981	-79.04624825
7.75091582	-82.66667871
7.75824182	-91.87317109
7.76556783	-85.42293383
7.77289384	-75.79779980
7.78021985	-75.13232877
7.78754585	-86.51531970
7.79487186	-82.99075372
7.80219787	-86.52332568
7.80952387	-85.94701005
7.81684988	-83.19836490
7.82417589	-84.95639968
7.83150190	-89.89450063
7.83882790	-102.79441634
7.84615391	-91.02751847
7.85347992	-87.77753790
7.86080593	-86.69254727
7.86813193	-84.72732202
7.87545794	-80.79542432
7.88278395	-77.80572145
7.89010996	-78.98373584
7.89743596	-87.98946154
7.90476197	-99.66801693
7.91208798	-86.68689393
7.91941399	-90.42880879
7.92673999	-79.61750792
7.93406600	-75.12305392
7.94139201	-83.59561253
7.94871801	-81.52089191
7.95604402	-80.34430499
7.96337003	-82.18510823
7.97069604	-79.57732474
7.97802204	-82.35008690
7.98534805	-109.48448904
7.99267406	-89.35385574
8.00000007	-77.46512915
8.00732607	-76.67618578
8.01465208	-94.78395046
8.02197809	-75.93324155
8.02930410	-79.06481569
8.03663010	-78.11637982
8.04395611	-73.37512582
8.05128212	-77.56717149
8.05860813	-81.93191134
8.06593413	-85.49793184
8.07326014	-79.11929223
8.08058615	-73.52313496
8.08791216	-73.71668601
8.09523816	-75.30439062
8.10256417	-77.30890469
8.10989018	-76.26218317
8.11721618	-78.65057480
8.12454219	-75.69674145
8.13186820	-80.40696094
8.13919421	-91.76576333
8.14652021	-80.82338200
8.15384622	-76.78545985
8.16117223	-85.69008557
8.16849824	-75.60224767
8.17582424	-79.75998306
8.18315025	-78.52832171
8.19047626	-81.70044955
8.19780227	-87.67971583
8.20512827	-85.06545728
8.21245428	-86.00978449
8.21978029	-75.08879853
8.22710630	-72.57666093
8.23443230	-80.82593648
8.24175831	-83.20056387
8.24908432	-99.10912309
8.25641033	-78.71716573
8.26373633	-80.53566327
8.27106234	-76.35751332
8.27838835	-78.63904816
8.28571435	-77.48095760
8.29304036	-82.92317420
8.30036637	-81.27710368
8.30769238	-79.69916552
8.31501838	-82.69167888
8.32234439	-78.78803652
8.32967040	-79.88033817
8.33699641	-88.09787126
8.34432241	-90.04037357
8.35164842	-87.50353260
8.35897443	-86.49705148
8.36630044	-75.91293389
8.37362644	-76.49526985
8.38095245	-85.43661572
8.38827846	-79.71379404
8.39560447	-88.20922160
8.40293047	-78.78304084
8.41025648	-79.73262791
8.41758249	-81.16540923
8.42490850	-77.85606036
8.43223450	-76.16369691
8.43956051	-80.25860618
8.44688652	-91.82274298
8.45421252	-95.53015719
8.46153853	-81.66066390
8.46886454	-76.69736709
8.47619055	-81.06165233
8.48351655	-83.22181338
8.49084256	-77.32464336
8.49816857	-85.97591660
8.50549458	-80.34367118
8.51282058	-74.78771490
8.52014659	-75.25924636
8.52747260	-79.36158564
8.53479861	-77.09504571
8.54212461	-75.72103925
8.54945062	-75.00235290
8.55677663	-74.66117865
8.56410264	-77.18412462
8.57142864	-74.54089137
8.57875465	-71.57559647
8.58608066	-75.18629523
8.59340667	-91.03159228
8.60073267	-85.30617856
8.60805868	-76.20525047
8.61538469	-74.88348131
8.62271069	-81.40662142
8.63003670	-76.40654433
8.63736271	-75.16692789
8.64468872	-78.59506059
8.65201472	-97.38892685
8.65934073	-76.13607780
8.66666674	-74.64776299
8.67399275	-80.69286176
8.68131875	-76.89488347
8.68864476	-81.25837672
8.69597077	-86.69407823
8.70329678	-85.94196515
8.71062278	-78.65805104
8.71794879	-76.41042324
8.72527480	-84.94182169
8.73260081	-84.33930836
8.73992681	-79.23232625
8.74725282	-73.13347493
8.75457883	-76.20348575
8.76190483	-75.59772189
8.76923084	-75.89826067
8.77655685	-81.29596497
8.78388286	-76.39968315
8.79120886	-81.24527076
8.79853487	-81.07847571
8.80586088	-77.26060108
8.81318689	-78.76487984
8.82051289	-80.69578094
8.82783890	-82.28109590
8.83516491	-81.45128069
8.84249092	-78.30586225
8.84981692	-79.93739974
8.85714293	-91.58550149
8.86446894	-79.19860133
8.87179495	-76.63137067
8.87912095	-78.96363375
8.88644696	-88.22277972
8.89377297	-93.69074877
8.90109898	-85.83514767
8.90842498	-85.66154414
8.91575099	-83.47977698
8.92307700	-86.30191224
8.93040300	-84.91154610
8.93772901	-78.44913703
8.94505502	-77.47586572
8.95238103	-77.34037682
8.95970703	-83.36206556
8.96703304	-80.67607087
8.97435905	-77.66098541
8.98168506	-83.15000305
8.98901106	-82.55908637
8.99633707	-77.81382753
9.00366308	-86.79215503
9.01098909	-81.67429285
9.01831509	-90.65537837
9.02564110	-88.39721996
9.03296711	-82.74747460
9.04029312	-74.67647539
9.04761912	-78.91302901
9.05494513	-80.57732575
9.06227114	-78.93717867
9.06959715	-80.99480882
9.07692315	-84.47121647
9.08424916	-79.73155043
9.09157517	-81.16814107
9.09890117	-87.65828421
9.10622718	-86.99369500
9.11355319	-78.66500548
9.12087920	-74.54319999
9.12820520	-78.32655453
9.13553121	-75.27313183
9.14285722	-78.20174481
9.15018323	-80.26699652
9.15750923	-88.99897050
9.16483524	-76.26203861
9.17216125	-75.59684432
9.17948726	-77.64968584
9.18681326	-79.75126247
9.19413927	-82.26970449
9.20146528	-85.45729329
9.20879129	-81.90875571
9.21611729	-76.43037884
9.22344330	-76.81142712
9.23076931	-79.61943951
9.23809532	-78.29472672
9.24542132	-79.88426324
9.25274733	-91.25298657
9.26007334	-76.76766875
9.26739934	-77.28870115
9.27472535	-91.51343929
9.28205136	-79.73118098
9.28937737	-81.94506034
9.29670337	-90.31063907
9.30402938	-82.42303659
9.31135539	-86.62957876
9.31868140	-85.31644449
9.32600740	-83.94646897
9.33333341	-78.71243352
9.34065942	-76.81771330
9.34798543	-83.88316048
9.35531143	-81.17825935
9.36263744	-89.95973740
9.36996345	-78.44440805
9.37728946	-82.04365546
9.38461546	-87.06498122
9.39194147	-81.43948165
9.39926748	-85.64316181
9.40659348	-95.01862865
9.41391949	-83.56329262
9.42124550	-79.31750056
9.42857151	-82.37058613
9.43589751	-85.42928530
9.44322352	-80.18594220
9.45054953	-106.25280256
9.45787554	-79.65760483
9.46520154	-79.42773430
9.47252755	-79.01020217
9.47985356	-77.53867079
9.48717957	-78.16243179
9.49450557	-79.03160220
9.50183158	-77.65460625
9.50915759	-78.85438829
9.51648360	-80.10402278
9.52380960	-80.39069071
9.53113561	-82.27965052
9.53846162	-84.97822152
9.54578763	-93.01758029
9.55311363	-87.23301506
9.56043964	-89.78293047
9.56776565	-84.13288742
9.57509165	-86.27434255
9.58241766	-93.71952719
9.58974367	-83.91888235
9.59706968	-79.12454789
9.60439568	-78.27864559
9.61172169	-88.47011055
9.61904770	-82.74760651
9.62637371	-80.42994682
9.63369971	-93.11547523
9.64102572	-81.74092437
9.64835173	-84.92699547
9.65567774	-88.14775641
9.66300374	-83.64185365
9.67032975	-101.69984061
9.67765576	-83.22792339
9.68498177	-82.41384603
9.69230777	-89.49362883
9.69963378	-79.23096232
9.70695979	-73.83493661
9.71428580	-78.66559081
9.72161180	-86.15483844
9.72893781	-78.13018610
9.73626382	-76.65975047
9.74358982	-75.52159385
9.75091583	-74.74675403
9.75824184	-74.95628141
9.76556785	-79.24261406
9.77289385	-90.84768736
9.78021986	-81.05006559
9.78754587	-79.97201628
9.79487188	-81.56292205
9.80219788	-85.45457368
9.80952389	-91.80638376
9.81684990	-80.82739715
9.82417591	-79.62183614
9.83150191	-89.19581385
9.83882792	-84.19215737
9.84615393	-80.20153136
9.85347994	-79.89809744
9.86080594	-77.68963392
9.86813195	-76.97819280
9.87545796	-82.51883338
9.88278397	-83.31258827
9.89010997	-87.74459137
9.89743598	-85.45302067
9.90476199	-79.09276673
9.91208799	-79.03246605
9.91941400	-77.36538718
9.92674001	-79.40981748
9.93406602	-81.88249797
9.94139202	-81.60405154
9.94871803	-83.14186978
9.95604404	-80.31477965
9.96337005	-75.17095016
9.97069605	-70.20709295
9.97802206	-75.30331305
9.98534807	-86.37661463
9.99267408	-75.01941688
10.00000008	-71.44688210
10.00732609	-73.49030845
10.01465210	-83.63617480
10.02197811	-87.12526147
10.02930411	-88.47197490
10.03663012	-84.97834889
10.04395613	-80.89983303
10.05128214	-90.24096433
10.05860814	-74.33235633
10.06593415	-73.27978906
10.07326016	-79.22535415
10.08058616	-83.58336702
10.08791217	-83.64949219
10.09523818	-75.80546962
10.10256419	-75.63925005
10.10989019	-75.31912149
10.11721620	-74.93694062
10.12454221	-76.11902676
10.13186822	-85.34435898
10.13919422	-78.99406309
10.14652023	-76.95175119
10.15384624	-90.90367857
10.16117225	-78.07040158
10.16849825	-85.91796652
10.17582426	-81.25240605
10.18315027	-79.27384629
10.19047628	-81.27146906
10.19780228	-77.41261905
10.20512829	-81.62609849
10.21245430	-88.47363119
10.21978030	-79.37137560
10.22710631	-76.78925416
10.23443232	-90.10083110
10.24175833	-77.87471649
10.24908433	-86.90571022
10.25641034	-78.55342849
10.26373635	-78.42994062
10.27106236	-95.97125079
10.27838836	-94.55409967
10.28571437	-116.63596157
10.29304038	-84.55505588
10.30036639	-78.65942046
10.30769239	-79.06151800
10.31501840	-78.11996896
10.32234441	-82.57239133
10.32967042	-88.26842959
10.33699642	-76.57944559
10.34432243	-74.68142478
10.35164844	-80.97875458
10.35897445	-77.68599998
10.36630045	-74.71211612
10.37362646	-76.02288599
10.38095247	-75.54679033
10.38827847	-71.22482931
10.39560448	-72.00973139
10.40293049	-78.05712124
10.41025650	-85.78996188
10.41758250	-82.52038449
10.42490851	-79.83512983
10.43223452	-82.31168163
10.43956053	-78.65812080
10.44688653	-78.02076458
10.45421254	-77.75087778
10.46153855	-76.90311794
10.46886456	-77.84524399
10.47619056	-79.07942854
10.48351657	-76.20204807
10.49084258	-77.22627465
10.49816859	-76.93999747
10.50549459	-83.37508008
10.51282060	-82.58048880
10.52014661	-76.30334320
10.52747262	-79.61106884
10.53479862	-82.49823345
10.54212463	-76.39982416
10.54945064	-88.07440683
10.55677664	-76.17967118
10.56410265	-78.93672010
10.57142866	-81.56356397
10.57875467	-73.50469208
10.58608067	-75.13358457
10.59340668	-81.58528910
10.60073269	-89.36134203
10.60805870	-104.42378591
10.61538470	-83.09902638
10.62271071	-77.13904241
10.63003672	-75.81939723
10.63736273	-76.49834027
10.64468873	-77.17447159
10.65201474	-73.88448409
10.65934075	-73.12647652
10.66666676	-80.37367369
10.67399276	-93.52759283
10.68131877	-91.75350871
10.68864478	-89.51710141
10.69597079	-81.24327532
10.70329679	-76.08068071
10.71062280	-85.17638860
10.71794881	-80.06935702
10.72527481	-80.37902709
10.73260082	-84.09135756
10.73992683	-86.29215785
10.74725284	-85.88450120
10.75457884	-79.85070380
10.76190485	-77.42569886
10.76923086	-85.06012220
10.77655687	-74.49099584
10.78388287	-71.68275222
10.79120888	-81.21895083
10.79853489	-76.90149630
10.80586090	-74.68326380
10.81318690	-76.83509439
10.82051291	-80.02821106
10.82783892	-98.56949766
10.83516493	-85.53589442
10.84249093	-88.20054170
10.84981694	-94.30667878
10.85714295	-80.00526709
10.86446895	-78.95764942
10.87179496	-83.63668955
10.87912097	-80.86360654
10.88644698	-82.14483172
10.89377298	-79.58991371
10.90109899	-80.82017988
10.90842500	-73.46063584
10.91575101	-78.87761997
10.92307701	-79.99824367
10.93040302	-77.59694086
10.93772903	-80.90150209
10.94505504	-82.96815502
10.95238104	-79.95081312
10.95970705	-78.41106360
10.96703306	-89.41212975
10.97435907	-82.18703547
10.98168507	-80.82742318
10.98901108	-86.47956726
10.99633709	-84.25918088
11.00366310	-83.89486380
11.01098910	-75.20898176
11.01831511	-74.11452009
11.02564112	-77.89007685
11.03296712	-77.34619708
11.04029313	-78.54819231
11.04761914	-78.34678631
11.05494515	-78.36363052
11.06227115	-76.27216199
11.06959716	-72.96535180
11.07692317	-77.50853209
11.08424918	-101.42643819
11.09157518	-99.11901672
11.09890119	-81.11440638
11.10622720	-75.62570047
11.11355321	-77.42217413
11.12087921	-75.81942866
11.12820522	-79.81795540
11.13553123	-77.61726924
11.14285724	-73.18658311
11.15018324	-80.55937387
11.15750925	-81.39534597
11.16483526	-82.34031627
11.17216127	-89.97729425
11.17948727	-86.80241021
11.18681328	-79.17475822
11.19413929	-78.07715198
11.20146529	-86.23465276
11.20879130	-77.18407242
11.21611731	-77.73919054
11.22344332	-91.96819162
11.23076932	-80.81809555
11.23809533	-77.63908289
11.24542134	-76.06330513
11.25274735	-77.47384800
11.26007335	-89.45350288
11.26739936	-82.24021987
11.27472537	-82.27360051
11.28205138	-84.67857632
11.28937738	-86.94454489
11.29670339	-88.03197071
11.30402940	-82.20607736
11.31135541	-84.73753177
11.31868141	-76.71329120
11.32600742	-78.22585913
11.33333343	-81.81990271
11.34065944	-75.00724309
11.34798544	-79.63611996
11.35531145	-87.00985034
11.36263746	-98.06379235
11.36996346	-77.98303456
11.37728947	-75.13766042
11.38461548	-79.10776719
11.39194149	-79.79022772
11.39926749	-84.02164401
11.40659350	-95.90758369
11.41391951	-86.21784128
11.42124552	-80.32738052
11.42857152	-73.71590901
11.43589753	-72.11578198
11.44322354	-78.50882628
11.45054955	-84.81539809
11.45787555	-81.65671443
11.46520156	-84.94051312
11.47252757	-76.55747072
11.47985358	-80.86028457
11.48717958	-82.32154701
11.49450559	-79.58067172
11.50183160	-84.27391402
11.50915761	-83.33737368
11.51648361	-85.69910824
11.52380962	-89.53945582
11.53113563	-83.59411143
11.53846163	-81.46168733
11.54578764	-77.97757452
11.55311365	-81.99751374
11.56043966	-83.43437293
11.56776566	-76.79289012
11.57509167	-86.16802415
11.58241768	-79.63914023
11.58974369	-76.58286965
11.59706969	-81.24347827
11.60439570	-90.52329711
11.61172171	-92.84096585
11.61904772	-84.99097258
11.62637372	-81.78328125
11.63369973	-85.91747172
11.64102574	-83.33706356
11.64835175	-78.79755050
11.65567775	-84.57531541
11.66300376	-74.14364062
11.67032977	-73.19781152
11.67765577	-76.68578563
11.68498178	-72.55618209
11.69230779	-77.49486102
11.69963380	-77.92452684
11.70695980	-76.76500627
11.71428581	-80.24989445
11.72161182	-78.25677605
11.72893783	-75.43956445
11.73626383	-77.44241985
11.74358984	-84.45350366
11.75091585	-94.58304701
11.75824186	-83.98347989
11.76556786	-86.12548721
11.77289387	-80.85549514
11.78021988	-77.84928722
11.78754589	-84.43876850
11.79487189	-80.61294465
11.80219790	-79.77411757
11.80952391	-83.67087205
11.81684992	-81.60535507
11.82417592	-77.80570813
11.83150193	-81.17999515
11.83882794	-91.12297521
11.84615394	-87.07665639
11.85347995	-76.77091787
11.86080596	-74.76465297
11.86813197	-80.56720070
11.87545797	-79.15513317
11.88278398	-77.66795502
11.89010999	-89.76616390
11.89743600	-83.56446078
11.90476200	-81.03733925
11.91208801	-80.60050288
11.91941402	-78.25252058
11.92674003	-81.42979010
11.93406603	-84.97216153
11.94139204	-93.32187649
11.94871805	-87.83793038
11.95604406	-92.97515830
11.96337006	-97.62343182
11.97069607	-86.32517064
11.97802208	-81.54496246
11.98534809	-76.55455544
11.99267409	-74.13239608
12.00000010	-77.34088109
12.00732611	-99.61716173
12.01465211	-76.08294710
12.02197812	-73.30201052
12.02930413	-80.52342439
12.03663014	-82.01589230
12.04395614	-76.92418308
12.05128215	-79.75442683
12.05860816	-83.02264152
12.06593417	-81.19296465
12.07326017	-85.91169005
12.08058618	-82.21946698
12.08791219	-76.27137436
12.09523820	-75.73724169
12.10256420	-83.24158569
12.10989021	-85.99607084
12.11721622	-79.59311414
12.12454223	-83.68995509
12.13186823	-83.74635338
12.13919424	-84.22646576
12.14652025	-87.86356794
12.15384626	-81.25918624
12.16117226	-91.02566550
12.16849827	-82.67229178
12.17582428	-82.91636633
12.18315028	-85.14657656
12.19047629	-97.51091861
12.19780230	-82.36078250
12.20512831	-79.90868595
12.21245431	-77.01648329
12.21978032	-76.56853023
12.22710633	-92.41603702
12.23443234	-76.79777952
12.24175834	-77.56626690
12.24908435	-85.57651608
12.25641036	-82.35036317
12.26373637	-76.36219835
12.27106237	-76.46161826
12.27838838	-84.44751659
12.28571439	-88.94020125
12.29304040	-87.30681917
12.30036640	-84.21024286
12.30769241	-86.58447989
12.31501842	-76.50627184
12.32234443	-78.27903878
12.32967043	-87.17159462
12.33699644	-79.17775596
12.34432245	-77.39306856
12.35164845	-77.64039957
12.35897446	-86.12090104
12.36630047	-81.55793965
12.37362648	-80.56863731
12.38095248	-84.35715902
12.38827849	-80.34060179
12.39560450	-72.75219372
12.40293051	-75.42622022
12.41025651	-91.09316688
12.41758252	-76.93977990
12.42490853	-78.90224907
12.43223454	-84.64472935
12.43956054	-89.86014709
12.44688655	-81.51627391
12.45421256	-82.62825690
12.46153857	-85.66578283
12.46886457	-78.38715328
12.47619058	-82.43036869
12.48351659	-76.87349088
12.49084259	-77.70698248
12.49816860	-81.24019424
12.50549461	-75.89071260
12.51282062	-76.81447031
12.52014662	-78.66766673
12.52747263	-90.49397845
12.53479864	-79.89771413
12.54212465	-80.01284535
12.54945065	-85.58573972
12.55677666	-82.19330586
12.56410267	-83.09327420
12.57142868	-93.34124891
12.57875468	-75.46280341
12.58608069	-74.27518377
12.59340670	-82.35016730
12.60073271	-82.33863926
12.60805871	-79.88635352
12.61538472	-92.78706003
12.62271073	-98.14640801
12.63003674	-76.97543103
12.63736274	-74.04405270
12.64468875	-81.52580921
12.65201476	-80.91781958
12.65934076	-76.32453598
12.66666677	-76.11744423
12.67399278	-80.76645435
12.68131879	-79.44555330
12.68864479	-73.83179625
12.69597080	-72.51881380
12.70329681	-83.78373338
12.71062282	-75.34870261
12.71794882	-79.68718200
12.72527483	-83.26265381
12.73260084	-79.29542146
12.73992685	-93.56657158
12.74725285	-81.94606715
12.75457886	-78.64671824
12.76190487	-78.91584723
12.76923088	-82.67719383
12.77655688	-80.65075696
12.78388289	-73.53314165
12.79120890	-75.68781903
12.79853491	-94.34504618
12.80586091	-80.52136056
12.81318692	-88.90876424
12.82051293	-76.26692698
12.82783893	-79.36881563
12.83516494	-88.14336400
12.84249095	-84.28973631
12.84981696	-76.70283645
12.85714296	-83.74026704
12.86446897	-77.61822998
12.87179498	-79.51616639
12.87912099	-79.18754907
12.88644699	-76.40227737
12.89377300	-84.11829589
12.90109901	-83.89436611
12.90842502	-85.98026581
12.91575102	-86.53375433
12.92307703	-76.69134211
12.93040304	-75.02104056
12.93772905	-85.05115950
12.94505505	-75.60314308
12.95238106	-77.87170104
12.95970707	-76.56682332
12.96703308	-77.83307105
12.97435908	-79.03614212
12.98168509	-82.97097389
12.98901110	-92.97211788
12.99633710	-92.79567128
13.00366311	-84.82696045
13.01098912	-81.01411199
13.01831513	-82.97728581
13.02564113	-85.84594978
13.03296714	-80.99358676
13.04029315	-78.77995007
13.04761916	-82.65225082
13.05494516	-77.67267128
13.06227117	-81.16814195
13.06959718	-85.12285975
13.07692319	-77.65905203
13.08424919	-77.04852860
13.09157520	-84.48098257
13.09890121	-79.81602369
13.10622722	-78.28027241
13.11355322	-75.79196256
13.12087923	-74.57665171
13.12820524	-82.27749172
13.13553124	-82.19231265
13.14285725	-83.36120245
13.15018326	-79.92378005
13.15750927	-80.59448432
13.16483527	-88.21301875
13.17216128	-77.86311098
13.17948729	-76.41293535
13.18681330	-81.09439733
13.19413930	-76.42660806
13.20146531	-80.16404386
13.20879132	-82.47776017
13.21611733	-81.03309849
13.22344333	-87.93629513
13.23076934	-77.84311591
13.23809535	-78.72456033
13.24542136	-78.17188230
13.25274736	-75.40831188
13.26007337	-84.42644342
13.26739938	-79.92203749
13.27472539	-78.19234902
13.28205139	-83.66072212
13.28937740	-83.35590526
13.29670341	-127.32272249
13.30402941	-84.50301550
13.31135542	-85.01000885
13.31868143	-84.24286276
13.32600744	-81.34783982
13.33333344	-85.94530175
13.34065945	-85.35457981
13.34798546	-79.12718766
13.35531147	-79.44784187
13.36263747	-87.27004079
13.36996348	-94.38622648
13.37728949	-83.26402190
13.38461550	-80.21477404
13.39194150	-84.61821220
13.39926751	-81.21504935
13.40659352	-84.98115201
13.41391953	-84.78635858
13.42124553	-83.16528436
13.42857154	-82.76284421
13.43589755	-81.91446132
13.44322356	-87.06627190
13.45054956	-105.20913424
13.45787557	-91.58328691
13.46520158	-79.03197744
13.47252758	-77.92374206
13.47985359	-93.07613591
13.48717960	-86.89168950
13.49450561	-93.28326384
13.50183161	-80.82753542
13.50915762	-81.88163434
13.51648363	-85.77558160
13.52380964	-77.32432831
13.53113564	-74.70228674
13.53846165	-78.26259378
13.54578766	-80.38982159
13.55311367	-86.99844886
13.56043967	-103.23013498
13.56776568	-84.15331835
13.57509169	-82.90687662
13.58241770	-83.37538013
13.58974370	-79.70186773
13.59706971	-77.72917300
13.60439572	-81.53080820
13.61172173	-86.22682650
13.61904773	-82.09829711
13.62637374	-84.79902565
13.63369975	-75.94097967
13.64102575	-75.84617777
13.64835176	-75.86230649
13.65567777	-79.20840732
13.66300378	-76.42910998
13.67032978	-76.00623021
13.67765579	-85.99920492
13.68498180	-81.59208228
13.69230781	-76.68985890
13.69963381	-71.29298964
13.70695982	-71.22020814
13.71428583	-78.48848851
13.72161184	-83.30046051
13.72893784	-87.48043966
13.73626385	-82.64466008
13.74358986	-78.79292515
13.75091587	-83.93308892
13.75824187	-95.44794791
13.76556788	-93.29671829
13.77289389	-91.73324741
13.78021990	-82.39901171
13.78754590	-77.09528380
13.79487191	-74.28171108
13.80219792	-73.81899816
13.80952392	-77.95164425
13.81684993	-82.28082372
13.82417594	-76.85034284
13.83150195	-82.95446656
13.83882795	-77.86674336
13.84615396	-71.88687516
13.85347997	-72.90697139
13.86080598	-76.90898698
13.86813198	-90.01974941
13.87545799	-85.35406097
13.88278400	-90.63261675
13.89011001	-91.51203657
13.89743601	-95.79356292
13.90476202	-89.65256510
13.91208803	-87.64451553
13.91941404	-79.46487319
13.92674004	-76.03135953
13.93406605	-79.00140245
13.94139206	-88.06551068
13.94871806	-86.66431859
13.95604407	-83.75440814
13.96337008	-74.70891082
13.97069609	-74.35038633
13.97802209	-88.11653926
13.98534810	-77.73431908
13.99267411	-77.88146610
14.00000012	-89.62434093
14.00732612	-77.81478609
14.01465213	-79.79293951
14.02197814	-78.57070373
14.02930415	-75.46246002
14.03663015	-83.51719471
14.04395616	-82.62535516
14.05128217	-81.12576179
14.05860818	-80.37156578
14.06593418	-82.69553191
14.07326019	-76.10134112
14.08058620	-109.19115672
14.08791221	-76.14211387
14.09523821	-80.89607931
14.10256422	-91.90628332
14.10989023	-82.35113227
14.11721623	-73.68663173
14.12454224	-78.69245494
14.13186825	-79.11649150
14.13919426	-76.10613991
14.14652026	-82.55586677
14.15384627	-76.21748716
14.16117228	-84.57535556
14.16849829	-82.20414052
14.17582429	-94.00736573
14.18315030	-74.96950018
14.19047631	-74.92202449
14.19780232	-82.71963248
14.20512832	-83.14677768
14.21245433	-81.50440800
14.21978034	-76.57879640
14.22710635	-80.04563075
14.23443235	-89.59690247
14.24175836	-78.48285994
14.24908437	-75.62420317
14.25641038	-83.17234414
14.26373638	-71.08673553
14.27106239	-76.34193518
14.27838840	-75.31095768
14.28571440	-74.13804867
14.29304041	-102.47356200
14.30036642	-82.12715986
14.30769243	-78.32057316
14.31501843	-73.69813540
14.32234444	-78.43665786
14.32967045	-80.59776601
14.33699646	-83.16659464
14.34432246	-77.82329288
14.35164847	-77.28289709
14.35897448	-80.22835904
14.36630049	-84.58785190
14.37362649	-76.09014090
14.38095250	-75.04806030
14.38827851	-80.17995732
14.39560452	-87.62593298
14.40293052	-78.98245775
14.41025653	-83.77265122
14.41758254	-75.15835936
14.42490855	-76.28109516
14.43223455	-85.74155204
14.43956056	-82.04559349
14.44688657	-82.87774863
14.45421257	-80.44226914
14.46153858	-89.55847071
14.46886459	-76.85967563
14.47619060	-79.36836738
14.48351660	-88.04722606
14.49084261	-77.51940802
14.49816862	-74.39013480
14.50549463	-74.82582089
14.51282063	-83.42634647
14.52014664	-85.46518058
14.52747265	-85.28337723
14.53479866	-84.83091043
14.54212466	-82.81742610
14.54945067	-76.97351079
14.55677668	-83.98403279
14.56410269	-74.40642117
14.57142869	-74.93483091
14.57875470	-82.28317218
14.58608071	-77.78356765
14.59340671	-79.12797719
14.60073272	-83.20764482
14.60805873	-89.99024584
14.61538474	-84.47238198
14.62271074	-103.77080384
14.63003675	-79.55962908
14.63736276	-81.84055510
14.64468877	-85.53861629
14.65201477	-82.72944514
14.65934078	-84.21270190
14.66666679	-80.18293337
14.67399280	-75.69616732
14.68131880	-75.40897583
14.68864481	-88.07205114
14.69597082	-85.85003327
14.70329683	-84.96622528
14.71062283	-73.82248713
14.71794884	-74.95095826
14.72527485	-88.20833007
14.73260086	-95.40136341
14.73992686	-84.05252201
14.74725287	-82.76689478
14.75457888	-81.32942327
14.76190488	-90.77069033
14.76923089	-76.45399050
14.77655690	-75.51920221
14.78388291	-87.92306236
14.79120891	-75.85716885
14.79853492	-92.18596398
14.80586093	-79.36351608
14.81318694	-97.91163390
14.82051294	-78.64975954
14.82783895	-84.03615852
14.83516496	-74.01544683
14.84249097	-76.04750219
14.84981697	-84.44556434
14.85714298	-78.13205354
14.86446899	-79.78004650
14.87179500	-75.46316137
14.87912100	-76.40230599
14.88644701	-77.18125863
14.89377302	-79.80981303
14.90109903	-78.22476009
14.90842503	-74.38698054
14.91575104	-82.03016318
14.92307705	-89.83577021
14.93040305	-89.72086176
14.93772906	-80.21056486
14.94505507	-84.39113412
14.95238108	-84.95371029
14.95970708	-83.45206493
14.96703309	-101.11952225
14.97435910	-88.95930984
14.98168511	-97.42817174
14.98901111	-86.57318553
14.99633712	-79.70953170
