# Menlo Systems GmbH ScanControl
# Program Version 1.3.3
# Start: -65.00000000 ps, Average over 1000 waveforms. Timestamp: 2020-07-02T19:41:09
# Time [ps]	THz Signal [a.u.]
-65.06666584	0.00000000
-65.03333251	0.00000002
-64.99999917	0.00000007
-64.96666584	0.00000015
-64.93333251	0.00000028
-64.89999918	0.00000047
-64.86666584	0.00000060
-64.83333251	0.00000070
-64.79999918	0.00000089
-64.76666584	0.00000078
-64.73333251	0.00000081
-64.69999918	0.00000071
-64.66666584	0.00000100
-64.63333251	0.00000050
-64.59999918	0.00000097
-64.56666585	0.00000006
-64.53333251	0.00000005
-64.49999918	-0.00000157
-64.46666585	-0.00000188
-64.43333251	-0.00000196
-64.39999918	-0.00000342
-64.36666585	-0.00000782
-64.33333252	-0.00000620
-64.29999918	-0.00000916
-64.26666585	-0.00001065
-64.23333252	-0.00000972
-64.19999918	-0.00001410
-64.16666585	-0.00001515
-64.13333252	-0.00001608
-64.09999918	-0.00001971
-64.06666585	-0.00001812
-64.03333252	-0.00002332
-63.99999919	-0.00002708
-63.96666585	-0.00002732
-63.93333252	-0.00002790
-63.89999919	-0.00003481
-63.86666585	-0.00003425
-63.83333252	-0.00003751
-63.79999919	-0.00003998
-63.76666585	-0.00004277
-63.73333252	-0.00005047
-63.69999919	-0.00005698
-63.66666586	-0.00006149
-63.63333252	-0.00006995
-63.59999919	-0.00005828
-63.56666586	-0.00006663
-63.53333252	-0.00008015
-63.49999919	-0.00008219
-63.46666586	-0.00008743
-63.43333252	-0.00009358
-63.39999919	-0.00011095
-63.36666586	-0.00010629
-63.33333253	-0.00011135
-63.29999919	-0.00010811
-63.26666586	-0.00012879
-63.23333253	-0.00012307
-63.19999919	-0.00013190
-63.16666586	-0.00013546
-63.13333253	-0.00013316
-63.09999919	-0.00012925
-63.06666586	-0.00013230
-63.03333253	-0.00012537
-62.99999920	-0.00010206
-62.96666586	-0.00011080
-62.93333253	-0.00010274
-62.89999920	-0.00008912
-62.86666586	-0.00012340
-62.83333253	-0.00010483
-62.79999920	-0.00008693
-62.76666586	-0.00008236
-62.73333253	-0.00008550
-62.69999920	-0.00007092
-62.66666587	-0.00005614
-62.63333253	-0.00002365
-62.59999920	-0.00003128
-62.56666587	-0.00002351
-62.53333253	-0.00002503
-62.49999920	0.00000825
-62.46666587	0.00001850
-62.43333253	0.00002076
-62.39999920	0.00003960
-62.36666587	0.00006362
-62.33333254	0.00006093
-62.29999920	0.00009066
-62.26666587	0.00012505
-62.23333254	0.00015107
-62.19999920	0.00014550
-62.16666587	0.00016943
-62.13333254	0.00024753
-62.09999920	0.00024814
-62.06666587	0.00028727
-62.03333254	0.00030273
-61.99999921	0.00032981
-61.96666587	0.00038856
-61.93333254	0.00042502
-61.89999921	0.00044988
-61.86666587	0.00046515
-61.83333254	0.00055014
-61.79999921	0.00055779
-61.76666588	0.00059656
-61.73333254	0.00059007
-61.69999921	0.00066000
-61.66666588	0.00069076
-61.63333254	0.00075854
-61.59999921	0.00074916
-61.56666588	0.00077446
-61.53333254	0.00080969
-61.49999921	0.00088843
-61.46666588	0.00090631
-61.43333255	0.00097894
-61.39999921	0.00098571
-61.36666588	0.00100332
-61.33333255	0.00103310
-61.29999921	0.00106097
-61.26666588	0.00112247
-61.23333255	0.00115704
-61.19999921	0.00117561
-61.16666588	0.00123769
-61.13333255	0.00123944
-61.09999922	0.00124623
-61.06666588	0.00125471
-61.03333255	0.00130765
-60.99999922	0.00129109
-60.96666588	0.00130328
-60.93333255	0.00130577
-60.89999922	0.00131342
-60.86666588	0.00136522
-60.83333255	0.00134233
-60.79999922	0.00136146
-60.76666589	0.00129149
-60.73333255	0.00130584
-60.69999922	0.00130367
-60.66666589	0.00131022
-60.63333255	0.00126964
-60.59999922	0.00117305
-60.56666589	0.00122378
-60.53333255	0.00120027
-60.49999922	0.00112283
-60.46666589	0.00108131
-60.43333256	0.00113528
-60.39999922	0.00100088
-60.36666589	0.00098413
-60.33333256	0.00095768
-60.29999922	0.00086806
-60.26666589	0.00079939
-60.23333256	0.00072482
-60.19999922	0.00067103
-60.16666589	0.00065783
-60.13333256	0.00065525
-60.09999923	0.00039880
-60.06666589	0.00042493
-60.03333256	0.00037347
-59.99999923	0.00031763
-59.96666589	0.00022674
-59.93333256	0.00016095
-59.89999923	0.00006559
-59.86666589	-0.00003473
-59.83333256	-0.00008310
-59.79999923	-0.00014946
-59.76666590	-0.00022580
-59.73333256	-0.00037265
-59.69999923	-0.00045045
-59.66666590	-0.00051651
-59.63333256	-0.00064870
-59.59999923	-0.00070400
-59.56666590	-0.00082201
-59.53333256	-0.00092343
-59.49999923	-0.00102922
-59.46666590	-0.00106557
-59.43333257	-0.00118826
-59.39999923	-0.00118011
-59.36666590	-0.00129733
-59.33333257	-0.00133943
-59.29999923	-0.00139167
-59.26666590	-0.00142121
-59.23333257	-0.00151115
-59.19999924	-0.00159425
-59.16666590	-0.00162786
-59.13333257	-0.00172819
-59.09999924	-0.00167171
-59.06666590	-0.00174729
-59.03333257	-0.00181311
-58.99999924	-0.00181949
-58.96666590	-0.00181134
-58.93333257	-0.00174101
-58.89999924	-0.00179999
-58.86666591	-0.00181430
-58.83333257	-0.00186636
-58.79999924	-0.00177538
-58.76666591	-0.00177623
-58.73333257	-0.00167912
-58.69999924	-0.00176071
-58.66666591	-0.00165356
-58.63333257	-0.00165072
-58.59999924	-0.00169413
-58.56666591	-0.00162707
-58.53333258	-0.00161608
-58.49999924	-0.00159437
-58.46666591	-0.00155348
-58.43333258	-0.00147354
-58.39999924	-0.00146102
-58.36666591	-0.00141601
-58.33333258	-0.00133190
-58.29999924	-0.00132639
-58.26666591	-0.00132401
-58.23333258	-0.00125808
-58.19999925	-0.00124779
-58.16666591	-0.00126865
-58.13333258	-0.00114403
-58.09999925	-0.00103008
-58.06666591	-0.00099815
-58.03333258	-0.00099844
-57.99999925	-0.00096938
-57.96666591	-0.00096968
-57.93333258	-0.00102705
-57.89999925	-0.00087855
-57.86666592	-0.00088602
-57.83333258	-0.00082423
-57.79999925	-0.00076772
-57.76666592	-0.00082272
-57.73333258	-0.00070028
-57.69999925	-0.00083128
-57.66666592	-0.00064560
-57.63333258	-0.00070322
-57.59999925	-0.00072291
-57.56666592	-0.00062181
-57.53333259	-0.00062324
-57.49999925	-0.00066417
-57.46666592	-0.00058007
-57.43333259	-0.00052671
-57.39999925	-0.00048756
-57.36666592	-0.00034800
-57.33333259	-0.00044581
-57.29999925	-0.00032642
-57.26666592	-0.00027884
-57.23333259	-0.00036385
-57.19999926	-0.00029524
-57.16666592	-0.00022397
-57.13333259	-0.00018066
-57.09999926	-0.00012010
-57.06666592	-0.00015116
-57.03333259	-0.00013025
-56.99999926	-0.00013367
-56.96666592	-0.00014835
-56.93333259	0.00003786
-56.89999926	-0.00003954
-56.86666593	0.00005266
-56.83333259	0.00010362
-56.79999926	0.00003503
-56.76666593	-0.00002408
-56.73333259	0.00010675
-56.69999926	0.00008335
-56.66666593	0.00010215
-56.63333260	0.00013166
-56.59999926	0.00020779
-56.56666593	0.00007166
-56.53333260	0.00014782
-56.49999926	0.00027145
-56.46666593	0.00020157
-56.43333260	0.00022226
-56.39999926	0.00016728
-56.36666593	0.00020855
-56.33333260	0.00022003
-56.29999927	0.00023268
-56.26666593	0.00018025
-56.23333260	0.00016418
-56.19999927	0.00016944
-56.16666593	0.00026260
-56.13333260	0.00015004
-56.09999927	0.00019960
-56.06666593	0.00026626
-56.03333260	0.00037679
-55.99999927	0.00023857
-55.96666594	0.00026112
-55.93333260	0.00027817
-55.89999927	0.00017524
-55.86666594	0.00025803
-55.83333260	0.00030647
-55.79999927	0.00024502
-55.76666594	0.00028787
-55.73333260	0.00023410
-55.69999927	0.00029802
-55.66666594	0.00018285
-55.63333261	0.00022289
-55.59999927	0.00025619
-55.56666594	0.00019763
-55.53333261	0.00021338
-55.49999927	0.00018431
-55.46666594	0.00023957
-55.43333261	0.00034545
-55.39999927	0.00034636
-55.36666594	0.00021614
-55.33333261	0.00017171
-55.29999928	0.00028306
-55.26666594	0.00019765
-55.23333261	0.00022428
-55.19999928	0.00020632
-55.16666594	0.00017199
-55.13333261	0.00002343
-55.09999928	0.00009543
-55.06666594	0.00007446
-55.03333261	0.00007105
-54.99999928	0.00011809
-54.96666595	0.00016571
-54.93333261	0.00006906
-54.89999928	0.00013690
-54.86666595	0.00013175
-54.83333261	0.00023112
-54.79999928	0.00005333
-54.76666595	0.00006663
-54.73333261	0.00001736
-54.69999928	0.00010866
-54.66666595	0.00003544
-54.63333262	-0.00002593
-54.59999928	0.00004418
-54.56666595	0.00001545
-54.53333262	0.00001604
-54.49999928	0.00013814
-54.46666595	0.00011373
-54.43333262	-0.00002147
-54.39999928	0.00005664
-54.36666595	0.00018322
-54.33333262	0.00024455
-54.29999929	0.00026868
-54.26666595	0.00033412
-54.23333262	0.00030737
-54.19999929	0.00033312
-54.16666595	0.00026948
-54.13333262	0.00036031
-54.09999929	0.00039273
-54.06666596	0.00034669
-54.03333262	0.00047524
-53.99999929	0.00039077
-53.96666596	0.00039269
-53.93333262	0.00041350
-53.89999929	0.00053663
-53.86666596	0.00050076
-53.83333262	0.00055638
-53.79999929	0.00042582
-53.76666596	0.00061823
-53.73333263	0.00057394
-53.69999929	0.00054602
-53.66666596	0.00052636
-53.63333263	0.00057087
-53.59999929	0.00058017
-53.56666596	0.00049468
-53.53333263	0.00053242
-53.49999929	0.00065968
-53.46666596	0.00051297
-53.43333263	0.00052217
-53.39999930	0.00045140
-53.36666596	0.00043929
-53.33333263	0.00046104
-53.29999930	0.00045806
-53.26666596	0.00042446
-53.23333263	0.00048326
-53.19999930	0.00038304
-53.16666596	0.00044132
-53.13333263	0.00044831
-53.09999930	0.00042073
-53.06666597	0.00044767
-53.03333263	0.00046986
-52.99999930	0.00049702
-52.96666597	0.00048036
-52.93333263	0.00031436
-52.89999930	0.00041412
-52.86666597	0.00038006
-52.83333263	0.00041501
-52.79999930	0.00050316
-52.76666597	0.00050601
-52.73333264	0.00054608
-52.69999930	0.00040388
-52.66666597	0.00053565
-52.63333264	0.00036699
-52.59999930	0.00051304
-52.56666597	0.00045922
-52.53333264	0.00053390
-52.49999930	0.00051571
-52.46666597	0.00049702
-52.43333264	0.00050943
-52.39999931	0.00055395
-52.36666597	0.00051223
-52.33333264	0.00055539
-52.29999931	0.00048981
-52.26666597	0.00045713
-52.23333264	0.00053134
-52.19999931	0.00046802
-52.16666597	0.00050269
-52.13333264	0.00056196
-52.09999931	0.00049230
-52.06666598	0.00047089
-52.03333264	0.00049838
-51.99999931	0.00053183
-51.96666598	0.00052476
-51.93333264	0.00049580
-51.89999931	0.00048102
-51.86666598	0.00060644
-51.83333264	0.00050128
-51.79999931	0.00050446
-51.76666598	0.00036671
-51.73333265	0.00049791
-51.69999931	0.00038689
-51.66666598	0.00037706
-51.63333265	0.00029800
-51.59999931	0.00034590
-51.56666598	0.00020055
-51.53333265	0.00023677
-51.49999932	0.00028542
-51.46666598	0.00033620
-51.43333265	0.00030835
-51.39999932	0.00024026
-51.36666598	0.00022377
-51.33333265	0.00027582
-51.29999932	0.00019028
-51.26666598	0.00017074
-51.23333265	0.00018123
-51.19999932	0.00016718
-51.16666599	0.00022324
-51.13333265	0.00025314
-51.09999932	0.00024552
-51.06666599	0.00010110
-51.03333265	0.00020581
-50.99999932	0.00011701
-50.96666599	0.00012548
-50.93333265	0.00015601
-50.89999932	0.00003289
-50.86666599	0.00010510
-50.83333266	0.00019401
-50.79999932	0.00014982
-50.76666599	0.00023191
-50.73333266	0.00021644
-50.69999932	0.00025882
-50.66666599	0.00021178
-50.63333266	0.00025039
-50.59999932	0.00025514
-50.56666599	0.00026646
-50.53333266	0.00032147
-50.49999933	0.00042293
-50.46666599	0.00043124
-50.43333266	0.00041442
-50.39999933	0.00043922
-50.36666599	0.00050960
-50.33333266	0.00054731
-50.29999933	0.00069461
-50.26666599	0.00066876
-50.23333266	0.00072585
-50.19999933	0.00076459
-50.16666600	0.00082865
-50.13333266	0.00082652
-50.09999933	0.00100501
-50.06666600	0.00113811
-50.03333266	0.00125553
-49.99999933	0.00125329
-49.96666600	0.00139521
-49.93333266	0.00150334
-49.89999933	0.00144890
-49.86666600	0.00149506
-49.83333267	0.00160710
-49.79999933	0.00160410
-49.76666600	0.00177245
-49.73333267	0.00180517
-49.69999933	0.00182189
-49.66666600	0.00189259
-49.63333267	0.00199074
-49.59999933	0.00197335
-49.56666600	0.00213205
-49.53333267	0.00216288
-49.49999934	0.00219369
-49.46666600	0.00225274
-49.43333267	0.00220955
-49.39999934	0.00241511
-49.36666600	0.00247565
-49.33333267	0.00247694
-49.29999934	0.00265576
-49.26666600	0.00254046
-49.23333267	0.00272022
-49.19999934	0.00263364
-49.16666601	0.00264200
-49.13333267	0.00274707
-49.09999934	0.00274785
-49.06666601	0.00282276
-49.03333267	0.00291361
-48.99999934	0.00298159
-48.96666601	0.00293685
-48.93333268	0.00312461
-48.89999934	0.00316184
-48.86666601	0.00305161
-48.83333268	0.00319236
-48.79999934	0.00316947
-48.76666601	0.00317409
-48.73333268	0.00322607
-48.69999934	0.00326548
-48.66666601	0.00334607
-48.63333268	0.00329947
-48.59999935	0.00336031
-48.56666601	0.00339483
-48.53333268	0.00339219
-48.49999935	0.00340717
-48.46666601	0.00359924
-48.43333268	0.00345149
-48.39999935	0.00332554
-48.36666601	0.00345197
-48.33333268	0.00341512
-48.29999935	0.00356198
-48.26666602	0.00360262
-48.23333268	0.00351042
-48.19999935	0.00355316
-48.16666602	0.00363687
-48.13333268	0.00352463
-48.09999935	0.00354012
-48.06666602	0.00355922
-48.03333268	0.00354021
-47.99999935	0.00345312
-47.96666602	0.00343841
-47.93333269	0.00342053
-47.89999935	0.00342773
-47.86666602	0.00340474
-47.83333269	0.00332735
-47.79999935	0.00334274
-47.76666602	0.00334106
-47.73333269	0.00327667
-47.69999935	0.00326652
-47.66666602	0.00333060
-47.63333269	0.00321070
-47.59999936	0.00312803
-47.56666602	0.00306496
-47.53333269	0.00303974
-47.49999936	0.00313756
-47.46666602	0.00303897
-47.43333269	0.00301626
-47.39999936	0.00291741
-47.36666602	0.00292481
-47.33333269	0.00288460
-47.29999936	0.00283091
-47.26666603	0.00277926
-47.23333269	0.00271368
-47.19999936	0.00252951
-47.16666603	0.00256834
-47.13333269	0.00269023
-47.09999936	0.00248866
-47.06666603	0.00250280
-47.03333269	0.00243677
-46.99999936	0.00247859
-46.96666603	0.00241831
-46.93333270	0.00252697
-46.89999936	0.00242173
-46.86666603	0.00245068
-46.83333270	0.00233421
-46.79999936	0.00236147
-46.76666603	0.00230109
-46.73333270	0.00224617
-46.69999936	0.00227809
-46.66666603	0.00220752
-46.63333270	0.00220272
-46.59999937	0.00226401
-46.56666603	0.00220092
-46.53333270	0.00221366
-46.49999937	0.00216421
-46.46666603	0.00200366
-46.43333270	0.00203042
-46.39999937	0.00210086
-46.36666604	0.00217395
-46.33333270	0.00217256
-46.29999937	0.00212842
-46.26666604	0.00216062
-46.23333270	0.00228793
-46.19999937	0.00221976
-46.16666604	0.00235818
-46.13333270	0.00237133
-46.09999937	0.00238953
-46.06666604	0.00249260
-46.03333271	0.00256283
-45.99999937	0.00266706
-45.96666604	0.00289585
-45.93333271	0.00286949
-45.89999937	0.00298266
-45.86666604	0.00324028
-45.83333271	0.00328833
-45.79999937	0.00340462
-45.76666604	0.00371126
-45.73333271	0.00388823
-45.69999938	0.00424675
-45.66666604	0.00444262
-45.63333271	0.00469090
-45.59999938	0.00496044
-45.56666604	0.00528857
-45.53333271	0.00545131
-45.49999938	0.00574078
-45.46666604	0.00607415
-45.43333271	0.00645780
-45.39999938	0.00679975
-45.36666605	0.00697803
-45.33333271	0.00740606
-45.29999938	0.00749517
-45.26666605	0.00795072
-45.23333271	0.00815026
-45.19999938	0.00841909
-45.16666605	0.00880050
-45.13333271	0.00896316
-45.09999938	0.00923204
-45.06666605	0.00944629
-45.03333272	0.00971287
-44.99999938	0.00993335
-44.96666605	0.01008387
-44.93333272	0.01023832
-44.89999938	0.01043717
-44.86666605	0.01049450
-44.83333272	0.01062618
-44.79999938	0.01063357
-44.76666605	0.01062342
-44.73333272	0.01062444
-44.69999939	0.01065899
-44.66666605	0.01058394
-44.63333272	0.01052961
-44.59999939	0.01044084
-44.56666605	0.01031875
-44.53333272	0.01011424
-44.49999939	0.00996397
-44.46666605	0.00978421
-44.43333272	0.00948270
-44.39999939	0.00924130
-44.36666606	0.00874469
-44.33333272	0.00838604
-44.29999939	0.00781719
-44.26666606	0.00728507
-44.23333272	0.00672309
-44.19999939	0.00605755
-44.16666606	0.00523509
-44.13333272	0.00446296
-44.09999939	0.00350277
-44.06666606	0.00253593
-44.03333273	0.00141587
-43.99999939	0.00012519
-43.96666606	-0.00100876
-43.93333273	-0.00257621
-43.89999939	-0.00417133
-43.86666606	-0.00584591
-43.83333273	-0.00763707
-43.79999940	-0.00966808
-43.76666606	-0.01157114
-43.73333273	-0.01379417
-43.69999940	-0.01612674
-43.66666606	-0.01846350
-43.63333273	-0.02087585
-43.59999940	-0.02363085
-43.56666606	-0.02626017
-43.53333273	-0.02902423
-43.49999940	-0.03173178
-43.46666607	-0.03455629
-43.43333273	-0.03740677
-43.39999940	-0.04035326
-43.36666607	-0.04325519
-43.33333273	-0.04594689
-43.29999940	-0.04880368
-43.26666607	-0.05148164
-43.23333273	-0.05408860
-43.19999940	-0.05658426
-43.16666607	-0.05886872
-43.13333274	-0.06100742
-43.09999940	-0.06290340
-43.06666607	-0.06470856
-43.03333274	-0.06631547
-42.99999940	-0.06750586
-42.96666607	-0.06858891
-42.93333274	-0.06933949
-42.89999940	-0.06979340
-42.86666607	-0.07004457
-42.83333274	-0.06992923
-42.79999941	-0.06944428
-42.76666607	-0.06882029
-42.73333274	-0.06784381
-42.69999941	-0.06655579
-42.66666607	-0.06492702
-42.63333274	-0.06313257
-42.59999941	-0.06104958
-42.56666607	-0.05877245
-42.53333274	-0.05610027
-42.49999941	-0.05324852
-42.46666608	-0.05015628
-42.43333274	-0.04678344
-42.39999941	-0.04337819
-42.36666608	-0.03969287
-42.33333274	-0.03598725
-42.29999941	-0.03204668
-42.26666608	-0.02816563
-42.23333274	-0.02403990
-42.19999941	-0.01991193
-42.16666608	-0.01570224
-42.13333275	-0.01152202
-42.09999941	-0.00728259
-42.06666608	-0.00307719
-42.03333275	0.00105422
-41.99999941	0.00522521
-41.96666608	0.00927137
-41.93333275	0.01324783
-41.89999941	0.01709734
-41.86666608	0.02099186
-41.83333275	0.02474229
-41.79999942	0.02824152
-41.76666608	0.03156903
-41.73333275	0.03489540
-41.69999942	0.03799215
-41.66666608	0.04105313
-41.63333275	0.04373363
-41.59999942	0.04635946
-41.56666608	0.04869869
-41.53333275	0.05091061
-41.49999942	0.05294453
-41.46666609	0.05461582
-41.43333275	0.05632972
-41.39999942	0.05763896
-41.36666609	0.05879766
-41.33333275	0.05965597
-41.29999942	0.06028053
-41.26666609	0.06078191
-41.23333276	0.06098247
-41.19999942	0.06100498
-41.16666609	0.06077737
-41.13333276	0.06034441
-41.09999942	0.05969059
-41.06666609	0.05877061
-41.03333276	0.05772297
-40.99999942	0.05645694
-40.96666609	0.05499314
-40.93333276	0.05347574
-40.89999943	0.05169567
-40.86666609	0.04983611
-40.83333276	0.04762524
-40.79999943	0.04535408
-40.76666609	0.04306127
-40.73333276	0.04056367
-40.69999943	0.03800360
-40.66666609	0.03541982
-40.63333276	0.03261505
-40.59999943	0.02985660
-40.56666610	0.02711926
-40.53333276	0.02430735
-40.49999943	0.02138172
-40.46666610	0.01846126
-40.43333276	0.01573808
-40.39999943	0.01292456
-40.36666610	0.01018190
-40.33333276	0.00753320
-40.29999943	0.00503377
-40.26666610	0.00255733
-40.23333277	0.00006379
-40.19999943	-0.00213327
-40.16666610	-0.00437090
-40.13333277	-0.00640487
-40.09999943	-0.00836776
-40.06666610	-0.01019126
-40.03333277	-0.01185659
-39.99999943	-0.01326436
-39.96666610	-0.01468629
-39.93333277	-0.01594440
-39.89999944	-0.01698658
-39.86666610	-0.01791303
-39.83333277	-0.01869010
-39.79999944	-0.01927391
-39.76666610	-0.01974139
-39.73333277	-0.02007545
-39.69999944	-0.02017107
-39.66666610	-0.02023497
-39.63333277	-0.02018057
-39.59999944	-0.01980294
-39.56666611	-0.01940095
-39.53333277	-0.01890949
-39.49999944	-0.01825576
-39.46666611	-0.01754484
-39.43333277	-0.01682817
-39.39999944	-0.01589283
-39.36666611	-0.01497763
-39.33333277	-0.01393417
-39.29999944	-0.01292440
-39.26666611	-0.01173380
-39.23333278	-0.01039269
-39.19999944	-0.00926332
-39.16666611	-0.00800548
-39.13333278	-0.00659185
-39.09999944	-0.00529297
-39.06666611	-0.00387146
-39.03333278	-0.00261805
-38.99999944	-0.00127587
-38.96666611	0.00002783
-38.93333278	0.00138633
-38.89999945	0.00265710
-38.86666611	0.00395682
-38.83333278	0.00519715
-38.79999945	0.00637513
-38.76666611	0.00757046
-38.73333278	0.00877720
-38.69999945	0.00986489
-38.66666612	0.01098773
-38.63333278	0.01201929
-38.59999945	0.01288144
-38.56666612	0.01384391
-38.53333278	0.01475919
-38.49999945	0.01560632
-38.46666612	0.01628970
-38.43333278	0.01703775
-38.39999945	0.01764062
-38.36666612	0.01829436
-38.33333279	0.01871859
-38.29999945	0.01927267
-38.26666612	0.01964633
-38.23333279	0.02005643
-38.19999945	0.02036636
-38.16666612	0.02056498
-38.13333279	0.02061863
-38.09999945	0.02068733
-38.06666612	0.02063201
-38.03333279	0.02060916
-37.99999946	0.02047165
-37.96666612	0.02018065
-37.93333279	0.01996925
-37.89999946	0.01955579
-37.86666612	0.01919238
-37.83333279	0.01864158
-37.79999946	0.01808969
-37.76666612	0.01744044
-37.73333279	0.01673068
-37.69999946	0.01593730
-37.66666613	0.01513988
-37.63333279	0.01434059
-37.59999946	0.01343901
-37.56666613	0.01251305
-37.53333279	0.01168748
-37.49999946	0.01064652
-37.46666613	0.00969395
-37.43333279	0.00858092
-37.39999946	0.00755580
-37.36666613	0.00652503
-37.33333280	0.00541884
-37.29999946	0.00441361
-37.26666613	0.00327899
-37.23333280	0.00230108
-37.19999946	0.00125872
-37.16666613	0.00020440
-37.13333280	-0.00066468
-37.09999946	-0.00165311
-37.06666613	-0.00254260
-37.03333280	-0.00343816
-36.99999947	-0.00404120
-36.96666613	-0.00486611
-36.93333280	-0.00554187
-36.89999947	-0.00620197
-36.86666613	-0.00672684
-36.83333280	-0.00729210
-36.79999947	-0.00779897
-36.76666613	-0.00815759
-36.73333280	-0.00856319
-36.69999947	-0.00889223
-36.66666614	-0.00903913
-36.63333280	-0.00920851
-36.59999947	-0.00925072
-36.56666614	-0.00936512
-36.53333280	-0.00938394
-36.49999947	-0.00937489
-36.46666614	-0.00927344
-36.43333280	-0.00916955
-36.39999947	-0.00897885
-36.36666614	-0.00878857
-36.33333281	-0.00851350
-36.29999947	-0.00831968
-36.26666614	-0.00814413
-36.23333281	-0.00795660
-36.19999947	-0.00757088
-36.16666614	-0.00730955
-36.13333281	-0.00706484
-36.09999948	-0.00673077
-36.06666614	-0.00635568
-36.03333281	-0.00610029
-35.99999948	-0.00579651
-35.96666614	-0.00541361
-35.93333281	-0.00516110
-35.89999948	-0.00493151
-35.86666614	-0.00458558
-35.83333281	-0.00437146
-35.79999948	-0.00405171
-35.76666615	-0.00383908
-35.73333281	-0.00377873
-35.69999948	-0.00340343
-35.66666615	-0.00316217
-35.63333281	-0.00308739
-35.59999948	-0.00300259
-35.56666615	-0.00279536
-35.53333281	-0.00269347
-35.49999948	-0.00254388
-35.46666615	-0.00239445
-35.43333282	-0.00229712
-35.39999948	-0.00239398
-35.36666615	-0.00218737
-35.33333282	-0.00226900
-35.29999948	-0.00220186
-35.26666615	-0.00222386
-35.23333282	-0.00215794
-35.19999948	-0.00235459
-35.16666615	-0.00246481
-35.13333282	-0.00236590
-35.09999949	-0.00258539
-35.06666615	-0.00273883
-35.03333282	-0.00280490
-34.99999949	-0.00292691
-34.96666615	-0.00316872
-34.93333282	-0.00334004
-34.89999949	-0.00365371
-34.86666615	-0.00392738
-34.83333282	-0.00424408
-34.79999949	-0.00451451
-34.76666616	-0.00468789
-34.73333282	-0.00508897
-34.69999949	-0.00540279
-34.66666616	-0.00583153
-34.63333282	-0.00613082
-34.59999949	-0.00659089
-34.56666616	-0.00693542
-34.53333282	-0.00737023
-34.49999949	-0.00772755
-34.46666616	-0.00814549
-34.43333283	-0.00851019
-34.39999949	-0.00880672
-34.36666616	-0.00921554
-34.33333283	-0.00952910
-34.29999949	-0.00994162
-34.26666616	-0.01022990
-34.23333283	-0.01047825
-34.19999949	-0.01075080
-34.16666616	-0.01114570
-34.13333283	-0.01135739
-34.09999950	-0.01157403
-34.06666616	-0.01185089
-34.03333283	-0.01197142
-33.99999950	-0.01202814
-33.96666616	-0.01214465
-33.93333283	-0.01230218
-33.89999950	-0.01240990
-33.86666616	-0.01242182
-33.83333283	-0.01260927
-33.79999950	-0.01257340
-33.76666617	-0.01260234
-33.73333283	-0.01253501
-33.69999950	-0.01245732
-33.66666617	-0.01250901
-33.63333283	-0.01239400
-33.59999950	-0.01230178
-33.56666617	-0.01219138
-33.53333284	-0.01214566
-33.49999950	-0.01198808
-33.46666617	-0.01182981
-33.43333284	-0.01177711
-33.39999950	-0.01151275
-33.36666617	-0.01140256
-33.33333284	-0.01125194
-33.29999950	-0.01106828
-33.26666617	-0.01082521
-33.23333284	-0.01075650
-33.19999951	-0.01057941
-33.16666617	-0.01039423
-33.13333284	-0.01022277
-33.09999951	-0.00996551
-33.06666617	-0.00974892
-33.03333284	-0.00954246
-32.99999951	-0.00934125
-32.96666617	-0.00915514
-32.93333284	-0.00888353
-32.89999951	-0.00876313
-32.86666618	-0.00839495
-32.83333284	-0.00828460
-32.79999951	-0.00794005
-32.76666618	-0.00760313
-32.73333284	-0.00739834
-32.69999951	-0.00721348
-32.66666618	-0.00692228
-32.63333284	-0.00676916
-32.59999951	-0.00647948
-32.56666618	-0.00631954
-32.53333285	-0.00606961
-32.49999951	-0.00578875
-32.46666618	-0.00556344
-32.43333285	-0.00529279
-32.39999951	-0.00516160
-32.36666618	-0.00485616
-32.33333285	-0.00461075
-32.29999951	-0.00431302
-32.26666618	-0.00420704
-32.23333285	-0.00414982
-32.19999952	-0.00392313
-32.16666618	-0.00371278
-32.13333285	-0.00355324
-32.09999952	-0.00331721
-32.06666618	-0.00309987
-32.03333285	-0.00298044
-31.99999952	-0.00298991
-31.96666618	-0.00289229
-31.93333285	-0.00277040
-31.89999952	-0.00279299
-31.86666619	-0.00266326
-31.83333285	-0.00273989
-31.79999952	-0.00277674
-31.76666619	-0.00274469
-31.73333285	-0.00282877
-31.69999952	-0.00279268
-31.66666619	-0.00280104
-31.63333285	-0.00279131
-31.59999952	-0.00289800
-31.56666619	-0.00304217
-31.53333286	-0.00304668
-31.49999952	-0.00308060
-31.46666619	-0.00318743
-31.43333286	-0.00321844
-31.39999952	-0.00323520
-31.36666619	-0.00335247
-31.33333286	-0.00333029
-31.29999952	-0.00350808
-31.26666619	-0.00351406
-31.23333286	-0.00364368
-31.19999953	-0.00362451
-31.16666619	-0.00371231
-31.13333286	-0.00374902
-31.09999953	-0.00377494
-31.06666619	-0.00390708
-31.03333286	-0.00392244
-30.99999953	-0.00394919
-30.96666620	-0.00393610
-30.93333286	-0.00399080
-30.89999953	-0.00395793
-30.86666620	-0.00403220
-30.83333286	-0.00396516
-30.79999953	-0.00390506
-30.76666620	-0.00386759
-30.73333286	-0.00377019
-30.69999953	-0.00384366
-30.66666620	-0.00372190
-30.63333287	-0.00370680
-30.59999953	-0.00364945
-30.56666620	-0.00369192
-30.53333287	-0.00355818
-30.49999953	-0.00357048
-30.46666620	-0.00362136
-30.43333287	-0.00339795
-30.39999953	-0.00339834
-30.36666620	-0.00325379
-30.33333287	-0.00320860
-30.29999954	-0.00311869
-30.26666620	-0.00307079
-30.23333287	-0.00299320
-30.19999954	-0.00288355
-30.16666620	-0.00281471
-30.13333287	-0.00272579
-30.09999954	-0.00266874
-30.06666620	-0.00260277
-30.03333287	-0.00254674
-29.99999954	-0.00243105
-29.96666621	-0.00242463
-29.93333287	-0.00232815
-29.89999954	-0.00234471
-29.86666621	-0.00231444
-29.83333287	-0.00216354
-29.79999954	-0.00208687
-29.76666621	-0.00209930
-29.73333287	-0.00217655
-29.69999954	-0.00202751
-29.66666621	-0.00208552
-29.63333288	-0.00192633
-29.59999954	-0.00197080
-29.56666621	-0.00191774
-29.53333288	-0.00194062
-29.49999954	-0.00192969
-29.46666621	-0.00195270
-29.43333288	-0.00182232
-29.39999954	-0.00197318
-29.36666621	-0.00181138
-29.33333288	-0.00186544
-29.29999955	-0.00179061
-29.26666621	-0.00179400
-29.23333288	-0.00178564
-29.19999955	-0.00178302
-29.16666621	-0.00173333
-29.13333288	-0.00165095
-29.09999955	-0.00155647
-29.06666621	-0.00143883
-29.03333288	-0.00135223
-28.99999955	-0.00138235
-28.96666622	-0.00136323
-28.93333288	-0.00135954
-28.89999955	-0.00122878
-28.86666622	-0.00128346
-28.83333288	-0.00113245
-28.79999955	-0.00106720
-28.76666622	-0.00106534
-28.73333288	-0.00093208
-28.69999955	-0.00092977
-28.66666622	-0.00081693
-28.63333289	-0.00086263
-28.59999955	-0.00072447
-28.56666622	-0.00062722
-28.53333289	-0.00064036
-28.49999955	-0.00065641
-28.46666622	-0.00068434
-28.43333289	-0.00073896
-28.39999956	-0.00069290
-28.36666622	-0.00061881
-28.33333289	-0.00064547
-28.29999956	-0.00067963
-28.26666622	-0.00069503
-28.23333289	-0.00076792
-28.19999956	-0.00079984
-28.16666622	-0.00081853
-28.13333289	-0.00086606
-28.09999956	-0.00097068
-28.06666623	-0.00100246
-28.03333289	-0.00103464
-27.99999956	-0.00115987
-27.96666623	-0.00117177
-27.93333289	-0.00120713
-27.89999956	-0.00114387
-27.86666623	-0.00138038
-27.83333289	-0.00135530
-27.79999956	-0.00145937
-27.76666623	-0.00157387
-27.73333290	-0.00163329
-27.69999956	-0.00156986
-27.66666623	-0.00160967
-27.63333290	-0.00180364
-27.59999956	-0.00172275
-27.56666623	-0.00190420
-27.53333290	-0.00183760
-27.49999956	-0.00191227
-27.46666623	-0.00193915
-27.43333290	-0.00201157
-27.39999957	-0.00202898
-27.36666623	-0.00206708
-27.33333290	-0.00202248
-27.29999957	-0.00206839
-27.26666623	-0.00211418
-27.23333290	-0.00215894
-27.19999957	-0.00217638
-27.16666623	-0.00213723
-27.13333290	-0.00224066
-27.09999957	-0.00223106
-27.06666624	-0.00229687
-27.03333290	-0.00226955
-26.99999957	-0.00216422
-26.96666624	-0.00226082
-26.93333290	-0.00222829
-26.89999957	-0.00219818
-26.86666624	-0.00231975
-26.83333290	-0.00226780
-26.79999957	-0.00220669
-26.76666624	-0.00233666
-26.73333291	-0.00226029
-26.69999957	-0.00217570
-26.66666624	-0.00228033
-26.63333291	-0.00226756
-26.59999957	-0.00223567
-26.56666624	-0.00224473
-26.53333291	-0.00221754
-26.49999957	-0.00229690
-26.46666624	-0.00234181
-26.43333291	-0.00224809
-26.39999958	-0.00227532
-26.36666624	-0.00230656
-26.33333291	-0.00217952
-26.29999958	-0.00217289
-26.26666624	-0.00221315
-26.23333291	-0.00215500
-26.19999958	-0.00212112
-26.16666624	-0.00219467
-26.13333291	-0.00205829
-26.09999958	-0.00212645
-26.06666625	-0.00212986
-26.03333291	-0.00204455
-25.99999958	-0.00193259
-25.96666625	-0.00203093
-25.93333291	-0.00201262
-25.89999958	-0.00193041
-25.86666625	-0.00199129
-25.83333292	-0.00209938
-25.79999958	-0.00193608
-25.76666625	-0.00194468
-25.73333292	-0.00196983
-25.69999958	-0.00200752
-25.66666625	-0.00192304
-25.63333292	-0.00195975
-25.59999958	-0.00188088
-25.56666625	-0.00183049
-25.53333292	-0.00197399
-25.49999959	-0.00188881
-25.46666625	-0.00181276
-25.43333292	-0.00196074
-25.39999959	-0.00183002
-25.36666625	-0.00180311
-25.33333292	-0.00182749
-25.29999959	-0.00187069
-25.26666625	-0.00183609
-25.23333292	-0.00191837
-25.19999959	-0.00194596
-25.16666626	-0.00189379
-25.13333292	-0.00190802
-25.09999959	-0.00190259
-25.06666626	-0.00191118
-25.03333292	-0.00184598
-24.99999959	-0.00194140
-24.96666626	-0.00198530
-24.93333292	-0.00201895
-24.89999959	-0.00208172
-24.86666626	-0.00206039
-24.83333293	-0.00209748
-24.79999959	-0.00204469
-24.76666626	-0.00201987
-24.73333293	-0.00206621
-24.69999959	-0.00224064
-24.66666626	-0.00221323
-24.63333293	-0.00228357
-24.59999959	-0.00232253
-24.56666626	-0.00236621
-24.53333293	-0.00241221
-24.49999960	-0.00251503
-24.46666626	-0.00262786
-24.43333293	-0.00276194
-24.39999960	-0.00285463
-24.36666626	-0.00293391
-24.33333293	-0.00299669
-24.29999960	-0.00315807
-24.26666626	-0.00309204
-24.23333293	-0.00325739
-24.19999960	-0.00349855
-24.16666627	-0.00349508
-24.13333293	-0.00351728
-24.09999960	-0.00363885
-24.06666627	-0.00369708
-24.03333293	-0.00381770
-23.99999960	-0.00385412
-23.96666627	-0.00397043
-23.93333293	-0.00407298
-23.89999960	-0.00412499
-23.86666627	-0.00407864
-23.83333294	-0.00409300
-23.79999960	-0.00409360
-23.76666627	-0.00406456
-23.73333294	-0.00406062
-23.69999960	-0.00402634
-23.66666627	-0.00406314
-23.63333294	-0.00398866
-23.59999960	-0.00386529
-23.56666627	-0.00382023
-23.53333294	-0.00381301
-23.49999961	-0.00372216
-23.46666627	-0.00366582
-23.43333294	-0.00357466
-23.39999961	-0.00358421
-23.36666627	-0.00347875
-23.33333294	-0.00343152
-23.29999961	-0.00341538
-23.26666628	-0.00317971
-23.23333294	-0.00322731
-23.19999961	-0.00316532
-23.16666628	-0.00311294
-23.13333294	-0.00306365
-23.09999961	-0.00308314
-23.06666628	-0.00306124
-23.03333294	-0.00302938
-22.99999961	-0.00311491
-22.96666628	-0.00305177
-22.93333295	-0.00307765
-22.89999961	-0.00312111
-22.86666628	-0.00302594
-22.83333295	-0.00316801
-22.79999961	-0.00327877
-22.76666628	-0.00323610
-22.73333295	-0.00319978
-22.69999961	-0.00331228
-22.66666628	-0.00335147
-22.63333295	-0.00348787
-22.59999962	-0.00348916
-22.56666628	-0.00357566
-22.53333295	-0.00377017
-22.49999962	-0.00377981
-22.46666628	-0.00386848
-22.43333295	-0.00390478
-22.39999962	-0.00406689
-22.36666628	-0.00408178
-22.33333295	-0.00417218
-22.29999962	-0.00430142
-22.26666629	-0.00432586
-22.23333295	-0.00442716
-22.19999962	-0.00455850
-22.16666629	-0.00455133
-22.13333295	-0.00463950
-22.09999962	-0.00464671
-22.06666629	-0.00463933
-22.03333295	-0.00469331
-21.99999962	-0.00485636
-21.96666629	-0.00485700
-21.93333296	-0.00490862
-21.89999962	-0.00492538
-21.86666629	-0.00508375
-21.83333296	-0.00505742
-21.79999962	-0.00503199
-21.76666629	-0.00506792
-21.73333296	-0.00509728
-21.69999962	-0.00497655
-21.66666629	-0.00501038
-21.63333296	-0.00500171
-21.59999963	-0.00507031
-21.56666629	-0.00505092
-21.53333296	-0.00503686
-21.49999963	-0.00502527
-21.46666629	-0.00501082
-21.43333296	-0.00502691
-21.39999963	-0.00496409
-21.36666629	-0.00487857
-21.33333296	-0.00495666
-21.29999963	-0.00491542
-21.26666630	-0.00494088
-21.23333296	-0.00499958
-21.19999963	-0.00502190
-21.16666630	-0.00506333
-21.13333296	-0.00497399
-21.09999963	-0.00501350
-21.06666630	-0.00502083
-21.03333296	-0.00505507
-20.99999963	-0.00512486
-20.96666630	-0.00523343
-20.93333297	-0.00516815
-20.89999963	-0.00509763
-20.86666630	-0.00510641
-20.83333297	-0.00517355
-20.79999963	-0.00513971
-20.76666630	-0.00513216
-20.73333297	-0.00517339
-20.69999963	-0.00515137
-20.66666630	-0.00508478
-20.63333297	-0.00517427
-20.59999964	-0.00514994
-20.56666630	-0.00515595
-20.53333297	-0.00515387
-20.49999964	-0.00508464
-20.46666630	-0.00513381
-20.43333297	-0.00506177
-20.39999964	-0.00504680
-20.36666631	-0.00498601
-20.33333297	-0.00488346
-20.29999964	-0.00485045
-20.26666631	-0.00480344
-20.23333297	-0.00472828
-20.19999964	-0.00472212
-20.16666631	-0.00460042
-20.13333297	-0.00460484
-20.09999964	-0.00451313
-20.06666631	-0.00451001
-20.03333298	-0.00447934
-19.99999964	-0.00440232
-19.96666631	-0.00433188
-19.93333298	-0.00434955
-19.89999964	-0.00433304
-19.86666631	-0.00431862
-19.83333298	-0.00428458
-19.79999964	-0.00422502
-19.76666631	-0.00410256
-19.73333298	-0.00402190
-19.69999965	-0.00398686
-19.66666631	-0.00390836
-19.63333298	-0.00387993
-19.59999965	-0.00391608
-19.56666631	-0.00383831
-19.53333298	-0.00376490
-19.49999965	-0.00380951
-19.46666631	-0.00369785
-19.43333298	-0.00364604
-19.39999965	-0.00352941
-19.36666632	-0.00349285
-19.33333298	-0.00332323
-19.29999965	-0.00345800
-19.26666632	-0.00330759
-19.23333298	-0.00329859
-19.19999965	-0.00318906
-19.16666632	-0.00311218
-19.13333298	-0.00302197
-19.09999965	-0.00308442
-19.06666632	-0.00298692
-19.03333299	-0.00290241
-18.99999965	-0.00291773
-18.96666632	-0.00290430
-18.93333299	-0.00278953
-18.89999965	-0.00275922
-18.86666632	-0.00275234
-18.83333299	-0.00279031
-18.79999965	-0.00282374
-18.76666632	-0.00273009
-18.73333299	-0.00274354
-18.69999966	-0.00275190
-18.66666632	-0.00266121
-18.63333299	-0.00277855
-18.59999966	-0.00267879
-18.56666632	-0.00278774
-18.53333299	-0.00282475
-18.49999966	-0.00275134
-18.46666632	-0.00278212
-18.43333299	-0.00270432
-18.39999966	-0.00256261
-18.36666633	-0.00256880
-18.33333299	-0.00259817
-18.29999966	-0.00248317
-18.26666633	-0.00234309
-18.23333299	-0.00238815
-18.19999966	-0.00230074
-18.16666633	-0.00222084
-18.13333299	-0.00225233
-18.09999966	-0.00214998
-18.06666633	-0.00206420
-18.03333300	-0.00203738
-17.99999966	-0.00197794
-17.96666633	-0.00186808
-17.93333300	-0.00175085
-17.89999966	-0.00157254
-17.86666633	-0.00167252
-17.83333300	-0.00162770
-17.79999967	-0.00159152
-17.76666633	-0.00138355
-17.73333300	-0.00131878
-17.69999967	-0.00128523
-17.66666633	-0.00113013
-17.63333300	-0.00119142
-17.59999967	-0.00103021
-17.56666633	-0.00096966
-17.53333300	-0.00097601
-17.49999967	-0.00090812
-17.46666634	-0.00088851
-17.43333300	-0.00082913
-17.39999967	-0.00077937
-17.36666634	-0.00070778
-17.33333300	-0.00066685
-17.29999967	-0.00058621
-17.26666634	-0.00046530
-17.23333300	-0.00043661
-17.19999967	-0.00029327
-17.16666634	-0.00020076
-17.13333301	-0.00025309
-17.09999967	-0.00018964
-17.06666634	-0.00013006
-17.03333301	-0.00004065
-16.99999967	0.00004005
-16.96666634	0.00018605
-16.93333301	0.00017580
-16.89999967	0.00030941
-16.86666634	0.00043414
-16.83333301	0.00054791
-16.79999968	0.00057813
-16.76666634	0.00062496
-16.73333301	0.00071912
-16.69999968	0.00081067
-16.66666634	0.00090960
-16.63333301	0.00106020
-16.59999968	0.00117286
-16.56666634	0.00118265
-16.53333301	0.00120539
-16.49999968	0.00134250
-16.46666635	0.00147148
-16.43333301	0.00158500
-16.39999968	0.00162303
-16.36666635	0.00176590
-16.33333301	0.00168463
-16.29999968	0.00186908
-16.26666635	0.00179944
-16.23333301	0.00193820
-16.19999968	0.00199329
-16.16666635	0.00204953
-16.13333302	0.00217833
-16.09999968	0.00212276
-16.06666635	0.00234526
-16.03333302	0.00241594
-15.99999968	0.00250296
-15.96666635	0.00261543
-15.93333302	0.00269016
-15.89999968	0.00275695
-15.86666635	0.00281333
-15.83333302	0.00283061
-15.79999969	0.00283408
-15.76666635	0.00295120
-15.73333302	0.00304049
-15.69999969	0.00302395
-15.66666635	0.00303283
-15.63333302	0.00305687
-15.59999969	0.00308284
-15.56666635	0.00313790
-15.53333302	0.00299504
-15.49999969	0.00300136
-15.46666636	0.00301469
-15.43333302	0.00301114
-15.39999969	0.00303358
-15.36666636	0.00306038
-15.33333302	0.00301796
-15.29999969	0.00299097
-15.26666636	0.00297125
-15.23333303	0.00296234
-15.19999969	0.00292647
-15.16666636	0.00290302
-15.13333303	0.00285988
-15.09999969	0.00288268
-15.06666636	0.00286711
-15.03333303	0.00282769
-14.99999969	0.00286496
-14.96666636	0.00280712
-14.93333303	0.00286407
-14.89999970	0.00283249
-14.86666636	0.00281975
-14.83333303	0.00276117
-14.79999970	0.00267329
-14.76666636	0.00271995
-14.73333303	0.00284194
-14.69999970	0.00283064
-14.66666636	0.00275897
-14.63333303	0.00285707
-14.59999970	0.00279694
-14.56666637	0.00278314
-14.53333303	0.00288230
-14.49999970	0.00282532
-14.46666637	0.00273952
-14.43333303	0.00281047
-14.39999970	0.00272357
-14.36666637	0.00277562
-14.33333303	0.00271988
-14.29999970	0.00275951
-14.26666637	0.00270477
-14.23333304	0.00271761
-14.19999970	0.00261917
-14.16666637	0.00264700
-14.13333304	0.00256078
-14.09999970	0.00258735
-14.06666637	0.00255562
-14.03333304	0.00250323
-13.99999970	0.00251823
-13.96666637	0.00249719
-13.93333304	0.00248300
-13.89999971	0.00247120
-13.86666637	0.00239512
-13.83333304	0.00232545
-13.79999971	0.00236829
-13.76666637	0.00228160
-13.73333304	0.00227544
-13.69999971	0.00223698
-13.66666637	0.00222288
-13.63333304	0.00217386
-13.59999971	0.00212730
-13.56666638	0.00211333
-13.53333304	0.00212029
-13.49999971	0.00215713
-13.46666638	0.00210705
-13.43333304	0.00214534
-13.39999971	0.00206685
-13.36666638	0.00203972
-13.33333304	0.00208292
-13.29999971	0.00206127
-13.26666638	0.00206394
-13.23333305	0.00203344
-13.19999971	0.00200135
-13.16666638	0.00199089
-13.13333305	0.00205141
-13.09999971	0.00196374
-13.06666638	0.00207241
-13.03333305	0.00206066
-12.99999971	0.00205161
-12.96666638	0.00201917
-12.93333305	0.00217242
-12.89999972	0.00206321
-12.86666638	0.00225409
-12.83333305	0.00240561
-12.79999972	0.00233141
-12.76666638	0.00237583
-12.73333305	0.00232220
-12.69999972	0.00247050
-12.66666639	0.00239772
-12.63333305	0.00247521
-12.59999972	0.00249383
-12.56666639	0.00260846
-12.53333305	0.00260805
-12.49999972	0.00262845
-12.46666639	0.00270533
-12.43333305	0.00278346
-12.39999972	0.00280467
-12.36666639	0.00284528
-12.33333306	0.00287029
-12.29999972	0.00294825
-12.26666639	0.00305979
-12.23333306	0.00304054
-12.19999972	0.00305503
-12.16666639	0.00303314
-12.13333306	0.00306231
-12.09999972	0.00314973
-12.06666639	0.00315484
-12.03333306	0.00329631
-11.99999973	0.00334066
-11.96666639	0.00336202
-11.93333306	0.00329789
-11.89999973	0.00339279
-11.86666639	0.00333152
-11.83333306	0.00338397
-11.79999973	0.00342483
-11.76666639	0.00344267
-11.73333306	0.00344959
-11.69999973	0.00348971
-11.66666640	0.00357749
-11.63333306	0.00372108
-11.59999973	0.00366829
-11.56666640	0.00372767
-11.53333306	0.00386619
-11.49999973	0.00389631
-11.46666640	0.00388195
-11.43333306	0.00412114
-11.39999973	0.00407801
-11.36666640	0.00401617
-11.33333307	0.00416750
-11.29999973	0.00411060
-11.26666640	0.00421718
-11.23333307	0.00424529
-11.19999973	0.00434344
-11.16666640	0.00442802
-11.13333307	0.00443516
-11.09999973	0.00440688
-11.06666640	0.00436674
-11.03333307	0.00433467
-10.99999974	0.00451949
-10.96666640	0.00441299
-10.93333307	0.00428223
-10.89999974	0.00439510
-10.86666640	0.00429492
-10.83333307	0.00428242
-10.79999974	0.00429109
-10.76666640	0.00424333
-10.73333307	0.00415691
-10.69999974	0.00415219
-10.66666641	0.00403418
-10.63333307	0.00395735
-10.59999974	0.00383633
-10.56666641	0.00381864
-10.53333307	0.00371123
-10.49999974	0.00364035
-10.46666641	0.00359018
-10.43333307	0.00337104
-10.39999974	0.00331538
-10.36666641	0.00309587
-10.33333308	0.00301323
-10.29999974	0.00296978
-10.26666641	0.00269675
-10.23333308	0.00263310
-10.19999974	0.00256660
-10.16666641	0.00232088
-10.13333308	0.00232654
-10.09999975	0.00222697
-10.06666641	0.00206685
-10.03333308	0.00206234
-9.99999975	0.00175709
-9.96666641	0.00165131
-9.93333308	0.00150699
-9.89999975	0.00140218
-9.86666641	0.00122968
-9.83333308	0.00121376
-9.79999975	0.00108170
-9.76666642	0.00098147
-9.73333308	0.00085838
-9.69999975	0.00087397
-9.66666642	0.00071477
-9.63333308	0.00057690
-9.59999975	0.00055043
-9.56666642	0.00054464
-9.53333308	0.00044152
-9.49999975	0.00038630
-9.46666642	0.00034830
-9.43333309	0.00036037
-9.39999975	0.00029873
-9.36666642	0.00024649
-9.33333309	0.00031117
-9.29999975	0.00035401
-9.26666642	0.00023064
-9.23333309	0.00015564
-9.19999975	0.00026185
-9.16666642	0.00031312
-9.13333309	0.00019812
-9.09999976	0.00024066
-9.06666642	0.00027748
-9.03333309	0.00033665
-8.99999976	0.00035939
-8.96666642	0.00035406
-8.93333309	0.00034343
-8.89999976	0.00036631
-8.86666642	0.00037690
-8.83333309	0.00036964
-8.79999976	0.00042132
-8.76666643	0.00047925
-8.73333309	0.00044657
-8.69999976	0.00051417
-8.66666643	0.00037916
-8.63333309	0.00042084
-8.59999976	0.00047082
-8.56666643	0.00050638
-8.53333309	0.00065766
-8.49999976	0.00055222
-8.46666643	0.00043426
-8.43333310	0.00054015
-8.39999976	0.00050048
-8.36666643	0.00051906
-8.33333310	0.00044713
-8.29999976	0.00046428
-8.26666643	0.00048058
-8.23333310	0.00040972
-8.19999976	0.00035441
-8.16666643	0.00036142
-8.13333310	0.00035184
-8.09999977	0.00026697
-8.06666643	0.00024247
-8.03333310	0.00024990
-7.99999977	0.00018216
-7.96666643	0.00015146
-7.93333310	0.00002571
-7.89999977	0.00002331
-7.86666643	0.00004049
-7.83333310	-0.00008697
-7.79999977	-0.00014827
-7.76666644	-0.00021773
-7.73333310	-0.00030959
-7.69999977	-0.00037089
-7.66666644	-0.00048444
-7.63333310	-0.00044739
-7.59999977	-0.00069771
-7.56666644	-0.00058567
-7.53333311	-0.00072797
-7.49999977	-0.00088073
-7.46666644	-0.00098237
-7.43333311	-0.00112520
-7.39999977	-0.00119523
-7.36666644	-0.00124323
-7.33333311	-0.00135005
-7.29999977	-0.00140167
-7.26666644	-0.00148143
-7.23333311	-0.00160904
-7.19999978	-0.00176508
-7.16666644	-0.00192608
-7.13333311	-0.00203159
-7.09999978	-0.00215890
-7.06666644	-0.00232607
-7.03333311	-0.00235502
-6.99999978	-0.00248454
-6.96666644	-0.00267142
-6.93333311	-0.00267167
-6.89999978	-0.00283658
-6.86666645	-0.00300874
-6.83333311	-0.00304424
-6.79999978	-0.00319729
-6.76666645	-0.00319877
-6.73333311	-0.00335407
-6.69999978	-0.00347892
-6.66666645	-0.00347160
-6.63333311	-0.00364690
-6.59999978	-0.00376814
-6.56666645	-0.00385868
-6.53333312	-0.00396727
-6.49999978	-0.00398976
-6.46666645	-0.00396885
-6.43333312	-0.00410584
-6.39999978	-0.00431165
-6.36666645	-0.00423372
-6.33333312	-0.00431882
-6.29999978	-0.00435385
-6.26666645	-0.00437293
-6.23333312	-0.00445597
-6.19999979	-0.00437269
-6.16666645	-0.00436487
-6.13333312	-0.00448018
-6.09999979	-0.00448088
-6.06666645	-0.00445865
-6.03333312	-0.00438904
-5.99999979	-0.00428234
-5.96666645	-0.00431385
-5.93333312	-0.00411865
-5.89999979	-0.00417097
-5.86666646	-0.00396370
-5.83333312	-0.00382742
-5.79999979	-0.00378916
-5.76666646	-0.00362021
-5.73333312	-0.00340890
-5.69999979	-0.00348117
-5.66666646	-0.00315374
-5.63333312	-0.00302056
-5.59999979	-0.00292245
-5.56666646	-0.00280845
-5.53333313	-0.00254550
-5.49999979	-0.00247532
-5.46666646	-0.00224014
-5.43333313	-0.00206156
-5.39999979	-0.00198205
-5.36666646	-0.00173441
-5.33333313	-0.00164813
-5.29999979	-0.00152535
-5.26666646	-0.00147598
-5.23333313	-0.00126203
-5.19999980	-0.00100570
-5.16666646	-0.00091137
-5.13333313	-0.00082034
-5.09999980	-0.00075671
-5.06666646	-0.00066857
-5.03333313	-0.00062587
-4.99999980	-0.00049652
-4.96666647	-0.00033268
-4.93333313	-0.00024849
-4.89999980	-0.00012973
-4.86666647	-0.00010974
-4.83333313	-0.00008269
-4.79999980	-0.00002158
-4.76666647	0.00005821
-4.73333313	-0.00002675
-4.69999980	-0.00004503
-4.66666647	-0.00007572
-4.63333314	-0.00007013
-4.59999980	-0.00012767
-4.56666647	-0.00027924
-4.53333314	-0.00029533
-4.49999980	-0.00039051
-4.46666647	-0.00059179
-4.43333314	-0.00070684
-4.39999980	-0.00081843
-4.36666647	-0.00102652
-4.33333314	-0.00112669
-4.29999981	-0.00126383
-4.26666647	-0.00144930
-4.23333314	-0.00162645
-4.19999981	-0.00183774
-4.16666647	-0.00215603
-4.13333314	-0.00227144
-4.09999981	-0.00248571
-4.06666647	-0.00271293
-4.03333314	-0.00296127
-3.99999981	-0.00310629
-3.96666648	-0.00349088
-3.93333314	-0.00369554
-3.89999981	-0.00407340
-3.86666648	-0.00432003
-3.83333314	-0.00458054
-3.79999981	-0.00483902
-3.76666648	-0.00502143
-3.73333314	-0.00535195
-3.69999981	-0.00577166
-3.66666648	-0.00605090
-3.63333315	-0.00640560
-3.59999981	-0.00665220
-3.56666648	-0.00691549
-3.53333315	-0.00731844
-3.49999981	-0.00764079
-3.46666648	-0.00796739
-3.43333315	-0.00827294
-3.39999981	-0.00860717
-3.36666648	-0.00901349
-3.33333315	-0.00924943
-3.29999982	-0.00952411
-3.26666648	-0.00988901
-3.23333315	-0.01017499
-3.19999982	-0.01043943
-3.16666648	-0.01070481
-3.13333315	-0.01108921
-3.09999982	-0.01134976
-3.06666648	-0.01157425
-3.03333315	-0.01171095
-2.99999982	-0.01207739
-2.96666649	-0.01219389
-2.93333315	-0.01250665
-2.89999982	-0.01256367
-2.86666649	-0.01271793
-2.83333315	-0.01286270
-2.79999982	-0.01298326
-2.76666649	-0.01313184
-2.73333315	-0.01320734
-2.69999982	-0.01313103
-2.66666649	-0.01323523
-2.63333316	-0.01322538
-2.59999982	-0.01311999
-2.56666649	-0.01314449
-2.53333316	-0.01310722
-2.49999982	-0.01311847
-2.46666649	-0.01303819
-2.43333316	-0.01277317
-2.39999983	-0.01256640
-2.36666649	-0.01235895
-2.33333316	-0.01220559
-2.29999983	-0.01197217
-2.26666649	-0.01177592
-2.23333316	-0.01137721
-2.19999983	-0.01117050
-2.16666649	-0.01075190
-2.13333316	-0.01047138
-2.09999983	-0.01012723
-2.06666650	-0.00973748
-2.03333316	-0.00935664
-1.99999983	-0.00880677
-1.96666650	-0.00847752
-1.93333316	-0.00807660
-1.89999983	-0.00766138
-1.86666650	-0.00726794
-1.83333316	-0.00668465
-1.79999983	-0.00623144
-1.76666650	-0.00578720
-1.73333317	-0.00519949
-1.69999983	-0.00478898
-1.66666650	-0.00411942
-1.63333317	-0.00363921
-1.59999983	-0.00306541
-1.56666650	-0.00254525
-1.53333317	-0.00195759
-1.49999983	-0.00146491
-1.46666650	-0.00087840
-1.43333317	-0.00044716
-1.39999984	0.00016549
-1.36666650	0.00067809
-1.33333317	0.00117818
-1.29999984	0.00176484
-1.26666650	0.00211753
-1.23333317	0.00273205
-1.19999984	0.00319883
-1.16666650	0.00371003
-1.13333317	0.00406877
-1.09999984	0.00458802
-1.06666651	0.00504280
-1.03333317	0.00565774
-0.99999984	0.00611818
-0.96666651	0.00656660
-0.93333317	0.00695321
-0.89999984	0.00741731
-0.86666651	0.00794445
-0.83333317	0.00824506
-0.79999984	0.00870385
-0.76666651	0.00915770
-0.73333318	0.00942738
-0.69999984	0.00981449
-0.66666651	0.01020024
-0.63333318	0.01050348
-0.59999984	0.01085046
-0.56666651	0.01112407
-0.53333318	0.01143905
-0.49999984	0.01171844
-0.46666651	0.01203411
-0.43333318	0.01228937
-0.39999985	0.01258848
-0.36666651	0.01293124
-0.33333318	0.01317253
-0.29999985	0.01329848
-0.26666651	0.01353231
-0.23333318	0.01366693
-0.19999985	0.01390770
-0.16666651	0.01406039
-0.13333318	0.01430246
-0.09999985	0.01441995
-0.06666652	0.01460414
-0.03333318	0.01456040
0.00000015	0.01474507
0.03333348	0.01489300
0.06666682	0.01497618
0.10000015	0.01507977
0.13333348	0.01509320
0.16666681	0.01518835
0.20000015	0.01518411
0.23333348	0.01532226
0.26666681	0.01527893
0.30000015	0.01528133
0.33333348	0.01540566
0.36666681	0.01547675
0.40000015	0.01543226
0.43333348	0.01552571
0.46666681	0.01544994
0.50000014	0.01540249
0.53333348	0.01541325
0.56666681	0.01532480
0.60000014	0.01527406
0.63333348	0.01527964
0.66666681	0.01528306
0.70000014	0.01520208
0.73333348	0.01519547
0.76666681	0.01518938
0.80000014	0.01505845
0.83333347	0.01507014
0.86666681	0.01500961
0.90000014	0.01490982
0.93333347	0.01481771
0.96666681	0.01475659
1.00000014	0.01473612
1.03333347	0.01468695
1.06666681	0.01456199
1.10000014	0.01467951
1.13333347	0.01459564
1.16666680	0.01452511
1.20000014	0.01450531
1.23333347	0.01442539
1.26666680	0.01435336
1.30000014	0.01427041
1.33333347	0.01422225
1.36666680	0.01418991
1.40000014	0.01427162
1.43333347	0.01428992
1.46666680	0.01427545
1.50000013	0.01425964
1.53333347	0.01429816
1.56666680	0.01432335
1.60000013	0.01450592
1.63333347	0.01458685
1.66666680	0.01448762
1.70000013	0.01464318
1.73333347	0.01465201
1.76666680	0.01473760
1.80000013	0.01492839
1.83333346	0.01510762
1.86666680	0.01516196
1.90000013	0.01530079
1.93333346	0.01537392
1.96666680	0.01553963
2.00000013	0.01569006
2.03333346	0.01587380
2.06666680	0.01585505
2.10000013	0.01606629
2.13333346	0.01616910
2.16666679	0.01633471
2.20000013	0.01649655
2.23333346	0.01663346
2.26666679	0.01665895
2.30000013	0.01696246
2.33333346	0.01709103
2.36666679	0.01721910
2.40000013	0.01742317
2.43333346	0.01739724
2.46666679	0.01750375
2.50000012	0.01773577
2.53333346	0.01777296
2.56666679	0.01772852
2.60000012	0.01785696
2.63333346	0.01790312
2.66666679	0.01796019
2.70000012	0.01820599
2.73333345	0.01813722
2.76666679	0.01821549
2.80000012	0.01822293
2.83333345	0.01828997
2.86666679	0.01830840
2.90000012	0.01834177
2.93333345	0.01826897
2.96666679	0.01838884
3.00000012	0.01830853
3.03333345	0.01829824
3.06666678	0.01814313
3.10000012	0.01805972
3.13333345	0.01801330
3.16666678	0.01790760
3.20000012	0.01781720
3.23333345	0.01774696
3.26666678	0.01755752
3.30000012	0.01743111
3.33333345	0.01724152
3.36666678	0.01696805
3.40000011	0.01689494
3.43333345	0.01665481
3.46666678	0.01643577
3.50000011	0.01622970
3.53333345	0.01587611
3.56666678	0.01563840
3.60000011	0.01538057
3.63333345	0.01520475
3.66666678	0.01487483
3.70000011	0.01454436
3.73333344	0.01429574
3.76666678	0.01393069
3.80000011	0.01352577
3.83333344	0.01326297
3.86666678	0.01293159
3.90000011	0.01266026
3.93333344	0.01230112
3.96666678	0.01188306
4.00000011	0.01154133
4.03333344	0.01114979
4.06666677	0.01078820
4.10000011	0.01046000
4.13333344	0.01004977
4.16666677	0.00977752
4.20000011	0.00942592
4.23333344	0.00908916
4.26666677	0.00876198
4.30000011	0.00846782
4.33333344	0.00814799
4.36666677	0.00776789
4.40000010	0.00744235
4.43333344	0.00715291
4.46666677	0.00695779
4.50000010	0.00656724
4.53333344	0.00636457
4.56666677	0.00608652
4.60000010	0.00579067
4.63333344	0.00560982
4.66666677	0.00535881
4.70000010	0.00518961
4.73333343	0.00500552
4.76666677	0.00480250
4.80000010	0.00444402
4.83333343	0.00423150
4.86666677	0.00408637
4.90000010	0.00389801
4.93333343	0.00362641
4.96666677	0.00356949
5.00000010	0.00339448
5.03333343	0.00333948
5.06666676	0.00321326
5.10000010	0.00300029
5.13333343	0.00281519
5.16666676	0.00268903
5.20000010	0.00262055
5.23333343	0.00251887
5.26666676	0.00232558
5.30000009	0.00225357
5.33333343	0.00216549
5.36666676	0.00201054
5.40000009	0.00179583
5.43333343	0.00186340
5.46666676	0.00175557
5.50000009	0.00163223
5.53333343	0.00160871
5.56666676	0.00145096
5.60000009	0.00143666
5.63333342	0.00124705
5.66666676	0.00118161
5.70000009	0.00105837
5.73333342	0.00102873
5.76666676	0.00095715
5.80000009	0.00080315
5.83333342	0.00085822
5.86666676	0.00063824
5.90000009	0.00061650
5.93333342	0.00045895
5.96666675	0.00039799
6.00000009	0.00036560
6.03333342	0.00024364
6.06666675	-0.00006612
6.10000009	-0.00013624
6.13333342	-0.00024744
6.16666675	-0.00030597
6.20000009	-0.00055710
6.23333342	-0.00065024
6.26666675	-0.00078719
6.30000008	-0.00086783
6.33333342	-0.00098763
6.36666675	-0.00100660
6.40000008	-0.00111829
6.43333342	-0.00119730
6.46666675	-0.00136185
6.50000008	-0.00153009
6.53333342	-0.00164922
6.56666675	-0.00164905
6.60000008	-0.00179868
6.63333341	-0.00183237
6.66666675	-0.00199264
6.70000008	-0.00205743
6.73333341	-0.00218343
6.76666675	-0.00226447
6.80000008	-0.00240815
6.83333341	-0.00244779
6.86666675	-0.00260573
6.90000008	-0.00266323
6.93333341	-0.00276774
6.96666674	-0.00289095
7.00000008	-0.00303002
7.03333341	-0.00315704
7.06666674	-0.00330429
7.10000008	-0.00341823
7.13333341	-0.00360473
7.16666674	-0.00345262
7.20000008	-0.00369755
7.23333341	-0.00379037
7.26666674	-0.00392797
7.30000007	-0.00414852
7.33333341	-0.00416222
7.36666674	-0.00434550
7.40000007	-0.00441812
7.43333341	-0.00452290
7.46666674	-0.00465641
7.50000007	-0.00489712
7.53333341	-0.00491390
7.56666674	-0.00514563
7.60000007	-0.00518329
7.63333340	-0.00523381
7.66666674	-0.00544091
7.70000007	-0.00553272
7.73333340	-0.00564395
7.76666674	-0.00583398
7.80000007	-0.00591786
7.83333340	-0.00592478
7.86666673	-0.00606226
7.90000007	-0.00620932
7.93333340	-0.00628965
7.96666673	-0.00646720
8.00000007	-0.00634078
8.03333340	-0.00660405
8.06666673	-0.00670870
8.10000007	-0.00676144
8.13333340	-0.00677884
8.16666673	-0.00684780
8.20000006	-0.00697431
8.23333340	-0.00708698
8.26666673	-0.00696400
8.30000006	-0.00709968
8.33333340	-0.00712997
8.36666673	-0.00710303
8.40000006	-0.00706647
8.43333340	-0.00716272
8.46666673	-0.00717193
8.50000006	-0.00718473
8.53333339	-0.00725622
8.56666673	-0.00713002
8.60000006	-0.00721293
8.63333339	-0.00716417
8.66666673	-0.00718039
8.70000006	-0.00716028
8.73333339	-0.00709506
8.76666673	-0.00712505
8.80000006	-0.00711184
8.83333339	-0.00710206
8.86666672	-0.00707194
8.90000006	-0.00704537
8.93333339	-0.00701034
8.96666672	-0.00695517
9.00000006	-0.00687491
9.03333339	-0.00684979
9.06666672	-0.00683371
9.10000006	-0.00671083
9.13333339	-0.00666969
9.16666672	-0.00664225
9.20000005	-0.00665920
9.23333339	-0.00660467
9.26666672	-0.00653740
9.30000005	-0.00643659
9.33333339	-0.00644722
9.36666672	-0.00643918
9.40000005	-0.00642819
9.43333339	-0.00631053
9.46666672	-0.00628185
9.50000005	-0.00623269
9.53333338	-0.00617552
9.56666672	-0.00603305
9.60000005	-0.00595732
9.63333338	-0.00594437
9.66666672	-0.00592502
9.70000005	-0.00582124
9.73333338	-0.00578797
9.76666672	-0.00574234
9.80000005	-0.00567576
9.83333338	-0.00563534
9.86666671	-0.00553590
9.90000005	-0.00557225
9.93333338	-0.00550520
9.96666671	-0.00543236
10.00000005	-0.00539489
10.03333338	-0.00533173
10.06666671	-0.00532563
10.10000005	-0.00529139
10.13333338	-0.00519799
10.16666671	-0.00516773
10.20000004	-0.00508036
10.23333338	-0.00508845
10.26666671	-0.00507123
10.30000004	-0.00497506
10.33333338	-0.00488893
10.36666671	-0.00494104
10.40000004	-0.00481176
10.43333337	-0.00488079
10.46666671	-0.00474278
10.50000004	-0.00463672
10.53333337	-0.00461237
10.56666671	-0.00456021
10.60000004	-0.00449299
10.63333337	-0.00447416
10.66666671	-0.00447040
10.70000004	-0.00437162
10.73333337	-0.00429083
10.76666670	-0.00427308
10.80000004	-0.00418483
10.83333337	-0.00411079
10.86666670	-0.00412994
10.90000004	-0.00402455
10.93333337	-0.00398275
10.96666670	-0.00388334
11.00000004	-0.00383657
11.03333337	-0.00379378
11.06666670	-0.00372014
11.10000003	-0.00367110
11.13333337	-0.00353380
11.16666670	-0.00351854
11.20000003	-0.00341256
11.23333337	-0.00337322
11.26666670	-0.00333200
11.30000003	-0.00331511
11.33333337	-0.00324076
11.36666670	-0.00318579
11.40000003	-0.00314072
11.43333336	-0.00310216
11.46666670	-0.00305860
11.50000003	-0.00298893
11.53333336	-0.00293871
11.56666670	-0.00287486
11.60000003	-0.00281174
11.63333336	-0.00275764
11.66666670	-0.00269007
11.70000003	-0.00263216
11.73333336	-0.00259431
11.76666669	-0.00251614
11.80000003	-0.00245734
11.83333336	-0.00242700
11.86666669	-0.00237773
11.90000003	-0.00234379
11.93333336	-0.00226554
11.96666669	-0.00222248
12.00000003	-0.00216036
12.03333336	-0.00212110
12.06666669	-0.00204825
12.10000002	-0.00200170
12.13333336	-0.00194727
12.16666669	-0.00191691
12.20000002	-0.00186699
12.23333336	-0.00180926
12.26666669	-0.00179564
12.30000002	-0.00173001
12.33333336	-0.00167672
12.36666669	-0.00163262
12.40000002	-0.00160594
12.43333335	-0.00156127
12.46666669	-0.00150645
12.50000002	-0.00146815
12.53333335	-0.00142707
12.56666669	-0.00139291
12.60000002	-0.00134035
12.63333335	-0.00130135
12.66666669	-0.00126503
12.70000002	-0.00121980
12.73333335	-0.00119528
12.76666668	-0.00114634
12.80000002	-0.00111567
12.83333335	-0.00107953
12.86666668	-0.00105249
12.90000002	-0.00102162
12.93333335	-0.00099444
12.96666668	-0.00093945
13.00000001	-0.00092877
13.03333335	-0.00090954
13.06666668	-0.00086893
13.10000001	-0.00084025
13.13333335	-0.00082481
13.16666668	-0.00078174
13.20000001	-0.00076239
13.23333335	-0.00073926
13.26666668	-0.00070738
13.30000001	-0.00067432
13.33333334	-0.00066232
13.36666668	-0.00062392
13.40000001	-0.00060132
13.43333334	-0.00057874
13.46666668	-0.00054399
13.50000001	-0.00052687
13.53333334	-0.00050105
13.56666668	-0.00047851
13.60000001	-0.00045572
13.63333334	-0.00043130
13.66666667	-0.00041407
13.70000001	-0.00038984
13.73333334	-0.00037138
13.76666667	-0.00034827
13.80000001	-0.00032905
13.83333334	-0.00031302
13.86666667	-0.00028675
13.90000001	-0.00027187
13.93333334	-0.00025580
13.96666667	-0.00023901
14.00000000	-0.00021757
14.03333334	-0.00020119
14.06666667	-0.00018722
14.10000000	-0.00017430
14.13333334	-0.00015838
14.16666667	-0.00014503
14.20000000	-0.00013411
14.23333334	-0.00011840
14.26666667	-0.00010775
14.30000000	-0.00009710
14.33333333	-0.00008687
14.36666667	-0.00007757
14.40000000	-0.00006775
14.43333333	-0.00005962
14.46666667	-0.00005358
14.50000000	-0.00004567
14.53333333	-0.00003830
14.56666667	-0.00003209
14.60000000	-0.00002610
14.63333333	-0.00002058
14.66666666	-0.00001583
14.70000000	-0.00001173
14.73333333	-0.00000830
14.76666666	-0.00000534
14.80000000	-0.00000304
14.83333333	-0.00000137
14.86666666	-0.00000034
14.90000000	0.00000000
