# Menlo Systems GmbH ScanControl
# Program Version 1.3.3
# Start: -65.00000000 ps, Average over 1000 waveforms. Timestamp: 2020-07-02T18:54:17
# Time [ps]	THz Signal [a.u.]
-65.06666599	0.00000000
-65.03333266	0.00000002
-64.99999933	0.00000004
-64.96666600	0.00000011
-64.93333266	0.00000019
-64.89999933	0.00000028
-64.86666600	0.00000045
-64.83333266	0.00000054
-64.79999933	0.00000076
-64.76666600	0.00000056
-64.73333266	0.00000047
-64.69999933	0.00000064
-64.66666600	0.00000012
-64.63333267	0.00000034
-64.59999933	0.00000012
-64.56666600	0.00000020
-64.53333267	-0.00000117
-64.49999933	-0.00000173
-64.46666600	-0.00000070
-64.43333267	-0.00000361
-64.39999933	-0.00000199
-64.36666600	-0.00000445
-64.33333267	-0.00000456
-64.29999933	-0.00000375
-64.26666600	-0.00000412
-64.23333267	-0.00000866
-64.19999934	-0.00000820
-64.16666600	-0.00000729
-64.13333267	-0.00000989
-64.09999934	-0.00001351
-64.06666600	-0.00001686
-64.03333267	-0.00002012
-63.99999934	-0.00002239
-63.96666600	-0.00002499
-63.93333267	-0.00002900
-63.89999934	-0.00003123
-63.86666600	-0.00002870
-63.83333267	-0.00003325
-63.79999934	-0.00003203
-63.76666601	-0.00004345
-63.73333267	-0.00004023
-63.69999934	-0.00004250
-63.66666601	-0.00005015
-63.63333267	-0.00005109
-63.59999934	-0.00006318
-63.56666601	-0.00006181
-63.53333267	-0.00006498
-63.49999934	-0.00007006
-63.46666601	-0.00006024
-63.43333268	-0.00006098
-63.39999934	-0.00008165
-63.36666601	-0.00008461
-63.33333268	-0.00008951
-63.29999934	-0.00007800
-63.26666601	-0.00008941
-63.23333268	-0.00008513
-63.19999934	-0.00009378
-63.16666601	-0.00008783
-63.13333268	-0.00008483
-63.09999934	-0.00008149
-63.06666601	-0.00007919
-63.03333268	-0.00008597
-62.99999935	-0.00008300
-62.96666601	-0.00009358
-62.93333268	-0.00008613
-62.89999935	-0.00008289
-62.86666601	-0.00006831
-62.83333268	-0.00007910
-62.79999935	-0.00004163
-62.76666601	-0.00005720
-62.73333268	-0.00005423
-62.69999935	-0.00001954
-62.66666602	-0.00002925
-62.63333268	-0.00002485
-62.59999935	0.00000520
-62.56666602	0.00000227
-62.53333268	0.00002024
-62.49999935	0.00004986
-62.46666602	0.00004260
-62.43333268	0.00007362
-62.39999935	0.00010881
-62.36666602	0.00010826
-62.33333268	0.00012288
-62.29999935	0.00015840
-62.26666602	0.00015464
-62.23333269	0.00020359
-62.19999935	0.00020274
-62.16666602	0.00023502
-62.13333269	0.00027869
-62.09999935	0.00031344
-62.06666602	0.00029848
-62.03333269	0.00032295
-61.99999935	0.00032460
-61.96666602	0.00036517
-61.93333269	0.00041180
-61.89999935	0.00046477
-61.86666602	0.00045046
-61.83333269	0.00050243
-61.79999936	0.00052990
-61.76666602	0.00056259
-61.73333269	0.00060779
-61.69999936	0.00061719
-61.66666602	0.00066808
-61.63333269	0.00072539
-61.59999936	0.00074006
-61.56666602	0.00072070
-61.53333269	0.00081774
-61.49999936	0.00083046
-61.46666603	0.00087648
-61.43333269	0.00091719
-61.39999936	0.00092777
-61.36666603	0.00097575
-61.33333269	0.00103150
-61.29999936	0.00103932
-61.26666603	0.00112774
-61.23333269	0.00112183
-61.19999936	0.00112553
-61.16666603	0.00119009
-61.13333269	0.00120125
-61.09999936	0.00115547
-61.06666603	0.00122956
-61.03333270	0.00124154
-60.99999936	0.00123617
-60.96666603	0.00132638
-60.93333270	0.00125432
-60.89999936	0.00127902
-60.86666603	0.00135700
-60.83333270	0.00125946
-60.79999936	0.00128748
-60.76666603	0.00127184
-60.73333270	0.00124584
-60.69999936	0.00120068
-60.66666603	0.00126693
-60.63333270	0.00133844
-60.59999937	0.00124988
-60.56666603	0.00114864
-60.53333270	0.00116861
-60.49999937	0.00113865
-60.46666603	0.00109107
-60.43333270	0.00107097
-60.39999937	0.00097421
-60.36666603	0.00097888
-60.33333270	0.00093161
-60.29999937	0.00087239
-60.26666604	0.00075987
-60.23333270	0.00074675
-60.19999937	0.00066495
-60.16666604	0.00064754
-60.13333270	0.00060573
-60.09999937	0.00052965
-60.06666604	0.00044221
-60.03333270	0.00029559
-59.99999937	0.00025649
-59.96666604	0.00012980
-59.93333270	0.00004674
-59.89999937	0.00004416
-59.86666604	-0.00000751
-59.83333271	-0.00011925
-59.79999937	-0.00022204
-59.76666604	-0.00020072
-59.73333271	-0.00031000
-59.69999937	-0.00039572
-59.66666604	-0.00049652
-59.63333271	-0.00058344
-59.59999937	-0.00058742
-59.56666604	-0.00082197
-59.53333271	-0.00087580
-59.49999938	-0.00090792
-59.46666604	-0.00099109
-59.43333271	-0.00099999
-59.39999938	-0.00113179
-59.36666604	-0.00123752
-59.33333271	-0.00132377
-59.29999938	-0.00134710
-59.26666604	-0.00136405
-59.23333271	-0.00141184
-59.19999938	-0.00139755
-59.16666604	-0.00143240
-59.13333271	-0.00151704
-59.09999938	-0.00157630
-59.06666605	-0.00160820
-59.03333271	-0.00154546
-58.99999938	-0.00160604
-58.96666605	-0.00159096
-58.93333271	-0.00153541
-58.89999938	-0.00163196
-58.86666605	-0.00154929
-58.83333271	-0.00161800
-58.79999938	-0.00157418
-58.76666605	-0.00166443
-58.73333271	-0.00154999
-58.69999938	-0.00161924
-58.66666605	-0.00155103
-58.63333272	-0.00165297
-58.59999938	-0.00154161
-58.56666605	-0.00148936
-58.53333272	-0.00138069
-58.49999938	-0.00136396
-58.46666605	-0.00140878
-58.43333272	-0.00138190
-58.39999938	-0.00135441
-58.36666605	-0.00120827
-58.33333272	-0.00120183
-58.29999939	-0.00120947
-58.26666605	-0.00114724
-58.23333272	-0.00109890
-58.19999939	-0.00102351
-58.16666605	-0.00095542
-58.13333272	-0.00101905
-58.09999939	-0.00100292
-58.06666605	-0.00091345
-58.03333272	-0.00081545
-57.99999939	-0.00085028
-57.96666605	-0.00086136
-57.93333272	-0.00087358
-57.89999939	-0.00082846
-57.86666606	-0.00073686
-57.83333272	-0.00067831
-57.79999939	-0.00064534
-57.76666606	-0.00068919
-57.73333272	-0.00063726
-57.69999939	-0.00062284
-57.66666606	-0.00071868
-57.63333272	-0.00061564
-57.59999939	-0.00057168
-57.56666606	-0.00058623
-57.53333272	-0.00066277
-57.49999939	-0.00051417
-57.46666606	-0.00058515
-57.43333273	-0.00051527
-57.39999939	-0.00047272
-57.36666606	-0.00043212
-57.33333273	-0.00045235
-57.29999939	-0.00036426
-57.26666606	-0.00038572
-57.23333273	-0.00024449
-57.19999939	-0.00024911
-57.16666606	-0.00029440
-57.13333273	-0.00034168
-57.09999940	-0.00019507
-57.06666606	-0.00016875
-57.03333273	-0.00006739
-56.99999940	-0.00007653
-56.96666606	-0.00000107
-56.93333273	0.00004231
-56.89999940	-0.00000111
-56.86666606	-0.00001440
-56.83333273	0.00000938
-56.79999940	-0.00004180
-56.76666606	-0.00010362
-56.73333273	-0.00001441
-56.69999940	-0.00010098
-56.66666607	-0.00002716
-56.63333273	0.00001239
-56.59999940	-0.00006660
-56.56666607	0.00009056
-56.53333273	0.00007823
-56.49999940	0.00004878
-56.46666607	0.00013075
-56.43333273	0.00008155
-56.39999940	0.00011466
-56.36666607	0.00009374
-56.33333274	0.00009173
-56.29999940	0.00007582
-56.26666607	0.00001910
-56.23333274	0.00008999
-56.19999940	0.00013437
-56.16666607	0.00009085
-56.13333274	0.00016152
-56.09999940	0.00005674
-56.06666607	0.00013562
-56.03333274	0.00013017
-55.99999940	0.00011824
-55.96666607	0.00017322
-55.93333274	0.00021257
-55.89999941	0.00014667
-55.86666607	0.00028240
-55.83333274	0.00021142
-55.79999941	0.00013602
-55.76666607	0.00024006
-55.73333274	0.00029274
-55.69999941	0.00021503
-55.66666607	0.00020466
-55.63333274	0.00032282
-55.59999941	0.00031963
-55.56666607	0.00026816
-55.53333274	0.00036780
-55.49999941	0.00027265
-55.46666608	0.00049197
-55.43333274	0.00039961
-55.39999941	0.00040126
-55.36666608	0.00032843
-55.33333274	0.00043726
-55.29999941	0.00054970
-55.26666608	0.00043691
-55.23333274	0.00041604
-55.19999941	0.00047993
-55.16666608	0.00045564
-55.13333275	0.00046580
-55.09999941	0.00049115
-55.06666608	0.00050462
-55.03333275	0.00056217
-54.99999941	0.00046705
-54.96666608	0.00047934
-54.93333275	0.00043213
-54.89999941	0.00041419
-54.86666608	0.00048863
-54.83333275	0.00044739
-54.79999941	0.00047178
-54.76666608	0.00042927
-54.73333275	0.00045451
-54.69999942	0.00047210
-54.66666608	0.00041374
-54.63333275	0.00046583
-54.59999942	0.00051824
-54.56666608	0.00052552
-54.53333275	0.00053429
-54.49999942	0.00055625
-54.46666608	0.00054776
-54.43333275	0.00059043
-54.39999942	0.00050833
-54.36666608	0.00062017
-54.33333275	0.00055008
-54.29999942	0.00055235
-54.26666609	0.00065516
-54.23333275	0.00065373
-54.19999942	0.00059105
-54.16666609	0.00052530
-54.13333275	0.00047524
-54.09999942	0.00060678
-54.06666609	0.00062595
-54.03333275	0.00071445
-53.99999942	0.00069311
-53.96666609	0.00062061
-53.93333276	0.00068933
-53.89999942	0.00074018
-53.86666609	0.00092890
-53.83333276	0.00081306
-53.79999942	0.00084223
-53.76666609	0.00081430
-53.73333276	0.00076343
-53.69999942	0.00071814
-53.66666609	0.00073656
-53.63333276	0.00072397
-53.59999942	0.00056136
-53.56666609	0.00071831
-53.53333276	0.00075000
-53.49999943	0.00067579
-53.46666609	0.00066095
-53.43333276	0.00065649
-53.39999943	0.00053551
-53.36666609	0.00061117
-53.33333276	0.00057377
-53.29999943	0.00047131
-53.26666609	0.00052077
-53.23333276	0.00050898
-53.19999943	0.00048861
-53.16666610	0.00043593
-53.13333276	0.00042388
-53.09999943	0.00045120
-53.06666610	0.00044593
-53.03333276	0.00038924
-52.99999943	0.00038344
-52.96666610	0.00052128
-52.93333276	0.00043717
-52.89999943	0.00028245
-52.86666610	0.00018868
-52.83333276	0.00023674
-52.79999943	0.00031653
-52.76666610	0.00037433
-52.73333277	0.00034640
-52.69999943	0.00044029
-52.66666610	0.00034001
-52.63333277	0.00029994
-52.59999943	0.00039213
-52.56666610	0.00033491
-52.53333277	0.00030287
-52.49999943	0.00026025
-52.46666610	0.00029819
-52.43333277	0.00032701
-52.39999943	0.00027746
-52.36666610	0.00030395
-52.33333277	0.00027499
-52.29999944	0.00024821
-52.26666610	0.00024731
-52.23333277	0.00024769
-52.19999944	0.00030575
-52.16666610	0.00028636
-52.13333277	0.00027261
-52.09999944	0.00035502
-52.06666610	0.00027877
-52.03333277	0.00029351
-51.99999944	0.00042814
-51.96666611	0.00025181
-51.93333277	0.00020777
-51.89999944	0.00029042
-51.86666611	0.00028285
-51.83333277	0.00028543
-51.79999944	0.00025809
-51.76666611	0.00023698
-51.73333277	0.00035498
-51.69999944	0.00030160
-51.66666611	0.00035512
-51.63333277	0.00029411
-51.59999944	0.00024364
-51.56666611	0.00023812
-51.53333278	0.00023849
-51.49999944	0.00024146
-51.46666611	0.00026105
-51.43333278	0.00020428
-51.39999944	0.00022926
-51.36666611	0.00014886
-51.33333278	0.00028341
-51.29999944	0.00029018
-51.26666611	0.00035365
-51.23333278	0.00040263
-51.19999944	0.00032502
-51.16666611	0.00037896
-51.13333278	0.00041058
-51.09999945	0.00036024
-51.06666611	0.00030927
-51.03333278	0.00037668
-50.99999945	0.00043750
-50.96666611	0.00050231
-50.93333278	0.00050382
-50.89999945	0.00050695
-50.86666611	0.00060906
-50.83333278	0.00062095
-50.79999945	0.00054819
-50.76666612	0.00062060
-50.73333278	0.00068583
-50.69999945	0.00071938
-50.66666612	0.00080484
-50.63333278	0.00080190
-50.59999945	0.00087777
-50.56666612	0.00086776
-50.53333278	0.00100801
-50.49999945	0.00104176
-50.46666612	0.00098654
-50.43333278	0.00103098
-50.39999945	0.00093079
-50.36666612	0.00118436
-50.33333279	0.00120329
-50.29999945	0.00127637
-50.26666612	0.00128569
-50.23333279	0.00132693
-50.19999945	0.00150270
-50.16666612	0.00142411
-50.13333279	0.00149195
-50.09999945	0.00154353
-50.06666612	0.00171730
-50.03333279	0.00161601
-49.99999946	0.00175355
-49.96666612	0.00182212
-49.93333279	0.00186037
-49.89999946	0.00182340
-49.86666612	0.00191449
-49.83333279	0.00199637
-49.79999946	0.00200258
-49.76666612	0.00199684
-49.73333279	0.00213893
-49.69999946	0.00214361
-49.66666612	0.00223306
-49.63333279	0.00230395
-49.59999946	0.00226210
-49.56666613	0.00231235
-49.53333279	0.00238420
-49.49999946	0.00235789
-49.46666613	0.00233088
-49.43333279	0.00245910
-49.39999946	0.00249146
-49.36666613	0.00249992
-49.33333279	0.00252027
-49.29999946	0.00253211
-49.26666613	0.00256819
-49.23333279	0.00257463
-49.19999946	0.00265448
-49.16666613	0.00260516
-49.13333280	0.00261145
-49.09999946	0.00262267
-49.06666613	0.00271696
-49.03333280	0.00270135
-48.99999946	0.00279006
-48.96666613	0.00276712
-48.93333280	0.00277616
-48.89999946	0.00278790
-48.86666613	0.00276613
-48.83333280	0.00282922
-48.79999947	0.00282920
-48.76666613	0.00291479
-48.73333280	0.00292402
-48.69999947	0.00296988
-48.66666613	0.00299172
-48.63333280	0.00305827
-48.59999947	0.00300993
-48.56666613	0.00302302
-48.53333280	0.00298188
-48.49999947	0.00303079
-48.46666613	0.00307670
-48.43333280	0.00302893
-48.39999947	0.00312934
-48.36666614	0.00311670
-48.33333280	0.00308972
-48.29999947	0.00317366
-48.26666614	0.00320566
-48.23333280	0.00323768
-48.19999947	0.00317679
-48.16666614	0.00317009
-48.13333280	0.00319214
-48.09999947	0.00319771
-48.06666614	0.00320954
-48.03333280	0.00330735
-47.99999947	0.00331656
-47.96666614	0.00325392
-47.93333281	0.00328345
-47.89999947	0.00325432
-47.86666614	0.00317531
-47.83333281	0.00323317
-47.79999947	0.00325441
-47.76666614	0.00332755
-47.73333281	0.00323638
-47.69999947	0.00332721
-47.66666614	0.00326469
-47.63333281	0.00325367
-47.59999948	0.00332108
-47.56666614	0.00339499
-47.53333281	0.00335005
-47.49999948	0.00338899
-47.46666614	0.00346094
-47.43333281	0.00341799
-47.39999948	0.00348193
-47.36666614	0.00352657
-47.33333281	0.00359304
-47.29999948	0.00360156
-47.26666614	0.00362830
-47.23333281	0.00370814
-47.19999948	0.00377746
-47.16666615	0.00373811
-47.13333281	0.00386416
-47.09999948	0.00399748
-47.06666615	0.00382725
-47.03333281	0.00395203
-46.99999948	0.00402335
-46.96666615	0.00401233
-46.93333281	0.00404426
-46.89999948	0.00413623
-46.86666615	0.00410315
-46.83333282	0.00412808
-46.79999948	0.00411893
-46.76666615	0.00406619
-46.73333282	0.00400314
-46.69999948	0.00399651
-46.66666615	0.00398721
-46.63333282	0.00400520
-46.59999948	0.00383572
-46.56666615	0.00380372
-46.53333282	0.00377850
-46.49999948	0.00379012
-46.46666615	0.00369928
-46.43333282	0.00354190
-46.39999949	0.00345115
-46.36666615	0.00344290
-46.33333282	0.00323511
-46.29999949	0.00319445
-46.26666615	0.00301542
-46.23333282	0.00280065
-46.19999949	0.00267110
-46.16666615	0.00259559
-46.13333282	0.00238281
-46.09999949	0.00224826
-46.06666615	0.00208884
-46.03333282	0.00183106
-45.99999949	0.00153292
-45.96666616	0.00139670
-45.93333282	0.00117573
-45.89999949	0.00094267
-45.86666616	0.00063390
-45.83333282	0.00031393
-45.79999949	0.00017597
-45.76666616	-0.00000759
-45.73333282	-0.00029930
-45.69999949	-0.00045868
-45.66666616	-0.00065348
-45.63333283	-0.00088644
-45.59999949	-0.00108707
-45.56666616	-0.00136048
-45.53333283	-0.00153133
-45.49999949	-0.00175357
-45.46666616	-0.00188159
-45.43333283	-0.00214269
-45.39999949	-0.00232933
-45.36666616	-0.00241939
-45.33333283	-0.00254725
-45.29999949	-0.00262278
-45.26666616	-0.00272324
-45.23333283	-0.00263822
-45.19999950	-0.00279938
-45.16666616	-0.00281474
-45.13333283	-0.00275314
-45.09999950	-0.00275835
-45.06666616	-0.00267883
-45.03333283	-0.00260443
-44.99999950	-0.00235644
-44.96666616	-0.00226109
-44.93333283	-0.00199730
-44.89999950	-0.00177374
-44.86666616	-0.00150732
-44.83333283	-0.00119769
-44.79999950	-0.00073251
-44.76666617	-0.00031046
-44.73333283	0.00012423
-44.69999950	0.00063658
-44.66666617	0.00125313
-44.63333283	0.00179143
-44.59999950	0.00239395
-44.56666617	0.00298626
-44.53333283	0.00363163
-44.49999950	0.00434818
-44.46666617	0.00508549
-44.43333284	0.00573986
-44.39999950	0.00642334
-44.36666617	0.00708877
-44.33333284	0.00772457
-44.29999950	0.00836398
-44.26666617	0.00891513
-44.23333284	0.00927703
-44.19999950	0.00969458
-44.16666617	0.00992579
-44.13333284	0.01015757
-44.09999950	0.01019330
-44.06666617	0.01016011
-44.03333284	0.00996928
-43.99999951	0.00981657
-43.96666617	0.00939737
-43.93333284	0.00886777
-43.89999951	0.00819916
-43.86666617	0.00741604
-43.83333284	0.00655373
-43.79999951	0.00547490
-43.76666617	0.00418186
-43.73333284	0.00306976
-43.69999951	0.00170357
-43.66666618	0.00021681
-43.63333284	-0.00140844
-43.59999951	-0.00293728
-43.56666618	-0.00463183
-43.53333284	-0.00620179
-43.49999951	-0.00795451
-43.46666618	-0.00969716
-43.43333284	-0.01148233
-43.39999951	-0.01319018
-43.36666618	-0.01480092
-43.33333284	-0.01639698
-43.29999951	-0.01814065
-43.26666618	-0.01975957
-43.23333285	-0.02127950
-43.19999951	-0.02274382
-43.16666618	-0.02423703
-43.13333285	-0.02553792
-43.09999951	-0.02681348
-43.06666618	-0.02796793
-43.03333285	-0.02902125
-42.99999951	-0.03002917
-42.96666618	-0.03098622
-42.93333285	-0.03197098
-42.89999951	-0.03286340
-42.86666618	-0.03351868
-42.83333285	-0.03426747
-42.79999952	-0.03483517
-42.76666618	-0.03545596
-42.73333285	-0.03586476
-42.69999952	-0.03640118
-42.66666618	-0.03665021
-42.63333285	-0.03699637
-42.59999952	-0.03701375
-42.56666618	-0.03718057
-42.53333285	-0.03712800
-42.49999952	-0.03705801
-42.46666619	-0.03688957
-42.43333285	-0.03650798
-42.39999952	-0.03617059
-42.36666619	-0.03560250
-42.33333285	-0.03500649
-42.29999952	-0.03425379
-42.26666619	-0.03345156
-42.23333285	-0.03252776
-42.19999952	-0.03141144
-42.16666619	-0.03021461
-42.13333285	-0.02897587
-42.09999952	-0.02759561
-42.06666619	-0.02620017
-42.03333286	-0.02437630
-41.99999952	-0.02263263
-41.96666619	-0.02089458
-41.93333286	-0.01896577
-41.89999952	-0.01695139
-41.86666619	-0.01494045
-41.83333286	-0.01296410
-41.79999952	-0.01082210
-41.76666619	-0.00861992
-41.73333286	-0.00634906
-41.69999952	-0.00408070
-41.66666619	-0.00193965
-41.63333286	0.00026815
-41.59999953	0.00245127
-41.56666619	0.00466232
-41.53333286	0.00680125
-41.49999953	0.00896581
-41.46666619	0.01103169
-41.43333286	0.01305658
-41.39999953	0.01502518
-41.36666619	0.01696662
-41.33333286	0.01876284
-41.29999953	0.02041794
-41.26666620	0.02225951
-41.23333286	0.02382001
-41.19999953	0.02520322
-41.16666620	0.02658654
-41.13333286	0.02786709
-41.09999953	0.02890047
-41.06666620	0.03002921
-41.03333286	0.03091420
-40.99999953	0.03174888
-40.96666620	0.03233951
-40.93333286	0.03289584
-40.89999953	0.03336369
-40.86666620	0.03359110
-40.83333287	0.03374962
-40.79999953	0.03377137
-40.76666620	0.03373033
-40.73333287	0.03349983
-40.69999953	0.03330120
-40.66666620	0.03278367
-40.63333287	0.03223499
-40.59999953	0.03164812
-40.56666620	0.03094174
-40.53333287	0.03017357
-40.49999954	0.02928828
-40.46666620	0.02830689
-40.43333287	0.02726300
-40.39999954	0.02623592
-40.36666620	0.02508971
-40.33333287	0.02387469
-40.29999954	0.02260506
-40.26666620	0.02153762
-40.23333287	0.02037413
-40.19999954	0.01899611
-40.16666620	0.01781066
-40.13333287	0.01647374
-40.09999954	0.01531201
-40.06666621	0.01417703
-40.03333287	0.01289571
-39.99999954	0.01175360
-39.96666621	0.01062504
-39.93333287	0.00950593
-39.89999954	0.00843205
-39.86666621	0.00742705
-39.83333287	0.00647725
-39.79999954	0.00543905
-39.76666621	0.00450930
-39.73333287	0.00369018
-39.69999954	0.00276150
-39.66666621	0.00199532
-39.63333288	0.00123502
-39.59999954	0.00051215
-39.56666621	-0.00011611
-39.53333288	-0.00079921
-39.49999954	-0.00131259
-39.46666621	-0.00194004
-39.43333288	-0.00240654
-39.39999954	-0.00287869
-39.36666621	-0.00335130
-39.33333288	-0.00375994
-39.29999955	-0.00422476
-39.26666621	-0.00468288
-39.23333288	-0.00491573
-39.19999955	-0.00539862
-39.16666621	-0.00568065
-39.13333288	-0.00597299
-39.09999955	-0.00619130
-39.06666621	-0.00647891
-39.03333288	-0.00662533
-38.99999955	-0.00677432
-38.96666621	-0.00684307
-38.93333288	-0.00690412
-38.89999955	-0.00690069
-38.86666622	-0.00695618
-38.83333288	-0.00680216
-38.79999955	-0.00660651
-38.76666622	-0.00644440
-38.73333288	-0.00628417
-38.69999955	-0.00599936
-38.66666622	-0.00566749
-38.63333288	-0.00529464
-38.59999955	-0.00488157
-38.56666622	-0.00435758
-38.53333288	-0.00384201
-38.49999955	-0.00331287
-38.46666622	-0.00263192
-38.43333289	-0.00200305
-38.39999955	-0.00130023
-38.36666622	-0.00054853
-38.33333289	0.00007726
-38.29999955	0.00076372
-38.26666622	0.00167695
-38.23333289	0.00239091
-38.19999955	0.00303141
-38.16666622	0.00386096
-38.13333289	0.00451870
-38.09999956	0.00520899
-38.06666622	0.00581590
-38.03333289	0.00651094
-37.99999956	0.00709846
-37.96666622	0.00766999
-37.93333289	0.00816307
-37.89999956	0.00851237
-37.86666622	0.00898580
-37.83333289	0.00936779
-37.79999956	0.00967999
-37.76666622	0.00989820
-37.73333289	0.01015232
-37.69999956	0.01028543
-37.66666623	0.01037268
-37.63333289	0.01036304
-37.59999956	0.01037387
-37.56666623	0.01020706
-37.53333289	0.01015262
-37.49999956	0.00990475
-37.46666623	0.00973941
-37.43333289	0.00948109
-37.39999956	0.00919160
-37.36666623	0.00880704
-37.33333290	0.00834080
-37.29999956	0.00804393
-37.26666623	0.00754216
-37.23333290	0.00717353
-37.19999956	0.00665651
-37.16666623	0.00628757
-37.13333290	0.00580611
-37.09999956	0.00538428
-37.06666623	0.00487208
-37.03333290	0.00429555
-36.99999956	0.00384469
-36.96666623	0.00348576
-36.93333290	0.00295044
-36.89999957	0.00262198
-36.86666623	0.00219271
-36.83333290	0.00183210
-36.79999957	0.00142281
-36.76666623	0.00107383
-36.73333290	0.00065836
-36.69999957	0.00044895
-36.66666623	0.00003341
-36.63333290	-0.00020912
-36.59999957	-0.00045875
-36.56666623	-0.00068917
-36.53333290	-0.00093279
-36.49999957	-0.00108289
-36.46666624	-0.00130351
-36.43333290	-0.00135956
-36.39999957	-0.00154478
-36.36666624	-0.00167814
-36.33333290	-0.00173481
-36.29999957	-0.00183582
-36.26666624	-0.00197439
-36.23333290	-0.00201258
-36.19999957	-0.00207889
-36.16666624	-0.00212205
-36.13333291	-0.00213136
-36.09999957	-0.00227843
-36.06666624	-0.00222441
-36.03333291	-0.00216966
-35.99999957	-0.00222643
-35.96666624	-0.00224460
-35.93333291	-0.00218974
-35.89999957	-0.00223597
-35.86666624	-0.00201612
-35.83333291	-0.00203543
-35.79999957	-0.00194438
-35.76666624	-0.00190824
-35.73333291	-0.00178769
-35.69999958	-0.00168729
-35.66666624	-0.00174623
-35.63333291	-0.00147723
-35.59999958	-0.00126908
-35.56666624	-0.00130573
-35.53333291	-0.00122611
-35.49999958	-0.00109877
-35.46666624	-0.00098396
-35.43333291	-0.00071169
-35.39999958	-0.00058152
-35.36666624	-0.00051175
-35.33333291	-0.00028680
-35.29999958	-0.00014403
-35.26666625	0.00005060
-35.23333291	0.00015544
-35.19999958	0.00027728
-35.16666625	0.00045363
-35.13333291	0.00049687
-35.09999958	0.00060192
-35.06666625	0.00059671
-35.03333291	0.00065367
-34.99999958	0.00074032
-34.96666625	0.00065682
-34.93333292	0.00065213
-34.89999958	0.00065877
-34.86666625	0.00072421
-34.83333292	0.00078881
-34.79999958	0.00068113
-34.76666625	0.00045166
-34.73333292	0.00038925
-34.69999958	0.00029470
-34.66666625	0.00008005
-34.63333292	-0.00013873
-34.59999958	-0.00024384
-34.56666625	-0.00047684
-34.53333292	-0.00062544
-34.49999959	-0.00091843
-34.46666625	-0.00114820
-34.43333292	-0.00147044
-34.39999959	-0.00171316
-34.36666625	-0.00212288
-34.33333292	-0.00248734
-34.29999959	-0.00283088
-34.26666625	-0.00326558
-34.23333292	-0.00359456
-34.19999959	-0.00399619
-34.16666626	-0.00439058
-34.13333292	-0.00484078
-34.09999959	-0.00527746
-34.06666626	-0.00559766
-34.03333292	-0.00598547
-33.99999959	-0.00644985
-33.96666626	-0.00682048
-33.93333292	-0.00721234
-33.89999959	-0.00751698
-33.86666626	-0.00795082
-33.83333292	-0.00838219
-33.79999959	-0.00864738
-33.76666626	-0.00899798
-33.73333293	-0.00932096
-33.69999959	-0.00963394
-33.66666626	-0.00980904
-33.63333293	-0.00997262
-33.59999959	-0.01014923
-33.56666626	-0.01041199
-33.53333293	-0.01056768
-33.49999959	-0.01072836
-33.46666626	-0.01082874
-33.43333293	-0.01088026
-33.39999959	-0.01100812
-33.36666626	-0.01092606
-33.33333293	-0.01096642
-33.29999960	-0.01098890
-33.26666626	-0.01104225
-33.23333293	-0.01097073
-33.19999960	-0.01085693
-33.16666626	-0.01083178
-33.13333293	-0.01056256
-33.09999960	-0.01054696
-33.06666626	-0.01035524
-33.03333293	-0.01011012
-32.99999960	-0.01000226
-32.96666627	-0.00977860
-32.93333293	-0.00951346
-32.89999960	-0.00930740
-32.86666627	-0.00916315
-32.83333293	-0.00892547
-32.79999960	-0.00866074
-32.76666627	-0.00842202
-32.73333293	-0.00814419
-32.69999960	-0.00787025
-32.66666627	-0.00770260
-32.63333293	-0.00742826
-32.59999960	-0.00710649
-32.56666627	-0.00686222
-32.53333294	-0.00663998
-32.49999960	-0.00651738
-32.46666627	-0.00622741
-32.43333294	-0.00607991
-32.39999960	-0.00596425
-32.36666627	-0.00568635
-32.33333294	-0.00554169
-32.29999960	-0.00531149
-32.26666627	-0.00522605
-32.23333294	-0.00507023
-32.19999961	-0.00478078
-32.16666627	-0.00465558
-32.13333294	-0.00462545
-32.09999961	-0.00460931
-32.06666627	-0.00431759
-32.03333294	-0.00428307
-31.99999961	-0.00416866
-31.96666627	-0.00415217
-31.93333294	-0.00402606
-31.89999961	-0.00390085
-31.86666627	-0.00391041
-31.83333294	-0.00372603
-31.79999961	-0.00366816
-31.76666628	-0.00361065
-31.73333294	-0.00367571
-31.69999961	-0.00346368
-31.66666628	-0.00360092
-31.63333294	-0.00350643
-31.59999961	-0.00346264
-31.56666628	-0.00344240
-31.53333294	-0.00352051
-31.49999961	-0.00357991
-31.46666628	-0.00355934
-31.43333294	-0.00355193
-31.39999961	-0.00366899
-31.36666628	-0.00362121
-31.33333295	-0.00368013
-31.29999961	-0.00371667
-31.26666628	-0.00375295
-31.23333295	-0.00381955
-31.19999961	-0.00396382
-31.16666628	-0.00394665
-31.13333295	-0.00404748
-31.09999961	-0.00409545
-31.06666628	-0.00419552
-31.03333295	-0.00417158
-30.99999962	-0.00418483
-30.96666628	-0.00423393
-30.93333295	-0.00437881
-30.89999962	-0.00446347
-30.86666628	-0.00448666
-30.83333295	-0.00457402
-30.79999962	-0.00459886
-30.76666628	-0.00474263
-30.73333295	-0.00485853
-30.69999962	-0.00485400
-30.66666628	-0.00486951
-30.63333295	-0.00500587
-30.59999962	-0.00497256
-30.56666629	-0.00507944
-30.53333295	-0.00517794
-30.49999962	-0.00520553
-30.46666629	-0.00529596
-30.43333295	-0.00544036
-30.39999962	-0.00535854
-30.36666629	-0.00548545
-30.33333295	-0.00542023
-30.29999962	-0.00549470
-30.26666629	-0.00558637
-30.23333295	-0.00551173
-30.19999962	-0.00554568
-30.16666629	-0.00568300
-30.13333296	-0.00575268
-30.09999962	-0.00569632
-30.06666629	-0.00570728
-30.03333296	-0.00562757
-29.99999962	-0.00566448
-29.96666629	-0.00567909
-29.93333296	-0.00550096
-29.89999962	-0.00565735
-29.86666629	-0.00560649
-29.83333296	-0.00553011
-29.79999963	-0.00547725
-29.76666629	-0.00544432
-29.73333296	-0.00551774
-29.69999963	-0.00551429
-29.66666629	-0.00541006
-29.63333296	-0.00533828
-29.59999963	-0.00522105
-29.56666629	-0.00522097
-29.53333296	-0.00516808
-29.49999963	-0.00513206
-29.46666629	-0.00503685
-29.43333296	-0.00493448
-29.39999963	-0.00490953
-29.36666630	-0.00477456
-29.33333296	-0.00478446
-29.29999963	-0.00471756
-29.26666630	-0.00467482
-29.23333296	-0.00464078
-29.19999963	-0.00450481
-29.16666630	-0.00443774
-29.13333296	-0.00436653
-29.09999963	-0.00432380
-29.06666630	-0.00436500
-29.03333297	-0.00433830
-28.99999963	-0.00428347
-28.96666630	-0.00429677
-28.93333297	-0.00419028
-28.89999963	-0.00401401
-28.86666630	-0.00414503
-28.83333297	-0.00409122
-28.79999963	-0.00405096
-28.76666630	-0.00398152
-28.73333297	-0.00391293
-28.69999963	-0.00389667
-28.66666630	-0.00393788
-28.63333297	-0.00375026
-28.59999964	-0.00380314
-28.56666630	-0.00371368
-28.53333297	-0.00361676
-28.49999964	-0.00358088
-28.46666630	-0.00351982
-28.43333297	-0.00346103
-28.39999964	-0.00346412
-28.36666630	-0.00342554
-28.33333297	-0.00335880
-28.29999964	-0.00331112
-28.26666630	-0.00325159
-28.23333297	-0.00324540
-28.19999964	-0.00314342
-28.16666631	-0.00308750
-28.13333297	-0.00306428
-28.09999964	-0.00298268
-28.06666631	-0.00291134
-28.03333297	-0.00280810
-27.99999964	-0.00274397
-27.96666631	-0.00275717
-27.93333297	-0.00261159
-27.89999964	-0.00249651
-27.86666631	-0.00241030
-27.83333298	-0.00232072
-27.79999964	-0.00218225
-27.76666631	-0.00209429
-27.73333298	-0.00201807
-27.69999964	-0.00200584
-27.66666631	-0.00201366
-27.63333298	-0.00177998
-27.59999964	-0.00180630
-27.56666631	-0.00174693
-27.53333298	-0.00161925
-27.49999964	-0.00152697
-27.46666631	-0.00149738
-27.43333298	-0.00138902
-27.39999965	-0.00138469
-27.36666631	-0.00137173
-27.33333298	-0.00125721
-27.29999965	-0.00109943
-27.26666631	-0.00114743
-27.23333298	-0.00103170
-27.19999965	-0.00105769
-27.16666631	-0.00097920
-27.13333298	-0.00106934
-27.09999965	-0.00109267
-27.06666631	-0.00106307
-27.03333298	-0.00097924
-26.99999965	-0.00102087
-26.96666632	-0.00096366
-26.93333298	-0.00091560
-26.89999965	-0.00097391
-26.86666632	-0.00083193
-26.83333298	-0.00087342
-26.79999965	-0.00080296
-26.76666632	-0.00079812
-26.73333298	-0.00072456
-26.69999965	-0.00074836
-26.66666632	-0.00065444
-26.63333299	-0.00066219
-26.59999965	-0.00061962
-26.56666632	-0.00058244
-26.53333299	-0.00052057
-26.49999965	-0.00048683
-26.46666632	-0.00037537
-26.43333299	-0.00039943
-26.39999965	-0.00029126
-26.36666632	-0.00027931
-26.33333299	-0.00019461
-26.29999965	-0.00015044
-26.26666632	-0.00012374
-26.23333299	-0.00008434
-26.19999966	0.00004712
-26.16666632	0.00004453
-26.13333299	0.00003255
-26.09999966	0.00016437
-26.06666632	0.00014983
-26.03333299	0.00024596
-25.99999966	0.00024445
-25.96666632	0.00030877
-25.93333299	0.00041299
-25.89999966	0.00034565
-25.86666633	0.00049871
-25.83333299	0.00041997
-25.79999966	0.00038454
-25.76666633	0.00027717
-25.73333299	0.00044391
-25.69999966	0.00044420
-25.66666633	0.00053137
-25.63333299	0.00054163
-25.59999966	0.00037233
-25.56666633	0.00036628
-25.53333299	0.00034358
-25.49999966	0.00026971
-25.46666633	0.00028804
-25.43333300	0.00028617
-25.39999966	0.00025908
-25.36666633	0.00020618
-25.33333300	0.00020007
-25.29999966	0.00014570
-25.26666633	0.00006518
-25.23333300	-0.00004840
-25.19999966	-0.00005731
-25.16666633	-0.00004395
-25.13333300	-0.00024644
-25.09999966	-0.00017683
-25.06666633	-0.00027799
-25.03333300	-0.00026244
-24.99999967	-0.00029773
-24.96666633	-0.00037462
-24.93333300	-0.00046858
-24.89999967	-0.00054870
-24.86666633	-0.00060829
-24.83333300	-0.00065637
-24.79999967	-0.00072313
-24.76666633	-0.00080074
-24.73333300	-0.00092896
-24.69999967	-0.00093127
-24.66666634	-0.00096424
-24.63333300	-0.00112752
-24.59999967	-0.00110068
-24.56666634	-0.00128856
-24.53333300	-0.00145993
-24.49999967	-0.00141268
-24.46666634	-0.00152923
-24.43333300	-0.00173260
-24.39999967	-0.00185280
-24.36666634	-0.00198256
-24.33333300	-0.00208017
-24.29999967	-0.00217645
-24.26666634	-0.00230193
-24.23333301	-0.00243837
-24.19999967	-0.00243727
-24.16666634	-0.00260961
-24.13333301	-0.00277915
-24.09999967	-0.00291619
-24.06666634	-0.00299555
-24.03333301	-0.00310879
-23.99999967	-0.00327909
-23.96666634	-0.00332240
-23.93333301	-0.00335059
-23.89999967	-0.00344816
-23.86666634	-0.00351824
-23.83333301	-0.00362082
-23.79999968	-0.00357558
-23.76666634	-0.00372479
-23.73333301	-0.00369149
-23.69999968	-0.00367341
-23.66666634	-0.00384061
-23.63333301	-0.00386281
-23.59999968	-0.00386265
-23.56666634	-0.00402507
-23.53333301	-0.00397284
-23.49999968	-0.00400802
-23.46666635	-0.00404190
-23.43333301	-0.00407802
-23.39999968	-0.00411986
-23.36666635	-0.00418920
-23.33333301	-0.00414056
-23.29999968	-0.00430162
-23.26666635	-0.00424357
-23.23333301	-0.00428815
-23.19999968	-0.00429048
-23.16666635	-0.00426797
-23.13333301	-0.00435929
-23.09999968	-0.00438478
-23.06666635	-0.00438400
-23.03333302	-0.00439109
-22.99999968	-0.00437493
-22.96666635	-0.00434283
-22.93333302	-0.00441612
-22.89999968	-0.00438770
-22.86666635	-0.00429423
-22.83333302	-0.00432249
-22.79999968	-0.00434641
-22.76666635	-0.00432576
-22.73333302	-0.00432290
-22.69999969	-0.00419349
-22.66666635	-0.00409462
-22.63333302	-0.00401366
-22.59999969	-0.00399039
-22.56666635	-0.00407759
-22.53333302	-0.00397737
-22.49999969	-0.00385994
-22.46666635	-0.00386473
-22.43333302	-0.00382335
-22.39999969	-0.00390004
-22.36666635	-0.00369653
-22.33333302	-0.00380003
-22.29999969	-0.00368747
-22.26666636	-0.00368792
-22.23333302	-0.00359640
-22.19999969	-0.00367370
-22.16666636	-0.00362554
-22.13333302	-0.00360960
-22.09999969	-0.00362288
-22.06666636	-0.00357151
-22.03333302	-0.00363656
-21.99999969	-0.00357150
-21.96666636	-0.00363776
-21.93333302	-0.00372302
-21.89999969	-0.00372332
-21.86666636	-0.00369130
-21.83333303	-0.00386454
-21.79999969	-0.00384639
-21.76666636	-0.00389365
-21.73333303	-0.00398529
-21.69999969	-0.00403081
-21.66666636	-0.00409161
-21.63333303	-0.00405555
-21.59999969	-0.00418898
-21.56666636	-0.00419318
-21.53333303	-0.00411975
-21.49999970	-0.00424895
-21.46666636	-0.00422036
-21.43333303	-0.00430517
-21.39999970	-0.00435536
-21.36666636	-0.00427853
-21.33333303	-0.00437948
-21.29999970	-0.00435326
-21.26666636	-0.00448056
-21.23333303	-0.00444840
-21.19999970	-0.00440848
-21.16666636	-0.00447509
-21.13333303	-0.00451642
-21.09999970	-0.00458044
-21.06666637	-0.00468952
-21.03333303	-0.00463602
-20.99999970	-0.00463085
-20.96666637	-0.00467194
-20.93333303	-0.00460542
-20.89999970	-0.00475299
-20.86666637	-0.00472929
-20.83333303	-0.00469198
-20.79999970	-0.00476206
-20.76666637	-0.00475643
-20.73333303	-0.00472463
-20.69999970	-0.00475652
-20.66666637	-0.00470716
-20.63333304	-0.00469506
-20.59999970	-0.00464278
-20.56666637	-0.00470117
-20.53333304	-0.00470081
-20.49999970	-0.00473220
-20.46666637	-0.00458370
-20.43333304	-0.00466574
-20.39999970	-0.00457210
-20.36666637	-0.00461519
-20.33333304	-0.00467399
-20.29999971	-0.00466943
-20.26666637	-0.00466755
-20.23333304	-0.00467827
-20.19999971	-0.00461475
-20.16666637	-0.00451909
-20.13333304	-0.00458269
-20.09999971	-0.00457253
-20.06666637	-0.00444277
-20.03333304	-0.00463575
-19.99999971	-0.00459243
-19.96666637	-0.00459019
-19.93333304	-0.00453818
-19.89999971	-0.00444734
-19.86666638	-0.00448605
-19.83333304	-0.00449542
-19.79999971	-0.00446033
-19.76666638	-0.00441000
-19.73333304	-0.00443645
-19.69999971	-0.00446975
-19.66666638	-0.00435937
-19.63333304	-0.00439793
-19.59999971	-0.00440024
-19.56666638	-0.00431139
-19.53333305	-0.00431314
-19.49999971	-0.00428072
-19.46666638	-0.00419659
-19.43333305	-0.00420450
-19.39999971	-0.00416470
-19.36666638	-0.00412512
-19.33333305	-0.00408488
-19.29999971	-0.00396465
-19.26666638	-0.00384048
-19.23333305	-0.00391140
-19.19999971	-0.00392249
-19.16666638	-0.00380436
-19.13333305	-0.00367469
-19.09999972	-0.00369687
-19.06666638	-0.00360123
-19.03333305	-0.00364326
-18.99999972	-0.00358300
-18.96666638	-0.00352676
-18.93333305	-0.00355779
-18.89999972	-0.00343306
-18.86666638	-0.00344016
-18.83333305	-0.00345257
-18.79999972	-0.00334885
-18.76666638	-0.00325664
-18.73333305	-0.00319106
-18.69999972	-0.00319935
-18.66666639	-0.00310857
-18.63333305	-0.00309908
-18.59999972	-0.00292893
-18.56666639	-0.00290473
-18.53333305	-0.00294818
-18.49999972	-0.00297388
-18.46666639	-0.00285459
-18.43333305	-0.00273480
-18.39999972	-0.00284170
-18.36666639	-0.00278092
-18.33333306	-0.00266117
-18.29999972	-0.00255615
-18.26666639	-0.00254181
-18.23333306	-0.00254438
-18.19999972	-0.00256183
-18.16666639	-0.00254360
-18.13333306	-0.00249001
-18.09999972	-0.00243842
-18.06666639	-0.00233705
-18.03333306	-0.00232517
-17.99999972	-0.00221999
-17.96666639	-0.00223287
-17.93333306	-0.00231417
-17.89999973	-0.00227701
-17.86666639	-0.00222532
-17.83333306	-0.00211788
-17.79999973	-0.00210969
-17.76666639	-0.00201377
-17.73333306	-0.00199539
-17.69999973	-0.00199322
-17.66666639	-0.00188238
-17.63333306	-0.00171440
-17.59999973	-0.00171921
-17.56666639	-0.00163169
-17.53333306	-0.00148481
-17.49999973	-0.00143275
-17.46666640	-0.00129122
-17.43333306	-0.00125663
-17.39999973	-0.00116800
-17.36666640	-0.00106152
-17.33333306	-0.00099413
-17.29999973	-0.00090254
-17.26666640	-0.00075759
-17.23333306	-0.00053641
-17.19999973	-0.00063051
-17.16666640	-0.00036671
-17.13333307	-0.00028340
-17.09999973	-0.00005054
-17.06666640	-0.00002171
-17.03333307	0.00007663
-16.99999973	0.00014980
-16.96666640	0.00030781
-16.93333307	0.00037725
-16.89999973	0.00050214
-16.86666640	0.00057106
-16.83333307	0.00069096
-16.79999973	0.00082689
-16.76666640	0.00091896
-16.73333307	0.00102732
-16.69999974	0.00108445
-16.66666640	0.00111333
-16.63333307	0.00124608
-16.59999974	0.00128694
-16.56666640	0.00134077
-16.53333307	0.00143538
-16.49999974	0.00152824
-16.46666640	0.00156014
-16.43333307	0.00155895
-16.39999974	0.00165898
-16.36666641	0.00175044
-16.33333307	0.00196355
-16.29999974	0.00200063
-16.26666641	0.00204631
-16.23333307	0.00205610
-16.19999974	0.00215322
-16.16666641	0.00228468
-16.13333307	0.00235326
-16.09999974	0.00256483
-16.06666641	0.00252534
-16.03333307	0.00271630
-15.99999974	0.00276362
-15.96666641	0.00296679
-15.93333308	0.00293658
-15.89999974	0.00306318
-15.86666641	0.00307597
-15.83333308	0.00330063
-15.79999974	0.00326032
-15.76666641	0.00341515
-15.73333308	0.00352272
-15.69999974	0.00364423
-15.66666641	0.00359283
-15.63333308	0.00376182
-15.59999974	0.00378189
-15.56666641	0.00374767
-15.53333308	0.00377733
-15.49999975	0.00379515
-15.46666641	0.00391305
-15.43333308	0.00391194
-15.39999975	0.00385113
-15.36666641	0.00387176
-15.33333308	0.00393029
-15.29999975	0.00387311
-15.26666641	0.00390518
-15.23333308	0.00401224
-15.19999975	0.00387438
-15.16666642	0.00397558
-15.13333308	0.00388792
-15.09999975	0.00387031
-15.06666642	0.00389546
-15.03333308	0.00393991
-14.99999975	0.00384886
-14.96666642	0.00391826
-14.93333308	0.00390528
-14.89999975	0.00376729
-14.86666642	0.00380503
-14.83333308	0.00381651
-14.79999975	0.00383788
-14.76666642	0.00386458
-14.73333309	0.00379905
-14.69999975	0.00382960
-14.66666642	0.00386083
-14.63333309	0.00378280
-14.59999975	0.00380259
-14.56666642	0.00369534
-14.53333309	0.00372674
-14.49999975	0.00370047
-14.46666642	0.00357114
-14.43333309	0.00368308
-14.39999975	0.00361667
-14.36666642	0.00356546
-14.33333309	0.00362813
-14.29999976	0.00342875
-14.26666642	0.00351004
-14.23333309	0.00339918
-14.19999976	0.00333961
-14.16666642	0.00334809
-14.13333309	0.00336854
-14.09999976	0.00329752
-14.06666642	0.00327372
-14.03333309	0.00315555
-13.99999976	0.00316539
-13.96666643	0.00317982
-13.93333309	0.00315276
-13.89999976	0.00312993
-13.86666643	0.00311342
-13.83333309	0.00313176
-13.79999976	0.00306562
-13.76666643	0.00310549
-13.73333309	0.00304137
-13.69999976	0.00306454
-13.66666643	0.00298450
-13.63333309	0.00309428
-13.59999976	0.00309362
-13.56666643	0.00311801
-13.53333310	0.00318396
-13.49999976	0.00321198
-13.46666643	0.00309779
-13.43333310	0.00315483
-13.39999976	0.00314556
-13.36666643	0.00310145
-13.33333310	0.00310504
-13.29999976	0.00311154
-13.26666643	0.00311832
-13.23333310	0.00315412
-13.19999977	0.00308622
-13.16666643	0.00319321
-13.13333310	0.00309201
-13.09999977	0.00310040
-13.06666643	0.00312820
-13.03333310	0.00308911
-12.99999977	0.00307055
-12.96666643	0.00303434
-12.93333310	0.00303369
-12.89999977	0.00309078
-12.86666643	0.00303989
-12.83333310	0.00308048
-12.79999977	0.00302727
-12.76666644	0.00294813
-12.73333310	0.00291987
-12.69999977	0.00299400
-12.66666644	0.00304134
-12.63333310	0.00304847
-12.59999977	0.00296481
-12.56666644	0.00304881
-12.53333310	0.00299430
-12.49999977	0.00285712
-12.46666644	0.00291776
-12.43333310	0.00270217
-12.39999977	0.00284828
-12.36666644	0.00281195
-12.33333311	0.00277692
-12.29999977	0.00289913
-12.26666644	0.00274138
-12.23333311	0.00281096
-12.19999977	0.00274276
-12.16666644	0.00289100
-12.13333311	0.00282147
-12.09999977	0.00279874
-12.06666644	0.00283198
-12.03333311	0.00279789
-11.99999978	0.00286226
-11.96666644	0.00285799
-11.93333311	0.00284418
-11.89999978	0.00293960
-11.86666644	0.00305955
-11.83333311	0.00306743
-11.79999978	0.00318381
-11.76666644	0.00319614
-11.73333311	0.00321234
-11.69999978	0.00334106
-11.66666644	0.00342473
-11.63333311	0.00352223
-11.59999978	0.00359535
-11.56666645	0.00366431
-11.53333311	0.00373750
-11.49999978	0.00384886
-11.46666645	0.00388652
-11.43333311	0.00382796
-11.39999978	0.00388795
-11.36666645	0.00401797
-11.33333311	0.00411322
-11.29999978	0.00417799
-11.26666645	0.00416280
-11.23333311	0.00426766
-11.19999978	0.00436973
-11.16666645	0.00443295
-11.13333312	0.00445904
-11.09999978	0.00438545
-11.06666645	0.00452016
-11.03333312	0.00450428
-10.99999978	0.00453630
-10.96666645	0.00463329
-10.93333312	0.00461873
-10.89999978	0.00466514
-10.86666645	0.00472138
-10.83333312	0.00479687
-10.79999979	0.00464796
-10.76666645	0.00470123
-10.73333312	0.00472239
-10.69999979	0.00477291
-10.66666645	0.00479685
-10.63333312	0.00476217
-10.59999979	0.00478032
-10.56666645	0.00486312
-10.53333312	0.00474774
-10.49999979	0.00475876
-10.46666645	0.00467412
-10.43333312	0.00472684
-10.39999979	0.00467782
-10.36666646	0.00460921
-10.33333312	0.00460255
-10.29999979	0.00462060
-10.26666646	0.00451170
-10.23333312	0.00440843
-10.19999979	0.00431516
-10.16666646	0.00430899
-10.13333312	0.00422141
-10.09999979	0.00408530
-10.06666646	0.00407346
-10.03333313	0.00396815
-9.99999979	0.00390194
-9.96666646	0.00369199
-9.93333313	0.00359088
-9.89999979	0.00349088
-9.86666646	0.00341575
-9.83333313	0.00334836
-9.79999979	0.00330090
-9.76666646	0.00314887
-9.73333313	0.00299322
-9.69999979	0.00298384
-9.66666646	0.00281093
-9.63333313	0.00268143
-9.59999980	0.00262219
-9.56666646	0.00252248
-9.53333313	0.00249514
-9.49999980	0.00229917
-9.46666646	0.00223893
-9.43333313	0.00200919
-9.39999980	0.00205664
-9.36666646	0.00194706
-9.33333313	0.00187961
-9.29999980	0.00177175
-9.26666646	0.00169589
-9.23333313	0.00154579
-9.19999980	0.00151949
-9.16666647	0.00141219
-9.13333313	0.00138141
-9.09999980	0.00119433
-9.06666647	0.00113445
-9.03333313	0.00102257
-8.99999980	0.00096628
-8.96666647	0.00084083
-8.93333313	0.00088370
-8.89999980	0.00070049
-8.86666647	0.00065622
-8.83333314	0.00058981
-8.79999980	0.00045762
-8.76666647	0.00043864
-8.73333314	0.00031143
-8.69999980	0.00021464
-8.66666647	0.00010560
-8.63333314	0.00013008
-8.59999980	-0.00000111
-8.56666647	0.00002668
-8.53333314	0.00001690
-8.49999980	0.00003796
-8.46666647	-0.00010517
-8.43333314	-0.00005753
-8.39999981	-0.00008176
-8.36666647	-0.00015130
-8.33333314	-0.00012725
-8.29999981	-0.00027655
-8.26666647	-0.00029826
-8.23333314	-0.00027075
-8.19999981	-0.00033160
-8.16666647	-0.00018276
-8.13333314	-0.00036495
-8.09999981	-0.00029026
-8.06666647	-0.00034828
-8.03333314	-0.00038519
-7.99999981	-0.00030742
-7.96666648	-0.00034508
-7.93333314	-0.00038865
-7.89999981	-0.00037070
-7.86666648	-0.00037185
-7.83333314	-0.00032798
-7.79999981	-0.00038929
-7.76666648	-0.00048435
-7.73333314	-0.00044911
-7.69999981	-0.00055047
-7.66666648	-0.00069410
-7.63333315	-0.00066581
-7.59999981	-0.00084296
-7.56666648	-0.00079974
-7.53333315	-0.00077543
-7.49999981	-0.00082641
-7.46666648	-0.00081282
-7.43333315	-0.00097014
-7.39999981	-0.00098566
-7.36666648	-0.00094495
-7.33333315	-0.00099367
-7.29999981	-0.00114852
-7.26666648	-0.00116336
-7.23333315	-0.00115765
-7.19999982	-0.00124541
-7.16666648	-0.00142776
-7.13333315	-0.00153726
-7.09999982	-0.00147516
-7.06666648	-0.00154849
-7.03333315	-0.00167528
-6.99999982	-0.00175362
-6.96666648	-0.00190193
-6.93333315	-0.00197771
-6.89999982	-0.00197613
-6.86666649	-0.00194949
-6.83333315	-0.00210320
-6.79999982	-0.00214639
-6.76666649	-0.00226474
-6.73333315	-0.00223697
-6.69999982	-0.00243854
-6.66666649	-0.00245166
-6.63333315	-0.00244303
-6.59999982	-0.00243868
-6.56666649	-0.00249163
-6.53333315	-0.00263352
-6.49999982	-0.00270692
-6.46666649	-0.00285162
-6.43333316	-0.00283301
-6.39999982	-0.00300583
-6.36666649	-0.00302734
-6.33333316	-0.00309798
-6.29999982	-0.00311545
-6.26666649	-0.00322811
-6.23333316	-0.00331405
-6.19999982	-0.00339900
-6.16666649	-0.00349756
-6.13333316	-0.00343648
-6.09999982	-0.00354564
-6.06666649	-0.00360363
-6.03333316	-0.00346769
-5.99999983	-0.00360442
-5.96666649	-0.00360876
-5.93333316	-0.00370200
-5.89999983	-0.00356869
-5.86666649	-0.00369502
-5.83333316	-0.00363693
-5.79999983	-0.00366227
-5.76666649	-0.00371183
-5.73333316	-0.00375093
-5.69999983	-0.00364367
-5.66666650	-0.00360341
-5.63333316	-0.00363210
-5.59999983	-0.00371117
-5.56666650	-0.00356196
-5.53333316	-0.00357198
-5.49999983	-0.00362360
-5.46666650	-0.00355452
-5.43333316	-0.00350502
-5.39999983	-0.00351782
-5.36666650	-0.00343019
-5.33333316	-0.00334333
-5.29999983	-0.00327075
-5.26666650	-0.00325804
-5.23333317	-0.00326830
-5.19999983	-0.00317735
-5.16666650	-0.00307706
-5.13333317	-0.00303292
-5.09999983	-0.00297541
-5.06666650	-0.00292339
-5.03333317	-0.00287057
-4.99999983	-0.00276376
-4.96666650	-0.00273498
-4.93333317	-0.00277730
-4.89999983	-0.00265975
-4.86666650	-0.00266618
-4.83333317	-0.00261400
-4.79999984	-0.00266161
-4.76666650	-0.00261113
-4.73333317	-0.00270262
-4.69999984	-0.00263066
-4.66666650	-0.00265155
-4.63333317	-0.00268882
-4.59999984	-0.00259350
-4.56666650	-0.00255913
-4.53333317	-0.00265194
-4.49999984	-0.00265921
-4.46666651	-0.00261942
-4.43333317	-0.00272497
-4.39999984	-0.00263253
-4.36666651	-0.00269765
-4.33333317	-0.00270512
-4.29999984	-0.00283761
-4.26666651	-0.00282857
-4.23333317	-0.00278802
-4.19999984	-0.00281578
-4.16666651	-0.00293145
-4.13333317	-0.00299679
-4.09999984	-0.00307563
-4.06666651	-0.00326448
-4.03333318	-0.00329755
-3.99999984	-0.00329543
-3.96666651	-0.00333856
-3.93333318	-0.00339034
-3.89999984	-0.00350443
-3.86666651	-0.00343564
-3.83333318	-0.00362086
-3.79999984	-0.00366985
-3.76666651	-0.00368638
-3.73333318	-0.00379962
-3.69999985	-0.00390900
-3.66666651	-0.00390266
-3.63333318	-0.00404253
-3.59999985	-0.00420526
-3.56666651	-0.00427554
-3.53333318	-0.00431822
-3.49999985	-0.00440944
-3.46666651	-0.00456593
-3.43333318	-0.00465641
-3.39999985	-0.00466412
-3.36666651	-0.00481246
-3.33333318	-0.00505923
-3.29999985	-0.00508962
-3.26666652	-0.00521729
-3.23333318	-0.00526316
-3.19999985	-0.00533755
-3.16666652	-0.00542662
-3.13333318	-0.00554788
-3.09999985	-0.00562779
-3.06666652	-0.00561966
-3.03333318	-0.00582583
-2.99999985	-0.00587751
-2.96666652	-0.00598313
-2.93333318	-0.00616953
-2.89999985	-0.00626479
-2.86666652	-0.00638770
-2.83333319	-0.00651041
-2.79999985	-0.00661366
-2.76666652	-0.00663194
-2.73333319	-0.00675625
-2.69999985	-0.00684318
-2.66666652	-0.00699494
-2.63333319	-0.00702109
-2.59999985	-0.00721137
-2.56666652	-0.00728371
-2.53333319	-0.00734707
-2.49999986	-0.00745720
-2.46666652	-0.00755574
-2.43333319	-0.00773986
-2.39999986	-0.00783801
-2.36666652	-0.00787485
-2.33333319	-0.00798276
-2.29999986	-0.00809164
-2.26666652	-0.00812181
-2.23333319	-0.00827873
-2.19999986	-0.00826210
-2.16666652	-0.00841084
-2.13333319	-0.00847549
-2.09999986	-0.00854500
-2.06666653	-0.00860920
-2.03333319	-0.00867239
-1.99999986	-0.00867072
-1.96666653	-0.00862948
-1.93333319	-0.00867300
-1.89999986	-0.00872997
-1.86666653	-0.00873780
-1.83333319	-0.00871829
-1.79999986	-0.00862866
-1.76666653	-0.00851377
-1.73333319	-0.00852961
-1.69999986	-0.00833623
-1.66666653	-0.00823190
-1.63333320	-0.00809239
-1.59999986	-0.00802717
-1.56666653	-0.00780160
-1.53333320	-0.00767927
-1.49999986	-0.00755836
-1.46666653	-0.00739187
-1.43333320	-0.00705063
-1.39999986	-0.00696781
-1.36666653	-0.00673074
-1.33333320	-0.00648348
-1.29999987	-0.00629664
-1.26666653	-0.00599901
-1.23333320	-0.00569636
-1.19999987	-0.00545531
-1.16666653	-0.00500235
-1.13333320	-0.00473596
-1.09999987	-0.00435718
-1.06666653	-0.00397164
-1.03333320	-0.00361838
-0.99999987	-0.00324157
-0.96666653	-0.00279626
-0.93333320	-0.00234585
-0.89999987	-0.00190813
-0.86666654	-0.00162446
-0.83333320	-0.00113409
-0.79999987	-0.00068835
-0.76666654	-0.00027718
-0.73333320	0.00015466
-0.69999987	0.00068977
-0.66666654	0.00111292
-0.63333320	0.00160512
-0.59999987	0.00210005
-0.56666654	0.00259823
-0.53333321	0.00304099
-0.49999987	0.00359924
-0.46666654	0.00397790
-0.43333321	0.00441095
-0.39999987	0.00484340
-0.36666654	0.00532585
-0.33333321	0.00589263
-0.29999987	0.00640657
-0.26666654	0.00688952
-0.23333321	0.00742233
-0.19999987	0.00784394
-0.16666654	0.00828590
-0.13333321	0.00875631
-0.09999988	0.00917832
-0.06666654	0.00966815
-0.03333321	0.01019482
0.00000012	0.01052007
0.03333346	0.01093192
0.06666679	0.01136799
0.10000012	0.01185458
0.13333346	0.01224065
0.16666679	0.01264491
0.20000012	0.01299137
0.23333346	0.01330355
0.26666679	0.01368651
0.30000012	0.01412834
0.33333345	0.01435885
0.36666679	0.01469386
0.40000012	0.01508348
0.43333345	0.01549450
0.46666679	0.01564519
0.50000012	0.01594750
0.53333345	0.01628590
0.56666679	0.01646849
0.60000012	0.01678565
0.63333345	0.01694320
0.66666678	0.01717516
0.70000012	0.01741426
0.73333345	0.01759520
0.76666678	0.01773564
0.80000012	0.01788717
0.83333345	0.01803036
0.86666678	0.01817276
0.90000012	0.01836196
0.93333345	0.01840733
0.96666678	0.01860468
1.00000012	0.01866037
1.03333345	0.01874764
1.06666678	0.01873049
1.10000011	0.01881904
1.13333345	0.01884815
1.16666678	0.01888933
1.20000011	0.01875212
1.23333345	0.01895928
1.26666678	0.01881998
1.30000011	0.01885302
1.33333345	0.01885751
1.36666678	0.01879822
1.40000011	0.01881966
1.43333345	0.01875757
1.46666678	0.01872006
1.50000011	0.01863170
1.53333344	0.01846000
1.56666678	0.01850770
1.60000011	0.01836754
1.63333344	0.01827419
1.66666678	0.01824784
1.70000011	0.01815596
1.73333344	0.01808370
1.76666678	0.01799755
1.80000011	0.01788335
1.83333344	0.01781507
1.86666677	0.01771902
1.90000011	0.01764626
1.93333344	0.01746842
1.96666677	0.01738577
2.00000011	0.01735345
2.03333344	0.01725068
2.06666677	0.01704879
2.10000011	0.01711566
2.13333344	0.01706713
2.16666677	0.01688377
2.20000011	0.01689672
2.23333344	0.01675148
2.26666677	0.01666312
2.30000010	0.01667221
2.33333344	0.01651351
2.36666677	0.01641171
2.40000010	0.01642987
2.43333344	0.01635196
2.46666677	0.01619140
2.50000010	0.01614494
2.53333344	0.01603662
2.56666677	0.01588897
2.60000010	0.01587325
2.63333343	0.01573643
2.66666677	0.01568579
2.70000010	0.01562943
2.73333343	0.01559416
2.76666677	0.01549602
2.80000010	0.01547040
2.83333343	0.01532606
2.86666677	0.01532131
2.90000010	0.01526772
2.93333343	0.01520588
2.96666677	0.01517916
3.00000010	0.01505975
3.03333343	0.01502911
3.06666676	0.01495765
3.10000010	0.01493512
3.13333343	0.01478349
3.16666676	0.01473961
3.20000010	0.01460728
3.23333343	0.01459934
3.26666676	0.01442166
3.30000010	0.01447420
3.33333343	0.01443178
3.36666676	0.01421912
3.40000010	0.01421629
3.43333343	0.01409330
3.46666676	0.01424914
3.50000009	0.01409966
3.53333343	0.01396132
3.56666676	0.01396436
3.60000009	0.01392612
3.63333343	0.01393732
3.66666676	0.01380374
3.70000009	0.01380669
3.73333343	0.01367589
3.76666676	0.01365473
3.80000009	0.01357855
3.83333342	0.01356025
3.86666676	0.01345047
3.90000009	0.01345526
3.93333342	0.01338617
3.96666676	0.01330776
4.00000009	0.01337696
4.03333342	0.01326212
4.06666676	0.01311138
4.10000009	0.01310426
4.13333342	0.01306685
4.16666676	0.01295380
4.20000009	0.01279705
4.23333342	0.01286982
4.26666675	0.01276310
4.30000009	0.01266680
4.33333342	0.01251280
4.36666675	0.01236307
4.40000009	0.01230823
4.43333342	0.01214462
4.46666675	0.01214236
4.50000009	0.01200390
4.53333342	0.01180770
4.56666675	0.01166425
4.60000009	0.01157758
4.63333342	0.01147785
4.66666675	0.01129351
4.70000008	0.01118920
4.73333342	0.01097525
4.76666675	0.01085518
4.80000008	0.01072843
4.83333342	0.01055204
4.86666675	0.01025063
4.90000008	0.01008156
4.93333342	0.00987260
4.96666675	0.00974825
5.00000008	0.00945564
5.03333341	0.00936734
5.06666675	0.00910287
5.10000008	0.00893857
5.13333341	0.00878969
5.16666675	0.00848200
5.20000008	0.00821969
5.23333341	0.00809759
5.26666675	0.00784418
5.30000008	0.00761937
5.33333341	0.00739638
5.36666675	0.00718831
5.40000008	0.00692291
5.43333341	0.00679437
5.46666674	0.00662964
5.50000008	0.00622988
5.53333341	0.00597723
5.56666674	0.00583010
5.60000008	0.00558689
5.63333341	0.00538472
5.66666674	0.00514895
5.70000008	0.00495437
5.73333341	0.00475491
5.76666674	0.00449494
5.80000007	0.00428461
5.83333341	0.00403870
5.86666674	0.00379669
5.90000007	0.00352537
5.93333341	0.00330696
5.96666674	0.00295546
6.00000007	0.00264194
6.03333341	0.00253778
6.06666674	0.00234955
6.10000007	0.00209165
6.13333341	0.00183595
6.16666674	0.00162759
6.20000007	0.00144702
6.23333340	0.00113780
6.26666674	0.00095907
6.30000007	0.00077160
6.33333340	0.00064102
6.36666674	0.00045181
6.40000007	0.00013825
6.43333340	-0.00009232
6.46666674	-0.00037691
6.50000007	-0.00053540
6.53333340	-0.00074406
6.56666674	-0.00100759
6.60000007	-0.00107420
6.63333340	-0.00136512
6.66666673	-0.00157120
6.70000007	-0.00183698
6.73333340	-0.00205784
6.76666673	-0.00221311
6.80000007	-0.00234526
6.83333340	-0.00259108
6.86666673	-0.00268747
6.90000007	-0.00300243
6.93333340	-0.00315909
6.96666673	-0.00336630
7.00000006	-0.00350137
7.03333340	-0.00358106
7.06666673	-0.00383042
7.10000006	-0.00389769
7.13333340	-0.00405178
7.16666673	-0.00431659
7.20000006	-0.00443820
7.23333340	-0.00445865
7.26666673	-0.00460942
7.30000006	-0.00468929
7.33333340	-0.00479500
7.36666673	-0.00489512
7.40000006	-0.00493544
7.43333339	-0.00505233
7.46666673	-0.00520265
7.50000006	-0.00522966
7.53333339	-0.00534870
7.56666673	-0.00537509
7.60000006	-0.00545563
7.63333339	-0.00562156
7.66666673	-0.00561479
7.70000006	-0.00566953
7.73333339	-0.00561012
7.76666673	-0.00564547
7.80000006	-0.00562620
7.83333339	-0.00567742
7.86666672	-0.00568398
7.90000006	-0.00572269
7.93333339	-0.00571407
7.96666672	-0.00585013
8.00000006	-0.00583031
8.03333339	-0.00567253
8.06666672	-0.00588355
8.10000006	-0.00581652
8.13333339	-0.00585051
8.16666672	-0.00588766
8.20000005	-0.00589216
8.23333339	-0.00594678
8.26666672	-0.00594784
8.30000005	-0.00590596
8.33333339	-0.00587957
8.36666672	-0.00595916
8.40000005	-0.00601184
8.43333339	-0.00594343
8.46666672	-0.00597963
8.50000005	-0.00599879
8.53333339	-0.00595140
8.56666672	-0.00594136
8.60000005	-0.00609181
8.63333338	-0.00620500
8.66666672	-0.00625828
8.70000005	-0.00618708
8.73333338	-0.00618976
8.76666672	-0.00623734
8.80000005	-0.00625328
8.83333338	-0.00623584
8.86666672	-0.00622481
8.90000005	-0.00632103
8.93333338	-0.00633845
8.96666671	-0.00628773
9.00000005	-0.00639309
9.03333338	-0.00641327
9.06666671	-0.00643786
9.10000005	-0.00642576
9.13333338	-0.00644522
9.16666671	-0.00642632
9.20000005	-0.00643751
9.23333338	-0.00644446
9.26666671	-0.00646979
9.30000005	-0.00649425
9.33333338	-0.00650593
9.36666671	-0.00640075
9.40000004	-0.00635413
9.43333338	-0.00642778
9.46666671	-0.00637062
9.50000004	-0.00641421
9.53333338	-0.00643369
9.56666671	-0.00644132
9.60000004	-0.00636619
9.63333338	-0.00636933
9.66666671	-0.00630196
9.70000004	-0.00627994
9.73333338	-0.00616628
9.76666671	-0.00615763
9.80000004	-0.00618667
9.83333337	-0.00609336
9.86666671	-0.00605429
9.90000004	-0.00598246
9.93333337	-0.00596482
9.96666671	-0.00590104
10.00000004	-0.00591075
10.03333337	-0.00582379
10.06666671	-0.00581609
10.10000004	-0.00574093
10.13333337	-0.00575839
10.16666670	-0.00566808
10.20000004	-0.00560408
10.23333337	-0.00559417
10.26666670	-0.00550527
10.30000004	-0.00552982
10.33333337	-0.00552206
10.36666670	-0.00543309
10.40000004	-0.00534082
10.43333337	-0.00533774
10.46666670	-0.00529393
10.50000004	-0.00526871
10.53333337	-0.00526412
10.56666670	-0.00519163
10.60000003	-0.00515983
10.63333337	-0.00502464
10.66666670	-0.00506092
10.70000003	-0.00499548
10.73333337	-0.00494042
10.76666670	-0.00492758
10.80000003	-0.00490032
10.83333337	-0.00481797
10.86666670	-0.00482040
10.90000003	-0.00474213
10.93333337	-0.00473212
10.96666670	-0.00463377
11.00000003	-0.00458211
11.03333336	-0.00449095
11.06666670	-0.00449454
11.10000003	-0.00440725
11.13333336	-0.00434534
11.16666670	-0.00422554
11.20000003	-0.00423263
11.23333336	-0.00419083
11.26666670	-0.00413892
11.30000003	-0.00409244
11.33333336	-0.00403456
11.36666669	-0.00397170
11.40000003	-0.00389375
11.43333336	-0.00377906
11.46666669	-0.00375003
11.50000003	-0.00368705
11.53333336	-0.00360479
11.56666669	-0.00356316
11.60000003	-0.00353592
11.63333336	-0.00342505
11.66666669	-0.00337206
11.70000003	-0.00332754
11.73333336	-0.00330539
11.76666669	-0.00320207
11.80000002	-0.00318109
11.83333336	-0.00311823
11.86666669	-0.00304747
11.90000002	-0.00294295
11.93333336	-0.00290819
11.96666669	-0.00285999
12.00000002	-0.00277077
12.03333336	-0.00273568
12.06666669	-0.00269055
12.10000002	-0.00259750
12.13333335	-0.00254899
12.16666669	-0.00248877
12.20000002	-0.00245909
12.23333335	-0.00239097
12.26666669	-0.00232681
12.30000002	-0.00223218
12.33333335	-0.00221646
12.36666669	-0.00215667
12.40000002	-0.00211019
12.43333335	-0.00205242
12.46666669	-0.00198998
12.50000002	-0.00194702
12.53333335	-0.00187877
12.56666668	-0.00183636
12.60000002	-0.00179816
12.63333335	-0.00174276
12.66666668	-0.00167923
12.70000002	-0.00164693
12.73333335	-0.00156995
12.76666668	-0.00155160
12.80000002	-0.00149421
12.83333335	-0.00145548
12.86666668	-0.00139510
12.90000002	-0.00136018
12.93333335	-0.00130198
12.96666668	-0.00126982
13.00000001	-0.00122016
13.03333335	-0.00117897
13.06666668	-0.00113977
13.10000001	-0.00109096
13.13333335	-0.00106796
13.16666668	-0.00102529
13.20000001	-0.00099084
13.23333335	-0.00095470
13.26666668	-0.00092362
13.30000001	-0.00089177
13.33333334	-0.00085486
13.36666668	-0.00082733
13.40000001	-0.00078592
13.43333334	-0.00076936
13.46666668	-0.00072759
13.50000001	-0.00069193
13.53333334	-0.00066018
13.56666668	-0.00063454
13.60000001	-0.00060642
13.63333334	-0.00057772
13.66666668	-0.00054841
13.70000001	-0.00052186
13.73333334	-0.00049405
13.76666667	-0.00046282
13.80000001	-0.00043250
13.83333334	-0.00040998
13.86666667	-0.00038045
13.90000001	-0.00035894
13.93333334	-0.00033329
13.96666667	-0.00031206
14.00000001	-0.00029264
14.03333334	-0.00026769
14.06666667	-0.00024912
14.10000001	-0.00022888
14.13333334	-0.00020803
14.16666667	-0.00018992
14.20000000	-0.00017092
14.23333334	-0.00015685
14.26666667	-0.00014097
14.30000000	-0.00012590
14.33333334	-0.00011283
14.36666667	-0.00009799
14.40000000	-0.00008580
14.43333334	-0.00007333
14.46666667	-0.00006328
14.50000000	-0.00005366
14.53333333	-0.00004470
14.56666667	-0.00003658
14.60000000	-0.00002943
14.63333333	-0.00002271
14.66666667	-0.00001739
14.70000000	-0.00001258
14.73333333	-0.00000876
14.76666667	-0.00000554
14.80000000	-0.00000305
14.83333333	-0.00000133
14.86666667	-0.00000033
14.90000000	0.00000000
