# Menlo Systems GmbH ScanControl
# Program Version 1.3.3
# Start: -65.00000000 ps, Average over 1000 waveforms. Timestamp: 2020-01-11T14:03:49
# Time [ps]	THz Signal [a.u.]
-65.06666586	0.00000000
-65.03333253	0.00000002
-64.99999919	0.00000007
-64.96666586	0.00000013
-64.93333253	0.00000030
-64.89999919	0.00000042
-64.86666586	0.00000050
-64.83333253	0.00000057
-64.79999919	0.00000088
-64.76666586	0.00000078
-64.73333253	0.00000072
-64.69999920	0.00000051
-64.66666586	0.00000035
-64.63333253	0.00000061
-64.59999920	0.00000015
-64.56666586	0.00000025
-64.53333253	-0.00000105
-64.49999920	-0.00000069
-64.46666586	-0.00000116
-64.43333253	-0.00000221
-64.39999920	-0.00000315
-64.36666587	-0.00000477
-64.33333253	-0.00000575
-64.29999920	-0.00000822
-64.26666587	-0.00000741
-64.23333253	-0.00001100
-64.19999920	-0.00001043
-64.16666587	-0.00001483
-64.13333253	-0.00001735
-64.09999920	-0.00001831
-64.06666587	-0.00002101
-64.03333254	-0.00002987
-63.99999920	-0.00003065
-63.96666587	-0.00003314
-63.93333254	-0.00003191
-63.89999920	-0.00004351
-63.86666587	-0.00004333
-63.83333254	-0.00004636
-63.79999920	-0.00005582
-63.76666587	-0.00007210
-63.73333254	-0.00007009
-63.69999921	-0.00006290
-63.66666587	-0.00007885
-63.63333254	-0.00008272
-63.59999921	-0.00008554
-63.56666587	-0.00009224
-63.53333254	-0.00009631
-63.49999921	-0.00010046
-63.46666587	-0.00010516
-63.43333254	-0.00011320
-63.39999921	-0.00012322
-63.36666588	-0.00011415
-63.33333254	-0.00011765
-63.29999921	-0.00013077
-63.26666588	-0.00012693
-63.23333254	-0.00012249
-63.19999921	-0.00011043
-63.16666588	-0.00012632
-63.13333254	-0.00012776
-63.09999921	-0.00011322
-63.06666588	-0.00013465
-63.03333255	-0.00012339
-62.99999921	-0.00012070
-62.96666588	-0.00009102
-62.93333255	-0.00009857
-62.89999921	-0.00008244
-62.86666588	-0.00006486
-62.83333255	-0.00006912
-62.79999921	-0.00004585
-62.76666588	-0.00004337
-62.73333255	-0.00001610
-62.69999922	-0.00001731
-62.66666588	-0.00000452
-62.63333255	0.00000949
-62.59999922	0.00002813
-62.56666588	0.00006398
-62.53333255	0.00009081
-62.49999922	0.00009252
-62.46666588	0.00012134
-62.43333255	0.00010528
-62.39999922	0.00015374
-62.36666589	0.00020060
-62.33333255	0.00021586
-62.29999922	0.00024189
-62.26666589	0.00023979
-62.23333255	0.00027967
-62.19999922	0.00028126
-62.16666589	0.00035160
-62.13333255	0.00039074
-62.09999922	0.00043644
-62.06666589	0.00045718
-62.03333256	0.00047727
-61.99999922	0.00053169
-61.96666589	0.00054215
-61.93333256	0.00060156
-61.89999922	0.00062168
-61.86666589	0.00065778
-61.83333256	0.00066587
-61.79999922	0.00072728
-61.76666589	0.00073185
-61.73333256	0.00078454
-61.69999923	0.00076599
-61.66666589	0.00083097
-61.63333256	0.00084427
-61.59999923	0.00087328
-61.56666589	0.00093063
-61.53333256	0.00095615
-61.49999923	0.00096050
-61.46666589	0.00098611
-61.43333256	0.00096229
-61.39999923	0.00099422
-61.36666590	0.00098290
-61.33333256	0.00104504
-61.29999923	0.00105159
-61.26666590	0.00105577
-61.23333256	0.00111468
-61.19999923	0.00108352
-61.16666590	0.00109863
-61.13333256	0.00107461
-61.09999923	0.00107348
-61.06666590	0.00111408
-61.03333257	0.00108466
-60.99999923	0.00107643
-60.96666590	0.00102041
-60.93333257	0.00102545
-60.89999923	0.00099469
-60.86666590	0.00095900
-60.83333257	0.00092608
-60.79999923	0.00098303
-60.76666590	0.00091546
-60.73333257	0.00090064
-60.69999924	0.00082785
-60.66666590	0.00084326
-60.63333257	0.00084772
-60.59999924	0.00072218
-60.56666590	0.00065713
-60.53333257	0.00059222
-60.49999924	0.00052285
-60.46666591	0.00042951
-60.43333257	0.00040976
-60.39999924	0.00035571
-60.36666591	0.00024203
-60.33333257	0.00020939
-60.29999924	0.00011888
-60.26666591	0.00006760
-60.23333257	-0.00004569
-60.19999924	-0.00009943
-60.16666591	-0.00013852
-60.13333258	-0.00027422
-60.09999924	-0.00030622
-60.06666591	-0.00038148
-60.03333258	-0.00049113
-59.99999924	-0.00054946
-59.96666591	-0.00062966
-59.93333258	-0.00075140
-59.89999924	-0.00082894
-59.86666591	-0.00105368
-59.83333258	-0.00102216
-59.79999925	-0.00104181
-59.76666591	-0.00117669
-59.73333258	-0.00126196
-59.69999925	-0.00137340
-59.66666591	-0.00139462
-59.63333258	-0.00140634
-59.59999925	-0.00143597
-59.56666591	-0.00153226
-59.53333258	-0.00153862
-59.49999925	-0.00151836
-59.46666592	-0.00162532
-59.43333258	-0.00162493
-59.39999925	-0.00165730
-59.36666592	-0.00171236
-59.33333258	-0.00175148
-59.29999925	-0.00178008
-59.26666592	-0.00181778
-59.23333258	-0.00181211
-59.19999925	-0.00174480
-59.16666592	-0.00186589
-59.13333259	-0.00176102
-59.09999925	-0.00171188
-59.06666592	-0.00177689
-59.03333259	-0.00160501
-58.99999925	-0.00171836
-58.96666592	-0.00162697
-58.93333259	-0.00164240
-58.89999925	-0.00152472
-58.86666592	-0.00168917
-58.83333259	-0.00165838
-58.79999926	-0.00147113
-58.76666592	-0.00146654
-58.73333259	-0.00144616
-58.69999926	-0.00136382
-58.66666592	-0.00139132
-58.63333259	-0.00132569
-58.59999926	-0.00135682
-58.56666592	-0.00133826
-58.53333259	-0.00139863
-58.49999926	-0.00126802
-58.46666593	-0.00132437
-58.43333259	-0.00127250
-58.39999926	-0.00135058
-58.36666593	-0.00121050
-58.33333259	-0.00130748
-58.29999926	-0.00126685
-58.26666593	-0.00129885
-58.23333259	-0.00126465
-58.19999926	-0.00126437
-58.16666593	-0.00125502
-58.13333260	-0.00123918
-58.09999926	-0.00124953
-58.06666593	-0.00130686
-58.03333260	-0.00130804
-57.99999926	-0.00146875
-57.96666593	-0.00134478
-57.93333260	-0.00130583
-57.89999926	-0.00128755
-57.86666593	-0.00139351
-57.83333260	-0.00135494
-57.79999927	-0.00139944
-57.76666593	-0.00135481
-57.73333260	-0.00136355
-57.69999927	-0.00144113
-57.66666593	-0.00144349
-57.63333260	-0.00135072
-57.59999927	-0.00127214
-57.56666593	-0.00123758
-57.53333260	-0.00124888
-57.49999927	-0.00116455
-57.46666594	-0.00123634
-57.43333260	-0.00117476
-57.39999927	-0.00103471
-57.36666594	-0.00101080
-57.33333260	-0.00092558
-57.29999927	-0.00095660
-57.26666594	-0.00090622
-57.23333260	-0.00094988
-57.19999927	-0.00093443
-57.16666594	-0.00073565
-57.13333261	-0.00076680
-57.09999927	-0.00071315
-57.06666594	-0.00072015
-57.03333261	-0.00061262
-56.99999927	-0.00069821
-56.96666594	-0.00066087
-56.93333261	-0.00061344
-56.89999927	-0.00061234
-56.86666594	-0.00048523
-56.83333261	-0.00049721
-56.79999928	-0.00044829
-56.76666594	-0.00055200
-56.73333261	-0.00043847
-56.69999928	-0.00037161
-56.66666594	-0.00028495
-56.63333261	-0.00033205
-56.59999928	-0.00035079
-56.56666594	-0.00037300
-56.53333261	-0.00036238
-56.49999928	-0.00036262
-56.46666595	-0.00034699
-56.43333261	-0.00031887
-56.39999928	-0.00034774
-56.36666595	-0.00041136
-56.33333261	-0.00031749
-56.29999928	-0.00031408
-56.26666595	-0.00038040
-56.23333261	-0.00033406
-56.19999928	-0.00032180
-56.16666595	-0.00039619
-56.13333262	-0.00032747
-56.09999928	-0.00037668
-56.06666595	-0.00027012
-56.03333262	-0.00033730
-55.99999928	-0.00019884
-55.96666595	-0.00023343
-55.93333262	-0.00019692
-55.89999928	-0.00020032
-55.86666595	-0.00014142
-55.83333262	-0.00012450
-55.79999929	-0.00009901
-55.76666595	-0.00016178
-55.73333262	-0.00013808
-55.69999929	-0.00001625
-55.66666595	-0.00002554
-55.63333262	-0.00006398
-55.59999929	-0.00004359
-55.56666595	-0.00008149
-55.53333262	-0.00000147
-55.49999929	0.00002262
-55.46666596	-0.00002155
-55.43333262	0.00008716
-55.39999929	-0.00000734
-55.36666596	0.00015154
-55.33333262	0.00008751
-55.29999929	0.00004502
-55.26666596	0.00011399
-55.23333262	0.00011332
-55.19999929	0.00005997
-55.16666596	0.00012781
-55.13333263	0.00006644
-55.09999929	0.00018069
-55.06666596	0.00024192
-55.03333263	0.00010057
-54.99999929	0.00022835
-54.96666596	0.00030886
-54.93333263	0.00030753
-54.89999929	0.00035799
-54.86666596	0.00034226
-54.83333263	0.00034663
-54.79999930	0.00033695
-54.76666596	0.00036331
-54.73333263	0.00039907
-54.69999930	0.00051938
-54.66666596	0.00054284
-54.63333263	0.00048237
-54.59999930	0.00052043
-54.56666596	0.00060342
-54.53333263	0.00047884
-54.49999930	0.00052874
-54.46666597	0.00042763
-54.43333263	0.00051687
-54.39999930	0.00054380
-54.36666597	0.00052446
-54.33333263	0.00065018
-54.29999930	0.00058770
-54.26666597	0.00065562
-54.23333263	0.00072523
-54.19999930	0.00071335
-54.16666597	0.00065490
-54.13333264	0.00075710
-54.09999930	0.00076425
-54.06666597	0.00077726
-54.03333264	0.00074737
-53.99999930	0.00072431
-53.96666597	0.00074273
-53.93333264	0.00067387
-53.89999930	0.00066907
-53.86666597	0.00071314
-53.83333264	0.00073693
-53.79999931	0.00070501
-53.76666597	0.00067419
-53.73333264	0.00072275
-53.69999931	0.00066037
-53.66666597	0.00070429
-53.63333264	0.00060294
-53.59999931	0.00063000
-53.56666597	0.00053309
-53.53333264	0.00048113
-53.49999931	0.00047370
-53.46666598	0.00045158
-53.43333264	0.00048233
-53.39999931	0.00044418
-53.36666598	0.00042606
-53.33333264	0.00048710
-53.29999931	0.00044144
-53.26666598	0.00033042
-53.23333264	0.00045156
-53.19999931	0.00044157
-53.16666598	0.00044002
-53.13333265	0.00042120
-53.09999931	0.00040045
-53.06666598	0.00033851
-53.03333265	0.00044476
-52.99999931	0.00047037
-52.96666598	0.00039611
-52.93333265	0.00051929
-52.89999931	0.00037884
-52.86666598	0.00044316
-52.83333265	0.00046596
-52.79999932	0.00048132
-52.76666598	0.00055238
-52.73333265	0.00063000
-52.69999932	0.00058853
-52.66666598	0.00057555
-52.63333265	0.00067075
-52.59999932	0.00058119
-52.56666598	0.00060118
-52.53333265	0.00063381
-52.49999932	0.00072626
-52.46666599	0.00068766
-52.43333265	0.00071177
-52.39999932	0.00063228
-52.36666599	0.00087530
-52.33333265	0.00077494
-52.29999932	0.00087920
-52.26666599	0.00087535
-52.23333265	0.00092610
-52.19999932	0.00086666
-52.16666599	0.00093115
-52.13333266	0.00104858
-52.09999932	0.00109669
-52.06666599	0.00115903
-52.03333266	0.00121057
-51.99999932	0.00125151
-51.96666599	0.00127860
-51.93333266	0.00141570
-51.89999932	0.00144556
-51.86666599	0.00144480
-51.83333266	0.00159143
-51.79999933	0.00165285
-51.76666599	0.00178538
-51.73333266	0.00172017
-51.69999933	0.00182465
-51.66666599	0.00200125
-51.63333266	0.00195341
-51.59999933	0.00208989
-51.56666600	0.00209558
-51.53333266	0.00215545
-51.49999933	0.00222499
-51.46666600	0.00222257
-51.43333266	0.00231162
-51.39999933	0.00231378
-51.36666600	0.00233563
-51.33333266	0.00248073
-51.29999933	0.00243847
-51.26666600	0.00257381
-51.23333267	0.00256231
-51.19999933	0.00281378
-51.16666600	0.00269690
-51.13333267	0.00283788
-51.09999933	0.00286209
-51.06666600	0.00292523
-51.03333267	0.00306422
-50.99999933	0.00311254
-50.96666600	0.00318078
-50.93333267	0.00320594
-50.89999934	0.00324228
-50.86666600	0.00337731
-50.83333267	0.00343420
-50.79999934	0.00346269
-50.76666600	0.00345991
-50.73333267	0.00348167
-50.69999934	0.00357100
-50.66666600	0.00367526
-50.63333267	0.00369052
-50.59999934	0.00379614
-50.56666601	0.00386425
-50.53333267	0.00386967
-50.49999934	0.00397744
-50.46666601	0.00410943
-50.43333267	0.00408771
-50.39999934	0.00415373
-50.36666601	0.00425423
-50.33333267	0.00420415
-50.29999934	0.00417711
-50.26666601	0.00421848
-50.23333268	0.00430364
-50.19999934	0.00433608
-50.16666601	0.00430766
-50.13333268	0.00433506
-50.09999934	0.00412470
-50.06666601	0.00417240
-50.03333268	0.00417818
-49.99999934	0.00399615
-49.96666601	0.00390891
-49.93333268	0.00373974
-49.89999935	0.00370748
-49.86666601	0.00348255
-49.83333268	0.00333672
-49.79999935	0.00304745
-49.76666601	0.00291459
-49.73333268	0.00253063
-49.69999935	0.00224674
-49.66666601	0.00185888
-49.63333268	0.00167030
-49.59999935	0.00118751
-49.56666602	0.00087318
-49.53333268	0.00045220
-49.49999935	0.00017611
-49.46666602	-0.00024691
-49.43333268	-0.00067596
-49.39999935	-0.00102481
-49.36666602	-0.00139897
-49.33333268	-0.00184568
-49.29999935	-0.00231765
-49.26666602	-0.00265099
-49.23333269	-0.00297727
-49.19999935	-0.00327000
-49.16666602	-0.00367295
-49.13333269	-0.00390947
-49.09999935	-0.00411815
-49.06666602	-0.00440170
-49.03333269	-0.00455894
-48.99999935	-0.00471439
-48.96666602	-0.00483579
-48.93333269	-0.00492767
-48.89999936	-0.00487359
-48.86666602	-0.00487101
-48.83333269	-0.00487397
-48.79999936	-0.00488684
-48.76666602	-0.00449470
-48.73333269	-0.00453905
-48.69999936	-0.00435684
-48.66666602	-0.00406019
-48.63333269	-0.00381936
-48.59999936	-0.00344142
-48.56666603	-0.00322745
-48.53333269	-0.00289121
-48.49999936	-0.00248281
-48.46666603	-0.00205372
-48.43333269	-0.00167655
-48.39999936	-0.00129852
-48.36666603	-0.00072100
-48.33333269	-0.00044771
-48.29999936	-0.00002118
-48.26666603	0.00043697
-48.23333270	0.00082561
-48.19999936	0.00125924
-48.16666603	0.00163198
-48.13333270	0.00195099
-48.09999936	0.00240200
-48.06666603	0.00275603
-48.03333270	0.00303103
-47.99999936	0.00336074
-47.96666603	0.00373493
-47.93333270	0.00387122
-47.89999937	0.00409878
-47.86666603	0.00445348
-47.83333270	0.00466853
-47.79999937	0.00486179
-47.76666603	0.00492817
-47.73333270	0.00495774
-47.69999937	0.00512750
-47.66666603	0.00530449
-47.63333270	0.00542371
-47.59999937	0.00552792
-47.56666604	0.00561392
-47.53333270	0.00566059
-47.49999937	0.00579356
-47.46666604	0.00566076
-47.43333270	0.00580523
-47.39999937	0.00590009
-47.36666604	0.00580383
-47.33333270	0.00593891
-47.29999937	0.00594389
-47.26666604	0.00582521
-47.23333271	0.00581882
-47.19999937	0.00585122
-47.16666604	0.00589282
-47.13333271	0.00607692
-47.09999937	0.00604748
-47.06666604	0.00610177
-47.03333271	0.00604670
-46.99999937	0.00601912
-46.96666604	0.00611822
-46.93333271	0.00614570
-46.89999938	0.00617707
-46.86666604	0.00615826
-46.83333271	0.00606431
-46.79999938	0.00611192
-46.76666604	0.00612010
-46.73333271	0.00605772
-46.69999938	0.00609450
-46.66666604	0.00603251
-46.63333271	0.00611425
-46.59999938	0.00617432
-46.56666605	0.00603889
-46.53333271	0.00608862
-46.49999938	0.00607062
-46.46666605	0.00612004
-46.43333271	0.00608876
-46.39999938	0.00615123
-46.36666605	0.00609590
-46.33333271	0.00617101
-46.29999938	0.00628107
-46.26666605	0.00616102
-46.23333272	0.00619583
-46.19999938	0.00621809
-46.16666605	0.00632709
-46.13333272	0.00641141
-46.09999938	0.00638507
-46.06666605	0.00636182
-46.03333272	0.00645993
-45.99999938	0.00658721
-45.96666605	0.00658425
-45.93333272	0.00666206
-45.89999939	0.00668525
-45.86666605	0.00675651
-45.83333272	0.00675792
-45.79999939	0.00682932
-45.76666605	0.00688379
-45.73333272	0.00706622
-45.69999939	0.00698066
-45.66666605	0.00706021
-45.63333272	0.00696946
-45.59999939	0.00710253
-45.56666606	0.00707133
-45.53333272	0.00710105
-45.49999939	0.00708283
-45.46666606	0.00705749
-45.43333272	0.00705329
-45.39999939	0.00707799
-45.36666606	0.00710997
-45.33333272	0.00710460
-45.29999939	0.00706058
-45.26666606	0.00698496
-45.23333273	0.00703793
-45.19999939	0.00684504
-45.16666606	0.00668671
-45.13333273	0.00670074
-45.09999939	0.00649451
-45.06666606	0.00634240
-45.03333273	0.00621311
-44.99999939	0.00611589
-44.96666606	0.00593254
-44.93333273	0.00581914
-44.89999940	0.00562310
-44.86666606	0.00542497
-44.83333273	0.00527270
-44.79999940	0.00512666
-44.76666606	0.00487428
-44.73333273	0.00481538
-44.69999940	0.00467260
-44.66666606	0.00456722
-44.63333273	0.00450066
-44.59999940	0.00448771
-44.56666607	0.00451367
-44.53333273	0.00451533
-44.49999940	0.00467618
-44.46666607	0.00481136
-44.43333273	0.00513077
-44.39999940	0.00541961
-44.36666607	0.00574684
-44.33333273	0.00625541
-44.29999940	0.00662017
-44.26666607	0.00724223
-44.23333274	0.00785613
-44.19999940	0.00850311
-44.16666607	0.00935739
-44.13333274	0.01028229
-44.09999940	0.01111653
-44.06666607	0.01210146
-44.03333274	0.01320317
-43.99999940	0.01443914
-43.96666607	0.01550444
-43.93333274	0.01694623
-43.89999941	0.01831113
-43.86666607	0.01977946
-43.83333274	0.02129634
-43.79999941	0.02281917
-43.76666607	0.02443583
-43.73333274	0.02618146
-43.69999941	0.02784764
-43.66666607	0.02970414
-43.63333274	0.03170510
-43.59999941	0.03375201
-43.56666608	0.03572757
-43.53333274	0.03799908
-43.49999941	0.04018092
-43.46666608	0.04251511
-43.43333274	0.04492397
-43.39999941	0.04738322
-43.36666608	0.05006505
-43.33333274	0.05265839
-43.29999941	0.05561489
-43.26666608	0.05867355
-43.23333275	0.06170498
-43.19999941	0.06488800
-43.16666608	0.06809271
-43.13333275	0.07168432
-43.09999941	0.07518014
-43.06666608	0.07887884
-43.03333275	0.08263126
-42.99999941	0.08652574
-42.96666608	0.09046473
-42.93333275	0.09454269
-42.89999942	0.09854171
-42.86666608	0.10282091
-42.83333275	0.10670009
-42.79999942	0.11074538
-42.76666608	0.11452735
-42.73333275	0.11813705
-42.69999942	0.12145476
-42.66666609	0.12450973
-42.63333275	0.12699529
-42.59999942	0.12906823
-42.56666609	0.13032206
-42.53333275	0.13092709
-42.49999942	0.13054692
-42.46666609	0.12914482
-42.43333275	0.12666730
-42.39999942	0.12292085
-42.36666609	0.11767287
-42.33333276	0.11083731
-42.29999942	0.10235325
-42.26666609	0.09209749
-42.23333276	0.07997486
-42.19999942	0.06573544
-42.16666609	0.04946821
-42.13333276	0.03109886
-42.09999942	0.01074614
-42.06666609	-0.01188209
-42.03333276	-0.03641205
-41.99999943	-0.06299423
-41.96666609	-0.09137758
-41.93333276	-0.12151983
-41.89999943	-0.15310027
-41.86666609	-0.18603553
-41.83333276	-0.21984637
-41.79999943	-0.25440788
-41.76666609	-0.28939508
-41.73333276	-0.32433897
-41.69999943	-0.35886133
-41.66666610	-0.39267910
-41.63333276	-0.42540752
-41.59999943	-0.45629636
-41.56666610	-0.48533320
-41.53333276	-0.51190193
-41.49999943	-0.53568321
-41.46666610	-0.55616772
-41.43333276	-0.57329152
-41.39999943	-0.58659342
-41.36666610	-0.59594706
-41.33333277	-0.60111739
-41.29999943	-0.60175778
-41.26666610	-0.59811165
-41.23333277	-0.58991620
-41.19999943	-0.57721862
-41.16666610	-0.56017419
-41.13333277	-0.53905530
-41.09999943	-0.51383934
-41.06666610	-0.48497932
-41.03333277	-0.45261685
-40.99999944	-0.41708822
-40.96666610	-0.37891373
-40.93333277	-0.33841198
-40.89999944	-0.29611879
-40.86666610	-0.25231529
-40.83333277	-0.20748339
-40.79999944	-0.16216620
-40.76666610	-0.11685087
-40.73333277	-0.07185723
-40.69999944	-0.02775144
-40.66666611	0.01528397
-40.63333277	0.05677149
-40.59999944	0.09642241
-40.56666611	0.13381028
-40.53333277	0.16873466
-40.49999944	0.20110232
-40.46666611	0.23077717
-40.43333277	0.25755194
-40.39999944	0.28107200
-40.36666611	0.30173495
-40.33333278	0.31939699
-40.29999944	0.33404537
-40.26666611	0.34561627
-40.23333278	0.35456178
-40.19999944	0.36073673
-40.16666611	0.36433445
-40.13333278	0.36546878
-40.09999944	0.36451467
-40.06666611	0.36159863
-40.03333278	0.35692828
-39.99999945	0.35064545
-39.96666611	0.34297068
-39.93333278	0.33414257
-39.89999945	0.32451742
-39.86666611	0.31406475
-39.83333278	0.30302331
-39.79999945	0.29149663
-39.76666611	0.27987595
-39.73333278	0.26800332
-39.69999945	0.25616225
-39.66666612	0.24452673
-39.63333278	0.23301080
-39.59999945	0.22187339
-39.56666612	0.21114976
-39.53333278	0.20082686
-39.49999945	0.19091004
-39.46666612	0.18137037
-39.43333278	0.17250807
-39.39999945	0.16413660
-39.36666612	0.15624684
-39.33333279	0.14865223
-39.29999945	0.14166170
-39.26666612	0.13504000
-39.23333279	0.12886663
-39.19999945	0.12306481
-39.16666612	0.11755107
-39.13333279	0.11239706
-39.09999945	0.10737039
-39.06666612	0.10276880
-39.03333279	0.09820759
-38.99999946	0.09377676
-38.96666612	0.08953449
-38.93333279	0.08524811
-38.89999946	0.08122454
-38.86666612	0.07706607
-38.83333279	0.07298547
-38.79999946	0.06902447
-38.76666612	0.06496044
-38.73333279	0.06081174
-38.69999946	0.05681374
-38.66666613	0.05274960
-38.63333279	0.04873639
-38.59999946	0.04462373
-38.56666613	0.04059284
-38.53333279	0.03669068
-38.49999946	0.03260836
-38.46666613	0.02870132
-38.43333279	0.02474114
-38.39999946	0.02104767
-38.36666613	0.01740870
-38.33333280	0.01370349
-38.29999946	0.01017488
-38.26666613	0.00690917
-38.23333280	0.00387027
-38.19999946	0.00085944
-38.16666613	-0.00199569
-38.13333280	-0.00472626
-38.09999946	-0.00705483
-38.06666613	-0.00939649
-38.03333280	-0.01154201
-37.99999947	-0.01337889
-37.96666613	-0.01515008
-37.93333280	-0.01680120
-37.89999947	-0.01809815
-37.86666613	-0.01949033
-37.83333280	-0.02048375
-37.79999947	-0.02145610
-37.76666613	-0.02224423
-37.73333280	-0.02301490
-37.69999947	-0.02365260
-37.66666614	-0.02418394
-37.63333280	-0.02462334
-37.59999947	-0.02522357
-37.56666614	-0.02560576
-37.53333280	-0.02595975
-37.49999947	-0.02627839
-37.46666614	-0.02678295
-37.43333280	-0.02708333
-37.39999947	-0.02749206
-37.36666614	-0.02789269
-37.33333281	-0.02827907
-37.29999947	-0.02880820
-37.26666614	-0.02910474
-37.23333281	-0.02966031
-37.19999947	-0.03024328
-37.16666614	-0.03069436
-37.13333281	-0.03121506
-37.09999947	-0.03168691
-37.06666614	-0.03222205
-37.03333281	-0.03261560
-36.99999948	-0.03308050
-36.96666614	-0.03345149
-36.93333281	-0.03388452
-36.89999948	-0.03416462
-36.86666614	-0.03433558
-36.83333281	-0.03446385
-36.79999948	-0.03467317
-36.76666614	-0.03456923
-36.73333281	-0.03446899
-36.69999948	-0.03419647
-36.66666615	-0.03398546
-36.63333281	-0.03363861
-36.59999948	-0.03298307
-36.56666615	-0.03248922
-36.53333281	-0.03172568
-36.49999948	-0.03096408
-36.46666615	-0.03008996
-36.43333281	-0.02912457
-36.39999948	-0.02820088
-36.36666615	-0.02707555
-36.33333282	-0.02591369
-36.29999948	-0.02473237
-36.26666615	-0.02359998
-36.23333282	-0.02234863
-36.19999948	-0.02108407
-36.16666615	-0.01990781
-36.13333282	-0.01878562
-36.09999948	-0.01762293
-36.06666615	-0.01662713
-36.03333282	-0.01554917
-35.99999949	-0.01461857
-35.96666615	-0.01368571
-35.93333282	-0.01285054
-35.89999949	-0.01215668
-35.86666615	-0.01154525
-35.83333282	-0.01100380
-35.79999949	-0.01052765
-35.76666615	-0.01020154
-35.73333282	-0.00996746
-35.69999949	-0.00974456
-35.66666616	-0.00967450
-35.63333282	-0.00949084
-35.59999949	-0.00953874
-35.56666616	-0.00963017
-35.53333282	-0.00982758
-35.49999949	-0.00998998
-35.46666616	-0.01005221
-35.43333282	-0.01034948
-35.39999949	-0.01072255
-35.36666616	-0.01084294
-35.33333283	-0.01101595
-35.29999949	-0.01133531
-35.26666616	-0.01156892
-35.23333283	-0.01184716
-35.19999949	-0.01193825
-35.16666616	-0.01213555
-35.13333283	-0.01223177
-35.09999949	-0.01222415
-35.06666616	-0.01219455
-35.03333283	-0.01222125
-34.99999950	-0.01222687
-34.96666616	-0.01222521
-34.93333283	-0.01206426
-34.89999950	-0.01189488
-34.86666616	-0.01145951
-34.83333283	-0.01120201
-34.79999950	-0.01084889
-34.76666616	-0.01047643
-34.73333283	-0.00994587
-34.69999950	-0.00954397
-34.66666617	-0.00906396
-34.63333283	-0.00852121
-34.59999950	-0.00815908
-34.56666617	-0.00764732
-34.53333283	-0.00715021
-34.49999950	-0.00668426
-34.46666617	-0.00624103
-34.43333283	-0.00585145
-34.39999950	-0.00534834
-34.36666617	-0.00491844
-34.33333284	-0.00458800
-34.29999950	-0.00430088
-34.26666617	-0.00411696
-34.23333284	-0.00396385
-34.19999950	-0.00386597
-34.16666617	-0.00374257
-34.13333284	-0.00373158
-34.09999950	-0.00378812
-34.06666617	-0.00385921
-34.03333284	-0.00404945
-33.99999951	-0.00450832
-33.96666617	-0.00473999
-33.93333284	-0.00510406
-33.89999951	-0.00555806
-33.86666617	-0.00613214
-33.83333284	-0.00668804
-33.79999951	-0.00722101
-33.76666618	-0.00799394
-33.73333284	-0.00854144
-33.69999951	-0.00918694
-33.66666618	-0.00994634
-33.63333284	-0.01058477
-33.59999951	-0.01129458
-33.56666618	-0.01197864
-33.53333284	-0.01280825
-33.49999951	-0.01338474
-33.46666618	-0.01400798
-33.43333285	-0.01457393
-33.39999951	-0.01517864
-33.36666618	-0.01570945
-33.33333285	-0.01606020
-33.29999951	-0.01644085
-33.26666618	-0.01686866
-33.23333285	-0.01721107
-33.19999951	-0.01741882
-33.16666618	-0.01741412
-33.13333285	-0.01759093
-33.09999952	-0.01755229
-33.06666618	-0.01754633
-33.03333285	-0.01741385
-32.99999952	-0.01714511
-32.96666618	-0.01691241
-32.93333285	-0.01674051
-32.89999952	-0.01631436
-32.86666618	-0.01596778
-32.83333285	-0.01542591
-32.79999952	-0.01507377
-32.76666619	-0.01457343
-32.73333285	-0.01399070
-32.69999952	-0.01348707
-32.66666619	-0.01286125
-32.63333285	-0.01224026
-32.59999952	-0.01166679
-32.56666619	-0.01122179
-32.53333285	-0.01070615
-32.49999952	-0.01013784
-32.46666619	-0.00959742
-32.43333286	-0.00906434
-32.39999952	-0.00852530
-32.36666619	-0.00815561
-32.33333286	-0.00782598
-32.29999952	-0.00752106
-32.26666619	-0.00713839
-32.23333286	-0.00694857
-32.19999952	-0.00675202
-32.16666619	-0.00664114
-32.13333286	-0.00667257
-32.09999953	-0.00669692
-32.06666619	-0.00662873
-32.03333286	-0.00647070
-31.99999953	-0.00660619
-31.96666619	-0.00672845
-31.93333286	-0.00683412
-31.89999953	-0.00697482
-31.86666619	-0.00715336
-31.83333286	-0.00738909
-31.79999953	-0.00743866
-31.76666620	-0.00760265
-31.73333286	-0.00785100
-31.69999953	-0.00797033
-31.66666620	-0.00820432
-31.63333286	-0.00826838
-31.59999953	-0.00820967
-31.56666620	-0.00818858
-31.53333286	-0.00816542
-31.49999953	-0.00812588
-31.46666620	-0.00795006
-31.43333287	-0.00779142
-31.39999953	-0.00766304
-31.36666620	-0.00730847
-31.33333287	-0.00708050
-31.29999953	-0.00672713
-31.26666620	-0.00638572
-31.23333287	-0.00584499
-31.19999953	-0.00542190
-31.16666620	-0.00483380
-31.13333287	-0.00428129
-31.09999954	-0.00366076
-31.06666620	-0.00309065
-31.03333287	-0.00243916
-30.99999954	-0.00192420
-30.96666620	-0.00121154
-30.93333287	-0.00063431
-30.89999954	0.00003622
-30.86666620	0.00074144
-30.83333287	0.00128291
-30.79999954	0.00189060
-30.76666621	0.00241299
-30.73333287	0.00287438
-30.69999954	0.00343956
-30.66666621	0.00390764
-30.63333287	0.00426625
-30.59999954	0.00469246
-30.56666621	0.00488095
-30.53333287	0.00510085
-30.49999954	0.00521093
-30.46666621	0.00525102
-30.43333288	0.00532029
-30.39999954	0.00536445
-30.36666621	0.00511076
-30.33333288	0.00505845
-30.29999954	0.00478784
-30.26666621	0.00454261
-30.23333288	0.00435373
-30.19999954	0.00410356
-30.16666621	0.00377789
-30.13333288	0.00334377
-30.09999955	0.00303536
-30.06666621	0.00254218
-30.03333288	0.00225823
-29.99999955	0.00185308
-29.96666621	0.00144583
-29.93333288	0.00096656
-29.89999955	0.00060074
-29.86666621	0.00029760
-29.83333288	-0.00000844
-29.79999955	-0.00030578
-29.76666622	-0.00041086
-29.73333288	-0.00069970
-29.69999955	-0.00096351
-29.66666622	-0.00109217
-29.63333288	-0.00113011
-29.59999955	-0.00121366
-29.56666622	-0.00130780
-29.53333288	-0.00123156
-29.49999955	-0.00125290
-29.46666622	-0.00117710
-29.43333289	-0.00100597
-29.39999955	-0.00088039
-29.36666622	-0.00083010
-29.33333289	-0.00063162
-29.29999955	-0.00042893
-29.26666622	-0.00031027
-29.23333289	-0.00016556
-29.19999955	0.00008689
-29.16666622	0.00032820
-29.13333289	0.00052813
-29.09999956	0.00056562
-29.06666622	0.00074716
-29.03333289	0.00090752
-28.99999956	0.00113558
-28.96666622	0.00113760
-28.93333289	0.00126082
-28.89999956	0.00135232
-28.86666622	0.00154851
-28.83333289	0.00150079
-28.79999956	0.00150861
-28.76666623	0.00159685
-28.73333289	0.00150563
-28.69999956	0.00152229
-28.66666623	0.00143139
-28.63333289	0.00136470
-28.59999956	0.00129469
-28.56666623	0.00115825
-28.53333289	0.00108355
-28.49999956	0.00096494
-28.46666623	0.00087201
-28.43333290	0.00070230
-28.39999956	0.00051902
-28.36666623	0.00056303
-28.33333290	0.00031287
-28.29999956	0.00033370
-28.26666623	0.00019962
-28.23333290	0.00010567
-28.19999956	-0.00003890
-28.16666623	-0.00000744
-28.13333290	-0.00004135
-28.09999957	0.00001697
-28.06666623	-0.00010014
-28.03333290	0.00005441
-27.99999957	-0.00001077
-27.96666623	0.00006440
-27.93333290	0.00021906
-27.89999957	0.00040427
-27.86666623	0.00046493
-27.83333290	0.00066528
-27.79999957	0.00088593
-27.76666624	0.00106277
-27.73333290	0.00128288
-27.69999957	0.00159802
-27.66666624	0.00183593
-27.63333290	0.00209037
-27.59999957	0.00243618
-27.56666624	0.00276457
-27.53333290	0.00325442
-27.49999957	0.00347588
-27.46666624	0.00381460
-27.43333291	0.00418042
-27.39999957	0.00450855
-27.36666624	0.00488143
-27.33333291	0.00518398
-27.29999957	0.00552958
-27.26666624	0.00578303
-27.23333291	0.00599011
-27.19999957	0.00626216
-27.16666624	0.00647663
-27.13333291	0.00670237
-27.09999958	0.00676030
-27.06666624	0.00696551
-27.03333291	0.00718536
-26.99999958	0.00724001
-26.96666624	0.00720114
-26.93333291	0.00715199
-26.89999958	0.00711080
-26.86666624	0.00701699
-26.83333291	0.00677829
-26.79999958	0.00665959
-26.76666625	0.00642255
-26.73333291	0.00600713
-26.69999958	0.00564270
-26.66666625	0.00538289
-26.63333291	0.00498927
-26.59999958	0.00440278
-26.56666625	0.00378075
-26.53333291	0.00325124
-26.49999958	0.00273806
-26.46666625	0.00216268
-26.43333292	0.00167480
-26.39999958	0.00104232
-26.36666625	0.00045914
-26.33333292	-0.00014843
-26.29999958	-0.00085494
-26.26666625	-0.00157491
-26.23333292	-0.00200635
-26.19999958	-0.00255442
-26.16666625	-0.00320718
-26.13333292	-0.00359574
-26.09999959	-0.00403319
-26.06666625	-0.00440034
-26.03333292	-0.00481612
-25.99999959	-0.00517842
-25.96666625	-0.00550895
-25.93333292	-0.00563841
-25.89999959	-0.00593987
-25.86666625	-0.00609911
-25.83333292	-0.00619357
-25.79999959	-0.00642461
-25.76666626	-0.00645654
-25.73333292	-0.00648809
-25.69999959	-0.00645325
-25.66666626	-0.00638206
-25.63333292	-0.00632097
-25.59999959	-0.00614250
-25.56666626	-0.00602553
-25.53333292	-0.00590454
-25.49999959	-0.00568224
-25.46666626	-0.00543770
-25.43333293	-0.00533260
-25.39999959	-0.00513172
-25.36666626	-0.00480959
-25.33333293	-0.00463531
-25.29999959	-0.00442788
-25.26666626	-0.00428204
-25.23333293	-0.00398351
-25.19999959	-0.00380339
-25.16666626	-0.00362347
-25.13333293	-0.00351931
-25.09999960	-0.00345660
-25.06666626	-0.00333225
-25.03333293	-0.00329905
-24.99999960	-0.00321981
-24.96666626	-0.00301896
-24.93333293	-0.00314222
-24.89999960	-0.00308418
-24.86666627	-0.00309275
-24.83333293	-0.00312997
-24.79999960	-0.00309851
-24.76666627	-0.00300249
-24.73333293	-0.00291138
-24.69999960	-0.00284782
-24.66666627	-0.00281512
-24.63333293	-0.00287924
-24.59999960	-0.00283578
-24.56666627	-0.00269112
-24.53333294	-0.00254560
-24.49999960	-0.00235876
-24.46666627	-0.00215395
-24.43333294	-0.00208471
-24.39999960	-0.00186559
-24.36666627	-0.00170576
-24.33333294	-0.00149423
-24.29999960	-0.00130388
-24.26666627	-0.00102505
-24.23333294	-0.00077489
-24.19999961	-0.00058469
-24.16666627	-0.00036054
-24.13333294	-0.00008291
-24.09999961	-0.00001497
-24.06666627	0.00021981
-24.03333294	0.00040989
-23.99999961	0.00055400
-23.96666627	0.00057084
-23.93333294	0.00065722
-23.89999961	0.00061138
-23.86666628	0.00044053
-23.83333294	0.00044132
-23.79999961	0.00043228
-23.76666628	0.00009132
-23.73333294	-0.00025611
-23.69999961	-0.00055421
-23.66666628	-0.00096085
-23.63333294	-0.00141865
-23.59999961	-0.00194224
-23.56666628	-0.00256290
-23.53333295	-0.00330048
-23.49999961	-0.00405712
-23.46666628	-0.00492585
-23.43333295	-0.00586287
-23.39999961	-0.00690806
-23.36666628	-0.00797096
-23.33333295	-0.00911681
-23.29999961	-0.01028650
-23.26666628	-0.01161614
-23.23333295	-0.01297616
-23.19999962	-0.01453679
-23.16666628	-0.01592002
-23.13333295	-0.01745946
-23.09999962	-0.01908073
-23.06666628	-0.02064344
-23.03333295	-0.02228739
-22.99999962	-0.02398953
-22.96666628	-0.02566000
-22.93333295	-0.02731140
-22.89999962	-0.02892260
-22.86666629	-0.03067778
-22.83333295	-0.03223913
-22.79999962	-0.03386812
-22.76666629	-0.03522890
-22.73333295	-0.03673119
-22.69999962	-0.03818323
-22.66666629	-0.03955289
-22.63333295	-0.04074438
-22.59999962	-0.04189157
-22.56666629	-0.04300467
-22.53333296	-0.04380386
-22.49999962	-0.04464191
-22.46666629	-0.04523562
-22.43333296	-0.04572152
-22.39999962	-0.04602429
-22.36666629	-0.04630337
-22.33333296	-0.04625068
-22.29999962	-0.04615831
-22.26666629	-0.04584975
-22.23333296	-0.04540164
-22.19999963	-0.04473104
-22.16666629	-0.04389572
-22.13333296	-0.04297951
-22.09999963	-0.04185321
-22.06666629	-0.04062898
-22.03333296	-0.03919526
-21.99999963	-0.03760666
-21.96666629	-0.03598651
-21.93333296	-0.03408273
-21.89999963	-0.03228562
-21.86666630	-0.03023962
-21.83333296	-0.02809244
-21.79999963	-0.02595603
-21.76666630	-0.02370860
-21.73333296	-0.02148548
-21.69999963	-0.01913428
-21.66666630	-0.01689839
-21.63333296	-0.01445718
-21.59999963	-0.01216052
-21.56666630	-0.00974991
-21.53333297	-0.00764270
-21.49999963	-0.00541735
-21.46666630	-0.00326372
-21.43333297	-0.00115382
-21.39999963	0.00092543
-21.36666630	0.00296235
-21.33333297	0.00483491
-21.29999963	0.00659814
-21.26666630	0.00828999
-21.23333297	0.00969348
-21.19999964	0.01117811
-21.16666630	0.01245937
-21.13333297	0.01371027
-21.09999964	0.01472709
-21.06666630	0.01574207
-21.03333297	0.01673121
-20.99999964	0.01740476
-20.96666630	0.01807815
-20.93333297	0.01861401
-20.89999964	0.01912510
-20.86666631	0.01944960
-20.83333297	0.01971479
-20.79999964	0.01997194
-20.76666631	0.02004395
-20.73333297	0.02017226
-20.69999964	0.01999619
-20.66666631	0.01998189
-20.63333297	0.01989888
-20.59999964	0.01969471
-20.56666631	0.01946919
-20.53333298	0.01920581
-20.49999964	0.01893231
-20.46666631	0.01865274
-20.43333298	0.01826236
-20.39999964	0.01790985
-20.36666631	0.01752963
-20.33333298	0.01707192
-20.29999964	0.01663587
-20.26666631	0.01619986
-20.23333298	0.01566598
-20.19999965	0.01520079
-20.16666631	0.01451121
-20.13333298	0.01403260
-20.09999965	0.01358702
-20.06666631	0.01299080
-20.03333298	0.01229250
-19.99999965	0.01181789
-19.96666631	0.01126514
-19.93333298	0.01078349
-19.89999965	0.01008016
-19.86666632	0.00951608
-19.83333298	0.00888234
-19.79999965	0.00825920
-19.76666632	0.00762316
-19.73333298	0.00707709
-19.69999965	0.00638980
-19.66666632	0.00581525
-19.63333298	0.00518029
-19.59999965	0.00453051
-19.56666632	0.00389228
-19.53333299	0.00329634
-19.49999965	0.00274449
-19.46666632	0.00209375
-19.43333299	0.00144601
-19.39999965	0.00086996
-19.36666632	0.00029968
-19.33333299	-0.00024515
-19.29999965	-0.00067335
-19.26666632	-0.00120584
-19.23333299	-0.00178611
-19.19999966	-0.00220073
-19.16666632	-0.00259684
-19.13333299	-0.00300371
-19.09999966	-0.00330620
-19.06666632	-0.00386110
-19.03333299	-0.00416809
-18.99999966	-0.00439523
-18.96666632	-0.00470979
-18.93333299	-0.00502178
-18.89999966	-0.00528350
-18.86666633	-0.00537080
-18.83333299	-0.00559483
-18.79999966	-0.00575770
-18.76666633	-0.00586130
-18.73333299	-0.00608579
-18.69999966	-0.00620647
-18.66666633	-0.00626795
-18.63333299	-0.00627800
-18.59999966	-0.00621984
-18.56666633	-0.00630650
-18.53333300	-0.00640389
-18.49999966	-0.00648481
-18.46666633	-0.00639720
-18.43333300	-0.00643219
-18.39999966	-0.00648882
-18.36666633	-0.00656798
-18.33333300	-0.00654313
-18.29999966	-0.00661360
-18.26666633	-0.00668608
-18.23333300	-0.00665075
-18.19999967	-0.00673976
-18.16666633	-0.00671832
-18.13333300	-0.00683687
-18.09999967	-0.00690447
-18.06666633	-0.00699869
-18.03333300	-0.00708199
-17.99999967	-0.00715630
-17.96666633	-0.00719540
-17.93333300	-0.00734846
-17.89999967	-0.00740793
-17.86666634	-0.00749788
-17.83333300	-0.00766280
-17.79999967	-0.00767897
-17.76666634	-0.00773700
-17.73333300	-0.00774883
-17.69999967	-0.00785048
-17.66666634	-0.00791205
-17.63333300	-0.00799158
-17.59999967	-0.00804272
-17.56666634	-0.00817786
-17.53333301	-0.00816084
-17.49999967	-0.00813261
-17.46666634	-0.00814709
-17.43333301	-0.00809934
-17.39999967	-0.00820718
-17.36666634	-0.00819087
-17.33333301	-0.00816229
-17.29999967	-0.00812157
-17.26666634	-0.00818129
-17.23333301	-0.00812788
-17.19999968	-0.00807820
-17.16666634	-0.00799982
-17.13333301	-0.00786820
-17.09999968	-0.00789283
-17.06666634	-0.00780593
-17.03333301	-0.00766524
-16.99999968	-0.00741904
-16.96666634	-0.00733182
-16.93333301	-0.00715761
-16.89999968	-0.00700610
-16.86666635	-0.00673417
-16.83333301	-0.00654808
-16.79999968	-0.00616336
-16.76666635	-0.00600969
-16.73333301	-0.00566081
-16.69999968	-0.00538306
-16.66666635	-0.00507393
-16.63333301	-0.00465821
-16.59999968	-0.00429231
-16.56666635	-0.00390118
-16.53333302	-0.00347346
-16.49999968	-0.00308203
-16.46666635	-0.00270646
-16.43333302	-0.00223041
-16.39999968	-0.00176416
-16.36666635	-0.00131885
-16.33333302	-0.00096709
-16.29999968	-0.00052710
-16.26666635	-0.00014760
-16.23333302	0.00025201
-16.19999969	0.00060859
-16.16666635	0.00100157
-16.13333302	0.00133153
-16.09999969	0.00162926
-16.06666635	0.00187885
-16.03333302	0.00203162
-15.99999969	0.00218948
-15.96666636	0.00246619
-15.93333302	0.00262247
-15.89999969	0.00275526
-15.86666636	0.00273432
-15.83333302	0.00279803
-15.79999969	0.00289649
-15.76666636	0.00296299
-15.73333302	0.00297108
-15.69999969	0.00307108
-15.66666636	0.00309736
-15.63333303	0.00309487
-15.59999969	0.00317115
-15.56666636	0.00320920
-15.53333303	0.00330996
-15.49999969	0.00331872
-15.46666636	0.00339897
-15.43333303	0.00351944
-15.39999969	0.00353507
-15.36666636	0.00374727
-15.33333303	0.00398195
-15.29999970	0.00412495
-15.26666636	0.00426714
-15.23333303	0.00451999
-15.19999970	0.00485999
-15.16666636	0.00521407
-15.13333303	0.00543257
-15.09999970	0.00563673
-15.06666636	0.00598756
-15.03333303	0.00644187
-14.99999970	0.00674484
-14.96666637	0.00704345
-14.93333303	0.00747634
-14.89999970	0.00784303
-14.86666637	0.00821831
-14.83333303	0.00846985
-14.79999970	0.00870712
-14.76666637	0.00922431
-14.73333303	0.00943755
-14.69999970	0.00974459
-14.66666637	0.00994218
-14.63333304	0.01012295
-14.59999970	0.01032648
-14.56666637	0.01052971
-14.53333304	0.01060736
-14.49999970	0.01074632
-14.46666637	0.01075954
-14.43333304	0.01085768
-14.39999970	0.01076517
-14.36666637	0.01081744
-14.33333304	0.01076691
-14.29999971	0.01063255
-14.26666637	0.01047445
-14.23333304	0.01036593
-14.19999971	0.01021371
-14.16666637	0.00996930
-14.13333304	0.00973262
-14.09999971	0.00961938
-14.06666637	0.00932706
-14.03333304	0.00908114
-13.99999971	0.00881597
-13.96666638	0.00852421
-13.93333304	0.00825934
-13.89999971	0.00796195
-13.86666638	0.00769480
-13.83333304	0.00743084
-13.79999971	0.00719601
-13.76666638	0.00695401
-13.73333304	0.00669193
-13.69999971	0.00649306
-13.66666638	0.00634827
-13.63333305	0.00613956
-13.59999971	0.00601323
-13.56666638	0.00582311
-13.53333305	0.00570770
-13.49999971	0.00562208
-13.46666638	0.00563245
-13.43333305	0.00548160
-13.39999971	0.00550678
-13.36666638	0.00544989
-13.33333305	0.00548667
-13.29999972	0.00541784
-13.26666638	0.00542118
-13.23333305	0.00554280
-13.19999972	0.00550031
-13.16666638	0.00555074
-13.13333305	0.00566840
-13.09999972	0.00574418
-13.06666638	0.00578135
-13.03333305	0.00574871
-12.99999972	0.00578739
-12.96666639	0.00585582
-12.93333305	0.00590143
-12.89999972	0.00582382
-12.86666639	0.00584436
-12.83333305	0.00582137
-12.79999972	0.00570836
-12.76666639	0.00575191
-12.73333305	0.00571959
-12.69999972	0.00560460
-12.66666639	0.00559241
-12.63333306	0.00540946
-12.59999972	0.00527038
-12.56666639	0.00509000
-12.53333306	0.00491449
-12.49999972	0.00480880
-12.46666639	0.00460009
-12.43333306	0.00435808
-12.39999972	0.00426602
-12.36666639	0.00403906
-12.33333306	0.00368960
-12.29999973	0.00338262
-12.26666639	0.00316889
-12.23333306	0.00283928
-12.19999973	0.00252745
-12.16666639	0.00224432
-12.13333306	0.00187903
-12.09999973	0.00152022
-12.06666639	0.00119338
-12.03333306	0.00076719
-11.99999973	0.00042138
-11.96666640	0.00010919
-11.93333306	-0.00030844
-11.89999973	-0.00051919
-11.86666640	-0.00090375
-11.83333306	-0.00120846
-11.79999973	-0.00157595
-11.76666640	-0.00179886
-11.73333306	-0.00207762
-11.69999973	-0.00225340
-11.66666640	-0.00267341
-11.63333307	-0.00271865
-11.59999973	-0.00276768
-11.56666640	-0.00289829
-11.53333307	-0.00297439
-11.49999973	-0.00316692
-11.46666640	-0.00309459
-11.43333307	-0.00310177
-11.39999973	-0.00319089
-11.36666640	-0.00308463
-11.33333307	-0.00304483
-11.29999974	-0.00293633
-11.26666640	-0.00285910
-11.23333307	-0.00285609
-11.19999974	-0.00261874
-11.16666640	-0.00251925
-11.13333307	-0.00227124
-11.09999974	-0.00223823
-11.06666640	-0.00204438
-11.03333307	-0.00181288
-10.99999974	-0.00170148
-10.96666641	-0.00148422
-10.93333307	-0.00137901
-10.89999974	-0.00125969
-10.86666641	-0.00118409
-10.83333307	-0.00106589
-10.79999974	-0.00100124
-10.76666641	-0.00085048
-10.73333307	-0.00073813
-10.69999974	-0.00054407
-10.66666641	-0.00054071
-10.63333308	-0.00049809
-10.59999974	-0.00048690
-10.56666641	-0.00042528
-10.53333308	-0.00031181
-10.49999974	-0.00039660
-10.46666641	-0.00021586
-10.43333308	-0.00018417
-10.39999974	-0.00006011
-10.36666641	0.00001432
-10.33333308	0.00016508
-10.29999975	0.00028642
-10.26666641	0.00042355
-10.23333308	0.00064657
-10.19999975	0.00083340
-10.16666641	0.00102480
-10.13333308	0.00126009
-10.09999975	0.00156448
-10.06666641	0.00195167
-10.03333308	0.00237766
-9.99999975	0.00278362
-9.96666642	0.00316368
-9.93333308	0.00362438
-9.89999975	0.00416605
-9.86666642	0.00460434
-9.83333308	0.00511136
-9.79999975	0.00569030
-9.76666642	0.00630465
-9.73333308	0.00688269
-9.69999975	0.00751073
-9.66666642	0.00812170
-9.63333309	0.00882136
-9.59999975	0.00942737
-9.56666642	0.00995872
-9.53333309	0.01058522
-9.49999975	0.01112531
-9.46666642	0.01171868
-9.43333309	0.01228349
-9.39999975	0.01274594
-9.36666642	0.01321858
-9.33333309	0.01352832
-9.29999976	0.01393252
-9.26666642	0.01416590
-9.23333309	0.01437000
-9.19999976	0.01465687
-9.16666642	0.01475928
-9.13333309	0.01483237
-9.09999976	0.01480593
-9.06666642	0.01479084
-9.03333309	0.01484377
-8.99999976	0.01474546
-8.96666643	0.01432505
-8.93333309	0.01405988
-8.89999976	0.01374370
-8.86666643	0.01340725
-8.83333309	0.01297313
-8.79999976	0.01255029
-8.76666643	0.01206616
-8.73333309	0.01153297
-8.69999976	0.01107574
-8.66666643	0.01040270
-8.63333310	0.00972588
-8.59999976	0.00914077
-8.56666643	0.00852271
-8.53333310	0.00804358
-8.49999976	0.00733700
-8.46666643	0.00682314
-8.43333310	0.00621440
-8.39999976	0.00569432
-8.36666643	0.00516141
-8.33333310	0.00462646
-8.29999977	0.00417707
-8.26666643	0.00380336
-8.23333310	0.00320195
-8.19999977	0.00298357
-8.16666643	0.00268537
-8.13333310	0.00248014
-8.09999977	0.00217874
-8.06666643	0.00201019
-8.03333310	0.00185388
-7.99999977	0.00178677
-7.96666644	0.00174875
-7.93333310	0.00170537
-7.89999977	0.00179623
-7.86666644	0.00184557
-7.83333310	0.00190701
-7.79999977	0.00201182
-7.76666644	0.00216031
-7.73333310	0.00234582
-7.69999977	0.00243472
-7.66666644	0.00261970
-7.63333311	0.00284700
-7.59999977	0.00307264
-7.56666644	0.00320286
-7.53333311	0.00335012
-7.49999977	0.00360586
-7.46666644	0.00362165
-7.43333311	0.00389305
-7.39999977	0.00403036
-7.36666644	0.00411638
-7.33333311	0.00422365
-7.29999978	0.00439159
-7.26666644	0.00435233
-7.23333311	0.00442015
-7.19999978	0.00448126
-7.16666644	0.00438150
-7.13333311	0.00430417
-7.09999978	0.00419178
-7.06666645	0.00413731
-7.03333311	0.00392153
-6.99999978	0.00375122
-6.96666645	0.00334835
-6.93333311	0.00306373
-6.89999978	0.00281511
-6.86666645	0.00247241
-6.83333311	0.00203081
-6.79999978	0.00161978
-6.76666645	0.00120651
-6.73333312	0.00074506
-6.69999978	0.00034683
-6.66666645	-0.00009935
-6.63333312	-0.00064672
-6.59999978	-0.00108799
-6.56666645	-0.00156592
-6.53333312	-0.00217195
-6.49999978	-0.00263059
-6.46666645	-0.00309287
-6.43333312	-0.00357146
-6.39999979	-0.00409380
-6.36666645	-0.00448242
-6.33333312	-0.00502013
-6.29999979	-0.00541129
-6.26666645	-0.00576308
-6.23333312	-0.00605875
-6.19999979	-0.00631660
-6.16666645	-0.00643320
-6.13333312	-0.00666929
-6.09999979	-0.00668704
-6.06666646	-0.00688899
-6.03333312	-0.00700409
-5.99999979	-0.00702759
-5.96666646	-0.00718391
-5.93333312	-0.00711885
-5.89999979	-0.00708152
-5.86666646	-0.00698989
-5.83333312	-0.00687602
-5.79999979	-0.00685374
-5.76666646	-0.00661286
-5.73333313	-0.00652613
-5.69999979	-0.00638378
-5.66666646	-0.00629035
-5.63333313	-0.00609160
-5.59999979	-0.00589404
-5.56666646	-0.00575782
-5.53333313	-0.00564056
-5.49999979	-0.00545835
-5.46666646	-0.00539465
-5.43333313	-0.00524516
-5.39999980	-0.00518538
-5.36666646	-0.00519150
-5.33333313	-0.00508126
-5.29999980	-0.00501252
-5.26666646	-0.00492720
-5.23333313	-0.00476589
-5.19999980	-0.00491875
-5.16666646	-0.00484788
-5.13333313	-0.00486681
-5.09999980	-0.00479941
-5.06666647	-0.00488457
-5.03333313	-0.00476383
-4.99999980	-0.00479251
-4.96666647	-0.00479782
-4.93333313	-0.00479664
-4.89999980	-0.00465433
-4.86666647	-0.00472668
-4.83333313	-0.00456221
-4.79999980	-0.00436155
-4.76666647	-0.00414654
-4.73333314	-0.00409302
-4.69999980	-0.00390388
-4.66666647	-0.00370341
-4.63333314	-0.00341386
-4.59999980	-0.00315798
-4.56666647	-0.00288250
-4.53333314	-0.00256712
-4.49999980	-0.00219772
-4.46666647	-0.00178246
-4.43333314	-0.00134922
-4.39999981	-0.00090994
-4.36666647	-0.00045292
-4.33333314	0.00011228
-4.29999981	0.00055152
-4.26666647	0.00098105
-4.23333314	0.00147339
-4.19999981	0.00193888
-4.16666647	0.00246831
-4.13333314	0.00303982
-4.09999981	0.00349116
-4.06666648	0.00381925
-4.03333314	0.00445338
-3.99999981	0.00490975
-3.96666648	0.00527930
-3.93333314	0.00554363
-3.89999981	0.00591668
-3.86666648	0.00625905
-3.83333314	0.00649820
-3.79999981	0.00665729
-3.76666648	0.00685354
-3.73333315	0.00698246
-3.69999981	0.00705059
-3.66666648	0.00703926
-3.63333315	0.00700522
-3.59999981	0.00682410
-3.56666648	0.00658237
-3.53333315	0.00639213
-3.49999981	0.00616905
-3.46666648	0.00574598
-3.43333315	0.00533576
-3.39999982	0.00481897
-3.36666648	0.00438017
-3.33333315	0.00360396
-3.29999982	0.00307525
-3.26666648	0.00223828
-3.23333315	0.00148182
-3.19999982	0.00073488
-3.16666648	-0.00009754
-3.13333315	-0.00105198
-3.09999982	-0.00209650
-3.06666649	-0.00299157
-3.03333315	-0.00407276
-2.99999982	-0.00522130
-2.96666649	-0.00627103
-2.93333315	-0.00740286
-2.89999982	-0.00857296
-2.86666649	-0.00977997
-2.83333315	-0.01102655
-2.79999982	-0.01234252
-2.76666649	-0.01355412
-2.73333316	-0.01483164
-2.69999982	-0.01608533
-2.66666649	-0.01734454
-2.63333316	-0.01867907
-2.59999982	-0.01989778
-2.56666649	-0.02109550
-2.53333316	-0.02226834
-2.49999982	-0.02367958
-2.46666649	-0.02485100
-2.43333316	-0.02610474
-2.39999983	-0.02713752
-2.36666649	-0.02823909
-2.33333316	-0.02937873
-2.29999983	-0.03040653
-2.26666649	-0.03124924
-2.23333316	-0.03220234
-2.19999983	-0.03315899
-2.16666649	-0.03401250
-2.13333316	-0.03480773
-2.09999983	-0.03551447
-2.06666650	-0.03616238
-2.03333316	-0.03672726
-1.99999983	-0.03741629
-1.96666650	-0.03774439
-1.93333316	-0.03823760
-1.89999983	-0.03875494
-1.86666650	-0.03907818
-1.83333316	-0.03945893
-1.79999983	-0.03975822
-1.76666650	-0.03998166
-1.73333317	-0.04011343
-1.69999983	-0.04016984
-1.66666650	-0.04031206
-1.63333317	-0.04038759
-1.59999983	-0.04049315
-1.56666650	-0.04032778
-1.53333317	-0.04032355
-1.49999983	-0.04024730
-1.46666650	-0.04001571
-1.43333317	-0.03983967
-1.39999984	-0.03959102
-1.36666650	-0.03925158
-1.33333317	-0.03891289
-1.29999984	-0.03835430
-1.26666650	-0.03794952
-1.23333317	-0.03758199
-1.19999984	-0.03696467
-1.16666650	-0.03650422
-1.13333317	-0.03582745
-1.09999984	-0.03507676
-1.06666651	-0.03425415
-1.03333317	-0.03350858
-0.99999984	-0.03264951
-0.96666651	-0.03170626
-0.93333317	-0.03078940
-0.89999984	-0.02966733
-0.86666651	-0.02869086
-0.83333317	-0.02752546
-0.79999984	-0.02632427
-0.76666651	-0.02506762
-0.73333318	-0.02381603
-0.69999984	-0.02246036
-0.66666651	-0.02109528
-0.63333318	-0.01967588
-0.59999984	-0.01824205
-0.56666651	-0.01677164
-0.53333318	-0.01528455
-0.49999984	-0.01386700
-0.46666651	-0.01213214
-0.43333318	-0.01052113
-0.39999985	-0.00897725
-0.36666651	-0.00741457
-0.33333318	-0.00581607
-0.29999985	-0.00406234
-0.26666651	-0.00244841
-0.23333318	-0.00089944
-0.19999985	0.00059543
-0.16666651	0.00229775
-0.13333318	0.00379465
-0.09999985	0.00530401
-0.06666652	0.00677292
-0.03333318	0.00824734
0.00000015	0.00966974
0.03333348	0.01100691
0.06666682	0.01240525
0.10000015	0.01370412
0.13333348	0.01475709
0.16666682	0.01595453
0.20000015	0.01712527
0.23333348	0.01821030
0.26666681	0.01941473
0.30000015	0.02021722
0.33333348	0.02109453
0.36666681	0.02199571
0.40000015	0.02275599
0.43333348	0.02357587
0.46666681	0.02430576
0.50000015	0.02511278
0.53333348	0.02569947
0.56666681	0.02639482
0.60000014	0.02692651
0.63333348	0.02754305
0.66666681	0.02802069
0.70000014	0.02865846
0.73333348	0.02924861
0.76666681	0.02976354
0.80000014	0.03025311
0.83333348	0.03071120
0.86666681	0.03118660
0.90000014	0.03170472
0.93333347	0.03217327
0.96666681	0.03266753
1.00000014	0.03315728
1.03333347	0.03357452
1.06666681	0.03382872
1.10000014	0.03420174
1.13333347	0.03467562
1.16666681	0.03507436
1.20000014	0.03550718
1.23333347	0.03577628
1.26666680	0.03601549
1.30000014	0.03630915
1.33333347	0.03658158
1.36666680	0.03687351
1.40000014	0.03703279
1.43333347	0.03739309
1.46666680	0.03749377
1.50000014	0.03766051
1.53333347	0.03786538
1.56666680	0.03802969
1.60000013	0.03813344
1.63333347	0.03830293
1.66666680	0.03842721
1.70000013	0.03850213
1.73333347	0.03854624
1.76666680	0.03867649
1.80000013	0.03873297
1.83333346	0.03879887
1.86666680	0.03880335
1.90000013	0.03881114
1.93333346	0.03882571
1.96666680	0.03875380
2.00000013	0.03886114
2.03333346	0.03887207
2.06666680	0.03882500
2.10000013	0.03877073
2.13333346	0.03882807
2.16666679	0.03877723
2.20000013	0.03866218
2.23333346	0.03854920
2.26666679	0.03859066
2.30000013	0.03861961
2.33333346	0.03854158
2.36666679	0.03849242
2.40000013	0.03830474
2.43333346	0.03836487
2.46666679	0.03825398
2.50000012	0.03821502
2.53333346	0.03814457
2.56666679	0.03803494
2.60000012	0.03803555
2.63333346	0.03788383
2.66666679	0.03792615
2.70000012	0.03777986
2.73333346	0.03768273
2.76666679	0.03755409
2.80000012	0.03756153
2.83333345	0.03743497
2.86666679	0.03724549
2.90000012	0.03705728
2.93333345	0.03688635
2.96666679	0.03668476
3.00000012	0.03639826
3.03333345	0.03616279
3.06666679	0.03589491
3.10000012	0.03552206
3.13333345	0.03512206
3.16666678	0.03478742
3.20000012	0.03442030
3.23333345	0.03395337
3.26666678	0.03339105
3.30000012	0.03292266
3.33333345	0.03240697
3.36666678	0.03162400
3.40000012	0.03111344
3.43333345	0.03050303
3.46666678	0.02980513
3.50000011	0.02909846
3.53333345	0.02822679
3.56666678	0.02754512
3.60000011	0.02671218
3.63333345	0.02591415
3.66666678	0.02513080
3.70000011	0.02421730
3.73333345	0.02333557
3.76666678	0.02246891
3.80000011	0.02159585
3.83333344	0.02074200
3.86666678	0.01969918
3.90000011	0.01885317
3.93333344	0.01794592
3.96666678	0.01697836
4.00000011	0.01612616
4.03333344	0.01513940
4.06666678	0.01435565
4.10000011	0.01339971
4.13333344	0.01260438
4.16666677	0.01187932
4.20000011	0.01112405
4.23333344	0.01036467
4.26666677	0.00977165
4.30000011	0.00901610
4.33333344	0.00834591
4.36666677	0.00779539
4.40000011	0.00733315
4.43333344	0.00680689
4.46666677	0.00636283
4.50000010	0.00595728
4.53333344	0.00555802
4.56666677	0.00528947
4.60000010	0.00499607
4.63333344	0.00474984
4.66666677	0.00455518
4.70000010	0.00435949
4.73333344	0.00425642
4.76666677	0.00415201
4.80000010	0.00410853
4.83333343	0.00401365
4.86666677	0.00398395
4.90000010	0.00399783
4.93333343	0.00394656
4.96666677	0.00397042
5.00000010	0.00388598
5.03333343	0.00389515
5.06666677	0.00393939
5.10000010	0.00395872
5.13333343	0.00383945
5.16666676	0.00384965
5.20000010	0.00377414
5.23333343	0.00376094
5.26666676	0.00368245
5.30000010	0.00352161
5.33333343	0.00337168
5.36666676	0.00329378
5.40000010	0.00319529
5.43333343	0.00296556
5.46666676	0.00281647
5.50000009	0.00268686
5.53333343	0.00256852
5.56666676	0.00223527
5.60000009	0.00212801
5.63333343	0.00187951
5.66666676	0.00167028
5.70000009	0.00157947
5.73333343	0.00138943
5.76666676	0.00114694
5.80000009	0.00102222
5.83333342	0.00087479
5.86666676	0.00072308
5.90000009	0.00056319
5.93333342	0.00045716
5.96666676	0.00039690
6.00000009	0.00031795
6.03333342	0.00031279
6.06666676	0.00026066
6.10000009	0.00021651
6.13333342	0.00028504
6.16666675	0.00037911
6.20000009	0.00028492
6.23333342	0.00032008
6.26666675	0.00037223
6.30000009	0.00040226
6.33333342	0.00060653
6.36666675	0.00059161
6.40000009	0.00059494
6.43333342	0.00064523
6.46666675	0.00058559
6.50000008	0.00071376
6.53333342	0.00084852
6.56666675	0.00076855
6.60000008	0.00076272
6.63333342	0.00064760
6.66666675	0.00059706
6.70000008	0.00050406
6.73333342	0.00036839
6.76666675	0.00037627
6.80000008	0.00008161
6.83333341	0.00002199
6.86666675	-0.00016373
6.90000008	-0.00038626
6.93333341	-0.00060620
6.96666675	-0.00090518
7.00000008	-0.00123100
7.03333341	-0.00146629
7.06666675	-0.00177744
7.10000008	-0.00211671
7.13333341	-0.00234519
7.16666674	-0.00272657
7.20000008	-0.00310356
7.23333341	-0.00348249
7.26666674	-0.00361265
7.30000008	-0.00391530
7.33333341	-0.00411190
7.36666674	-0.00438197
7.40000008	-0.00449523
7.43333341	-0.00477853
7.46666674	-0.00487981
7.50000007	-0.00501691
7.53333341	-0.00516536
7.56666674	-0.00524063
7.60000007	-0.00531415
7.63333341	-0.00517253
7.66666674	-0.00519531
7.70000007	-0.00518940
7.73333341	-0.00505330
7.76666674	-0.00484335
7.80000007	-0.00472166
7.83333340	-0.00452414
7.86666674	-0.00432422
7.90000007	-0.00407160
7.93333340	-0.00378356
7.96666674	-0.00360920
8.00000007	-0.00334608
8.03333340	-0.00306852
8.06666674	-0.00272832
8.10000007	-0.00244959
8.13333340	-0.00220503
8.16666673	-0.00208083
8.20000007	-0.00178479
8.23333340	-0.00158417
8.26666673	-0.00134869
8.30000007	-0.00123009
8.33333340	-0.00123897
8.36666673	-0.00098736
8.40000007	-0.00097199
8.43333340	-0.00096777
8.46666673	-0.00096695
8.50000006	-0.00104403
8.53333340	-0.00107790
8.56666673	-0.00112773
8.60000006	-0.00133089
8.63333340	-0.00146197
8.66666673	-0.00160652
8.70000006	-0.00189660
8.73333340	-0.00211199
8.76666673	-0.00229761
8.80000006	-0.00253300
8.83333339	-0.00266000
8.86666673	-0.00296699
8.90000006	-0.00322117
8.93333339	-0.00340386
8.96666673	-0.00364658
9.00000006	-0.00388200
9.03333339	-0.00416433
9.06666673	-0.00433201
9.10000006	-0.00456096
9.13333339	-0.00461689
9.16666672	-0.00485474
9.20000006	-0.00485513
9.23333339	-0.00501312
9.26666672	-0.00506111
9.30000006	-0.00510877
9.33333339	-0.00503440
9.36666672	-0.00514610
9.40000006	-0.00523499
9.43333339	-0.00506285
9.46666672	-0.00499954
9.50000005	-0.00506670
9.53333339	-0.00502199
9.56666672	-0.00476220
9.60000005	-0.00479862
9.63333339	-0.00465490
9.66666672	-0.00451134
9.70000005	-0.00440772
9.73333339	-0.00428603
9.76666672	-0.00415950
9.80000005	-0.00398565
9.83333338	-0.00382619
9.86666672	-0.00369746
9.90000005	-0.00367830
9.93333338	-0.00350254
9.96666672	-0.00337370
10.00000005	-0.00329742
10.03333338	-0.00323459
10.06666672	-0.00310770
10.10000005	-0.00308325
10.13333338	-0.00295505
10.16666671	-0.00285126
10.20000005	-0.00281802
10.23333338	-0.00277084
10.26666671	-0.00275025
10.30000005	-0.00265048
10.33333338	-0.00260124
10.36666671	-0.00260861
10.40000005	-0.00254768
10.43333338	-0.00249873
10.46666671	-0.00253222
10.50000004	-0.00249713
10.53333338	-0.00252012
10.56666671	-0.00251280
10.60000004	-0.00244384
10.63333338	-0.00244808
10.66666671	-0.00241859
10.70000004	-0.00236527
10.73333337	-0.00240747
10.76666671	-0.00243064
10.80000004	-0.00242844
10.83333337	-0.00243661
10.86666671	-0.00246729
10.90000004	-0.00242278
10.93333337	-0.00242266
10.96666671	-0.00238839
11.00000004	-0.00240737
11.03333337	-0.00234309
11.06666670	-0.00230033
11.10000004	-0.00232084
11.13333337	-0.00231169
11.16666670	-0.00225764
11.20000004	-0.00219443
11.23333337	-0.00215029
11.26666670	-0.00213597
11.30000004	-0.00212513
11.33333337	-0.00205317
11.36666670	-0.00199692
11.40000003	-0.00194668
11.43333337	-0.00183403
11.46666670	-0.00182132
11.50000003	-0.00179310
11.53333337	-0.00175214
11.56666670	-0.00175491
11.60000003	-0.00171099
11.63333337	-0.00165361
11.66666670	-0.00168350
11.70000003	-0.00163783
11.73333336	-0.00161841
11.76666670	-0.00157888
11.80000003	-0.00158614
11.83333336	-0.00155644
11.86666670	-0.00155484
11.90000003	-0.00157286
11.93333336	-0.00151538
11.96666670	-0.00153994
12.00000003	-0.00154773
12.03333336	-0.00150806
12.06666669	-0.00154549
12.10000003	-0.00151343
12.13333336	-0.00151383
12.16666669	-0.00148596
12.20000003	-0.00146971
12.23333336	-0.00146550
12.26666669	-0.00144450
12.30000003	-0.00144011
12.33333336	-0.00143465
12.36666669	-0.00141995
12.40000002	-0.00140012
12.43333336	-0.00139010
12.46666669	-0.00137938
12.50000002	-0.00135635
12.53333336	-0.00133330
12.56666669	-0.00133254
12.60000002	-0.00132999
12.63333336	-0.00130920
12.66666669	-0.00129606
12.70000002	-0.00124219
12.73333335	-0.00125211
12.76666669	-0.00121079
12.80000002	-0.00122418
12.83333335	-0.00118663
12.86666669	-0.00117483
12.90000002	-0.00116580
12.93333335	-0.00114968
12.96666669	-0.00113434
13.00000002	-0.00110065
13.03333335	-0.00108320
13.06666668	-0.00105822
13.10000002	-0.00105613
13.13333335	-0.00102543
13.16666668	-0.00100929
13.20000002	-0.00098973
13.23333335	-0.00095035
13.26666668	-0.00092328
13.30000002	-0.00090725
13.33333335	-0.00088599
13.36666668	-0.00086216
13.40000001	-0.00082731
13.43333335	-0.00080331
13.46666668	-0.00076652
13.50000001	-0.00073402
13.53333335	-0.00070519
13.56666668	-0.00067237
13.60000001	-0.00063497
13.63333335	-0.00060583
13.66666668	-0.00057347
13.70000001	-0.00053782
13.73333334	-0.00050290
13.76666668	-0.00047061
13.80000001	-0.00043955
13.83333334	-0.00040997
13.86666668	-0.00037888
13.90000001	-0.00034521
13.93333334	-0.00031977
13.96666668	-0.00029596
14.00000001	-0.00027122
14.03333334	-0.00024727
14.06666667	-0.00022466
14.10000001	-0.00020268
14.13333334	-0.00018241
14.16666667	-0.00016583
14.20000001	-0.00014822
14.23333334	-0.00013123
14.26666667	-0.00011671
14.30000001	-0.00010401
14.33333334	-0.00009092
14.36666667	-0.00008008
14.40000000	-0.00007000
14.43333334	-0.00005940
14.46666667	-0.00005176
14.50000000	-0.00004457
14.53333334	-0.00003795
14.56666667	-0.00003100
14.60000000	-0.00002538
14.63333334	-0.00002033
14.66666667	-0.00001554
14.70000000	-0.00001162
14.73333333	-0.00000809
14.76666667	-0.00000528
14.80000000	-0.00000301
14.83333333	-0.00000134
14.86666667	-0.00000034
14.90000000	0.00000000
