# Menlo Systems GmbH ScanControl
# Program Version 1.3.3
# Start: -65.00000000 ps, Average over 1000 waveforms. Timestamp: 2020-01-11T14:06:43
# Time [ps]	THz Signal [a.u.]
-65.06666595	0.00000000
-65.03333261	0.00000002
-64.99999928	0.00000009
-64.96666595	0.00000017
-64.93333261	0.00000030
-64.89999928	0.00000035
-64.86666595	0.00000044
-64.83333262	0.00000044
-64.79999928	0.00000054
-64.76666595	0.00000089
-64.73333262	0.00000125
-64.69999928	0.00000091
-64.66666595	0.00000051
-64.63333262	0.00000011
-64.59999928	-0.00000068
-64.56666595	-0.00000081
-64.53333262	-0.00000058
-64.49999929	-0.00000148
-64.46666595	-0.00000190
-64.43333262	-0.00000226
-64.39999929	-0.00000162
-64.36666595	-0.00000413
-64.33333262	-0.00000446
-64.29999929	-0.00000643
-64.26666595	-0.00000886
-64.23333262	-0.00001019
-64.19999929	-0.00001022
-64.16666596	-0.00001574
-64.13333262	-0.00001936
-64.09999929	-0.00001953
-64.06666596	-0.00002166
-64.03333262	-0.00002635
-63.99999929	-0.00002597
-63.96666596	-0.00003769
-63.93333262	-0.00004406
-63.89999929	-0.00004090
-63.86666596	-0.00004362
-63.83333262	-0.00005210
-63.79999929	-0.00005763
-63.76666596	-0.00005841
-63.73333263	-0.00006775
-63.69999929	-0.00006617
-63.66666596	-0.00007155
-63.63333263	-0.00008250
-63.59999929	-0.00008221
-63.56666596	-0.00009219
-63.53333263	-0.00008972
-63.49999929	-0.00010215
-63.46666596	-0.00010775
-63.43333263	-0.00010760
-63.39999930	-0.00011974
-63.36666596	-0.00012407
-63.33333263	-0.00012930
-63.29999930	-0.00013075
-63.26666596	-0.00015541
-63.23333263	-0.00013700
-63.19999930	-0.00015246
-63.16666596	-0.00015686
-63.13333263	-0.00014691
-63.09999930	-0.00015104
-63.06666596	-0.00013698
-63.03333263	-0.00014951
-62.99999930	-0.00011893
-62.96666597	-0.00012292
-62.93333263	-0.00011813
-62.89999930	-0.00011450
-62.86666597	-0.00010307
-62.83333263	-0.00010216
-62.79999930	-0.00006277
-62.76666597	-0.00005396
-62.73333263	-0.00005353
-62.69999930	-0.00004969
-62.66666597	-0.00003911
-62.63333264	-0.00003269
-62.59999930	-0.00000252
-62.56666597	0.00002260
-62.53333264	0.00002868
-62.49999930	0.00004301
-62.46666597	0.00004442
-62.43333264	0.00008597
-62.39999930	0.00009983
-62.36666597	0.00016365
-62.33333264	0.00015572
-62.29999931	0.00017985
-62.26666597	0.00025524
-62.23333264	0.00026181
-62.19999931	0.00028127
-62.16666597	0.00030090
-62.13333264	0.00033557
-62.09999931	0.00035897
-62.06666597	0.00037308
-62.03333264	0.00041099
-61.99999931	0.00042842
-61.96666597	0.00048178
-61.93333264	0.00052489
-61.89999931	0.00057835
-61.86666598	0.00059381
-61.83333264	0.00060549
-61.79999931	0.00062713
-61.76666598	0.00067036
-61.73333264	0.00068053
-61.69999931	0.00071004
-61.66666598	0.00075579
-61.63333264	0.00081972
-61.59999931	0.00083379
-61.56666598	0.00086364
-61.53333265	0.00085660
-61.49999931	0.00086320
-61.46666598	0.00094275
-61.43333265	0.00095490
-61.39999931	0.00092972
-61.36666598	0.00095393
-61.33333265	0.00100049
-61.29999931	0.00104928
-61.26666598	0.00101181
-61.23333265	0.00107221
-61.19999931	0.00109722
-61.16666598	0.00111509
-61.13333265	0.00110428
-61.09999932	0.00113726
-61.06666598	0.00113494
-61.03333265	0.00112423
-60.99999932	0.00111254
-60.96666598	0.00107418
-60.93333265	0.00104260
-60.89999932	0.00106862
-60.86666598	0.00106349
-60.83333265	0.00101416
-60.79999932	0.00098352
-60.76666599	0.00097973
-60.73333265	0.00092860
-60.69999932	0.00087640
-60.66666599	0.00090012
-60.63333265	0.00082029
-60.59999932	0.00080853
-60.56666599	0.00076010
-60.53333265	0.00071128
-60.49999932	0.00064264
-60.46666599	0.00059760
-60.43333266	0.00047025
-60.39999932	0.00042867
-60.36666599	0.00039958
-60.33333266	0.00031421
-60.29999932	0.00024582
-60.26666599	0.00015854
-60.23333266	0.00004870
-60.19999932	0.00002063
-60.16666599	-0.00005913
-60.13333266	-0.00021718
-60.09999932	-0.00022360
-60.06666599	-0.00043071
-60.03333266	-0.00046761
-59.99999933	-0.00048520
-59.96666599	-0.00062609
-59.93333266	-0.00068877
-59.89999933	-0.00083491
-59.86666599	-0.00082519
-59.83333266	-0.00094912
-59.79999933	-0.00099779
-59.76666599	-0.00111207
-59.73333266	-0.00117774
-59.69999933	-0.00118355
-59.66666600	-0.00130546
-59.63333266	-0.00135265
-59.59999933	-0.00135444
-59.56666600	-0.00144382
-59.53333266	-0.00150807
-59.49999933	-0.00156339
-59.46666600	-0.00159467
-59.43333266	-0.00165840
-59.39999933	-0.00176190
-59.36666600	-0.00178142
-59.33333267	-0.00172349
-59.29999933	-0.00182478
-59.26666600	-0.00176593
-59.23333267	-0.00181664
-59.19999933	-0.00185365
-59.16666600	-0.00173681
-59.13333267	-0.00173232
-59.09999933	-0.00187647
-59.06666600	-0.00180780
-59.03333267	-0.00174999
-58.99999933	-0.00178661
-58.96666600	-0.00177051
-58.93333267	-0.00170369
-58.89999934	-0.00177605
-58.86666600	-0.00172702
-58.83333267	-0.00160462
-58.79999934	-0.00157389
-58.76666600	-0.00154751
-58.73333267	-0.00144460
-58.69999934	-0.00148477
-58.66666600	-0.00150482
-58.63333267	-0.00137289
-58.59999934	-0.00137675
-58.56666601	-0.00137543
-58.53333267	-0.00137106
-58.49999934	-0.00147275
-58.46666601	-0.00138335
-58.43333267	-0.00137732
-58.39999934	-0.00137702
-58.36666601	-0.00131894
-58.33333267	-0.00141924
-58.29999934	-0.00135613
-58.26666601	-0.00141513
-58.23333267	-0.00138470
-58.19999934	-0.00137609
-58.16666601	-0.00140949
-58.13333268	-0.00138847
-58.09999934	-0.00139931
-58.06666601	-0.00134753
-58.03333268	-0.00137717
-57.99999934	-0.00144840
-57.96666601	-0.00144237
-57.93333268	-0.00143020
-57.89999934	-0.00136640
-57.86666601	-0.00146549
-57.83333268	-0.00154589
-57.79999935	-0.00140528
-57.76666601	-0.00149462
-57.73333268	-0.00148145
-57.69999935	-0.00150964
-57.66666601	-0.00147561
-57.63333268	-0.00144480
-57.59999935	-0.00141092
-57.56666601	-0.00140415
-57.53333268	-0.00145151
-57.49999935	-0.00148794
-57.46666602	-0.00134267
-57.43333268	-0.00133205
-57.39999935	-0.00116267
-57.36666602	-0.00121077
-57.33333268	-0.00124946
-57.29999935	-0.00121265
-57.26666602	-0.00107072
-57.23333268	-0.00113102
-57.19999935	-0.00105363
-57.16666602	-0.00100043
-57.13333268	-0.00093001
-57.09999935	-0.00104854
-57.06666602	-0.00090773
-57.03333269	-0.00090883
-56.99999935	-0.00086623
-56.96666602	-0.00076040
-56.93333269	-0.00075682
-56.89999935	-0.00077390
-56.86666602	-0.00067438
-56.83333269	-0.00065268
-56.79999935	-0.00056256
-56.76666602	-0.00056174
-56.73333269	-0.00057945
-56.69999936	-0.00058639
-56.66666602	-0.00056243
-56.63333269	-0.00062389
-56.59999936	-0.00052928
-56.56666602	-0.00055011
-56.53333269	-0.00044645
-56.49999936	-0.00047923
-56.46666602	-0.00047320
-56.43333269	-0.00042216
-56.39999936	-0.00046336
-56.36666603	-0.00043429
-56.33333269	-0.00055556
-56.29999936	-0.00052330
-56.26666603	-0.00039794
-56.23333269	-0.00051588
-56.19999936	-0.00038821
-56.16666603	-0.00040719
-56.13333269	-0.00045044
-56.09999936	-0.00038490
-56.06666603	-0.00034428
-56.03333269	-0.00030398
-55.99999936	-0.00040102
-55.96666603	-0.00024737
-55.93333270	-0.00028965
-55.89999936	-0.00025251
-55.86666603	-0.00013205
-55.83333270	-0.00005914
-55.79999936	-0.00014088
-55.76666603	-0.00011037
-55.73333270	-0.00017010
-55.69999936	-0.00025950
-55.66666603	-0.00018122
-55.63333270	-0.00007787
-55.59999937	-0.00011631
-55.56666603	-0.00011141
-55.53333270	0.00000441
-55.49999937	-0.00004352
-55.46666603	-0.00006408
-55.43333270	0.00006010
-55.39999937	-0.00005120
-55.36666603	0.00006074
-55.33333270	-0.00002789
-55.29999937	0.00007033
-55.26666603	0.00003903
-55.23333270	0.00006346
-55.19999937	0.00003073
-55.16666604	0.00009417
-55.13333270	0.00019402
-55.09999937	0.00014659
-55.06666604	0.00014499
-55.03333270	0.00012051
-54.99999937	0.00015131
-54.96666604	0.00025303
-54.93333270	0.00014730
-54.89999937	0.00020815
-54.86666604	0.00030912
-54.83333271	0.00019459
-54.79999937	0.00028839
-54.76666604	0.00035450
-54.73333271	0.00026664
-54.69999937	0.00034956
-54.66666604	0.00041263
-54.63333271	0.00037330
-54.59999937	0.00048816
-54.56666604	0.00041250
-54.53333271	0.00040892
-54.49999938	0.00043997
-54.46666604	0.00044756
-54.43333271	0.00039937
-54.39999938	0.00046390
-54.36666604	0.00046021
-54.33333271	0.00066763
-54.29999938	0.00064471
-54.26666604	0.00069348
-54.23333271	0.00064957
-54.19999938	0.00069735
-54.16666604	0.00063850
-54.13333271	0.00079122
-54.09999938	0.00073597
-54.06666605	0.00079664
-54.03333271	0.00075126
-53.99999938	0.00077859
-53.96666605	0.00075950
-53.93333271	0.00067937
-53.89999938	0.00070789
-53.86666605	0.00072282
-53.83333271	0.00069189
-53.79999938	0.00070249
-53.76666605	0.00070233
-53.73333272	0.00062280
-53.69999938	0.00076690
-53.66666605	0.00067660
-53.63333272	0.00060658
-53.59999938	0.00063412
-53.56666605	0.00059883
-53.53333272	0.00060386
-53.49999938	0.00070886
-53.46666605	0.00060740
-53.43333272	0.00055585
-53.39999938	0.00057150
-53.36666605	0.00055819
-53.33333272	0.00047647
-53.29999939	0.00047333
-53.26666605	0.00058302
-53.23333272	0.00059537
-53.19999939	0.00053028
-53.16666605	0.00051705
-53.13333272	0.00047096
-53.09999939	0.00044889
-53.06666605	0.00047637
-53.03333272	0.00051258
-52.99999939	0.00041319
-52.96666606	0.00049684
-52.93333272	0.00046857
-52.89999939	0.00037374
-52.86666606	0.00048632
-52.83333272	0.00042102
-52.79999939	0.00045610
-52.76666606	0.00047146
-52.73333272	0.00044334
-52.69999939	0.00042027
-52.66666606	0.00052633
-52.63333273	0.00048169
-52.59999939	0.00054758
-52.56666606	0.00052983
-52.53333273	0.00060247
-52.49999939	0.00064895
-52.46666606	0.00061754
-52.43333273	0.00063261
-52.39999939	0.00066759
-52.36666606	0.00063638
-52.33333273	0.00069207
-52.29999939	0.00084687
-52.26666606	0.00082657
-52.23333273	0.00085924
-52.19999940	0.00092088
-52.16666606	0.00087539
-52.13333273	0.00097294
-52.09999940	0.00104553
-52.06666606	0.00113612
-52.03333273	0.00116245
-51.99999940	0.00118313
-51.96666606	0.00131622
-51.93333273	0.00127764
-51.89999940	0.00132317
-51.86666607	0.00140332
-51.83333273	0.00134697
-51.79999940	0.00144432
-51.76666607	0.00143077
-51.73333273	0.00152079
-51.69999940	0.00151842
-51.66666607	0.00174277
-51.63333273	0.00176014
-51.59999940	0.00189035
-51.56666607	0.00193005
-51.53333274	0.00191588
-51.49999940	0.00201103
-51.46666607	0.00215016
-51.43333274	0.00214575
-51.39999940	0.00215105
-51.36666607	0.00222619
-51.33333274	0.00235323
-51.29999940	0.00243021
-51.26666607	0.00247304
-51.23333274	0.00258936
-51.19999940	0.00258051
-51.16666607	0.00269915
-51.13333274	0.00269135
-51.09999941	0.00272486
-51.06666607	0.00285487
-51.03333274	0.00281503
-50.99999941	0.00289126
-50.96666607	0.00295458
-50.93333274	0.00285638
-50.89999941	0.00299800
-50.86666607	0.00309835
-50.83333274	0.00314525
-50.79999941	0.00317430
-50.76666608	0.00328099
-50.73333274	0.00329457
-50.69999941	0.00347339
-50.66666608	0.00356095
-50.63333274	0.00359603
-50.59999941	0.00347427
-50.56666608	0.00364002
-50.53333274	0.00366866
-50.49999941	0.00385722
-50.46666608	0.00382753
-50.43333274	0.00382436
-50.39999941	0.00392638
-50.36666608	0.00390407
-50.33333275	0.00402734
-50.29999941	0.00413649
-50.26666608	0.00406650
-50.23333275	0.00413900
-50.19999941	0.00412918
-50.16666608	0.00416896
-50.13333275	0.00420453
-50.09999941	0.00411585
-50.06666608	0.00411809
-50.03333275	0.00404258
-49.99999942	0.00401265
-49.96666608	0.00398044
-49.93333275	0.00388191
-49.89999942	0.00367980
-49.86666608	0.00353378
-49.83333275	0.00337749
-49.79999942	0.00323350
-49.76666608	0.00300656
-49.73333275	0.00277502
-49.69999942	0.00261002
-49.66666609	0.00229327
-49.63333275	0.00199668
-49.59999942	0.00156723
-49.56666609	0.00126954
-49.53333275	0.00089445
-49.49999942	0.00061855
-49.46666609	0.00013500
-49.43333275	-0.00019806
-49.39999942	-0.00053452
-49.36666609	-0.00100542
-49.33333275	-0.00134145
-49.29999942	-0.00170835
-49.26666609	-0.00228834
-49.23333276	-0.00255952
-49.19999942	-0.00294961
-49.16666609	-0.00336770
-49.13333276	-0.00364113
-49.09999942	-0.00391862
-49.06666609	-0.00424402
-49.03333276	-0.00453523
-48.99999942	-0.00478684
-48.96666609	-0.00487453
-48.93333276	-0.00503847
-48.89999943	-0.00519899
-48.86666609	-0.00525689
-48.83333276	-0.00504146
-48.79999943	-0.00523682
-48.76666609	-0.00509133
-48.73333276	-0.00500522
-48.69999943	-0.00478010
-48.66666609	-0.00465309
-48.63333276	-0.00448658
-48.59999943	-0.00422278
-48.56666610	-0.00393411
-48.53333276	-0.00366925
-48.49999943	-0.00337739
-48.46666610	-0.00301027
-48.43333276	-0.00261454
-48.39999943	-0.00229553
-48.36666610	-0.00184735
-48.33333276	-0.00138325
-48.29999943	-0.00081613
-48.26666610	-0.00049924
-48.23333276	-0.00007946
-48.19999943	0.00026656
-48.16666610	0.00063841
-48.13333277	0.00104881
-48.09999943	0.00147225
-48.06666610	0.00198642
-48.03333277	0.00235027
-47.99999943	0.00261203
-47.96666610	0.00295373
-47.93333277	0.00323181
-47.89999943	0.00356845
-47.86666610	0.00378675
-47.83333277	0.00402713
-47.79999944	0.00427326
-47.76666610	0.00439814
-47.73333277	0.00455504
-47.69999944	0.00472116
-47.66666610	0.00496417
-47.63333277	0.00498547
-47.59999944	0.00517754
-47.56666610	0.00536750
-47.53333277	0.00534110
-47.49999944	0.00540136
-47.46666610	0.00550865
-47.43333277	0.00557276
-47.39999944	0.00565846
-47.36666611	0.00564326
-47.33333277	0.00584820
-47.29999944	0.00573610
-47.26666611	0.00572758
-47.23333277	0.00590308
-47.19999944	0.00590711
-47.16666611	0.00586502
-47.13333277	0.00579008
-47.09999944	0.00589285
-47.06666611	0.00585836
-47.03333278	0.00592990
-46.99999944	0.00594958
-46.96666611	0.00596687
-46.93333278	0.00595679
-46.89999944	0.00595913
-46.86666611	0.00594832
-46.83333278	0.00599562
-46.79999944	0.00607929
-46.76666611	0.00605441
-46.73333278	0.00605548
-46.69999945	0.00609273
-46.66666611	0.00598940
-46.63333278	0.00602867
-46.59999945	0.00600614
-46.56666611	0.00607153
-46.53333278	0.00605155
-46.49999945	0.00602225
-46.46666611	0.00596335
-46.43333278	0.00599755
-46.39999945	0.00620287
-46.36666611	0.00609329
-46.33333278	0.00615933
-46.29999945	0.00615409
-46.26666612	0.00620468
-46.23333278	0.00622870
-46.19999945	0.00630605
-46.16666612	0.00632302
-46.13333278	0.00641869
-46.09999945	0.00639401
-46.06666612	0.00637226
-46.03333278	0.00648389
-45.99999945	0.00655974
-45.96666612	0.00642511
-45.93333279	0.00647475
-45.89999945	0.00664516
-45.86666612	0.00670427
-45.83333279	0.00668629
-45.79999945	0.00672034
-45.76666612	0.00681505
-45.73333279	0.00675082
-45.69999945	0.00688580
-45.66666612	0.00691979
-45.63333279	0.00695993
-45.59999945	0.00699507
-45.56666612	0.00705528
-45.53333279	0.00710654
-45.49999946	0.00705721
-45.46666612	0.00721261
-45.43333279	0.00721313
-45.39999946	0.00716838
-45.36666612	0.00718224
-45.33333279	0.00722737
-45.29999946	0.00721165
-45.26666612	0.00714775
-45.23333279	0.00711906
-45.19999946	0.00702867
-45.16666613	0.00691384
-45.13333279	0.00678108
-45.09999946	0.00673401
-45.06666613	0.00662922
-45.03333279	0.00643654
-44.99999946	0.00637604
-44.96666613	0.00618306
-44.93333279	0.00605829
-44.89999946	0.00574759
-44.86666613	0.00564184
-44.83333280	0.00539157
-44.79999946	0.00518043
-44.76666613	0.00499224
-44.73333280	0.00485479
-44.69999946	0.00464979
-44.66666613	0.00449435
-44.63333280	0.00440360
-44.59999946	0.00430330
-44.56666613	0.00409605
-44.53333280	0.00422868
-44.49999946	0.00417590
-44.46666613	0.00418370
-44.43333280	0.00430146
-44.39999947	0.00457546
-44.36666613	0.00480101
-44.33333280	0.00510767
-44.29999947	0.00555834
-44.26666613	0.00611239
-44.23333280	0.00665160
-44.19999947	0.00719537
-44.16666613	0.00778362
-44.13333280	0.00864901
-44.09999947	0.00941595
-44.06666614	0.01038113
-44.03333280	0.01123589
-43.99999947	0.01229075
-43.96666614	0.01340760
-43.93333280	0.01463412
-43.89999947	0.01586848
-43.86666614	0.01715403
-43.83333280	0.01857116
-43.79999947	0.01994483
-43.76666614	0.02152707
-43.73333281	0.02314460
-43.69999947	0.02476445
-43.66666614	0.02646369
-43.63333281	0.02820474
-43.59999947	0.03023935
-43.56666614	0.03210321
-43.53333281	0.03415684
-43.49999947	0.03623059
-43.46666614	0.03846711
-43.43333281	0.04066988
-43.39999947	0.04309632
-43.36666614	0.04567922
-43.33333281	0.04816027
-43.29999948	0.05069783
-43.26666614	0.05355084
-43.23333281	0.05643707
-43.19999948	0.05946241
-43.16666614	0.06259268
-43.13333281	0.06580312
-43.09999948	0.06924126
-43.06666614	0.07277527
-43.03333281	0.07635412
-42.99999948	0.08012002
-42.96666615	0.08384747
-42.93333281	0.08776535
-42.89999948	0.09183956
-42.86666615	0.09582957
-42.83333281	0.09991328
-42.79999948	0.10394044
-42.76666615	0.10791667
-42.73333281	0.11188753
-42.69999948	0.11558824
-42.66666615	0.11914014
-42.63333281	0.12229487
-42.59999948	0.12519217
-42.56666615	0.12749545
-42.53333282	0.12924297
-42.49999948	0.13035010
-42.46666615	0.13072332
-42.43333282	0.13009057
-42.39999948	0.12842415
-42.36666615	0.12554321
-42.33333282	0.12121124
-42.29999948	0.11555096
-42.26666615	0.10819215
-42.23333282	0.09919880
-42.19999949	0.08832590
-42.16666615	0.07556636
-42.13333282	0.06077395
-42.09999949	0.04385913
-42.06666615	0.02499791
-42.03333282	0.00393856
-41.99999949	-0.01932254
-41.96666615	-0.04445229
-41.93333282	-0.07165151
-41.89999949	-0.10054983
-41.86666616	-0.13123317
-41.83333282	-0.16322047
-41.79999949	-0.19638947
-41.76666616	-0.23052619
-41.73333282	-0.26527490
-41.69999949	-0.30039634
-41.66666616	-0.33517357
-41.63333282	-0.36958837
-41.59999949	-0.40305181
-41.56666616	-0.43507207
-41.53333282	-0.46554199
-41.49999949	-0.49370745
-41.46666616	-0.51943770
-41.43333283	-0.54213276
-41.39999949	-0.56158993
-41.36666616	-0.57749174
-41.33333283	-0.58945874
-41.29999949	-0.59748192
-41.26666616	-0.60099321
-41.23333283	-0.60029920
-41.19999949	-0.59505951
-41.16666616	-0.58531402
-41.13333283	-0.57120522
-41.09999950	-0.55286303
-41.06666616	-0.53025535
-41.03333283	-0.50373205
-40.99999950	-0.47365807
-40.96666616	-0.44008399
-40.93333283	-0.40373910
-40.89999950	-0.36461344
-40.86666616	-0.32351128
-40.83333283	-0.28059173
-40.79999950	-0.23641542
-40.76666617	-0.19148434
-40.73333283	-0.14618603
-40.69999950	-0.10103503
-40.66666617	-0.05633320
-40.63333283	-0.01256066
-40.59999950	0.02998774
-40.56666617	0.07077646
-40.53333283	0.10950757
-40.49999950	0.14606575
-40.46666617	0.18019085
-40.43333283	0.21153986
-40.39999950	0.24011659
-40.36666617	0.26557918
-40.33333284	0.28824528
-40.29999950	0.30772027
-40.26666617	0.32419156
-40.23333284	0.33776612
-40.19999950	0.34830574
-40.16666617	0.35606448
-40.13333284	0.36141821
-40.09999950	0.36410383
-40.06666617	0.36449432
-40.03333284	0.36284904
-39.99999951	0.35921294
-39.96666617	0.35394502
-39.93333284	0.34721614
-39.89999951	0.33917460
-39.86666617	0.33013041
-39.83333284	0.32004512
-39.79999951	0.30942394
-39.76666617	0.29823157
-39.73333284	0.28668636
-39.69999951	0.27485671
-39.66666617	0.26299763
-39.63333284	0.25119372
-39.59999951	0.23967598
-39.56666618	0.22832766
-39.53333284	0.21725955
-39.49999951	0.20666730
-39.46666618	0.19644211
-39.43333284	0.18660440
-39.39999951	0.17742404
-39.36666618	0.16862929
-39.33333284	0.16042164
-39.29999951	0.15260877
-39.26666618	0.14540972
-39.23333285	0.13848821
-39.19999951	0.13204090
-39.16666618	0.12597130
-39.13333285	0.12039816
-39.09999951	0.11495808
-39.06666618	0.10990625
-39.03333285	0.10495015
-38.99999951	0.10038120
-38.96666618	0.09587145
-38.93333285	0.09156047
-38.89999952	0.08742778
-38.86666618	0.08318805
-38.83333285	0.07924814
-38.79999952	0.07512292
-38.76666618	0.07120262
-38.73333285	0.06719571
-38.69999952	0.06312640
-38.66666618	0.05916754
-38.63333285	0.05509477
-38.59999952	0.05106622
-38.56666618	0.04701171
-38.53333285	0.04302975
-38.49999952	0.03897300
-38.46666619	0.03489020
-38.43333285	0.03091739
-38.39999952	0.02705878
-38.36666619	0.02322374
-38.33333285	0.01936896
-38.29999952	0.01572259
-38.26666619	0.01206266
-38.23333285	0.00874183
-38.19999952	0.00543873
-38.16666619	0.00236005
-38.13333286	-0.00061500
-38.09999952	-0.00338116
-38.06666619	-0.00599747
-38.03333286	-0.00846001
-37.99999952	-0.01057485
-37.96666619	-0.01270553
-37.93333286	-0.01444718
-37.89999952	-0.01609085
-37.86666619	-0.01767603
-37.83333286	-0.01896254
-37.79999952	-0.02020384
-37.76666619	-0.02113121
-37.73333286	-0.02204935
-37.69999953	-0.02293725
-37.66666619	-0.02356720
-37.63333286	-0.02419233
-37.59999953	-0.02470218
-37.56666619	-0.02516137
-37.53333286	-0.02566519
-37.49999953	-0.02595909
-37.46666619	-0.02643359
-37.43333286	-0.02679471
-37.39999953	-0.02712030
-37.36666620	-0.02746455
-37.33333286	-0.02786255
-37.29999953	-0.02824595
-37.26666620	-0.02873375
-37.23333286	-0.02907883
-37.19999953	-0.02958802
-37.16666620	-0.02999961
-37.13333286	-0.03060142
-37.09999953	-0.03103773
-37.06666620	-0.03142906
-37.03333287	-0.03204702
-36.99999953	-0.03253119
-36.96666620	-0.03303054
-36.93333287	-0.03330795
-36.89999953	-0.03377028
-36.86666620	-0.03408064
-36.83333287	-0.03435268
-36.79999953	-0.03452170
-36.76666620	-0.03465495
-36.73333287	-0.03474539
-36.69999953	-0.03463756
-36.66666620	-0.03453891
-36.63333287	-0.03423149
-36.59999954	-0.03388432
-36.56666620	-0.03340872
-36.53333287	-0.03283105
-36.49999954	-0.03214172
-36.46666620	-0.03147851
-36.43333287	-0.03063691
-36.39999954	-0.02972397
-36.36666620	-0.02871592
-36.33333287	-0.02761776
-36.29999954	-0.02649560
-36.26666621	-0.02542592
-36.23333287	-0.02421679
-36.19999954	-0.02304908
-36.16666621	-0.02178581
-36.13333287	-0.02074237
-36.09999954	-0.01942076
-36.06666621	-0.01834297
-36.03333287	-0.01733126
-35.99999954	-0.01629555
-35.96666621	-0.01527306
-35.93333288	-0.01426649
-35.89999954	-0.01346816
-35.86666621	-0.01276159
-35.83333288	-0.01201908
-35.79999954	-0.01141217
-35.76666621	-0.01085596
-35.73333288	-0.01035307
-35.69999954	-0.00999518
-35.66666621	-0.00974579
-35.63333288	-0.00958179
-35.59999954	-0.00956002
-35.56666621	-0.00959816
-35.53333288	-0.00955257
-35.49999955	-0.00965294
-35.46666621	-0.00974841
-35.43333288	-0.00993965
-35.39999955	-0.01016938
-35.36666621	-0.01035404
-35.33333288	-0.01065327
-35.29999955	-0.01087848
-35.26666621	-0.01119229
-35.23333288	-0.01136054
-35.19999955	-0.01174866
-35.16666622	-0.01192890
-35.13333288	-0.01218618
-35.09999955	-0.01226557
-35.06666622	-0.01237417
-35.03333288	-0.01239238
-34.99999955	-0.01243535
-34.96666622	-0.01247081
-34.93333288	-0.01245973
-34.89999955	-0.01222876
-34.86666622	-0.01188891
-34.83333288	-0.01179886
-34.79999955	-0.01163415
-34.76666622	-0.01123833
-34.73333289	-0.01089958
-34.69999955	-0.01043284
-34.66666622	-0.01002763
-34.63333289	-0.00951043
-34.59999955	-0.00910426
-34.56666622	-0.00855567
-34.53333289	-0.00816371
-34.49999955	-0.00762201
-34.46666622	-0.00718554
-34.43333289	-0.00662382
-34.39999956	-0.00621381
-34.36666622	-0.00577871
-34.33333289	-0.00534275
-34.29999956	-0.00495199
-34.26666622	-0.00458582
-34.23333289	-0.00432229
-34.19999956	-0.00421456
-34.16666622	-0.00399210
-34.13333289	-0.00386028
-34.09999956	-0.00382215
-34.06666623	-0.00389886
-34.03333289	-0.00393819
-33.99999956	-0.00420360
-33.96666623	-0.00452835
-33.93333289	-0.00477694
-33.89999956	-0.00511540
-33.86666623	-0.00570889
-33.83333289	-0.00606795
-33.79999956	-0.00656801
-33.76666623	-0.00721683
-33.73333289	-0.00787941
-33.69999956	-0.00858078
-33.66666623	-0.00920532
-33.63333290	-0.00993968
-33.59999956	-0.01060236
-33.56666623	-0.01122475
-33.53333290	-0.01200411
-33.49999956	-0.01264889
-33.46666623	-0.01325392
-33.43333290	-0.01387385
-33.39999956	-0.01456586
-33.36666623	-0.01498891
-33.33333290	-0.01572162
-33.29999957	-0.01604221
-33.26666623	-0.01656992
-33.23333290	-0.01682611
-33.19999957	-0.01722571
-33.16666623	-0.01744663
-33.13333290	-0.01760179
-33.09999957	-0.01778333
-33.06666623	-0.01783043
-33.03333290	-0.01772965
-32.99999957	-0.01770862
-32.96666624	-0.01755137
-32.93333290	-0.01744578
-32.89999957	-0.01711908
-32.86666624	-0.01686260
-32.83333290	-0.01648097
-32.79999957	-0.01596622
-32.76666624	-0.01567705
-32.73333290	-0.01498146
-32.69999957	-0.01459624
-32.66666624	-0.01402978
-32.63333290	-0.01355295
-32.59999957	-0.01287032
-32.56666624	-0.01227899
-32.53333291	-0.01170412
-32.49999957	-0.01112356
-32.46666624	-0.01067226
-32.43333291	-0.01012669
-32.39999957	-0.00958474
-32.36666624	-0.00916700
-32.33333291	-0.00866887
-32.29999957	-0.00822108
-32.26666624	-0.00791598
-32.23333291	-0.00755522
-32.19999958	-0.00731654
-32.16666624	-0.00710921
-32.13333291	-0.00681478
-32.09999958	-0.00680098
-32.06666624	-0.00669016
-32.03333291	-0.00673960
-31.99999958	-0.00659014
-31.96666624	-0.00673234
-31.93333291	-0.00684354
-31.89999958	-0.00681527
-31.86666624	-0.00694951
-31.83333291	-0.00708907
-31.79999958	-0.00733320
-31.76666625	-0.00742998
-31.73333291	-0.00771598
-31.69999958	-0.00789291
-31.66666625	-0.00807393
-31.63333291	-0.00830876
-31.59999958	-0.00833348
-31.56666625	-0.00850428
-31.53333291	-0.00860602
-31.49999958	-0.00862950
-31.46666625	-0.00848767
-31.43333292	-0.00850451
-31.39999958	-0.00843156
-31.36666625	-0.00814496
-31.33333292	-0.00792059
-31.29999958	-0.00763431
-31.26666625	-0.00730608
-31.23333292	-0.00696396
-31.19999958	-0.00639497
-31.16666625	-0.00612242
-31.13333292	-0.00560438
-31.09999959	-0.00500142
-31.06666625	-0.00446466
-31.03333292	-0.00379591
-30.99999959	-0.00312048
-30.96666625	-0.00247886
-30.93333292	-0.00181112
-30.89999959	-0.00113781
-30.86666625	-0.00055783
-30.83333292	0.00006188
-30.79999959	0.00066485
-30.76666625	0.00135762
-30.73333292	0.00179542
-30.69999959	0.00232889
-30.66666626	0.00278815
-30.63333292	0.00328522
-30.59999959	0.00370775
-30.56666626	0.00401694
-30.53333292	0.00432044
-30.49999959	0.00468063
-30.46666626	0.00479458
-30.43333292	0.00491783
-30.39999959	0.00494713
-30.36666626	0.00498732
-30.33333293	0.00497493
-30.29999959	0.00485756
-30.26666626	0.00458289
-30.23333293	0.00433455
-30.19999959	0.00419918
-30.16666626	0.00388503
-30.13333293	0.00359695
-30.09999959	0.00320738
-30.06666626	0.00272306
-30.03333293	0.00242621
-29.99999959	0.00198262
-29.96666626	0.00162983
-29.93333293	0.00108112
-29.89999960	0.00081211
-29.86666626	0.00044211
-29.83333293	0.00013563
-29.79999960	-0.00014253
-29.76666626	-0.00053312
-29.73333293	-0.00085548
-29.69999960	-0.00101858
-29.66666626	-0.00128060
-29.63333293	-0.00128836
-29.59999960	-0.00147647
-29.56666627	-0.00155491
-29.53333293	-0.00161520
-29.49999960	-0.00153749
-29.46666627	-0.00167746
-29.43333293	-0.00161603
-29.39999960	-0.00153076
-29.36666627	-0.00129412
-29.33333293	-0.00117471
-29.29999960	-0.00101389
-29.26666627	-0.00086605
-29.23333294	-0.00080913
-29.19999960	-0.00059474
-29.16666627	-0.00040386
-29.13333294	-0.00013795
-29.09999960	-0.00005382
-29.06666627	0.00014324
-29.03333294	0.00026119
-28.99999960	0.00052733
-28.96666627	0.00058349
-28.93333294	0.00080447
-28.89999960	0.00092226
-28.86666627	0.00093462
-28.83333294	0.00105817
-28.79999961	0.00114073
-28.76666627	0.00120775
-28.73333294	0.00114952
-28.69999961	0.00122437
-28.66666627	0.00116580
-28.63333294	0.00125848
-28.59999961	0.00115285
-28.56666627	0.00106755
-28.53333294	0.00094050
-28.49999961	0.00081661
-28.46666628	0.00065173
-28.43333294	0.00064317
-28.39999961	0.00064789
-28.36666628	0.00057975
-28.33333294	0.00033017
-28.29999961	0.00026348
-28.26666628	0.00022288
-28.23333294	0.00006193
-28.19999961	-0.00000932
-28.16666628	-0.00012605
-28.13333295	-0.00017085
-28.09999961	-0.00032558
-28.06666628	-0.00034095
-28.03333295	-0.00023847
-27.99999961	-0.00022749
-27.96666628	-0.00027495
-27.93333295	-0.00025579
-27.89999961	-0.00024795
-27.86666628	-0.00005737
-27.83333295	0.00011796
-27.79999961	0.00026135
-27.76666628	0.00043933
-27.73333295	0.00066994
-27.69999962	0.00091604
-27.66666628	0.00114235
-27.63333295	0.00141095
-27.59999962	0.00166351
-27.56666628	0.00193346
-27.53333295	0.00230039
-27.49999962	0.00258910
-27.46666628	0.00294852
-27.43333295	0.00323511
-27.39999962	0.00353150
-27.36666629	0.00400164
-27.33333295	0.00437023
-27.29999962	0.00469361
-27.26666629	0.00496228
-27.23333295	0.00532068
-27.19999962	0.00551971
-27.16666629	0.00587562
-27.13333295	0.00611639
-27.09999962	0.00629067
-27.06666629	0.00655520
-27.03333295	0.00664258
-26.99999962	0.00689879
-26.96666629	0.00691327
-26.93333296	0.00689392
-26.89999962	0.00697123
-26.86666629	0.00699717
-26.83333296	0.00681944
-26.79999962	0.00680829
-26.76666629	0.00652127
-26.73333296	0.00631112
-26.69999962	0.00596092
-26.66666629	0.00557746
-26.63333296	0.00533461
-26.59999963	0.00490775
-26.56666629	0.00440054
-26.53333296	0.00389543
-26.49999963	0.00332375
-26.46666629	0.00284954
-26.43333296	0.00237622
-26.39999963	0.00182036
-26.36666629	0.00109568
-26.33333296	0.00053391
-26.29999963	-0.00011087
-26.26666630	-0.00071897
-26.23333296	-0.00133809
-26.19999963	-0.00193191
-26.16666630	-0.00251140
-26.13333296	-0.00300727
-26.09999963	-0.00349517
-26.06666630	-0.00392240
-26.03333296	-0.00437621
-25.99999963	-0.00484052
-25.96666630	-0.00520101
-25.93333296	-0.00559377
-25.89999963	-0.00574711
-25.86666630	-0.00601946
-25.83333297	-0.00622660
-25.79999963	-0.00638251
-25.76666630	-0.00650639
-25.73333297	-0.00658137
-25.69999963	-0.00664110
-25.66666630	-0.00661032
-25.63333297	-0.00649313
-25.59999963	-0.00651594
-25.56666630	-0.00631509
-25.53333297	-0.00624580
-25.49999964	-0.00605011
-25.46666630	-0.00591802
-25.43333297	-0.00570125
-25.39999964	-0.00543331
-25.36666630	-0.00517541
-25.33333297	-0.00507666
-25.29999964	-0.00481629
-25.26666630	-0.00463633
-25.23333297	-0.00436969
-25.19999964	-0.00421129
-25.16666631	-0.00407337
-25.13333297	-0.00390803
-25.09999964	-0.00366854
-25.06666631	-0.00366709
-25.03333297	-0.00344803
-24.99999964	-0.00340948
-24.96666631	-0.00330872
-24.93333297	-0.00323715
-24.89999964	-0.00317507
-24.86666631	-0.00315857
-24.83333297	-0.00309556
-24.79999964	-0.00299366
-24.76666631	-0.00289856
-24.73333298	-0.00295809
-24.69999964	-0.00296542
-24.66666631	-0.00296902
-24.63333298	-0.00296574
-24.59999964	-0.00282718
-24.56666631	-0.00280471
-24.53333298	-0.00274340
-24.49999964	-0.00258393
-24.46666631	-0.00250199
-24.43333298	-0.00235897
-24.39999965	-0.00219855
-24.36666631	-0.00207420
-24.33333298	-0.00186106
-24.29999965	-0.00161266
-24.26666631	-0.00134951
-24.23333298	-0.00121887
-24.19999965	-0.00105994
-24.16666631	-0.00083229
-24.13333298	-0.00068260
-24.09999965	-0.00032918
-24.06666631	-0.00016563
-24.03333298	0.00006313
-23.99999965	0.00018938
-23.96666632	0.00036682
-23.93333298	0.00044053
-23.89999965	0.00057630
-23.86666632	0.00056412
-23.83333298	0.00050053
-23.79999965	0.00043564
-23.76666632	0.00023644
-23.73333298	0.00012291
-23.69999965	-0.00012042
-23.66666632	-0.00042252
-23.63333299	-0.00070832
-23.59999965	-0.00114358
-23.56666632	-0.00170723
-23.53333299	-0.00237352
-23.49999965	-0.00298355
-23.46666632	-0.00377678
-23.43333299	-0.00461733
-23.39999965	-0.00547164
-23.36666632	-0.00650845
-23.33333299	-0.00736490
-23.29999966	-0.00858803
-23.26666632	-0.00975464
-23.23333299	-0.01095919
-23.19999966	-0.01244045
-23.16666632	-0.01383724
-23.13333299	-0.01518446
-23.09999966	-0.01668538
-23.06666632	-0.01831467
-23.03333299	-0.01987952
-22.99999966	-0.02143815
-22.96666632	-0.02317886
-22.93333299	-0.02486216
-22.89999966	-0.02640763
-22.86666633	-0.02809039
-22.83333299	-0.02975748
-22.79999966	-0.03152363
-22.76666633	-0.03304022
-22.73333299	-0.03464887
-22.69999966	-0.03608763
-22.66666633	-0.03759939
-22.63333299	-0.03899792
-22.59999966	-0.04023813
-22.56666633	-0.04145252
-22.53333300	-0.04253758
-22.49999966	-0.04351096
-22.46666633	-0.04434967
-22.43333300	-0.04501810
-22.39999966	-0.04567440
-22.36666633	-0.04604810
-22.33333300	-0.04632903
-22.29999966	-0.04650759
-22.26666633	-0.04641146
-22.23333300	-0.04621558
-22.19999966	-0.04579900
-22.16666633	-0.04527913
-22.13333300	-0.04460193
-22.09999967	-0.04364879
-22.06666633	-0.04259936
-22.03333300	-0.04160306
-21.99999967	-0.04024784
-21.96666633	-0.03865382
-21.93333300	-0.03709404
-21.89999967	-0.03533929
-21.86666633	-0.03342169
-21.83333300	-0.03146944
-21.79999967	-0.02938397
-21.76666634	-0.02716731
-21.73333300	-0.02498012
-21.69999967	-0.02272191
-21.66666634	-0.02042753
-21.63333300	-0.01811914
-21.59999967	-0.01573557
-21.56666634	-0.01344483
-21.53333300	-0.01108819
-21.49999967	-0.00873070
-21.46666634	-0.00647245
-21.43333301	-0.00426587
-21.39999967	-0.00209296
-21.36666634	-0.00010247
-21.33333301	0.00200721
-21.29999967	0.00385234
-21.26666634	0.00562215
-21.23333301	0.00736303
-21.19999967	0.00897751
-21.16666634	0.01042055
-21.13333301	0.01180894
-21.09999967	0.01309668
-21.06666634	0.01420578
-21.03333301	0.01533655
-20.99999968	0.01619805
-20.96666634	0.01702122
-20.93333301	0.01769236
-20.89999968	0.01830016
-20.86666634	0.01881335
-20.83333301	0.01919490
-20.79999968	0.01955121
-20.76666634	0.01977803
-20.73333301	0.01994012
-20.69999968	0.01995578
-20.66666635	0.01997662
-20.63333301	0.01992762
-20.59999968	0.01981434
-20.56666635	0.01969823
-20.53333301	0.01940443
-20.49999968	0.01920740
-20.46666635	0.01896234
-20.43333301	0.01866201
-20.39999968	0.01828574
-20.36666635	0.01784501
-20.33333302	0.01747061
-20.29999968	0.01716412
-20.26666635	0.01668649
-20.23333302	0.01624215
-20.19999968	0.01576161
-20.16666635	0.01532783
-20.13333302	0.01477957
-20.09999968	0.01423535
-20.06666635	0.01373333
-20.03333302	0.01310443
-19.99999968	0.01255288
-19.96666635	0.01200446
-19.93333302	0.01138771
-19.89999969	0.01081070
-19.86666635	0.01022651
-19.83333302	0.00972179
-19.79999969	0.00906091
-19.76666635	0.00836781
-19.73333302	0.00774269
-19.69999969	0.00713983
-19.66666635	0.00650445
-19.63333302	0.00595862
-19.59999969	0.00532188
-19.56666636	0.00459525
-19.53333302	0.00398591
-19.49999969	0.00337324
-19.46666636	0.00283628
-19.43333302	0.00219665
-19.39999969	0.00159466
-19.36666636	0.00103890
-19.33333302	0.00045021
-19.29999969	-0.00010814
-19.26666636	-0.00060810
-19.23333302	-0.00117926
-19.19999969	-0.00168960
-19.16666636	-0.00214766
-19.13333303	-0.00259897
-19.09999969	-0.00289457
-19.06666636	-0.00345947
-19.03333303	-0.00375414
-18.99999969	-0.00406592
-18.96666636	-0.00436852
-18.93333303	-0.00468779
-18.89999969	-0.00491730
-18.86666636	-0.00520846
-18.83333303	-0.00535985
-18.79999970	-0.00562278
-18.76666636	-0.00570220
-18.73333303	-0.00588407
-18.69999970	-0.00602326
-18.66666636	-0.00610423
-18.63333303	-0.00627560
-18.59999970	-0.00636781
-18.56666636	-0.00639538
-18.53333303	-0.00646530
-18.49999970	-0.00650196
-18.46666637	-0.00665064
-18.43333303	-0.00656456
-18.39999970	-0.00659148
-18.36666637	-0.00667062
-18.33333303	-0.00663171
-18.29999970	-0.00669011
-18.26666637	-0.00676113
-18.23333303	-0.00673538
-18.19999970	-0.00682156
-18.16666637	-0.00683808
-18.13333303	-0.00679712
-18.09999970	-0.00688863
-18.06666637	-0.00687096
-18.03333304	-0.00699283
-17.99999970	-0.00713748
-17.96666637	-0.00718468
-17.93333304	-0.00727142
-17.89999970	-0.00732486
-17.86666637	-0.00741929
-17.83333304	-0.00751355
-17.79999970	-0.00763428
-17.76666637	-0.00759082
-17.73333304	-0.00776354
-17.69999971	-0.00770099
-17.66666637	-0.00776871
-17.63333304	-0.00786738
-17.59999971	-0.00791190
-17.56666637	-0.00810856
-17.53333304	-0.00802538
-17.49999971	-0.00818367
-17.46666637	-0.00815971
-17.43333304	-0.00818804
-17.39999971	-0.00824445
-17.36666638	-0.00815670
-17.33333304	-0.00829714
-17.29999971	-0.00829186
-17.26666638	-0.00818372
-17.23333304	-0.00820633
-17.19999971	-0.00821324
-17.16666638	-0.00819687
-17.13333304	-0.00812956
-17.09999971	-0.00806067
-17.06666638	-0.00804965
-17.03333304	-0.00789961
-16.99999971	-0.00781173
-16.96666638	-0.00763381
-16.93333305	-0.00753314
-16.89999971	-0.00737909
-16.86666638	-0.00711077
-16.83333305	-0.00689658
-16.79999971	-0.00671932
-16.76666638	-0.00643343
-16.73333305	-0.00611455
-16.69999971	-0.00579714
-16.66666638	-0.00554502
-16.63333305	-0.00513654
-16.59999972	-0.00487934
-16.56666638	-0.00447847
-16.53333305	-0.00414085
-16.49999972	-0.00370933
-16.46666638	-0.00324764
-16.43333305	-0.00280121
-16.39999972	-0.00243923
-16.36666638	-0.00205240
-16.33333305	-0.00166028
-16.29999972	-0.00122248
-16.26666638	-0.00094437
-16.23333305	-0.00049552
-16.19999972	0.00003089
-16.16666639	0.00037633
-16.13333305	0.00076482
-16.09999972	0.00116744
-16.06666639	0.00138526
-16.03333305	0.00160754
-15.99999972	0.00193389
-15.96666639	0.00201991
-15.93333305	0.00229368
-15.89999972	0.00252204
-15.86666639	0.00262345
-15.83333306	0.00262976
-15.79999972	0.00280020
-15.76666639	0.00277308
-15.73333306	0.00289244
-15.69999972	0.00293868
-15.66666639	0.00298674
-15.63333306	0.00298937
-15.59999972	0.00313673
-15.56666639	0.00316746
-15.53333306	0.00313425
-15.49999973	0.00315467
-15.46666639	0.00329481
-15.43333306	0.00336695
-15.39999973	0.00350106
-15.36666639	0.00354713
-15.33333306	0.00373282
-15.29999973	0.00395575
-15.26666639	0.00407573
-15.23333306	0.00428848
-15.19999973	0.00449510
-15.16666639	0.00470087
-15.13333306	0.00506020
-15.09999973	0.00518801
-15.06666640	0.00552917
-15.03333306	0.00591454
-14.99999973	0.00618741
-14.96666640	0.00646341
-14.93333306	0.00673918
-14.89999973	0.00722679
-14.86666640	0.00752571
-14.83333306	0.00789114
-14.79999973	0.00829675
-14.76666640	0.00863630
-14.73333307	0.00889400
-14.69999973	0.00928709
-14.66666640	0.00948368
-14.63333307	0.00978447
-14.59999973	0.00999590
-14.56666640	0.01029251
-14.53333307	0.01042356
-14.49999973	0.01054671
-14.46666640	0.01074875
-14.43333307	0.01083009
-14.39999973	0.01091633
-14.36666640	0.01086583
-14.33333307	0.01087889
-14.29999974	0.01068782
-14.26666640	0.01064559
-14.23333307	0.01050959
-14.19999974	0.01047009
-14.16666640	0.01019470
-14.13333307	0.01008477
-14.09999974	0.00985318
-14.06666640	0.00968944
-14.03333307	0.00945886
-13.99999974	0.00920347
-13.96666641	0.00889921
-13.93333307	0.00865497
-13.89999974	0.00838020
-13.86666641	0.00817684
-13.83333307	0.00783862
-13.79999974	0.00759210
-13.76666641	0.00731336
-13.73333307	0.00709279
-13.69999974	0.00676340
-13.66666641	0.00658377
-13.63333308	0.00644456
-13.59999974	0.00615963
-13.56666641	0.00607439
-13.53333308	0.00584120
-13.49999974	0.00586309
-13.46666641	0.00567477
-13.43333308	0.00557260
-13.39999974	0.00544861
-13.36666641	0.00547452
-13.33333308	0.00555005
-13.29999974	0.00538378
-13.26666641	0.00549217
-13.23333308	0.00556221
-13.19999975	0.00556308
-13.16666641	0.00556293
-13.13333308	0.00559318
-13.09999975	0.00552577
-13.06666641	0.00562052
-13.03333308	0.00568931
-12.99999975	0.00579124
-12.96666641	0.00578199
-12.93333308	0.00567873
-12.89999975	0.00597809
-12.86666642	0.00588870
-12.83333308	0.00587449
-12.79999975	0.00582849
-12.76666642	0.00584779
-12.73333308	0.00579508
-12.69999975	0.00569440
-12.66666642	0.00560787
-12.63333308	0.00563719
-12.59999975	0.00559577
-12.56666642	0.00540237
-12.53333309	0.00526297
-12.49999975	0.00507987
-12.46666642	0.00502975
-12.43333309	0.00480731
-12.39999975	0.00459144
-12.36666642	0.00436797
-12.33333309	0.00414839
-12.29999975	0.00384480
-12.26666642	0.00365305
-12.23333309	0.00332682
-12.19999975	0.00297681
-12.16666642	0.00277549
-12.13333309	0.00236101
-12.09999976	0.00214886
-12.06666642	0.00169985
-12.03333309	0.00140475
-11.99999976	0.00099367
-11.96666642	0.00066726
-11.93333309	0.00039937
-11.89999976	-0.00002855
-11.86666642	-0.00028447
-11.83333309	-0.00068735
-11.79999976	-0.00098738
-11.76666643	-0.00139051
-11.73333309	-0.00163585
-11.69999976	-0.00189596
-11.66666643	-0.00213876
-11.63333309	-0.00233601
-11.59999976	-0.00246619
-11.56666643	-0.00275405
-11.53333309	-0.00281370
-11.49999976	-0.00295328
-11.46666643	-0.00308227
-11.43333309	-0.00311003
-11.39999976	-0.00305361
-11.36666643	-0.00315686
-11.33333310	-0.00311992
-11.29999976	-0.00310577
-11.26666643	-0.00312585
-11.23333310	-0.00300865
-11.19999976	-0.00291148
-11.16666643	-0.00270601
-11.13333310	-0.00266437
-11.09999976	-0.00250938
-11.06666643	-0.00242038
-11.03333310	-0.00228505
-10.99999977	-0.00202545
-10.96666643	-0.00183009
-10.93333310	-0.00171365
-10.89999977	-0.00163471
-10.86666643	-0.00158083
-10.83333310	-0.00135338
-10.79999977	-0.00121120
-10.76666643	-0.00106593
-10.73333310	-0.00101752
-10.69999977	-0.00087280
-10.66666644	-0.00076870
-10.63333310	-0.00072035
-10.59999977	-0.00057649
-10.56666644	-0.00059857
-10.53333310	-0.00042735
-10.49999977	-0.00039056
-10.46666644	-0.00028789
-10.43333310	-0.00029201
-10.39999977	-0.00007951
-10.36666644	-0.00011851
-10.33333310	-0.00000102
-10.29999977	0.00011609
-10.26666644	0.00015312
-10.23333311	0.00034276
-10.19999977	0.00052470
-10.16666644	0.00066965
-10.13333311	0.00087748
-10.09999977	0.00105555
-10.06666644	0.00139886
-10.03333311	0.00165563
-9.99999977	0.00202749
-9.96666644	0.00241121
-9.93333311	0.00277278
-9.89999978	0.00322954
-9.86666644	0.00371916
-9.83333311	0.00401226
-9.79999978	0.00470562
-9.76666644	0.00517107
-9.73333311	0.00583910
-9.69999978	0.00636814
-9.66666644	0.00701455
-9.63333311	0.00762785
-9.59999978	0.00834854
-9.56666645	0.00899431
-9.53333311	0.00951265
-9.49999978	0.01024319
-9.46666645	0.01070176
-9.43333311	0.01134236
-9.39999978	0.01202682
-9.36666645	0.01239911
-9.33333311	0.01292453
-9.29999978	0.01338680
-9.26666645	0.01374898
-9.23333311	0.01407653
-9.19999978	0.01434348
-9.16666645	0.01466367
-9.13333312	0.01480979
-9.09999978	0.01484705
-9.06666645	0.01493697
-9.03333312	0.01485142
-8.99999978	0.01477263
-8.96666645	0.01465823
-8.93333312	0.01452983
-8.89999978	0.01423278
-8.86666645	0.01397036
-8.83333312	0.01358745
-8.79999979	0.01315726
-8.76666645	0.01266222
-8.73333312	0.01222645
-8.69999979	0.01176181
-8.66666645	0.01121746
-8.63333312	0.01071977
-8.59999979	0.01011804
-8.56666645	0.00957634
-8.53333312	0.00897494
-8.49999979	0.00841887
-8.46666645	0.00778630
-8.43333312	0.00721871
-8.39999979	0.00659943
-8.36666646	0.00616071
-8.33333312	0.00550356
-8.29999979	0.00500048
-8.26666646	0.00447449
-8.23333312	0.00402522
-8.19999979	0.00362559
-8.16666646	0.00329524
-8.13333312	0.00290993
-8.09999979	0.00271732
-8.06666646	0.00245267
-8.03333313	0.00210559
-7.99999979	0.00192592
-7.96666646	0.00177737
-7.93333313	0.00165939
-7.89999979	0.00161931
-7.86666646	0.00169277
-7.83333313	0.00173600
-7.79999979	0.00162661
-7.76666646	0.00186500
-7.73333313	0.00194066
-7.69999980	0.00216172
-7.66666646	0.00232175
-7.63333313	0.00249578
-7.59999980	0.00262323
-7.56666646	0.00281904
-7.53333313	0.00305787
-7.49999980	0.00331574
-7.46666646	0.00345398
-7.43333313	0.00361526
-7.39999980	0.00384805
-7.36666646	0.00394914
-7.33333313	0.00414360
-7.29999980	0.00429837
-7.26666647	0.00434365
-7.23333313	0.00445018
-7.19999980	0.00451375
-7.16666647	0.00456509
-7.13333313	0.00452143
-7.09999980	0.00448650
-7.06666647	0.00439549
-7.03333313	0.00430998
-6.99999980	0.00413163
-6.96666647	0.00397220
-6.93333314	0.00364265
-6.89999980	0.00340713
-6.86666647	0.00321933
-6.83333314	0.00289743
-6.79999980	0.00246800
-6.76666647	0.00200707
-6.73333314	0.00157186
-6.69999980	0.00117625
-6.66666647	0.00069341
-6.63333314	0.00026695
-6.59999980	-0.00027012
-6.56666647	-0.00067595
-6.53333314	-0.00123040
-6.49999981	-0.00176873
-6.46666647	-0.00226581
-6.43333314	-0.00280855
-6.39999981	-0.00324213
-6.36666647	-0.00373549
-6.33333314	-0.00414187
-6.29999981	-0.00445013
-6.26666647	-0.00494190
-6.23333314	-0.00524275
-6.19999981	-0.00576642
-6.16666648	-0.00592410
-6.13333314	-0.00624431
-6.09999981	-0.00646471
-6.06666648	-0.00664123
-6.03333314	-0.00679405
-5.99999981	-0.00691616
-5.96666648	-0.00691564
-5.93333314	-0.00707902
-5.89999981	-0.00700277
-5.86666648	-0.00696371
-5.83333315	-0.00696628
-5.79999981	-0.00685309
-5.76666648	-0.00679975
-5.73333315	-0.00658053
-5.69999981	-0.00645009
-5.66666648	-0.00631982
-5.63333315	-0.00615460
-5.59999981	-0.00601629
-5.56666648	-0.00584562
-5.53333315	-0.00578158
-5.49999981	-0.00568931
-5.46666648	-0.00546552
-5.43333315	-0.00535225
-5.39999982	-0.00529708
-5.36666648	-0.00511698
-5.33333315	-0.00510742
-5.29999982	-0.00502322
-5.26666648	-0.00483089
-5.23333315	-0.00487118
-5.19999982	-0.00486308
-5.16666648	-0.00476196
-5.13333315	-0.00480979
-5.09999982	-0.00479702
-5.06666649	-0.00473248
-5.03333315	-0.00475283
-4.99999982	-0.00485692
-4.96666649	-0.00481186
-4.93333315	-0.00473366
-4.89999982	-0.00461277
-4.86666649	-0.00461786
-4.83333315	-0.00457176
-4.79999982	-0.00453799
-4.76666649	-0.00439109
-4.73333316	-0.00422122
-4.69999982	-0.00418060
-4.66666649	-0.00393700
-4.63333316	-0.00376070
-4.59999982	-0.00357295
-4.56666649	-0.00331182
-4.53333316	-0.00307596
-4.49999982	-0.00274659
-4.46666649	-0.00231405
-4.43333316	-0.00198568
-4.39999982	-0.00152994
-4.36666649	-0.00110655
-4.33333316	-0.00076283
-4.29999983	-0.00024106
-4.26666649	0.00018165
-4.23333316	0.00061302
-4.19999983	0.00112628
-4.16666649	0.00165098
-4.13333316	0.00218292
-4.09999983	0.00271521
-4.06666649	0.00317603
-4.03333316	0.00365250
-3.99999983	0.00409601
-3.96666650	0.00450838
-3.93333316	0.00493728
-3.89999983	0.00540748
-3.86666650	0.00557436
-3.83333316	0.00598716
-3.79999983	0.00619498
-3.76666650	0.00640777
-3.73333316	0.00651994
-3.69999983	0.00667169
-3.66666650	0.00676988
-3.63333316	0.00683200
-3.59999983	0.00683801
-3.56666650	0.00664631
-3.53333317	0.00659996
-3.49999983	0.00634194
-3.46666650	0.00606841
-3.43333317	0.00577563
-3.39999983	0.00531858
-3.36666650	0.00497803
-3.33333317	0.00435380
-3.29999983	0.00385224
-3.26666650	0.00317588
-3.23333317	0.00241636
-3.19999984	0.00176832
-3.16666650	0.00096649
-3.13333317	0.00022568
-3.09999984	-0.00055646
-3.06666650	-0.00154946
-3.03333317	-0.00252802
-2.99999984	-0.00350584
-2.96666650	-0.00456312
-2.93333317	-0.00565042
-2.89999984	-0.00678504
-2.86666651	-0.00787657
-2.83333317	-0.00905840
-2.79999984	-0.01018166
-2.76666651	-0.01149821
-2.73333317	-0.01265718
-2.69999984	-0.01383996
-2.66666651	-0.01522710
-2.63333317	-0.01649516
-2.59999984	-0.01770940
-2.56666651	-0.01892740
-2.53333317	-0.02023932
-2.49999984	-0.02147257
-2.46666651	-0.02271794
-2.43333318	-0.02396367
-2.39999984	-0.02511376
-2.36666651	-0.02628272
-2.33333318	-0.02738891
-2.29999984	-0.02837166
-2.26666651	-0.02940341
-2.23333318	-0.03046418
-2.19999984	-0.03134685
-2.16666651	-0.03220922
-2.13333318	-0.03309187
-2.09999985	-0.03390689
-2.06666651	-0.03465233
-2.03333318	-0.03530931
-1.99999985	-0.03596120
-1.96666651	-0.03659912
-1.93333318	-0.03714868
-1.89999985	-0.03754938
-1.86666651	-0.03806417
-1.83333318	-0.03844744
-1.79999985	-0.03879303
-1.76666652	-0.03907714
-1.73333318	-0.03924493
-1.69999985	-0.03948557
-1.66666652	-0.03956065
-1.63333318	-0.03977336
-1.59999985	-0.03975686
-1.56666652	-0.03980684
-1.53333318	-0.03980478
-1.49999985	-0.03971137
-1.46666652	-0.03961670
-1.43333318	-0.03952763
-1.39999985	-0.03926230
-1.36666652	-0.03907446
-1.33333319	-0.03893428
-1.29999985	-0.03845907
-1.26666652	-0.03811189
-1.23333319	-0.03770551
-1.19999985	-0.03731279
-1.16666652	-0.03676976
-1.13333319	-0.03632115
-1.09999985	-0.03555904
-1.06666652	-0.03504149
-1.03333319	-0.03412522
-0.99999986	-0.03349696
-0.96666652	-0.03261553
-0.93333319	-0.03173023
-0.89999986	-0.03081709
-0.86666652	-0.02992711
-0.83333319	-0.02887074
-0.79999986	-0.02775848
-0.76666652	-0.02661177
-0.73333319	-0.02550594
-0.69999986	-0.02423091
-0.66666652	-0.02288927
-0.63333319	-0.02160917
-0.59999986	-0.02030194
-0.56666653	-0.01878421
-0.53333319	-0.01735403
-0.49999986	-0.01577709
-0.46666653	-0.01427080
-0.43333319	-0.01271425
-0.39999986	-0.01120455
-0.36666653	-0.00955045
-0.33333319	-0.00807297
-0.29999986	-0.00637341
-0.26666653	-0.00473859
-0.23333320	-0.00311225
-0.19999986	-0.00156823
-0.16666653	0.00007658
-0.13333320	0.00158465
-0.09999986	0.00304264
-0.06666653	0.00474507
-0.03333320	0.00617894
0.00000014	0.00758567
0.03333347	0.00899933
0.06666680	0.01030774
0.10000013	0.01168398
0.13333347	0.01287519
0.16666680	0.01410221
0.20000013	0.01534549
0.23333347	0.01637772
0.26666680	0.01757538
0.30000013	0.01847623
0.33333347	0.01949870
0.36666680	0.02049564
0.40000013	0.02137869
0.43333347	0.02225947
0.46666680	0.02303999
0.50000013	0.02381330
0.53333346	0.02455732
0.56666680	0.02533753
0.60000013	0.02595972
0.63333346	0.02655330
0.66666680	0.02722773
0.70000013	0.02778564
0.73333346	0.02833021
0.76666680	0.02891860
0.80000013	0.02937061
0.83333346	0.02988894
0.86666679	0.03036782
0.90000013	0.03085354
0.93333346	0.03129004
0.96666679	0.03178656
1.00000013	0.03216554
1.03333346	0.03265978
1.06666679	0.03308550
1.10000013	0.03345688
1.13333346	0.03384788
1.16666679	0.03415864
1.20000013	0.03449133
1.23333346	0.03488185
1.26666679	0.03525851
1.30000012	0.03558495
1.33333346	0.03593016
1.36666679	0.03635244
1.40000012	0.03660195
1.43333346	0.03673726
1.46666679	0.03697625
1.50000012	0.03720924
1.53333346	0.03743461
1.56666679	0.03767243
1.60000012	0.03785965
1.63333345	0.03796408
1.66666679	0.03810035
1.70000012	0.03825763
1.73333345	0.03840300
1.76666679	0.03857287
1.80000012	0.03846843
1.83333345	0.03856929
1.86666679	0.03874873
1.90000012	0.03873995
1.93333345	0.03878304
1.96666678	0.03877867
2.00000012	0.03877564
2.03333345	0.03886409
2.06666678	0.03891636
2.10000012	0.03885610
2.13333345	0.03887410
2.16666678	0.03881176
2.20000012	0.03876308
2.23333345	0.03881450
2.26666678	0.03869779
2.30000012	0.03874731
2.33333345	0.03859847
2.36666678	0.03855841
2.40000011	0.03849859
2.43333345	0.03848199
2.46666678	0.03842869
2.50000011	0.03841492
2.53333345	0.03835476
2.56666678	0.03826978
2.60000011	0.03815964
2.63333345	0.03815134
2.66666678	0.03804700
2.70000011	0.03788358
2.73333344	0.03784992
2.76666678	0.03784259
2.80000011	0.03762757
2.83333344	0.03755663
2.86666678	0.03739771
2.90000011	0.03719445
2.93333344	0.03712855
2.96666678	0.03688178
3.00000011	0.03664351
3.03333344	0.03641042
3.06666677	0.03615302
3.10000011	0.03585627
3.13333344	0.03565782
3.16666677	0.03518634
3.20000011	0.03497115
3.23333344	0.03450457
3.26666677	0.03406837
3.30000011	0.03359205
3.33333344	0.03306268
3.36666677	0.03262615
3.40000011	0.03206922
3.43333344	0.03141669
3.46666677	0.03083818
3.50000010	0.03002870
3.53333344	0.02929781
3.56666677	0.02865695
3.60000010	0.02795283
3.63333344	0.02701148
3.66666677	0.02627733
3.70000010	0.02538063
3.73333344	0.02460925
3.76666677	0.02367750
3.80000010	0.02274955
3.83333343	0.02188334
3.86666677	0.02090090
3.90000010	0.02004386
3.93333343	0.01902838
3.96666677	0.01816869
4.00000010	0.01723721
4.03333343	0.01639593
4.06666677	0.01539945
4.10000010	0.01459949
4.13333343	0.01376000
4.16666677	0.01290272
4.20000010	0.01211642
4.23333343	0.01126176
4.26666676	0.01051768
4.30000010	0.00982288
4.33333343	0.00906884
4.36666676	0.00866832
4.40000010	0.00804656
4.43333343	0.00743534
4.46666676	0.00685364
4.50000010	0.00651654
4.53333343	0.00608824
4.56666676	0.00559877
4.60000009	0.00522577
4.63333343	0.00490815
4.66666676	0.00480494
4.70000009	0.00450828
4.73333343	0.00438048
4.76666676	0.00419377
4.80000009	0.00396635
4.83333343	0.00399668
4.86666676	0.00382961
4.90000009	0.00380205
4.93333342	0.00362532
4.96666676	0.00371606
5.00000009	0.00371995
5.03333342	0.00373420
5.06666676	0.00372678
5.10000009	0.00387180
5.13333342	0.00373630
5.16666676	0.00385216
5.20000009	0.00369566
5.23333342	0.00378472
5.26666676	0.00370701
5.30000009	0.00367401
5.33333342	0.00346712
5.36666675	0.00345341
5.40000009	0.00335321
5.43333342	0.00308381
5.46666675	0.00304607
5.50000009	0.00277887
5.53333342	0.00268661
5.56666675	0.00249945
5.60000009	0.00234297
5.63333342	0.00205425
5.66666675	0.00191642
5.70000008	0.00178496
5.73333342	0.00146799
5.76666675	0.00130406
5.80000008	0.00118570
5.83333342	0.00107884
5.86666675	0.00089038
5.90000008	0.00078702
5.93333342	0.00061369
5.96666675	0.00053143
6.00000008	0.00041703
6.03333341	0.00027444
6.06666675	0.00024990
6.10000008	0.00026944
6.13333341	0.00032336
6.16666675	0.00024054
6.20000008	0.00024778
6.23333341	0.00034537
6.26666675	0.00026050
6.30000008	0.00027728
6.33333341	0.00043819
6.36666675	0.00045582
6.40000008	0.00047110
6.43333341	0.00061294
6.46666674	0.00070104
6.50000008	0.00069598
6.53333341	0.00070771
6.56666674	0.00075690
6.60000008	0.00068177
6.63333341	0.00070886
6.66666674	0.00069002
6.70000008	0.00075146
6.73333341	0.00063217
6.76666674	0.00049489
6.80000007	0.00042126
6.83333341	0.00018594
6.86666674	0.00010974
6.90000007	-0.00009258
6.93333341	-0.00032499
6.96666674	-0.00048394
7.00000007	-0.00088730
7.03333341	-0.00109997
7.06666674	-0.00134159
7.10000007	-0.00172965
7.13333341	-0.00203482
7.16666674	-0.00226951
7.20000007	-0.00252612
7.23333340	-0.00276188
7.26666674	-0.00308075
7.30000007	-0.00338303
7.33333340	-0.00361959
7.36666674	-0.00405458
7.40000007	-0.00421384
7.43333340	-0.00451520
7.46666674	-0.00472207
7.50000007	-0.00491770
7.53333340	-0.00494106
7.56666673	-0.00505297
7.60000007	-0.00511058
7.63333340	-0.00525235
7.66666673	-0.00522161
7.70000007	-0.00524849
7.73333340	-0.00512002
7.76666673	-0.00499430
7.80000007	-0.00484415
7.83333340	-0.00471734
7.86666673	-0.00448709
7.90000006	-0.00423590
7.93333340	-0.00400816
7.96666673	-0.00385274
8.00000006	-0.00356722
8.03333340	-0.00336458
8.06666673	-0.00307684
8.10000006	-0.00284080
8.13333340	-0.00253796
8.16666673	-0.00235016
8.20000006	-0.00210173
8.23333340	-0.00183889
8.26666673	-0.00171399
8.30000006	-0.00151822
8.33333339	-0.00128633
8.36666673	-0.00116036
8.40000006	-0.00112483
8.43333339	-0.00099074
8.46666673	-0.00097298
8.50000006	-0.00096031
8.53333339	-0.00095679
8.56666673	-0.00105623
8.60000006	-0.00113047
8.63333339	-0.00126140
8.66666672	-0.00131280
8.70000006	-0.00154916
8.73333339	-0.00177039
8.76666672	-0.00186516
8.80000006	-0.00216813
8.83333339	-0.00248333
8.86666672	-0.00267315
8.90000006	-0.00297103
8.93333339	-0.00310334
8.96666672	-0.00332000
9.00000006	-0.00355043
9.03333339	-0.00381305
9.06666672	-0.00404338
9.10000005	-0.00419423
9.13333339	-0.00440864
9.16666672	-0.00455366
9.20000005	-0.00471320
9.23333339	-0.00491449
9.26666672	-0.00495569
9.30000005	-0.00499842
9.33333339	-0.00509602
9.36666672	-0.00511800
9.40000005	-0.00510269
9.43333338	-0.00513764
9.46666672	-0.00510019
9.50000005	-0.00513790
9.53333338	-0.00505742
9.56666672	-0.00497316
9.60000005	-0.00492157
9.63333338	-0.00486805
9.66666672	-0.00470921
9.70000005	-0.00462168
9.73333338	-0.00444167
9.76666671	-0.00444917
9.80000005	-0.00427155
9.83333338	-0.00420377
9.86666671	-0.00408699
9.90000005	-0.00396842
9.93333338	-0.00381384
9.96666671	-0.00372593
10.00000005	-0.00358902
10.03333338	-0.00342057
10.06666671	-0.00328502
10.10000005	-0.00321604
10.13333338	-0.00309926
10.16666671	-0.00298777
10.20000004	-0.00294241
10.23333338	-0.00285089
10.26666671	-0.00278399
10.30000004	-0.00278001
10.33333338	-0.00275709
10.36666671	-0.00263066
10.40000004	-0.00258616
10.43333338	-0.00259850
10.46666671	-0.00261094
10.50000004	-0.00253003
10.53333337	-0.00258415
10.56666671	-0.00249960
10.60000004	-0.00247119
10.63333337	-0.00249611
10.66666671	-0.00251816
10.70000004	-0.00248465
10.73333337	-0.00251828
10.76666671	-0.00248288
10.80000004	-0.00248340
10.83333337	-0.00252741
10.86666670	-0.00247551
10.90000004	-0.00246035
10.93333337	-0.00243368
10.96666670	-0.00243914
11.00000004	-0.00240251
11.03333337	-0.00240494
11.06666670	-0.00237054
11.10000004	-0.00235639
11.13333337	-0.00238835
11.16666670	-0.00232840
11.20000004	-0.00226222
11.23333337	-0.00221263
11.26666670	-0.00216596
11.30000003	-0.00215947
11.33333337	-0.00212897
11.36666670	-0.00206180
11.40000003	-0.00201796
11.43333337	-0.00191874
11.46666670	-0.00187237
11.50000003	-0.00181434
11.53333337	-0.00180022
11.56666670	-0.00175035
11.60000003	-0.00174108
11.63333336	-0.00167644
11.66666670	-0.00165927
11.70000003	-0.00162720
11.73333336	-0.00164775
11.76666670	-0.00161568
11.80000003	-0.00157510
11.83333336	-0.00155527
11.86666670	-0.00157732
11.90000003	-0.00153877
11.93333336	-0.00154072
11.96666670	-0.00153192
12.00000003	-0.00149777
12.03333336	-0.00149962
12.06666669	-0.00149971
12.10000003	-0.00145828
12.13333336	-0.00147103
12.16666669	-0.00148057
12.20000003	-0.00145669
12.23333336	-0.00141722
12.26666669	-0.00144440
12.30000003	-0.00141492
12.33333336	-0.00140584
12.36666669	-0.00140119
12.40000002	-0.00137947
12.43333336	-0.00136988
12.46666669	-0.00135777
12.50000002	-0.00133269
12.53333336	-0.00132767
12.56666669	-0.00130981
12.60000002	-0.00129004
12.63333336	-0.00127301
12.66666669	-0.00125916
12.70000002	-0.00124083
12.73333335	-0.00123283
12.76666669	-0.00121776
12.80000002	-0.00119889
12.83333335	-0.00117446
12.86666669	-0.00115681
12.90000002	-0.00114871
12.93333335	-0.00112763
12.96666669	-0.00110640
13.00000002	-0.00108490
13.03333335	-0.00107620
13.06666669	-0.00104039
13.10000002	-0.00102668
13.13333335	-0.00101852
13.16666668	-0.00098522
13.20000002	-0.00097644
13.23333335	-0.00094809
13.26666668	-0.00093326
13.30000002	-0.00091632
13.33333335	-0.00088337
13.36666668	-0.00086126
13.40000002	-0.00083354
13.43333335	-0.00079928
13.46666668	-0.00077275
13.50000001	-0.00074041
13.53333335	-0.00071644
13.56666668	-0.00067477
13.60000001	-0.00064112
13.63333335	-0.00060891
13.66666668	-0.00058234
13.70000001	-0.00054697
13.73333335	-0.00052140
13.76666668	-0.00047943
13.80000001	-0.00045570
13.83333334	-0.00042208
13.86666668	-0.00039354
13.90000001	-0.00036080
13.93333334	-0.00033326
13.96666668	-0.00030542
14.00000001	-0.00027988
14.03333334	-0.00025488
14.06666668	-0.00023138
14.10000001	-0.00020877
14.13333334	-0.00018851
14.16666668	-0.00016868
14.20000001	-0.00015211
14.23333334	-0.00013605
14.26666667	-0.00012084
14.30000001	-0.00010607
14.33333334	-0.00009315
14.36666667	-0.00008264
14.40000001	-0.00007141
14.43333334	-0.00006170
14.46666667	-0.00005334
14.50000001	-0.00004514
14.53333334	-0.00003776
14.56666667	-0.00003114
14.60000000	-0.00002536
14.63333334	-0.00001983
14.66666667	-0.00001553
14.70000000	-0.00001123
14.73333334	-0.00000791
14.76666667	-0.00000514
14.80000000	-0.00000290
14.83333334	-0.00000132
14.86666667	-0.00000033
14.90000000	0.00000000
