# Menlo Systems GmbH ScanControl
# Program Version 1.3.3
# Start: -65.00000000 ps, Average over 1000 waveforms. Timestamp: 2020-01-11T14:14:48
# Window type: Tukey, parameters: alpha = 0.2
# User time axis shift: 0 ps
# Frequency [THz]	THz Signal [a.u.]
0.00000000	-31.69773354
0.00732601	-21.87340807
0.01465201	-16.83858685
0.02197802	-17.17704768
0.02930403	-25.50562040
0.03663004	-25.55875507
0.04395604	-17.61813755
0.05128205	-12.83786350
0.05860806	-14.03569207
0.06593407	-14.96399618
0.07326007	-9.50262845
0.08058608	-12.77083814
0.08791209	-16.29560813
0.09523810	-6.18620220
0.10256410	-5.85394986
0.10989011	-11.90702666
0.11721612	-6.97630293
0.12454213	-4.39490404
0.13186813	-8.25618695
0.13919414	-7.58388243
0.14652015	-3.29336256
0.15384616	-3.87076601
0.16117216	-4.30194118
0.16849817	-1.85544555
0.17582418	-2.47632367
0.18315018	-5.77125868
0.19047619	-2.85963832
0.19780220	-0.62243972
0.20512821	-1.19794857
0.21245421	-1.62141966
0.21978022	-0.64953068
0.22710623	-0.81923975
0.23443224	-1.94435095
0.24175824	-1.50874824
0.24908425	-0.25259177
0.25641026	0.00000000
0.26373627	-0.34630535
0.27106227	-0.31259477
0.27838828	-0.65990729
0.28571429	-1.83159530
0.29304030	-1.69335015
0.30036630	-0.55937496
0.30769231	-0.51819454
0.31501832	-0.88583300
0.32234433	-0.58013545
0.32967033	-0.89437448
0.33699634	-2.19999678
0.34432235	-2.33744333
0.35164835	-1.61023672
0.35897436	-1.46547570
0.36630037	-1.37323974
0.37362638	-1.52130565
0.38095238	-2.11167873
0.38827839	-2.42106895
0.39560440	-2.67640679
0.40293041	-2.93056801
0.41025641	-2.68144778
0.41758242	-2.60217496
0.42490843	-2.95752598
0.43223444	-3.42186257
0.43956044	-3.99134399
0.44688645	-4.27990217
0.45421246	-4.18934083
0.46153847	-4.25866530
0.46886447	-4.44897913
0.47619048	-4.63753859
0.48351649	-4.90597819
0.49084250	-5.36087028
0.49816850	-5.88532734
0.50549451	-5.85150937
0.51282052	-5.73378586
0.52014652	-6.21155056
0.52747253	-6.68959637
0.53479854	-6.94443187
0.54212455	-7.36842425
0.54945055	-8.17297323
0.55677656	-9.25397402
0.56410257	-9.00217743
0.57142858	-8.30880883
0.57875458	-8.85435784
0.58608059	-9.36123074
0.59340660	-9.31258404
0.60073261	-9.87142126
0.60805861	-10.15623937
0.61538462	-10.23959621
0.62271063	-10.92644329
0.63003664	-11.20173799
0.63736264	-11.45079135
0.64468865	-12.28108009
0.65201466	-12.69543526
0.65934067	-13.09014585
0.66666667	-13.77081128
0.67399268	-14.16168487
0.68131869	-14.74189282
0.68864469	-15.35672275
0.69597070	-15.86806316
0.70329671	-16.69139935
0.71062272	-17.19999078
0.71794872	-17.61039101
0.72527473	-18.37899847
0.73260074	-18.79959944
0.73992675	-19.38767502
0.74725275	-20.68410385
0.75457876	-21.49280171
0.76190477	-21.51255167
0.76923078	-21.81768759
0.77655678	-22.50749559
0.78388279	-23.17990569
0.79120880	-23.77015092
0.79853481	-24.47123059
0.80586081	-25.20962038
0.81318682	-25.79561170
0.82051283	-26.41925322
0.82783884	-27.09037652
0.83516484	-27.59715469
0.84249085	-28.24138684
0.84981686	-28.99920642
0.85714286	-29.60552900
0.86446887	-30.26915984
0.87179488	-30.75048912
0.87912089	-31.17495688
0.88644689	-31.86597422
0.89377290	-32.50006221
0.90109891	-33.37080979
0.90842492	-34.16573356
0.91575092	-34.39708225
0.92307693	-35.17236695
0.93040294	-36.30582362
0.93772895	-36.95715421
0.94505495	-37.48965061
0.95238096	-38.04090353
0.95970697	-38.90535057
0.96703298	-39.85610625
0.97435898	-40.63470374
0.98168499	-41.78236692
0.98901100	-42.76867731
0.99633701	-43.47796666
1.00366301	-44.32753776
1.01098902	-45.26152765
1.01831503	-46.51853427
1.02564103	-47.06123060
1.03296704	-47.11461779
1.04029305	-48.02552403
1.04761906	-48.77880577
1.05494506	-49.13763580
1.06227107	-50.72593377
1.06959708	-52.80961608
1.07692309	-52.39328663
1.08424909	-52.79208775
1.09157510	-56.62187282
1.09890111	-59.47041478
1.10622712	-58.08451355
1.11355312	-59.23119818
1.12087913	-58.62906281
1.12820514	-58.19981601
1.13553115	-58.78972428
1.14285715	-57.76244714
1.15018316	-60.70669434
1.15750917	-66.08590418
1.16483518	-65.49911865
1.17216118	-72.89975794
1.17948719	-67.17079679
1.18681320	-63.82696340
1.19413920	-68.81437426
1.20146521	-66.61971215
1.20879122	-66.40982926
1.21611723	-77.27377044
1.22344323	-67.39218653
1.23076924	-67.65002702
1.23809525	-74.51670942
1.24542126	-67.74793488
1.25274726	-68.88350238
1.26007327	-86.80137705
1.26739928	-70.77867212
1.27472529	-66.65689926
1.28205129	-67.28392499
1.28937730	-73.82954719
1.29670331	-78.15982104
1.30402932	-71.83810572
1.31135532	-70.36131372
1.31868133	-71.05580397
1.32600734	-75.99684889
1.33333335	-76.70603787
1.34065935	-74.20042592
1.34798536	-76.16198084
1.35531137	-80.96592232
1.36263737	-94.21536478
1.36996338	-81.33595772
1.37728939	-76.28335635
1.38461540	-75.11979725
1.39194140	-78.20359180
1.39926741	-82.04132472
1.40659342	-84.82414961
1.41391943	-78.11021616
1.42124543	-85.67848982
1.42857144	-82.13415658
1.43589745	-75.15573937
1.44322346	-72.14468025
1.45054946	-82.04286975
1.45787547	-76.88702650
1.46520148	-85.84185160
1.47252749	-78.01792655
1.47985349	-84.42635013
1.48717950	-75.28918360
1.49450551	-75.86596639
1.50183152	-82.46016006
1.50915752	-73.66175751
1.51648353	-71.25376019
1.52380954	-73.11587769
1.53113554	-84.29861736
1.53846155	-77.79840155
1.54578756	-80.53560445
1.55311357	-81.58236938
1.56043957	-86.87200945
1.56776558	-86.58720290
1.57509159	-80.46962138
1.58241760	-76.78828088
1.58974360	-74.41040025
1.59706961	-79.82577689
1.60439562	-77.80683191
1.61172163	-75.86881423
1.61904763	-81.44586467
1.62637364	-90.59352949
1.63369965	-85.59937287
1.64102566	-84.07982915
1.64835166	-79.96874882
1.65567767	-86.95327062
1.66300368	-76.38812056
1.67032969	-81.98138735
1.67765569	-81.09106601
1.68498170	-82.93579532
1.69230771	-81.86484889
1.69963371	-75.74813479
1.70695972	-72.91673290
1.71428573	-76.43556595
1.72161174	-83.95094860
1.72893774	-77.05331956
1.73626375	-90.02019536
1.74358976	-77.10325715
1.75091577	-82.14681914
1.75824177	-79.73689176
1.76556778	-73.82906698
1.77289379	-74.92411679
1.78021980	-76.49207873
1.78754580	-77.44675558
1.79487181	-80.62399142
1.80219782	-78.00154278
1.80952383	-79.30936258
1.81684983	-83.47696001
1.82417584	-85.53126063
1.83150185	-83.63795973
1.83882785	-81.66397291
1.84615386	-85.76608192
1.85347987	-82.75810476
1.86080588	-82.05185126
1.86813188	-76.78908644
1.87545789	-81.82687542
1.88278390	-72.92637276
1.89010991	-72.08253406
1.89743591	-74.75759736
1.90476192	-73.76497862
1.91208793	-75.66021900
1.91941394	-80.04974041
1.92673994	-78.32805945
1.93406595	-84.27662844
1.94139196	-80.54034949
1.94871797	-90.21721160
1.95604397	-94.61420353
1.96336998	-78.39629850
1.97069599	-77.03727154
1.97802200	-79.68077267
1.98534800	-74.76629382
1.99267401	-80.95087243
2.00000002	-81.21210473
2.00732602	-87.85604999
2.01465203	-79.72969940
2.02197804	-73.41191090
2.02930405	-73.80616033
2.03663005	-80.72061410
2.04395606	-99.26380019
2.05128207	-88.85934828
2.05860808	-79.62451559
2.06593408	-79.36583399
2.07326009	-84.09951626
2.08058610	-79.42102665
2.08791211	-78.28995104
2.09523811	-76.63777750
2.10256412	-74.04687649
2.10989013	-72.98663761
2.11721614	-77.23737675
2.12454214	-77.24926696
2.13186815	-78.50362842
2.13919416	-94.31483325
2.14652017	-97.09009827
2.15384617	-78.59950174
2.16117218	-78.38348066
2.16849819	-84.56769273
2.17582419	-74.44692404
2.18315020	-78.88525050
2.19047621	-87.23640976
2.19780222	-80.78523789
2.20512822	-75.66623456
2.21245423	-75.35997142
2.21978024	-76.32634202
2.22710625	-77.18962135
2.23443225	-79.07564284
2.24175826	-81.83497636
2.24908427	-72.98304267
2.25641028	-71.61990494
2.26373628	-80.46118199
2.27106229	-85.24558255
2.27838830	-93.17265572
2.28571431	-79.68037697
2.29304031	-80.57539563
2.30036632	-79.95042678
2.30769233	-76.35375725
2.31501834	-82.76642113
2.32234434	-84.96806104
2.32967035	-80.36876824
2.33699636	-76.29462388
2.34432236	-78.48191914
2.35164837	-90.15483349
2.35897438	-86.19394795
2.36630039	-83.80853458
2.37362639	-77.50496061
2.38095240	-77.87884632
2.38827841	-78.12172311
2.39560442	-76.53724484
2.40293042	-78.00074680
2.41025643	-83.23469718
2.41758244	-78.14999121
2.42490845	-82.39071008
2.43223445	-82.02487541
2.43956046	-77.97353084
2.44688647	-80.10748537
2.45421248	-86.80877890
2.46153848	-78.59932276
2.46886449	-73.39465564
2.47619050	-76.36238382
2.48351651	-82.57031069
2.49084251	-81.86374856
2.49816852	-83.32365101
2.50549453	-87.68620304
2.51282053	-83.64510071
2.52014654	-78.27690256
2.52747255	-77.10355115
2.53479856	-86.28934459
2.54212456	-87.93230259
2.54945057	-82.98618857
2.55677658	-73.33404455
2.56410259	-72.95961148
2.57142859	-76.95571584
2.57875460	-88.36754115
2.58608061	-77.36257599
2.59340662	-76.44144197
2.60073262	-82.02866778
2.60805863	-95.49256517
2.61538464	-79.31065260
2.62271065	-77.86435522
2.63003665	-79.88117909
2.63736266	-82.16582508
2.64468867	-81.88799415
2.65201468	-80.68875305
2.65934068	-83.22322781
2.66666669	-84.68075310
2.67399270	-81.55075921
2.68131870	-75.49866445
2.68864471	-76.72046255
2.69597072	-78.81439817
2.70329673	-75.65094318
2.71062273	-81.83685410
2.71794874	-81.18945650
2.72527475	-75.55319114
2.73260076	-75.25630483
2.73992676	-79.11950526
2.74725277	-80.55665106
2.75457878	-85.47381791
2.76190479	-86.95170404
2.76923079	-88.13361726
2.77655680	-78.37163757
2.78388281	-77.85462682
2.79120882	-84.33271533
2.79853482	-80.75445722
2.80586083	-94.47053199
2.81318684	-79.05170690
2.82051285	-78.39375173
2.82783885	-78.46382785
2.83516486	-74.02000566
2.84249087	-72.53284846
2.84981687	-75.92724363
2.85714288	-82.11195819
2.86446889	-86.94073630
2.87179490	-92.85231953
2.87912090	-96.26013367
2.88644691	-88.31034646
2.89377292	-78.23107544
2.90109893	-72.79169047
2.90842493	-74.81314746
2.91575094	-82.41486999
2.92307695	-73.83256078
2.93040296	-77.12404192
2.93772896	-95.04880184
2.94505497	-88.76273610
2.95238098	-78.27752028
2.95970699	-76.78969513
2.96703299	-75.08612751
2.97435900	-74.39840427
2.98168501	-81.77013393
2.98901102	-97.63898840
2.99633702	-87.96125134
3.00366303	-76.71008422
3.01098904	-74.03700676
3.01831504	-76.03597622
3.02564105	-78.60130793
3.03296706	-78.39871262
3.04029307	-83.62730776
3.04761907	-79.41127646
3.05494508	-77.87306354
3.06227109	-78.45883035
3.06959710	-78.55784042
3.07692310	-80.60112866
3.08424911	-94.20701484
3.09157512	-86.32365654
3.09890113	-88.64827243
3.10622713	-85.09846398
3.11355314	-81.61240908
3.12087915	-83.95647996
3.12820516	-80.18319529
3.13553116	-80.56444276
3.14285717	-95.65303732
3.15018318	-86.31290612
3.15750919	-81.66871853
3.16483519	-79.44644948
3.17216120	-78.64618961
3.17948721	-77.91390627
3.18681321	-81.91207064
3.19413922	-95.14851023
3.20146523	-83.38294557
3.20879124	-85.78396875
3.21611724	-82.22999698
3.22344325	-78.28798825
3.23076926	-81.51934837
3.23809527	-91.22425702
3.24542127	-82.10428494
3.25274728	-78.89781938
3.26007329	-81.89211147
3.26739930	-75.22913290
3.27472530	-84.09535204
3.28205131	-76.88670900
3.28937732	-81.43346576
3.29670333	-77.11568984
3.30402933	-76.68388603
3.31135534	-78.33485047
3.31868135	-78.59531869
3.32600736	-78.87991841
3.33333336	-76.58561542
3.34065937	-84.43585849
3.34798538	-75.89128155
3.35531138	-76.12417789
3.36263739	-76.56301856
3.36996340	-85.50814072
3.37728941	-83.07149463
3.38461541	-78.82505851
3.39194142	-78.19871454
3.39926743	-77.82586182
3.40659344	-79.94400773
3.41391944	-88.00197497
3.42124545	-74.83633575
3.42857146	-75.26106717
3.43589747	-84.43222088
3.44322347	-90.32712684
3.45054948	-86.94095300
3.45787549	-95.59700087
3.46520150	-85.76413274
3.47252750	-89.94694350
3.47985351	-78.70019634
3.48717952	-77.04938537
3.49450553	-78.29498551
3.50183153	-80.02338350
3.50915754	-79.57715009
3.51648355	-83.14184115
3.52380955	-96.56808390
3.53113556	-81.14081043
3.53846157	-77.87670131
3.54578758	-78.82075582
3.55311358	-85.23040055
3.56043959	-83.42043878
3.56776560	-93.82561789
3.57509161	-82.83564489
3.58241761	-81.98477497
3.58974362	-95.90704507
3.59706963	-84.86155290
3.60439564	-87.30123043
3.61172164	-89.31644132
3.61904765	-95.42920459
3.62637366	-83.60732290
3.63369967	-89.22528279
3.64102567	-79.89069973
3.64835168	-73.21273866
3.65567769	-75.64098123
3.66300370	-91.77620895
3.67032970	-81.12811420
3.67765571	-81.30217430
3.68498172	-73.39811521
3.69230772	-78.05571971
3.69963373	-82.27622729
3.70695974	-78.18818731
3.71428575	-81.80415737
3.72161175	-73.41619077
3.72893776	-74.98858600
3.73626377	-86.44365459
3.74358978	-96.49813699
3.75091578	-91.67003667
3.75824179	-92.38550864
3.76556780	-77.25669443
3.77289381	-73.89197220
3.78021981	-80.07641316
3.78754582	-82.09652092
3.79487183	-81.05625775
3.80219784	-83.77209994
3.80952384	-85.35187287
3.81684985	-79.23661365
3.82417586	-79.40450861
3.83150187	-85.27282927
3.83882787	-80.44058176
3.84615388	-77.89165075
3.85347989	-75.00054212
3.86080589	-75.34993339
3.86813190	-74.75730563
3.87545791	-78.90355910
3.88278392	-88.15484590
3.89010992	-84.39311736
3.89743593	-81.30008068
3.90476194	-78.98225835
3.91208795	-75.29521380
3.91941395	-77.02999912
3.92673996	-81.49197029
3.93406597	-83.70061943
3.94139198	-79.82247602
3.94871798	-78.99147363
3.95604399	-82.88192376
3.96337000	-83.45831185
3.97069601	-86.48959655
3.97802201	-83.48825786
3.98534802	-77.76917543
3.99267403	-83.22813700
4.00000004	-82.10653269
4.00732604	-87.69690294
4.01465205	-82.95518042
4.02197806	-85.95682317
4.02930406	-79.61797840
4.03663007	-74.37230864
4.04395608	-79.29432874
4.05128209	-95.03120735
4.05860809	-86.47259955
4.06593410	-86.52031509
4.07326011	-83.10443530
4.08058612	-86.41839558
4.08791212	-94.96708865
4.09523813	-90.84230225
4.10256414	-86.90646318
4.10989015	-85.03294642
4.11721615	-77.50607353
4.12454216	-76.37879924
4.13186817	-82.99027308
4.13919418	-86.82234610
4.14652018	-82.66857591
4.15384619	-83.99820328
4.16117220	-90.56293562
4.16849821	-78.48741198
4.17582421	-74.70687795
4.18315022	-78.65940778
4.19047623	-86.62863367
4.19780223	-83.87905702
4.20512824	-90.33594037
4.21245425	-85.20423179
4.21978026	-93.60763037
4.22710626	-82.49322825
4.23443227	-76.30925298
4.24175828	-75.45261145
4.24908429	-77.09680606
4.25641029	-84.59058235
4.26373630	-87.98829227
4.27106231	-85.78471549
4.27838832	-82.37168046
4.28571432	-82.33162759
4.29304033	-95.62671993
4.30036634	-88.17271102
4.30769235	-84.50680274
4.31501835	-79.26059115
4.32234436	-83.50476340
4.32967037	-83.49737686
4.33699638	-93.92002986
4.34432238	-78.44051341
4.35164839	-73.14862574
4.35897440	-72.74249119
4.36630040	-76.86481916
4.37362641	-87.22168525
4.38095242	-85.75853653
4.38827843	-82.24091533
4.39560443	-79.07463708
4.40293044	-82.43112944
4.41025645	-82.58602688
4.41758246	-76.42084744
4.42490846	-73.22632510
4.43223447	-76.37227471
4.43956048	-80.95199551
4.44688649	-81.99985953
4.45421249	-92.20506221
4.46153850	-92.32240726
4.46886451	-82.87467602
4.47619052	-77.01512683
4.48351652	-82.16492746
4.49084253	-78.72302678
4.49816854	-77.78242920
4.50549455	-94.07292129
4.51282055	-76.97265690
4.52014656	-78.84040299
4.52747257	-79.09013734
4.53479857	-83.67259425
4.54212458	-84.73174312
4.54945059	-86.41547275
4.55677660	-80.62757169
4.56410260	-76.81741251
4.57142861	-81.14206448
4.57875462	-77.87820470
4.58608063	-76.82521493
4.59340663	-82.97454617
4.60073264	-110.53200305
4.60805865	-103.29279842
4.61538466	-82.18101429
4.62271066	-75.87007066
4.63003667	-76.01319856
4.63736268	-80.47441000
4.64468869	-86.06396537
4.65201469	-87.46018830
4.65934070	-84.96766567
4.66666671	-78.91985470
4.67399272	-75.39653572
4.68131872	-78.54466870
4.68864473	-81.24495430
4.69597074	-78.36555774
4.70329674	-81.53051669
4.71062275	-82.55509114
4.71794876	-79.84279942
4.72527477	-78.37267201
4.73260077	-80.39991496
4.73992678	-86.00156815
4.74725279	-84.26146275
4.75457880	-85.13786889
4.76190480	-79.84695921
4.76923081	-76.75795648
4.77655682	-75.53638552
4.78388283	-80.68321060
4.79120883	-78.55402776
4.79853484	-77.93146232
4.80586085	-85.47894606
4.81318686	-76.24333875
4.82051286	-97.59361051
4.82783887	-73.78017547
4.83516488	-74.03944639
4.84249089	-85.72570400
4.84981689	-75.44150164
4.85714290	-75.37344807
4.86446891	-77.62479517
4.87179491	-76.74516731
4.87912092	-77.78928293
4.88644693	-97.80148242
4.89377294	-77.81983799
4.90109894	-77.92057057
4.90842495	-86.01221438
4.91575096	-81.66704192
4.92307697	-81.29228732
4.93040297	-90.23253934
4.93772898	-81.06691617
4.94505499	-79.77765436
4.95238100	-87.20920166
4.95970700	-90.66237140
4.96703301	-81.82913078
4.97435902	-76.53666138
4.98168503	-82.08412452
4.98901103	-81.17544321
4.99633704	-82.47106730
5.00366305	-80.04428314
5.01098906	-76.27531403
5.01831506	-84.04733061
5.02564107	-83.82414408
5.03296708	-79.99157292
5.04029308	-81.51239190
5.04761909	-79.60363403
5.05494510	-77.00182370
5.06227111	-77.55987386
5.06959711	-85.92220422
5.07692312	-87.59760442
5.08424913	-85.10239127
5.09157514	-77.68159032
5.09890114	-80.18969278
5.10622715	-89.12966176
5.11355316	-84.27889455
5.12087917	-81.69176558
5.12820517	-85.86559783
5.13553118	-101.91827863
5.14285719	-87.53803088
5.15018320	-84.99257380
5.15750920	-85.69403065
5.16483521	-84.62257752
5.17216122	-94.24284194
5.17948722	-81.16204160
5.18681323	-77.92507874
5.19413924	-80.91961234
5.20146525	-88.04045072
5.20879125	-80.13691422
5.21611726	-78.57487452
5.22344327	-85.38191192
5.23076928	-93.06755482
5.23809528	-86.68628851
5.24542129	-89.33688506
5.25274730	-83.69657664
5.26007331	-80.05364281
5.26739931	-78.11674377
5.27472532	-82.19732631
5.28205133	-81.58181721
5.28937734	-79.68307290
5.29670334	-81.92522117
5.30402935	-76.55953065
5.31135536	-79.24553529
5.31868137	-90.73414106
5.32600737	-84.58276472
5.33333338	-82.31143186
5.34065939	-77.10764476
5.34798539	-76.55766989
5.35531140	-80.99696718
5.36263741	-76.50245466
5.36996342	-76.54969393
5.37728942	-79.48690575
5.38461543	-77.17115660
5.39194144	-77.14628556
5.39926745	-81.59675057
5.40659345	-88.84917308
5.41391946	-90.81450384
5.42124547	-81.49499833
5.42857148	-80.66850849
5.43589748	-85.83271750
5.44322349	-77.43343068
5.45054950	-77.36575843
5.45787551	-85.13340772
5.46520151	-79.86461890
5.47252752	-81.49927390
5.47985353	-86.19146648
5.48717954	-77.04673179
5.49450554	-79.35689655
5.50183155	-94.41628604
5.50915756	-80.88896337
5.51648356	-83.32827950
5.52380957	-86.13676231
5.53113558	-91.32925278
5.53846159	-86.57903316
5.54578759	-79.22107373
5.55311360	-79.44939912
5.56043961	-85.11657196
5.56776562	-78.68803967
5.57509162	-84.02674117
5.58241763	-85.81196004
5.58974364	-80.58154520
5.59706965	-82.53819649
5.60439565	-85.69616324
5.61172166	-90.91820899
5.61904767	-106.60815026
5.62637368	-90.74394878
5.63369968	-94.93603783
5.64102569	-83.12591879
5.64835170	-80.45242070
5.65567771	-83.39735777
5.66300371	-84.20764120
5.67032972	-84.47620693
5.67765573	-83.35034618
5.68498173	-79.05819742
5.69230774	-88.02743308
5.69963375	-81.23522340
5.70695976	-86.51360995
5.71428576	-79.33806791
5.72161177	-75.96826170
5.72893778	-79.48718084
5.73626379	-80.74027074
5.74358979	-81.62223892
5.75091580	-81.77340296
5.75824181	-86.79234167
5.76556782	-80.97592950
5.77289382	-84.06970613
5.78021983	-83.33976699
5.78754584	-75.21328209
5.79487185	-79.69764150
5.80219785	-80.16978870
5.80952386	-75.15315237
5.81684987	-78.70913799
5.82417588	-84.14564925
5.83150188	-87.37437879
5.83882789	-88.47787052
5.84615390	-84.11201204
5.85347990	-95.25756802
5.86080591	-83.85456552
5.86813192	-86.26800457
5.87545793	-90.56640927
5.88278393	-82.61416917
5.89010994	-77.08927276
5.89743595	-78.16772017
5.90476196	-80.63143758
5.91208796	-79.92126091
5.91941397	-80.05190283
5.92673998	-82.21502814
5.93406599	-83.46236883
5.94139199	-80.07330984
5.94871800	-83.22668790
5.95604401	-86.02623904
5.96337002	-97.95147590
5.97069602	-87.53298600
5.97802203	-106.02197185
5.98534804	-87.23746696
5.99267405	-88.33735878
6.00000005	-83.90659775
6.00732606	-81.69044223
6.01465207	-88.86374382
6.02197807	-82.87149654
6.02930408	-87.08188604
6.03663009	-73.57985903
6.04395610	-74.88096652
6.05128210	-81.47664787
6.05860811	-73.88923571
6.06593412	-76.16143703
6.07326013	-84.11903289
6.08058613	-88.97142286
6.08791214	-89.24527329
6.09523815	-86.46697311
6.10256416	-81.00230857
6.10989016	-84.57303351
6.11721617	-81.13298230
6.12454218	-81.43150234
6.13186819	-81.80991844
6.13919419	-81.69003620
6.14652020	-80.72588651
6.15384621	-78.48457472
6.16117222	-83.83034083
6.16849822	-87.12440828
6.17582423	-83.73476564
6.18315024	-79.74717997
6.19047624	-77.21541723
6.19780225	-84.52658781
6.20512826	-91.23992825
6.21245427	-87.47730597
6.21978027	-77.05822667
6.22710628	-77.57975347
6.23443229	-84.54333512
6.24175830	-87.19484412
6.24908430	-84.19169478
6.25641031	-90.85144232
6.26373632	-85.84986898
6.27106233	-86.32404607
6.27838833	-78.29050788
6.28571434	-78.79958203
6.29304035	-80.17057464
6.30036636	-79.60318286
6.30769236	-87.81466721
6.31501837	-81.42304263
6.32234438	-99.44395055
6.32967039	-78.47348066
6.33699639	-77.38892724
6.34432240	-76.62306217
6.35164841	-75.01188473
6.35897441	-89.47815721
6.36630042	-77.08497379
6.37362643	-79.21295082
6.38095244	-93.70916764
6.38827844	-89.47704427
6.39560445	-82.24593996
6.40293046	-83.44239882
6.41025647	-87.90221786
6.41758247	-84.64999207
6.42490848	-76.30197595
6.43223449	-78.12462597
6.43956050	-79.79644645
6.44688650	-81.45866870
6.45421251	-86.88889153
6.46153852	-85.48251166
6.46886453	-93.06814959
6.47619053	-102.45343344
6.48351654	-97.60467708
6.49084255	-86.77788540
6.49816856	-84.60757767
6.50549456	-101.67339427
6.51282057	-84.97465918
6.52014658	-94.09170561
6.52747258	-77.45245827
6.53479859	-77.90528029
6.54212460	-95.25470800
6.54945061	-80.78074423
6.55677661	-78.91724859
6.56410262	-90.30974284
6.57142863	-81.66957688
6.57875464	-79.25491353
6.58608064	-83.27573233
6.59340665	-85.19256876
6.60073266	-82.90252458
6.60805867	-90.65157007
6.61538467	-79.58285736
6.62271068	-83.89457572
6.63003669	-80.04298101
6.63736270	-74.25976913
6.64468870	-77.11845225
6.65201471	-88.82414243
6.65934072	-86.42504332
6.66666673	-81.71186687
6.67399273	-78.32407059
6.68131874	-78.56941451
6.68864475	-78.96553041
6.69597075	-81.74330910
6.70329676	-83.35346211
6.71062277	-77.04665693
6.71794878	-81.25626570
6.72527478	-86.08775370
6.73260079	-82.79593241
6.73992680	-84.17051293
6.74725281	-83.08200144
6.75457881	-88.83579990
6.76190482	-91.67402444
6.76923083	-80.34222675
6.77655684	-76.03300411
6.78388284	-77.47950052
6.79120885	-85.63620051
6.79853486	-96.56394294
6.80586087	-85.44366625
6.81318687	-79.47730869
6.82051288	-80.63042497
6.82783889	-82.82558252
6.83516490	-74.12134017
6.84249090	-74.12299986
6.84981691	-86.42888751
6.85714292	-81.67652856
6.86446892	-81.63069213
6.87179493	-85.99259181
6.87912094	-80.68498033
6.88644695	-86.62949574
6.89377295	-81.92647258
6.90109896	-78.13832278
6.90842497	-78.03974610
6.91575098	-78.58388859
6.92307698	-87.73901551
6.93040299	-78.68193898
6.93772900	-83.06620030
6.94505501	-81.11562001
6.95238101	-82.59855556
6.95970702	-90.13677565
6.96703303	-82.73788630
6.97435904	-81.64555196
6.98168504	-90.00477883
6.98901105	-87.47653788
6.99633706	-90.18872558
7.00366307	-80.30913272
7.01098907	-80.17607834
7.01831508	-86.62449163
7.02564109	-77.66264034
7.03296709	-83.12484770
7.04029310	-81.42756398
7.04761911	-81.08582261
7.05494512	-83.81092977
7.06227112	-89.93834922
7.06959713	-95.41844488
7.07692314	-78.72494700
7.08424915	-77.07909885
7.09157515	-91.63791632
7.09890116	-74.42671725
7.10622717	-77.21212706
7.11355318	-88.55475159
7.12087918	-85.84250683
7.12820519	-96.76478505
7.13553120	-88.28923269
7.14285721	-83.92161509
7.15018321	-106.60637774
7.15750922	-83.33083779
7.16483523	-92.67015993
7.17216124	-89.38477380
7.17948724	-89.74503375
7.18681325	-84.84517434
7.19413926	-77.32904378
7.20146526	-76.44363238
7.20879127	-86.71163262
7.21611728	-87.49244708
7.22344329	-96.71712029
7.23076929	-85.78319970
7.23809530	-82.79857412
7.24542131	-76.35775979
7.25274732	-76.75097846
7.26007332	-81.42868250
7.26739933	-77.63762221
7.27472534	-90.87088502
7.28205135	-78.55170916
7.28937735	-85.09810795
7.29670336	-77.34116200
7.30402937	-75.57867401
7.31135538	-83.24248874
7.31868138	-79.81145766
7.32600739	-80.68014482
7.33333340	-87.56249999
7.34065941	-90.35105987
7.34798541	-78.38599252
7.35531142	-76.77046466
7.36263743	-88.43216554
7.36996343	-88.43092509
7.37728944	-91.18605074
7.38461545	-82.26593856
7.39194146	-87.17730554
7.39926746	-89.70869523
7.40659347	-88.57624935
7.41391948	-91.06677534
7.42124549	-77.16501525
7.42857149	-74.94287363
7.43589750	-80.53737962
7.44322351	-83.13800505
7.45054952	-79.35968315
7.45787552	-86.29696325
7.46520153	-75.40372123
7.47252754	-75.09131911
7.47985355	-85.93530174
7.48717955	-83.18377910
7.49450556	-90.38411724
7.50183157	-83.39012015
7.50915758	-80.53583168
7.51648358	-81.52507644
7.52380959	-79.45572658
7.53113560	-78.47182801
7.53846160	-86.54911320
7.54578761	-83.18862130
7.55311362	-77.61768176
7.56043963	-81.41520160
7.56776563	-91.16090616
7.57509164	-80.65123799
7.58241765	-82.80156478
7.58974366	-92.68290831
7.59706966	-102.08932090
7.60439567	-83.26304871
7.61172168	-75.85336115
7.61904769	-77.09797155
7.62637369	-90.36938162
7.63369970	-89.43613224
7.64102571	-91.62691426
7.64835172	-86.13474322
7.65567772	-102.29803801
7.66300373	-90.96298458
7.67032974	-86.09069409
7.67765575	-90.61215029
7.68498175	-81.42149537
7.69230776	-78.61874077
7.69963377	-83.07152564
7.70695977	-80.76742839
7.71428578	-84.11234190
7.72161179	-92.92114746
7.72893780	-89.74145598
7.73626380	-81.22353725
7.74358981	-82.04389225
7.75091582	-91.90090145
7.75824183	-77.51152980
7.76556783	-79.88158575
7.77289384	-83.21595014
7.78021985	-78.50818471
7.78754586	-79.87331736
7.79487186	-80.03417375
7.80219787	-89.33902607
7.80952388	-81.47991793
7.81684989	-87.99063356
7.82417589	-82.80079073
7.83150190	-84.30937512
7.83882791	-85.40292795
7.84615392	-83.06426611
7.85347992	-82.36853830
7.86080593	-83.72708172
7.86813194	-89.44837817
7.87545794	-81.55250446
7.88278395	-86.34233248
7.89010996	-93.15376176
7.89743597	-92.23668565
7.90476197	-82.92796782
7.91208798	-83.03439840
7.91941399	-82.86502422
7.92674000	-88.99700255
7.93406600	-82.85890837
7.94139201	-80.87438052
7.94871802	-91.44712913
7.95604403	-91.76570927
7.96337003	-83.07994851
7.97069604	-79.92839225
7.97802205	-91.23648857
7.98534806	-84.87517631
7.99267406	-78.04599523
8.00000007	-77.41103172
8.00732608	-83.63529475
8.01465209	-77.95285003
8.02197809	-82.43811044
8.02930410	-85.10987015
8.03663011	-82.19126510
8.04395611	-84.01592663
8.05128212	-89.22885470
8.05860813	-84.79978898
8.06593414	-81.71607812
8.07326014	-83.99297550
8.08058615	-87.15610650
8.08791216	-78.58652180
8.09523817	-77.48549178
8.10256417	-80.05325328
8.10989018	-99.35937475
8.11721619	-82.77380497
8.12454220	-89.11621415
8.13186820	-83.25601242
8.13919421	-82.63854530
8.14652022	-84.07789167
8.15384623	-81.70878915
8.16117223	-96.96135718
8.16849824	-80.88492549
8.17582425	-82.72068365
8.18315026	-80.41127505
8.19047626	-78.39012767
8.19780227	-83.86109088
8.20512828	-82.05513911
8.21245428	-85.72912221
8.21978029	-81.07425133
8.22710630	-77.70068750
8.23443231	-77.83901944
8.24175831	-77.41101879
8.24908432	-81.68833091
8.25641033	-88.74065497
8.26373634	-90.89762992
8.27106234	-85.15308046
8.27838835	-81.62948977
8.28571436	-90.84074474
8.29304037	-78.25526806
8.30036637	-74.13114574
8.30769238	-78.22220084
8.31501839	-86.85009205
8.32234440	-81.18479605
8.32967040	-83.76359085
8.33699641	-81.52718149
8.34432242	-90.74172959
8.35164843	-83.35822861
8.35897443	-82.75682689
8.36630044	-87.98459878
8.37362645	-87.61691786
8.38095245	-85.97847216
8.38827846	-81.51712174
8.39560447	-81.39340324
8.40293048	-87.56944594
8.41025648	-92.80229083
8.41758249	-89.30578775
8.42490850	-89.41451794
8.43223451	-92.89204877
8.43956051	-90.11430853
8.44688652	-90.82696706
8.45421253	-85.26384209
8.46153854	-82.82537651
8.46886454	-97.73155102
8.47619055	-76.66626458
8.48351656	-76.23676859
8.49084257	-82.81423253
8.49816857	-80.15861611
8.50549458	-84.81030904
8.51282059	-74.28125582
8.52014659	-76.33586075
8.52747260	-93.92037618
8.53479861	-85.36218984
8.54212462	-91.20410639
8.54945062	-82.77258629
8.55677663	-79.25763530
8.56410264	-84.11418025
8.57142865	-86.84092909
8.57875465	-90.41654888
8.58608066	-84.66837005
8.59340667	-99.96749868
8.60073268	-85.70310519
8.60805868	-80.46823822
8.61538469	-82.97935798
8.62271070	-83.00440432
8.63003671	-77.34420626
8.63736271	-79.16790147
8.64468872	-76.61733254
8.65201473	-91.24797360
8.65934074	-78.30452566
8.66666674	-80.45308425
8.67399275	-90.27754752
8.68131876	-86.53843785
8.68864476	-80.37230973
8.69597077	-81.22239158
8.70329678	-83.84306176
8.71062279	-84.47155616
8.71794879	-83.89494124
8.72527480	-81.12014891
8.73260081	-91.51565122
8.73992682	-76.98885099
8.74725282	-75.21359782
8.75457883	-78.72871734
8.76190484	-76.78399756
8.76923085	-76.39197459
8.77655685	-85.38260207
8.78388286	-84.73380412
8.79120887	-84.89266754
8.79853488	-91.59802504
8.80586088	-82.71311859
8.81318689	-75.71555632
8.82051290	-78.43004863
8.82783891	-106.58932973
8.83516491	-82.41898194
8.84249092	-77.82521315
8.84981693	-82.47629057
8.85714293	-76.50991668
8.86446894	-78.15341829
8.87179495	-89.29360567
8.87912096	-79.30910626
8.88644696	-83.65858981
8.89377297	-89.89828582
8.90109898	-81.22106921
8.90842499	-85.44876148
8.91575099	-82.42332488
8.92307700	-78.10452693
8.93040301	-87.24403182
8.93772902	-85.94465927
8.94505502	-86.30600262
8.95238103	-90.27845826
8.95970704	-81.79737520
8.96703305	-78.39498701
8.97435905	-79.96243334
8.98168506	-81.96331744
8.98901107	-81.12289767
8.99633708	-86.48983403
9.00366308	-100.74086551
9.01098909	-84.65620400
9.01831510	-76.46156292
9.02564110	-76.67434919
9.03296711	-85.09217314
9.04029312	-82.44565661
9.04761913	-86.51560252
9.05494513	-79.96120461
9.06227114	-81.34068456
9.06959715	-89.86327251
9.07692316	-87.74207419
9.08424916	-91.46078565
9.09157517	-79.62063104
9.09890118	-76.87561181
9.10622719	-78.17806058
9.11355319	-83.39614744
9.12087920	-87.23473053
9.12820521	-84.56094672
9.13553122	-81.00331146
9.14285722	-89.90392932
9.15018323	-93.99105501
9.15750924	-88.82453864
9.16483525	-79.11861423
9.17216125	-78.70085831
9.17948726	-80.04466238
9.18681327	-84.88269637
9.19413927	-87.62786199
9.20146528	-80.44933857
9.20879129	-79.89357453
9.21611730	-89.23878342
9.22344330	-89.56695360
9.23076931	-87.57180679
9.23809532	-80.73953609
9.24542133	-78.23779740
9.25274733	-82.88908447
9.26007334	-81.92811319
9.26739935	-78.03595726
9.27472536	-82.42018567
9.28205136	-80.11394356
9.28937737	-80.32102571
9.29670338	-82.57777435
9.30402939	-81.65574334
9.31135539	-86.45800168
9.31868140	-90.11871083
9.32600741	-91.74419214
9.33333342	-83.11976157
9.34065942	-81.39328247
9.34798543	-98.14159855
9.35531144	-80.38960796
9.36263744	-80.48896610
9.36996345	-78.24620730
9.37728946	-75.93969999
9.38461547	-78.29643832
9.39194147	-89.12260092
9.39926748	-79.98186026
9.40659349	-81.55798954
9.41391950	-93.40546697
9.42124550	-86.04709346
9.42857151	-91.25083516
9.43589752	-82.71036023
9.44322353	-82.43266579
9.45054953	-82.05625417
9.45787554	-79.10756907
9.46520155	-85.79464972
9.47252756	-88.42142339
9.47985356	-82.31122284
9.48717957	-81.99346555
9.49450558	-88.49421848
9.50183159	-83.78814584
9.50915759	-77.61380060
9.51648360	-77.73215084
9.52380961	-80.25198599
9.53113561	-93.65941169
9.53846162	-79.51161236
9.54578763	-81.66605161
9.55311364	-81.09748336
9.56043964	-82.46792602
9.56776565	-83.33183808
9.57509166	-77.39858629
9.58241767	-85.34663337
9.58974367	-89.63440145
9.59706968	-91.27868542
9.60439569	-84.47130588
9.61172170	-82.95534992
9.61904770	-89.33546239
9.62637371	-83.09026142
9.63369972	-76.89040665
9.64102573	-75.16848384
9.64835173	-76.32335937
9.65567774	-82.70710943
9.66300375	-82.54188317
9.67032976	-77.33057797
9.67765576	-78.85665065
9.68498177	-75.11936822
9.69230778	-83.82062822
9.69963378	-78.14155639
9.70695979	-76.36560937
9.71428580	-82.22836212
9.72161181	-82.61343163
9.72893781	-96.36340689
9.73626382	-82.59353773
9.74358983	-89.66452510
9.75091584	-83.97234526
9.75824184	-93.30980879
9.76556785	-81.36357661
9.77289386	-78.91447758
9.78021987	-83.54032687
9.78754587	-78.04145871
9.79487188	-78.57657216
9.80219789	-86.67188613
9.80952390	-90.17075509
9.81684990	-104.36790533
9.82417591	-84.37329126
9.83150192	-81.90162680
9.83882793	-92.50143958
9.84615393	-77.55335297
9.85347994	-78.54332573
9.86080595	-91.93615557
9.86813195	-93.43675165
9.87545796	-87.08625664
9.88278397	-86.78639349
9.89010998	-80.94614781
9.89743598	-76.13880415
9.90476199	-78.61534707
9.91208800	-86.21107432
9.91941401	-81.09929051
9.92674001	-77.42121217
9.93406602	-81.67185072
9.94139203	-87.43776055
9.94871804	-81.15828843
9.95604404	-85.47155088
9.96337005	-80.19331262
9.97069606	-84.87920675
9.97802207	-92.03924285
9.98534807	-83.35408753
9.99267408	-80.31116957
10.00000009	-81.07442148
10.00732610	-84.59737512
10.01465210	-82.33845395
10.02197811	-79.34380956
10.02930412	-79.11718622
10.03663012	-80.01776656
10.04395613	-97.05974068
10.05128214	-78.35582673
10.05860815	-79.17004408
10.06593415	-88.44750393
10.07326016	-83.63862017
10.08058617	-83.05464665
10.08791218	-79.15727673
10.09523818	-82.71588877
10.10256419	-86.25268030
10.10989020	-86.97342094
10.11721621	-83.31966725
10.12454221	-88.02881151
10.13186822	-81.77202088
10.13919423	-84.83031199
10.14652024	-87.11379163
10.15384624	-95.58830053
10.16117225	-83.17488895
10.16849826	-86.48830867
10.17582427	-78.77409388
10.18315027	-78.09050183
10.19047628	-85.05587674
10.19780229	-79.84685956
10.20512829	-89.11662446
10.21245430	-85.93666398
10.21978031	-99.67259414
10.22710632	-83.98625683
10.23443232	-85.25224503
10.24175833	-82.08475529
10.24908434	-83.63651767
10.25641035	-94.26693257
10.26373635	-81.56583852
10.27106236	-80.53545209
10.27838837	-81.34051653
10.28571438	-76.02978801
10.29304038	-82.53699129
10.30036639	-79.08664009
10.30769240	-74.85959121
10.31501841	-81.54372748
10.32234441	-86.09506711
10.32967042	-86.00335174
10.33699643	-91.77193716
10.34432244	-85.74602619
10.35164844	-82.29405983
10.35897445	-81.15078962
10.36630046	-78.69822215
10.37362646	-83.01706736
10.38095247	-86.58528279
10.38827848	-83.33467479
10.39560449	-88.94411132
10.40293049	-79.88023830
10.41025650	-78.31730899
10.41758251	-81.39994407
10.42490852	-82.20234886
10.43223452	-82.58048849
10.43956053	-88.77174096
10.44688654	-80.78764833
10.45421255	-77.40177816
10.46153855	-77.62767040
10.46886456	-77.53154735
10.47619057	-78.35280074
10.48351658	-85.79766992
10.49084258	-111.77748691
10.49816859	-97.45910415
10.50549460	-87.90587002
10.51282061	-85.15302870
10.52014661	-85.79422552
10.52747262	-80.98998581
10.53479863	-87.73857784
10.54212463	-77.62421999
10.54945064	-80.71543236
10.55677665	-80.18657403
10.56410266	-75.74386912
10.57142866	-84.24567101
10.57875467	-86.88946082
10.58608068	-90.56457191
10.59340669	-86.29884986
10.60073269	-86.97432011
10.60805870	-83.59038792
10.61538471	-75.44751076
10.62271072	-75.25100470
10.63003672	-79.97544799
10.63736273	-83.87408576
10.64468874	-76.13338430
10.65201475	-77.54492687
10.65934075	-82.03291895
10.66666676	-80.61422715
10.67399277	-86.49438712
10.68131878	-91.27738253
10.68864478	-84.12712886
10.69597079	-81.54798899
10.70329680	-83.75961543
10.71062280	-98.91412201
10.71794881	-82.97141286
10.72527482	-81.40498394
10.73260083	-80.73749360
10.73992683	-85.72844178
10.74725284	-87.36037953
10.75457885	-83.74577893
10.76190486	-86.74939182
10.76923086	-83.98358435
10.77655687	-81.82907765
10.78388288	-83.18683077
10.79120889	-79.45735439
10.79853489	-91.23124930
10.80586090	-83.41506849
10.81318691	-85.24688856
10.82051292	-85.72018709
10.82783892	-80.97517123
10.83516493	-78.15638166
10.84249094	-79.70736686
10.84981695	-79.88616963
10.85714295	-100.22127741
10.86446896	-81.64873288
10.87179497	-88.66825989
10.87912097	-82.82391681
10.88644698	-79.05889125
10.89377299	-82.98001613
10.90109900	-83.50802118
10.90842500	-85.37600690
10.91575101	-85.29823772
10.92307702	-79.94033896
10.93040303	-83.37197261
10.93772903	-99.39593025
10.94505504	-89.92959139
10.95238105	-92.32802613
10.95970706	-79.44158239
10.96703306	-82.78974553
10.97435907	-88.07692798
10.98168508	-84.54555622
10.98901109	-90.67842984
10.99633709	-81.00898142
11.00366310	-83.34770724
11.01098911	-86.90918770
11.01831512	-84.34306504
11.02564112	-84.35522047
11.03296713	-84.13933669
11.04029314	-84.79254873
11.04761914	-81.28675816
11.05494515	-89.58153817
11.06227116	-88.23683422
11.06959717	-94.54673105
11.07692317	-81.16372950
11.08424918	-86.47787861
11.09157519	-84.00382709
11.09890120	-81.08623119
11.10622720	-84.56834025
11.11355321	-90.79958728
11.12087922	-89.58571885
11.12820523	-100.62536333
11.13553123	-82.83654911
11.14285724	-81.19805363
11.15018325	-89.31619724
11.15750926	-88.79029998
11.16483526	-87.98938725
11.17216127	-80.67543932
11.17948728	-80.32989217
11.18681329	-82.60341001
11.19413929	-76.03147580
11.20146530	-83.01075193
11.20879131	-81.84007896
11.21611731	-83.87560342
11.22344332	-81.12679754
11.23076933	-76.04951298
11.23809534	-81.44915366
11.24542134	-87.99465113
11.25274735	-80.06461404
11.26007336	-79.54143435
11.26739937	-89.55810443
11.27472537	-80.96356753
11.28205138	-77.73259345
11.28937739	-76.82412360
11.29670340	-73.07147108
11.30402940	-77.43279217
11.31135541	-88.62707491
11.31868142	-80.51984850
11.32600743	-91.01675165
11.33333343	-83.14878145
11.34065944	-77.41474581
11.34798545	-76.85066672
11.35531146	-85.24798753
11.36263746	-82.00439905
11.36996347	-79.48526248
11.37728948	-87.08769986
11.38461548	-84.04151702
11.39194149	-83.61820284
11.39926750	-82.70051554
11.40659351	-85.77625711
11.41391951	-78.41629675
11.42124552	-81.67413825
11.42857153	-77.40963141
11.43589754	-77.38898210
11.44322354	-86.71165588
11.45054955	-86.86634112
11.45787556	-84.38784443
11.46520157	-88.14936547
11.47252757	-92.82502559
11.47985358	-84.01590541
11.48717959	-87.17879227
11.49450560	-90.13905146
11.50183160	-86.17737199
11.50915761	-83.92547978
11.51648362	-78.67020109
11.52380963	-76.50216501
11.53113563	-76.51233044
11.53846164	-79.83306919
11.54578765	-79.79901859
11.55311365	-80.49266070
11.56043966	-88.28784606
11.56776567	-93.91014070
11.57509168	-107.22263225
11.58241768	-85.14894251
11.58974369	-81.27808312
11.59706970	-86.25444651
11.60439571	-87.07377207
11.61172171	-80.04900786
11.61904772	-80.20928303
11.62637373	-88.00129788
11.63369974	-89.48616405
11.64102574	-87.92357939
11.64835175	-85.19863892
11.65567776	-84.97444140
11.66300377	-87.34152808
11.67032977	-81.61331339
11.67765578	-84.68440692
11.68498179	-87.03766684
11.69230780	-80.97683366
11.69963380	-87.07376992
11.70695981	-83.09300033
11.71428582	-82.94748091
11.72161182	-84.17453388
11.72893783	-87.08166331
11.73626384	-87.73191957
11.74358985	-84.32491527
11.75091585	-80.92170942
11.75824186	-80.00215475
11.76556787	-87.90413495
11.77289388	-88.33922527
11.78021988	-85.02864222
11.78754589	-83.56304274
11.79487190	-93.86558136
11.80219791	-82.86412158
11.80952391	-79.82146258
11.81684992	-85.82840614
11.82417593	-84.02231196
11.83150194	-78.08747574
11.83882794	-81.49720895
11.84615395	-84.25777703
11.85347996	-79.66215557
11.86080596	-80.23001877
11.86813197	-85.68342465
11.87545798	-82.06234323
11.88278399	-76.24060328
11.89010999	-85.37599893
11.89743600	-77.90435168
11.90476201	-78.72304694
11.91208802	-83.68395582
11.91941402	-77.74407630
11.92674003	-80.78927806
11.93406604	-87.91744134
11.94139205	-80.92336379
11.94871805	-77.83757182
11.95604406	-79.69448107
11.96337007	-83.35995518
11.97069608	-87.12024768
11.97802208	-93.55666015
11.98534809	-93.68399747
11.99267410	-82.11262434
12.00000011	-80.12419116
12.00732611	-86.14726034
12.01465212	-76.53920866
12.02197813	-76.41465102
12.02930413	-83.38926398
12.03663014	-82.93055599
12.04395615	-86.99803080
12.05128216	-81.88746576
12.05860816	-85.32811480
12.06593417	-80.90609027
12.07326018	-80.83927459
12.08058619	-81.76639838
12.08791219	-80.88473627
12.09523820	-77.17208899
12.10256421	-81.09078043
12.10989022	-109.01617782
12.11721622	-84.42934231
12.12454223	-80.97346898
12.13186824	-78.51199684
12.13919425	-77.41740624
12.14652025	-81.40115126
12.15384626	-84.65820941
12.16117227	-85.10608640
12.16849828	-87.54166401
12.17582428	-80.69785094
12.18315029	-75.66416653
12.19047630	-78.99074096
12.19780230	-91.34810443
12.20512831	-85.36945163
12.21245432	-79.34119830
12.21978033	-81.92685957
12.22710633	-85.26101885
12.23443234	-79.36711228
12.24175835	-79.98757233
12.24908436	-84.17123298
12.25641036	-90.67266774
12.26373637	-90.78625038
12.27106238	-84.09103140
12.27838839	-81.70239592
12.28571439	-82.98727878
12.29304040	-86.07642716
12.30036641	-78.50298351
12.30769242	-79.47318680
12.31501842	-84.44222109
12.32234443	-85.27503661
12.32967044	-85.70318305
12.33699645	-81.94500688
12.34432245	-84.86756804
12.35164846	-87.70389065
12.35897447	-91.60156431
12.36630047	-92.41365410
12.37362648	-83.69198339
12.38095249	-85.08672755
12.38827850	-100.87330767
12.39560450	-87.16646624
12.40293051	-86.39015847
12.41025652	-81.63786489
12.41758253	-81.50908861
12.42490853	-83.65613489
12.43223454	-82.61119502
12.43956055	-89.75262048
12.44688656	-87.04157527
12.45421256	-79.34474992
12.46153857	-77.96880414
12.46886458	-81.20577990
12.47619059	-88.81197483
12.48351659	-84.55800354
12.49084260	-84.52028439
12.49816861	-90.15533185
12.50549462	-80.33054719
12.51282062	-78.46668044
12.52014663	-84.62367460
12.52747264	-88.39262576
12.53479864	-90.51174440
12.54212465	-85.96713065
12.54945066	-82.46741632
12.55677667	-86.68512129
12.56410267	-88.18432311
12.57142868	-86.55541511
12.57875469	-84.36313161
12.58608070	-87.58973278
12.59340670	-84.13402165
12.60073271	-82.33261035
12.60805872	-82.18764012
12.61538473	-77.87737999
12.62271073	-80.15569856
12.63003674	-85.68816946
12.63736275	-86.03547499
12.64468876	-90.83605622
12.65201476	-86.16279203
12.65934077	-83.83539457
12.66666678	-77.57529209
12.67399279	-76.65570161
12.68131879	-77.19181448
12.68864480	-83.72966846
12.69597081	-88.10342152
12.70329681	-80.18816223
12.71062282	-81.53881480
12.71794883	-93.04058127
12.72527484	-83.89036388
12.73260084	-85.10613957
12.73992685	-84.09058616
12.74725286	-80.53465153
12.75457887	-84.40934438
12.76190487	-87.44008044
12.76923088	-81.42013903
12.77655689	-83.61940005
12.78388290	-91.89008169
12.79120890	-81.28203910
12.79853491	-75.58927640
12.80586092	-79.90748373
12.81318693	-75.87960510
12.82051293	-74.18971519
12.82783894	-80.61786888
12.83516495	-77.71129098
12.84249096	-86.22957952
12.84981696	-80.89776463
12.85714297	-80.80219822
12.86446898	-81.73129570
12.87179498	-77.98188493
12.87912099	-82.21771714
12.88644700	-80.55137303
12.89377301	-80.24565945
12.90109901	-82.11776549
12.90842502	-82.00034026
12.91575103	-84.24824438
12.92307704	-84.70408280
12.93040304	-78.39399154
12.93772905	-78.08126043
12.94505506	-78.45895287
12.95238107	-79.91466946
12.95970707	-86.42661924
12.96703308	-85.49943861
12.97435909	-82.39109414
12.98168510	-84.31743402
12.98901110	-84.74579515
12.99633711	-83.18846374
13.00366312	-78.73509407
13.01098913	-80.79822519
13.01831513	-88.86445496
13.02564114	-87.91464397
13.03296715	-89.42191606
13.04029315	-91.29937477
13.04761916	-94.18057372
13.05494517	-85.66516891
13.06227118	-82.45382360
13.06959718	-83.37892951
13.07692319	-84.76936072
13.08424920	-93.90585728
13.09157521	-87.99404902
13.09890121	-89.90529865
13.10622722	-88.51542928
13.11355323	-81.73198166
13.12087924	-81.94590791
13.12820524	-96.31058317
13.13553125	-81.23823721
13.14285726	-78.73174233
13.15018327	-82.80161863
13.15750927	-90.01122360
13.16483528	-85.99830116
13.17216129	-82.53510848
13.17948730	-82.67653499
13.18681330	-82.20811363
13.19413931	-80.22028412
13.20146532	-76.60384755
13.20879132	-84.53702521
13.21611733	-81.95795279
13.22344334	-77.11468730
13.23076935	-78.52351608
13.23809535	-82.08605713
13.24542136	-80.08156498
13.25274737	-82.77557365
13.26007338	-96.12103223
13.26739938	-88.77055983
13.27472539	-82.15401688
13.28205140	-79.60394270
13.28937741	-89.28277490
13.29670341	-87.20117821
13.30402942	-80.02185337
13.31135543	-79.74820620
13.31868144	-97.12994843
13.32600744	-91.37363781
13.33333345	-88.10814889
13.34065946	-81.73793503
13.34798547	-88.11155303
13.35531147	-82.43194641
13.36263748	-79.51662215
13.36996349	-80.85121647
13.37728949	-87.59137341
13.38461550	-83.31936420
13.39194151	-87.35023344
13.39926752	-81.98160490
13.40659352	-79.26964802
13.41391953	-87.35942363
13.42124554	-83.15488927
13.42857155	-90.21207670
13.43589755	-81.68153846
13.44322356	-91.61139306
13.45054957	-78.23739048
13.45787558	-75.67982313
13.46520158	-83.19859392
13.47252759	-84.87516971
13.47985360	-79.83625600
13.48717961	-83.00220329
13.49450561	-89.49610733
13.50183162	-81.19462240
13.50915763	-81.09664821
13.51648364	-83.22331142
13.52380964	-88.29866143
13.53113565	-87.09978028
13.53846166	-84.10943087
13.54578766	-78.09714697
13.55311367	-77.24248232
13.56043968	-79.62403920
13.56776569	-81.60999623
13.57509169	-81.29651818
13.58241770	-76.99879767
13.58974371	-98.18859618
13.59706972	-76.99561303
13.60439572	-81.31488525
13.61172173	-98.19905345
13.61904774	-81.47434091
13.62637375	-77.92498514
13.63369975	-92.14626581
13.64102576	-80.46366515
13.64835177	-83.50616611
13.65567778	-92.64944683
13.66300378	-88.14660866
13.67032979	-87.59745000
13.67765580	-93.61005291
13.68498181	-82.49733936
13.69230781	-79.03949475
13.69963382	-84.29873811
13.70695983	-84.39780287
13.71428583	-84.29617099
13.72161184	-85.25896515
13.72893785	-80.80712700
13.73626386	-88.37389398
13.74358986	-96.94592397
13.75091587	-96.66800547
13.75824188	-82.51234319
13.76556789	-83.36242528
13.77289389	-84.11140946
13.78021990	-80.84128123
13.78754591	-86.19881123
13.79487192	-82.07765225
13.80219792	-78.92606395
13.80952393	-77.93901384
13.81684994	-79.61153601
13.82417595	-81.25004186
13.83150195	-85.69642077
13.83882796	-78.24660011
13.84615397	-80.52730244
13.85347998	-77.64662445
13.86080598	-79.90496808
13.86813199	-90.06271420
13.87545800	-85.69274324
13.88278400	-78.30283036
13.89011001	-82.36399656
13.89743602	-87.78766306
13.90476203	-80.35945469
13.91208803	-83.77554284
13.91941404	-85.21679075
13.92674005	-86.98622177
13.93406606	-91.11708742
13.94139206	-84.67542174
13.94871807	-84.96345014
13.95604408	-80.10790925
13.96337009	-77.10954802
13.97069609	-80.90156253
13.97802210	-85.55498408
13.98534811	-78.30351533
13.99267412	-84.45667724
14.00000012	-86.43090817
14.00732613	-79.19557959
14.01465214	-81.41396146
14.02197815	-87.98847052
14.02930415	-80.96679378
14.03663016	-84.72060855
14.04395617	-87.05658933
14.05128217	-80.34643664
14.05860818	-78.66522415
14.06593419	-86.89925226
14.07326020	-88.22183559
14.08058620	-87.07889541
14.08791221	-78.86642953
14.09523822	-76.33625942
14.10256423	-81.19967026
14.10989023	-79.51996394
14.11721624	-78.76329237
14.12454225	-83.70496274
14.13186826	-90.53937001
14.13919426	-96.34692398
14.14652027	-83.41515795
14.15384628	-81.71716913
14.16117229	-89.35943483
14.16849829	-77.25170317
14.17582430	-79.86111491
14.18315031	-83.94308732
14.19047632	-83.04132837
14.19780232	-91.24810617
14.20512833	-81.16696719
14.21245434	-92.77654226
14.21978034	-83.48506245
14.22710635	-86.77726227
14.23443236	-87.44166575
14.24175837	-96.64570224
14.24908437	-82.71754656
14.25641038	-81.06073408
14.26373639	-79.90458867
14.27106240	-83.82551733
14.27838840	-82.07521790
14.28571441	-77.66293118
14.29304042	-81.73880521
14.30036643	-86.12605139
14.30769243	-80.78065789
14.31501844	-78.68841195
14.32234445	-79.16634626
14.32967046	-79.33028653
14.33699646	-82.55915831
14.34432247	-79.66775562
14.35164848	-83.22044228
14.35897449	-78.79593854
14.36630049	-81.31179264
14.37362650	-86.55485365
14.38095251	-86.66270469
14.38827851	-78.68450163
14.39560452	-81.40058446
14.40293053	-83.52760577
14.41025654	-87.28141004
14.41758254	-109.58253692
14.42490855	-93.54085428
14.43223456	-85.64826085
14.43956057	-78.00325737
14.44688657	-76.64450196
14.45421258	-84.04780317
14.46153859	-79.75118136
14.46886460	-78.27730768
14.47619060	-85.47271706
14.48351661	-82.50528589
14.49084262	-85.13718245
14.49816863	-75.38793900
14.50549463	-72.90175790
14.51282064	-78.82168919
14.52014665	-93.67277200
14.52747266	-86.28677560
14.53479866	-101.04683937
14.54212467	-84.35330119
14.54945068	-79.67524342
14.55677668	-79.12411456
14.56410269	-77.32304928
14.57142870	-81.92384056
14.57875471	-79.43505846
14.58608071	-78.29396035
14.59340672	-81.80689091
14.60073273	-82.13221551
14.60805874	-98.49523043
14.61538474	-87.59253516
14.62271075	-98.09749037
14.63003676	-80.33947425
14.63736277	-80.15405254
14.64468877	-91.15825405
14.65201478	-83.69263351
14.65934079	-90.08311374
14.66666680	-89.03262638
14.67399280	-85.74889588
14.68131881	-83.52051118
14.68864482	-80.44410856
14.69597083	-79.47565946
14.70329683	-86.60252869
14.71062284	-90.46691094
14.71794885	-87.16524334
14.72527485	-89.86737914
14.73260086	-85.94230483
14.73992687	-80.92272034
14.74725288	-79.08792245
14.75457888	-82.68134048
14.76190489	-101.15342155
14.76923090	-83.73409651
14.77655691	-82.86418111
14.78388291	-89.92678547
14.79120892	-78.34388060
14.79853493	-78.22457333
14.80586094	-85.29378484
14.81318694	-85.94781384
14.82051295	-89.89367578
14.82783896	-81.70320145
14.83516497	-85.05553759
14.84249097	-82.30911044
14.84981698	-77.87659671
14.85714299	-76.97186541
14.86446900	-80.13217216
14.87179500	-90.77019842
14.87912101	-88.94764944
14.88644702	-80.89650660
14.89377302	-79.75543306
14.90109903	-77.96852851
14.90842504	-77.79558475
14.91575105	-85.21059281
14.92307705	-83.56726902
14.93040306	-79.71089646
14.93772907	-80.48549081
14.94505508	-81.20885509
14.95238108	-82.05703635
14.95970709	-77.92349361
14.96703310	-81.22066625
14.97435911	-90.37344401
14.98168511	-84.78911823
14.98901112	-78.19225044
14.99633713	-77.33508819
