# Menlo Systems GmbH ScanControl
# Program Version 1.3.3
# Start: -65.00000000 ps, Average over 1000 waveforms. Timestamp: 2020-01-11T14:50:40
# Window type: Tukey, parameters: alpha = 0.2
# User time axis shift: 0 ps
# Frequency [THz]	THz Signal [a.u.]
0.00000000	-34.28343961
0.00732601	-20.56635212
0.01465201	-16.25328738
0.02197802	-16.91923444
0.02930403	-25.06045955
0.03663004	-25.68646370
0.04395604	-17.66926566
0.05128205	-13.02347821
0.05860806	-14.15850056
0.06593407	-15.28895777
0.07326007	-9.63597532
0.08058608	-12.77415499
0.08791209	-16.20549045
0.09523810	-6.17696650
0.10256410	-5.87086305
0.10989011	-11.90487823
0.11721612	-6.93370961
0.12454213	-4.40917216
0.13186813	-8.31943624
0.13919414	-7.58566755
0.14652015	-3.29129315
0.15384616	-3.91888404
0.16117216	-4.35360675
0.16849817	-1.83423840
0.17582418	-2.46583872
0.18315018	-5.82501982
0.19047619	-2.87432804
0.19780220	-0.63257280
0.20512821	-1.21274129
0.21245421	-1.63567787
0.21978022	-0.65637857
0.22710623	-0.81228651
0.23443224	-1.93596435
0.24175824	-1.52307574
0.24908425	-0.26878543
0.25641026	0.00000000
0.26373627	-0.34132475
0.27106227	-0.32115623
0.27838828	-0.66304898
0.28571429	-1.83340574
0.29304030	-1.71567444
0.30036630	-0.56860804
0.30769231	-0.51690959
0.31501832	-0.89680852
0.32234433	-0.59543895
0.32967033	-0.90079568
0.33699634	-2.20921579
0.34432235	-2.35955051
0.35164835	-1.62310679
0.35897436	-1.47610948
0.36630037	-1.38668109
0.37362638	-1.52151369
0.38095238	-2.10821308
0.38827839	-2.42872445
0.39560440	-2.68687744
0.40293041	-2.94114920
0.41025641	-2.68644472
0.41758242	-2.60159633
0.42490843	-2.95307786
0.43223444	-3.41000805
0.43956044	-3.98156057
0.44688645	-4.27953381
0.45421246	-4.18849705
0.46153847	-4.25026442
0.46886447	-4.43114623
0.47619048	-4.61687980
0.48351649	-4.88707453
0.49084250	-5.33999591
0.49816850	-5.86587913
0.50549451	-5.83654171
0.51282052	-5.71637385
0.52014652	-6.18848245
0.52747253	-6.66408165
0.53479854	-6.92302533
0.54212455	-7.35369143
0.54945055	-8.16525463
0.55677656	-9.25278143
0.56410257	-8.99158046
0.57142858	-8.28754577
0.57875458	-8.83156092
0.58608059	-9.34137112
0.59340660	-9.29643650
0.60073261	-9.85613640
0.60805861	-10.13352664
0.61538462	-10.21439066
0.62271063	-10.90827119
0.63003664	-11.19177640
0.63736264	-11.43963576
0.64468865	-12.26127549
0.65201466	-12.67709326
0.65934067	-13.08872126
0.66666667	-13.77446802
0.67399268	-14.15216963
0.68131869	-14.73443182
0.68864469	-15.34953621
0.69597070	-15.83981666
0.70329671	-16.66080283
0.71062272	-17.16878889
0.71794872	-17.56157300
0.72527473	-18.34756745
0.73260074	-18.79498878
0.73992675	-19.37953509
0.74725275	-20.66531135
0.75457876	-21.43574053
0.76190477	-21.43368091
0.76923078	-21.75678289
0.77655678	-22.45024981
0.78388279	-23.11781267
0.79120880	-23.70608715
0.79853481	-24.38767946
0.80586081	-25.14527229
0.81318682	-25.73388052
0.82051283	-26.26228337
0.82783884	-26.94744455
0.83516484	-27.57979798
0.84249085	-28.17280922
0.84981686	-28.86785710
0.85714286	-29.52971350
0.86446887	-30.14122036
0.87179488	-30.65768620
0.87912089	-31.24794601
0.88644689	-31.95039418
0.89377290	-32.50370784
0.90109891	-33.29163019
0.90842492	-34.22307157
0.91575092	-34.84600585
0.92307693	-35.56874708
0.93040294	-36.34090535
0.93772895	-37.11564106
0.94505495	-37.74444830
0.95238096	-38.12795041
0.95970697	-39.17390636
0.96703298	-40.27163494
0.97435898	-40.70267278
0.98168499	-41.74908853
0.98901100	-43.14693791
0.99633700	-43.84453840
1.00366301	-44.20882630
1.01098902	-45.39064568
1.01831503	-47.04176675
1.02564103	-47.00019197
1.03296704	-47.23741671
1.04029305	-48.21101730
1.04761906	-48.28491381
1.05494506	-49.39114969
1.06227107	-50.67767517
1.06959708	-51.07287401
1.07692309	-52.02352276
1.08424909	-52.59566242
1.09157510	-55.57930497
1.09890111	-59.70001730
1.10622712	-55.98680255
1.11355312	-56.86588334
1.12087913	-59.78495592
1.12820514	-57.96872176
1.13553115	-58.68663860
1.14285715	-62.00402920
1.15018316	-61.61592295
1.15750917	-61.63603435
1.16483517	-65.73638760
1.17216118	-64.02264232
1.17948719	-62.39067572
1.18681320	-67.09696480
1.19413920	-67.58197750
1.20146521	-64.40754218
1.20879122	-67.48350062
1.21611723	-69.71724117
1.22344323	-65.82247131
1.23076924	-67.36718314
1.23809525	-67.77706589
1.24542126	-68.96412589
1.25274726	-74.27242505
1.26007327	-79.22550393
1.26739928	-68.11898830
1.27472529	-64.17455495
1.28205129	-66.73666302
1.28937730	-69.79087177
1.29670331	-70.99572631
1.30402932	-73.18071949
1.31135532	-70.96529623
1.31868133	-70.28563249
1.32600734	-71.82777795
1.33333334	-74.58380573
1.34065935	-79.05496285
1.34798536	-76.64826378
1.35531137	-70.17699304
1.36263737	-67.35373828
1.36996338	-70.60721884
1.37728939	-73.37485762
1.38461540	-74.63267061
1.39194140	-80.18853874
1.39926741	-75.61691415
1.40659342	-70.67023207
1.41391943	-68.14175904
1.42124543	-69.64869672
1.42857144	-72.37269646
1.43589745	-74.21475572
1.44322346	-79.47329673
1.45054946	-84.26753616
1.45787547	-73.39279866
1.46520148	-71.77722559
1.47252749	-82.27963862
1.47985349	-71.13541523
1.48717950	-71.82107383
1.49450551	-76.51762856
1.50183151	-77.43307172
1.50915752	-80.98686830
1.51648353	-71.47290672
1.52380954	-70.46682747
1.53113554	-76.26700989
1.53846155	-72.58537144
1.54578756	-72.35614954
1.55311357	-77.01315778
1.56043957	-81.20587522
1.56776558	-75.06454176
1.57509159	-76.22829948
1.58241760	-80.86619964
1.58974360	-89.14635704
1.59706961	-86.88316763
1.60439562	-76.39202167
1.61172163	-75.48256781
1.61904763	-73.96111879
1.62637364	-71.20749679
1.63369965	-75.52709645
1.64102566	-85.00994354
1.64835166	-79.28221694
1.65567767	-95.44207253
1.66300368	-79.55703386
1.67032968	-74.43302719
1.67765569	-74.00434636
1.68498170	-85.58917960
1.69230771	-77.24516797
1.69963371	-80.34854524
1.70695972	-76.46178881
1.71428573	-73.39241016
1.72161174	-78.59649247
1.72893774	-89.77887346
1.73626375	-75.42786178
1.74358976	-74.91858924
1.75091577	-77.12506775
1.75824177	-74.05232527
1.76556778	-75.52362135
1.77289379	-78.27159185
1.78021980	-77.58222330
1.78754580	-77.56326619
1.79487181	-85.55394668
1.80219782	-77.40415128
1.80952383	-74.28155015
1.81684983	-79.79691624
1.82417584	-79.88830184
1.83150185	-79.24019053
1.83882785	-71.61270051
1.84615386	-73.54880810
1.85347987	-80.33930605
1.86080588	-77.39618496
1.86813188	-88.43881960
1.87545789	-77.40272617
1.88278390	-71.15351725
1.89010991	-70.46827198
1.89743591	-73.65175580
1.90476192	-75.17415771
1.91208793	-77.58766167
1.91941394	-84.04432260
1.92673994	-83.03886633
1.93406595	-78.92290783
1.94139196	-81.10519385
1.94871797	-86.37711826
1.95604397	-86.42049031
1.96336998	-87.27645360
1.97069599	-82.81933118
1.97802200	-86.76742517
1.98534800	-85.66993352
1.99267401	-78.28356171
2.00000002	-75.48355666
2.00732602	-77.23020965
2.01465203	-77.41300543
2.02197804	-75.69510288
2.02930405	-81.43295008
2.03663005	-81.86363016
2.04395606	-82.52730508
2.05128207	-86.89718932
2.05860808	-77.81359601
2.06593408	-71.41790645
2.07326009	-72.27865843
2.08058610	-75.85054753
2.08791211	-77.50792065
2.09523811	-81.70025165
2.10256412	-85.95850793
2.10989013	-75.57409106
2.11721614	-73.47836254
2.12454214	-79.31776802
2.13186815	-77.36799461
2.13919416	-81.91720757
2.14652017	-95.95496829
2.15384617	-87.35229243
2.16117218	-79.98160794
2.16849819	-77.23891662
2.17582419	-75.99504992
2.18315020	-83.56686043
2.19047621	-78.93883499
2.19780222	-76.79416902
2.20512822	-84.90488962
2.21245423	-83.20785831
2.21978024	-76.51715108
2.22710625	-74.19340945
2.23443225	-76.58486218
2.24175826	-81.54798321
2.24908427	-77.91982432
2.25641028	-82.27037146
2.26373628	-78.62907442
2.27106229	-76.65991656
2.27838830	-76.66605617
2.28571431	-71.95806767
2.29304031	-76.56417216
2.30036632	-86.74233207
2.30769233	-83.44235712
2.31501834	-83.98997765
2.32234434	-77.26156624
2.32967035	-84.42383185
2.33699636	-82.67706581
2.34432236	-76.82457690
2.35164837	-71.43611058
2.35897438	-69.18316340
2.36630039	-71.98701362
2.37362639	-77.04593717
2.38095240	-75.69295610
2.38827841	-72.94554399
2.39560442	-77.18479730
2.40293042	-83.83047183
2.41025643	-78.41073388
2.41758244	-85.12877431
2.42490845	-80.34411227
2.43223445	-75.80282334
2.43956046	-76.70937918
2.44688647	-78.72970834
2.45421248	-81.11911193
2.46153848	-78.79902965
2.46886449	-72.87749024
2.47619050	-77.75248823
2.48351651	-80.05715086
2.49084251	-75.95039589
2.49816852	-75.36124946
2.50549453	-77.99678922
2.51282053	-81.97742786
2.52014654	-73.78115612
2.52747255	-73.91286286
2.53479856	-85.69687014
2.54212456	-83.80611654
2.54945057	-77.41998100
2.55677658	-73.79056455
2.56410259	-96.07670997
2.57142859	-74.61813266
2.57875460	-77.61604632
2.58608061	-78.43423435
2.59340662	-77.29957175
2.60073262	-75.89157275
2.60805863	-73.36740553
2.61538464	-73.74248915
2.62271065	-78.70849290
2.63003665	-88.64033233
2.63736266	-90.02139034
2.64468867	-84.21669640
2.65201467	-83.32139622
2.65934068	-82.29047679
2.66666669	-78.03316262
2.67399270	-83.73846917
2.68131870	-75.71311650
2.68864471	-80.66867087
2.69597072	-79.61819050
2.70329673	-77.33993082
2.71062273	-84.78755612
2.71794874	-77.90593213
2.72527475	-79.98792069
2.73260076	-89.18331211
2.73992676	-83.20575072
2.74725277	-79.54912330
2.75457878	-78.89699208
2.76190479	-79.05454420
2.76923079	-79.51316952
2.77655680	-78.39968055
2.78388281	-78.21100489
2.79120882	-75.77177880
2.79853482	-72.46995884
2.80586083	-77.24355017
2.81318684	-86.68169138
2.82051284	-77.64948126
2.82783885	-77.78185153
2.83516486	-81.58082264
2.84249087	-104.69040712
2.84981687	-83.73533201
2.85714288	-78.05126693
2.86446889	-74.95447827
2.87179490	-78.03778846
2.87912090	-95.03119411
2.88644691	-83.55639371
2.89377292	-85.99752883
2.90109893	-85.21581287
2.90842493	-86.94350010
2.91575094	-76.43729640
2.92307695	-75.95042420
2.93040296	-88.09289991
2.93772896	-75.68934700
2.94505497	-73.78258018
2.95238098	-79.62813490
2.95970699	-82.10640947
2.96703299	-77.50809234
2.97435900	-80.89550980
2.98168501	-84.19344272
2.98901101	-81.12802656
2.99633702	-83.05488749
3.00366303	-80.35506378
3.01098904	-78.90173694
3.01831504	-90.97295865
3.02564105	-78.49958017
3.03296706	-87.92713865
3.04029307	-80.62892888
3.04761907	-78.81629205
3.05494508	-79.95762080
3.06227109	-84.28442468
3.06959710	-92.79720673
3.07692310	-85.94549345
3.08424911	-81.10692147
3.09157512	-84.90532002
3.09890113	-87.15302304
3.10622713	-77.92491022
3.11355314	-76.21024512
3.12087915	-78.99581962
3.12820516	-81.05496409
3.13553116	-95.59855977
3.14285717	-83.35862420
3.15018318	-82.47694104
3.15750918	-79.00663144
3.16483519	-78.86647483
3.17216120	-97.37161130
3.17948721	-84.93467046
3.18681321	-82.34086857
3.19413922	-83.13327888
3.20146523	-77.15175332
3.20879124	-74.56142938
3.21611724	-80.89341939
3.22344325	-77.99703813
3.23076926	-81.43258626
3.23809527	-79.13416289
3.24542127	-79.37018704
3.25274728	-84.64881494
3.26007329	-77.04286858
3.26739930	-75.93973004
3.27472530	-79.14071838
3.28205131	-82.27685340
3.28937732	-80.14422022
3.29670333	-81.14803385
3.30402933	-96.25782621
3.31135534	-84.94442516
3.31868135	-80.46128878
3.32600735	-86.79024787
3.33333336	-84.05746619
3.34065937	-86.53942284
3.34798538	-82.28820181
3.35531138	-81.08202541
3.36263739	-84.93431584
3.36996340	-77.10534218
3.37728941	-80.20608863
3.38461541	-85.17955173
3.39194142	-84.97251184
3.39926743	-81.09749384
3.40659344	-79.43987702
3.41391944	-97.14048491
3.42124545	-79.83006300
3.42857146	-77.94806653
3.43589747	-76.88900046
3.44322347	-79.83957442
3.45054948	-84.61121659
3.45787549	-81.96498387
3.46520150	-85.28822305
3.47252750	-82.43547801
3.47985351	-76.63573480
3.48717952	-80.66129638
3.49450552	-90.90962597
3.50183153	-91.86204442
3.50915754	-91.84109825
3.51648355	-84.06066903
3.52380955	-81.46121796
3.53113556	-80.48413768
3.53846157	-83.01675841
3.54578758	-84.84028403
3.55311358	-79.57401567
3.56043959	-78.98316065
3.56776560	-81.36680698
3.57509161	-83.19579736
3.58241761	-85.04777422
3.58974362	-88.82186446
3.59706963	-87.76942797
3.60439564	-85.79468672
3.61172164	-84.35301940
3.61904765	-83.39973376
3.62637366	-82.50916385
3.63369967	-80.46322775
3.64102567	-80.56450827
3.64835168	-76.02623882
3.65567769	-78.19952046
3.66300369	-80.32317550
3.67032970	-81.51095235
3.67765571	-84.65478320
3.68498172	-90.96430488
3.69230772	-84.06108039
3.69963373	-83.69959601
3.70695974	-83.31672004
3.71428575	-79.90426989
3.72161175	-84.48872465
3.72893776	-81.85205714
3.73626377	-88.27522762
3.74358978	-87.84422407
3.75091578	-79.12305850
3.75824179	-78.42538105
3.76556780	-84.18939255
3.77289381	-76.67091450
3.78021981	-78.27253745
3.78754582	-82.75499929
3.79487183	-75.93070233
3.80219784	-76.72681259
3.80952384	-82.06720237
3.81684985	-84.06343234
3.82417586	-74.65095944
3.83150186	-77.91969388
3.83882787	-84.80928412
3.84615388	-81.11742258
3.85347989	-98.66065012
3.86080589	-85.17228864
3.86813190	-93.83967061
3.87545791	-86.10232919
3.88278392	-79.79889224
3.89010992	-76.56401929
3.89743593	-75.37323417
3.90476194	-81.54881309
3.91208795	-84.15621946
3.91941395	-80.56324364
3.92673996	-75.26628941
3.93406597	-76.08962861
3.94139198	-84.43273320
3.94871798	-75.58021823
3.95604399	-75.79836484
3.96337000	-80.53189171
3.97069601	-82.34588961
3.97802201	-80.02631119
3.98534802	-86.08777035
3.99267403	-82.93788070
4.00000003	-75.83949929
4.00732604	-75.20171949
4.01465205	-81.87897131
4.02197806	-77.40690879
4.02930406	-74.78638872
4.03663007	-82.25576489
4.04395608	-81.47317654
4.05128209	-78.10918836
4.05860809	-82.22340474
4.06593410	-91.93265011
4.07326011	-88.12930434
4.08058612	-82.49383564
4.08791212	-76.04632584
4.09523813	-75.26980315
4.10256414	-85.05961939
4.10989015	-79.05154172
4.11721615	-79.64110863
4.12454216	-84.86118505
4.13186817	-75.44945782
4.13919418	-78.77504982
4.14652018	-86.18113470
4.15384619	-80.81401966
4.16117220	-81.24551583
4.16849820	-81.94586414
4.17582421	-76.81264679
4.18315022	-73.86980763
4.19047623	-75.15499061
4.19780223	-84.41061201
4.20512824	-83.05507206
4.21245425	-83.61776668
4.21978026	-86.66180824
4.22710626	-78.04310541
4.23443227	-81.17913656
4.24175828	-91.24430772
4.24908429	-90.19041166
4.25641029	-80.02134297
4.26373630	-77.97003353
4.27106231	-77.85615824
4.27838832	-75.35793031
4.28571432	-81.43167821
4.29304033	-81.12245320
4.30036634	-80.85541934
4.30769234	-84.15714701
4.31501835	-81.37189532
4.32234436	-82.62310525
4.32967037	-77.22665824
4.33699637	-81.48162493
4.34432238	-89.80928302
4.35164839	-81.93404817
4.35897440	-77.90912402
4.36630040	-81.63064690
4.37362641	-81.01537429
4.38095242	-89.60134502
4.38827843	-83.29780365
4.39560443	-90.66704107
4.40293044	-82.84054594
4.41025645	-96.02428461
4.41758246	-88.08832427
4.42490846	-83.58106344
4.43223447	-81.42228484
4.43956048	-79.83323903
4.44688649	-77.06366702
4.45421249	-79.51618661
4.46153850	-79.10877451
4.46886451	-85.24273673
4.47619051	-75.95703127
4.48351652	-76.05815960
4.49084253	-83.91961382
4.49816854	-85.77092389
4.50549454	-116.06748231
4.51282055	-86.99382459
4.52014656	-75.68417690
4.52747257	-73.94590058
4.53479857	-84.21894257
4.54212458	-74.71961309
4.54945059	-76.72455316
4.55677660	-87.32451352
4.56410260	-82.59648573
4.57142861	-75.88107148
4.57875462	-75.96606762
4.58608063	-76.22243484
4.59340663	-78.45765977
4.60073264	-89.21338401
4.60805865	-89.21761417
4.61538466	-83.72040566
4.62271066	-80.67602522
4.63003667	-83.54708339
4.63736268	-86.53580127
4.64468868	-90.02124088
4.65201469	-82.35868993
4.65934070	-80.98604860
4.66666671	-92.06245977
4.67399271	-83.87445049
4.68131872	-80.45451772
4.68864473	-81.04964811
4.69597074	-82.71184869
4.70329674	-83.49060239
4.71062275	-82.85386121
4.71794876	-79.53257180
4.72527477	-81.73477608
4.73260077	-98.66369863
4.73992678	-83.26889374
4.74725279	-85.57834517
4.75457880	-81.73830697
4.76190480	-80.86465669
4.76923081	-75.09371039
4.77655682	-76.23314114
4.78388283	-85.71578989
4.79120883	-84.19350706
4.79853484	-77.84077038
4.80586085	-72.91352943
4.81318685	-74.16617061
4.82051286	-79.24660619
4.82783887	-80.62954844
4.83516488	-79.00844988
4.84249088	-91.54355439
4.84981689	-87.27189572
4.85714290	-94.18225054
4.86446891	-82.64016566
4.87179491	-86.93083133
4.87912092	-88.39495165
4.88644693	-88.14798950
4.89377294	-84.52318689
4.90109894	-87.35971240
4.90842495	-80.71608163
4.91575096	-97.11164235
4.92307697	-83.37239687
4.93040297	-90.66390597
4.93772898	-83.30206529
4.94505499	-90.99810045
4.95238100	-84.27608025
4.95970700	-87.72552108
4.96703301	-87.77190447
4.97435902	-83.02336712
4.98168502	-84.54280805
4.98901103	-91.70657657
4.99633704	-85.14165264
5.00366305	-77.90034599
5.01098905	-79.24571705
5.01831506	-88.39776965
5.02564107	-85.15214389
5.03296708	-89.03314709
5.04029308	-79.67352047
5.04761909	-78.50531287
5.05494510	-88.20885938
5.06227111	-81.43028556
5.06959711	-79.00009020
5.07692312	-87.78059393
5.08424913	-88.64457347
5.09157514	-85.13058930
5.09890114	-84.77031777
5.10622715	-83.34229252
5.11355316	-81.29164400
5.12087917	-88.01887473
5.12820517	-76.20033322
5.13553118	-73.92164212
5.14285719	-76.40584641
5.15018319	-74.93999625
5.15750920	-78.32825439
5.16483521	-76.23864143
5.17216122	-75.73789960
5.17948722	-78.29212086
5.18681323	-80.58344142
5.19413924	-85.78286771
5.20146525	-82.02094762
5.20879125	-90.83895525
5.21611726	-83.57661506
5.22344327	-79.24662445
5.23076928	-78.02133015
5.23809528	-84.16279077
5.24542129	-82.21473396
5.25274730	-88.42423677
5.26007331	-77.32375359
5.26739931	-78.16307659
5.27472532	-82.22446755
5.28205133	-75.86344002
5.28937734	-79.42914140
5.29670334	-84.06814897
5.30402935	-78.91376155
5.31135536	-80.12803191
5.31868136	-83.25569275
5.32600737	-82.50420531
5.33333338	-89.16313191
5.34065939	-88.36911351
5.34798539	-87.02351802
5.35531140	-84.52079092
5.36263741	-75.89349750
5.36996342	-76.34308359
5.37728942	-85.12394974
5.38461543	-85.98139132
5.39194144	-78.15365472
5.39926745	-78.51398652
5.40659345	-97.75809864
5.41391946	-81.38462380
5.42124547	-86.52430130
5.42857148	-83.45208659
5.43589748	-82.63532901
5.44322349	-87.49482375
5.45054950	-80.86988596
5.45787551	-79.47156186
5.46520151	-74.76565753
5.47252752	-77.91302543
5.47985353	-86.30340999
5.48717953	-80.85826637
5.49450554	-79.80547598
5.50183155	-86.65256280
5.50915756	-83.88066819
5.51648356	-79.48704794
5.52380957	-79.29594371
5.53113558	-88.45954432
5.53846159	-75.02345348
5.54578759	-74.34126759
5.55311360	-82.20180232
5.56043961	-82.31938034
5.56776562	-75.97754688
5.57509162	-76.08999332
5.58241763	-76.47840415
5.58974364	-77.68229193
5.59706965	-85.98033453
5.60439565	-91.88613473
5.61172166	-90.78561612
5.61904767	-76.21501462
5.62637368	-72.90586582
5.63369968	-75.20566819
5.64102569	-83.23893819
5.64835170	-90.65396060
5.65567770	-88.95011909
5.66300371	-85.20482146
5.67032972	-83.91348713
5.67765573	-81.87506942
5.68498173	-81.36663819
5.69230774	-76.13800517
5.69963375	-73.08108487
5.70695976	-80.50561983
5.71428576	-82.10219159
5.72161177	-80.81848055
5.72893778	-96.17293556
5.73626379	-84.55857773
5.74358979	-86.60771821
5.75091580	-95.63566417
5.75824181	-79.76922302
5.76556782	-76.21982663
5.77289382	-79.17419342
5.78021983	-77.82095049
5.78754584	-76.43869062
5.79487185	-82.33042650
5.80219785	-87.23966938
5.80952386	-82.28523457
5.81684987	-85.78004650
5.82417587	-88.06175965
5.83150188	-84.62116672
5.83882789	-84.88641119
5.84615390	-84.95840512
5.85347990	-84.00238092
5.86080591	-84.13800111
5.86813192	-79.86902605
5.87545793	-76.29864881
5.88278393	-76.82840201
5.89010994	-83.53220912
5.89743595	-84.25385492
5.90476196	-82.99039543
5.91208796	-87.35542969
5.91941397	-93.32181304
5.92673998	-80.88421220
5.93406599	-77.34575672
5.94139199	-97.43146613
5.94871800	-78.00804265
5.95604401	-78.28087941
5.96337001	-86.25059982
5.97069602	-89.05000404
5.97802203	-81.22886869
5.98534804	-79.46801422
5.99267404	-94.25865443
6.00000005	-76.38270039
6.00732606	-74.82223177
6.01465207	-84.32991071
6.02197807	-89.80869024
6.02930408	-81.75262637
6.03663009	-77.17123288
6.04395610	-82.14416203
6.05128210	-79.90014118
6.05860811	-80.44738235
6.06593412	-88.84108548
6.07326013	-79.60903375
6.08058613	-94.25297084
6.08791214	-82.06983334
6.09523815	-87.93284532
6.10256416	-83.17346470
6.10989016	-82.45100153
6.11721617	-82.27598355
6.12454218	-75.85611496
6.13186818	-73.54585233
6.13919419	-74.90841207
6.14652020	-74.36209402
6.15384621	-79.31401315
6.16117221	-86.44918912
6.16849822	-84.48138983
6.17582423	-82.08728899
6.18315024	-90.41668698
6.19047624	-92.40074351
6.19780225	-82.73564142
6.20512826	-76.60373871
6.21245427	-78.88912234
6.21978027	-80.76103056
6.22710628	-77.44292569
6.23443229	-80.23611681
6.24175830	-79.58419315
6.24908430	-79.54651991
6.25641031	-81.65170703
6.26373632	-74.09850317
6.27106233	-81.64068815
6.27838833	-83.22920003
6.28571434	-88.48804408
6.29304035	-90.51074846
6.30036635	-81.48524486
6.30769236	-77.42612471
6.31501837	-85.99692308
6.32234438	-80.55421555
6.32967038	-83.81527740
6.33699639	-84.18636947
6.34432240	-80.18666108
6.35164841	-82.82818159
6.35897441	-86.70178080
6.36630042	-86.65305843
6.37362643	-81.41661506
6.38095244	-79.70061702
6.38827844	-78.30541926
6.39560445	-81.00984321
6.40293046	-84.68240910
6.41025647	-82.54690812
6.41758247	-88.96955210
6.42490848	-85.09766636
6.43223449	-91.52266016
6.43956050	-79.26724460
6.44688650	-75.46206307
6.45421251	-79.78384776
6.46153852	-86.47564168
6.46886452	-77.53287222
6.47619053	-79.89921181
6.48351654	-79.77603830
6.49084255	-84.40016008
6.49816855	-80.07370968
6.50549456	-78.90300353
6.51282057	-88.64381989
6.52014658	-100.68506431
6.52747258	-84.40089184
6.53479859	-77.62659636
6.54212460	-78.53365997
6.54945061	-94.42950987
6.55677661	-81.28133595
6.56410262	-79.76114651
6.57142863	-78.46697376
6.57875464	-77.88944336
6.58608064	-80.90098543
6.59340665	-78.41420076
6.60073266	-86.00514803
6.60805867	-85.76620894
6.61538467	-86.82387506
6.62271068	-80.72278080
6.63003669	-98.12993355
6.63736269	-75.82474645
6.64468870	-74.11490134
6.65201471	-80.06355698
6.65934072	-82.62892793
6.66666672	-84.79336165
6.67399273	-79.46793564
6.68131874	-80.06141724
6.68864475	-81.34497448
6.69597075	-84.47529997
6.70329676	-86.58715938
6.71062277	-82.84134815
6.71794878	-94.28909109
6.72527478	-84.48778667
6.73260079	-84.20985788
6.73992680	-90.97783651
6.74725281	-87.19892006
6.75457881	-87.07645013
6.76190482	-98.08952293
6.76923083	-81.51679795
6.77655684	-77.11788779
6.78388284	-81.66650116
6.79120885	-84.82778820
6.79853486	-77.83707739
6.80586086	-72.97808847
6.81318687	-76.63893271
6.82051288	-85.67457230
6.82783889	-80.40529587
6.83516489	-88.76708998
6.84249090	-78.01377323
6.84981691	-83.39077600
6.85714292	-84.32810563
6.86446892	-87.26961117
6.87179493	-82.04070297
6.87912094	-77.32136708
6.88644695	-82.84546543
6.89377295	-88.11697652
6.90109896	-89.18248442
6.90842497	-89.65372474
6.91575098	-90.57542845
6.92307698	-86.22893398
6.93040299	-79.71682839
6.93772900	-79.67076344
6.94505501	-90.06816316
6.95238101	-82.09780540
6.95970702	-81.29210621
6.96703303	-85.79122524
6.97435903	-93.40998751
6.98168504	-83.77573139
6.98901105	-88.16277162
6.99633706	-79.64336250
7.00366306	-75.09508122
7.01098907	-77.15265615
7.01831508	-88.02962028
7.02564109	-84.31717475
7.03296709	-81.38601958
7.04029310	-82.45541812
7.04761911	-85.01420146
7.05494512	-78.79172286
7.06227112	-78.11763815
7.06959713	-94.38071639
7.07692314	-77.73340447
7.08424915	-78.79110030
7.09157515	-92.91415156
7.09890116	-92.57698702
7.10622717	-81.91025382
7.11355318	-82.24754925
7.12087918	-77.63663108
7.12820519	-79.11915392
7.13553120	-84.96544511
7.14285720	-83.45359479
7.15018321	-91.83610887
7.15750922	-80.57433837
7.16483523	-77.12609033
7.17216123	-78.51911736
7.17948724	-85.85285680
7.18681325	-88.68890048
7.19413926	-93.42030186
7.20146526	-87.35684631
7.20879127	-81.62251326
7.21611728	-78.16982785
7.22344329	-76.51804263
7.23076929	-76.58039900
7.23809530	-80.64737145
7.24542131	-91.60019260
7.25274732	-90.74445849
7.26007332	-81.78319664
7.26739933	-81.85087895
7.27472534	-86.14420274
7.28205135	-100.56958890
7.28937735	-80.10480685
7.29670336	-79.39505123
7.30402937	-84.37209866
7.31135537	-75.04207351
7.31868138	-78.73523486
7.32600739	-88.00015919
7.33333340	-81.19540087
7.34065940	-80.85098314
7.34798541	-81.40257930
7.35531142	-81.47279897
7.36263743	-84.61245510
7.36996343	-83.64825158
7.37728944	-79.94235742
7.38461545	-79.21951826
7.39194146	-80.36438995
7.39926746	-94.62672069
7.40659347	-85.19214955
7.41391948	-82.49389177
7.42124549	-79.10113421
7.42857149	-82.85202924
7.43589750	-87.25822644
7.44322351	-81.14874955
7.45054952	-82.05045689
7.45787552	-82.22273629
7.46520153	-84.64146679
7.47252754	-83.30796757
7.47985354	-80.88826797
7.48717955	-79.48216205
7.49450556	-88.15891269
7.50183157	-87.54174673
7.50915757	-86.12066665
7.51648358	-86.58540669
7.52380959	-83.46160856
7.53113560	-77.96559696
7.53846160	-76.17280215
7.54578761	-79.05962839
7.55311362	-84.99744378
7.56043963	-80.93318279
7.56776563	-82.85766073
7.57509164	-85.24295842
7.58241765	-79.60657349
7.58974366	-75.47277771
7.59706966	-77.84801235
7.60439567	-84.03919727
7.61172168	-83.84926477
7.61904768	-85.17676586
7.62637369	-82.91805655
7.63369970	-78.87388613
7.64102571	-79.80102499
7.64835171	-91.75910419
7.65567772	-80.12092148
7.66300373	-77.70848932
7.67032974	-80.47936878
7.67765574	-83.07497624
7.68498175	-78.15416643
7.69230776	-93.46287733
7.69963377	-78.35723222
7.70695977	-75.94781853
7.71428578	-76.99863329
7.72161179	-82.48263950
7.72893780	-87.75446553
7.73626380	-78.28369124
7.74358981	-74.99123355
7.75091582	-84.76361460
7.75824183	-74.34028449
7.76556783	-78.56207684
7.77289384	-82.54654342
7.78021985	-81.38091890
7.78754585	-78.11652505
7.79487186	-77.09388103
7.80219787	-81.38223960
7.80952388	-79.27443766
7.81684988	-77.87113316
7.82417589	-79.53239543
7.83150190	-79.42967585
7.83882791	-81.06924812
7.84615391	-83.93084954
7.85347992	-84.47424494
7.86080593	-88.10339989
7.86813194	-90.52553620
7.87545794	-85.24451284
7.88278395	-86.38567345
7.89010996	-79.28554123
7.89743597	-76.89919530
7.90476197	-80.19249233
7.91208798	-89.85644405
7.91941399	-82.97841675
7.92674000	-88.12008605
7.93406600	-90.42391297
7.94139201	-84.63331051
7.94871802	-86.10165774
7.95604402	-89.26425419
7.96337003	-91.49746355
7.97069604	-86.02734448
7.97802205	-91.40472320
7.98534805	-79.89338430
7.99267406	-77.41848641
8.00000007	-81.88218067
8.00732608	-111.02824316
8.01465208	-90.74998216
8.02197809	-84.04594970
8.02930410	-81.46973295
8.03663011	-87.81704130
8.04395611	-85.43509150
8.05128212	-86.83408485
8.05860813	-78.40537222
8.06593414	-78.12895341
8.07326014	-82.20350741
8.08058615	-79.59808097
8.08791216	-84.50020244
8.09523817	-91.88506818
8.10256417	-82.95864454
8.10989018	-81.52437970
8.11721619	-80.17852468
8.12454219	-82.28485897
8.13186820	-80.23079102
8.13919421	-87.81656681
8.14652022	-81.57646331
8.15384622	-79.32798634
8.16117223	-86.32702907
8.16849824	-90.05336713
8.17582425	-86.00008782
8.18315025	-87.70637113
8.19047626	-82.37547076
8.19780227	-83.73467098
8.20512828	-97.43439370
8.21245428	-79.36670453
8.21978029	-77.74541209
8.22710630	-87.85041853
8.23443231	-82.27743456
8.24175831	-82.92039136
8.24908432	-87.26484106
8.25641033	-78.92979561
8.26373634	-79.70270370
8.27106234	-75.47207493
8.27838835	-77.43619796
8.28571436	-86.40093162
8.29304036	-91.10262795
8.30036637	-78.90519438
8.30769238	-77.57959987
8.31501839	-77.20949060
8.32234439	-74.65275262
8.32967040	-78.25616177
8.33699641	-82.73948010
8.34432242	-82.21378639
8.35164842	-90.31515250
8.35897443	-90.71713686
8.36630044	-83.99083038
8.37362645	-83.37166859
8.38095245	-98.10251360
8.38827846	-86.80043967
8.39560447	-93.67947150
8.40293048	-87.13465075
8.41025648	-87.26033639
8.41758249	-78.13170702
8.42490850	-77.72539713
8.43223451	-83.29581768
8.43956051	-83.42459979
8.44688652	-82.30882802
8.45421253	-82.33039355
8.46153853	-94.48551055
8.46886454	-76.99292184
8.47619055	-75.96987550
8.48351656	-89.07266752
8.49084256	-86.35241511
8.49816857	-80.02052491
8.50549458	-78.46895168
8.51282059	-80.00497079
8.52014659	-83.29832766
8.52747260	-89.20188088
8.53479861	-88.17067414
8.54212462	-86.87828469
8.54945062	-90.27975754
8.55677663	-88.20008140
8.56410264	-84.11287403
8.57142865	-79.13829909
8.57875465	-86.73825659
8.58608066	-83.53995354
8.59340667	-75.88434161
8.60073268	-74.43846931
8.60805868	-81.80565223
8.61538469	-80.55694210
8.62271070	-84.68642659
8.63003670	-87.16085971
8.63736271	-85.86431886
8.64468872	-84.26871906
8.65201473	-94.10390952
8.65934073	-82.78750210
8.66666674	-82.96457151
8.67399275	-85.45609576
8.68131876	-89.08253417
8.68864476	-89.12724923
8.69597077	-83.28165333
8.70329678	-85.90438526
8.71062279	-80.71153666
8.71794879	-78.35088183
8.72527480	-78.79377212
8.73260081	-78.00380112
8.73992682	-82.20134292
8.74725282	-92.54328951
8.75457883	-82.10276662
8.76190484	-82.68394737
8.76923085	-86.70501658
8.77655685	-100.60035849
8.78388286	-83.63680052
8.79120887	-81.21592959
8.79853487	-86.69573917
8.80586088	-84.47219786
8.81318689	-86.33573499
8.82051290	-77.34144847
8.82783890	-85.20594548
8.83516491	-82.48025122
8.84249092	-80.68634560
8.84981693	-79.58465641
8.85714293	-84.11959676
8.86446894	-90.27728578
8.87179495	-81.17924397
8.87912096	-77.04821916
8.88644696	-77.15823844
8.89377297	-80.32417381
8.90109898	-87.82584144
8.90842499	-81.32388480
8.91575099	-84.07752633
8.92307700	-84.43280517
8.93040301	-78.26886343
8.93772902	-79.85856164
8.94505502	-94.96021592
8.95238103	-81.80218240
8.95970704	-82.12143066
8.96703304	-92.43865653
8.97435905	-77.58019426
8.98168506	-77.15775478
8.98901107	-81.69533979
8.99633707	-87.73381663
9.00366308	-81.04050223
9.01098909	-80.64924271
9.01831510	-81.89282422
9.02564110	-74.28879078
9.03296711	-79.85857524
9.04029312	-83.18173095
9.04761913	-80.75773940
9.05494513	-93.67164559
9.06227114	-93.18686338
9.06959715	-77.52079880
9.07692316	-75.17566444
9.08424916	-81.31631366
9.09157517	-78.51483016
9.09890118	-80.02768966
9.10622719	-89.86362705
9.11355319	-92.56713966
9.12087920	-84.76668101
9.12820521	-88.84288743
9.13553121	-86.34061751
9.14285722	-78.31006459
9.15018323	-76.17385526
9.15750924	-78.23217674
9.16483524	-82.09370789
9.17216125	-81.76000286
9.17948726	-78.50957385
9.18681327	-77.11973893
9.19413927	-79.47470165
9.20146528	-87.44011560
9.20879129	-90.12437653
9.21611730	-80.35451515
9.22344330	-82.44759670
9.23076931	-89.20024533
9.23809532	-81.09567840
9.24542133	-90.01963123
9.25274733	-90.06211121
9.26007334	-85.46498122
9.26739935	-77.74174070
9.27472535	-82.21279389
9.28205136	-77.90050851
9.28937737	-78.78202731
9.29670338	-88.54660797
9.30402938	-80.29613325
9.31135539	-86.19133175
9.31868140	-81.38346770
9.32600741	-77.52242532
9.33333341	-78.99796526
9.34065942	-77.67353110
9.34798543	-79.11015133
9.35531144	-82.60401983
9.36263744	-80.91297461
9.36996345	-86.54821621
9.37728946	-80.53441798
9.38461547	-78.86737478
9.39194147	-81.08696856
9.39926748	-82.75958047
9.40659349	-79.78316872
9.41391950	-77.78088345
9.42124550	-81.37401386
9.42857151	-82.98722914
9.43589752	-82.01988648
9.44322352	-80.29417493
9.45054953	-74.77429799
9.45787554	-78.60454476
9.46520155	-87.14927443
9.47252755	-79.03606195
9.47985356	-83.19865326
9.48717957	-81.65370413
9.49450558	-83.72397125
9.50183158	-90.80515749
9.50915759	-84.43260703
9.51648360	-87.43637865
9.52380961	-86.18149889
9.53113561	-90.60828099
9.53846162	-92.49895603
9.54578763	-91.02176237
9.55311364	-89.17881359
9.56043964	-84.45645530
9.56776565	-82.91555561
9.57509166	-77.83364482
9.58241767	-80.12718125
9.58974367	-82.93452327
9.59706968	-77.15294425
9.60439569	-80.99523211
9.61172169	-90.05293998
9.61904770	-84.00530371
9.62637371	-78.23774791
9.63369972	-78.40928064
9.64102572	-86.44614980
9.64835173	-85.42317776
9.65567774	-84.45547074
9.66300375	-85.73450125
9.67032975	-79.10509618
9.67765576	-83.54732624
9.68498177	-89.98051824
9.69230778	-89.05076704
9.69963378	-88.71257160
9.70695979	-81.33493036
9.71428580	-78.59680738
9.72161181	-77.04534763
9.72893781	-77.63887178
9.73626382	-85.12097171
9.74358983	-82.85345777
9.75091584	-77.85424618
9.75824184	-77.90667034
9.76556785	-82.71435932
9.77289386	-86.15205516
9.78021986	-79.52083329
9.78754587	-84.94420001
9.79487188	-91.95624808
9.80219789	-81.25586558
9.80952389	-78.06342175
9.81684990	-83.12742602
9.82417591	-83.80923882
9.83150192	-77.62357391
9.83882792	-76.00770050
9.84615393	-77.79854900
9.85347994	-82.42441886
9.86080595	-90.39743198
9.86813195	-95.04657441
9.87545796	-111.53963089
9.88278397	-87.85039040
9.89010998	-85.60714890
9.89743598	-81.46959919
9.90476199	-77.74099046
9.91208800	-77.89339508
9.91941401	-86.89999862
9.92674001	-80.46726157
9.93406602	-75.94918579
9.94139203	-81.33688680
9.94871803	-80.18135455
9.95604404	-79.94317160
9.96337005	-94.16453434
9.97069606	-80.41205286
9.97802206	-81.91964510
9.98534807	-79.13456915
9.99267408	-77.63862120
10.00000009	-80.95126905
10.00732609	-90.38511730
10.01465210	-86.42462243
10.02197811	-88.58006991
10.02930412	-79.90444327
10.03663012	-79.95224256
10.04395613	-90.10589471
10.05128214	-88.36717204
10.05860815	-85.72908066
10.06593415	-78.96778751
10.07326016	-84.06490489
10.08058617	-88.40966107
10.08791218	-90.33090675
10.09523818	-83.12864145
10.10256419	-80.78188252
10.10989020	-88.44676418
10.11721620	-80.68098420
10.12454221	-75.60564712
10.13186822	-78.64059144
10.13919423	-89.02549303
10.14652023	-83.21732420
10.15384624	-88.88132653
10.16117225	-75.91067504
10.16849826	-76.89867997
10.17582426	-98.80338998
10.18315027	-81.68378504
10.19047628	-81.75397714
10.19780229	-80.42841412
10.20512829	-80.81859366
10.21245430	-88.36292347
10.21978031	-82.66910687
10.22710632	-82.99709511
10.23443232	-92.54355193
10.24175833	-93.95353902
10.24908434	-83.23577558
10.25641035	-81.11024832
10.26373635	-85.04800463
10.27106236	-80.59393174
10.27838837	-79.11866859
10.28571437	-75.92982548
10.29304038	-75.79621276
10.30036639	-89.72297827
10.30769240	-78.82224797
10.31501840	-77.93895711
10.32234441	-83.04318934
10.32967042	-81.15341579
10.33699643	-76.71992177
10.34432243	-81.33107283
10.35164844	-79.27024051
10.35897445	-74.30790151
10.36630046	-80.66500457
10.37362646	-81.09318891
10.38095247	-77.06093913
10.38827848	-80.75436627
10.39560449	-91.30698082
10.40293049	-82.39777807
10.41025650	-92.81404279
10.41758251	-81.19705884
10.42490852	-84.55283486
10.43223452	-87.13730663
10.43956053	-104.86449102
10.44688654	-88.79552140
10.45421254	-88.77639191
10.46153855	-78.62820671
10.46886456	-80.96805896
10.47619057	-91.78100415
10.48351657	-80.01709771
10.49084258	-91.59761484
10.49816859	-77.37293665
10.50549460	-76.24618251
10.51282060	-105.20651015
10.52014661	-81.03525395
10.52747262	-92.16603675
10.53479863	-85.63700965
10.54212463	-89.90264981
10.54945064	-76.96078515
10.55677665	-75.29035226
10.56410266	-78.15201749
10.57142866	-78.77601645
10.57875467	-76.68072470
10.58608068	-82.10418255
10.59340669	-87.63827668
10.60073269	-80.58913209
10.60805870	-85.80840701
10.61538471	-83.28238321
10.62271071	-81.09076933
10.63003672	-97.35550503
10.63736273	-82.50363661
10.64468874	-81.81531314
10.65201474	-87.95763342
10.65934075	-80.45296262
10.66666676	-79.28497891
10.67399277	-84.75901747
10.68131877	-87.98194118
10.68864478	-90.38047365
10.69597079	-98.72245981
10.70329680	-85.06327176
10.71062280	-80.93484392
10.71794881	-82.61871895
10.72527482	-80.32688990
10.73260083	-76.76025882
10.73992683	-80.08788797
10.74725284	-86.54253847
10.75457885	-82.11222199
10.76190486	-91.61689737
10.76923086	-82.37025472
10.77655687	-91.37174597
10.78388288	-86.31421216
10.79120888	-87.53905599
10.79853489	-80.62549445
10.80586090	-74.81066388
10.81318691	-73.96108089
10.82051291	-79.65338194
10.82783892	-107.36271452
10.83516493	-90.24156048
10.84249094	-82.94316375
10.84981694	-80.86540756
10.85714295	-90.47231021
10.86446896	-83.47528584
10.87179497	-91.54454667
10.87912097	-83.39975606
10.88644698	-80.62795313
10.89377299	-86.61264760
10.90109900	-92.77318445
10.90842500	-91.86620253
10.91575101	-88.69484043
10.92307702	-95.41250091
10.93040302	-83.08571332
10.93772903	-78.83198796
10.94505504	-85.41522704
10.95238105	-82.81897696
10.95970705	-83.23044446
10.96703306	-84.46126266
10.97435907	-83.98009981
10.98168508	-79.87996584
10.98901108	-76.99593734
10.99633709	-85.04841090
11.00366310	-80.67773862
11.01098911	-78.20286907
11.01831511	-90.30407197
11.02564112	-81.57108379
11.03296713	-77.84921872
11.04029314	-80.21361591
11.04761914	-92.56176498
11.05494515	-81.20586186
11.06227116	-79.84589140
11.06959717	-85.01980909
11.07692317	-82.47075692
11.08424918	-82.37827293
11.09157519	-84.81408790
11.09890119	-83.68225109
11.10622720	-80.88829180
11.11355321	-81.69455856
11.12087922	-85.37543168
11.12820522	-80.32038503
11.13553123	-84.99539645
11.14285724	-75.72804614
11.15018325	-73.96119280
11.15750925	-83.42626569
11.16483526	-81.84850484
11.17216127	-82.52127223
11.17948728	-88.83350020
11.18681328	-86.13825139
11.19413929	-89.29129732
11.20146530	-87.16248214
11.20879131	-86.03760411
11.21611731	-90.36576516
11.22344332	-100.70539864
11.23076933	-85.79196758
11.23809534	-80.51783503
11.24542134	-80.35873773
11.25274735	-87.16576043
11.26007336	-83.08145367
11.26739936	-79.21316948
11.27472537	-81.69156406
11.28205138	-88.93590694
11.28937739	-84.21306038
11.29670339	-84.56716594
11.30402940	-78.96799105
11.31135541	-80.97765521
11.31868142	-81.64032999
11.32600742	-84.35896980
11.33333343	-86.14405548
11.34065944	-88.85096378
11.34798545	-85.74417812
11.35531145	-87.84028078
11.36263746	-92.46271079
11.36996347	-87.32658972
11.37728948	-83.80514004
11.38461548	-77.83663701
11.39194149	-75.39795693
11.39926750	-78.63419235
11.40659351	-85.57858063
11.41391951	-82.29625667
11.42124552	-83.70593524
11.42857153	-77.54290592
11.43589753	-78.06783611
11.44322354	-78.95913328
11.45054955	-85.78946524
11.45787556	-77.97913649
11.46520156	-78.86931513
11.47252757	-86.63172653
11.47985358	-82.59822187
11.48717959	-74.79851444
11.49450559	-76.87178271
11.50183160	-92.93144264
11.50915761	-83.56164747
11.51648362	-78.15716517
11.52380962	-74.37914031
11.53113563	-87.23322707
11.53846164	-78.02120316
11.54578765	-80.68607255
11.55311365	-88.12227400
11.56043966	-88.56700290
11.56776567	-81.66673546
11.57509168	-78.54781223
11.58241768	-81.85379292
11.58974369	-83.81965968
11.59706970	-90.70187384
11.60439570	-85.16960977
11.61172171	-87.37393135
11.61904772	-100.87128701
11.62637373	-85.60647554
11.63369973	-79.52495763
11.64102574	-78.50173312
11.64835175	-87.75066385
11.65567776	-83.33557414
11.66300376	-81.29945611
11.67032977	-86.14083555
11.67765578	-82.64506814
11.68498179	-78.55264188
11.69230779	-81.05406112
11.69963380	-81.63743535
11.70695981	-82.03736865
11.71428582	-84.64630135
11.72161182	-85.48824912
11.72893783	-77.04981414
11.73626384	-78.35443772
11.74358985	-84.09691035
11.75091585	-76.85650100
11.75824186	-79.87204010
11.76556787	-100.81345598
11.77289387	-94.34266453
11.78021988	-88.95036366
11.78754589	-86.48582154
11.79487190	-92.08727502
11.80219790	-87.02491776
11.80952391	-86.27919471
11.81684992	-81.44306387
11.82417593	-77.47786934
11.83150193	-79.69824003
11.83882794	-88.95713606
11.84615395	-83.05444987
11.85347996	-80.64092286
11.86080596	-79.71486459
11.86813197	-80.17418135
11.87545798	-86.08650536
11.88278399	-82.71941094
11.89010999	-74.72721236
11.89743600	-71.90858194
11.90476201	-74.84980820
11.91208802	-94.54193750
11.91941402	-82.67259718
11.92674003	-86.20631121
11.93406604	-82.31352865
11.94139204	-82.02546024
11.94871805	-85.07266966
11.95604406	-86.68919607
11.96337007	-82.28632009
11.97069607	-87.61046223
11.97802208	-78.61712690
11.98534809	-78.52346845
11.99267410	-82.92599260
12.00000010	-84.43087851
12.00732611	-77.49081631
12.01465212	-81.96392221
12.02197813	-82.70889943
12.02930413	-82.62872165
12.03663014	-94.10750337
12.04395615	-87.83118611
12.05128216	-82.83387220
12.05860816	-85.43277464
12.06593417	-83.91749023
12.07326018	-76.16141446
12.08058619	-77.99535396
12.08791219	-78.32680288
12.09523820	-80.60791735
12.10256421	-91.08382621
12.10989021	-81.57495813
12.11721622	-82.50121265
12.12454223	-78.73980908
12.13186824	-81.12124318
12.13919424	-92.16767599
12.14652025	-83.82336279
12.15384626	-84.39049019
12.16117227	-82.40155592
12.16849827	-93.88992839
12.17582428	-78.61171805
12.18315029	-83.46442915
12.19047630	-80.02113986
12.19780230	-78.10201839
12.20512831	-85.45566326
12.21245432	-90.00445318
12.21978033	-85.36316648
12.22710633	-90.60575322
12.23443234	-81.42386484
12.24175835	-84.89580310
12.24908436	-90.50930085
12.25641036	-84.16307882
12.26373637	-85.65775312
12.27106238	-84.01316084
12.27838838	-83.75045557
12.28571439	-95.43629968
12.29304040	-86.11883092
12.30036641	-82.76809383
12.30769241	-93.41385048
12.31501842	-86.10774344
12.32234443	-80.35044042
12.32967044	-78.31550114
12.33699644	-92.94798158
12.34432245	-78.36682329
12.35164846	-78.31343162
12.35897447	-97.68388256
12.36630047	-82.06784313
12.37362648	-100.87662675
12.38095249	-82.93610912
12.38827850	-87.35690449
12.39560450	-89.76396043
12.40293051	-85.50042594
12.41025652	-80.91745199
12.41758253	-83.76893671
12.42490853	-86.58547988
12.43223454	-81.08331595
12.43956055	-89.57992428
12.44688655	-89.29402623
12.45421256	-106.01671688
12.46153857	-88.56772709
12.46886458	-83.82695921
12.47619058	-87.96568261
12.48351659	-87.73285413
12.49084260	-83.34027483
12.49816861	-87.53861955
12.50549461	-91.15832044
12.51282062	-93.57915707
12.52014663	-87.52088034
12.52747264	-79.85940615
12.53479864	-84.43825243
12.54212465	-85.14503513
12.54945066	-81.86145440
12.55677667	-86.98997666
12.56410267	-111.35250639
12.57142868	-91.26335574
12.57875469	-88.06362653
12.58608070	-104.77697380
12.59340670	-81.04361949
12.60073271	-77.57380084
12.60805872	-84.32491446
12.61538472	-82.71318878
12.62271073	-78.27803027
12.63003674	-78.81418694
12.63736275	-81.61954167
12.64468875	-90.82373825
12.65201476	-76.31636624
12.65934077	-76.55783501
12.66666678	-88.22464104
12.67399278	-81.95052072
12.68131879	-80.03742338
12.68864480	-87.27868084
12.69597081	-83.80252566
12.70329681	-83.14507749
12.71062282	-94.15474569
12.71794883	-93.99815988
12.72527484	-91.67375975
12.73260084	-92.47025709
12.73992685	-80.98081306
12.74725286	-80.77844570
12.75457886	-98.33638853
12.76190487	-81.61028825
12.76923088	-83.52335910
12.77655689	-86.67289720
12.78388289	-79.14721468
12.79120890	-83.78170444
12.79853491	-84.10293813
12.80586092	-88.37665653
12.81318692	-83.40129555
12.82051293	-77.52625735
12.82783894	-78.39601176
12.83516495	-82.09969365
12.84249095	-83.22255854
12.84981696	-83.52983947
12.85714297	-88.76689599
12.86446898	-93.26480402
12.87179498	-92.04687574
12.87912099	-100.85639681
12.88644700	-90.20774347
12.89377301	-82.87538743
12.90109901	-84.65635915
12.90842502	-101.09605256
12.91575103	-88.47409394
12.92307703	-95.05003863
12.93040304	-84.11476707
12.93772905	-84.74590015
12.94505506	-82.50422618
12.95238106	-77.09969685
12.95970707	-82.63983956
12.96703308	-81.96673021
12.97435909	-78.63375839
12.98168509	-85.38366737
12.98901110	-101.00436610
12.99633711	-88.90291617
13.00366312	-82.17777756
13.01098912	-87.35520806
13.01831513	-81.83213030
13.02564114	-77.62768624
13.03296715	-87.24880629
13.04029315	-79.31082888
13.04761916	-78.97079677
13.05494517	-88.13550939
13.06227118	-102.55398674
13.06959718	-87.77000645
13.07692319	-86.19672011
13.08424920	-91.21941565
13.09157520	-84.90182515
13.09890121	-83.30040257
13.10622722	-82.52582714
13.11355323	-84.26852064
13.12087923	-83.63236902
13.12820524	-78.07353748
13.13553125	-76.12012249
13.14285726	-78.72393988
13.15018326	-84.19553031
13.15750927	-91.94217302
13.16483528	-90.52752265
13.17216129	-86.55089432
13.17948729	-84.20664076
13.18681330	-92.12197934
13.19413931	-78.92878465
13.20146532	-80.02894047
13.20879132	-86.31471723
13.21611733	-80.44728293
13.22344334	-81.98294931
13.23076935	-79.06788135
13.23809535	-90.67302707
13.24542136	-80.89644228
13.25274737	-90.57803455
13.26007337	-86.75800942
13.26739938	-87.79018040
13.27472539	-81.30582927
13.28205140	-77.71218170
13.28937740	-80.16823884
13.29670341	-101.69450331
13.30402942	-88.85333448
13.31135543	-80.26352032
13.31868143	-79.38811602
13.32600744	-84.95341538
13.33333345	-80.57376193
13.34065946	-83.84928502
13.34798546	-91.74863649
13.35531147	-82.25872928
13.36263748	-82.24238595
13.36996349	-83.63013414
13.37728949	-79.61648885
13.38461550	-79.08588595
13.39194151	-82.53685708
13.39926752	-85.59937925
13.40659352	-79.85441450
13.41391953	-91.77459639
13.42124554	-90.84822015
13.42857154	-79.76152943
13.43589755	-73.31505452
13.44322356	-75.89177848
13.45054957	-89.78811401
13.45787557	-78.34040085
13.46520158	-81.97181889
13.47252759	-83.52765079
13.47985360	-88.22593166
13.48717960	-97.37472175
13.49450561	-92.56611745
13.50183162	-91.58547148
13.50915763	-90.18757077
13.51648363	-82.53428805
13.52380964	-80.84889527
13.53113565	-84.16175313
13.53846166	-87.33393407
13.54578766	-87.71612108
13.55311367	-91.21724820
13.56043968	-88.33999357
13.56776569	-79.86350546
13.57509169	-77.39042002
13.58241770	-80.00492694
13.58974371	-91.58546439
13.59706971	-85.53771986
13.60439572	-79.43143297
13.61172173	-82.10387270
13.61904774	-86.84143445
13.62637374	-82.62360974
13.63369975	-105.95178927
13.64102576	-82.92541488
13.64835177	-83.03478407
13.65567777	-86.71419291
13.66300378	-93.07857570
13.67032979	-82.61463294
13.67765580	-84.52870988
13.68498180	-85.17021050
13.69230781	-82.99559462
13.69963382	-93.18272792
13.70695983	-80.86198606
13.71428583	-78.87738698
13.72161184	-84.90844380
13.72893785	-81.98515168
13.73626386	-81.67631652
13.74358986	-82.62349295
13.75091587	-85.55382745
13.75824188	-79.27438140
13.76556788	-87.11974073
13.77289389	-76.90115447
13.78021990	-80.73745198
13.78754591	-88.03672405
13.79487191	-96.89712273
13.80219792	-79.16515150
13.80952393	-77.71026871
13.81684994	-91.87375648
13.82417594	-85.31032977
13.83150195	-96.25862202
13.83882796	-85.01914793
13.84615397	-84.85792603
13.85347997	-86.61757035
13.86080598	-82.34916317
13.86813199	-84.32776143
13.87545800	-87.29817710
13.88278400	-89.08955478
13.89011001	-83.86954966
13.89743602	-83.94808978
13.90476203	-81.28367160
13.91208803	-85.45560251
13.91941404	-82.00991076
13.92674005	-77.13112631
13.93406605	-83.01059014
13.94139206	-86.95632277
13.94871807	-83.57501047
13.95604408	-87.79832837
13.96337008	-92.12859290
13.97069609	-82.04985437
13.97802210	-82.89524228
13.98534811	-83.60286626
13.99267411	-81.90628408
14.00000012	-83.29142689
14.00732613	-85.17427228
14.01465214	-96.60453816
14.02197814	-83.45020697
14.02930415	-78.59240278
14.03663016	-79.10658403
14.04395617	-87.51048545
14.05128217	-86.20011426
14.05860818	-83.05719073
14.06593419	-84.79102295
14.07326020	-92.50374663
14.08058620	-82.60275130
14.08791221	-78.88961894
14.09523822	-83.26116221
14.10256422	-78.40177298
14.10989023	-81.12871451
14.11721624	-85.03998104
14.12454225	-76.99684885
14.13186825	-80.47596169
14.13919426	-93.37506975
14.14652027	-88.27750091
14.15384628	-85.08682888
14.16117228	-81.69362583
14.16849829	-88.26069852
14.17582430	-86.47506979
14.18315031	-80.50430069
14.19047631	-79.13204307
14.19780232	-79.97708972
14.20512833	-85.68754692
14.21245434	-85.94254064
14.21978034	-86.33804062
14.22710635	-82.40016132
14.23443236	-75.65179663
14.24175837	-79.58371832
14.24908437	-95.21153099
14.25641038	-91.12505005
14.26373639	-88.08364529
14.27106239	-86.55377701
14.27838840	-78.10570309
14.28571441	-79.48831909
14.29304042	-80.95174030
14.30036642	-76.92672829
14.30769243	-75.90113321
14.31501844	-84.82707366
14.32234445	-81.79753205
14.32967045	-82.66889213
14.33699646	-85.11702345
14.34432247	-86.13724400
14.35164848	-85.84801839
14.35897448	-78.80447876
14.36630049	-81.31805187
14.37362650	-88.87886146
14.38095251	-80.82988820
14.38827851	-84.96566353
14.39560452	-81.75997051
14.40293053	-81.29945347
14.41025653	-82.13867549
14.41758254	-83.64935953
14.42490855	-87.42422989
14.43223456	-82.58124859
14.43956056	-77.78503789
14.44688657	-79.12626714
14.45421258	-84.49078047
14.46153859	-83.75206110
14.46886459	-88.33246821
14.47619060	-85.47709387
14.48351661	-88.42025722
14.49084262	-77.95286259
14.49816862	-77.92299922
14.50549463	-76.27062390
14.51282064	-76.18147982
14.52014665	-85.35200618
14.52747265	-81.21331804
14.53479866	-80.39561321
14.54212467	-82.18843206
14.54945068	-82.75674318
14.55677668	-81.81358720
14.56410269	-77.74057282
14.57142870	-78.41976255
14.57875470	-78.88008903
14.58608071	-77.64047373
14.59340672	-84.96584791
14.60073273	-81.24124371
14.60805873	-80.08414846
14.61538474	-83.25852626
14.62271075	-82.21141632
14.63003676	-79.81416984
14.63736276	-77.11976452
14.64468877	-78.24750968
14.65201478	-93.00190247
14.65934079	-82.63716597
14.66666679	-82.46117947
14.67399280	-87.35357014
14.68131881	-86.96689125
14.68864482	-89.57734087
14.69597082	-86.42280554
14.70329683	-79.16626177
14.71062284	-79.74172965
14.71794885	-83.14510385
14.72527485	-83.31473227
14.73260086	-100.69530015
14.73992687	-79.39607138
14.74725287	-75.73385471
14.75457888	-76.09494209
14.76190489	-80.51268257
14.76923090	-84.02102579
14.77655690	-81.48145392
14.78388291	-82.09302932
14.79120892	-83.90869612
14.79853493	-83.40082527
14.80586093	-85.15653898
14.81318694	-87.85716725
14.82051295	-90.99363971
14.82783896	-80.40499093
14.83516496	-79.02895216
14.84249097	-83.99592719
14.84981698	-92.75873083
14.85714299	-88.21315101
14.86446899	-85.23750411
14.87179500	-94.15998111
14.87912101	-86.69412222
14.88644702	-85.76014795
14.89377302	-105.00942491
14.90109903	-89.79126299
14.90842504	-92.77575250
14.91575104	-84.07610418
14.92307705	-82.72510877
14.93040306	-83.60043214
14.93772907	-84.57738754
14.94505507	-81.41016698
14.95238108	-84.22633756
14.95970709	-103.72874229
14.96703310	-86.31518129
14.97435910	-86.78292492
14.98168511	-109.12611205
14.98901112	-90.72944666
14.99633713	-92.47847468
