# Menlo Systems GmbH ScanControl
# Program Version 1.3.3
# Start: -65.00000000 ps, Average over 1000 waveforms. Timestamp: 2020-01-11T13:41:15
# Window type: Tukey, parameters: alpha = 0.2
# User time axis shift: 0 ps
# Frequency [THz]	THz Signal [a.u.]
0.00000000	-42.77443674
0.00732601	-22.96644466
0.01465201	-17.88792386
0.02197802	-18.09965421
0.02930403	-26.42653696
0.03663004	-25.82462756
0.04395604	-17.87426216
0.05128205	-13.09042855
0.05860806	-14.20449327
0.06593407	-15.25688027
0.07326007	-9.60523703
0.08058608	-12.76985650
0.08791209	-16.36559824
0.09523810	-6.23944247
0.10256410	-5.92997162
0.10989011	-12.01176958
0.11721612	-7.00145919
0.12454213	-4.45766315
0.13186813	-8.33284771
0.13919414	-7.61026669
0.14652015	-3.32709334
0.15384616	-3.91192273
0.16117216	-4.34847671
0.16849817	-1.87782590
0.17582418	-2.49499517
0.18315019	-5.81589174
0.19047619	-2.90461579
0.19780220	-0.66102134
0.20512821	-1.22665911
0.21245421	-1.63908674
0.21978022	-0.66540514
0.22710623	-0.82834913
0.23443224	-1.94662044
0.24175824	-1.52085333
0.24908425	-0.27000636
0.25641026	0.00000000
0.26373627	-0.33151474
0.27106227	-0.31203580
0.27838828	-0.65980188
0.28571429	-1.82851497
0.29304030	-1.71502828
0.30036630	-0.57797914
0.30769231	-0.52487142
0.31501832	-0.89542379
0.32234433	-0.59566463
0.32967033	-0.90245621
0.33699634	-2.20319568
0.34432235	-2.35596179
0.35164836	-1.62208869
0.35897436	-1.46639043
0.36630037	-1.37540550
0.37362638	-1.51679825
0.38095238	-2.10509348
0.38827839	-2.42310393
0.39560440	-2.67934685
0.40293041	-2.93584679
0.41025641	-2.68444214
0.41758242	-2.60122740
0.42490843	-2.95881119
0.43223444	-3.41701487
0.43956044	-3.98243970
0.44688645	-4.28185629
0.45421246	-4.19246006
0.46153847	-4.25404187
0.46886447	-4.43575366
0.47619048	-4.61611257
0.48351649	-4.88404329
0.49084250	-5.33726915
0.49816850	-5.86033319
0.50549451	-5.83452301
0.51282052	-5.71616111
0.52014653	-6.18941932
0.52747253	-6.66598249
0.53479854	-6.91688716
0.54212455	-7.34490052
0.54945056	-8.14791843
0.55677656	-9.21119815
0.56410257	-8.96663638
0.57142858	-8.28654100
0.57875458	-8.83032195
0.58608059	-9.33176962
0.59340660	-9.27981673
0.60073261	-9.83953235
0.60805861	-10.12377631
0.61538462	-10.20004865
0.62271063	-10.88916455
0.63003664	-11.18157682
0.63736264	-11.43405069
0.64468865	-12.24500584
0.65201466	-12.65128344
0.65934067	-13.06817914
0.66666667	-13.75957044
0.67399268	-14.14132982
0.68131869	-14.72657399
0.68864470	-15.32777160
0.69597070	-15.81447160
0.70329671	-16.65390061
0.71062272	-17.16406642
0.71794873	-17.55368518
0.72527473	-18.34874821
0.73260074	-18.79245884
0.73992675	-19.36556793
0.74725275	-20.63897853
0.75457876	-21.41121375
0.76190477	-21.43864976
0.76923078	-21.77574174
0.77655678	-22.46733755
0.78388279	-23.11226779
0.79120880	-23.63224930
0.79853481	-24.29213088
0.80586081	-25.12413086
0.81318682	-25.79864791
0.82051283	-26.35883954
0.82783884	-26.98112512
0.83516484	-27.55879381
0.84249085	-28.20071323
0.84981686	-28.87779000
0.85714287	-29.49729386
0.86446887	-30.15572962
0.87179488	-30.61100813
0.87912089	-31.13122303
0.88644690	-31.95926794
0.89377290	-32.60129766
0.90109891	-33.23172917
0.90842492	-33.92002392
0.91575093	-34.56097394
0.92307693	-35.46088758
0.93040294	-36.10500515
0.93772895	-36.74101425
0.94505495	-37.74388056
0.95238096	-38.42426939
0.95970697	-39.20046552
0.96703298	-39.93795184
0.97435898	-40.38280048
0.98168499	-41.71298507
0.98901100	-43.29798257
0.99633701	-43.43884805
1.00366301	-43.45507123
1.01098902	-44.63635883
1.01831503	-46.15514540
1.02564104	-46.35116725
1.03296704	-46.92842555
1.04029305	-48.34638450
1.04761906	-48.85619349
1.05494507	-49.38797450
1.06227107	-50.60267634
1.06959708	-51.70475811
1.07692309	-52.40260856
1.08424910	-53.46274429
1.09157510	-55.79518600
1.09890111	-58.02813673
1.10622712	-58.18457957
1.11355312	-57.22988908
1.12087913	-57.42364344
1.12820514	-59.48074473
1.13553115	-59.92071925
1.14285715	-59.41953306
1.15018316	-60.36787025
1.15750917	-62.28025909
1.16483518	-66.88892599
1.17216118	-63.49325462
1.17948719	-62.03575460
1.18681320	-67.20492443
1.19413921	-63.08594515
1.20146521	-62.31283995
1.20879122	-72.92538899
1.21611723	-65.14650163
1.22344324	-66.92482298
1.23076924	-69.61008087
1.23809525	-66.27164021
1.24542126	-68.47023391
1.25274727	-93.80705910
1.26007327	-67.31477543
1.26739928	-68.84621233
1.27472529	-69.03104226
1.28205130	-68.72136399
1.28937730	-74.29455821
1.29670331	-67.52941728
1.30402932	-74.92157832
1.31135532	-77.62959829
1.31868133	-72.32645338
1.32600734	-70.84388149
1.33333335	-76.58901784
1.34065935	-76.26641950
1.34798536	-77.55311895
1.35531137	-71.48846176
1.36263738	-72.65858482
1.36996338	-75.66480377
1.37728939	-75.93993021
1.38461540	-91.84912746
1.39194141	-84.28306854
1.39926741	-84.49772719
1.40659342	-80.73528273
1.41391943	-81.46283776
1.42124544	-80.79294805
1.42857144	-79.31885084
1.43589745	-87.01925416
1.44322346	-77.17176619
1.45054947	-70.21555322
1.45787547	-71.37653899
1.46520148	-78.03749816
1.47252749	-73.22606837
1.47985349	-76.95797252
1.48717950	-77.27078109
1.49450551	-75.57046290
1.50183152	-85.01315611
1.50915752	-71.73519881
1.51648353	-73.88613516
1.52380954	-71.55798942
1.53113555	-71.51985005
1.53846155	-75.61025932
1.54578756	-78.47971220
1.55311357	-72.32146282
1.56043958	-77.41469645
1.56776558	-79.38877955
1.57509159	-77.50050439
1.58241760	-89.09331772
1.58974361	-92.44544519
1.59706961	-94.71759084
1.60439562	-81.12410372
1.61172163	-75.76082940
1.61904764	-75.88676912
1.62637364	-76.83295709
1.63369965	-88.89841696
1.64102566	-80.40030778
1.64835167	-90.15026609
1.65567767	-81.54351317
1.66300368	-84.16852690
1.67032969	-88.46695601
1.67765569	-75.45649864
1.68498170	-72.35613297
1.69230771	-73.49269328
1.69963372	-80.94523100
1.70695972	-81.06585263
1.71428573	-78.97202563
1.72161174	-96.43920972
1.72893775	-83.71123108
1.73626375	-80.19057888
1.74358976	-81.54072664
1.75091577	-106.96717271
1.75824178	-78.84240643
1.76556778	-75.53226386
1.77289379	-76.50859649
1.78021980	-81.45655644
1.78754581	-86.15046029
1.79487181	-78.28223517
1.80219782	-82.39918816
1.80952383	-85.06848062
1.81684984	-77.69819744
1.82417584	-77.54106396
1.83150185	-88.03402594
1.83882786	-85.10240257
1.84615386	-78.72679831
1.85347987	-71.27572529
1.86080588	-75.86174723
1.86813189	-76.73649969
1.87545789	-70.34946158
1.88278390	-74.43294402
1.89010991	-84.94711116
1.89743592	-75.72889887
1.90476192	-81.28214315
1.91208793	-87.54457057
1.91941394	-87.44064942
1.92673995	-83.89056756
1.93406595	-85.51716559
1.94139196	-86.93722802
1.94871797	-75.80896153
1.95604398	-76.10724896
1.96336998	-81.45947825
1.97069599	-73.62211975
1.97802200	-74.29846684
1.98534801	-77.75556572
1.99267401	-77.60222115
2.00000002	-79.74084219
2.00732603	-80.49112809
2.01465204	-75.55650753
2.02197804	-75.54105007
2.02930405	-83.75314645
2.03663006	-84.95333295
2.04395606	-80.13742162
2.05128207	-84.69873877
2.05860808	-87.98944130
2.06593409	-80.09335384
2.07326009	-83.52834980
2.08058610	-90.14783662
2.08791211	-88.41353336
2.09523812	-80.18377517
2.10256412	-82.99608843
2.10989013	-77.32021912
2.11721614	-74.68804334
2.12454215	-81.44714282
2.13186815	-74.33457342
2.13919416	-76.20977315
2.14652017	-76.96198724
2.15384618	-86.13873655
2.16117218	-77.75999875
2.16849819	-75.19344850
2.17582420	-84.07165719
2.18315021	-80.95852883
2.19047621	-79.31646996
2.19780222	-76.66133312
2.20512823	-77.45940412
2.21245424	-88.03914821
2.21978024	-92.16213640
2.22710625	-78.84267336
2.23443226	-75.32720899
2.24175826	-75.92955801
2.24908427	-78.50732625
2.25641028	-85.03128649
2.26373629	-95.32322531
2.27106229	-85.76779269
2.27838830	-88.15913828
2.28571431	-78.01047566
2.29304032	-75.75208735
2.30036632	-80.43769939
2.30769233	-112.62188972
2.31501834	-87.11419392
2.32234435	-81.21695212
2.32967035	-76.54681203
2.33699636	-77.24529221
2.34432237	-86.05024708
2.35164838	-85.18309235
2.35897438	-80.80574692
2.36630039	-79.47796225
2.37362640	-78.67791094
2.38095241	-79.22268672
2.38827841	-84.37974534
2.39560442	-78.35784808
2.40293043	-79.26391884
2.41025643	-87.10654212
2.41758244	-89.07435762
2.42490845	-86.45788927
2.43223446	-92.88506088
2.43956046	-77.97700600
2.44688647	-77.54469668
2.45421248	-96.12924497
2.46153849	-81.12328898
2.46886449	-85.76172540
2.47619050	-90.37517545
2.48351651	-96.49444668
2.49084252	-85.85127425
2.49816852	-86.86321844
2.50549453	-96.36247942
2.51282054	-84.25828585
2.52014655	-87.84996195
2.52747255	-78.72039491
2.53479856	-74.77054597
2.54212457	-77.08057252
2.54945058	-77.84943431
2.55677658	-78.24040366
2.56410259	-90.18360380
2.57142860	-83.24703868
2.57875461	-80.95339014
2.58608061	-86.70174439
2.59340662	-84.67029894
2.60073263	-77.60334048
2.60805863	-77.31061922
2.61538464	-82.57771563
2.62271065	-89.37979610
2.63003666	-78.62046039
2.63736266	-75.77393606
2.64468867	-84.78051387
2.65201468	-77.79971539
2.65934069	-78.85509628
2.66666669	-93.74832331
2.67399270	-87.81258153
2.68131871	-82.55749861
2.68864472	-76.72121755
2.69597072	-75.49710093
2.70329673	-76.85038329
2.71062274	-75.42234417
2.71794875	-76.67467292
2.72527475	-76.07601998
2.73260076	-76.21179565
2.73992677	-81.95895402
2.74725278	-82.19497868
2.75457878	-94.43010815
2.76190479	-77.63545092
2.76923080	-79.78582857
2.77655680	-81.02063444
2.78388281	-80.20454452
2.79120882	-92.64947412
2.79853483	-83.60214675
2.80586083	-90.93343087
2.81318684	-81.72741937
2.82051285	-80.37097086
2.82783886	-75.22255988
2.83516486	-76.66087011
2.84249087	-82.84933138
2.84981688	-85.04492488
2.85714289	-79.83246724
2.86446889	-78.70230964
2.87179490	-83.47227787
2.87912091	-83.02333661
2.88644692	-81.77195231
2.89377292	-101.17977001
2.90109893	-81.79167864
2.90842494	-83.68034506
2.91575095	-78.58823347
2.92307695	-77.80748217
2.93040296	-78.37275176
2.93772897	-81.66643822
2.94505498	-79.81723976
2.95238098	-76.42255406
2.95970699	-92.34180752
2.96703300	-81.19662308
2.97435900	-93.04187861
2.98168501	-78.06148457
2.98901102	-76.51231110
2.99633703	-82.33990504
3.00366303	-98.67633710
3.01098904	-85.64530265
3.01831505	-82.40423238
3.02564106	-82.48160519
3.03296706	-81.21861568
3.04029307	-89.63633400
3.04761908	-95.74291374
3.05494509	-87.71965175
3.06227109	-80.91298469
3.06959710	-75.57305317
3.07692311	-74.77506773
3.08424912	-81.48733076
3.09157512	-82.57329918
3.09890113	-99.09471127
3.10622714	-83.90796486
3.11355315	-78.22651641
3.12087915	-73.20922398
3.12820516	-76.51064779
3.13553117	-83.51583300
3.14285717	-86.39352223
3.15018318	-80.11090484
3.15750919	-92.60814195
3.16483520	-78.90726217
3.17216120	-80.56953735
3.17948721	-75.19992006
3.18681322	-77.02184670
3.19413923	-78.66870230
3.20146523	-72.94298484
3.20879124	-82.98997079
3.21611725	-77.95968601
3.22344326	-91.67722336
3.23076926	-78.13589310
3.23809527	-80.38241881
3.24542128	-96.85862023
3.25274729	-91.04872487
3.26007329	-86.16596875
3.26739930	-82.97575547
3.27472531	-80.22865122
3.28205132	-89.40595945
3.28937732	-83.26266251
3.29670333	-86.57886904
3.30402934	-79.44996400
3.31135535	-89.08113360
3.31868135	-81.29971791
3.32600736	-84.15668234
3.33333337	-75.00210445
3.34065937	-78.21572721
3.34798538	-82.37973286
3.35531139	-73.88921071
3.36263740	-73.41325826
3.36996340	-78.09126943
3.37728941	-78.74966183
3.38461542	-86.39757230
3.39194143	-77.66633723
3.39926743	-73.10649286
3.40659344	-75.91662841
3.41391945	-98.85438427
3.42124546	-88.96521298
3.42857146	-85.76298310
3.43589747	-80.10684492
3.44322348	-81.51954427
3.45054949	-78.34031234
3.45787549	-81.87189112
3.46520150	-82.22687114
3.47252751	-83.20174999
3.47985352	-78.66344206
3.48717952	-79.43104220
3.49450553	-81.14230878
3.50183154	-73.39530363
3.50915754	-80.72587167
3.51648355	-78.30180945
3.52380956	-76.70938129
3.53113557	-88.00260334
3.53846157	-84.25731444
3.54578758	-92.08876249
3.55311359	-85.98492501
3.56043960	-81.70311358
3.56776560	-80.85961997
3.57509161	-79.47312753
3.58241762	-76.88641575
3.58974363	-76.76630033
3.59706963	-85.07033873
3.60439564	-80.48305587
3.61172165	-75.98674778
3.61904766	-87.21247134
3.62637366	-77.54667809
3.63369967	-78.58589676
3.64102568	-79.85934923
3.64835169	-73.06573814
3.65567769	-77.65497591
3.66300370	-89.79927796
3.67032971	-84.39694261
3.67765572	-85.00512741
3.68498172	-81.14524456
3.69230773	-81.43829497
3.69963374	-85.19113231
3.70695974	-79.35131998
3.71428575	-76.81191860
3.72161176	-80.81299469
3.72893777	-77.26691050
3.73626377	-79.21308855
3.74358978	-90.93255130
3.75091579	-103.58393477
3.75824180	-79.15533403
3.76556780	-78.66092633
3.77289381	-95.73593516
3.78021982	-85.56611229
3.78754583	-101.15216594
3.79487183	-83.45706130
3.80219784	-81.22041903
3.80952385	-78.91988160
3.81684986	-77.44941105
3.82417586	-79.11423985
3.83150187	-79.75743445
3.83882788	-83.66147134
3.84615389	-84.19035295
3.85347989	-92.85211488
3.86080590	-75.23704288
3.86813191	-75.01123422
3.87545791	-86.84631390
3.88278392	-89.20056997
3.89010993	-77.91563454
3.89743594	-75.01013125
3.90476194	-89.77458409
3.91208795	-80.33300946
3.91941396	-88.69746131
3.92673997	-84.23027617
3.93406597	-89.38169218
3.94139198	-85.25594935
3.94871799	-82.08523308
3.95604400	-83.65798802
3.96337000	-84.90578119
3.97069601	-83.73739050
3.97802202	-79.00033889
3.98534803	-83.81493944
3.99267403	-79.50994603
4.00000004	-78.10746875
4.00732605	-81.13120964
4.01465206	-79.89599629
4.02197806	-81.68941166
4.02930407	-82.96972904
4.03663008	-85.66415333
4.04395609	-88.74725301
4.05128209	-88.02779996
4.05860810	-80.14806376
4.06593411	-72.52304358
4.07326011	-73.71987537
4.08058612	-78.17021585
4.08791213	-75.73363451
4.09523814	-77.87696728
4.10256414	-85.07746310
4.10989015	-95.14692719
4.11721616	-89.63172738
4.12454217	-81.45704978
4.13186817	-74.20474269
4.13919418	-73.50751630
4.14652019	-76.40987179
4.15384620	-79.61875652
4.16117220	-79.44310178
4.16849821	-80.44709843
4.17582422	-94.38359986
4.18315023	-75.23154184
4.19047623	-73.15115737
4.19780224	-79.59041449
4.20512825	-82.83718420
4.21245426	-74.68604795
4.21978026	-75.28552942
4.22710627	-81.16774159
4.23443228	-87.37031058
4.24175829	-81.57454837
4.24908429	-87.88827980
4.25641030	-84.53101298
4.26373631	-79.95555610
4.27106231	-81.57378102
4.27838832	-86.32134599
4.28571433	-77.59135973
4.29304034	-79.91342621
4.30036634	-74.57967501
4.30769235	-79.49573471
4.31501836	-77.90265477
4.32234437	-74.54851999
4.32967037	-85.94582945
4.33699638	-83.07433665
4.34432239	-87.91816208
4.35164840	-84.80313444
4.35897440	-83.45480335
4.36630041	-92.40643620
4.37362642	-80.06138834
4.38095243	-79.20185499
4.38827843	-85.50807382
4.39560444	-79.19334776
4.40293045	-95.78813385
4.41025646	-81.49069006
4.41758246	-91.91078363
4.42490847	-81.72218145
4.43223448	-80.56273629
4.43956048	-81.08650933
4.44688649	-81.73506317
4.45421250	-77.17381904
4.46153851	-81.48732455
4.46886451	-80.42437362
4.47619052	-76.73148152
4.48351653	-93.84310533
4.49084254	-77.05569079
4.49816854	-84.39497219
4.50549455	-79.02507801
4.51282056	-79.54759777
4.52014657	-81.70531137
4.52747257	-75.01172198
4.53479858	-81.39136751
4.54212459	-85.92299396
4.54945060	-83.65059789
4.55677660	-87.01648984
4.56410261	-83.60654299
4.57142862	-89.06044121
4.57875463	-77.89809874
4.58608063	-78.46671649
4.59340664	-77.92342576
4.60073265	-85.72004105
4.60805866	-78.55347304
4.61538466	-75.30353595
4.62271067	-87.81617792
4.63003668	-80.30528600
4.63736268	-85.26313922
4.64468869	-82.44820831
4.65201470	-80.06805523
4.65934071	-85.98880459
4.66666671	-80.39745706
4.67399272	-79.61478272
4.68131873	-83.11100328
4.68864474	-87.09942874
4.69597074	-83.36179924
4.70329675	-81.08669650
4.71062276	-79.19177462
4.71794877	-79.26275752
4.72527477	-82.03222382
4.73260078	-78.19095751
4.73992679	-78.13111099
4.74725280	-84.24455338
4.75457880	-84.06395197
4.76190481	-81.40490738
4.76923082	-86.10719241
4.77655683	-84.32292358
4.78388283	-77.78778298
4.79120884	-75.41206968
4.79853485	-78.05137494
4.80586085	-85.01407145
4.81318686	-78.97902213
4.82051287	-81.74121839
4.82783888	-88.81411210
4.83516488	-78.98271577
4.84249089	-75.68485684
4.84981690	-77.84011899
4.85714291	-83.97716936
4.86446891	-98.53539073
4.87179492	-93.11557067
4.87912093	-85.39744798
4.88644694	-84.61437957
4.89377294	-87.11668204
4.90109895	-105.19894222
4.90842496	-87.32970576
4.91575097	-83.08701619
4.92307697	-81.55419115
4.93040298	-78.56421886
4.93772899	-75.07378206
4.94505500	-78.57054862
4.95238100	-79.21290818
4.95970701	-80.75207613
4.96703302	-82.67319961
4.97435903	-83.73432166
4.98168503	-86.89445754
4.98901104	-86.21915837
4.99633705	-95.29299692
5.00366305	-92.30885384
5.01098906	-81.01842761
5.01831507	-80.81925826
5.02564108	-88.59306143
5.03296708	-86.74052776
5.04029309	-79.79486638
5.04761910	-76.83177712
5.05494511	-78.54501905
5.06227111	-98.12900240
5.06959712	-81.85650004
5.07692313	-79.76939658
5.08424914	-77.45458315
5.09157514	-73.87755941
5.09890115	-74.95728649
5.10622716	-81.35847415
5.11355317	-87.36831320
5.12087917	-83.31304008
5.12820518	-90.05019437
5.13553119	-77.25367608
5.14285720	-77.49908397
5.15018320	-87.85323622
5.15750921	-77.71386200
5.16483522	-88.76843205
5.17216122	-80.85902847
5.17948723	-78.96770487
5.18681324	-83.10787503
5.19413925	-91.08423680
5.20146525	-80.70172596
5.20879126	-77.91334395
5.21611727	-80.29156715
5.22344328	-82.97669782
5.23076928	-82.48819184
5.23809529	-81.33204962
5.24542130	-89.04973266
5.25274731	-84.48052719
5.26007331	-80.85321396
5.26739932	-96.87417101
5.27472533	-77.54825574
5.28205134	-73.29887392
5.28937734	-76.11577875
5.29670335	-91.26780452
5.30402936	-77.70881140
5.31135537	-81.07093475
5.31868137	-83.47953080
5.32600738	-78.09060699
5.33333339	-80.93535829
5.34065940	-89.77339596
5.34798540	-87.43109036
5.35531141	-83.52365996
5.36263742	-90.99907506
5.36996342	-81.94533626
5.37728943	-78.68389532
5.38461544	-84.45658488
5.39194145	-85.94261971
5.39926745	-82.16885817
5.40659346	-80.81256811
5.41391947	-83.80716385
5.42124548	-82.67585683
5.42857148	-77.31001429
5.43589749	-80.15143036
5.44322350	-86.19477209
5.45054951	-86.72903938
5.45787551	-83.16140855
5.46520152	-80.90346504
5.47252753	-84.35139551
5.47985354	-92.68187412
5.48717954	-81.22040129
5.49450555	-78.39277565
5.50183156	-79.13868963
5.50915757	-75.78392559
5.51648357	-75.62513358
5.52380958	-83.33300172
5.53113559	-85.22377463
5.53846159	-87.71089193
5.54578760	-95.06244911
5.55311361	-80.38528213
5.56043962	-77.29827310
5.56776562	-82.40940487
5.57509163	-84.08196914
5.58241764	-79.09476157
5.58974365	-79.60238194
5.59706965	-86.20553851
5.60439566	-91.45034481
5.61172167	-104.62134074
5.61904768	-83.33533616
5.62637368	-82.26946764
5.63369969	-95.02809900
5.64102570	-86.02984318
5.64835171	-86.38285315
5.65567771	-87.36759072
5.66300372	-84.26177416
5.67032973	-74.15702945
5.67765574	-74.90906407
5.68498174	-85.77849187
5.69230775	-84.17198657
5.69963376	-80.48126425
5.70695977	-82.62734551
5.71428577	-78.50317847
5.72161178	-78.95863359
5.72893779	-85.15506697
5.73626379	-81.92519437
5.74358980	-83.76800988
5.75091581	-76.80306931
5.75824182	-79.59404470
5.76556782	-89.46355452
5.77289383	-77.53337968
5.78021984	-78.70921318
5.78754585	-77.85322664
5.79487185	-78.05484577
5.80219786	-91.41883858
5.80952387	-85.93473494
5.81684988	-90.30409787
5.82417588	-84.11753035
5.83150189	-79.99497718
5.83882790	-80.09269105
5.84615391	-81.40282468
5.85347991	-83.21052519
5.86080592	-92.86543536
5.86813193	-89.93510908
5.87545794	-94.76418702
5.88278394	-85.83510057
5.89010995	-84.33348581
5.89743596	-81.43394933
5.90476196	-76.88824415
5.91208797	-84.18840164
5.91941398	-84.75271882
5.92673999	-83.38589574
5.93406599	-91.19427574
5.94139200	-96.47018650
5.94871801	-91.94433743
5.95604402	-82.07255030
5.96337002	-79.05777876
5.97069603	-84.38691348
5.97802204	-83.37809028
5.98534805	-86.76372804
5.99267405	-78.09777473
6.00000006	-78.05287054
6.00732607	-82.10326564
6.01465208	-90.64741450
6.02197808	-80.40533313
6.02930409	-76.81884547
6.03663010	-80.35087361
6.04395611	-95.19650585
6.05128211	-79.32028706
6.05860812	-80.27543357
6.06593413	-85.45470307
6.07326014	-77.57490557
6.08058614	-77.34383802
6.08791215	-89.46936860
6.09523816	-78.55060485
6.10256416	-78.17819505
6.10989017	-84.99054437
6.11721618	-88.77393229
6.12454219	-82.03601105
6.13186819	-82.62897390
6.13919420	-89.26032725
6.14652021	-81.59621415
6.15384622	-77.22734611
6.16117222	-83.69235695
6.16849823	-80.77851745
6.17582424	-83.35872669
6.18315025	-80.02712671
6.19047625	-75.62227982
6.19780226	-85.90756027
6.20512827	-80.65736553
6.21245428	-79.61163334
6.21978028	-76.21756940
6.22710629	-76.26577706
6.23443230	-85.14873926
6.24175831	-88.00160199
6.24908431	-93.85783590
6.25641032	-75.32366435
6.26373633	-71.52257118
6.27106233	-75.61377375
6.27838834	-80.40948672
6.28571435	-75.81181034
6.29304036	-78.76086685
6.30036636	-80.87229524
6.30769237	-78.42436069
6.31501838	-83.94868559
6.32234439	-84.95052528
6.32967039	-79.50562918
6.33699640	-89.12533537
6.34432241	-84.16821337
6.35164842	-80.58560783
6.35897442	-75.54738806
6.36630043	-79.21566136
6.37362644	-81.24936703
6.38095245	-77.52019584
6.38827845	-82.02857497
6.39560446	-91.33846863
6.40293047	-101.00433739
6.41025648	-84.90050513
6.41758248	-81.42173828
6.42490849	-85.53337992
6.43223450	-92.20934369
6.43956051	-77.14070958
6.44688651	-76.49313893
6.45421252	-91.72769902
6.46153853	-75.64984367
6.46886453	-77.15765578
6.47619054	-82.99100638
6.48351655	-81.20117405
6.49084256	-82.58687317
6.49816856	-82.17820995
6.50549457	-80.87743149
6.51282058	-79.65173084
6.52014659	-72.48124948
6.52747259	-73.79722800
6.53479860	-83.10514682
6.54212461	-83.36862655
6.54945062	-80.80991208
6.55677662	-94.59998372
6.56410263	-86.28835395
6.57142864	-80.71300563
6.57875465	-78.88913231
6.58608065	-83.50698072
6.59340666	-84.05714430
6.60073267	-79.90695703
6.60805868	-79.60524122
6.61538468	-87.67003376
6.62271069	-78.85941918
6.63003670	-88.58636420
6.63736271	-85.75897594
6.64468871	-80.52657110
6.65201472	-75.71541242
6.65934073	-78.83758518
6.66666673	-86.51322207
6.67399274	-81.09863505
6.68131875	-77.46376764
6.68864476	-86.78945116
6.69597076	-78.04568915
6.70329677	-79.40508480
6.71062278	-81.19726787
6.71794879	-81.43573441
6.72527479	-90.60893778
6.73260080	-81.27311048
6.73992681	-80.03343647
6.74725282	-83.34725175
6.75457882	-83.64534170
6.76190483	-76.33573385
6.76923084	-76.86706384
6.77655685	-80.22710900
6.78388285	-77.37700058
6.79120886	-77.45460739
6.79853487	-82.96095534
6.80586088	-87.39171077
6.81318688	-82.60762001
6.82051289	-89.31925431
6.82783890	-78.85800720
6.83516490	-77.99726274
6.84249091	-77.19866327
6.84981692	-77.09168953
6.85714293	-94.92790297
6.86446893	-80.90328579
6.87179494	-83.75276430
6.87912095	-93.83080360
6.88644696	-80.24428118
6.89377296	-76.89132646
6.90109897	-85.78139065
6.90842498	-79.79191273
6.91575099	-78.43719045
6.92307699	-81.51387753
6.93040300	-92.95052915
6.93772901	-106.02467495
6.94505502	-83.94854296
6.95238102	-89.58408684
6.95970703	-79.53241035
6.96703304	-76.63317155
6.97435905	-81.46782585
6.98168505	-76.94427118
6.98901106	-78.19551298
6.99633707	-78.63541361
7.00366308	-76.66591841
7.01098908	-106.17451246
7.01831509	-75.20649725
7.02564110	-76.58821924
7.03296710	-84.14659506
7.04029311	-75.25470526
7.04761912	-78.53924965
7.05494513	-79.48221015
7.06227113	-84.24594903
7.06959714	-83.44291925
7.07692315	-78.89072689
7.08424916	-78.12513844
7.09157516	-80.98480356
7.09890117	-79.09431285
7.10622718	-85.12375510
7.11355319	-82.26295648
7.12087919	-81.39028872
7.12820520	-98.17138172
7.13553121	-84.20157533
7.14285722	-90.12805696
7.15018322	-87.74273643
7.15750923	-78.82577345
7.16483524	-77.90582665
7.17216125	-84.35082994
7.17948725	-87.29799927
7.18681326	-81.93898158
7.19413927	-81.83565140
7.20146527	-80.51436655
7.20879128	-87.47434829
7.21611729	-78.89695944
7.22344330	-83.98879047
7.23076930	-84.02634044
7.23809531	-78.41428811
7.24542132	-78.96220794
7.25274733	-83.86126806
7.26007333	-79.88507935
7.26739934	-79.86801384
7.27472535	-85.88034067
7.28205136	-91.08985103
7.28937736	-92.65753873
7.29670337	-85.58665285
7.30402938	-78.73560757
7.31135539	-78.78976279
7.31868139	-88.98550331
7.32600740	-83.82412288
7.33333341	-81.21120521
7.34065942	-85.40098077
7.34798542	-86.68437210
7.35531143	-83.05013363
7.36263744	-86.37307369
7.36996345	-79.94397750
7.37728945	-75.89129977
7.38461546	-77.03064117
7.39194147	-80.65032254
7.39926747	-84.17901436
7.40659348	-83.78655455
7.41391949	-91.81953305
7.42124550	-80.07670284
7.42857150	-79.23291086
7.43589751	-75.77927544
7.44322352	-73.50069397
7.45054953	-80.03378156
7.45787553	-81.77755598
7.46520154	-81.70874145
7.47252755	-79.94220260
7.47985356	-76.50292780
7.48717956	-86.23862582
7.49450557	-85.53978121
7.50183158	-94.49043027
7.50915759	-81.81267447
7.51648359	-81.82028742
7.52380960	-87.89998924
7.53113561	-85.72677839
7.53846162	-78.70306186
7.54578762	-77.97974990
7.55311363	-85.84957562
7.56043964	-81.91956956
7.56776564	-76.93782800
7.57509165	-80.09590713
7.58241766	-84.36567506
7.58974367	-76.91904798
7.59706967	-76.17344211
7.60439568	-81.69629095
7.61172169	-86.70812750
7.61904770	-86.09141564
7.62637370	-83.10147252
7.63369971	-81.15600384
7.64102572	-88.57295184
7.64835173	-84.56706087
7.65567773	-87.90342448
7.66300374	-84.27313814
7.67032975	-79.85624995
7.67765576	-89.31825402
7.68498176	-80.98604523
7.69230777	-81.01433973
7.69963378	-96.08056615
7.70695979	-83.10053070
7.71428579	-93.01539944
7.72161180	-84.27905954
7.72893781	-80.86369088
7.73626382	-79.97130442
7.74358982	-79.55994186
7.75091583	-81.16091714
7.75824184	-75.54990180
7.76556784	-82.82383750
7.77289385	-78.59323174
7.78021986	-75.47540308
7.78754587	-84.66868355
7.79487187	-85.74755300
7.80219788	-82.88616175
7.80952389	-85.59320063
7.81684990	-91.33181844
7.82417590	-78.98900943
7.83150191	-78.08502183
7.83882792	-86.89548795
7.84615393	-82.29163463
7.85347993	-81.21160671
7.86080594	-83.19689593
7.86813195	-79.94711866
7.87545796	-81.50322123
7.88278396	-85.61517200
7.89010997	-90.91549315
7.89743598	-86.13165070
7.90476199	-81.30895060
7.91208799	-82.15155329
7.91941400	-81.28273219
7.92674001	-84.94483838
7.93406601	-82.45335925
7.94139202	-86.00317392
7.94871803	-85.96917725
7.95604404	-79.72840447
7.96337004	-79.75646978
7.97069605	-82.18802595
7.97802206	-83.65295756
7.98534807	-83.55285693
7.99267407	-82.48507771
8.00000008	-81.04674620
8.00732609	-83.59879773
8.01465210	-86.33123460
8.02197810	-82.05170045
8.02930411	-78.02227426
8.03663012	-77.47138355
8.04395613	-81.75174858
8.05128213	-93.02434743
8.05860814	-77.83822705
8.06593415	-76.58560218
8.07326016	-85.15071113
8.08058616	-86.09010442
8.08791217	-80.73293268
8.09523818	-78.17357029
8.10256419	-80.54718445
8.10989019	-76.71793924
8.11721620	-79.73098715
8.12454221	-96.74636817
8.13186821	-90.35788624
8.13919422	-88.57657443
8.14652023	-83.83064961
8.15384624	-86.17682163
8.16117224	-90.72570200
8.16849825	-82.29218639
8.17582426	-76.35445943
8.18315027	-75.95682741
8.19047627	-79.70382762
8.19780228	-88.87730734
8.20512829	-86.44488926
8.21245430	-77.44945155
8.21978030	-79.20050250
8.22710631	-82.51803396
8.23443232	-74.42626237
8.24175833	-83.53184724
8.24908433	-76.97382169
8.25641034	-75.70545064
8.26373635	-86.95834426
8.27106236	-93.83733831
8.27838836	-81.69323671
8.28571437	-85.77284688
8.29304038	-81.61605248
8.30036638	-92.16729599
8.30769239	-75.09167284
8.31501840	-74.43890792
8.32234441	-79.78645885
8.32967041	-80.55302875
8.33699642	-81.77159381
8.34432243	-75.28868549
8.35164844	-80.57930701
8.35897444	-84.33989427
8.36630045	-82.33128839
8.37362646	-78.13025127
8.38095247	-80.88231149
8.38827847	-83.77583686
8.39560448	-80.09170113
8.40293049	-80.28700238
8.41025650	-87.62847433
8.41758250	-82.71924484
8.42490851	-81.97499798
8.43223452	-82.31236923
8.43956053	-81.74794603
8.44688653	-91.47429649
8.45421254	-81.86846066
8.46153855	-81.82181853
8.46886456	-81.21314712
8.47619056	-76.91140519
8.48351657	-82.88415572
8.49084258	-96.20373470
8.49816858	-89.86075149
8.50549459	-87.67970170
8.51282060	-94.32048762
8.52014661	-94.21082768
8.52747261	-84.98399236
8.53479862	-79.68686733
8.54212463	-84.96838358
8.54945064	-82.29233821
8.55677664	-78.81652725
8.56410265	-83.27371901
8.57142866	-90.87088765
8.57875467	-103.20114641
8.58608067	-85.44824311
8.59340668	-78.48918823
8.60073269	-78.03580445
8.60805870	-86.18534909
8.61538470	-92.96561961
8.62271071	-82.17381274
8.63003672	-79.35016191
8.63736273	-83.99645863
8.64468873	-106.74696514
8.65201474	-90.55386034
8.65934075	-99.08072579
8.66666676	-80.91699374
8.67399276	-78.85024522
8.68131877	-84.06833398
8.68864478	-84.69470666
8.69597078	-86.73373030
8.70329679	-78.90366561
8.71062280	-80.37902801
8.71794881	-89.63581255
8.72527481	-87.96479605
8.73260082	-93.92088218
8.73992683	-81.98664168
8.74725284	-77.47200032
8.75457884	-79.78360022
8.76190485	-89.80934291
8.76923086	-83.42674572
8.77655687	-79.77211330
8.78388287	-82.83833029
8.79120888	-85.40536873
8.79853489	-77.24897256
8.80586090	-79.23207559
8.81318690	-79.65669162
8.82051291	-82.33832511
8.82783892	-92.34081944
8.83516493	-83.47371436
8.84249093	-95.44897333
8.84981694	-84.02513501
8.85714295	-81.23119708
8.86446895	-80.93046667
8.87179496	-82.82761843
8.87912097	-88.41004991
8.88644698	-86.16275564
8.89377298	-86.06900433
8.90109899	-84.50835214
8.90842500	-83.16040777
8.91575101	-94.15359310
8.92307701	-78.13969731
8.93040302	-76.17449888
8.93772903	-80.28212126
8.94505504	-87.21797583
8.95238104	-82.79827206
8.95970705	-81.13921751
8.96703306	-85.36580875
8.97435907	-99.94444067
8.98168507	-85.95558482
8.98901108	-86.06577771
8.99633709	-84.66165093
9.00366310	-77.35348636
9.01098910	-77.08631410
9.01831511	-87.64513232
9.02564112	-87.52672987
9.03296713	-98.73556770
9.04029313	-88.53041194
9.04761914	-87.31099519
9.05494515	-75.89183682
9.06227115	-75.89776954
9.06959716	-78.39503650
9.07692317	-80.22453572
9.08424918	-85.97735591
9.09157518	-77.20344039
9.09890119	-79.74903164
9.10622720	-97.30811282
9.11355321	-83.55044259
9.12087921	-79.81409517
9.12820522	-89.45803685
9.13553123	-81.26288050
9.14285724	-78.75628479
9.15018324	-90.24856795
9.15750925	-85.02103475
9.16483526	-88.32487043
9.17216127	-84.58217850
9.17948727	-81.05355402
9.18681328	-81.60587747
9.19413929	-81.62052895
9.20146530	-80.31138228
9.20879130	-89.83247083
9.21611731	-79.64394280
9.22344332	-79.56218256
9.23076932	-83.97008809
9.23809533	-88.30676768
9.24542134	-82.37591424
9.25274735	-85.05123818
9.26007335	-77.32656262
9.26739936	-81.73152102
9.27472537	-89.51060237
9.28205138	-93.11502507
9.28937738	-83.74495937
9.29670339	-84.12441813
9.30402940	-92.60908045
9.31135541	-92.09640836
9.31868141	-84.96812025
9.32600742	-93.86531100
9.33333343	-86.87382017
9.34065944	-85.22444627
9.34798544	-82.28337808
9.35531145	-85.08212679
9.36263746	-88.95864733
9.36996347	-84.04613035
9.37728947	-87.22513034
9.38461548	-86.08254101
9.39194149	-82.36830572
9.39926750	-79.88304604
9.40659350	-85.05744831
9.41391951	-80.81881511
9.42124552	-78.39969751
9.42857152	-80.22421735
9.43589753	-80.76533178
9.44322354	-84.53600473
9.45054955	-105.86009342
9.45787555	-88.33324098
9.46520156	-81.54366990
9.47252757	-77.11199596
9.47985358	-80.08828681
9.48717958	-88.59351761
9.49450559	-88.66002193
9.50183160	-85.53142230
9.50915761	-84.63807195
9.51648361	-85.68429552
9.52380962	-87.87334017
9.53113563	-86.11188033
9.53846164	-81.99925022
9.54578764	-81.91397905
9.55311365	-78.12581144
9.56043966	-77.86279801
9.56776567	-81.29419582
9.57509167	-86.77139239
9.58241768	-93.75022540
9.58974369	-91.83188628
9.59706969	-89.62246549
9.60439570	-88.19886809
9.61172171	-79.49785140
9.61904772	-82.60391467
9.62637372	-84.14308395
9.63369973	-82.01726893
9.64102574	-90.86134788
9.64835175	-84.70645818
9.65567775	-79.94259504
9.66300376	-79.97577888
9.67032977	-97.68384920
9.67765578	-85.50998672
9.68498178	-83.44712702
9.69230779	-80.17769526
9.69963380	-80.00377776
9.70695981	-80.37157879
9.71428581	-82.96437396
9.72161182	-97.43900778
9.72893783	-82.08999482
9.73626384	-92.32394223
9.74358984	-78.09130072
9.75091585	-76.13218089
9.75824186	-85.04467222
9.76556787	-87.29533092
9.77289387	-85.44424105
9.78021988	-79.16590154
9.78754589	-79.12808964
9.79487189	-79.77406326
9.80219790	-83.04629878
9.80952391	-82.55466773
9.81684992	-85.79879521
9.82417592	-79.14102093
9.83150193	-75.72484884
9.83882794	-82.53244213
9.84615395	-86.67353658
9.85347995	-83.33211549
9.86080596	-97.39914233
9.86813197	-90.62539059
9.87545798	-92.86200223
9.88278398	-89.62393382
9.89010999	-88.33800598
9.89743600	-81.07986655
9.90476201	-76.50359890
9.91208801	-79.84514306
9.91941402	-84.97209936
9.92674003	-85.18164923
9.93406604	-85.46196071
9.94139204	-81.08800302
9.94871805	-86.99334757
9.95604406	-76.46249846
9.96337006	-81.44661993
9.97069607	-77.72374802
9.97802208	-75.81166235
9.98534809	-83.87825679
9.99267409	-89.44327485
10.00000010	-78.77350235
10.00732611	-76.07489387
10.01465212	-84.17556811
10.02197812	-79.90096325
10.02930413	-78.43694619
10.03663014	-81.64183242
10.04395615	-83.95025710
10.05128215	-87.85669898
10.05860816	-79.87889674
10.06593417	-76.00890229
10.07326018	-77.17760783
10.08058618	-84.23973895
10.08791219	-85.56389790
10.09523820	-80.09349591
10.10256421	-86.53845800
10.10989021	-77.92539880
10.11721622	-76.28156344
10.12454223	-82.33907066
10.13186824	-80.39239357
10.13919424	-83.21879853
10.14652025	-87.39861014
10.15384626	-86.82666175
10.16117226	-80.97699686
10.16849827	-75.63327407
10.17582428	-80.55029943
10.18315029	-83.28572487
10.19047629	-81.58994625
10.19780230	-82.86182414
10.20512831	-84.46874456
10.21245432	-82.62852182
10.21978032	-79.98887785
10.22710633	-84.49678451
10.23443234	-84.32175115
10.24175835	-77.38647752
10.24908435	-78.12511666
10.25641036	-83.28012091
10.26373637	-87.66584631
10.27106238	-77.55371242
10.27838838	-79.23876365
10.28571439	-93.06613233
10.29304040	-91.03214827
10.30036641	-101.06208371
10.30769241	-86.48362002
10.31501842	-82.38235846
10.32234443	-85.89416621
10.32967043	-94.94802313
10.33699644	-84.29598820
10.34432245	-89.99786951
10.35164846	-85.44281697
10.35897446	-81.08668230
10.36630047	-86.33680703
10.37362648	-85.89126103
10.38095249	-80.45608229
10.38827849	-79.37246921
10.39560450	-81.20492428
10.40293051	-76.64893378
10.41025652	-80.57268233
10.41758252	-88.41630302
10.42490853	-94.25680247
10.43223454	-83.86250419
10.43956055	-82.29832445
10.44688655	-79.61746647
10.45421256	-85.24476657
10.46153857	-80.68961181
10.46886458	-77.22877662
10.47619058	-88.21221291
10.48351659	-83.38987435
10.49084260	-87.37746275
10.49816861	-83.95545043
10.50549461	-83.13141927
10.51282062	-86.26426388
10.52014663	-91.41096289
10.52747263	-87.09151008
10.53479864	-81.57222670
10.54212465	-82.55780521
10.54945066	-80.29603552
10.55677666	-74.60519066
10.56410267	-77.25387932
10.57142868	-84.64277952
10.57875469	-84.82361358
10.58608069	-78.15509711
10.59340670	-80.60477153
10.60073271	-76.14999734
10.60805872	-77.32521222
10.61538472	-80.41419447
10.62271073	-89.37630409
10.63003674	-82.09796728
10.63736275	-80.26518082
10.64468875	-93.22345057
10.65201476	-84.18938308
10.65934077	-83.27902747
10.66666678	-83.98671883
10.67399278	-86.79408466
10.68131879	-97.33744600
10.68864480	-85.29206161
10.69597081	-85.60375942
10.70329681	-76.95955216
10.71062282	-76.29027627
10.71794883	-83.19097931
10.72527483	-91.37219230
10.73260084	-90.84315753
10.73992685	-85.84343037
10.74725286	-82.47760707
10.75457886	-85.75572636
10.76190487	-89.07069804
10.76923088	-88.20763202
10.77655689	-82.59065661
10.78388289	-78.43131180
10.79120890	-77.74259100
10.79853491	-83.31495361
10.80586092	-85.10227808
10.81318692	-82.77869588
10.82051293	-93.08103108
10.82783894	-80.39843253
10.83516495	-83.34128875
10.84249095	-82.99619503
10.84981696	-80.00034185
10.85714297	-81.21534533
10.86446898	-99.05159157
10.87179498	-79.76120793
10.87912099	-75.70935381
10.88644700	-78.39008822
10.89377300	-85.57593760
10.90109901	-84.22053786
10.90842502	-87.42361718
10.91575103	-87.38764939
10.92307703	-86.53638467
10.93040304	-83.29446901
10.93772905	-80.38812637
10.94505506	-80.16372319
10.95238106	-86.25705447
10.95970707	-94.31468155
10.96703308	-88.02218958
10.97435909	-81.52443444
10.98168509	-75.24933806
10.98901110	-75.15404748
10.99633711	-87.16850497
11.00366312	-79.29408926
11.01098912	-78.84044276
11.01831513	-89.27590755
11.02564114	-83.58510082
11.03296715	-91.24243856
11.04029315	-80.73079385
11.04761916	-83.74032681
11.05494517	-87.09908820
11.06227118	-80.99620153
11.06959718	-84.83734586
11.07692319	-86.85854570
11.08424920	-90.99068447
11.09157520	-82.74748573
11.09890121	-75.37259528
11.10622722	-77.66092244
11.11355323	-82.70869892
11.12087923	-85.18018329
11.12820524	-78.52649301
11.13553125	-77.03001405
11.14285726	-87.03918332
11.15018326	-79.40933155
11.15750927	-78.76049758
11.16483528	-85.79519873
11.17216129	-88.16415719
11.17948729	-96.64884247
11.18681330	-93.14158799
11.19413931	-91.59324325
11.20146532	-83.16122868
11.20879132	-90.71760983
11.21611733	-86.08355916
11.22344334	-82.72388913
11.23076935	-81.61203710
11.23809535	-81.57636202
11.24542136	-85.41678605
11.25274737	-87.77087355
11.26007337	-86.74353754
11.26739938	-85.84274857
11.27472539	-86.04805636
11.28205140	-82.43724946
11.28937740	-82.09109284
11.29670341	-89.83060769
11.30402942	-81.58866845
11.31135543	-79.27414500
11.31868143	-80.86321084
11.32600744	-80.75279472
11.33333345	-84.01185370
11.34065946	-87.34067583
11.34798546	-83.76703737
11.35531147	-80.13586300
11.36263748	-81.17206188
11.36996349	-83.39049023
11.37728949	-82.11682093
11.38461550	-80.76452866
11.39194151	-84.37318391
11.39926752	-94.48535058
11.40659352	-82.24104928
11.41391953	-85.84106797
11.42124554	-84.78284335
11.42857155	-81.52152314
11.43589755	-90.08728064
11.44322356	-89.07730946
11.45054957	-88.38342098
11.45787557	-89.11996488
11.46520158	-87.50404467
11.47252759	-91.91862038
11.47985360	-87.21259245
11.48717960	-82.34717638
11.49450561	-80.65860621
11.50183162	-80.61295743
11.50915763	-88.88592752
11.51648363	-85.59913701
11.52380964	-82.40445776
11.53113565	-78.52394478
11.53846166	-79.66506926
11.54578766	-90.49884565
11.55311367	-79.82852896
11.56043968	-83.31458085
11.56776569	-81.36502697
11.57509169	-81.01857851
11.58241770	-95.33417802
11.58974371	-84.27152385
11.59706972	-85.37176411
11.60439572	-97.64967265
11.61172173	-81.84254971
11.61904774	-82.32939562
11.62637374	-89.48679294
11.63369975	-83.36695258
11.64102576	-101.71968160
11.64835177	-78.01862524
11.65567777	-74.86374169
11.66300378	-78.76298060
11.67032979	-80.66968617
11.67765580	-83.11261505
11.68498180	-88.42217213
11.69230781	-84.10839851
11.69963382	-80.79972934
11.70695983	-80.80275417
11.71428583	-83.26722415
11.72161184	-82.26529456
11.72893785	-81.86426459
11.73626386	-97.87197126
11.74358986	-78.05187651
11.75091587	-76.36284048
11.75824188	-80.92400366
11.76556789	-85.26208868
11.77289389	-82.58996534
11.78021990	-76.42722614
11.78754591	-82.44249322
11.79487192	-76.03479404
11.80219792	-74.51228057
11.80952393	-80.64834109
11.81684994	-76.05199740
11.82417594	-78.00084616
11.83150195	-84.08038872
11.83882796	-75.70674123
11.84615397	-80.42874295
11.85347997	-81.16330040
11.86080598	-77.75541514
11.86813199	-88.43869963
11.87545800	-76.69710348
11.88278400	-79.39117539
11.89011001	-84.95142755
11.89743602	-82.04792993
11.90476203	-86.46363390
11.91208803	-83.17987062
11.91941404	-78.24419027
11.92674005	-79.21256886
11.93406606	-80.53137616
11.94139206	-77.42074183
11.94871807	-75.77246912
11.95604408	-75.91360547
11.96337009	-80.41979782
11.97069609	-95.65270587
11.97802210	-94.57454638
11.98534811	-89.56547853
11.99267411	-83.17950834
12.00000012	-82.75387690
12.00732613	-89.35667048
12.01465214	-90.98596047
12.02197814	-81.00731672
12.02930415	-77.03619725
12.03663016	-79.31635851
12.04395617	-81.49605007
12.05128217	-77.32253274
12.05860818	-81.24086148
12.06593419	-82.69256207
12.07326020	-87.14803600
12.08058620	-80.74543424
12.08791221	-76.17689006
12.09523822	-79.15526186
12.10256423	-96.84108884
12.10989023	-83.94525934
12.11721624	-81.96612146
12.12454225	-88.12752517
12.13186826	-87.16270422
12.13919426	-82.71173807
12.14652027	-82.78522504
12.15384628	-89.04184355
12.16117229	-91.00901548
12.16849829	-89.17642505
12.17582430	-89.92777595
12.18315031	-88.27020884
12.19047631	-99.12867502
12.19780232	-79.96282209
12.20512833	-76.11302053
12.21245434	-79.05310675
12.21978034	-83.56430949
12.22710635	-96.90982867
12.23443236	-83.19651031
12.24175837	-85.17328746
12.24908437	-79.91247593
12.25641038	-77.67558047
12.26373639	-97.27134173
12.27106240	-80.44344176
12.27838840	-81.41339810
12.28571441	-92.33376357
12.29304042	-83.80688433
12.30036643	-78.13276764
12.30769243	-81.71754795
12.31501844	-97.41612147
12.32234445	-79.93480072
12.32967046	-79.90336688
12.33699646	-94.99396859
12.34432247	-83.60219894
12.35164848	-93.13213154
12.35897448	-81.98474945
12.36630049	-86.95493565
12.37362650	-91.66853916
12.38095251	-91.97500389
12.38827851	-82.09958502
12.39560452	-82.84249604
12.40293053	-84.87068296
12.41025654	-84.17570953
12.41758254	-82.50067005
12.42490855	-91.97338608
12.43223456	-82.58170226
12.43956057	-78.67401369
12.44688657	-84.48214251
12.45421258	-100.23310622
12.46153859	-87.85501763
12.46886460	-78.10566077
12.47619060	-79.90966620
12.48351661	-95.47345109
12.49084262	-84.89852231
12.49816863	-77.01704321
12.50549463	-76.63454973
12.51282064	-81.28406386
12.52014665	-88.01170280
12.52747266	-83.46393886
12.53479866	-80.47933426
12.54212467	-80.54258673
12.54945068	-88.37101540
12.55677668	-81.89892190
12.56410269	-83.58744449
12.57142870	-81.99062780
12.57875471	-78.31242115
12.58608071	-86.91327214
12.59340672	-87.00112794
12.60073273	-82.16441845
12.60805874	-81.05608840
12.61538474	-94.24945838
12.62271075	-79.35061676
12.63003676	-75.44027725
12.63736277	-78.60363008
12.64468877	-93.32717633
12.65201478	-84.45397982
12.65934079	-80.31613240
12.66666680	-82.47026441
12.67399280	-86.90721176
12.68131881	-77.42912102
12.68864482	-77.88377340
12.69597083	-93.08604062
12.70329683	-82.09595905
12.71062284	-80.34735902
12.71794885	-84.77940719
12.72527486	-85.24026826
12.73260086	-81.26963744
12.73992687	-81.89799666
12.74725288	-98.60396004
12.75457888	-88.85128844
12.76190489	-92.48793058
12.76923090	-86.78603545
12.77655691	-85.36616982
12.78388291	-81.16522951
12.79120892	-86.02924059
12.79853493	-85.49144846
12.80586094	-84.60105822
12.81318694	-83.42190182
12.82051295	-81.32465135
12.82783896	-82.30675301
12.83516497	-92.19606485
12.84249097	-85.47320458
12.84981698	-88.50238899
12.85714299	-80.40962521
12.86446900	-83.39305284
12.87179500	-84.84730689
12.87912101	-92.98548825
12.88644702	-80.48713207
12.89377303	-84.07654637
12.90109903	-82.50619060
12.90842504	-81.37833710
12.91575105	-83.06603965
12.92307705	-79.55750782
12.93040306	-83.18892318
12.93772907	-85.62969879
12.94505508	-84.87841578
12.95238108	-78.77561363
12.95970709	-81.09782109
12.96703310	-80.24954704
12.97435911	-77.28831586
12.98168511	-80.60778556
12.98901112	-90.45832191
12.99633713	-86.01209670
13.00366314	-88.69607768
13.01098914	-83.95439467
13.01831515	-84.36074062
13.02564116	-82.53762170
13.03296717	-78.13069853
13.04029317	-79.46169125
13.04761918	-78.79277963
13.05494519	-82.38973196
13.06227120	-78.45323772
13.06959720	-76.49299085
13.07692321	-80.89652204
13.08424922	-86.54563645
13.09157523	-85.23100847
13.09890123	-89.77541807
13.10622724	-96.83201253
13.11355325	-87.56659199
13.12087925	-88.16859940
13.12820526	-84.16896031
13.13553127	-78.96858002
13.14285728	-77.94067537
13.15018328	-79.39448606
13.15750929	-79.83254476
13.16483530	-81.08933628
13.17216131	-82.30143388
13.17948731	-86.88639887
13.18681332	-88.30050236
13.19413933	-81.40728406
13.20146534	-85.05298202
13.20879134	-82.14914633
13.21611735	-80.73459544
13.22344336	-91.37196928
13.23076937	-83.53940215
13.23809537	-81.46627322
13.24542138	-77.34250819
13.25274739	-76.45835039
13.26007340	-87.10112887
13.26739940	-80.28066207
13.27472541	-78.54762196
13.28205142	-92.47906239
13.28937742	-81.37506574
13.29670343	-79.20743417
13.30402944	-81.11529522
13.31135545	-79.77941718
13.31868145	-82.38637117
13.32600746	-92.40911870
13.33333347	-86.04572604
13.34065948	-90.63594100
13.34798548	-84.53100213
13.35531149	-81.21730535
13.36263750	-90.11838956
13.36996351	-83.02547730
13.37728951	-93.85735110
13.38461552	-83.52113868
13.39194153	-85.78116982
13.39926754	-85.07638266
13.40659354	-80.14333490
13.41391955	-87.38260386
13.42124556	-86.58742850
13.42857157	-82.74023493
13.43589757	-118.81226100
13.44322358	-79.69172048
13.45054959	-79.78591324
13.45787560	-89.23729944
13.46520160	-78.17316239
13.47252761	-81.12363719
13.47985362	-85.73720575
13.48717962	-86.50628992
13.49450563	-84.22390672
13.50183164	-80.13422384
13.50915765	-83.60178638
13.51648365	-87.84032494
13.52380966	-80.34056480
13.53113567	-76.45738086
13.53846168	-81.39136691
13.54578768	-82.78698954
13.55311369	-83.24724850
13.56043970	-82.32211084
13.56776571	-79.59095500
13.57509171	-86.06545528
13.58241772	-98.24513883
13.58974373	-90.87644025
13.59706974	-89.75771652
13.60439574	-87.46588427
13.61172175	-89.16811078
13.61904776	-76.83523948
13.62637377	-75.20448902
13.63369977	-80.36553866
13.64102578	-90.39107858
13.64835179	-96.76371496
13.65567779	-90.60508261
13.66300380	-84.28777408
13.67032981	-86.28430548
13.67765582	-82.89565721
13.68498182	-79.91406003
13.69230783	-82.81071165
13.69963384	-85.40154662
13.70695985	-79.54705931
13.71428585	-86.46975231
13.72161186	-77.62968935
13.72893787	-85.11095758
13.73626388	-78.47423169
13.74358988	-77.13514731
13.75091589	-83.85039491
13.75824190	-80.26095257
13.76556791	-87.44835314
13.77289391	-79.07965371
13.78021992	-78.59359104
13.78754593	-84.61575551
13.79487194	-84.15727404
13.80219794	-78.47306011
13.80952395	-81.48115118
13.81684996	-91.54776217
13.82417597	-88.80421460
13.83150197	-84.49315484
13.83882798	-83.23896118
13.84615399	-80.24477574
13.85347999	-80.98736158
13.86080600	-94.70902156
13.86813201	-81.95685407
13.87545802	-94.14326707
13.88278402	-84.37306975
13.89011003	-84.55155976
13.89743604	-78.74174491
13.90476205	-90.25313406
13.91208805	-78.92122041
13.91941406	-76.89988007
13.92674007	-81.35002722
13.93406608	-97.71692729
13.94139208	-87.30482836
13.94871809	-86.28067590
13.95604410	-78.66307518
13.96337011	-83.78834209
13.97069611	-93.29202573
13.97802212	-92.77766226
13.98534813	-82.81442882
13.99267414	-90.36214233
14.00000014	-77.64135071
14.00732615	-80.41139028
14.01465216	-82.55620771
14.02197816	-82.21849210
14.02930417	-90.04110248
14.03663018	-85.98790712
14.04395619	-95.09946795
14.05128219	-83.03724402
14.05860820	-85.53986763
14.06593421	-90.79919254
14.07326022	-81.56544390
14.08058622	-79.42625007
14.08791223	-79.83748988
14.09523824	-81.72515841
14.10256425	-82.94324875
14.10989025	-79.65295856
14.11721626	-79.52262602
14.12454227	-82.67845502
14.13186828	-84.57792490
14.13919428	-89.65229292
14.14652029	-85.81649161
14.15384630	-79.69327170
14.16117231	-86.53086652
14.16849831	-83.32862956
14.17582432	-84.84852892
14.18315033	-86.34017936
14.19047634	-80.50782885
14.19780234	-91.07161579
14.20512835	-83.00548024
14.21245436	-90.14078349
14.21978036	-81.27447754
14.22710637	-79.58986186
14.23443238	-82.79149418
14.24175839	-79.76196141
14.24908439	-79.42634815
14.25641040	-82.09971359
14.26373641	-93.19166390
14.27106242	-92.06556022
14.27838842	-85.08514940
14.28571443	-81.75355908
14.29304044	-81.62066726
14.30036645	-82.57530989
14.30769245	-84.69645510
14.31501846	-94.33054583
14.32234447	-85.44731512
14.32967048	-83.84287520
14.33699648	-87.39519250
14.34432249	-91.44535491
14.35164850	-97.21464542
14.35897451	-86.21541285
14.36630051	-83.34058051
14.37362652	-82.12748532
14.38095253	-83.73138951
14.38827853	-89.11573774
14.39560454	-84.03458370
14.40293055	-85.46422454
14.41025656	-95.92786786
14.41758256	-98.14567104
14.42490857	-89.32292163
14.43223458	-83.45767642
14.43956059	-88.83297424
14.44688659	-83.53710823
14.45421260	-76.94942136
14.46153861	-76.98233347
14.46886462	-76.85870496
14.47619062	-78.51135717
14.48351663	-84.00726403
14.49084264	-93.05615417
14.49816865	-86.06391703
14.50549465	-82.16683087
14.51282066	-75.91797285
14.52014667	-78.19566945
14.52747268	-87.60917332
14.53479868	-85.82167881
14.54212469	-84.42944588
14.54945070	-85.66397162
14.55677671	-93.37417390
14.56410271	-94.86994062
14.57142872	-82.98244408
14.57875473	-78.87926423
14.58608073	-80.51759073
14.59340674	-83.34628919
14.60073275	-80.29314825
14.60805876	-77.65935969
14.61538476	-80.40344470
14.62271077	-97.94840469
14.63003678	-89.32199190
14.63736279	-98.74492776
14.64468879	-85.20915418
14.65201480	-82.11533550
14.65934081	-80.31765102
14.66666682	-80.07426916
14.67399282	-88.20966956
14.68131883	-93.04087674
14.68864484	-92.33115160
14.69597085	-89.27427115
14.70329685	-85.90195919
14.71062286	-80.84899409
14.71794887	-84.32451942
14.72527488	-102.50355171
14.73260088	-94.58954696
14.73992689	-82.90410550
14.74725290	-81.39483261
14.75457891	-81.59978665
14.76190491	-80.48188038
14.76923092	-85.02457094
14.77655693	-90.36003209
14.78388293	-83.26997167
14.79120894	-79.83881347
14.79853495	-87.66375817
14.80586096	-78.93500079
14.81318696	-76.25597900
14.82051297	-80.90661943
14.82783898	-84.31367214
14.83516499	-79.63872951
14.84249099	-77.19850570
14.84981700	-80.15235842
14.85714301	-90.03715151
14.86446902	-84.66644638
14.87179502	-85.77974915
14.87912103	-86.88332758
14.88644704	-85.56991986
14.89377305	-79.03114171
14.90109905	-79.64225902
14.90842506	-98.44947453
14.91575107	-86.31024464
14.92307708	-86.24404893
14.93040308	-78.63357099
14.93772909	-76.71587726
14.94505510	-78.70431829
14.95238110	-103.20723403
14.95970711	-80.31518793
14.96703312	-81.96467265
14.97435913	-89.19135221
14.98168513	-83.04151900
14.98901114	-82.30279509
14.99633715	-79.90996711
