# Menlo Systems GmbH ScanControl
# Program Version 1.3.3
# Start: -65.00000000 ps, Average over 1000 waveforms. Timestamp: 2020-01-11T15:46:54
# Time [ps]	THz Signal [a.u.]
-65.06666596	0.00000000
-65.03333263	0.00000002
-64.99999930	0.00000007
-64.96666596	0.00000017
-64.93333263	0.00000024
-64.89999930	0.00000042
-64.86666596	0.00000068
-64.83333263	0.00000075
-64.79999930	0.00000080
-64.76666597	0.00000101
-64.73333263	0.00000092
-64.69999930	0.00000113
-64.66666597	0.00000082
-64.63333263	0.00000032
-64.59999930	-0.00000013
-64.56666597	0.00000001
-64.53333263	-0.00000066
-64.49999930	-0.00000133
-64.46666597	-0.00000139
-64.43333263	-0.00000240
-64.39999930	-0.00000347
-64.36666597	-0.00000433
-64.33333264	-0.00000584
-64.29999930	-0.00000610
-64.26666597	-0.00000950
-64.23333264	-0.00001288
-64.19999930	-0.00001315
-64.16666597	-0.00001611
-64.13333264	-0.00001805
-64.09999930	-0.00001857
-64.06666597	-0.00001986
-64.03333264	-0.00002503
-63.99999931	-0.00002651
-63.96666597	-0.00003350
-63.93333264	-0.00003188
-63.89999931	-0.00003152
-63.86666597	-0.00003705
-63.83333264	-0.00004145
-63.79999931	-0.00005114
-63.76666597	-0.00005640
-63.73333264	-0.00006417
-63.69999931	-0.00007203
-63.66666597	-0.00007726
-63.63333264	-0.00008146
-63.59999931	-0.00009127
-63.56666598	-0.00009888
-63.53333264	-0.00010839
-63.49999931	-0.00012223
-63.46666598	-0.00012435
-63.43333264	-0.00012302
-63.39999931	-0.00013856
-63.36666598	-0.00014182
-63.33333264	-0.00014513
-63.29999931	-0.00015365
-63.26666598	-0.00015454
-63.23333265	-0.00015824
-63.19999931	-0.00016610
-63.16666598	-0.00016805
-63.13333265	-0.00014622
-63.09999931	-0.00015529
-63.06666598	-0.00016143
-63.03333265	-0.00018468
-62.99999931	-0.00016997
-62.96666598	-0.00017864
-62.93333265	-0.00017668
-62.89999931	-0.00018520
-62.86666598	-0.00018392
-62.83333265	-0.00018100
-62.79999932	-0.00019129
-62.76666598	-0.00016422
-62.73333265	-0.00014286
-62.69999932	-0.00012262
-62.66666598	-0.00010527
-62.63333265	-0.00010330
-62.59999932	-0.00008034
-62.56666598	-0.00006032
-62.53333265	-0.00005353
-62.49999932	-0.00006090
-62.46666599	0.00000282
-62.43333265	0.00001575
-62.39999932	0.00002349
-62.36666599	0.00003540
-62.33333265	0.00007303
-62.29999932	0.00009393
-62.26666599	0.00011577
-62.23333265	0.00012003
-62.19999932	0.00019896
-62.16666599	0.00020512
-62.13333266	0.00024275
-62.09999932	0.00026197
-62.06666599	0.00030519
-62.03333266	0.00037529
-61.99999932	0.00036815
-61.96666599	0.00039987
-61.93333266	0.00044227
-61.89999932	0.00046780
-61.86666599	0.00050080
-61.83333266	0.00054868
-61.79999932	0.00060001
-61.76666599	0.00060958
-61.73333266	0.00067937
-61.69999933	0.00068733
-61.66666599	0.00067107
-61.63333266	0.00074102
-61.59999933	0.00076808
-61.56666599	0.00077710
-61.53333266	0.00076721
-61.49999933	0.00077869
-61.46666599	0.00084280
-61.43333266	0.00087053
-61.39999933	0.00089152
-61.36666600	0.00095823
-61.33333266	0.00094021
-61.29999933	0.00099066
-61.26666600	0.00100022
-61.23333266	0.00100740
-61.19999933	0.00103301
-61.16666600	0.00104414
-61.13333266	0.00110465
-61.09999933	0.00104004
-61.06666600	0.00108915
-61.03333266	0.00109886
-60.99999933	0.00112007
-60.96666600	0.00109064
-60.93333267	0.00106770
-60.89999933	0.00103045
-60.86666600	0.00100569
-60.83333267	0.00100764
-60.79999933	0.00100332
-60.76666600	0.00094809
-60.73333267	0.00091882
-60.69999933	0.00087022
-60.66666600	0.00089686
-60.63333267	0.00082055
-60.59999934	0.00075977
-60.56666600	0.00071981
-60.53333267	0.00069660
-60.49999934	0.00059552
-60.46666600	0.00063120
-60.43333267	0.00058949
-60.39999934	0.00051598
-60.36666600	0.00044021
-60.33333267	0.00033782
-60.29999934	0.00030221
-60.26666600	0.00018938
-60.23333267	0.00021516
-60.19999934	0.00010370
-60.16666601	-0.00000739
-60.13333267	-0.00009843
-60.09999934	-0.00010309
-60.06666601	-0.00029053
-60.03333267	-0.00028594
-59.99999934	-0.00039803
-59.96666601	-0.00047165
-59.93333267	-0.00059223
-59.89999934	-0.00065828
-59.86666601	-0.00075650
-59.83333268	-0.00080865
-59.79999934	-0.00081594
-59.76666601	-0.00090976
-59.73333268	-0.00101622
-59.69999934	-0.00107844
-59.66666601	-0.00115086
-59.63333268	-0.00121536
-59.59999934	-0.00129842
-59.56666601	-0.00125954
-59.53333268	-0.00137930
-59.49999934	-0.00153690
-59.46666601	-0.00159174
-59.43333268	-0.00160548
-59.39999935	-0.00171752
-59.36666601	-0.00173207
-59.33333268	-0.00178574
-59.29999935	-0.00169307
-59.26666601	-0.00179379
-59.23333268	-0.00180746
-59.19999935	-0.00179674
-59.16666601	-0.00179466
-59.13333268	-0.00176716
-59.09999935	-0.00172287
-59.06666602	-0.00174924
-59.03333268	-0.00175253
-58.99999935	-0.00175239
-58.96666602	-0.00170882
-58.93333268	-0.00159826
-58.89999935	-0.00163392
-58.86666602	-0.00153205
-58.83333268	-0.00160846
-58.79999935	-0.00154615
-58.76666602	-0.00150741
-58.73333268	-0.00155432
-58.69999935	-0.00150128
-58.66666602	-0.00155712
-58.63333269	-0.00149938
-58.59999935	-0.00145111
-58.56666602	-0.00142931
-58.53333269	-0.00138740
-58.49999935	-0.00138701
-58.46666602	-0.00140100
-58.43333269	-0.00141353
-58.39999935	-0.00135611
-58.36666602	-0.00130813
-58.33333269	-0.00123875
-58.29999936	-0.00116135
-58.26666602	-0.00125020
-58.23333269	-0.00127235
-58.19999936	-0.00127591
-58.16666602	-0.00119542
-58.13333269	-0.00118556
-58.09999936	-0.00116704
-58.06666602	-0.00114964
-58.03333269	-0.00106081
-57.99999936	-0.00122583
-57.96666603	-0.00123968
-57.93333269	-0.00115860
-57.89999936	-0.00128355
-57.86666603	-0.00122152
-57.83333269	-0.00126899
-57.79999936	-0.00135223
-57.76666603	-0.00142022
-57.73333269	-0.00131855
-57.69999936	-0.00142101
-57.66666603	-0.00149061
-57.63333269	-0.00139222
-57.59999936	-0.00137443
-57.56666603	-0.00138027
-57.53333270	-0.00136282
-57.49999936	-0.00132665
-57.46666603	-0.00140316
-57.43333270	-0.00131277
-57.39999936	-0.00137898
-57.36666603	-0.00125508
-57.33333270	-0.00113851
-57.29999936	-0.00108252
-57.26666603	-0.00115277
-57.23333270	-0.00103232
-57.19999937	-0.00111768
-57.16666603	-0.00096817
-57.13333270	-0.00106724
-57.09999937	-0.00104969
-57.06666603	-0.00095600
-57.03333270	-0.00087609
-56.99999937	-0.00076144
-56.96666603	-0.00086730
-56.93333270	-0.00080263
-56.89999937	-0.00085766
-56.86666603	-0.00073083
-56.83333270	-0.00071596
-56.79999937	-0.00074444
-56.76666604	-0.00066230
-56.73333270	-0.00070258
-56.69999937	-0.00065522
-56.66666604	-0.00071407
-56.63333270	-0.00060066
-56.59999937	-0.00063238
-56.56666604	-0.00055605
-56.53333270	-0.00050396
-56.49999937	-0.00054574
-56.46666604	-0.00055767
-56.43333271	-0.00050013
-56.39999937	-0.00043232
-56.36666604	-0.00041455
-56.33333271	-0.00041980
-56.29999937	-0.00050127
-56.26666604	-0.00042595
-56.23333271	-0.00041426
-56.19999937	-0.00039977
-56.16666604	-0.00043833
-56.13333271	-0.00030794
-56.09999937	-0.00038105
-56.06666604	-0.00039815
-56.03333271	-0.00030476
-55.99999938	-0.00041095
-55.96666604	-0.00032328
-55.93333271	-0.00031392
-55.89999938	-0.00030644
-55.86666604	-0.00037166
-55.83333271	-0.00023432
-55.79999938	-0.00020119
-55.76666604	-0.00032199
-55.73333271	-0.00023457
-55.69999938	-0.00022242
-55.66666605	-0.00033859
-55.63333271	-0.00022483
-55.59999938	-0.00027084
-55.56666605	-0.00029051
-55.53333271	-0.00023597
-55.49999938	-0.00021150
-55.46666605	-0.00037166
-55.43333271	-0.00021818
-55.39999938	-0.00028018
-55.36666605	-0.00029847
-55.33333271	-0.00028156
-55.29999938	-0.00021344
-55.26666605	-0.00033256
-55.23333272	-0.00027478
-55.19999938	-0.00023531
-55.16666605	-0.00026733
-55.13333272	-0.00014627
-55.09999938	-0.00031684
-55.06666605	-0.00025224
-55.03333272	-0.00024197
-54.99999938	-0.00021414
-54.96666605	-0.00025540
-54.93333272	-0.00029853
-54.89999939	-0.00027150
-54.86666605	-0.00030691
-54.83333272	-0.00008209
-54.79999939	-0.00023096
-54.76666605	-0.00034243
-54.73333272	-0.00035484
-54.69999939	-0.00028866
-54.66666605	-0.00031457
-54.63333272	-0.00022622
-54.59999939	-0.00029354
-54.56666605	-0.00026495
-54.53333272	-0.00028723
-54.49999939	-0.00030678
-54.46666606	-0.00022155
-54.43333272	-0.00026895
-54.39999939	-0.00024030
-54.36666606	-0.00018861
-54.33333272	-0.00016180
-54.29999939	-0.00009936
-54.26666606	-0.00021680
-54.23333272	-0.00009471
-54.19999939	-0.00013483
-54.16666606	-0.00004649
-54.13333273	-0.00014770
-54.09999939	-0.00010569
-54.06666606	-0.00012520
-54.03333273	-0.00009881
-53.99999939	-0.00010088
-53.96666606	-0.00002495
-53.93333273	-0.00011095
-53.89999939	-0.00016901
-53.86666606	-0.00001374
-53.83333273	-0.00009434
-53.79999940	-0.00018231
-53.76666606	-0.00013381
-53.73333273	-0.00026203
-53.69999940	-0.00022687
-53.66666606	-0.00017926
-53.63333273	-0.00031536
-53.59999940	-0.00029636
-53.56666606	-0.00028121
-53.53333273	-0.00032034
-53.49999940	-0.00040815
-53.46666606	-0.00027099
-53.43333273	-0.00031351
-53.39999940	-0.00041945
-53.36666607	-0.00041569
-53.33333273	-0.00052571
-53.29999940	-0.00042712
-53.26666607	-0.00029353
-53.23333273	-0.00034449
-53.19999940	-0.00028048
-53.16666607	-0.00029884
-53.13333273	-0.00022545
-53.09999940	-0.00027480
-53.06666607	-0.00031269
-53.03333274	-0.00027274
-52.99999940	-0.00031423
-52.96666607	-0.00031865
-52.93333274	-0.00034674
-52.89999940	-0.00035778
-52.86666607	-0.00031742
-52.83333274	-0.00032596
-52.79999940	-0.00034064
-52.76666607	-0.00026883
-52.73333274	-0.00019973
-52.69999940	-0.00024997
-52.66666607	-0.00023329
-52.63333274	-0.00034061
-52.59999941	-0.00026645
-52.56666607	-0.00011583
-52.53333274	-0.00020158
-52.49999941	-0.00026672
-52.46666607	-0.00014567
-52.43333274	-0.00007716
-52.39999941	-0.00004714
-52.36666607	0.00005032
-52.33333274	0.00002788
-52.29999941	0.00005455
-52.26666608	0.00016901
-52.23333274	0.00018516
-52.19999941	0.00020667
-52.16666608	0.00034434
-52.13333274	0.00025565
-52.09999941	0.00038973
-52.06666608	0.00042453
-52.03333274	0.00037736
-51.99999941	0.00044118
-51.96666608	0.00054687
-51.93333274	0.00056299
-51.89999941	0.00069188
-51.86666608	0.00067500
-51.83333275	0.00073163
-51.79999941	0.00083149
-51.76666608	0.00075545
-51.73333275	0.00088370
-51.69999941	0.00087358
-51.66666608	0.00086801
-51.63333275	0.00096788
-51.59999941	0.00098994
-51.56666608	0.00111809
-51.53333275	0.00112866
-51.49999942	0.00122755
-51.46666608	0.00127528
-51.43333275	0.00135581
-51.39999942	0.00143408
-51.36666608	0.00154428
-51.33333275	0.00164431
-51.29999942	0.00161547
-51.26666608	0.00171304
-51.23333275	0.00180246
-51.19999942	0.00199217
-51.16666608	0.00196341
-51.13333275	0.00214021
-51.09999942	0.00230626
-51.06666609	0.00234122
-51.03333275	0.00239345
-50.99999942	0.00253646
-50.96666609	0.00260732
-50.93333275	0.00252408
-50.89999942	0.00274870
-50.86666609	0.00264555
-50.83333275	0.00279792
-50.79999942	0.00288724
-50.76666609	0.00288174
-50.73333276	0.00302968
-50.69999942	0.00314613
-50.66666609	0.00314863
-50.63333276	0.00317869
-50.59999942	0.00325564
-50.56666609	0.00332812
-50.53333276	0.00340575
-50.49999942	0.00357910
-50.46666609	0.00362553
-50.43333276	0.00364930
-50.39999942	0.00370793
-50.36666609	0.00383207
-50.33333276	0.00391680
-50.29999943	0.00396424
-50.26666609	0.00406801
-50.23333276	0.00408336
-50.19999943	0.00413763
-50.16666609	0.00424660
-50.13333276	0.00429545
-50.09999943	0.00424000
-50.06666609	0.00435518
-50.03333276	0.00431451
-49.99999943	0.00434717
-49.96666610	0.00424410
-49.93333276	0.00432660
-49.89999943	0.00416784
-49.86666610	0.00405814
-49.83333276	0.00394402
-49.79999943	0.00384901
-49.76666610	0.00358405
-49.73333276	0.00329629
-49.69999943	0.00324599
-49.66666610	0.00292681
-49.63333277	0.00278742
-49.59999943	0.00248169
-49.56666610	0.00220209
-49.53333277	0.00193505
-49.49999943	0.00167090
-49.46666610	0.00133971
-49.43333277	0.00100265
-49.39999943	0.00073174
-49.36666610	0.00032983
-49.33333277	-0.00016597
-49.29999943	-0.00050764
-49.26666610	-0.00084855
-49.23333277	-0.00137122
-49.19999944	-0.00170056
-49.16666610	-0.00216907
-49.13333277	-0.00265808
-49.09999944	-0.00299343
-49.06666610	-0.00322782
-49.03333277	-0.00367061
-48.99999944	-0.00388445
-48.96666610	-0.00411706
-48.93333277	-0.00447512
-48.89999944	-0.00453826
-48.86666611	-0.00478155
-48.83333277	-0.00499009
-48.79999944	-0.00505748
-48.76666611	-0.00513216
-48.73333277	-0.00512380
-48.69999944	-0.00510810
-48.66666611	-0.00496978
-48.63333277	-0.00493125
-48.59999944	-0.00475591
-48.56666611	-0.00450618
-48.53333277	-0.00423845
-48.49999944	-0.00397321
-48.46666611	-0.00371950
-48.43333278	-0.00336384
-48.39999944	-0.00314039
-48.36666611	-0.00260065
-48.33333278	-0.00218266
-48.29999944	-0.00178953
-48.26666611	-0.00141193
-48.23333278	-0.00085652
-48.19999944	-0.00049935
-48.16666611	-0.00003779
-48.13333278	0.00033596
-48.09999945	0.00084452
-48.06666611	0.00116391
-48.03333278	0.00142929
-47.99999945	0.00192445
-47.96666611	0.00231379
-47.93333278	0.00272611
-47.89999945	0.00297822
-47.86666611	0.00328611
-47.83333278	0.00361462
-47.79999945	0.00378674
-47.76666611	0.00409102
-47.73333278	0.00433084
-47.69999945	0.00444009
-47.66666612	0.00464745
-47.63333278	0.00489999
-47.59999945	0.00505221
-47.56666612	0.00506691
-47.53333278	0.00539538
-47.49999945	0.00541505
-47.46666612	0.00551222
-47.43333278	0.00554535
-47.39999945	0.00561905
-47.36666612	0.00575723
-47.33333279	0.00573968
-47.29999945	0.00585650
-47.26666612	0.00592823
-47.23333279	0.00589172
-47.19999945	0.00601287
-47.16666612	0.00609791
-47.13333279	0.00601602
-47.09999945	0.00611699
-47.06666612	0.00611268
-47.03333279	0.00603921
-46.99999945	0.00613585
-46.96666612	0.00617218
-46.93333279	0.00627024
-46.89999946	0.00614884
-46.86666612	0.00623021
-46.83333279	0.00633219
-46.79999946	0.00628288
-46.76666612	0.00626040
-46.73333279	0.00635085
-46.69999946	0.00623025
-46.66666612	0.00622981
-46.63333279	0.00620409
-46.59999946	0.00617808
-46.56666613	0.00624633
-46.53333279	0.00625394
-46.49999946	0.00618358
-46.46666613	0.00618401
-46.43333279	0.00614488
-46.39999946	0.00619920
-46.36666613	0.00615578
-46.33333279	0.00622298
-46.29999946	0.00616973
-46.26666613	0.00617007
-46.23333279	0.00624033
-46.19999946	0.00627062
-46.16666613	0.00622376
-46.13333280	0.00619974
-46.09999946	0.00635714
-46.06666613	0.00629832
-46.03333280	0.00628414
-45.99999946	0.00633990
-45.96666613	0.00634633
-45.93333280	0.00625386
-45.89999946	0.00637515
-45.86666613	0.00645690
-45.83333280	0.00642858
-45.79999947	0.00646937
-45.76666613	0.00649170
-45.73333280	0.00646021
-45.69999947	0.00637975
-45.66666613	0.00646461
-45.63333280	0.00663499
-45.59999947	0.00660262
-45.56666613	0.00674044
-45.53333280	0.00675778
-45.49999947	0.00681868
-45.46666614	0.00683297
-45.43333280	0.00692976
-45.39999947	0.00687446
-45.36666614	0.00693352
-45.33333280	0.00696362
-45.29999947	0.00704743
-45.26666614	0.00686728
-45.23333280	0.00707686
-45.19999947	0.00692423
-45.16666614	0.00690477
-45.13333280	0.00689689
-45.09999947	0.00674951
-45.06666614	0.00667897
-45.03333281	0.00659897
-44.99999947	0.00645618
-44.96666614	0.00628417
-44.93333281	0.00608303
-44.89999947	0.00585908
-44.86666614	0.00570011
-44.83333281	0.00548351
-44.79999947	0.00529273
-44.76666614	0.00510007
-44.73333281	0.00484039
-44.69999948	0.00465678
-44.66666614	0.00440442
-44.63333281	0.00430539
-44.59999948	0.00406082
-44.56666614	0.00399969
-44.53333281	0.00383238
-44.49999948	0.00387492
-44.46666614	0.00379838
-44.43333281	0.00381282
-44.39999948	0.00390278
-44.36666614	0.00403342
-44.33333281	0.00426693
-44.29999948	0.00447725
-44.26666615	0.00466451
-44.23333281	0.00518761
-44.19999948	0.00558903
-44.16666615	0.00609252
-44.13333281	0.00669814
-44.09999948	0.00736579
-44.06666615	0.00807727
-44.03333281	0.00881734
-43.99999948	0.00967249
-43.96666615	0.01058975
-43.93333282	0.01164274
-43.89999948	0.01266499
-43.86666615	0.01370743
-43.83333282	0.01497033
-43.79999948	0.01623594
-43.76666615	0.01762716
-43.73333282	0.01897946
-43.69999948	0.02046739
-43.66666615	0.02205388
-43.63333282	0.02371963
-43.59999948	0.02528320
-43.56666615	0.02709807
-43.53333282	0.02892045
-43.49999949	0.03080819
-43.46666615	0.03290005
-43.43333282	0.03487243
-43.39999949	0.03709188
-43.36666615	0.03921827
-43.33333282	0.04157320
-43.29999949	0.04402032
-43.26666615	0.04652699
-43.23333282	0.04917404
-43.19999949	0.05177938
-43.16666616	0.05470662
-43.13333282	0.05766234
-43.09999949	0.06082183
-43.06666616	0.06392196
-43.03333282	0.06731641
-42.99999949	0.07077660
-42.96666616	0.07441809
-42.93333282	0.07815613
-42.89999949	0.08191389
-42.86666616	0.08585344
-42.83333282	0.08981586
-42.79999949	0.09380582
-42.76666616	0.09790261
-42.73333283	0.10209507
-42.69999949	0.10608662
-42.66666616	0.10998072
-42.63333283	0.11374018
-42.59999949	0.11747242
-42.56666616	0.12074824
-42.53333283	0.12369743
-42.49999949	0.12639402
-42.46666616	0.12838624
-42.43333283	0.12982867
-42.39999950	0.13045306
-42.36666616	0.13030092
-42.33333283	0.12905261
-42.29999950	0.12667321
-42.26666616	0.12300486
-42.23333283	0.11804059
-42.19999950	0.11130287
-42.16666616	0.10307055
-42.13333283	0.09306736
-42.09999950	0.08107777
-42.06666616	0.06721158
-42.03333283	0.05120901
-41.99999950	0.03314293
-41.96666617	0.01287111
-41.93333283	-0.00924669
-41.89999950	-0.03355424
-41.86666617	-0.05996217
-41.83333283	-0.08811207
-41.79999950	-0.11817190
-41.76666617	-0.14958807
-41.73333283	-0.18237090
-41.69999950	-0.21623496
-41.66666617	-0.25083229
-41.63333284	-0.28573146
-41.59999950	-0.32076149
-41.56666617	-0.35544983
-41.53333284	-0.38948573
-41.49999950	-0.42236611
-41.46666617	-0.45361812
-41.43333284	-0.48292502
-41.39999950	-0.50990306
-41.36666617	-0.53404523
-41.33333284	-0.55519324
-41.29999951	-0.57270921
-41.26666617	-0.58658427
-41.23333284	-0.59658981
-41.19999951	-0.60215196
-41.16666617	-0.60349544
-41.13333284	-0.60034500
-41.09999951	-0.59276890
-41.06666617	-0.58069811
-41.03333284	-0.56414003
-40.99999951	-0.54351839
-40.96666617	-0.51873614
-40.93333284	-0.49020798
-40.89999951	-0.45820571
-40.86666618	-0.42290940
-40.83333284	-0.38492634
-40.79999951	-0.34457513
-40.76666618	-0.30236891
-40.73333284	-0.25868954
-40.69999951	-0.21386132
-40.66666618	-0.16862138
-40.63333284	-0.12307858
-40.59999951	-0.07792306
-40.56666618	-0.03349570
-40.53333285	0.00967200
-40.49999951	0.05135201
-40.46666618	0.09121616
-40.43333285	0.12918140
-40.39999951	0.16458269
-40.36666618	0.19723750
-40.33333285	0.22727159
-40.29999951	0.25446957
-40.26666618	0.27848836
-40.23333285	0.29955956
-40.19999951	0.31757053
-40.16666618	0.33265186
-40.13333285	0.34466225
-40.09999952	0.35384198
-40.06666618	0.36037621
-40.03333285	0.36431942
-39.99999952	0.36582070
-39.96666618	0.36506502
-39.93333285	0.36238213
-39.89999952	0.35788978
-39.86666618	0.35174968
-39.83333285	0.34431205
-39.79999952	0.33559908
-39.76666619	0.32594642
-39.73333285	0.31551894
-39.69999952	0.30448772
-39.66666619	0.29299611
-39.63333285	0.28132877
-39.59999952	0.26944250
-39.56666619	0.25751264
-39.53333285	0.24577725
-39.49999952	0.23424808
-39.46666619	0.22304178
-39.43333285	0.21217383
-39.39999952	0.20177331
-39.36666619	0.19165314
-39.33333286	0.18216969
-39.29999952	0.17310252
-39.26666619	0.16462149
-39.23333286	0.15660997
-39.19999952	0.14893484
-39.16666619	0.14178108
-39.13333286	0.13511851
-39.09999952	0.12887906
-39.06666619	0.12291547
-39.03333286	0.11730999
-38.99999953	0.11193880
-38.96666619	0.10696169
-38.93333286	0.10221286
-38.89999953	0.09775211
-38.86666619	0.09335667
-38.83333286	0.08908196
-38.79999953	0.08483406
-38.76666619	0.08078879
-38.73333286	0.07672703
-38.69999953	0.07263943
-38.66666619	0.06878828
-38.63333286	0.06472302
-38.59999953	0.06075294
-38.56666620	0.05681425
-38.53333286	0.05277838
-38.49999953	0.04878553
-38.46666620	0.04490841
-38.43333286	0.04078870
-38.39999953	0.03684252
-38.36666620	0.03304595
-38.33333286	0.02906015
-38.29999953	0.02533688
-38.26666620	0.02160223
-38.23333287	0.01791266
-38.19999953	0.01437977
-38.16666620	0.01105558
-38.13333287	0.00774949
-38.09999953	0.00450462
-38.06666620	0.00140612
-38.03333287	-0.00133447
-37.99999953	-0.00395785
-37.96666620	-0.00651362
-37.93333287	-0.00869941
-37.89999953	-0.01085024
-37.86666620	-0.01274440
-37.83333287	-0.01463597
-37.79999954	-0.01617604
-37.76666620	-0.01762034
-37.73333287	-0.01890030
-37.69999954	-0.02008638
-37.66666620	-0.02107485
-37.63333287	-0.02198890
-37.59999954	-0.02275061
-37.56666620	-0.02345335
-37.53333287	-0.02403682
-37.49999954	-0.02467616
-37.46666621	-0.02520940
-37.43333287	-0.02562931
-37.39999954	-0.02613808
-37.36666621	-0.02645678
-37.33333287	-0.02692571
-37.29999954	-0.02731013
-37.26666621	-0.02787881
-37.23333287	-0.02821113
-37.19999954	-0.02874351
-37.16666621	-0.02924081
-37.13333288	-0.02970185
-37.09999954	-0.03012826
-37.06666621	-0.03076549
-37.03333288	-0.03121761
-36.99999954	-0.03178366
-36.96666621	-0.03220618
-36.93333288	-0.03280839
-36.89999954	-0.03332597
-36.86666621	-0.03378817
-36.83333288	-0.03427541
-36.79999954	-0.03456395
-36.76666621	-0.03487173
-36.73333288	-0.03516754
-36.69999955	-0.03518430
-36.66666621	-0.03532463
-36.63333288	-0.03529555
-36.59999955	-0.03508119
-36.56666621	-0.03493007
-36.53333288	-0.03453873
-36.49999955	-0.03410430
-36.46666621	-0.03361797
-36.43333288	-0.03300722
-36.39999955	-0.03237543
-36.36666622	-0.03151038
-36.33333288	-0.03057831
-36.29999955	-0.02957243
-36.26666622	-0.02858188
-36.23333288	-0.02745344
-36.19999955	-0.02624983
-36.16666622	-0.02520963
-36.13333288	-0.02401074
-36.09999955	-0.02276184
-36.06666622	-0.02163537
-36.03333288	-0.02044439
-35.99999955	-0.01922996
-35.96666622	-0.01812186
-35.93333289	-0.01716628
-35.89999955	-0.01607540
-35.86666622	-0.01505583
-35.83333289	-0.01421360
-35.79999955	-0.01338290
-35.76666622	-0.01264550
-35.73333289	-0.01196674
-35.69999955	-0.01152759
-35.66666622	-0.01105987
-35.63333289	-0.01065109
-35.59999956	-0.01044361
-35.56666622	-0.01012063
-35.53333289	-0.01003593
-35.49999956	-0.01003638
-35.46666622	-0.01004774
-35.43333289	-0.01016850
-35.39999956	-0.01017205
-35.36666622	-0.01036334
-35.33333289	-0.01059775
-35.29999956	-0.01084893
-35.26666622	-0.01106513
-35.23333289	-0.01142582
-35.19999956	-0.01163832
-35.16666623	-0.01198162
-35.13333289	-0.01213090
-35.09999956	-0.01248852
-35.06666623	-0.01263289
-35.03333289	-0.01281259
-34.99999956	-0.01291432
-34.96666623	-0.01306651
-34.93333289	-0.01297132
-34.89999956	-0.01301530
-34.86666623	-0.01302884
-34.83333290	-0.01280571
-34.79999956	-0.01269228
-34.76666623	-0.01262009
-34.73333290	-0.01231504
-34.69999956	-0.01193749
-34.66666623	-0.01159851
-34.63333290	-0.01131935
-34.59999956	-0.01069714
-34.56666623	-0.01036851
-34.53333290	-0.00986332
-34.49999956	-0.00933926
-34.46666623	-0.00885003
-34.43333290	-0.00822330
-34.39999957	-0.00782914
-34.36666623	-0.00724122
-34.33333290	-0.00673171
-34.29999957	-0.00628440
-34.26666623	-0.00587624
-34.23333290	-0.00546362
-34.19999957	-0.00513081
-34.16666623	-0.00478908
-34.13333290	-0.00462693
-34.09999957	-0.00436382
-34.06666624	-0.00420729
-34.03333290	-0.00417103
-33.99999957	-0.00421416
-33.96666624	-0.00438333
-33.93333290	-0.00445349
-33.89999957	-0.00470442
-33.86666624	-0.00488024
-33.83333290	-0.00512960
-33.79999957	-0.00556426
-33.76666624	-0.00603494
-33.73333290	-0.00651788
-33.69999957	-0.00709681
-33.66666624	-0.00779665
-33.63333291	-0.00835849
-33.59999957	-0.00887544
-33.56666624	-0.00963316
-33.53333291	-0.01030190
-33.49999957	-0.01103893
-33.46666624	-0.01173070
-33.43333291	-0.01248812
-33.39999957	-0.01307863
-33.36666624	-0.01375658
-33.33333291	-0.01435670
-33.29999958	-0.01485659
-33.26666624	-0.01540869
-33.23333291	-0.01595815
-33.19999958	-0.01642959
-33.16666624	-0.01682354
-33.13333291	-0.01719163
-33.09999958	-0.01742057
-33.06666624	-0.01766683
-33.03333291	-0.01782958
-32.99999958	-0.01795688
-32.96666625	-0.01794526
-32.93333291	-0.01791593
-32.89999958	-0.01783149
-32.86666625	-0.01771610
-32.83333291	-0.01741299
-32.79999958	-0.01720939
-32.76666625	-0.01680837
-32.73333291	-0.01649418
-32.69999958	-0.01614155
-32.66666625	-0.01568272
-32.63333291	-0.01509394
-32.59999958	-0.01468922
-32.56666625	-0.01401694
-32.53333292	-0.01358881
-32.49999958	-0.01293486
-32.46666625	-0.01240635
-32.43333292	-0.01165411
-32.39999958	-0.01115491
-32.36666625	-0.01064565
-32.33333292	-0.01014406
-32.29999958	-0.00964021
-32.26666625	-0.00916031
-32.23333292	-0.00877961
-32.19999959	-0.00840546
-32.16666625	-0.00802934
-32.13333292	-0.00774684
-32.09999959	-0.00743820
-32.06666625	-0.00735654
-32.03333292	-0.00709579
-31.99999959	-0.00703754
-31.96666625	-0.00704523
-31.93333292	-0.00700874
-31.89999959	-0.00708986
-31.86666625	-0.00716520
-31.83333292	-0.00723900
-31.79999959	-0.00737327
-31.76666626	-0.00755996
-31.73333292	-0.00770627
-31.69999959	-0.00785945
-31.66666626	-0.00801506
-31.63333292	-0.00831192
-31.59999959	-0.00851980
-31.56666626	-0.00865948
-31.53333292	-0.00870070
-31.49999959	-0.00881727
-31.46666626	-0.00891899
-31.43333293	-0.00901820
-31.39999959	-0.00890192
-31.36666626	-0.00894303
-31.33333293	-0.00886853
-31.29999959	-0.00877229
-31.26666626	-0.00838675
-31.23333293	-0.00825785
-31.19999959	-0.00793113
-31.16666626	-0.00761377
-31.13333293	-0.00717613
-31.09999959	-0.00663797
-31.06666626	-0.00606570
-31.03333293	-0.00569663
-30.99999960	-0.00506679
-30.96666626	-0.00450816
-30.93333293	-0.00385779
-30.89999960	-0.00316004
-30.86666626	-0.00241233
-30.83333293	-0.00175511
-30.79999960	-0.00115181
-30.76666626	-0.00053167
-30.73333293	0.00008868
-30.69999960	0.00088774
-30.66666627	0.00135504
-30.63333293	0.00200721
-30.59999960	0.00248974
-30.56666627	0.00304264
-30.53333293	0.00340028
-30.49999960	0.00380300
-30.46666627	0.00421833
-30.43333293	0.00450269
-30.39999960	0.00465534
-30.36666627	0.00505537
-30.33333293	0.00501233
-30.29999960	0.00504409
-30.26666627	0.00496327
-30.23333294	0.00488485
-30.19999960	0.00472621
-30.16666627	0.00461544
-30.13333294	0.00439728
-30.09999960	0.00398423
-30.06666627	0.00358711
-30.03333294	0.00326233
-29.99999960	0.00294898
-29.96666627	0.00259340
-29.93333294	0.00208569
-29.89999961	0.00180857
-29.86666627	0.00124066
-29.83333294	0.00092034
-29.79999961	0.00058760
-29.76666627	0.00021033
-29.73333294	-0.00015329
-29.69999961	-0.00041174
-29.66666627	-0.00078502
-29.63333294	-0.00103969
-29.59999961	-0.00125522
-29.56666627	-0.00132830
-29.53333294	-0.00157447
-29.49999961	-0.00164461
-29.46666628	-0.00171071
-29.43333294	-0.00171269
-29.39999961	-0.00166449
-29.36666628	-0.00158014
-29.33333294	-0.00154049
-29.29999961	-0.00153026
-29.26666628	-0.00130151
-29.23333294	-0.00113885
-29.19999961	-0.00096864
-29.16666628	-0.00087847
-29.13333295	-0.00060548
-29.09999961	-0.00043373
-29.06666628	-0.00035310
-29.03333295	-0.00011015
-28.99999961	-0.00002408
-28.96666628	0.00011981
-28.93333295	0.00028184
-28.89999961	0.00053042
-28.86666628	0.00068158
-28.83333295	0.00062549
-28.79999962	0.00082708
-28.76666628	0.00098214
-28.73333295	0.00094156
-28.69999962	0.00117614
-28.66666628	0.00117045
-28.63333295	0.00117462
-28.59999962	0.00109441
-28.56666628	0.00117008
-28.53333295	0.00112493
-28.49999962	0.00106874
-28.46666628	0.00105574
-28.43333295	0.00088194
-28.39999962	0.00075385
-28.36666629	0.00067049
-28.33333295	0.00062523
-28.29999962	0.00046248
-28.26666629	0.00032455
-28.23333295	0.00019617
-28.19999962	0.00012073
-28.16666629	0.00000009
-28.13333295	-0.00008986
-28.09999962	-0.00021483
-28.06666629	-0.00029822
-28.03333296	-0.00033598
-27.99999962	-0.00038491
-27.96666629	-0.00048358
-27.93333296	-0.00045240
-27.89999962	-0.00053221
-27.86666629	-0.00038602
-27.83333296	-0.00037441
-27.79999962	-0.00019699
-27.76666629	-0.00003425
-27.73333296	0.00004142
-27.69999962	0.00025070
-27.66666629	0.00049436
-27.63333296	0.00069896
-27.59999963	0.00078271
-27.56666629	0.00101797
-27.53333296	0.00141082
-27.49999963	0.00159302
-27.46666629	0.00194103
-27.43333296	0.00222225
-27.39999963	0.00255469
-27.36666629	0.00283195
-27.33333296	0.00326340
-27.29999963	0.00366095
-27.26666630	0.00382869
-27.23333296	0.00417014
-27.19999963	0.00452557
-27.16666630	0.00477720
-27.13333296	0.00517316
-27.09999963	0.00553395
-27.06666630	0.00560223
-27.03333296	0.00584608
-26.99999963	0.00616699
-26.96666630	0.00627472
-26.93333296	0.00650192
-26.89999963	0.00656481
-26.86666630	0.00674139
-26.83333297	0.00665788
-26.79999963	0.00667922
-26.76666630	0.00665177
-26.73333297	0.00653906
-26.69999963	0.00634865
-26.66666630	0.00609007
-26.63333297	0.00590285
-26.59999963	0.00561780
-26.56666630	0.00518632
-26.53333297	0.00474821
-26.49999964	0.00432670
-26.46666630	0.00384606
-26.43333297	0.00337762
-26.39999964	0.00281111
-26.36666630	0.00217095
-26.33333297	0.00168452
-26.29999964	0.00107804
-26.26666630	0.00046158
-26.23333297	-0.00012530
-26.19999964	-0.00075488
-26.16666630	-0.00136220
-26.13333297	-0.00197884
-26.09999964	-0.00254790
-26.06666631	-0.00303252
-26.03333297	-0.00361976
-25.99999964	-0.00403133
-25.96666631	-0.00447977
-25.93333297	-0.00505752
-25.89999964	-0.00554117
-25.86666631	-0.00587464
-25.83333297	-0.00624012
-25.79999964	-0.00646517
-25.76666631	-0.00671831
-25.73333298	-0.00697456
-25.69999964	-0.00696561
-25.66666631	-0.00703757
-25.63333298	-0.00718797
-25.59999964	-0.00710543
-25.56666631	-0.00707808
-25.53333298	-0.00703630
-25.49999964	-0.00697568
-25.46666631	-0.00687948
-25.43333298	-0.00673766
-25.39999965	-0.00645294
-25.36666631	-0.00635405
-25.33333298	-0.00616829
-25.29999965	-0.00594018
-25.26666631	-0.00574466
-25.23333298	-0.00560147
-25.19999965	-0.00531684
-25.16666631	-0.00505567
-25.13333298	-0.00489596
-25.09999965	-0.00466326
-25.06666631	-0.00443720
-25.03333298	-0.00421469
-24.99999965	-0.00399004
-24.96666632	-0.00394631
-24.93333298	-0.00373581
-24.89999965	-0.00366824
-24.86666632	-0.00342571
-24.83333298	-0.00357290
-24.79999965	-0.00340142
-24.76666632	-0.00339311
-24.73333298	-0.00330952
-24.69999965	-0.00333119
-24.66666632	-0.00328283
-24.63333299	-0.00316734
-24.59999965	-0.00319858
-24.56666632	-0.00309041
-24.53333299	-0.00311543
-24.49999965	-0.00313293
-24.46666632	-0.00304219
-24.43333299	-0.00289039
-24.39999965	-0.00287112
-24.36666632	-0.00279181
-24.33333299	-0.00255505
-24.29999965	-0.00231333
-24.26666632	-0.00219194
-24.23333299	-0.00189545
-24.19999966	-0.00171474
-24.16666632	-0.00148355
-24.13333299	-0.00133412
-24.09999966	-0.00097781
-24.06666632	-0.00070641
-24.03333299	-0.00054748
-23.99999966	-0.00026543
-23.96666632	-0.00009725
-23.93333299	0.00012883
-23.89999966	0.00038834
-23.86666633	0.00045440
-23.83333299	0.00059084
-23.79999966	0.00077034
-23.76666633	0.00066831
-23.73333299	0.00061125
-23.69999966	0.00070690
-23.66666633	0.00049087
-23.63333299	0.00030889
-23.59999966	0.00008450
-23.56666633	-0.00033826
-23.53333299	-0.00071317
-23.49999966	-0.00122152
-23.46666633	-0.00168698
-23.43333300	-0.00229169
-23.39999966	-0.00302092
-23.36666633	-0.00384226
-23.33333300	-0.00464582
-23.29999966	-0.00559528
-23.26666633	-0.00657358
-23.23333300	-0.00759699
-23.19999966	-0.00883216
-23.16666633	-0.00998441
-23.13333300	-0.01130172
-23.09999967	-0.01276710
-23.06666633	-0.01408211
-23.03333300	-0.01562523
-22.99999967	-0.01726739
-22.96666633	-0.01873789
-22.93333300	-0.02040057
-22.89999967	-0.02201308
-22.86666633	-0.02361257
-22.83333300	-0.02524833
-22.79999967	-0.02692041
-22.76666633	-0.02861930
-22.73333300	-0.03012120
-22.69999967	-0.03182062
-22.66666634	-0.03347619
-22.63333300	-0.03509090
-22.59999967	-0.03646761
-22.56666634	-0.03791786
-22.53333300	-0.03934418
-22.49999967	-0.04044149
-22.46666634	-0.04178958
-22.43333300	-0.04272052
-22.39999967	-0.04369075
-22.36666634	-0.04458852
-22.33333301	-0.04528534
-22.29999967	-0.04579012
-22.26666634	-0.04613888
-22.23333301	-0.04647508
-22.19999967	-0.04651885
-22.16666634	-0.04638896
-22.13333301	-0.04612857
-22.09999967	-0.04579238
-22.06666634	-0.04517057
-22.03333301	-0.04447181
-21.99999967	-0.04359059
-21.96666634	-0.04252275
-21.93333301	-0.04129218
-21.89999968	-0.03996916
-21.86666634	-0.03853059
-21.83333301	-0.03677344
-21.79999968	-0.03510725
-21.76666634	-0.03320717
-21.73333301	-0.03120944
-21.69999968	-0.02911374
-21.66666634	-0.02703896
-21.63333301	-0.02483819
-21.59999968	-0.02248857
-21.56666635	-0.02018872
-21.53333301	-0.01788067
-21.49999968	-0.01557052
-21.46666635	-0.01317980
-21.43333301	-0.01081232
-21.39999968	-0.00852731
-21.36666635	-0.00624942
-21.33333301	-0.00411235
-21.29999968	-0.00196102
-21.26666635	0.00012729
-21.23333302	0.00197678
-21.19999968	0.00391180
-21.16666635	0.00573560
-21.13333302	0.00744881
-21.09999968	0.00883628
-21.06666635	0.01037074
-21.03333302	0.01173561
-20.99999968	0.01300263
-20.96666635	0.01406732
-20.93333302	0.01507914
-20.89999968	0.01596412
-20.86666635	0.01665359
-20.83333302	0.01737327
-20.79999969	0.01789308
-20.76666635	0.01845942
-20.73333302	0.01885656
-20.69999969	0.01917119
-20.66666635	0.01932580
-20.63333302	0.01937803
-20.59999969	0.01953462
-20.56666635	0.01949831
-20.53333302	0.01949752
-20.49999969	0.01947103
-20.46666636	0.01916033
-20.43333302	0.01895745
-20.39999969	0.01881790
-20.36666636	0.01851539
-20.33333302	0.01823722
-20.29999969	0.01796111
-20.26666636	0.01733645
-20.23333302	0.01710653
-20.19999969	0.01671893
-20.16666636	0.01624657
-20.13333302	0.01585374
-20.09999969	0.01543119
-20.06666636	0.01493328
-20.03333303	0.01434552
-19.99999969	0.01397658
-19.96666636	0.01338862
-19.93333303	0.01291194
-19.89999969	0.01230391
-19.86666636	0.01173845
-19.83333303	0.01128085
-19.79999969	0.01056244
-19.76666636	0.01006096
-19.73333303	0.00946042
-19.69999970	0.00880848
-19.66666636	0.00822121
-19.63333303	0.00742338
-19.59999970	0.00691092
-19.56666636	0.00625274
-19.53333303	0.00564266
-19.49999970	0.00487174
-19.46666636	0.00418725
-19.43333303	0.00356748
-19.39999970	0.00297896
-19.36666636	0.00231146
-19.33333303	0.00166517
-19.29999970	0.00110336
-19.26666637	0.00048232
-19.23333303	-0.00002876
-19.19999970	-0.00073235
-19.16666637	-0.00115703
-19.13333303	-0.00156106
-19.09999970	-0.00208300
-19.06666637	-0.00255871
-19.03333303	-0.00300509
-18.99999970	-0.00344410
-18.96666637	-0.00374404
-18.93333304	-0.00407277
-18.89999970	-0.00438275
-18.86666637	-0.00466162
-18.83333304	-0.00495005
-18.79999970	-0.00532493
-18.76666637	-0.00544143
-18.73333304	-0.00560695
-18.69999970	-0.00591400
-18.66666637	-0.00603561
-18.63333304	-0.00617915
-18.59999970	-0.00631189
-18.56666637	-0.00637241
-18.53333304	-0.00655402
-18.49999971	-0.00653242
-18.46666637	-0.00667146
-18.43333304	-0.00674280
-18.39999971	-0.00684201
-18.36666637	-0.00684242
-18.33333304	-0.00691346
-18.29999971	-0.00693659
-18.26666637	-0.00700562
-18.23333304	-0.00709626
-18.19999971	-0.00713151
-18.16666638	-0.00723575
-18.13333304	-0.00716251
-18.09999971	-0.00731728
-18.06666638	-0.00728611
-18.03333304	-0.00727537
-17.99999971	-0.00740550
-17.96666638	-0.00748010
-17.93333304	-0.00752493
-17.89999971	-0.00750660
-17.86666638	-0.00767900
-17.83333304	-0.00772094
-17.79999971	-0.00772771
-17.76666638	-0.00788472
-17.73333305	-0.00791693
-17.69999971	-0.00781439
-17.66666638	-0.00796933
-17.63333305	-0.00804657
-17.59999971	-0.00808252
-17.56666638	-0.00815335
-17.53333305	-0.00814997
-17.49999971	-0.00824803
-17.46666638	-0.00830986
-17.43333305	-0.00845756
-17.39999972	-0.00845222
-17.36666638	-0.00857200
-17.33333305	-0.00858769
-17.29999972	-0.00860582
-17.26666638	-0.00868614
-17.23333305	-0.00860924
-17.19999972	-0.00860387
-17.16666638	-0.00866795
-17.13333305	-0.00871445
-17.09999972	-0.00867893
-17.06666639	-0.00862015
-17.03333305	-0.00865699
-16.99999972	-0.00849362
-16.96666639	-0.00843838
-16.93333305	-0.00819577
-16.89999972	-0.00815850
-16.86666639	-0.00803097
-16.83333305	-0.00780714
-16.79999972	-0.00760985
-16.76666639	-0.00732489
-16.73333305	-0.00713249
-16.69999972	-0.00681829
-16.66666639	-0.00646224
-16.63333306	-0.00617982
-16.59999972	-0.00581841
-16.56666639	-0.00558455
-16.53333306	-0.00507016
-16.49999972	-0.00468152
-16.46666639	-0.00436627
-16.43333306	-0.00389891
-16.39999972	-0.00360827
-16.36666639	-0.00306433
-16.33333306	-0.00266693
-16.29999973	-0.00226379
-16.26666639	-0.00186121
-16.23333306	-0.00145761
-16.19999973	-0.00108969
-16.16666639	-0.00073746
-16.13333306	-0.00026014
-16.09999973	0.00005669
-16.06666639	0.00032452
-16.03333306	0.00066432
-15.99999973	0.00101259
-15.96666639	0.00128303
-15.93333306	0.00168350
-15.89999973	0.00176950
-15.86666640	0.00203411
-15.83333306	0.00222894
-15.79999973	0.00236535
-15.76666640	0.00242101
-15.73333306	0.00265800
-15.69999973	0.00262121
-15.66666640	0.00275096
-15.63333306	0.00269847
-15.59999973	0.00277957
-15.56666640	0.00284974
-15.53333307	0.00291312
-15.49999973	0.00283707
-15.46666640	0.00282796
-15.43333307	0.00298033
-15.39999973	0.00304913
-15.36666640	0.00302230
-15.33333307	0.00308292
-15.29999973	0.00318757
-15.26666640	0.00324912
-15.23333307	0.00348756
-15.19999973	0.00351975
-15.16666640	0.00382659
-15.13333307	0.00400974
-15.09999974	0.00419471
-15.06666640	0.00447352
-15.03333307	0.00475597
-14.99999974	0.00503910
-14.96666640	0.00535234
-14.93333307	0.00565128
-14.89999974	0.00595822
-14.86666640	0.00644867
-14.83333307	0.00674758
-14.79999974	0.00713203
-14.76666641	0.00748647
-14.73333307	0.00786501
-14.69999974	0.00824765
-14.66666641	0.00855049
-14.63333307	0.00882043
-14.59999974	0.00913346
-14.56666641	0.00947043
-14.53333307	0.00967906
-14.49999974	0.00988033
-14.46666641	0.01010402
-14.43333307	0.01019660
-14.39999974	0.01040656
-14.36666641	0.01052329
-14.33333308	0.01061983
-14.29999974	0.01061630
-14.26666641	0.01060748
-14.23333308	0.01059856
-14.19999974	0.01047897
-14.16666641	0.01032825
-14.13333308	0.01019111
-14.09999974	0.01012117
-14.06666641	0.00990663
-14.03333308	0.00968118
-13.99999975	0.00949757
-13.96666641	0.00925820
-13.93333308	0.00898089
-13.89999975	0.00862569
-13.86666641	0.00846704
-13.83333308	0.00803207
-13.79999975	0.00771849
-13.76666641	0.00756004
-13.73333308	0.00730252
-13.69999975	0.00699861
-13.66666641	0.00669224
-13.63333308	0.00659599
-13.59999975	0.00634325
-13.56666642	0.00614681
-13.53333308	0.00587840
-13.49999975	0.00562136
-13.46666642	0.00547791
-13.43333308	0.00536007
-13.39999975	0.00521204
-13.36666642	0.00516890
-13.33333308	0.00512375
-13.29999975	0.00496804
-13.26666642	0.00485055
-13.23333309	0.00486470
-13.19999975	0.00485693
-13.16666642	0.00493380
-13.13333309	0.00493674
-13.09999975	0.00494574
-13.06666642	0.00501417
-13.03333309	0.00492739
-12.99999975	0.00501684
-12.96666642	0.00499814
-12.93333309	0.00507040
-12.89999976	0.00514575
-12.86666642	0.00524467
-12.83333309	0.00522734
-12.79999976	0.00525867
-12.76666642	0.00520091
-12.73333309	0.00528452
-12.69999976	0.00527252
-12.66666642	0.00517330
-12.63333309	0.00513806
-12.59999976	0.00511525
-12.56666642	0.00507850
-12.53333309	0.00497410
-12.49999976	0.00493917
-12.46666643	0.00476397
-12.43333309	0.00455650
-12.39999976	0.00447639
-12.36666643	0.00428431
-12.33333309	0.00402675
-12.29999976	0.00384747
-12.26666643	0.00370194
-12.23333309	0.00343979
-12.19999976	0.00318572
-12.16666643	0.00293381
-12.13333310	0.00254796
-12.09999976	0.00237525
-12.06666643	0.00204163
-12.03333310	0.00172354
-11.99999976	0.00127336
-11.96666643	0.00106859
-11.93333310	0.00063782
-11.89999976	0.00039753
-11.86666643	0.00000765
-11.83333310	-0.00044831
-11.79999976	-0.00081373
-11.76666643	-0.00111607
-11.73333310	-0.00156624
-11.69999977	-0.00184898
-11.66666643	-0.00223847
-11.63333310	-0.00241946
-11.59999977	-0.00271938
-11.56666643	-0.00294791
-11.53333310	-0.00322144
-11.49999977	-0.00332667
-11.46666643	-0.00337465
-11.43333310	-0.00356751
-11.39999977	-0.00367424
-11.36666644	-0.00370636
-11.33333310	-0.00376267
-11.29999977	-0.00369894
-11.26666644	-0.00354676
-11.23333310	-0.00360042
-11.19999977	-0.00354277
-11.16666644	-0.00353891
-11.13333310	-0.00338978
-11.09999977	-0.00329534
-11.06666644	-0.00313641
-11.03333310	-0.00301931
-10.99999977	-0.00270780
-10.96666644	-0.00266477
-10.93333311	-0.00248283
-10.89999977	-0.00219019
-10.86666644	-0.00209446
-10.83333311	-0.00196754
-10.79999977	-0.00173975
-10.76666644	-0.00168150
-10.73333311	-0.00142220
-10.69999977	-0.00135869
-10.66666644	-0.00118210
-10.63333311	-0.00105820
-10.59999978	-0.00096744
-10.56666644	-0.00090746
-10.53333311	-0.00082501
-10.49999978	-0.00071688
-10.46666644	-0.00059768
-10.43333311	-0.00046616
-10.39999978	-0.00052438
-10.36666644	-0.00037903
-10.33333311	-0.00025559
-10.29999978	-0.00025184
-10.26666644	-0.00006629
-10.23333311	0.00001265
-10.19999978	0.00010141
-10.16666645	0.00023578
-10.13333311	0.00041163
-10.09999978	0.00056806
-10.06666645	0.00078365
-10.03333311	0.00098010
-9.99999978	0.00112303
-9.96666645	0.00149612
-9.93333311	0.00188280
-9.89999978	0.00216703
-9.86666645	0.00258432
-9.83333312	0.00295051
-9.79999978	0.00351037
-9.76666645	0.00395210
-9.73333312	0.00452283
-9.69999978	0.00504619
-9.66666645	0.00566431
-9.63333312	0.00627728
-9.59999978	0.00693730
-9.56666645	0.00746913
-9.53333312	0.00813840
-9.49999978	0.00874854
-9.46666645	0.00941996
-9.43333312	0.00999358
-9.39999979	0.01060235
-9.36666645	0.01124462
-9.33333312	0.01188229
-9.29999979	0.01244345
-9.26666645	0.01289108
-9.23333312	0.01339050
-9.19999979	0.01384555
-9.16666645	0.01428296
-9.13333312	0.01450490
-9.09999979	0.01472924
-9.06666646	0.01501915
-9.03333312	0.01514625
-8.99999979	0.01520524
-8.96666646	0.01524983
-8.93333312	0.01508740
-8.89999979	0.01495141
-8.86666646	0.01477524
-8.83333312	0.01460816
-8.79999979	0.01437236
-8.76666646	0.01409528
-8.73333313	0.01375083
-8.69999979	0.01324655
-8.66666646	0.01286692
-8.63333313	0.01241111
-8.59999979	0.01175221
-8.56666646	0.01132358
-8.53333313	0.01077231
-8.49999979	0.01013262
-8.46666646	0.00947701
-8.43333313	0.00891994
-8.39999979	0.00845522
-8.36666646	0.00775667
-8.33333313	0.00721348
-8.29999980	0.00670063
-8.26666646	0.00603687
-8.23333313	0.00547360
-8.19999980	0.00505245
-8.16666646	0.00461548
-8.13333313	0.00411153
-8.09999980	0.00376787
-8.06666646	0.00340440
-8.03333313	0.00322899
-7.99999980	0.00293836
-7.96666647	0.00264833
-7.93333313	0.00244269
-7.89999980	0.00239646
-7.86666647	0.00217330
-7.83333313	0.00215689
-7.79999980	0.00219450
-7.76666647	0.00209600
-7.73333313	0.00221195
-7.69999980	0.00226780
-7.66666647	0.00227748
-7.63333313	0.00242226
-7.59999980	0.00246253
-7.56666647	0.00268922
-7.53333314	0.00295056
-7.49999980	0.00316656
-7.46666647	0.00328507
-7.43333314	0.00351072
-7.39999980	0.00378988
-7.36666647	0.00393756
-7.33333314	0.00407741
-7.29999980	0.00425748
-7.26666647	0.00444255
-7.23333314	0.00462479
-7.19999981	0.00478507
-7.16666647	0.00487253
-7.13333314	0.00489675
-7.09999981	0.00497340
-7.06666647	0.00501676
-7.03333314	0.00496436
-6.99999981	0.00486643
-6.96666647	0.00475599
-6.93333314	0.00467213
-6.89999981	0.00449536
-6.86666647	0.00429588
-6.83333314	0.00399810
-6.79999981	0.00366112
-6.76666648	0.00336320
-6.73333314	0.00313086
-6.69999981	0.00269257
-6.66666648	0.00225639
-6.63333314	0.00180922
-6.59999981	0.00139506
-6.56666648	0.00086268
-6.53333314	0.00034730
-6.49999981	-0.00008063
-6.46666648	-0.00066887
-6.43333315	-0.00105814
-6.39999981	-0.00159935
-6.36666648	-0.00204584
-6.33333315	-0.00255406
-6.29999981	-0.00305946
-6.26666648	-0.00359166
-6.23333315	-0.00396847
-6.19999981	-0.00440221
-6.16666648	-0.00477073
-6.13333315	-0.00506254
-6.09999981	-0.00535220
-6.06666648	-0.00552611
-6.03333315	-0.00583273
-5.99999982	-0.00595193
-5.96666648	-0.00609466
-5.93333315	-0.00619567
-5.89999982	-0.00625226
-5.86666648	-0.00619651
-5.83333315	-0.00627576
-5.79999982	-0.00618611
-5.76666648	-0.00614684
-5.73333315	-0.00607383
-5.69999982	-0.00606089
-5.66666649	-0.00585361
-5.63333315	-0.00581880
-5.59999982	-0.00573191
-5.56666649	-0.00550168
-5.53333315	-0.00540982
-5.49999982	-0.00509146
-5.46666649	-0.00497403
-5.43333315	-0.00482994
-5.39999982	-0.00471227
-5.36666649	-0.00452612
-5.33333315	-0.00449219
-5.29999982	-0.00436151
-5.26666649	-0.00422946
-5.23333316	-0.00410768
-5.19999982	-0.00394130
-5.16666649	-0.00394915
-5.13333316	-0.00387141
-5.09999982	-0.00379953
-5.06666649	-0.00370370
-5.03333316	-0.00361430
-4.99999982	-0.00370316
-4.96666649	-0.00360962
-4.93333316	-0.00370658
-4.89999983	-0.00349270
-4.86666649	-0.00348790
-4.83333316	-0.00337950
-4.79999983	-0.00342191
-4.76666649	-0.00342843
-4.73333316	-0.00324616
-4.69999983	-0.00318808
-4.66666649	-0.00312653
-4.63333316	-0.00294847
-4.59999983	-0.00284562
-4.56666650	-0.00261236
-4.53333316	-0.00232523
-4.49999983	-0.00208739
-4.46666650	-0.00186695
-4.43333316	-0.00158592
-4.39999983	-0.00113612
-4.36666650	-0.00087342
-4.33333316	-0.00038846
-4.29999983	0.00002771
-4.26666650	0.00049027
-4.23333316	0.00095343
-4.19999983	0.00144906
-4.16666650	0.00196631
-4.13333317	0.00245535
-4.09999983	0.00303673
-4.06666650	0.00359063
-4.03333317	0.00418290
-3.99999983	0.00468744
-3.96666650	0.00522466
-3.93333317	0.00564874
-3.89999983	0.00619489
-3.86666650	0.00657614
-3.83333317	0.00691711
-3.79999984	0.00731996
-3.76666650	0.00762982
-3.73333317	0.00794743
-3.69999984	0.00827102
-3.66666650	0.00848456
-3.63333317	0.00855199
-3.59999984	0.00864467
-3.56666650	0.00858312
-3.53333317	0.00859197
-3.49999984	0.00858409
-3.46666650	0.00842187
-3.43333317	0.00810009
-3.39999984	0.00789956
-3.36666651	0.00749831
-3.33333317	0.00722622
-3.29999984	0.00683205
-3.26666651	0.00626110
-3.23333317	0.00577414
-3.19999984	0.00503765
-3.16666651	0.00445455
-3.13333317	0.00370212
-3.09999984	0.00297004
-3.06666651	0.00208600
-3.03333318	0.00135648
-2.99999984	0.00034079
-2.96666651	-0.00064874
-2.93333318	-0.00176210
-2.89999984	-0.00274691
-2.86666651	-0.00370428
-2.83333318	-0.00489001
-2.79999984	-0.00612200
-2.76666651	-0.00727149
-2.73333318	-0.00849772
-2.69999984	-0.00982984
-2.66666651	-0.01124035
-2.63333318	-0.01254802
-2.59999985	-0.01385288
-2.56666651	-0.01510775
-2.53333318	-0.01637944
-2.49999985	-0.01775535
-2.46666651	-0.01904516
-2.43333318	-0.02041333
-2.39999985	-0.02187006
-2.36666651	-0.02303323
-2.33333318	-0.02439012
-2.29999985	-0.02552772
-2.26666652	-0.02666181
-2.23333318	-0.02779082
-2.19999985	-0.02884353
-2.16666652	-0.02997884
-2.13333318	-0.03101169
-2.09999985	-0.03187321
-2.06666652	-0.03284058
-2.03333318	-0.03371556
-1.99999985	-0.03451193
-1.96666652	-0.03532051
-1.93333318	-0.03586716
-1.89999985	-0.03659493
-1.86666652	-0.03724815
-1.83333319	-0.03781081
-1.79999985	-0.03837192
-1.76666652	-0.03884113
-1.73333319	-0.03914110
-1.69999985	-0.03955351
-1.66666652	-0.03981495
-1.63333319	-0.04013425
-1.59999985	-0.04032010
-1.56666652	-0.04039910
-1.53333319	-0.04046670
-1.49999986	-0.04055352
-1.46666652	-0.04053920
-1.43333319	-0.04053097
-1.39999986	-0.04053353
-1.36666652	-0.04042779
-1.33333319	-0.04021615
-1.29999986	-0.04013207
-1.26666652	-0.03984065
-1.23333319	-0.03957516
-1.19999986	-0.03917420
-1.16666652	-0.03880183
-1.13333319	-0.03840813
-1.09999986	-0.03784133
-1.06666653	-0.03740838
-1.03333319	-0.03691362
-0.99999986	-0.03619742
-0.96666653	-0.03561710
-0.93333319	-0.03474594
-0.89999986	-0.03399139
-0.86666653	-0.03314598
-0.83333319	-0.03218698
-0.79999986	-0.03125609
-0.76666653	-0.03030119
-0.73333320	-0.02932496
-0.69999986	-0.02814755
-0.66666653	-0.02694613
-0.63333320	-0.02580872
-0.59999986	-0.02446886
-0.56666653	-0.02307483
-0.53333320	-0.02169889
-0.49999986	-0.02029127
-0.46666653	-0.01871962
-0.43333320	-0.01727873
-0.39999987	-0.01580761
-0.36666653	-0.01417018
-0.33333320	-0.01262423
-0.29999987	-0.01108060
-0.26666653	-0.00934070
-0.23333320	-0.00773300
-0.19999987	-0.00617080
-0.16666653	-0.00454591
-0.13333320	-0.00299626
-0.09999987	-0.00131649
-0.06666653	0.00031226
-0.03333320	0.00177135
0.00000013	0.00339607
0.03333346	0.00491740
0.06666680	0.00641454
0.10000013	0.00785771
0.13333346	0.00930083
0.16666680	0.01059793
0.20000013	0.01188188
0.23333346	0.01310108
0.26666680	0.01432947
0.30000013	0.01557529
0.33333346	0.01672372
0.36666679	0.01780068
0.40000013	0.01870601
0.43333346	0.01967287
0.46666679	0.02061003
0.50000013	0.02146435
0.53333346	0.02231591
0.56666679	0.02315063
0.60000013	0.02394766
0.63333346	0.02470868
0.66666679	0.02540848
0.70000013	0.02600354
0.73333346	0.02658575
0.76666679	0.02717570
0.80000012	0.02780839
0.83333346	0.02822802
0.86666679	0.02874809
0.90000012	0.02924856
0.93333346	0.02978178
0.96666679	0.03022446
1.00000012	0.03074108
1.03333346	0.03133214
1.06666679	0.03168380
1.10000012	0.03209013
1.13333345	0.03254578
1.16666679	0.03297760
1.20000012	0.03347133
1.23333345	0.03371412
1.26666679	0.03415731
1.30000012	0.03455020
1.33333345	0.03484321
1.36666679	0.03527526
1.40000012	0.03554048
1.43333345	0.03588256
1.46666679	0.03616321
1.50000012	0.03649260
1.53333345	0.03671579
1.56666678	0.03715893
1.60000012	0.03730694
1.63333345	0.03744379
1.66666678	0.03776432
1.70000012	0.03791555
1.73333345	0.03805701
1.76666678	0.03815601
1.80000012	0.03841662
1.83333345	0.03866982
1.86666678	0.03865470
1.90000011	0.03880344
1.93333345	0.03882553
1.96666678	0.03891116
2.00000011	0.03888656
2.03333345	0.03898857
2.06666678	0.03901046
2.10000011	0.03909466
2.13333345	0.03906177
2.16666678	0.03917045
2.20000011	0.03911963
2.23333345	0.03914024
2.26666678	0.03911121
2.30000011	0.03919905
2.33333344	0.03914380
2.36666678	0.03897198
2.40000011	0.03910017
2.43333344	0.03909478
2.46666678	0.03888460
2.50000011	0.03887305
2.53333344	0.03891503
2.56666678	0.03887416
2.60000011	0.03875036
2.63333344	0.03866154
2.66666677	0.03869271
2.70000011	0.03853803
2.73333344	0.03847124
2.76666677	0.03844300
2.80000011	0.03837011
2.83333344	0.03826887
2.86666677	0.03815165
2.90000011	0.03807481
2.93333344	0.03794193
2.96666677	0.03771006
3.00000011	0.03759244
3.03333344	0.03744874
3.06666677	0.03727739
3.10000010	0.03702455
3.13333344	0.03676965
3.16666677	0.03648507
3.20000010	0.03619641
3.23333344	0.03585955
3.26666677	0.03552955
3.30000010	0.03513644
3.33333344	0.03461340
3.36666677	0.03418614
3.40000010	0.03378415
3.43333343	0.03314164
3.46666677	0.03265918
3.50000010	0.03215173
3.53333343	0.03151366
3.56666677	0.03089979
3.60000010	0.03018390
3.63333343	0.02946728
3.66666677	0.02860045
3.70000010	0.02790332
3.73333343	0.02709636
3.76666676	0.02628026
3.80000010	0.02527649
3.83333343	0.02453134
3.86666676	0.02352804
3.90000010	0.02268598
3.93333343	0.02190947
3.96666676	0.02095589
4.00000010	0.02006710
4.03333343	0.01906539
4.06666676	0.01818331
4.10000010	0.01722518
4.13333343	0.01623686
4.16666676	0.01538188
4.20000009	0.01447300
4.23333343	0.01368777
4.26666676	0.01289304
4.30000009	0.01199302
4.33333343	0.01129666
4.36666676	0.01058512
4.40000009	0.00986122
4.43333343	0.00916679
4.46666676	0.00859722
4.50000009	0.00797351
4.53333342	0.00744389
4.56666676	0.00710047
4.60000009	0.00655271
4.63333342	0.00618832
4.66666676	0.00583748
4.70000009	0.00551246
4.73333342	0.00523434
4.76666676	0.00507741
4.80000009	0.00475445
4.83333342	0.00461133
4.86666676	0.00449614
4.90000009	0.00441728
4.93333342	0.00427932
4.96666675	0.00435215
5.00000009	0.00425415
5.03333342	0.00421676
5.06666675	0.00427342
5.10000009	0.00419830
5.13333342	0.00423248
5.16666675	0.00421601
5.20000009	0.00425162
5.23333342	0.00422927
5.26666675	0.00425917
5.30000008	0.00420625
5.33333342	0.00410216
5.36666675	0.00404070
5.40000008	0.00395507
5.43333342	0.00395315
5.46666675	0.00379933
5.50000008	0.00367201
5.53333342	0.00351949
5.56666675	0.00330760
5.60000008	0.00317126
5.63333342	0.00306314
5.66666675	0.00280087
5.70000008	0.00267587
5.73333341	0.00240652
5.76666675	0.00234492
5.80000008	0.00216509
5.83333341	0.00186309
5.86666675	0.00170703
5.90000008	0.00151055
5.93333341	0.00141803
5.96666675	0.00126936
6.00000008	0.00118786
6.03333341	0.00097607
6.06666674	0.00082096
6.10000008	0.00078348
6.13333341	0.00068842
6.16666674	0.00072849
6.20000008	0.00060188
6.23333341	0.00058071
6.26666674	0.00065852
6.30000008	0.00058916
6.33333341	0.00061450
6.36666674	0.00075336
6.40000008	0.00070886
6.43333341	0.00088902
6.46666674	0.00084390
6.50000007	0.00101285
6.53333341	0.00103639
6.56666674	0.00105123
6.60000007	0.00103509
6.63333341	0.00099162
6.66666674	0.00112636
6.70000007	0.00108627
6.73333341	0.00116042
6.76666674	0.00112271
6.80000007	0.00092330
6.83333340	0.00091320
6.86666674	0.00081299
6.90000007	0.00078256
6.93333340	0.00054228
6.96666674	0.00029367
7.00000007	0.00009448
7.03333340	-0.00018776
7.06666674	-0.00033167
7.10000007	-0.00069907
7.13333340	-0.00086678
7.16666674	-0.00117740
7.20000007	-0.00148233
7.23333340	-0.00183427
7.26666673	-0.00228174
7.30000007	-0.00251624
7.33333340	-0.00290565
7.36666673	-0.00317041
7.40000007	-0.00343578
7.43333340	-0.00374544
7.46666673	-0.00401778
7.50000007	-0.00424796
7.53333340	-0.00449382
7.56666673	-0.00469444
7.60000006	-0.00474394
7.63333340	-0.00488227
7.66666673	-0.00494064
7.70000006	-0.00515717
7.73333340	-0.00518986
7.76666673	-0.00509159
7.80000006	-0.00497964
7.83333340	-0.00498866
7.86666673	-0.00490443
7.90000006	-0.00466575
7.93333339	-0.00449841
7.96666673	-0.00438341
8.00000006	-0.00418745
8.03333339	-0.00391171
8.06666673	-0.00361469
8.10000006	-0.00341165
8.13333339	-0.00320294
8.16666673	-0.00292027
8.20000006	-0.00264053
8.23333339	-0.00235343
8.26666673	-0.00213351
8.30000006	-0.00194743
8.33333339	-0.00178000
8.36666672	-0.00157433
8.40000006	-0.00141394
8.43333339	-0.00117070
8.46666672	-0.00102318
8.50000006	-0.00102644
8.53333339	-0.00089323
8.56666672	-0.00090654
8.60000006	-0.00083215
8.63333339	-0.00089442
8.66666672	-0.00090212
8.70000005	-0.00099592
8.73333339	-0.00116263
8.76666672	-0.00120368
8.80000005	-0.00146891
8.83333339	-0.00164942
8.86666672	-0.00190643
8.90000005	-0.00208903
8.93333339	-0.00236538
8.96666672	-0.00251395
9.00000005	-0.00281886
9.03333339	-0.00302203
9.06666672	-0.00318567
9.10000005	-0.00340010
9.13333338	-0.00363733
9.16666672	-0.00382916
9.20000005	-0.00404621
9.23333338	-0.00426488
9.26666672	-0.00445805
9.30000005	-0.00459367
9.33333338	-0.00458064
9.36666672	-0.00474866
9.40000005	-0.00486507
9.43333338	-0.00496523
9.46666671	-0.00492451
9.50000005	-0.00497254
9.53333338	-0.00500471
9.56666671	-0.00499224
9.60000005	-0.00496108
9.63333338	-0.00481180
9.66666671	-0.00487121
9.70000005	-0.00471395
9.73333338	-0.00465034
9.76666671	-0.00461777
9.80000005	-0.00447352
9.83333338	-0.00432456
9.86666671	-0.00424853
9.90000004	-0.00406844
9.93333338	-0.00399289
9.96666671	-0.00390713
10.00000004	-0.00376382
10.03333338	-0.00365754
10.06666671	-0.00351189
10.10000004	-0.00336968
10.13333338	-0.00325497
10.16666671	-0.00316094
10.20000004	-0.00307421
10.23333337	-0.00301391
10.26666671	-0.00298415
10.30000004	-0.00290198
10.33333337	-0.00279113
10.36666671	-0.00280233
10.40000004	-0.00272052
10.43333337	-0.00267278
10.46666671	-0.00258952
10.50000004	-0.00253835
10.53333337	-0.00257009
10.56666671	-0.00247702
10.60000004	-0.00249105
10.63333337	-0.00246653
10.66666670	-0.00247082
10.70000004	-0.00246441
10.73333337	-0.00247488
10.76666670	-0.00247670
10.80000004	-0.00250527
10.83333337	-0.00253116
10.86666670	-0.00249309
10.90000004	-0.00253692
10.93333337	-0.00254744
10.96666670	-0.00250607
11.00000003	-0.00244282
11.03333337	-0.00246320
11.06666670	-0.00248187
11.10000003	-0.00246710
11.13333337	-0.00240814
11.16666670	-0.00244031
11.20000003	-0.00242780
11.23333337	-0.00239502
11.26666670	-0.00236170
11.30000003	-0.00234323
11.33333337	-0.00231351
11.36666670	-0.00227684
11.40000003	-0.00215149
11.43333336	-0.00214276
11.46666670	-0.00214036
11.50000003	-0.00209839
11.53333336	-0.00204675
11.56666670	-0.00196609
11.60000003	-0.00198073
11.63333336	-0.00188815
11.66666670	-0.00189239
11.70000003	-0.00184157
11.73333336	-0.00183619
11.76666669	-0.00180333
11.80000003	-0.00172017
11.83333336	-0.00171596
11.86666669	-0.00167692
11.90000003	-0.00165492
11.93333336	-0.00164000
11.96666669	-0.00161943
12.00000003	-0.00161117
12.03333336	-0.00159627
12.06666669	-0.00157411
12.10000002	-0.00156666
12.13333336	-0.00155338
12.16666669	-0.00151923
12.20000002	-0.00152126
12.23333336	-0.00152048
12.26666669	-0.00153228
12.30000002	-0.00149303
12.33333336	-0.00149062
12.36666669	-0.00146230
12.40000002	-0.00143824
12.43333336	-0.00141351
12.46666669	-0.00138954
12.50000002	-0.00138368
12.53333335	-0.00135532
12.56666669	-0.00132772
12.60000002	-0.00131568
12.63333335	-0.00130017
12.66666669	-0.00127344
12.70000002	-0.00124215
12.73333335	-0.00121459
12.76666669	-0.00119073
12.80000002	-0.00117926
12.83333335	-0.00116608
12.86666668	-0.00114274
12.90000002	-0.00113932
12.93333335	-0.00109071
12.96666668	-0.00108213
13.00000002	-0.00107375
13.03333335	-0.00104632
13.06666668	-0.00103354
13.10000002	-0.00100270
13.13333335	-0.00098448
13.16666668	-0.00095860
13.20000002	-0.00094799
13.23333335	-0.00092046
13.26666668	-0.00089300
13.30000001	-0.00087076
13.33333335	-0.00084353
13.36666668	-0.00082081
13.40000001	-0.00079764
13.43333335	-0.00077646
13.46666668	-0.00075700
13.50000001	-0.00072417
13.53333335	-0.00069605
13.56666668	-0.00067299
13.60000001	-0.00064748
13.63333334	-0.00061755
13.66666668	-0.00058302
13.70000001	-0.00055127
13.73333334	-0.00052254
13.76666668	-0.00049029
13.80000001	-0.00046291
13.83333334	-0.00043051
13.86666668	-0.00039942
13.90000001	-0.00036920
13.93333334	-0.00034085
13.96666668	-0.00031123
14.00000001	-0.00028683
14.03333334	-0.00026124
14.06666667	-0.00024050
14.10000001	-0.00021745
14.13333334	-0.00019605
14.16666667	-0.00017513
14.20000001	-0.00015447
14.23333334	-0.00013790
14.26666667	-0.00012438
14.30000001	-0.00010975
14.33333334	-0.00009620
14.36666667	-0.00008270
14.40000000	-0.00007103
14.43333334	-0.00006236
14.46666667	-0.00005291
14.50000000	-0.00004414
14.53333334	-0.00003680
14.56666667	-0.00003028
14.60000000	-0.00002435
14.63333334	-0.00001897
14.66666667	-0.00001440
14.70000000	-0.00001054
14.73333334	-0.00000750
14.76666667	-0.00000483
14.80000000	-0.00000274
14.83333333	-0.00000125
14.86666667	-0.00000031
14.90000000	0.00000000
