# Menlo Systems GmbH ScanControl
# Program Version 1.3.3
# Start: -65.00000000 ps, Average over 1000 waveforms. Timestamp: 2020-01-11T16:16:03
# Window type: Tukey, parameters: alpha = 0.2
# User time axis shift: 0 ps
# Frequency [THz]	THz Signal [a.u.]
0.00000000	-29.18787248
0.00732601	-21.92942194
0.01465201	-16.73316172
0.02197802	-17.06779757
0.02930403	-25.28076755
0.03663004	-25.49854013
0.04395604	-17.68683503
0.05128205	-12.94678805
0.05860806	-14.14602710
0.06593407	-14.93276977
0.07326007	-9.49701604
0.08058608	-12.82977083
0.08791209	-15.79553571
0.09523810	-5.92035652
0.10256410	-5.74399300
0.10989011	-11.99192513
0.11721612	-6.76786500
0.12454213	-4.32320522
0.13186813	-8.32795601
0.13919414	-7.41546409
0.14652015	-3.17067186
0.15384616	-3.84047824
0.16117216	-4.25729867
0.16849817	-1.74731421
0.17582418	-2.38283333
0.18315018	-5.70293211
0.19047619	-2.75818502
0.19780220	-0.50990738
0.20512821	-1.12022485
0.21245421	-1.61424197
0.21978022	-0.60531161
0.22710623	-0.77170033
0.23443224	-1.96616627
0.24175824	-1.47251528
0.24908425	-0.18820137
0.25641026	0.00000000
0.26373627	-0.36722175
0.27106227	-0.29363359
0.27838828	-0.64217737
0.28571429	-1.82567860
0.29304030	-1.63693489
0.30036630	-0.48627908
0.30769231	-0.47734900
0.31501832	-0.86827077
0.32234433	-0.55680639
0.32967033	-0.88042868
0.33699634	-2.18865723
0.34432235	-2.29218934
0.35164835	-1.56227205
0.35897436	-1.43542891
0.36630037	-1.34999912
0.37362638	-1.49893140
0.38095238	-2.09149722
0.38827839	-2.39108907
0.39560440	-2.63448899
0.40293041	-2.87551300
0.41025641	-2.61723962
0.41758242	-2.55210740
0.42490843	-2.91326200
0.43223444	-3.36065463
0.43956044	-3.93110391
0.44688645	-4.21871557
0.45421246	-4.11506818
0.46153847	-4.19194431
0.46886447	-4.39390532
0.47619048	-4.58568474
0.48351649	-4.85456728
0.49084250	-5.31288529
0.49816850	-5.83763088
0.50549451	-5.79530204
0.51282052	-5.69380577
0.52014652	-6.18590378
0.52747253	-6.65578455
0.53479854	-6.92713130
0.54212455	-7.35087249
0.54945055	-8.14047539
0.55677656	-9.25340208
0.56410257	-8.98396314
0.57142858	-8.27859265
0.57875458	-8.85748221
0.58608059	-9.35429901
0.59340660	-9.30042477
0.60073261	-9.87310036
0.60805861	-10.13298020
0.61538462	-10.23324812
0.62271063	-10.94000868
0.63003664	-11.20043847
0.63736264	-11.48045030
0.64468865	-12.31353306
0.65201466	-12.70154285
0.65934066	-13.12850698
0.66666667	-13.79436051
0.67399268	-14.16135542
0.68131869	-14.79003917
0.68864469	-15.39687777
0.69597070	-15.87735649
0.70329671	-16.73533356
0.71062272	-17.24218176
0.71794872	-17.62730313
0.72527473	-18.41035067
0.73260074	-18.83460849
0.73992675	-19.41811315
0.74725275	-20.71888318
0.75457876	-21.52654098
0.76190477	-21.54815200
0.76923078	-21.83641701
0.77655678	-22.52309200
0.78388279	-23.22388670
0.79120880	-23.80640549
0.79853481	-24.50740856
0.80586081	-25.26133065
0.81318682	-25.81112591
0.82051283	-26.41181566
0.82783883	-27.09305317
0.83516484	-27.62724512
0.84249085	-28.28965579
0.84981686	-29.01164859
0.85714286	-29.60077346
0.86446887	-30.24551450
0.87179488	-30.75388568
0.87912089	-31.30363787
0.88644689	-32.01637647
0.89377290	-32.61411574
0.90109891	-33.48267467
0.90842492	-34.33850702
0.91575092	-34.93296276
0.92307693	-35.86088208
0.93040294	-36.62484947
0.93772895	-37.23315370
0.94505495	-37.87421201
0.95238096	-38.32446470
0.95970697	-39.47412787
0.96703298	-40.51672113
0.97435898	-40.63122662
0.98168499	-41.73592480
0.98901100	-43.55407802
0.99633700	-43.91841742
1.00366301	-44.05211291
1.01098902	-45.32863956
1.01831503	-46.54353659
1.02564103	-46.79122525
1.03296704	-47.51490048
1.04029305	-48.37578830
1.04761906	-48.87858424
1.05494506	-50.09520659
1.06227107	-50.98186598
1.06959708	-51.13816540
1.07692309	-51.87046069
1.08424909	-53.20542244
1.09157510	-55.86189777
1.09890111	-58.45402311
1.10622712	-58.18141345
1.11355312	-58.95377928
1.12087913	-59.71755710
1.12820514	-59.48330468
1.13553115	-59.07364339
1.14285715	-58.64173538
1.15018316	-60.27723358
1.15750917	-62.35256238
1.16483517	-62.54211257
1.17216118	-63.11128468
1.17948719	-61.01894690
1.18681320	-62.70690669
1.19413920	-69.55528539
1.20146521	-64.95675020
1.20879122	-65.22603930
1.21611723	-71.66818071
1.22344323	-64.65712277
1.23076924	-66.13825911
1.23809525	-70.01927120
1.24542126	-66.16475569
1.25274726	-74.01643565
1.26007327	-71.12266775
1.26739928	-65.97904258
1.27472529	-67.64075064
1.28205129	-74.81179795
1.28937730	-78.79407064
1.29670331	-75.77582225
1.30402932	-74.45194347
1.31135532	-70.78512586
1.31868133	-70.44440768
1.32600734	-74.33118740
1.33333334	-72.81206331
1.34065935	-70.26902090
1.34798536	-79.16011758
1.35531137	-75.93324423
1.36263737	-83.13892280
1.36996338	-76.98353686
1.37728939	-74.07591946
1.38461540	-76.34922664
1.39194140	-78.56591888
1.39926741	-80.31471663
1.40659342	-85.12964523
1.41391943	-82.29969292
1.42124543	-76.35846975
1.42857144	-73.98549191
1.43589745	-74.35598317
1.44322346	-77.55918561
1.45054946	-102.75582788
1.45787547	-75.48296964
1.46520148	-71.79288032
1.47252749	-71.34139794
1.47985349	-71.88297804
1.48717950	-77.97762231
1.49450551	-76.87877881
1.50183151	-75.16244416
1.50915752	-75.45062352
1.51648353	-75.70579819
1.52380954	-84.73976111
1.53113554	-74.89988288
1.53846155	-72.51659552
1.54578756	-73.82496457
1.55311357	-69.87709914
1.56043957	-71.57796449
1.56776558	-75.25355161
1.57509159	-77.18610336
1.58241760	-82.33960326
1.58974360	-78.67133059
1.59706961	-78.79923433
1.60439562	-74.09856604
1.61172163	-88.03732751
1.61904763	-76.17423724
1.62637364	-78.62012864
1.63369965	-78.76287182
1.64102566	-76.40759557
1.64835166	-115.67083660
1.65567767	-76.32796535
1.66300368	-75.25658733
1.67032968	-75.88309185
1.67765569	-78.50900954
1.68498170	-96.97698869
1.69230771	-83.65866001
1.69963371	-81.43460868
1.70695972	-80.35969065
1.71428573	-77.82763410
1.72161174	-78.35233629
1.72893774	-80.84228963
1.73626375	-83.58073196
1.74358976	-104.60819458
1.75091577	-83.24932922
1.75824177	-79.46852742
1.76556778	-82.29398628
1.77289379	-89.37012754
1.78021980	-90.24005816
1.78754580	-76.11050779
1.79487181	-72.61819728
1.80219782	-73.68823282
1.80952382	-75.08849824
1.81684983	-76.51106232
1.82417584	-85.00780724
1.83150185	-86.85203872
1.83882785	-84.11223816
1.84615386	-88.78414602
1.85347987	-83.37132982
1.86080588	-75.50213201
1.86813188	-79.80108736
1.87545789	-73.32537974
1.88278390	-72.14292598
1.89010991	-84.80151658
1.89743591	-81.52667890
1.90476192	-80.59377718
1.91208793	-108.42967849
1.91941394	-74.21762868
1.92673994	-74.28235348
1.93406595	-88.61173653
1.94139196	-81.04648744
1.94871797	-76.30439347
1.95604397	-71.44843481
1.96336998	-79.28006752
1.97069599	-87.51443623
1.97802199	-88.19437703
1.98534800	-81.93529344
1.99267401	-86.33428395
2.00000002	-74.62802473
2.00732602	-73.81500312
2.01465203	-77.12478572
2.02197804	-76.76995754
2.02930405	-75.67619915
2.03663005	-93.60631703
2.04395606	-80.42526204
2.05128207	-90.44390676
2.05860808	-77.73754566
2.06593408	-74.70400878
2.07326009	-76.98713067
2.08058610	-102.17672522
2.08791211	-83.78950116
2.09523811	-78.71629927
2.10256412	-75.26061747
2.10989013	-81.81807447
2.11721614	-84.71277009
2.12454214	-87.75313766
2.13186815	-82.64575847
2.13919416	-90.47964205
2.14652016	-92.12250664
2.15384617	-82.94374029
2.16117218	-80.53221562
2.16849819	-83.87015560
2.17582419	-84.16616329
2.18315020	-76.75453756
2.19047621	-77.26817220
2.19780222	-81.26739070
2.20512822	-78.75442244
2.21245423	-78.28518002
2.21978024	-80.92493722
2.22710625	-79.48433380
2.23443225	-71.66922606
2.24175826	-70.77111517
2.24908427	-78.79347580
2.25641028	-75.99136916
2.26373628	-75.25072303
2.27106229	-77.24935169
2.27838830	-76.93464485
2.28571431	-72.23847976
2.29304031	-72.51054174
2.30036632	-80.29935656
2.30769233	-80.25053624
2.31501833	-73.38811679
2.32234434	-71.60400165
2.32967035	-76.21848813
2.33699636	-78.14498134
2.34432236	-74.70073984
2.35164837	-82.48138512
2.35897438	-84.89737738
2.36630039	-85.04837828
2.37362639	-73.64519467
2.38095240	-72.14767845
2.38827841	-81.38148453
2.39560442	-77.38785988
2.40293042	-74.60872669
2.41025643	-80.00402028
2.41758244	-89.09489568
2.42490845	-85.59989039
2.43223445	-83.22765928
2.43956046	-87.08261245
2.44688647	-88.17960831
2.45421248	-81.08659327
2.46153848	-82.48932777
2.46886449	-81.01315037
2.47619050	-78.37597316
2.48351650	-76.02763849
2.49084251	-80.65292582
2.49816852	-75.72383431
2.50549453	-71.05295413
2.51282053	-73.65138334
2.52014654	-79.86399389
2.52747255	-83.03050468
2.53479856	-90.93938798
2.54212456	-79.56063512
2.54945057	-77.42265346
2.55677658	-78.00021653
2.56410259	-80.38138793
2.57142859	-87.74387571
2.57875460	-87.73532509
2.58608061	-92.08395374
2.59340662	-96.06216924
2.60073262	-85.98351449
2.60805863	-81.31553057
2.61538464	-84.68450124
2.62271065	-91.21304058
2.63003665	-87.74678977
2.63736266	-92.92973132
2.64468867	-91.67200358
2.65201467	-92.67983905
2.65934068	-87.42671593
2.66666669	-83.01933421
2.67399270	-81.13425397
2.68131870	-78.48770452
2.68864471	-74.92659737
2.69597072	-75.70292096
2.70329673	-93.77015525
2.71062273	-75.55912516
2.71794874	-77.18922800
2.72527475	-87.03036373
2.73260076	-82.34053528
2.73992676	-81.01079466
2.74725277	-80.64888894
2.75457878	-85.99191127
2.76190479	-79.36772592
2.76923079	-82.30933521
2.77655680	-79.53372483
2.78388281	-75.60988907
2.79120882	-78.21324582
2.79853482	-88.41641030
2.80586083	-83.17062048
2.81318684	-80.19904146
2.82051284	-87.70054954
2.82783885	-87.36488224
2.83516486	-80.15402982
2.84249087	-78.67597383
2.84981687	-80.29756679
2.85714288	-76.75516180
2.86446889	-76.29118546
2.87179490	-75.80333981
2.87912090	-76.05860026
2.88644691	-82.44392387
2.89377292	-94.09225500
2.90109893	-92.78554881
2.90842493	-82.32903497
2.91575094	-83.43433864
2.92307695	-77.23673030
2.93040296	-74.38724038
2.93772896	-81.94686697
2.94505497	-83.68406847
2.95238098	-84.79167523
2.95970698	-93.24190887
2.96703299	-81.78953543
2.97435900	-74.78683796
2.98168501	-72.97547381
2.98901101	-77.62905717
2.99633702	-84.95431652
3.00366303	-76.71189397
3.01098904	-78.46943085
3.01831504	-86.21535923
3.02564105	-75.45754688
3.03296706	-75.27443721
3.04029307	-83.77935637
3.04761907	-92.25685634
3.05494508	-97.77520268
3.06227109	-93.78146185
3.06959710	-89.85913419
3.07692310	-94.50472127
3.08424911	-82.13334144
3.09157512	-75.74557190
3.09890113	-76.23772597
3.10622713	-88.65542344
3.11355314	-80.90290573
3.12087915	-78.66990729
3.12820515	-81.87156723
3.13553116	-87.07635576
3.14285717	-83.81892995
3.15018318	-81.61911330
3.15750918	-91.59073300
3.16483519	-85.41635114
3.17216120	-90.19927130
3.17948721	-83.36683759
3.18681321	-81.21018299
3.19413922	-83.27328771
3.20146523	-80.60116772
3.20879124	-75.17402345
3.21611724	-72.81258133
3.22344325	-74.10251026
3.23076926	-80.01719570
3.23809527	-89.33592885
3.24542127	-82.41947174
3.25274728	-75.81145329
3.26007329	-78.35679561
3.26739930	-82.48051146
3.27472530	-80.08047313
3.28205131	-81.25744973
3.28937732	-84.09593751
3.29670332	-87.30832633
3.30402933	-85.01914708
3.31135534	-81.65280638
3.31868135	-81.15400186
3.32600735	-80.87270073
3.33333336	-79.84820836
3.34065937	-78.36776204
3.34798538	-79.30569946
3.35531138	-81.72678478
3.36263739	-81.61913824
3.36996340	-79.66300198
3.37728941	-76.45158846
3.38461541	-74.67972621
3.39194142	-77.58416955
3.39926743	-92.72368983
3.40659344	-76.94094002
3.41391944	-79.12539838
3.42124545	-79.55005886
3.42857146	-76.38542760
3.43589747	-87.58816413
3.44322347	-75.89786118
3.45054948	-78.39911073
3.45787549	-79.57539645
3.46520149	-73.48100599
3.47252750	-77.56339464
3.47985351	-83.23554508
3.48717952	-92.78106847
3.49450552	-81.39631783
3.50183153	-82.22152521
3.50915754	-79.57518360
3.51648355	-82.17677285
3.52380955	-86.31734521
3.53113556	-79.33471875
3.53846157	-84.26089732
3.54578758	-87.73679078
3.55311358	-80.42285287
3.56043959	-81.33032482
3.56776560	-79.76039327
3.57509161	-72.83558172
3.58241761	-75.24628692
3.58974362	-86.87020425
3.59706963	-81.23093491
3.60439564	-85.97642657
3.61172164	-76.66980556
3.61904765	-78.53241274
3.62637366	-82.02271482
3.63369966	-76.18057825
3.64102567	-80.45439626
3.64835168	-79.74239805
3.65567769	-74.36989532
3.66300369	-85.08816273
3.67032970	-78.18765508
3.67765571	-77.55761573
3.68498172	-82.02632417
3.69230772	-84.10608461
3.69963373	-85.72419255
3.70695974	-76.56852452
3.71428575	-75.32026448
3.72161175	-81.43872428
3.72893776	-81.73024717
3.73626377	-74.36615295
3.74358978	-74.73803033
3.75091578	-81.05813853
3.75824179	-83.02325144
3.76556780	-84.09926682
3.77289381	-86.99143886
3.78021981	-79.22535098
3.78754582	-79.60828701
3.79487183	-82.56336339
3.80219783	-88.91516529
3.80952384	-93.93485928
3.81684985	-84.27734094
3.82417586	-80.60254057
3.83150186	-79.13736048
3.83882787	-75.29655565
3.84615388	-74.88994911
3.85347989	-77.55352337
3.86080589	-76.93903415
3.86813190	-75.84125910
3.87545791	-75.47186451
3.88278392	-85.64231225
3.89010992	-76.36880501
3.89743593	-74.88325953
3.90476194	-83.94396254
3.91208795	-88.22100290
3.91941395	-88.20400267
3.92673996	-79.56001088
3.93406597	-78.90964573
3.94139197	-81.03668597
3.94871798	-80.07520004
3.95604399	-83.58235680
3.96337000	-80.95577054
3.97069600	-76.46806222
3.97802201	-74.98852850
3.98534802	-85.25766345
3.99267403	-77.56981775
4.00000003	-78.61012618
4.00732604	-86.59145914
4.01465205	-86.35391825
4.02197806	-89.54864266
4.02930406	-89.16822482
4.03663007	-86.00515983
4.04395608	-99.66487135
4.05128209	-83.93424022
4.05860809	-85.27951433
4.06593410	-83.51806134
4.07326011	-80.39104556
4.08058612	-86.61434351
4.08791212	-88.52124472
4.09523813	-101.05715209
4.10256414	-91.98998632
4.10989014	-83.93304541
4.11721615	-77.53026890
4.12454216	-82.23501520
4.13186817	-76.52681312
4.13919417	-76.50287476
4.14652018	-84.21264345
4.15384619	-83.54600274
4.16117220	-84.42232260
4.16849820	-75.13313905
4.17582421	-74.96086889
4.18315022	-79.88002524
4.19047623	-81.74324525
4.19780223	-80.94650527
4.20512824	-88.76364458
4.21245425	-81.46999442
4.21978026	-76.68749165
4.22710626	-78.34859896
4.23443227	-101.27591452
4.24175828	-79.79265131
4.24908429	-82.26114597
4.25641029	-94.00526232
4.26373630	-85.64994098
4.27106231	-81.14587579
4.27838831	-79.17256690
4.28571432	-82.79610865
4.29304033	-82.00691764
4.30036634	-97.17949630
4.30769234	-81.70293114
4.31501835	-80.69442582
4.32234436	-80.87789991
4.32967037	-89.43515773
4.33699637	-83.72169295
4.34432238	-93.37888000
4.35164839	-76.57414949
4.35897440	-72.09306872
4.36630040	-73.46075790
4.37362641	-74.75893912
4.38095242	-77.47327710
4.38827843	-98.52379270
4.39560443	-80.10634902
4.40293044	-83.24990265
4.41025645	-80.58069749
4.41758246	-81.98680076
4.42490846	-89.95343386
4.43223447	-82.43048084
4.43956048	-84.80727189
4.44688648	-83.23471760
4.45421249	-95.38744514
4.46153850	-89.69252639
4.46886451	-116.70930072
4.47619051	-85.49307987
4.48351652	-85.27337191
4.49084253	-91.38489110
4.49816854	-90.10809660
4.50549454	-90.34857355
4.51282055	-81.94392136
4.52014656	-84.71397332
4.52747257	-87.90912422
4.53479857	-89.81212913
4.54212458	-92.80146733
4.54945059	-88.12255361
4.55677660	-84.52597524
4.56410260	-99.38922976
4.57142861	-83.92697402
4.57875462	-89.55305570
4.58608063	-86.65658548
4.59340663	-82.23066155
4.60073264	-80.81566537
4.60805865	-84.60367478
4.61538465	-89.65343077
4.62271066	-102.92968743
4.63003667	-97.02143535
4.63736268	-86.82377802
4.64468868	-79.94543355
4.65201469	-81.89005484
4.65934070	-91.02725118
4.66666671	-93.05813818
4.67399271	-85.91551225
4.68131872	-84.34720607
4.68864473	-86.92126467
4.69597074	-87.07980250
4.70329674	-96.72983843
4.71062275	-87.23226569
4.71794876	-84.42530217
4.72527477	-78.82376773
4.73260077	-76.23192695
4.73992678	-78.15832516
4.74725279	-81.44438109
4.75457880	-80.28733701
4.76190480	-93.42467834
4.76923081	-78.91984949
4.77655682	-77.91112034
4.78388282	-85.81800661
4.79120883	-82.11432310
4.79853484	-80.73503565
4.80586085	-79.55783299
4.81318685	-81.13851232
4.82051286	-99.81647478
4.82783887	-83.24402401
4.83516488	-80.47853857
4.84249088	-79.84155073
4.84981689	-80.98501000
4.85714290	-88.69021885
4.86446891	-86.24946242
4.87179491	-89.55947503
4.87912092	-85.55711105
4.88644693	-82.22250171
4.89377294	-80.20797264
4.90109894	-82.37471907
4.90842495	-85.23351792
4.91575096	-79.72867647
4.92307697	-77.07221335
4.93040297	-77.65621039
4.93772898	-77.35485853
4.94505499	-82.29374399
4.95238099	-84.93368140
4.95970700	-77.89261864
4.96703301	-75.52810054
4.97435902	-80.94961490
4.98168502	-82.46827513
4.98901103	-92.98102731
4.99633704	-79.89574349
5.00366305	-75.96797563
5.01098905	-77.90926256
5.01831506	-81.29325484
5.02564107	-77.75659553
5.03296708	-79.40438128
5.04029308	-80.79296405
5.04761909	-96.73152455
5.05494510	-81.62486722
5.06227111	-84.89745171
5.06959711	-85.74964917
5.07692312	-83.92075813
5.08424913	-89.48253675
5.09157513	-96.36616151
5.09890114	-82.03354836
5.10622715	-78.56688751
5.11355316	-81.81067887
5.12087916	-89.16538401
5.12820517	-81.45053711
5.13553118	-81.57881976
5.14285719	-86.50207288
5.15018319	-93.14079687
5.15750920	-83.85912491
5.16483521	-78.74202888
5.17216122	-80.22159125
5.17948722	-76.78213666
5.18681323	-81.31111607
5.19413924	-73.93450440
5.20146525	-73.37194081
5.20879125	-75.51598537
5.21611726	-71.51483314
5.22344327	-75.52738658
5.23076928	-80.91156205
5.23809528	-85.58202944
5.24542129	-85.14488281
5.25274730	-76.79159494
5.26007330	-78.08397954
5.26739931	-78.90617647
5.27472532	-73.26232290
5.28205133	-79.47158785
5.28937733	-81.37625268
5.29670334	-82.76529199
5.30402935	-74.80884195
5.31135536	-74.84396671
5.31868136	-87.99094902
5.32600737	-78.01076108
5.33333338	-88.64660580
5.34065939	-76.08424782
5.34798539	-78.50564148
5.35531140	-86.83585383
5.36263741	-83.28471594
5.36996342	-84.90040100
5.37728942	-81.34776448
5.38461543	-82.02796852
5.39194144	-96.86670998
5.39926745	-80.63171052
5.40659345	-83.64484905
5.41391946	-94.79393589
5.42124547	-94.44667844
5.42857147	-85.01660829
5.43589748	-82.45709054
5.44322349	-82.36138555
5.45054950	-81.56810537
5.45787550	-89.71865481
5.46520151	-84.57443307
5.47252752	-84.00820640
5.47985353	-89.36745025
5.48717953	-81.97394992
5.49450554	-96.54297476
5.50183155	-87.39418345
5.50915756	-95.83848342
5.51648356	-81.85811266
5.52380957	-82.41699247
5.53113558	-75.67682160
5.53846159	-76.39811467
5.54578759	-95.97824546
5.55311360	-78.56442933
5.56043961	-82.08344055
5.56776562	-85.71168159
5.57509162	-88.20868457
5.58241763	-87.21185174
5.58974364	-81.41325089
5.59706964	-81.25501887
5.60439565	-78.30720444
5.61172166	-78.89547791
5.61904767	-94.05917138
5.62637367	-88.11808140
5.63369968	-89.08126009
5.64102569	-80.50632297
5.64835170	-86.29524302
5.65567770	-80.11053452
5.66300371	-84.53598390
5.67032972	-84.38405115
5.67765573	-82.27734378
5.68498173	-86.79911001
5.69230774	-76.47114609
5.69963375	-75.74159070
5.70695976	-75.42598138
5.71428576	-77.04358176
5.72161177	-80.50402128
5.72893778	-88.18742961
5.73626379	-78.87703840
5.74358979	-76.72502737
5.75091580	-100.28803945
5.75824181	-77.21058539
5.76556781	-78.91470741
5.77289382	-79.54058223
5.78021983	-77.93365249
5.78754584	-83.54282461
5.79487184	-87.42200424
5.80219785	-85.36703318
5.80952386	-84.78284416
5.81684987	-81.80871223
5.82417587	-81.59438310
5.83150188	-80.63296243
5.83882789	-78.37370916
5.84615390	-85.63300937
5.85347990	-79.72218559
5.86080591	-79.51989033
5.86813192	-80.07841677
5.87545793	-77.91509740
5.88278393	-91.63547455
5.89010994	-80.67189124
5.89743595	-92.13291906
5.90476196	-75.85473370
5.91208796	-76.14821383
5.91941397	-81.28421675
5.92673998	-79.43762287
5.93406598	-87.51517203
5.94139199	-88.40130193
5.94871800	-84.25507157
5.95604401	-78.84504822
5.96337001	-78.55534042
5.97069602	-78.77213694
5.97802203	-74.50823220
5.98534804	-80.12769301
5.99267404	-81.08267982
6.00000005	-82.31220959
6.00732606	-81.45377967
6.01465207	-80.35796183
6.02197807	-83.81255229
6.02930408	-82.92548236
6.03663009	-82.94069682
6.04395610	-103.07401865
6.05128210	-84.45631174
6.05860811	-87.26196779
6.06593412	-86.42404227
6.07326013	-79.66211349
6.08058613	-79.32543014
6.08791214	-82.95192851
6.09523815	-94.26356219
6.10256415	-83.01679421
6.10989016	-79.89636339
6.11721617	-85.65809263
6.12454218	-88.07514891
6.13186818	-83.21968056
6.13919419	-82.54653431
6.14652020	-103.77437312
6.15384621	-78.96449800
6.16117221	-79.45095811
6.16849822	-84.73390179
6.17582423	-93.01016223
6.18315024	-79.10359297
6.19047624	-75.42468114
6.19780225	-78.63727899
6.20512826	-80.83781397
6.21245427	-79.20984231
6.21978027	-84.94956343
6.22710628	-83.78483955
6.23443229	-79.63527963
6.24175829	-83.84224992
6.24908430	-88.49542813
6.25641031	-87.40883324
6.26373632	-82.48725079
6.27106232	-79.10181838
6.27838833	-84.22629056
6.28571434	-77.33670588
6.29304035	-76.64470813
6.30036635	-81.09948345
6.30769236	-74.69853101
6.31501837	-77.77721673
6.32234438	-84.86362315
6.32967038	-83.45657403
6.33699639	-81.31338393
6.34432240	-79.92044032
6.35164841	-77.64324623
6.35897441	-74.79305632
6.36630042	-75.62340379
6.37362643	-77.96385980
6.38095244	-79.72057912
6.38827844	-76.90655411
6.39560445	-78.30585201
6.40293046	-83.47966248
6.41025646	-84.87819832
6.41758247	-93.98862303
6.42490848	-83.81526807
6.43223449	-77.92621667
6.43956049	-78.25711692
6.44688650	-84.68212805
6.45421251	-77.07092305
6.46153852	-77.19055763
6.46886452	-88.67410409
6.47619053	-77.35644247
6.48351654	-78.83845746
6.49084255	-90.07729578
6.49816855	-76.49935860
6.50549456	-77.44996046
6.51282057	-84.26444110
6.52014658	-75.13912676
6.52747258	-77.25554074
6.53479859	-78.70970767
6.54212460	-81.35201938
6.54945061	-89.24026849
6.55677661	-89.51676613
6.56410262	-78.68039660
6.57142863	-78.20258741
6.57875463	-83.05919506
6.58608064	-79.11725603
6.59340665	-78.12781243
6.60073266	-80.14132350
6.60805866	-83.76808264
6.61538467	-88.68484562
6.62271068	-86.66848560
6.63003669	-87.72294965
6.63736269	-86.77882108
6.64468870	-82.61992119
6.65201471	-87.21583442
6.65934072	-82.56177116
6.66666672	-88.17599009
6.67399273	-90.37730055
6.68131874	-86.24031128
6.68864475	-79.22477004
6.69597075	-87.50172332
6.70329676	-80.01162129
6.71062277	-78.80403052
6.71794878	-84.16265406
6.72527478	-79.13874522
6.73260079	-82.73207301
6.73992680	-79.22718006
6.74725280	-86.15435926
6.75457881	-83.18427496
6.76190482	-80.20799381
6.76923083	-90.04865175
6.77655683	-92.03136765
6.78388284	-89.66739300
6.79120885	-89.54594922
6.79853486	-87.87155967
6.80586086	-103.86395133
6.81318687	-79.50000423
6.82051288	-77.49272996
6.82783889	-88.89079052
6.83516489	-80.22861267
6.84249090	-86.46871823
6.84981691	-83.63920123
6.85714292	-83.53730707
6.86446892	-80.56865334
6.87179493	-81.87543773
6.87912094	-96.50653494
6.88644695	-90.11315927
6.89377295	-80.23826501
6.90109896	-83.69359517
6.90842497	-81.24433933
6.91575097	-80.21588251
6.92307698	-88.38884972
6.93040299	-79.22656772
6.93772900	-82.76508287
6.94505500	-79.48530347
6.95238101	-87.90413470
6.95970702	-82.99122711
6.96703303	-83.26447767
6.97435903	-87.91665762
6.98168504	-77.60778956
6.98901105	-75.98288652
6.99633706	-83.23666807
7.00366306	-82.95445592
7.01098907	-92.79980131
7.01831508	-77.04165661
7.02564109	-79.74322056
7.03296709	-85.81022013
7.04029310	-78.40917825
7.04761911	-75.14235045
7.05494512	-77.26629284
7.06227112	-84.77191432
7.06959713	-80.29982899
7.07692314	-83.40023470
7.08424914	-76.97997576
7.09157515	-75.16580440
7.09890116	-78.27512605
7.10622717	-88.38124704
7.11355317	-99.66666007
7.12087918	-88.59933988
7.12820519	-84.83072948
7.13553120	-85.75839875
7.14285720	-90.92668237
7.15018321	-89.46097441
7.15750922	-80.51357829
7.16483523	-80.96570974
7.17216123	-81.36817493
7.17948724	-83.54462588
7.18681325	-83.87767451
7.19413926	-82.37830756
7.20146526	-82.31888374
7.20879127	-78.68942797
7.21611728	-79.99740656
7.22344329	-85.12933161
7.23076929	-83.81444841
7.23809530	-79.15531348
7.24542131	-91.03670070
7.25274731	-81.42336539
7.26007332	-82.93407140
7.26739933	-100.21306086
7.27472534	-87.70864298
7.28205134	-78.91825000
7.28937735	-73.81790042
7.29670336	-77.60204176
7.30402937	-82.34899332
7.31135537	-74.49673343
7.31868138	-81.59370895
7.32600739	-79.50431207
7.33333340	-77.71000861
7.34065940	-80.53027839
7.34798541	-78.78940632
7.35531142	-82.70215970
7.36263743	-93.48951949
7.36996343	-91.08988260
7.37728944	-88.76912157
7.38461545	-81.86360071
7.39194145	-82.44874087
7.39926746	-82.02246307
7.40659347	-79.77865433
7.41391948	-81.18430688
7.42124548	-105.76303164
7.42857149	-86.84071131
7.43589750	-87.34274197
7.44322351	-77.61316590
7.45054951	-82.43176659
7.45787552	-83.35609595
7.46520153	-79.80077687
7.47252754	-96.47722426
7.47985354	-79.98299925
7.48717955	-84.99939581
7.49450556	-76.74350427
7.50183157	-76.65567540
7.50915757	-83.45392180
7.51648358	-83.45266287
7.52380959	-82.81457794
7.53113560	-79.13507503
7.53846160	-76.36735939
7.54578761	-83.78037285
7.55311362	-82.71985914
7.56043962	-80.72896454
7.56776563	-84.49984870
7.57509164	-81.66844916
7.58241765	-80.32132194
7.58974365	-78.35159200
7.59706966	-81.93050606
7.60439567	-106.42683617
7.61172168	-84.10309275
7.61904768	-84.26862469
7.62637369	-94.89642678
7.63369970	-88.50520222
7.64102571	-87.81725465
7.64835171	-87.82883806
7.65567772	-81.42248247
7.66300373	-82.06605479
7.67032974	-96.35635196
7.67765574	-85.68831842
7.68498175	-90.92589596
7.69230776	-80.66455987
7.69963377	-79.28964546
7.70695977	-80.85347116
7.71428578	-80.01789987
7.72161179	-76.66467015
7.72893779	-76.37205534
7.73626380	-79.27720421
7.74358981	-84.00034413
7.75091582	-81.60428074
7.75824182	-80.61079180
7.76556783	-83.26164268
7.77289384	-84.42760399
7.78021985	-83.50833970
7.78754585	-86.50245838
7.79487186	-86.38236223
7.80219787	-85.07787371
7.80952388	-87.54943391
7.81684988	-82.71801123
7.82417589	-80.09340126
7.83150190	-84.91480000
7.83882791	-79.82875864
7.84615391	-77.97445790
7.85347992	-78.10635045
7.86080593	-76.18073501
7.86813194	-80.08241471
7.87545794	-82.19016018
7.88278395	-79.75964024
7.89010996	-83.30544441
7.89743596	-84.52738274
7.90476197	-76.87231715
7.91208798	-82.70088700
7.91941399	-85.96758932
7.92673999	-87.36553194
7.93406600	-81.37722767
7.94139201	-82.42377842
7.94871802	-83.14268322
7.95604402	-79.16769109
7.96337003	-89.21043512
7.97069604	-84.48925906
7.97802205	-83.00530139
7.98534805	-84.68750479
7.99267406	-81.38027341
8.00000007	-79.04280319
8.00732608	-79.75076049
8.01465208	-86.93170658
8.02197809	-78.63409329
8.02930410	-75.27870370
8.03663011	-80.60493128
8.04395611	-75.20349859
8.05128212	-83.57544516
8.05860813	-79.93562132
8.06593413	-85.54693493
8.07326014	-74.12318320
8.08058615	-73.91181634
8.08791216	-87.57615562
8.09523816	-79.74262679
8.10256417	-94.08996987
8.10989018	-86.10858535
8.11721619	-89.59550943
8.12454219	-87.86002635
8.13186820	-79.73514116
8.13919421	-75.53618969
8.14652022	-79.37369355
8.15384622	-94.59844233
8.16117223	-81.29979689
8.16849824	-80.87473676
8.17582425	-82.00263768
8.18315025	-85.60212616
8.19047626	-83.42929619
8.19780227	-82.00176712
8.20512828	-89.12331269
8.21245428	-89.07696375
8.21978029	-84.65482974
8.22710630	-92.12611803
8.23443230	-89.39567876
8.24175831	-82.76644812
8.24908432	-80.01487082
8.25641033	-81.23244393
8.26373633	-78.35980982
8.27106234	-75.12287178
8.27838835	-77.52229540
8.28571436	-96.55203162
8.29304036	-82.42949747
8.30036637	-79.43526222
8.30769238	-76.01428811
8.31501839	-75.96183120
8.32234439	-80.34541714
8.32967040	-87.30517592
8.33699641	-90.48222522
8.34432242	-84.75654499
8.35164842	-79.93841898
8.35897443	-79.13673841
8.36630044	-87.48174159
8.37362645	-84.33992766
8.38095245	-78.96464311
8.38827846	-79.14725595
8.39560447	-81.25624496
8.40293047	-85.26209049
8.41025648	-93.85963428
8.41758249	-86.13607410
8.42490850	-83.39533565
8.43223450	-85.06257476
8.43956051	-91.76418391
8.44688652	-84.51155470
8.45421253	-81.58205051
8.46153853	-84.27637706
8.46886454	-80.80329238
8.47619055	-86.14758706
8.48351656	-80.26031850
8.49084256	-80.18058054
8.49816857	-88.53676030
8.50549458	-86.67339957
8.51282059	-80.11121991
8.52014659	-77.59329204
8.52747260	-78.78744884
8.53479861	-74.12161665
8.54212461	-77.99394800
8.54945062	-97.96890934
8.55677663	-85.90205254
8.56410264	-81.16716666
8.57142864	-81.92377503
8.57875465	-88.33058658
8.58608066	-80.19233809
8.59340667	-81.35212963
8.60073267	-81.31619677
8.60805868	-89.43778410
8.61538469	-78.43335502
8.62271070	-76.46087777
8.63003670	-87.04310839
8.63736271	-81.13101344
8.64468872	-79.16216801
8.65201473	-79.55493671
8.65934073	-79.29883900
8.66666674	-80.16918066
8.67399275	-78.38344235
8.68131876	-84.78262120
8.68864476	-97.58023677
8.69597077	-90.35079756
8.70329678	-83.79720604
8.71062278	-87.58685553
8.71794879	-80.75445776
8.72527480	-86.79577277
8.73260081	-84.43969197
8.73992681	-82.28338501
8.74725282	-98.18021240
8.75457883	-87.25042077
8.76190484	-87.74125594
8.76923084	-78.64435902
8.77655685	-77.61494365
8.78388286	-82.86378623
8.79120887	-85.63195756
8.79853487	-84.95325185
8.80586088	-81.62024346
8.81318689	-82.90831792
8.82051290	-89.42784529
8.82783890	-82.10717065
8.83516491	-78.11414559
8.84249092	-76.96966075
8.84981693	-79.25730358
8.85714293	-83.26636959
8.86446894	-83.53515780
8.87179495	-82.80098839
8.87912095	-93.07513914
8.88644696	-80.12623997
8.89377297	-87.75422672
8.90109898	-81.20340513
8.90842498	-78.83001696
8.91575099	-83.46270110
8.92307700	-87.72966584
8.93040301	-97.90879721
8.93772901	-99.09830411
8.94505502	-93.63754409
8.95238103	-84.57987056
8.95970704	-80.87458339
8.96703304	-87.29043232
8.97435905	-97.09217663
8.98168506	-89.52208716
8.98901107	-79.73887924
8.99633707	-85.21786796
9.00366308	-84.42967315
9.01098909	-84.22257367
9.01831510	-90.47201885
9.02564110	-81.58572013
9.03296711	-78.45038726
9.04029312	-81.41193761
9.04761912	-94.64932257
9.05494513	-92.91151551
9.06227114	-87.08092880
9.06959715	-84.98174225
9.07692315	-81.02635313
9.08424916	-85.46461677
9.09157517	-77.46338091
9.09890118	-79.31539807
9.10622718	-81.57488142
9.11355319	-87.92629877
9.12087920	-81.36230719
9.12820521	-76.18546821
9.13553121	-78.64226794
9.14285722	-78.38400493
9.15018323	-75.45509919
9.15750924	-75.83730761
9.16483524	-77.65364628
9.17216125	-86.72188528
9.17948726	-80.29505809
9.18681327	-78.20196163
9.19413927	-82.38360671
9.20146528	-83.76576648
9.20879129	-83.26940842
9.21611729	-84.46070065
9.22344330	-80.29470755
9.23076931	-81.28455513
9.23809532	-91.79116700
9.24542132	-79.64056616
9.25274733	-80.23149500
9.26007334	-84.02089914
9.26739935	-93.31251522
9.27472535	-98.58888490
9.28205136	-83.11944636
9.28937737	-83.17910272
9.29670338	-83.85284071
9.30402938	-77.42611852
9.31135539	-92.15235823
9.31868140	-80.35608806
9.32600741	-86.71985622
9.33333341	-78.71536071
9.34065942	-76.97475139
9.34798543	-80.24061131
9.35531144	-82.01153137
9.36263744	-84.53879067
9.36996345	-87.97196146
9.37728946	-92.58744561
9.38461546	-87.65947992
9.39194147	-81.90983580
9.39926748	-81.03702782
9.40659349	-81.28423633
9.41391949	-81.59177216
9.42124550	-87.14817160
9.42857151	-86.23945403
9.43589752	-83.21233175
9.44322352	-79.45183078
9.45054953	-76.97405565
9.45787554	-80.06371319
9.46520155	-77.00690044
9.47252755	-83.68040859
9.47985356	-80.85043000
9.48717957	-76.53539221
9.49450558	-78.62228873
9.50183158	-80.86595879
9.50915759	-80.50431563
9.51648360	-88.07793333
9.52380961	-90.49100881
9.53113561	-87.89645537
9.53846162	-76.82113402
9.54578763	-77.63377259
9.55311363	-94.13713425
9.56043964	-85.55968230
9.56776565	-87.26119935
9.57509166	-82.21206932
9.58241766	-82.07559214
9.58974367	-81.91996900
9.59706968	-88.99131739
9.60439569	-84.93627451
9.61172169	-81.40317995
9.61904770	-80.46443500
9.62637371	-78.25561769
9.63369972	-81.71146782
9.64102572	-97.84803326
9.64835173	-84.27946786
9.65567774	-79.60740917
9.66300375	-76.93530299
9.67032975	-83.56105908
9.67765576	-87.73827472
9.68498177	-79.73710050
9.69230777	-76.64019765
9.69963378	-80.77893477
9.70695979	-87.84449084
9.71428580	-90.43117665
9.72161180	-83.51120134
9.72893781	-97.65847006
9.73626382	-83.65861114
9.74358983	-98.98047721
9.75091583	-81.96559187
9.75824184	-88.14955361
9.76556785	-78.78667590
9.77289386	-82.30164651
9.78021986	-82.98577168
9.78754587	-76.53541182
9.79487188	-77.96468675
9.80219789	-90.10630786
9.80952389	-84.28030413
9.81684990	-83.01475066
9.82417591	-90.35086442
9.83150192	-84.78247294
9.83882792	-83.82728940
9.84615393	-85.21896422
9.85347994	-83.44155645
9.86080594	-81.29062450
9.86813195	-83.60037332
9.87545796	-89.98030294
9.88278397	-85.86145186
9.89010997	-97.56657693
9.89743598	-82.00248878
9.90476199	-79.14301738
9.91208800	-81.75751614
9.91941400	-88.83145758
9.92674001	-85.54968416
9.93406602	-80.54719932
9.94139203	-79.45614487
9.94871803	-78.41982023
9.95604404	-77.65044041
9.96337005	-81.84762032
9.97069606	-102.50809919
9.97802206	-87.39041531
9.98534807	-80.91557944
9.99267408	-78.79336950
10.00000009	-83.73393605
10.00732609	-88.06982354
10.01465210	-86.13103829
10.02197811	-88.40667494
10.02930411	-85.60896894
10.03663012	-77.25699213
10.04395613	-78.50634783
10.05128214	-91.87398179
10.05860814	-87.85470802
10.06593415	-83.43739974
10.07326016	-76.48740998
10.08058617	-80.57157066
10.08791217	-79.50317909
10.09523818	-78.35873194
10.10256419	-92.38390794
10.10989020	-77.96266456
10.11721620	-79.17302605
10.12454221	-95.70106506
10.13186822	-84.75867158
10.13919423	-88.80640870
10.14652023	-78.17029345
10.15384624	-75.71826961
10.16117225	-77.37971580
10.16849826	-84.36696933
10.17582426	-81.92308837
10.18315027	-83.00435133
10.19047628	-81.95551002
10.19780228	-85.46624827
10.20512829	-74.18391671
10.21245430	-74.93456482
10.21978031	-84.71269604
10.22710631	-92.21788225
10.23443232	-89.96799725
10.24175833	-83.44247835
10.24908434	-81.96588286
10.25641034	-83.66501995
10.26373635	-79.51644376
10.27106236	-81.19448959
10.27838837	-82.20652949
10.28571437	-90.87852522
10.29304038	-82.21341610
10.30036639	-78.13325858
10.30769240	-85.47894387
10.31501840	-80.60344373
10.32234441	-75.98803940
10.32967042	-83.33020122
10.33699643	-83.08627190
10.34432243	-84.56943020
10.35164844	-83.80415814
10.35897445	-84.22127280
10.36630045	-84.44989502
10.37362646	-83.55090053
10.38095247	-94.25862252
10.38827848	-89.70261509
10.39560448	-85.53577985
10.40293049	-82.88882138
10.41025650	-88.25389691
10.41758251	-82.56062761
10.42490851	-94.57205191
10.43223452	-81.71023658
10.43956053	-80.24304965
10.44688654	-80.20295955
10.45421254	-75.89182309
10.46153855	-76.20603311
10.46886456	-81.12071169
10.47619057	-82.49768099
10.48351657	-91.70050273
10.49084258	-82.91492039
10.49816859	-80.50539591
10.50549460	-82.62361820
10.51282060	-85.54828056
10.52014661	-81.57026811
10.52747262	-80.82699514
10.53479862	-81.89669788
10.54212463	-83.22245895
10.54945064	-84.14370985
10.55677665	-78.40180194
10.56410265	-76.00500231
10.57142866	-80.39899233
10.57875467	-96.13076194
10.58608068	-84.23180590
10.59340668	-79.30745311
10.60073269	-78.68715143
10.60805870	-81.69954469
10.61538471	-85.83512246
10.62271071	-99.38098643
10.63003672	-89.44163821
10.63736273	-82.88880403
10.64468874	-80.24986737
10.65201474	-79.56779885
10.65934075	-81.47095945
10.66666676	-84.90217666
10.67399276	-89.71852601
10.68131877	-82.86579305
10.68864478	-82.67116568
10.69597079	-86.68588174
10.70329679	-79.28709871
10.71062280	-85.71362229
10.71794881	-90.36501933
10.72527482	-102.78854098
10.73260082	-90.09256517
10.73992683	-86.37986861
10.74725284	-78.85333900
10.75457885	-74.76699978
10.76190485	-73.61039624
10.76923086	-85.35486844
10.77655687	-80.17439058
10.78388288	-87.14705410
10.79120888	-75.86836486
10.79853489	-79.02578359
10.80586090	-87.04812647
10.81318691	-83.23568306
10.82051291	-85.07857933
10.82783892	-80.05341927
10.83516493	-82.79206105
10.84249093	-82.14242533
10.84981694	-78.58540980
10.85714295	-80.09533036
10.86446896	-101.99013115
10.87179496	-83.29208029
10.87912097	-82.47298235
10.88644698	-82.39554669
10.89377299	-86.94615662
10.90109899	-87.57932086
10.90842500	-82.40810540
10.91575101	-78.33450681
10.92307702	-87.19342834
10.93040302	-87.39479653
10.93772903	-86.31980637
10.94505504	-84.67140789
10.95238105	-91.45921991
10.95970705	-87.79860200
10.96703306	-82.36087988
10.97435907	-80.23642100
10.98168508	-82.00955911
10.98901108	-87.62971395
10.99633709	-83.43470062
11.00366310	-85.44181684
11.01098910	-91.56066284
11.01831511	-88.24070934
11.02564112	-93.93087777
11.03296713	-87.82016507
11.04029313	-88.37449403
11.04761914	-86.23625669
11.05494515	-88.57186165
11.06227116	-81.89331510
11.06959716	-77.02604206
11.07692317	-78.33051294
11.08424918	-75.93883983
11.09157519	-81.52434953
11.09890119	-85.76126465
11.10622720	-79.96498053
11.11355321	-82.89297980
11.12087922	-91.58116347
11.12820522	-101.89485786
11.13553123	-83.86900871
11.14285724	-80.65431979
11.15018325	-81.33582690
11.15750925	-81.02965620
11.16483526	-86.21711981
11.17216127	-85.16017899
11.17948727	-83.67307386
11.18681328	-85.46271913
11.19413929	-80.85188626
11.20146530	-86.22037682
11.20879130	-81.79464907
11.21611731	-77.06240281
11.22344332	-81.86143018
11.23076933	-77.84780264
11.23809533	-81.04492569
11.24542134	-83.73527309
11.25274735	-79.29180334
11.26007336	-77.08595030
11.26739936	-72.50105759
11.27472537	-78.11340192
11.28205138	-82.65388463
11.28937739	-80.25205022
11.29670339	-86.57881064
11.30402940	-79.93947447
11.31135541	-107.96311939
11.31868142	-79.67474257
11.32600742	-81.01772103
11.33333343	-88.43019715
11.34065944	-90.67420406
11.34798544	-79.90912917
11.35531145	-78.03660963
11.36263746	-82.32460224
11.36996347	-106.11478660
11.37728947	-92.17634797
11.38461548	-91.02602772
11.39194149	-84.35728134
11.39926750	-82.39826361
11.40659350	-87.31645231
11.41391951	-86.36183810
11.42124552	-80.83652334
11.42857153	-77.74769030
11.43589753	-76.03110535
11.44322354	-86.77669823
11.45054955	-83.38980473
11.45787556	-85.22361423
11.46520156	-77.10148281
11.47252757	-82.58440811
11.47985358	-80.31276027
11.48717959	-79.64469461
11.49450559	-85.47049044
11.50183160	-83.03679672
11.50915761	-82.86508406
11.51648361	-79.43549723
11.52380962	-78.72578085
11.53113563	-82.32362959
11.53846164	-81.71059508
11.54578764	-85.29612556
11.55311365	-83.63920770
11.56043966	-82.86062223
11.56776567	-83.46257733
11.57509167	-77.54835145
11.58241768	-90.78787531
11.58974369	-79.79437516
11.59706970	-79.93518790
11.60439570	-82.16050839
11.61172171	-90.45983177
11.61904772	-90.08469859
11.62637373	-86.84245901
11.63369973	-84.70488594
11.64102574	-80.21487659
11.64835175	-80.16652012
11.65567776	-85.68537124
11.66300376	-95.71231115
11.67032977	-86.76465737
11.67765578	-90.59937788
11.68498178	-81.36663231
11.69230779	-77.40562256
11.69963380	-79.89232249
11.70695981	-76.14304066
11.71428581	-77.59427494
11.72161182	-84.94514750
11.72893783	-92.55027718
11.73626384	-92.11931973
11.74358984	-90.81335914
11.75091585	-80.61092434
11.75824186	-80.19624764
11.76556787	-86.99114361
11.77289387	-92.23267760
11.78021988	-91.07742392
11.78754589	-91.57059918
11.79487190	-83.50022153
11.80219790	-82.11187025
11.80952391	-83.78458265
11.81684992	-81.41181143
11.82417592	-76.99190100
11.83150193	-78.03167167
11.83882794	-78.39532948
11.84615395	-82.68775372
11.85347995	-92.77547630
11.86080596	-82.10769780
11.86813197	-80.10051957
11.87545798	-90.83417129
11.88278398	-84.27046481
11.89010999	-89.52431791
11.89743600	-83.08108460
11.90476201	-80.14207726
11.91208801	-80.74020525
11.91941402	-78.83583257
11.92674003	-77.43994555
11.93406604	-81.67614964
11.94139204	-91.17657880
11.94871805	-79.63601833
11.95604406	-78.09374281
11.96337007	-84.33378304
11.97069607	-77.41389129
11.97802208	-81.51461415
11.98534809	-80.63167253
11.99267409	-74.70719606
12.00000010	-79.31252097
12.00732611	-81.66120105
12.01465212	-79.41450745
12.02197812	-90.02504577
12.02930413	-87.01285352
12.03663014	-87.68354058
12.04395615	-96.68533775
12.05128215	-81.65923842
12.05860816	-78.25154482
12.06593417	-84.03562320
12.07326018	-82.09655761
12.08058618	-77.53233511
12.08791219	-84.55000474
12.09523820	-90.88981221
12.10256421	-89.74026104
12.10989021	-90.53918776
12.11721622	-88.24444121
12.12454223	-87.10548855
12.13186824	-86.47871495
12.13919424	-79.64546829
12.14652025	-91.92220864
12.15384626	-79.40227597
12.16117226	-80.52286512
12.16849827	-82.77674123
12.17582428	-77.94847668
12.18315029	-80.62484258
12.19047629	-89.53023485
12.19780230	-87.49434825
12.20512831	-78.25363992
12.21245432	-83.50904769
12.21978032	-79.17464307
12.22710633	-74.45992691
12.23443234	-79.81934669
12.24175835	-88.95788681
12.24908435	-79.59128607
12.25641036	-78.95178892
12.26373637	-77.54083747
12.27106238	-77.11981952
12.27838838	-86.55551791
12.28571439	-80.57929012
12.29304040	-83.41223821
12.30036641	-84.06365561
12.30769241	-83.89513000
12.31501842	-77.86596749
12.32234443	-80.84895084
12.32967043	-91.11368768
12.33699644	-95.06088618
12.34432245	-94.04556005
12.35164846	-81.28333162
12.35897446	-76.78002993
12.36630047	-80.45659638
12.37362648	-84.14295764
12.38095249	-79.54134116
12.38827849	-81.54530926
12.39560450	-90.25098493
12.40293051	-80.35328768
12.41025652	-79.90037697
12.41758252	-84.33014576
12.42490853	-76.05905251
12.43223454	-82.25414825
12.43956055	-80.31289070
12.44688655	-76.18597239
12.45421256	-81.04352679
12.46153857	-91.07824621
12.46886458	-81.18460583
12.47619058	-77.14548578
12.48351659	-79.84586048
12.49084260	-83.84111797
12.49816860	-91.13274662
12.50549461	-88.03709959
12.51282062	-85.75837973
12.52014663	-88.30120774
12.52747263	-81.12417811
12.53479864	-81.24223571
12.54212465	-85.59493135
12.54945066	-91.92233730
12.55677666	-82.95649036
12.56410267	-77.81915556
12.57142868	-81.95885156
12.57875469	-91.74477917
12.58608069	-87.55681274
12.59340670	-86.25149098
12.60073271	-83.63301045
12.60805872	-79.97941601
12.61538472	-76.80484953
12.62271073	-80.52942470
12.63003674	-84.79444921
12.63736275	-85.52161041
12.64468875	-78.23780561
12.65201476	-85.99158956
12.65934077	-78.66507949
12.66666677	-80.50908205
12.67399278	-91.55275257
12.68131879	-88.92747567
12.68864480	-94.17609703
12.69597080	-89.84010431
12.70329681	-81.74515785
12.71062282	-77.87001681
12.71794883	-79.78470683
12.72527483	-82.41470371
12.73260084	-82.59901613
12.73992685	-90.74694002
12.74725286	-87.48994268
12.75457886	-85.61029191
12.76190487	-97.34715635
12.76923088	-108.22890341
12.77655689	-87.20369723
12.78388289	-82.35902127
12.79120890	-83.63038596
12.79853491	-85.98027935
12.80586092	-88.90438182
12.81318692	-81.18759842
12.82051293	-79.14287045
12.82783894	-82.79774843
12.83516494	-86.12673357
12.84249095	-83.58194146
12.84981696	-86.26900991
12.85714297	-81.66689855
12.86446897	-82.95166285
12.87179498	-85.26161315
12.87912099	-85.44399283
12.88644700	-77.79018260
12.89377300	-82.94747447
12.90109901	-80.87992366
12.90842502	-77.43992374
12.91575103	-85.74084876
12.92307703	-82.11805435
12.93040304	-86.66236499
12.93772905	-98.99780963
12.94505506	-84.52586627
12.95238106	-83.84766472
12.95970707	-94.33474301
12.96703308	-81.13533923
12.97435908	-83.30406652
12.98168509	-87.65952877
12.98901110	-77.07075843
12.99633711	-75.27382208
13.00366311	-76.89440928
13.01098912	-82.40359901
13.01831513	-78.98663217
13.02564114	-80.47305665
13.03296714	-78.98825371
13.04029315	-76.29672202
13.04761916	-78.78004560
13.05494517	-87.77666058
13.06227117	-80.88463781
13.06959718	-80.88571480
13.07692319	-85.36627052
13.08424920	-85.07841488
13.09157520	-77.84035652
13.09890121	-82.34873289
13.10622722	-87.78730681
13.11355323	-84.00872667
13.12087923	-89.95965521
13.12820524	-92.09715011
13.13553125	-80.04742990
13.14285725	-76.85510964
13.15018326	-76.98384327
13.15750927	-79.09194455
13.16483528	-79.40295801
13.17216128	-78.35897238
13.17948729	-77.65261000
13.18681330	-80.76667380
13.19413931	-76.73040129
13.20146531	-77.77593704
13.20879132	-80.39174339
13.21611733	-76.25477074
13.22344334	-79.75499484
13.23076934	-83.38045585
13.23809535	-106.32841099
13.24542136	-83.36333672
13.25274737	-89.61037558
13.26007337	-78.83829193
13.26739938	-77.64318197
13.27472539	-87.25413889
13.28205140	-85.81871964
13.28937740	-81.72279044
13.29670341	-76.65600506
13.30402942	-76.79827362
13.31135542	-80.77590839
13.31868143	-90.65520121
13.32600744	-85.25978703
13.33333345	-84.06020888
13.34065945	-86.48168607
13.34798546	-82.79402107
13.35531147	-81.51178415
13.36263748	-87.09210563
13.36996348	-94.17589071
13.37728949	-89.02742967
13.38461550	-87.08633373
13.39194151	-80.05076173
13.39926751	-78.97912784
13.40659352	-92.47313028
13.41391953	-80.52728573
13.42124554	-86.96712340
13.42857154	-83.52397791
13.43589755	-85.17370763
13.44322356	-80.92239408
13.45054957	-74.94743178
13.45787557	-76.39294389
13.46520158	-85.77965078
13.47252759	-83.29369747
13.47985359	-77.96099427
13.48717960	-79.23176427
13.49450561	-84.17752980
13.50183162	-84.55382742
13.50915762	-79.31834971
13.51648363	-82.01155899
13.52380964	-93.26190392
13.53113565	-95.19966049
13.53846165	-83.11128999
13.54578766	-79.98880593
13.55311367	-83.78969524
13.56043968	-88.12233738
13.56776568	-90.57428530
13.57509169	-87.63406323
13.58241770	-82.42788857
13.58974371	-80.29977414
13.59706971	-77.47252431
13.60439572	-76.92756045
13.61172173	-78.93320312
13.61904774	-86.91375528
13.62637374	-83.92467814
13.63369975	-81.16242391
13.64102576	-95.77368983
13.64835176	-82.14210335
13.65567777	-89.32467764
13.66300378	-79.53464342
13.67032979	-75.93389902
13.67765579	-78.66607456
13.68498180	-81.13949274
13.69230781	-78.31790938
13.69963382	-81.87216111
13.70695982	-96.82865815
13.71428583	-86.91875226
13.72161184	-82.22869057
13.72893785	-83.99498804
13.73626385	-101.88734888
13.74358986	-100.23669658
13.75091587	-90.45129218
13.75824188	-84.97755647
13.76556788	-84.72367968
13.77289389	-86.48352686
13.78021990	-85.81766210
13.78754591	-81.92476325
13.79487191	-83.18758579
13.80219792	-88.68081758
13.80952393	-90.19000858
13.81684993	-100.28416735
13.82417594	-82.70752998
13.83150195	-77.99042199
13.83882796	-80.47518915
13.84615396	-87.15334198
13.85347997	-88.15006500
13.86080598	-97.49288044
13.86813199	-82.77962172
13.87545799	-79.32819624
13.88278400	-78.60124785
13.89011001	-78.69545340
13.89743602	-85.84715901
13.90476202	-84.31934764
13.91208803	-79.11768732
13.91941404	-81.41865684
13.92674005	-87.76622098
13.93406605	-98.79704839
13.94139206	-84.82589108
13.94871807	-80.34410574
13.95604408	-91.64103928
13.96337008	-79.24994748
13.97069609	-80.02720339
13.97802210	-79.97636486
13.98534810	-79.91758979
13.99267411	-79.98966806
14.00000012	-73.47916775
14.00732613	-79.55579969
14.01465213	-82.95363341
14.02197814	-88.04674749
14.02930415	-85.18997444
14.03663016	-84.41497931
14.04395616	-78.14652501
14.05128217	-84.35671589
14.05860818	-78.51632112
14.06593419	-82.70633265
14.07326019	-93.34077731
14.08058620	-83.19295390
14.08791221	-78.58150287
14.09523822	-89.10832666
14.10256422	-75.86806205
14.10989023	-75.64725032
14.11721624	-85.28726202
14.12454224	-81.87150111
14.13186825	-104.83209758
14.13919426	-78.43857370
14.14652027	-78.48391237
14.15384627	-96.84873560
14.16117228	-78.54899843
14.16849829	-78.57542723
14.17582430	-86.96124812
14.18315030	-83.69871901
14.19047631	-79.80887333
14.19780232	-81.37523665
14.20512833	-82.30173087
14.21245433	-79.49831436
14.21978034	-81.32127324
14.22710635	-85.90278728
14.23443236	-85.96809462
14.24175836	-88.90851225
14.24908437	-82.41802340
14.25641038	-83.65684772
14.26373639	-92.01593200
14.27106239	-81.34869508
14.27838840	-84.98828824
14.28571441	-92.89715237
14.29304041	-91.94088513
14.30036642	-88.33084947
14.30769243	-103.24382875
14.31501844	-92.63992770
14.32234444	-82.63662618
14.32967045	-76.94806084
14.33699646	-81.83891772
14.34432247	-81.69332432
14.35164847	-74.65183185
14.35897448	-76.25025537
14.36630049	-89.70636774
14.37362650	-84.43685825
14.38095250	-80.50610024
14.38827851	-80.77386350
14.39560452	-91.12534855
14.40293053	-85.41055132
14.41025653	-79.90694565
14.41758254	-80.09891094
14.42490855	-90.58163948
14.43223456	-79.52416729
14.43956056	-75.82447172
14.44688657	-79.59886377
14.45421258	-80.94001174
14.46153858	-76.33776619
14.46886459	-79.62985604
14.47619060	-89.93626861
14.48351661	-79.52604176
14.49084261	-80.43183138
14.49816862	-82.09849155
14.50549463	-78.07234581
14.51282064	-82.09984742
14.52014664	-88.09770281
14.52747265	-82.79976750
14.53479866	-88.31724050
14.54212467	-86.88584441
14.54945067	-89.53446186
14.55677668	-82.73890338
14.56410269	-85.83057543
14.57142870	-93.94280002
14.57875470	-88.62303447
14.58608071	-87.61251265
14.59340672	-83.32513456
14.60073273	-77.69893454
14.60805873	-79.65389512
14.61538474	-87.89496124
14.62271075	-93.34588610
14.63003675	-84.71938958
14.63736276	-86.01066840
14.64468877	-83.61026218
14.65201478	-84.36698389
14.65934078	-84.35001009
14.66666679	-77.19745864
14.67399280	-81.27133373
14.68131881	-90.10971682
14.68864481	-85.81065602
14.69597082	-76.48570784
14.70329683	-75.50142341
14.71062284	-76.09465953
14.71794884	-73.86459660
14.72527485	-80.14346517
14.73260086	-78.44878569
14.73992687	-80.17943984
14.74725287	-91.92339592
14.75457888	-78.41218545
14.76190489	-77.57380146
14.76923090	-89.91694659
14.77655690	-84.63704328
14.78388291	-82.91170239
14.79120892	-95.96511842
14.79853492	-79.97340387
14.80586093	-77.60455269
14.81318694	-81.34929591
14.82051295	-86.15256240
14.82783895	-79.96929324
14.83516496	-80.03717865
14.84249097	-87.29391949
14.84981698	-75.68987073
14.85714298	-77.07664558
14.86446899	-85.29099469
14.87179500	-79.30237792
14.87912101	-82.04337863
14.88644701	-83.59694418
14.89377302	-83.50327354
14.90109903	-92.11679877
14.90842504	-82.19954836
14.91575104	-85.53320645
14.92307705	-78.05656633
14.93040306	-80.54966581
14.93772907	-80.87823376
14.94505507	-85.72637708
14.95238108	-86.04533581
14.95970709	-85.03721674
14.96703309	-80.41907376
14.97435910	-79.42980665
14.98168511	-92.04552723
14.98901112	-80.68115501
14.99633712	-80.08512131
