# Menlo Systems GmbH ScanControl
# Program Version 1.3.3
# Start: -65.00000000 ps, Average over 1000 waveforms. Timestamp: 2020-01-11T16:53:15
# Time [ps]	THz Signal [a.u.]
-65.06666585	0.00000000
-65.03333252	-0.00000314
-64.99999919	-0.00001256
-64.96666585	-0.00002830
-64.93333252	-0.00005031
-64.89999919	-0.00007847
-64.86666586	-0.00011313
-64.83333252	-0.00015420
-64.79999919	-0.00020140
-64.76666586	-0.00025500
-64.73333252	-0.00031552
-64.69999919	-0.00038147
-64.66666586	-0.00045323
-64.63333252	-0.00053342
-64.59999919	-0.00061802
-64.56666586	-0.00070997
-64.53333253	-0.00080737
-64.49999919	-0.00091098
-64.46666586	-0.00102247
-64.43333253	-0.00113922
-64.39999919	-0.00126341
-64.36666586	-0.00139160
-64.33333253	-0.00152656
-64.29999919	-0.00166895
-64.26666586	-0.00181734
-64.23333253	-0.00197322
-64.19999920	-0.00213417
-64.16666586	-0.00229863
-64.13333253	-0.00247029
-64.09999920	-0.00265009
-64.06666586	-0.00283021
-64.03333253	-0.00302414
-63.99999920	-0.00322611
-63.96666586	-0.00342849
-63.93333253	-0.00364101
-63.89999920	-0.00385353
-63.86666587	-0.00407639
-63.83333253	-0.00430403
-63.79999920	-0.00453383
-63.76666587	-0.00477584
-63.73333253	-0.00501879
-63.69999920	-0.00526698
-63.66666587	-0.00553007
-63.63333253	-0.00578857
-63.59999920	-0.00605692
-63.56666587	-0.00632869
-63.53333254	-0.00660709
-63.49999920	-0.00689215
-63.46666587	-0.00717743
-63.43333254	-0.00747868
-63.39999920	-0.00776478
-63.36666587	-0.00806148
-63.33333254	-0.00836951
-63.29999920	-0.00869348
-63.26666587	-0.00900370
-63.23333254	-0.00931749
-63.19999921	-0.00964174
-63.16666587	-0.00995080
-63.13333254	-0.01028541
-63.09999921	-0.01064053
-63.06666587	-0.01096201
-63.03333254	-0.01132133
-62.99999921	-0.01164154
-62.96666587	-0.01198751
-62.93333254	-0.01235308
-62.89999921	-0.01269679
-62.86666588	-0.01305925
-62.83333254	-0.01342846
-62.79999921	-0.01379446
-62.76666588	-0.01415022
-62.73333254	-0.01450786
-62.69999921	-0.01489002
-62.66666588	-0.01525355
-62.63333254	-0.01564451
-62.59999921	-0.01601709
-62.56666588	-0.01638905
-62.53333255	-0.01676934
-62.49999921	-0.01715778
-62.46666588	-0.01755186
-62.43333255	-0.01796056
-62.39999921	-0.01833158
-62.36666588	-0.01870549
-62.33333255	-0.01912960
-62.29999921	-0.01950351
-62.26666588	-0.01990907
-62.23333255	-0.02032405
-62.19999922	-0.02075245
-62.16666588	-0.02114367
-62.13333255	-0.02155439
-62.09999922	-0.02194150
-62.06666588	-0.02237814
-62.03333255	-0.02278179
-61.99999922	-0.02314862
-61.96666588	-0.02359896
-61.93333255	-0.02404880
-61.89999922	-0.02442782
-61.86666589	-0.02487159
-61.83333255	-0.02529048
-61.79999922	-0.02570808
-61.76666589	-0.02616055
-61.73333255	-0.02660378
-61.69999922	-0.02698795
-61.66666589	-0.02745248
-61.63333255	-0.02790993
-61.59999922	-0.02830686
-61.56666589	-0.02879362
-61.53333256	-0.02924783
-61.49999922	-0.02967021
-61.46666589	-0.03010637
-61.43333256	-0.03058212
-61.39999922	-0.03095627
-61.36666589	-0.03146906
-61.33333256	-0.03192527
-61.29999922	-0.03239321
-61.26666589	-0.03284990
-61.23333256	-0.03326381
-61.19999923	-0.03381467
-61.16666589	-0.03429716
-61.13333256	-0.03471713
-61.09999923	-0.03517610
-61.06666589	-0.03569328
-61.03333256	-0.03620747
-60.99999923	-0.03665592
-60.96666589	-0.03713611
-60.93333256	-0.03766836
-60.89999923	-0.03820572
-60.86666590	-0.03866722
-60.83333256	-0.03912428
-60.79999923	-0.03966254
-60.76666590	-0.04014652
-60.73333256	-0.04063971
-60.69999923	-0.04117016
-60.66666590	-0.04175292
-60.63333256	-0.04217676
-60.59999923	-0.04278553
-60.56666590	-0.04324756
-60.53333257	-0.04378073
-60.49999923	-0.04430651
-60.46666590	-0.04491952
-60.43333257	-0.04540562
-60.39999923	-0.04593508
-60.36666590	-0.04644014
-60.33333257	-0.04704348
-60.29999923	-0.04758091
-60.26666590	-0.04804028
-60.23333257	-0.04868718
-60.19999924	-0.04919724
-60.16666590	-0.04973289
-60.13333257	-0.05027435
-60.09999924	-0.05084612
-60.06666590	-0.05132275
-60.03333257	-0.05181200
-59.99999924	-0.05232809
-59.96666590	-0.05281909
-59.93333257	-0.05343397
-59.89999924	-0.05391746
-59.86666591	-0.05441370
-59.83333257	-0.05492113
-59.79999924	-0.05545658
-59.76666591	-0.05594230
-59.73333257	-0.05644617
-59.69999924	-0.05689071
-59.66666591	-0.05749423
-59.63333257	-0.05792481
-59.59999924	-0.05842743
-59.56666591	-0.05881776
-59.53333258	-0.05925877
-59.49999924	-0.05974426
-59.46666591	-0.06016806
-59.43333258	-0.06062637
-59.39999924	-0.06094889
-59.36666591	-0.06139989
-59.33333258	-0.06175963
-59.29999924	-0.06220557
-59.26666591	-0.06263282
-59.23333258	-0.06292027
-59.19999925	-0.06331730
-59.16666591	-0.06353434
-59.13333258	-0.06398343
-59.09999925	-0.06426723
-59.06666591	-0.06451888
-59.03333258	-0.06489275
-58.99999925	-0.06518925
-58.96666591	-0.06564053
-58.93333258	-0.06586556
-58.89999925	-0.06615509
-58.86666592	-0.06641795
-58.83333258	-0.06668811
-58.79999925	-0.06699753
-58.76666592	-0.06730110
-58.73333258	-0.06754902
-58.69999925	-0.06789090
-58.66666592	-0.06811292
-58.63333258	-0.06825833
-58.59999925	-0.06854351
-58.56666592	-0.06890603
-58.53333259	-0.06908631
-58.49999925	-0.06932537
-58.46666592	-0.06945661
-58.43333259	-0.06985266
-58.39999925	-0.07010235
-58.36666592	-0.07036183
-58.33333259	-0.07052210
-58.29999925	-0.07084903
-58.26666592	-0.07087508
-58.23333259	-0.07110015
-58.19999926	-0.07134426
-58.16666592	-0.07157271
-58.13333259	-0.07175331
-58.09999926	-0.07195579
-58.06666592	-0.07208037
-58.03333259	-0.07235434
-57.99999926	-0.07250441
-57.96666593	-0.07277527
-57.93333259	-0.07292923
-57.89999926	-0.07305962
-57.86666593	-0.07323017
-57.83333259	-0.07335616
-57.79999926	-0.07354129
-57.76666593	-0.07372003
-57.73333259	-0.07374990
-57.69999926	-0.07397702
-57.66666593	-0.07405440
-57.63333260	-0.07401811
-57.59999926	-0.07406929
-57.56666593	-0.07408679
-57.53333260	-0.07420649
-57.49999926	-0.07424638
-57.46666593	-0.07435599
-57.43333260	-0.07440502
-57.39999926	-0.07436123
-57.36666593	-0.07441338
-57.33333260	-0.07440009
-57.29999927	-0.07446015
-57.26666593	-0.07447879
-57.23333260	-0.07430925
-57.19999927	-0.07452969
-57.16666593	-0.07433960
-57.13333260	-0.07433548
-57.09999927	-0.07435258
-57.06666593	-0.07427993
-57.03333260	-0.07425560
-56.99999927	-0.07434709
-56.96666594	-0.07420605
-56.93333260	-0.07423296
-56.89999927	-0.07422914
-56.86666594	-0.07414081
-56.83333260	-0.07403136
-56.79999927	-0.07417285
-56.76666594	-0.07411380
-56.73333260	-0.07397010
-56.69999927	-0.07397443
-56.66666594	-0.07401821
-56.63333261	-0.07412833
-56.59999927	-0.07409738
-56.56666594	-0.07395037
-56.53333261	-0.07405077
-56.49999927	-0.07402039
-56.46666594	-0.07403188
-56.43333261	-0.07392377
-56.39999927	-0.07408933
-56.36666594	-0.07401353
-56.33333261	-0.07405670
-56.29999928	-0.07414812
-56.26666594	-0.07416271
-56.23333261	-0.07418976
-56.19999928	-0.07399862
-56.16666594	-0.07404384
-56.13333261	-0.07409021
-56.09999928	-0.07408695
-56.06666594	-0.07399282
-56.03333261	-0.07411101
-55.99999928	-0.07410514
-55.96666595	-0.07409085
-55.93333261	-0.07401053
-55.89999928	-0.07402016
-55.86666595	-0.07411603
-55.83333261	-0.07408053
-55.79999928	-0.07411905
-55.76666595	-0.07401192
-55.73333261	-0.07402865
-55.69999928	-0.07408626
-55.66666595	-0.07413827
-55.63333262	-0.07401765
-55.59999928	-0.07411321
-55.56666595	-0.07414071
-55.53333262	-0.07399568
-55.49999928	-0.07397589
-55.46666595	-0.07393736
-55.43333262	-0.07406646
-55.39999928	-0.07411903
-55.36666595	-0.07413593
-55.33333262	-0.07400969
-55.29999929	-0.07398171
-55.26666595	-0.07405217
-55.23333262	-0.07402863
-55.19999929	-0.07391575
-55.16666595	-0.07401324
-55.13333262	-0.07404504
-55.09999929	-0.07401433
-55.06666595	-0.07386255
-55.03333262	-0.07401017
-54.99999929	-0.07395428
-54.96666596	-0.07393633
-54.93333262	-0.07393480
-54.89999929	-0.07395037
-54.86666596	-0.07392307
-54.83333262	-0.07391083
-54.79999929	-0.07386038
-54.76666596	-0.07384158
-54.73333262	-0.07377495
-54.69999929	-0.07386970
-54.66666596	-0.07377070
-54.63333263	-0.07376092
-54.59999929	-0.07371582
-54.56666596	-0.07363031
-54.53333263	-0.07372327
-54.49999929	-0.07363458
-54.46666596	-0.07369063
-54.43333263	-0.07368132
-54.39999929	-0.07357276
-54.36666596	-0.07364221
-54.33333263	-0.07364540
-54.29999930	-0.07357509
-54.26666596	-0.07357549
-54.23333263	-0.07348042
-54.19999930	-0.07349049
-54.16666596	-0.07346299
-54.13333263	-0.07344020
-54.09999930	-0.07347677
-54.06666596	-0.07341269
-54.03333263	-0.07351472
-53.99999930	-0.07345197
-53.96666597	-0.07351620
-53.93333263	-0.07355421
-53.89999930	-0.07351098
-53.86666597	-0.07342468
-53.83333263	-0.07356032
-53.79999930	-0.07357891
-53.76666597	-0.07365510
-53.73333263	-0.07356422
-53.69999930	-0.07349033
-53.66666597	-0.07352569
-53.63333264	-0.07362382
-53.59999930	-0.07362755
-53.56666597	-0.07363752
-53.53333264	-0.07371340
-53.49999930	-0.07370575
-53.46666597	-0.07374462
-53.43333264	-0.07379732
-53.39999930	-0.07373200
-53.36666597	-0.07383847
-53.33333264	-0.07379846
-53.29999931	-0.07382552
-53.26666597	-0.07383226
-53.23333264	-0.07381247
-53.19999931	-0.07380178
-53.16666597	-0.07366685
-53.13333264	-0.07370879
-53.09999931	-0.07386015
-53.06666597	-0.07377391
-53.03333264	-0.07386539
-52.99999931	-0.07370536
-52.96666598	-0.07390695
-52.93333264	-0.07381895
-52.89999931	-0.07381234
-52.86666598	-0.07382897
-52.83333264	-0.07372425
-52.79999931	-0.07378452
-52.76666598	-0.07391008
-52.73333264	-0.07383976
-52.69999931	-0.07378713
-52.66666598	-0.07376028
-52.63333265	-0.07372154
-52.59999931	-0.07370431
-52.56666598	-0.07368836
-52.53333265	-0.07360373
-52.49999931	-0.07355041
-52.46666598	-0.07345738
-52.43333265	-0.07347809
-52.39999931	-0.07334912
-52.36666598	-0.07330768
-52.33333265	-0.07327123
-52.29999932	-0.07327866
-52.26666598	-0.07330268
-52.23333265	-0.07329162
-52.19999932	-0.07317916
-52.16666598	-0.07309468
-52.13333265	-0.07314784
-52.09999932	-0.07306657
-52.06666598	-0.07291807
-52.03333265	-0.07290117
-51.99999932	-0.07293438
-51.96666599	-0.07275030
-51.93333265	-0.07277400
-51.89999932	-0.07264863
-51.86666599	-0.07265435
-51.83333265	-0.07262067
-51.79999932	-0.07247416
-51.76666599	-0.07240351
-51.73333265	-0.07234245
-51.69999932	-0.07230787
-51.66666599	-0.07229260
-51.63333266	-0.07213649
-51.59999932	-0.07206164
-51.56666599	-0.07195716
-51.53333266	-0.07188451
-51.49999932	-0.07176783
-51.46666599	-0.07172840
-51.43333266	-0.07161490
-51.39999932	-0.07156265
-51.36666599	-0.07145563
-51.33333266	-0.07140737
-51.29999933	-0.07128195
-51.26666599	-0.07108762
-51.23333266	-0.07109733
-51.19999933	-0.07102657
-51.16666599	-0.07104449
-51.13333266	-0.07089574
-51.09999933	-0.07092731
-51.06666599	-0.07091357
-51.03333266	-0.07071207
-50.99999933	-0.07065307
-50.96666600	-0.07057352
-50.93333266	-0.07052692
-50.89999933	-0.07031790
-50.86666600	-0.07026356
-50.83333266	-0.07021527
-50.79999933	-0.07019652
-50.76666600	-0.07014992
-50.73333266	-0.06999979
-50.69999933	-0.06990906
-50.66666600	-0.06994172
-50.63333267	-0.06987597
-50.59999933	-0.06976506
-50.56666600	-0.06967273
-50.53333267	-0.06970555
-50.49999933	-0.06964199
-50.46666600	-0.06961148
-50.43333267	-0.06956497
-50.39999933	-0.06944527
-50.36666600	-0.06948791
-50.33333267	-0.06940495
-50.29999934	-0.06943099
-50.26666600	-0.06934585
-50.23333267	-0.06924492
-50.19999934	-0.06924337
-50.16666600	-0.06925817
-50.13333267	-0.06938541
-50.09999934	-0.06938239
-50.06666600	-0.06954655
-50.03333267	-0.06955137
-49.99999934	-0.06956909
-49.96666601	-0.06970963
-49.93333267	-0.06981513
-49.89999934	-0.06987075
-49.86666601	-0.07017017
-49.83333267	-0.07039833
-49.79999934	-0.07063919
-49.76666601	-0.07085146
-49.73333267	-0.07107122
-49.69999934	-0.07132269
-49.66666601	-0.07170679
-49.63333268	-0.07196882
-49.59999934	-0.07228214
-49.56666601	-0.07266876
-49.53333268	-0.07290283
-49.49999934	-0.07326282
-49.46666601	-0.07366447
-49.43333268	-0.07405379
-49.39999935	-0.07447016
-49.36666601	-0.07488004
-49.33333268	-0.07530951
-49.29999935	-0.07569106
-49.26666601	-0.07601159
-49.23333268	-0.07641954
-49.19999935	-0.07658961
-49.16666601	-0.07679970
-49.13333268	-0.07718809
-49.09999935	-0.07752425
-49.06666602	-0.07769991
-49.03333268	-0.07795006
-48.99999935	-0.07814903
-48.96666602	-0.07825996
-48.93333268	-0.07840406
-48.89999935	-0.07831067
-48.86666602	-0.07841342
-48.83333268	-0.07840816
-48.79999935	-0.07838063
-48.76666602	-0.07815893
-48.73333269	-0.07807598
-48.69999935	-0.07772419
-48.66666602	-0.07753533
-48.63333269	-0.07731248
-48.59999935	-0.07697578
-48.56666602	-0.07666621
-48.53333269	-0.07634175
-48.49999935	-0.07589356
-48.46666602	-0.07557985
-48.43333269	-0.07517299
-48.39999936	-0.07477744
-48.36666602	-0.07437161
-48.33333269	-0.07397952
-48.29999936	-0.07355090
-48.26666602	-0.07315442
-48.23333269	-0.07266288
-48.19999936	-0.07234023
-48.16666602	-0.07181093
-48.13333269	-0.07155845
-48.09999936	-0.07109460
-48.06666603	-0.07079941
-48.03333269	-0.07053171
-47.99999936	-0.07026078
-47.96666603	-0.06997737
-47.93333269	-0.06969799
-47.89999936	-0.06939051
-47.86666603	-0.06923406
-47.83333269	-0.06906507
-47.79999936	-0.06881345
-47.76666603	-0.06876013
-47.73333270	-0.06846368
-47.69999936	-0.06828474
-47.66666603	-0.06827954
-47.63333270	-0.06819950
-47.59999936	-0.06805888
-47.56666603	-0.06792209
-47.53333270	-0.06773456
-47.49999936	-0.06777652
-47.46666603	-0.06771440
-47.43333270	-0.06763617
-47.39999937	-0.06759597
-47.36666603	-0.06756696
-47.33333270	-0.06754115
-47.29999937	-0.06740678
-47.26666603	-0.06737423
-47.23333270	-0.06739645
-47.19999937	-0.06733903
-47.16666603	-0.06733828
-47.13333270	-0.06737348
-47.09999937	-0.06736122
-47.06666604	-0.06737856
-47.03333270	-0.06725632
-46.99999937	-0.06737058
-46.96666604	-0.06730244
-46.93333270	-0.06727714
-46.89999937	-0.06727329
-46.86666604	-0.06729685
-46.83333270	-0.06736177
-46.79999937	-0.06734052
-46.76666604	-0.06733528
-46.73333271	-0.06728601
-46.69999937	-0.06730559
-46.66666604	-0.06730340
-46.63333271	-0.06733126
-46.59999937	-0.06727837
-46.56666604	-0.06733769
-46.53333271	-0.06741841
-46.49999937	-0.06742464
-46.46666604	-0.06739174
-46.43333271	-0.06729509
-46.39999938	-0.06732044
-46.36666604	-0.06743296
-46.33333271	-0.06731846
-46.29999938	-0.06735601
-46.26666604	-0.06724091
-46.23333271	-0.06740496
-46.19999938	-0.06727166
-46.16666604	-0.06724329
-46.13333271	-0.06699218
-46.09999938	-0.06707902
-46.06666605	-0.06712873
-46.03333271	-0.06706842
-45.99999938	-0.06704130
-45.96666605	-0.06698971
-45.93333271	-0.06693110
-45.89999938	-0.06692303
-45.86666605	-0.06677190
-45.83333271	-0.06677313
-45.79999938	-0.06679209
-45.76666605	-0.06673859
-45.73333272	-0.06670877
-45.69999938	-0.06656711
-45.66666605	-0.06664760
-45.63333272	-0.06648097
-45.59999938	-0.06646785
-45.56666605	-0.06654813
-45.53333272	-0.06638260
-45.49999938	-0.06631598
-45.46666605	-0.06641289
-45.43333272	-0.06644755
-45.39999939	-0.06624154
-45.36666605	-0.06630300
-45.33333272	-0.06622281
-45.29999939	-0.06636778
-45.26666605	-0.06650214
-45.23333272	-0.06656124
-45.19999939	-0.06661083
-45.16666605	-0.06677602
-45.13333272	-0.06671899
-45.09999939	-0.06685375
-45.06666606	-0.06690977
-45.03333272	-0.06727059
-44.99999939	-0.06727127
-44.96666606	-0.06743822
-44.93333272	-0.06755425
-44.89999939	-0.06770943
-44.86666606	-0.06789497
-44.83333272	-0.06798552
-44.79999939	-0.06815459
-44.76666606	-0.06817386
-44.73333273	-0.06838352
-44.69999939	-0.06844890
-44.66666606	-0.06850911
-44.63333273	-0.06852355
-44.59999939	-0.06847569
-44.56666606	-0.06839227
-44.53333273	-0.06828225
-44.49999939	-0.06803165
-44.46666606	-0.06779819
-44.43333273	-0.06760982
-44.39999940	-0.06729715
-44.36666606	-0.06670982
-44.33333273	-0.06644243
-44.29999940	-0.06580039
-44.26666606	-0.06510873
-44.23333273	-0.06438150
-44.19999940	-0.06367535
-44.16666606	-0.06278965
-44.13333273	-0.06184236
-44.09999940	-0.06101434
-44.06666607	-0.05971485
-44.03333273	-0.05871867
-43.99999940	-0.05756720
-43.96666607	-0.05635420
-43.93333273	-0.05497833
-43.89999940	-0.05356121
-43.86666607	-0.05201417
-43.83333273	-0.05055114
-43.79999940	-0.04900219
-43.76666607	-0.04723038
-43.73333274	-0.04559720
-43.69999940	-0.04360409
-43.66666607	-0.04191830
-43.63333274	-0.03993560
-43.59999940	-0.03780518
-43.56666607	-0.03566281
-43.53333274	-0.03342571
-43.49999940	-0.03110393
-43.46666607	-0.02869190
-43.43333274	-0.02613483
-43.39999941	-0.02351910
-43.36666607	-0.02088132
-43.33333274	-0.01804396
-43.29999941	-0.01509115
-43.26666607	-0.01194007
-43.23333274	-0.00867141
-43.19999941	-0.00537397
-43.16666607	-0.00187891
-43.13333274	0.00164342
-43.09999941	0.00541849
-43.06666608	0.00922062
-43.03333274	0.01305378
-42.99999941	0.01706957
-42.96666608	0.02120051
-42.93333274	0.02522481
-42.89999941	0.02939116
-42.86666608	0.03360140
-42.83333274	0.03765773
-42.79999941	0.04159257
-42.76666608	0.04536570
-42.73333275	0.04888815
-42.69999941	0.05208657
-42.66666608	0.05481749
-42.63333275	0.05708118
-42.59999941	0.05872078
-42.56666608	0.05968283
-42.53333275	0.05973372
-42.49999941	0.05881044
-42.46666608	0.05684277
-42.43333275	0.05348702
-42.39999942	0.04883407
-42.36666608	0.04278506
-42.33333275	0.03501036
-42.29999942	0.02525938
-42.26666608	0.01373965
-42.23333275	0.00025377
-42.19999942	-0.01537381
-42.16666608	-0.03312243
-42.13333275	-0.05306922
-42.09999942	-0.07522609
-42.06666609	-0.09931945
-42.03333275	-0.12562745
-41.99999942	-0.15401299
-41.96666609	-0.18423922
-41.93333275	-0.21605604
-41.89999942	-0.24923516
-41.86666609	-0.28387411
-41.83333275	-0.31921054
-41.79999942	-0.35533610
-41.76666609	-0.39128142
-41.73333276	-0.42745001
-41.69999942	-0.46292571
-41.66666609	-0.49729819
-41.63333276	-0.53050363
-41.59999942	-0.56176229
-41.56666609	-0.59079969
-41.53333276	-0.61716040
-41.49999942	-0.64043465
-41.46666609	-0.66033284
-41.43333276	-0.67625666
-41.39999943	-0.68842792
-41.36666609	-0.69620616
-41.33333276	-0.69963399
-41.29999943	-0.69852618
-41.26666609	-0.69272157
-41.23333276	-0.68235715
-41.19999943	-0.66729863
-41.16666610	-0.64791213
-41.13333276	-0.62421739
-41.09999943	-0.59628177
-41.06666610	-0.56493578
-41.03333276	-0.52983622
-40.99999943	-0.49175430
-40.96666610	-0.45094363
-40.93333276	-0.40806711
-40.89999943	-0.36331878
-40.86666610	-0.31715573
-40.83333277	-0.27025340
-40.79999943	-0.22292961
-40.76666610	-0.17572149
-40.73333277	-0.12913678
-40.69999943	-0.08344223
-40.66666610	-0.03910808
-40.63333277	0.00332785
-40.59999943	0.04376847
-40.56666610	0.08193715
-40.53333277	0.11737559
-40.49999944	0.15002701
-40.46666610	0.17985220
-40.43333277	0.20660341
-40.39999944	0.23011008
-40.36666610	0.25019385
-40.33333277	0.26750081
-40.29999944	0.28143924
-40.26666610	0.29257733
-40.23333277	0.30066343
-40.19999944	0.30596823
-40.16666611	0.30874922
-40.13333277	0.30911695
-40.09999944	0.30723119
-40.06666611	0.30338700
-40.03333277	0.29776798
-39.99999944	0.29042712
-39.96666611	0.28201668
-39.93333277	0.27221086
-39.89999944	0.26150817
-39.86666611	0.25016911
-39.83333278	0.23812425
-39.79999944	0.22603594
-39.76666611	0.21353396
-39.73333278	0.20097217
-39.69999944	0.18858269
-39.66666611	0.17633601
-39.63333278	0.16430033
-39.59999944	0.15276883
-39.56666611	0.14161939
-39.53333278	0.13078250
-39.49999945	0.12050507
-39.46666611	0.11080360
-39.43333278	0.10139791
-39.39999945	0.09280927
-39.36666611	0.08455095
-39.33333278	0.07694706
-39.29999945	0.06966635
-39.26666611	0.06297634
-39.23333278	0.05652470
-39.19999945	0.05068053
-39.16666612	0.04502958
-39.13333278	0.03973759
-39.09999945	0.03469598
-39.06666612	0.02984768
-39.03333278	0.02522610
-38.99999945	0.02076009
-38.96666612	0.01623801
-38.93333278	0.01206920
-38.89999945	0.00795946
-38.86666612	0.00382817
-38.83333279	-0.00047045
-38.79999945	-0.00452406
-38.76666612	-0.00870073
-38.73333279	-0.01276052
-38.69999945	-0.01688128
-38.66666612	-0.02103387
-38.63333279	-0.02511776
-38.59999945	-0.02928382
-38.56666612	-0.03345997
-38.53333279	-0.03756879
-38.49999946	-0.04148531
-38.46666612	-0.04549352
-38.43333279	-0.04938948
-38.39999946	-0.05325491
-38.36666612	-0.05692339
-38.33333279	-0.06064998
-38.29999946	-0.06417283
-38.26666612	-0.06741500
-38.23333279	-0.07057478
-38.19999946	-0.07347910
-38.16666613	-0.07621730
-38.13333279	-0.07883842
-38.09999946	-0.08121251
-38.06666613	-0.08329392
-38.03333279	-0.08545181
-37.99999946	-0.08720034
-37.96666613	-0.08892191
-37.93333279	-0.09051748
-37.89999946	-0.09181093
-37.86666613	-0.09291551
-37.83333280	-0.09404143
-37.79999946	-0.09504833
-37.76666613	-0.09574139
-37.73333280	-0.09656527
-37.69999946	-0.09716005
-37.66666613	-0.09772052
-37.63333280	-0.09825536
-37.59999946	-0.09873282
-37.56666613	-0.09905024
-37.53333280	-0.09953325
-37.49999947	-0.10003471
-37.46666613	-0.10050354
-37.43333280	-0.10085580
-37.39999947	-0.10134207
-37.36666613	-0.10193346
-37.33333280	-0.10237681
-37.29999947	-0.10288554
-37.26666613	-0.10356403
-37.23333280	-0.10406665
-37.19999947	-0.10479854
-37.16666614	-0.10539583
-37.13333280	-0.10591866
-37.09999947	-0.10649873
-37.06666614	-0.10702226
-37.03333280	-0.10766158
-36.99999947	-0.10824313
-36.96666614	-0.10873965
-36.93333280	-0.10915591
-36.89999947	-0.10954154
-36.86666614	-0.10982096
-36.83333281	-0.11009889
-36.79999947	-0.11022056
-36.76666614	-0.11010250
-36.73333281	-0.11007579
-36.69999947	-0.10987044
-36.66666614	-0.10942805
-36.63333281	-0.10913508
-36.59999947	-0.10859728
-36.56666614	-0.10803488
-36.53333281	-0.10715373
-36.49999948	-0.10640628
-36.46666614	-0.10545958
-36.43333281	-0.10446291
-36.39999948	-0.10333140
-36.36666614	-0.10213641
-36.33333281	-0.10092494
-36.29999948	-0.09975829
-36.26666614	-0.09837125
-36.23333281	-0.09712939
-36.19999948	-0.09590996
-36.16666615	-0.09472191
-36.13333281	-0.09347295
-36.09999948	-0.09233552
-36.06666615	-0.09130242
-36.03333281	-0.09016509
-35.99999948	-0.08916896
-35.96666615	-0.08835007
-35.93333281	-0.08755805
-35.89999948	-0.08676005
-35.86666615	-0.08628305
-35.83333282	-0.08570324
-35.79999948	-0.08526455
-35.76666615	-0.08487016
-35.73333282	-0.08471562
-35.69999948	-0.08459171
-35.66666615	-0.08444117
-35.63333282	-0.08438205
-35.59999948	-0.08458194
-35.56666615	-0.08458301
-35.53333282	-0.08483104
-35.49999949	-0.08509873
-35.46666615	-0.08529328
-35.43333282	-0.08563542
-35.39999949	-0.08590864
-35.36666615	-0.08624690
-35.33333282	-0.08654903
-35.29999949	-0.08678135
-35.26666615	-0.08707075
-35.23333282	-0.08735238
-35.19999949	-0.08756803
-35.16666616	-0.08763004
-35.13333282	-0.08770298
-35.09999949	-0.08777922
-35.06666616	-0.08793077
-35.03333282	-0.08783992
-34.99999949	-0.08773443
-34.96666616	-0.08760416
-34.93333282	-0.08731510
-34.89999949	-0.08707002
-34.86666616	-0.08682398
-34.83333283	-0.08633528
-34.79999949	-0.08588901
-34.76666616	-0.08545514
-34.73333283	-0.08500730
-34.69999949	-0.08432516
-34.66666616	-0.08383999
-34.63333283	-0.08333019
-34.59999949	-0.08281916
-34.56666616	-0.08222816
-34.53333283	-0.08149122
-34.49999950	-0.08099949
-34.46666616	-0.08041925
-34.43333283	-0.07994296
-34.39999950	-0.07954573
-34.36666616	-0.07907447
-34.33333283	-0.07861141
-34.29999950	-0.07825222
-34.26666616	-0.07803566
-34.23333283	-0.07780220
-34.19999950	-0.07764042
-34.16666617	-0.07758939
-34.13333283	-0.07765506
-34.09999950	-0.07775184
-34.06666617	-0.07783481
-34.03333283	-0.07811479
-33.99999950	-0.07832358
-33.96666617	-0.07870178
-33.93333283	-0.07905738
-33.89999950	-0.07955279
-33.86666617	-0.07997180
-33.83333284	-0.08065943
-33.79999950	-0.08128013
-33.76666617	-0.08194213
-33.73333284	-0.08275021
-33.69999950	-0.08335713
-33.66666617	-0.08404048
-33.63333284	-0.08468742
-33.59999950	-0.08555086
-33.56666617	-0.08618527
-33.53333284	-0.08692480
-33.49999951	-0.08762068
-33.46666617	-0.08836147
-33.43333284	-0.08887326
-33.39999951	-0.08937892
-33.36666617	-0.08998884
-33.33333284	-0.09035193
-33.29999951	-0.09073130
-33.26666617	-0.09104590
-33.23333284	-0.09126943
-33.19999951	-0.09160129
-33.16666618	-0.09171490
-33.13333284	-0.09173040
-33.09999951	-0.09169685
-33.06666618	-0.09163126
-33.03333284	-0.09144764
-32.99999951	-0.09130677
-32.96666618	-0.09104773
-32.93333284	-0.09068864
-32.89999951	-0.09036169
-32.86666618	-0.08985858
-32.83333285	-0.08959129
-32.79999951	-0.08901604
-32.76666618	-0.08839856
-32.73333285	-0.08791279
-32.69999951	-0.08729826
-32.66666618	-0.08679251
-32.63333285	-0.08614402
-32.59999952	-0.08547077
-32.56666618	-0.08494090
-32.53333285	-0.08430423
-32.49999952	-0.08378629
-32.46666618	-0.08345185
-32.43333285	-0.08293630
-32.39999952	-0.08249169
-32.36666618	-0.08208395
-32.33333285	-0.08173294
-32.29999952	-0.08150826
-32.26666619	-0.08114714
-32.23333285	-0.08099593
-32.19999952	-0.08083297
-32.16666619	-0.08067631
-32.13333285	-0.08064635
-32.09999952	-0.08064480
-32.06666619	-0.08068413
-32.03333285	-0.08074607
-31.99999952	-0.08088238
-31.96666619	-0.08103196
-31.93333286	-0.08116283
-31.89999952	-0.08133870
-31.86666619	-0.08159868
-31.83333286	-0.08181253
-31.79999952	-0.08207605
-31.76666619	-0.08219122
-31.73333286	-0.08238503
-31.69999952	-0.08246960
-31.66666619	-0.08266278
-31.63333286	-0.08273087
-31.59999953	-0.08282100
-31.56666619	-0.08288302
-31.53333286	-0.08285294
-31.49999953	-0.08273829
-31.46666619	-0.08263570
-31.43333286	-0.08240925
-31.39999953	-0.08227895
-31.36666619	-0.08199959
-31.33333286	-0.08162973
-31.29999953	-0.08114375
-31.26666620	-0.08073498
-31.23333286	-0.08023158
-31.19999953	-0.07969887
-31.16666620	-0.07905353
-31.13333286	-0.07843512
-31.09999953	-0.07778928
-31.06666620	-0.07707300
-31.03333286	-0.07641872
-30.99999953	-0.07567958
-30.96666620	-0.07494962
-30.93333287	-0.07416792
-30.89999953	-0.07348502
-30.86666620	-0.07275002
-30.83333287	-0.07211697
-30.79999953	-0.07151186
-30.76666620	-0.07087655
-30.73333287	-0.07025842
-30.69999953	-0.06973771
-30.66666620	-0.06928217
-30.63333287	-0.06881973
-30.59999954	-0.06850376
-30.56666620	-0.06821475
-30.53333287	-0.06804204
-30.49999954	-0.06791070
-30.46666620	-0.06785532
-30.43333287	-0.06782421
-30.39999954	-0.06777896
-30.36666620	-0.06795819
-30.33333287	-0.06814498
-30.29999954	-0.06854347
-30.26666621	-0.06866851
-30.23333287	-0.06900045
-30.19999954	-0.06933517
-30.16666621	-0.06971222
-30.13333287	-0.07020743
-30.09999954	-0.07065795
-30.06666621	-0.07111499
-30.03333287	-0.07146734
-29.99999954	-0.07194245
-29.96666621	-0.07232227
-29.93333288	-0.07271584
-29.89999954	-0.07301788
-29.86666621	-0.07336357
-29.83333288	-0.07368868
-29.79999954	-0.07408006
-29.76666621	-0.07431508
-29.73333288	-0.07449430
-29.69999954	-0.07466438
-29.66666621	-0.07465377
-29.63333288	-0.07477632
-29.59999955	-0.07479024
-29.56666621	-0.07483531
-29.53333288	-0.07470715
-29.49999955	-0.07472890
-29.46666621	-0.07457202
-29.43333288	-0.07437274
-29.39999955	-0.07432122
-29.36666621	-0.07415691
-29.33333288	-0.07402466
-29.29999955	-0.07368820
-29.26666622	-0.07359775
-29.23333288	-0.07342798
-29.19999955	-0.07321574
-29.16666622	-0.07296407
-29.13333288	-0.07284801
-29.09999955	-0.07252544
-29.06666622	-0.07238627
-29.03333288	-0.07230366
-28.99999955	-0.07217759
-28.96666622	-0.07199283
-28.93333289	-0.07200358
-28.89999955	-0.07186276
-28.86666622	-0.07186391
-28.83333289	-0.07171897
-28.79999955	-0.07179284
-28.76666622	-0.07175771
-28.73333289	-0.07203254
-28.69999955	-0.07204423
-28.66666622	-0.07194435
-28.63333289	-0.07204136
-28.59999956	-0.07216201
-28.56666622	-0.07218293
-28.53333289	-0.07230187
-28.49999956	-0.07241464
-28.46666622	-0.07270211
-28.43333289	-0.07268905
-28.39999956	-0.07281304
-28.36666622	-0.07295696
-28.33333289	-0.07316436
-28.29999956	-0.07322857
-28.26666623	-0.07329481
-28.23333289	-0.07347172
-28.19999956	-0.07372824
-28.16666623	-0.07379854
-28.13333289	-0.07387385
-28.09999956	-0.07381346
-28.06666623	-0.07392758
-28.03333289	-0.07387267
-27.99999956	-0.07390772
-27.96666623	-0.07376294
-27.93333290	-0.07371416
-27.89999956	-0.07365862
-27.86666623	-0.07350795
-27.83333290	-0.07327981
-27.79999956	-0.07306943
-27.76666623	-0.07293411
-27.73333290	-0.07270145
-27.69999956	-0.07244050
-27.66666623	-0.07215328
-27.63333290	-0.07180076
-27.59999957	-0.07153041
-27.56666623	-0.07116258
-27.53333290	-0.07087720
-27.49999957	-0.07038543
-27.46666623	-0.07000718
-27.43333290	-0.06965877
-27.39999957	-0.06933107
-27.36666623	-0.06897197
-27.33333290	-0.06856665
-27.29999957	-0.06818889
-27.26666624	-0.06802315
-27.23333290	-0.06763235
-27.19999957	-0.06737346
-27.16666624	-0.06706982
-27.13333290	-0.06685570
-27.09999957	-0.06666938
-27.06666624	-0.06656685
-27.03333290	-0.06642553
-26.99999957	-0.06641600
-26.96666624	-0.06635423
-26.93333291	-0.06638911
-26.89999957	-0.06650036
-26.86666624	-0.06665240
-26.83333291	-0.06686095
-26.79999957	-0.06712456
-26.76666624	-0.06735217
-26.73333291	-0.06773655
-26.69999957	-0.06821899
-26.66666624	-0.06867629
-26.63333291	-0.06924040
-26.59999958	-0.06962240
-26.56666624	-0.07021722
-26.53333291	-0.07087054
-26.49999958	-0.07144633
-26.46666624	-0.07214681
-26.43333291	-0.07271652
-26.39999958	-0.07340486
-26.36666624	-0.07403388
-26.33333291	-0.07470443
-26.29999958	-0.07541201
-26.26666625	-0.07597914
-26.23333291	-0.07676941
-26.19999958	-0.07717506
-26.16666625	-0.07774877
-26.13333291	-0.07817482
-26.09999958	-0.07860862
-26.06666625	-0.07905898
-26.03333291	-0.07942534
-25.99999958	-0.07976342
-25.96666625	-0.08009793
-25.93333292	-0.08020115
-25.89999958	-0.08046112
-25.86666625	-0.08056020
-25.83333292	-0.08068506
-25.79999958	-0.08070136
-25.76666625	-0.08077030
-25.73333292	-0.08067988
-25.69999958	-0.08048315
-25.66666625	-0.08038617
-25.63333292	-0.08034518
-25.59999959	-0.08020401
-25.56666625	-0.08003010
-25.53333292	-0.07982691
-25.49999959	-0.07959905
-25.46666625	-0.07944699
-25.43333292	-0.07902426
-25.39999959	-0.07882313
-25.36666625	-0.07867263
-25.33333292	-0.07841588
-25.29999959	-0.07811915
-25.26666626	-0.07789115
-25.23333292	-0.07785350
-25.19999959	-0.07763001
-25.16666626	-0.07746834
-25.13333292	-0.07735236
-25.09999959	-0.07716495
-25.06666626	-0.07709396
-25.03333292	-0.07697644
-24.99999959	-0.07689606
-24.96666626	-0.07685757
-24.93333293	-0.07688324
-24.89999959	-0.07673636
-24.86666626	-0.07670854
-24.83333293	-0.07678951
-24.79999959	-0.07684362
-24.76666626	-0.07682474
-24.73333293	-0.07684570
-24.69999959	-0.07682469
-24.66666626	-0.07682194
-24.63333293	-0.07670902
-24.59999960	-0.07667595
-24.56666626	-0.07660573
-24.53333293	-0.07646310
-24.49999960	-0.07632366
-24.46666626	-0.07631729
-24.43333293	-0.07603980
-24.39999960	-0.07592205
-24.36666627	-0.07563784
-24.33333293	-0.07542749
-24.29999960	-0.07523582
-24.26666627	-0.07494251
-24.23333293	-0.07481578
-24.19999960	-0.07452756
-24.16666627	-0.07433514
-24.13333293	-0.07407333
-24.09999960	-0.07380169
-24.06666627	-0.07360631
-24.03333294	-0.07338279
-23.99999960	-0.07324846
-23.96666627	-0.07325803
-23.93333294	-0.07324055
-23.89999960	-0.07311129
-23.86666627	-0.07320111
-23.83333294	-0.07341739
-23.79999960	-0.07343733
-23.76666627	-0.07362141
-23.73333294	-0.07403176
-23.69999961	-0.07438980
-23.66666627	-0.07480412
-23.63333294	-0.07534178
-23.59999961	-0.07591208
-23.56666627	-0.07646933
-23.53333294	-0.07728041
-23.49999961	-0.07805609
-23.46666627	-0.07895391
-23.43333294	-0.08005996
-23.39999961	-0.08103923
-23.36666628	-0.08232102
-23.33333294	-0.08354940
-23.29999961	-0.08482744
-23.26666628	-0.08615895
-23.23333294	-0.08758788
-23.19999961	-0.08908185
-23.16666628	-0.09069141
-23.13333294	-0.09230136
-23.09999961	-0.09404583
-23.06666628	-0.09563977
-23.03333295	-0.09738343
-22.99999961	-0.09901186
-22.96666628	-0.10088122
-22.93333295	-0.10259746
-22.89999961	-0.10431287
-22.86666628	-0.10590756
-22.83333295	-0.10768919
-22.79999961	-0.10923163
-22.76666628	-0.11088284
-22.73333295	-0.11241741
-22.69999962	-0.11384474
-22.66666628	-0.11520919
-22.63333295	-0.11649547
-22.59999962	-0.11764775
-22.56666628	-0.11861464
-22.53333295	-0.11951020
-22.49999962	-0.12039796
-22.46666628	-0.12090237
-22.43333295	-0.12136811
-22.39999962	-0.12173607
-22.36666629	-0.12187315
-22.33333295	-0.12189297
-22.29999962	-0.12161146
-22.26666629	-0.12130842
-22.23333295	-0.12089870
-22.19999962	-0.12020730
-22.16666629	-0.11941449
-22.13333295	-0.11828334
-22.09999962	-0.11712335
-22.06666629	-0.11575145
-22.03333296	-0.11434548
-21.99999962	-0.11267143
-21.96666629	-0.11082722
-21.93333296	-0.10897631
-21.89999962	-0.10702590
-21.86666629	-0.10486719
-21.83333296	-0.10265613
-21.79999962	-0.10035591
-21.76666629	-0.09807190
-21.73333296	-0.09568665
-21.69999963	-0.09321304
-21.66666629	-0.09075032
-21.63333296	-0.08841897
-21.59999963	-0.08588503
-21.56666629	-0.08349572
-21.53333296	-0.08112942
-21.49999963	-0.07888633
-21.46666629	-0.07658147
-21.43333296	-0.07444728
-21.39999963	-0.07233605
-21.36666630	-0.07033718
-21.33333296	-0.06847366
-21.29999963	-0.06664843
-21.26666630	-0.06490078
-21.23333296	-0.06328187
-21.19999963	-0.06191754
-21.16666630	-0.06064054
-21.13333296	-0.05951020
-21.09999963	-0.05843480
-21.06666630	-0.05750579
-21.03333297	-0.05661099
-20.99999963	-0.05580019
-20.96666630	-0.05523405
-20.93333297	-0.05475960
-20.89999963	-0.05433224
-20.86666630	-0.05406765
-20.83333297	-0.05365324
-20.79999963	-0.05349792
-20.76666630	-0.05339097
-20.73333297	-0.05334517
-20.69999964	-0.05341087
-20.66666630	-0.05329506
-20.63333297	-0.05346381
-20.59999964	-0.05365597
-20.56666630	-0.05387657
-20.53333297	-0.05418757
-20.49999964	-0.05442463
-20.46666630	-0.05483395
-20.43333297	-0.05515636
-20.39999964	-0.05543616
-20.36666631	-0.05596770
-20.33333297	-0.05635613
-20.29999964	-0.05660586
-20.26666631	-0.05716648
-20.23333297	-0.05763379
-20.19999964	-0.05806705
-20.16666631	-0.05858782
-20.13333297	-0.05906449
-20.09999964	-0.05956935
-20.06666631	-0.06018818
-20.03333298	-0.06071985
-19.99999964	-0.06136423
-19.96666631	-0.06195673
-19.93333298	-0.06252581
-19.89999964	-0.06319920
-19.86666631	-0.06379254
-19.83333298	-0.06448156
-19.79999964	-0.06505550
-19.76666631	-0.06578805
-19.73333298	-0.06652574
-19.69999965	-0.06717335
-19.66666631	-0.06780906
-19.63333298	-0.06853625
-19.59999965	-0.06918202
-19.56666631	-0.06985060
-19.53333298	-0.07049164
-19.49999965	-0.07124126
-19.46666631	-0.07189775
-19.43333298	-0.07240835
-19.39999965	-0.07315946
-19.36666632	-0.07366304
-19.33333298	-0.07419817
-19.29999965	-0.07477962
-19.26666632	-0.07535005
-19.23333298	-0.07592622
-19.19999965	-0.07633406
-19.16666632	-0.07675227
-19.13333298	-0.07705509
-19.09999965	-0.07755568
-19.06666632	-0.07793881
-19.03333299	-0.07822443
-18.99999965	-0.07852564
-18.96666632	-0.07883087
-18.93333299	-0.07907068
-18.89999965	-0.07921518
-18.86666632	-0.07947622
-18.83333299	-0.07979417
-18.79999965	-0.07984235
-18.76666632	-0.08004812
-18.73333299	-0.08012655
-18.69999966	-0.08022518
-18.66666632	-0.08034559
-18.63333299	-0.08040527
-18.59999966	-0.08059840
-18.56666632	-0.08058399
-18.53333299	-0.08063272
-18.49999966	-0.08061931
-18.46666632	-0.08074770
-18.43333299	-0.08075915
-18.39999966	-0.08085469
-18.36666633	-0.08091130
-18.33333299	-0.08078522
-18.29999966	-0.08094369
-18.26666633	-0.08092812
-18.23333299	-0.08105621
-18.19999966	-0.08102801
-18.16666633	-0.08107398
-18.13333299	-0.08112933
-18.09999966	-0.08115117
-18.06666633	-0.08109335
-18.03333300	-0.08121234
-17.99999966	-0.08129033
-17.96666633	-0.08133320
-17.93333300	-0.08145369
-17.89999966	-0.08154375
-17.86666633	-0.08168417
-17.83333300	-0.08166565
-17.79999966	-0.08171711
-17.76666633	-0.08186405
-17.73333300	-0.08188499
-17.69999967	-0.08194594
-17.66666633	-0.08205430
-17.63333300	-0.08203095
-17.59999967	-0.08214779
-17.56666633	-0.08231166
-17.53333300	-0.08236051
-17.49999967	-0.08234272
-17.46666633	-0.08251541
-17.43333300	-0.08262219
-17.39999967	-0.08270758
-17.36666634	-0.08282157
-17.33333300	-0.08279429
-17.29999967	-0.08278125
-17.26666634	-0.08276153
-17.23333300	-0.08278865
-17.19999967	-0.08264879
-17.16666634	-0.08261463
-17.13333300	-0.08253664
-17.09999967	-0.08240625
-17.06666634	-0.08241420
-17.03333301	-0.08219788
-16.99999967	-0.08202556
-16.96666634	-0.08191833
-16.93333301	-0.08163980
-16.89999967	-0.08132240
-16.86666634	-0.08108656
-16.83333301	-0.08080963
-16.79999967	-0.08042261
-16.76666634	-0.08016737
-16.73333301	-0.07977746
-16.69999968	-0.07938298
-16.66666634	-0.07895933
-16.63333301	-0.07855656
-16.59999968	-0.07817770
-16.56666634	-0.07777975
-16.53333301	-0.07730175
-16.49999968	-0.07687201
-16.46666634	-0.07647219
-16.43333301	-0.07599665
-16.39999968	-0.07554150
-16.36666635	-0.07503047
-16.33333301	-0.07464537
-16.29999968	-0.07434131
-16.26666635	-0.07386031
-16.23333301	-0.07350093
-16.19999968	-0.07310596
-16.16666635	-0.07268678
-16.13333301	-0.07243638
-16.09999968	-0.07207205
-16.06666635	-0.07188715
-16.03333302	-0.07178313
-15.99999968	-0.07152144
-15.96666635	-0.07133944
-15.93333302	-0.07125908
-15.89999968	-0.07104086
-15.86666635	-0.07087620
-15.83333302	-0.07098450
-15.79999969	-0.07087569
-15.76666635	-0.07079005
-15.73333302	-0.07072135
-15.69999969	-0.07082694
-15.66666635	-0.07076689
-15.63333302	-0.07074930
-15.59999969	-0.07073164
-15.56666635	-0.07065561
-15.53333302	-0.07066181
-15.49999969	-0.07054795
-15.46666636	-0.07047529
-15.43333302	-0.07047713
-15.39999969	-0.07024020
-15.36666636	-0.07018245
-15.33333302	-0.06999831
-15.29999969	-0.06973360
-15.26666636	-0.06954439
-15.23333302	-0.06933868
-15.19999969	-0.06908097
-15.16666636	-0.06872319
-15.13333303	-0.06835539
-15.09999969	-0.06798777
-15.06666636	-0.06764172
-15.03333303	-0.06740322
-14.99999969	-0.06696364
-14.96666636	-0.06646405
-14.93333303	-0.06604578
-14.89999969	-0.06556085
-14.86666636	-0.06516704
-14.83333303	-0.06483177
-14.79999970	-0.06454576
-14.76666636	-0.06423103
-14.73333303	-0.06386030
-14.69999970	-0.06364960
-14.66666636	-0.06337846
-14.63333303	-0.06313107
-14.59999970	-0.06295929
-14.56666636	-0.06278031
-14.53333303	-0.06255999
-14.49999970	-0.06253949
-14.46666637	-0.06254593
-14.43333303	-0.06253210
-14.39999970	-0.06257090
-14.36666637	-0.06257078
-14.33333303	-0.06277570
-14.29999970	-0.06273465
-14.26666637	-0.06302596
-14.23333303	-0.06317770
-14.19999970	-0.06341938
-14.16666637	-0.06353766
-14.13333304	-0.06399219
-14.09999970	-0.06422347
-14.06666637	-0.06450016
-14.03333304	-0.06474454
-13.99999970	-0.06505357
-13.96666637	-0.06532139
-13.93333304	-0.06564417
-13.89999970	-0.06602582
-13.86666637	-0.06630007
-13.83333304	-0.06659553
-13.79999971	-0.06683944
-13.76666637	-0.06701770
-13.73333304	-0.06725586
-13.69999971	-0.06766295
-13.66666637	-0.06767518
-13.63333304	-0.06790367
-13.59999971	-0.06794579
-13.56666637	-0.06810050
-13.53333304	-0.06821828
-13.49999971	-0.06839156
-13.46666638	-0.06837622
-13.43333304	-0.06835693
-13.39999971	-0.06852135
-13.36666638	-0.06847805
-13.33333304	-0.06846603
-13.29999971	-0.06860565
-13.26666638	-0.06847267
-13.23333304	-0.06842533
-13.19999971	-0.06844845
-13.16666638	-0.06839360
-13.13333305	-0.06832778
-13.09999971	-0.06838110
-13.06666638	-0.06830923
-13.03333305	-0.06826102
-12.99999971	-0.06821517
-12.96666638	-0.06821178
-12.93333305	-0.06809937
-12.89999971	-0.06815458
-12.86666638	-0.06804940
-12.83333305	-0.06809865
-12.79999972	-0.06805017
-12.76666638	-0.06815460
-12.73333305	-0.06813570
-12.69999972	-0.06814486
-12.66666638	-0.06824075
-12.63333305	-0.06828314
-12.59999972	-0.06853797
-12.56666638	-0.06860883
-12.53333305	-0.06868968
-12.49999972	-0.06896882
-12.46666639	-0.06905391
-12.43333305	-0.06937126
-12.39999972	-0.06952454
-12.36666639	-0.06978071
-12.33333305	-0.07009064
-12.29999972	-0.07041514
-12.26666639	-0.07074462
-12.23333305	-0.07104567
-12.19999972	-0.07140233
-12.16666639	-0.07171060
-12.13333306	-0.07213561
-12.09999972	-0.07245817
-12.06666639	-0.07278365
-12.03333306	-0.07320618
-11.99999972	-0.07357492
-11.96666639	-0.07395991
-11.93333306	-0.07433458
-11.89999972	-0.07472448
-11.86666639	-0.07502061
-11.83333306	-0.07529222
-11.79999973	-0.07564320
-11.76666639	-0.07590734
-11.73333306	-0.07621489
-11.69999973	-0.07645937
-11.66666639	-0.07663518
-11.63333306	-0.07664894
-11.59999973	-0.07680000
-11.56666639	-0.07692128
-11.53333306	-0.07691226
-11.49999973	-0.07693957
-11.46666640	-0.07680831
-11.43333306	-0.07684745
-11.39999973	-0.07680043
-11.36666640	-0.07675038
-11.33333306	-0.07665897
-11.29999973	-0.07654928
-11.26666640	-0.07633885
-11.23333306	-0.07616714
-11.19999973	-0.07614985
-11.16666640	-0.07600100
-11.13333307	-0.07575595
-11.09999973	-0.07547301
-11.06666640	-0.07541659
-11.03333307	-0.07508144
-10.99999973	-0.07485969
-10.96666640	-0.07485044
-10.93333307	-0.07472215
-10.89999973	-0.07457765
-10.86666640	-0.07431657
-10.83333307	-0.07413400
-10.79999974	-0.07401295
-10.76666640	-0.07395098
-10.73333307	-0.07400345
-10.69999974	-0.07382085
-10.66666640	-0.07377969
-10.63333307	-0.07364958
-10.59999974	-0.07356270
-10.56666640	-0.07341185
-10.53333307	-0.07338632
-10.49999974	-0.07341925
-10.46666641	-0.07317844
-10.43333307	-0.07328424
-10.39999974	-0.07317606
-10.36666641	-0.07308667
-10.33333307	-0.07289934
-10.29999974	-0.07282992
-10.26666641	-0.07267979
-10.23333307	-0.07251625
-10.19999974	-0.07227297
-10.16666641	-0.07209207
-10.13333308	-0.07176789
-10.09999974	-0.07143037
-10.06666641	-0.07101247
-10.03333308	-0.07077679
-9.99999974	-0.07025609
-9.96666641	-0.06978510
-9.93333308	-0.06931729
-9.89999974	-0.06874001
-9.86666641	-0.06822991
-9.83333308	-0.06769963
-9.79999975	-0.06715785
-9.76666641	-0.06657238
-9.73333308	-0.06583827
-9.69999975	-0.06519908
-9.66666641	-0.06440391
-9.63333308	-0.06375839
-9.59999975	-0.06325228
-9.56666641	-0.06262388
-9.53333308	-0.06199586
-9.49999975	-0.06130015
-9.46666642	-0.06072319
-9.43333308	-0.06010026
-9.39999975	-0.05969691
-9.36666642	-0.05924895
-9.33333308	-0.05881763
-9.29999975	-0.05837621
-9.26666642	-0.05811866
-9.23333308	-0.05773762
-9.19999975	-0.05755457
-9.16666642	-0.05745169
-9.13333309	-0.05742619
-9.09999975	-0.05747678
-9.06666642	-0.05740959
-9.03333309	-0.05750386
-8.99999975	-0.05766572
-8.96666642	-0.05797434
-8.93333309	-0.05834136
-8.89999975	-0.05864817
-8.86666642	-0.05912350
-8.83333309	-0.05958806
-8.79999976	-0.06008620
-8.76666642	-0.06048656
-8.73333309	-0.06115550
-8.69999976	-0.06183658
-8.66666642	-0.06241357
-8.63333309	-0.06301477
-8.59999976	-0.06364353
-8.56666642	-0.06421967
-8.53333309	-0.06496503
-8.49999976	-0.06550338
-8.46666643	-0.06618687
-8.43333309	-0.06674574
-8.39999976	-0.06734736
-8.36666643	-0.06788954
-8.33333309	-0.06824807
-8.29999976	-0.06876273
-8.26666643	-0.06912340
-8.23333309	-0.06947435
-8.19999976	-0.06993938
-8.16666643	-0.07014985
-8.13333310	-0.07040478
-8.09999976	-0.07051734
-8.06666643	-0.07077934
-8.03333310	-0.07083716
-7.99999976	-0.07084999
-7.96666643	-0.07092116
-7.93333310	-0.07105701
-7.89999976	-0.07092781
-7.86666643	-0.07091281
-7.83333310	-0.07073673
-7.79999977	-0.07064199
-7.76666643	-0.07047938
-7.73333310	-0.07030021
-7.69999977	-0.07017369
-7.66666643	-0.06991564
-7.63333310	-0.06973002
-7.59999977	-0.06956711
-7.56666644	-0.06926840
-7.53333310	-0.06908900
-7.49999977	-0.06895184
-7.46666644	-0.06883477
-7.43333310	-0.06854529
-7.39999977	-0.06837421
-7.36666644	-0.06824540
-7.33333310	-0.06805987
-7.29999977	-0.06798168
-7.26666644	-0.06787261
-7.23333311	-0.06793694
-7.19999977	-0.06799815
-7.16666644	-0.06800047
-7.13333311	-0.06811342
-7.09999977	-0.06818244
-7.06666644	-0.06839145
-7.03333311	-0.06863164
-6.99999977	-0.06879752
-6.96666644	-0.06917178
-6.93333311	-0.06944837
-6.89999978	-0.06974773
-6.86666644	-0.07020599
-6.83333311	-0.07071155
-6.79999978	-0.07117915
-6.76666644	-0.07176302
-6.73333311	-0.07214752
-6.69999978	-0.07267082
-6.66666644	-0.07325481
-6.63333311	-0.07376193
-6.59999978	-0.07424760
-6.56666645	-0.07489144
-6.53333311	-0.07547322
-6.49999978	-0.07592600
-6.46666645	-0.07649793
-6.43333311	-0.07693564
-6.39999978	-0.07751021
-6.36666645	-0.07786217
-6.33333311	-0.07824380
-6.29999978	-0.07869469
-6.26666645	-0.07905995
-6.23333312	-0.07938471
-6.19999978	-0.07949894
-6.16666645	-0.07984667
-6.13333312	-0.08013488
-6.09999978	-0.08014668
-6.06666645	-0.08026999
-6.03333312	-0.08032401
-5.99999978	-0.08039794
-5.96666645	-0.08051195
-5.93333312	-0.08045980
-5.89999979	-0.08032300
-5.86666645	-0.08013466
-5.83333312	-0.08011616
-5.79999979	-0.07999696
-5.76666645	-0.07979764
-5.73333312	-0.07966127
-5.69999979	-0.07950315
-5.66666645	-0.07937926
-5.63333312	-0.07932598
-5.59999979	-0.07920043
-5.56666646	-0.07903987
-5.53333312	-0.07886343
-5.49999979	-0.07879168
-5.46666646	-0.07859783
-5.43333312	-0.07852881
-5.39999979	-0.07848986
-5.36666646	-0.07838078
-5.33333312	-0.07831625
-5.29999979	-0.07822707
-5.26666646	-0.07817871
-5.23333313	-0.07817774
-5.19999979	-0.07828222
-5.16666646	-0.07809896
-5.13333313	-0.07824486
-5.09999979	-0.07816271
-5.06666646	-0.07816059
-5.03333313	-0.07814147
-4.99999979	-0.07819563
-4.96666646	-0.07815990
-4.93333313	-0.07820434
-4.89999980	-0.07792589
-4.86666646	-0.07806081
-4.83333313	-0.07789342
-4.79999980	-0.07787758
-4.76666646	-0.07764580
-4.73333313	-0.07750389
-4.69999980	-0.07733627
-4.66666646	-0.07714051
-4.63333313	-0.07692346
-4.59999980	-0.07660619
-4.56666647	-0.07619729
-4.53333313	-0.07595569
-4.49999980	-0.07542497
-4.46666647	-0.07502098
-4.43333313	-0.07453112
-4.39999980	-0.07409041
-4.36666647	-0.07363667
-4.33333313	-0.07318910
-4.29999980	-0.07263188
-4.26666647	-0.07210850
-4.23333314	-0.07149240
-4.19999980	-0.07094723
-4.16666647	-0.07032992
-4.13333314	-0.06978344
-4.09999980	-0.06939650
-4.06666647	-0.06872638
-4.03333314	-0.06822656
-3.99999980	-0.06777023
-3.96666647	-0.06734100
-3.93333314	-0.06707025
-3.89999981	-0.06660984
-3.86666647	-0.06634539
-3.83333314	-0.06607449
-3.79999981	-0.06587658
-3.76666647	-0.06580850
-3.73333314	-0.06570899
-3.69999981	-0.06561119
-3.66666647	-0.06554976
-3.63333314	-0.06563898
-3.59999981	-0.06578284
-3.56666648	-0.06604159
-3.53333314	-0.06635416
-3.49999981	-0.06658707
-3.46666648	-0.06702765
-3.43333314	-0.06759199
-3.39999981	-0.06812479
-3.36666648	-0.06865852
-3.33333314	-0.06930686
-3.29999981	-0.06999756
-3.26666648	-0.07076326
-3.23333315	-0.07160080
-3.19999981	-0.07248127
-3.16666648	-0.07338890
-3.13333315	-0.07443010
-3.09999981	-0.07547246
-3.06666648	-0.07649243
-3.03333315	-0.07767400
-2.99999981	-0.07877161
-2.96666648	-0.08006487
-2.93333315	-0.08130251
-2.89999982	-0.08257197
-2.86666648	-0.08394649
-2.83333315	-0.08525976
-2.79999982	-0.08652211
-2.76666648	-0.08782246
-2.73333315	-0.08929172
-2.69999982	-0.09063412
-2.66666648	-0.09202530
-2.63333315	-0.09351955
-2.59999982	-0.09481887
-2.56666649	-0.09624071
-2.53333315	-0.09752661
-2.49999982	-0.09882971
-2.46666649	-0.10011809
-2.43333315	-0.10148403
-2.39999982	-0.10264831
-2.36666649	-0.10382346
-2.33333315	-0.10503221
-2.29999982	-0.10607965
-2.26666649	-0.10718513
-2.23333316	-0.10815305
-2.19999982	-0.10909092
-2.16666649	-0.11007916
-2.13333316	-0.11092369
-2.09999982	-0.11170324
-2.06666649	-0.11241239
-2.03333316	-0.11310816
-1.99999982	-0.11367509
-1.96666649	-0.11422719
-1.93333316	-0.11474959
-1.89999983	-0.11528591
-1.86666649	-0.11570080
-1.83333316	-0.11619690
-1.79999983	-0.11650146
-1.76666649	-0.11671079
-1.73333316	-0.11693315
-1.69999983	-0.11719534
-1.66666649	-0.11744608
-1.63333316	-0.11747044
-1.59999983	-0.11741175
-1.56666650	-0.11743229
-1.53333316	-0.11742900
-1.49999983	-0.11723879
-1.46666650	-0.11709590
-1.43333316	-0.11694604
-1.39999983	-0.11672895
-1.36666650	-0.11640842
-1.33333316	-0.11600713
-1.29999983	-0.11557421
-1.26666650	-0.11520332
-1.23333317	-0.11469980
-1.19999983	-0.11411990
-1.16666650	-0.11335390
-1.13333317	-0.11285163
-1.09999983	-0.11212669
-1.06666650	-0.11127888
-1.03333317	-0.11042546
-0.99999983	-0.10941593
-0.96666650	-0.10841499
-0.93333317	-0.10742068
-0.89999984	-0.10641843
-0.86666650	-0.10513292
-0.83333317	-0.10393607
-0.79999984	-0.10262616
-0.76666650	-0.10132381
-0.73333317	-0.09993981
-0.69999984	-0.09842510
-0.66666650	-0.09702584
-0.63333317	-0.09551409
-0.59999984	-0.09389254
-0.56666651	-0.09220511
-0.53333317	-0.09043542
-0.49999984	-0.08889478
-0.46666651	-0.08716217
-0.43333317	-0.08553465
-0.39999984	-0.08366805
-0.36666651	-0.08193896
-0.33333317	-0.08038984
-0.29999984	-0.07853701
-0.26666651	-0.07673289
-0.23333318	-0.07516093
-0.19999984	-0.07339687
-0.16666651	-0.07171657
-0.13333318	-0.07006596
-0.09999984	-0.06856755
-0.06666651	-0.06698860
-0.03333318	-0.06535257
0.00000016	-0.06382629
0.03333349	-0.06240853
0.06666682	-0.06097469
0.10000015	-0.05959675
0.13333349	-0.05848082
0.16666682	-0.05714821
0.20000015	-0.05589041
0.23333349	-0.05478285
0.26666682	-0.05354850
0.30000015	-0.05254105
0.33333349	-0.05175583
0.36666682	-0.05069102
0.40000015	-0.04980977
0.43333348	-0.04897827
0.46666682	-0.04809662
0.50000015	-0.04728520
0.53333348	-0.04662018
0.56666682	-0.04581054
0.60000015	-0.04517726
0.63333348	-0.04453917
0.66666681	-0.04386058
0.70000015	-0.04330030
0.73333348	-0.04267898
0.76666681	-0.04207798
0.80000015	-0.04161045
0.83333348	-0.04099421
0.86666681	-0.04044135
0.90000015	-0.03985783
0.93333348	-0.03950532
0.96666681	-0.03891776
1.00000014	-0.03842321
1.03333348	-0.03808731
1.06666681	-0.03757069
1.10000014	-0.03718668
1.13333348	-0.03675756
1.16666681	-0.03638694
1.20000014	-0.03592539
1.23333348	-0.03565056
1.26666681	-0.03533001
1.30000014	-0.03499298
1.33333347	-0.03455219
1.36666681	-0.03431067
1.40000014	-0.03404160
1.43333347	-0.03397333
1.46666681	-0.03376987
1.50000014	-0.03356010
1.53333347	-0.03337915
1.56666681	-0.03329908
1.60000014	-0.03308341
1.63333347	-0.03297755
1.66666680	-0.03289650
1.70000014	-0.03284030
1.73333347	-0.03264068
1.76666680	-0.03267587
1.80000014	-0.03258342
1.83333347	-0.03255070
1.86666680	-0.03255605
1.90000014	-0.03255764
1.93333347	-0.03257769
1.96666680	-0.03258988
2.00000013	-0.03262679
2.03333347	-0.03276573
2.06666680	-0.03266842
2.10000013	-0.03278806
2.13333347	-0.03275341
2.16666680	-0.03285085
2.20000013	-0.03289198
2.23333347	-0.03301976
2.26666680	-0.03307918
2.30000013	-0.03308677
2.33333346	-0.03311009
2.36666680	-0.03309139
2.40000013	-0.03320572
2.43333346	-0.03329487
2.46666680	-0.03335823
2.50000013	-0.03335436
2.53333346	-0.03349268
2.56666680	-0.03372952
2.60000013	-0.03360959
2.63333346	-0.03372601
2.66666679	-0.03382347
2.70000013	-0.03388508
2.73333346	-0.03391805
2.76666679	-0.03406545
2.80000013	-0.03413437
2.83333346	-0.03423835
2.86666679	-0.03435355
2.90000013	-0.03460454
2.93333346	-0.03468654
2.96666679	-0.03484712
3.00000012	-0.03515885
3.03333346	-0.03537039
3.06666679	-0.03562317
3.10000012	-0.03583685
3.13333346	-0.03625702
3.16666679	-0.03666581
3.20000012	-0.03696094
3.23333346	-0.03748498
3.26666679	-0.03794797
3.30000012	-0.03845749
3.33333345	-0.03903101
3.36666679	-0.03957800
3.40000012	-0.04022069
3.43333345	-0.04090339
3.46666679	-0.04152206
3.50000012	-0.04227882
3.53333345	-0.04298582
3.56666679	-0.04376529
3.60000012	-0.04461662
3.63333345	-0.04545615
3.66666678	-0.04647155
3.70000012	-0.04733404
3.73333345	-0.04813389
3.76666678	-0.04917084
3.80000012	-0.05003527
3.83333345	-0.05097905
3.86666678	-0.05200769
3.90000012	-0.05302275
3.93333345	-0.05397600
3.96666678	-0.05495103
4.00000011	-0.05586149
4.03333345	-0.05668843
4.06666678	-0.05773181
4.10000011	-0.05874479
4.13333345	-0.05961257
4.16666678	-0.06043393
4.20000011	-0.06120894
4.23333345	-0.06187260
4.26666678	-0.06257028
4.30000011	-0.06333657
4.33333344	-0.06387508
4.36666678	-0.06451334
4.40000011	-0.06496865
4.43333344	-0.06565416
4.46666678	-0.06592874
4.50000011	-0.06645611
4.53333344	-0.06676914
4.56666678	-0.06709403
4.60000011	-0.06728093
4.63333344	-0.06743989
4.66666677	-0.06764762
4.70000011	-0.06776466
4.73333344	-0.06795627
4.76666677	-0.06808492
4.80000011	-0.06803875
4.83333344	-0.06823545
4.86666677	-0.06825628
4.90000011	-0.06811572
4.93333344	-0.06820628
4.96666677	-0.06819342
5.00000010	-0.06815883
5.03333344	-0.06822793
5.06666677	-0.06827896
5.10000010	-0.06825543
5.13333344	-0.06830695
5.16666677	-0.06827740
5.20000010	-0.06829221
5.23333344	-0.06840728
5.26666677	-0.06845436
5.30000010	-0.06861676
5.33333343	-0.06869285
5.36666677	-0.06885694
5.40000010	-0.06901467
5.43333343	-0.06916802
5.46666677	-0.06940493
5.50000010	-0.06965828
5.53333343	-0.06988761
5.56666677	-0.07012860
5.60000010	-0.07037256
5.63333343	-0.07057948
5.66666676	-0.07086624
5.70000010	-0.07115453
5.73333343	-0.07129909
5.76666676	-0.07147105
5.80000010	-0.07175043
5.83333343	-0.07189504
5.86666676	-0.07202897
5.90000010	-0.07227005
5.93333343	-0.07233239
5.96666676	-0.07252176
6.00000009	-0.07253516
6.03333343	-0.07258662
6.06666676	-0.07266179
6.10000009	-0.07262536
6.13333343	-0.07261414
6.16666676	-0.07274869
6.20000009	-0.07271679
6.23333343	-0.07271830
6.26666676	-0.07273332
6.30000009	-0.07262391
6.33333342	-0.07258596
6.36666676	-0.07255717
6.40000009	-0.07254203
6.43333342	-0.07232668
6.46666676	-0.07237440
6.50000009	-0.07231654
6.53333342	-0.07240460
6.56666676	-0.07244627
6.60000009	-0.07234844
6.63333342	-0.07250515
6.66666675	-0.07253138
6.70000009	-0.07260972
6.73333342	-0.07268410
6.76666675	-0.07286256
6.80000009	-0.07306641
6.83333342	-0.07325702
6.86666675	-0.07340792
6.90000009	-0.07372556
6.93333342	-0.07399934
6.96666675	-0.07424121
7.00000008	-0.07462218
7.03333342	-0.07476624
7.06666675	-0.07510864
7.10000008	-0.07536228
7.13333342	-0.07566389
7.16666675	-0.07595608
7.20000008	-0.07619444
7.23333342	-0.07640566
7.26666675	-0.07679150
7.30000008	-0.07704249
7.33333341	-0.07730713
7.36666675	-0.07740352
7.40000008	-0.07745123
7.43333341	-0.07767958
7.46666675	-0.07760457
7.50000008	-0.07773190
7.53333341	-0.07776677
7.56666675	-0.07762404
7.60000008	-0.07738118
7.63333341	-0.07727939
7.66666674	-0.07719880
7.70000008	-0.07688433
7.73333341	-0.07667006
7.76666674	-0.07628819
7.80000008	-0.07589333
7.83333341	-0.07561031
7.86666674	-0.07524745
7.90000008	-0.07485068
7.93333341	-0.07433833
7.96666674	-0.07387710
8.00000007	-0.07340730
8.03333341	-0.07287413
8.06666674	-0.07236716
8.10000007	-0.07185724
8.13333341	-0.07144787
8.16666674	-0.07099413
8.20000007	-0.07049637
8.23333341	-0.07019737
8.26666674	-0.06972428
8.30000007	-0.06921595
8.33333340	-0.06884789
8.36666674	-0.06845586
8.40000007	-0.06800267
8.43333340	-0.06776780
8.46666674	-0.06749688
8.50000007	-0.06723122
8.53333340	-0.06707020
8.56666674	-0.06682564
8.60000007	-0.06652345
8.63333340	-0.06638564
8.66666673	-0.06634326
8.70000007	-0.06614384
8.73333340	-0.06606579
8.76666673	-0.06605042
8.80000007	-0.06589085
8.83333340	-0.06572769
8.86666673	-0.06571984
8.90000007	-0.06557308
8.93333340	-0.06551065
8.96666673	-0.06529380
9.00000006	-0.06530758
9.03333340	-0.06518181
9.06666673	-0.06500126
9.10000006	-0.06478135
9.13333340	-0.06457229
9.16666673	-0.06444182
9.20000006	-0.06415212
9.23333339	-0.06389801
9.26666673	-0.06365220
9.30000006	-0.06337660
9.33333339	-0.06298428
9.36666673	-0.06261693
9.40000006	-0.06217574
9.43333339	-0.06174247
9.46666673	-0.06128114
9.50000006	-0.06086298
9.53333339	-0.06039671
9.56666672	-0.05988442
9.60000006	-0.05931314
9.63333339	-0.05879703
9.66666672	-0.05826158
9.70000006	-0.05769660
9.73333339	-0.05714974
9.76666672	-0.05648539
9.80000006	-0.05598235
9.83333339	-0.05535411
9.86666672	-0.05479991
9.90000005	-0.05423233
9.93333339	-0.05364207
9.96666672	-0.05310123
10.00000005	-0.05256596
10.03333339	-0.05194098
10.06666672	-0.05131048
10.10000005	-0.05085215
10.13333339	-0.05029993
10.16666672	-0.04975516
10.20000005	-0.04930433
10.23333338	-0.04871015
10.26666672	-0.04822300
10.30000005	-0.04770255
10.33333338	-0.04714997
10.36666672	-0.04667578
10.40000005	-0.04611557
10.43333338	-0.04572007
10.46666672	-0.04516530
10.50000005	-0.04471096
10.53333338	-0.04424013
10.56666671	-0.04378950
10.60000005	-0.04328454
10.63333338	-0.04278573
10.66666671	-0.04229366
10.70000005	-0.04192653
10.73333338	-0.04142978
10.76666671	-0.04097493
10.80000005	-0.04053219
10.83333338	-0.04007399
10.86666671	-0.03954649
10.90000004	-0.03908387
10.93333338	-0.03857966
10.96666671	-0.03813348
11.00000004	-0.03765613
11.03333338	-0.03712288
11.06666671	-0.03659408
11.10000004	-0.03612156
11.13333338	-0.03561634
11.16666671	-0.03510875
11.20000004	-0.03461980
11.23333337	-0.03409106
11.26666671	-0.03359394
11.30000004	-0.03306869
11.33333337	-0.03253157
11.36666671	-0.03204249
11.40000004	-0.03154599
11.43333337	-0.03100000
11.46666671	-0.03053107
11.50000004	-0.03002520
11.53333337	-0.02954015
11.56666670	-0.02901148
11.60000004	-0.02853419
11.63333337	-0.02801187
11.66666670	-0.02756129
11.70000004	-0.02701758
11.73333337	-0.02655518
11.76666670	-0.02611197
11.80000004	-0.02562674
11.83333337	-0.02516572
11.86666670	-0.02472593
11.90000003	-0.02423057
11.93333337	-0.02378697
11.96666670	-0.02332429
12.00000003	-0.02287449
12.03333337	-0.02244316
12.06666670	-0.02199129
12.10000003	-0.02156685
12.13333337	-0.02113035
12.16666670	-0.02070806
12.20000003	-0.02027307
12.23333336	-0.01986212
12.26666670	-0.01944209
12.30000003	-0.01901697
12.33333336	-0.01859827
12.36666670	-0.01817002
12.40000003	-0.01775841
12.43333336	-0.01735519
12.46666670	-0.01696644
12.50000003	-0.01654362
12.53333336	-0.01612890
12.56666669	-0.01572287
12.60000003	-0.01533357
12.63333336	-0.01493495
12.66666669	-0.01455118
12.70000003	-0.01415857
12.73333336	-0.01379276
12.76666669	-0.01342431
12.80000003	-0.01304781
12.83333336	-0.01267653
12.86666669	-0.01231938
12.90000002	-0.01195180
12.93333336	-0.01160509
12.96666669	-0.01124741
13.00000002	-0.01089497
13.03333336	-0.01056461
13.06666669	-0.01022181
13.10000002	-0.00989527
13.13333336	-0.00954903
13.16666669	-0.00923778
13.20000002	-0.00889887
13.23333335	-0.00858888
13.26666669	-0.00825105
13.30000002	-0.00794904
13.33333335	-0.00764816
13.36666669	-0.00733385
13.40000002	-0.00703899
13.43333335	-0.00674492
13.46666669	-0.00646135
13.50000002	-0.00617497
13.53333335	-0.00588576
13.56666668	-0.00560951
13.60000002	-0.00534051
13.63333335	-0.00508056
13.66666668	-0.00481634
13.70000002	-0.00455648
13.73333335	-0.00431108
13.76666668	-0.00406463
13.80000002	-0.00382702
13.83333335	-0.00359183
13.86666668	-0.00337183
13.90000001	-0.00314983
13.93333335	-0.00294219
13.96666668	-0.00274056
14.00000001	-0.00254081
14.03333335	-0.00235041
14.06666668	-0.00217407
14.10000001	-0.00200042
14.13333335	-0.00183421
14.16666668	-0.00167737
14.20000001	-0.00152528
14.23333334	-0.00138375
14.26666668	-0.00124802
14.30000001	-0.00111871
14.33333334	-0.00099744
14.36666668	-0.00088302
14.40000001	-0.00077660
14.43333334	-0.00067597
14.46666668	-0.00058277
14.50000001	-0.00049652
14.53333334	-0.00041757
14.56666667	-0.00034557
14.60000001	-0.00027988
14.63333334	-0.00022145
14.66666667	-0.00016965
14.70000001	-0.00012477
14.73333334	-0.00008671
14.76666667	-0.00005557
14.80000001	-0.00003136
14.83333334	-0.00001397
14.86666667	-0.00000350
14.90000000	0.00000000
