# Menlo Systems GmbH ScanControl
# Program Version 1.3.3
# Start: -65.00000000 ps, Average over 1000 waveforms. Timestamp: 2020-01-11T13:53:31
# Window type: Tukey, parameters: alpha = 0.2
# User time axis shift: 0 ps
# Frequency [THz]	THz Signal [a.u.]
0.00000000	-36.52693411
0.00732601	-22.51763060
0.01465201	-17.37419413
0.02197802	-17.61340584
0.02930403	-25.81365456
0.03663004	-25.65847297
0.04395604	-17.72726941
0.05128205	-13.00319974
0.05860806	-14.16770591
0.06593407	-15.13607368
0.07326007	-9.57291418
0.08058608	-12.78535262
0.08791209	-16.24272964
0.09523810	-6.18768070
0.10256410	-5.89047408
0.10989011	-11.97792100
0.11721612	-6.96705160
0.12454213	-4.42352440
0.13186813	-8.32070421
0.13919414	-7.58014794
0.14652015	-3.28955256
0.15384616	-3.89947915
0.16117216	-4.34695883
0.16849817	-1.85926256
0.17582418	-2.47789996
0.18315018	-5.79703581
0.19047619	-2.87111530
0.19780220	-0.62826317
0.20512821	-1.20874759
0.21245421	-1.64235620
0.21978022	-0.66254965
0.22710623	-0.82293107
0.23443224	-1.94745819
0.24175824	-1.51229118
0.24908425	-0.25463335
0.25641026	0.00000000
0.26373627	-0.35015172
0.27106227	-0.32352186
0.27838828	-0.66553082
0.28571429	-1.83300391
0.29304030	-1.70123736
0.30036630	-0.56384081
0.30769231	-0.52042554
0.31501832	-0.89719427
0.32234432	-0.60181561
0.32967033	-0.91328435
0.33699634	-2.20854773
0.34432235	-2.34687231
0.35164835	-1.61751991
0.35897436	-1.46853208
0.36630037	-1.38065151
0.37362638	-1.52797656
0.38095238	-2.11634706
0.38827839	-2.42651422
0.39560440	-2.67791904
0.40293041	-2.93335762
0.41025641	-2.68525036
0.41758242	-2.60536413
0.42490843	-2.96480069
0.43223444	-3.42425484
0.43956044	-3.98955155
0.44688645	-4.28536870
0.45421246	-4.19316897
0.46153847	-4.26004595
0.46886447	-4.44989823
0.47619048	-4.63630349
0.48351649	-4.90774104
0.49084249	-5.35746530
0.49816850	-5.87566735
0.50549451	-5.84917348
0.51282052	-5.73385911
0.52014652	-6.21396859
0.52747253	-6.68963254
0.53479854	-6.94050070
0.54212455	-7.37670716
0.54945055	-8.16140497
0.55677656	-9.18937552
0.56410257	-8.96106566
0.57142858	-8.29930171
0.57875458	-8.84835686
0.58608059	-9.36574172
0.59340660	-9.31652444
0.60073261	-9.86955136
0.60805861	-10.15701216
0.61538462	-10.23711777
0.62271063	-10.92182006
0.63003664	-11.20346129
0.63736264	-11.45867430
0.64468865	-12.27889830
0.65201466	-12.67718789
0.65934066	-13.08887089
0.66666667	-13.77437419
0.67399268	-14.14942380
0.68131869	-14.75763693
0.68864469	-15.36860859
0.69597070	-15.82836773
0.70329671	-16.66287848
0.71062272	-17.18666440
0.71794872	-17.57373823
0.72527473	-18.35892649
0.73260074	-18.80180405
0.73992675	-19.38127781
0.74725275	-20.62571014
0.75457876	-21.38018765
0.76190477	-21.46899048
0.76923078	-21.82370897
0.77655678	-22.49377112
0.78388279	-23.17754518
0.79120880	-23.73767222
0.79853480	-24.37902186
0.80586081	-25.17118727
0.81318682	-25.82024330
0.82051283	-26.37898615
0.82783883	-26.97915125
0.83516484	-27.51744762
0.84249085	-28.19146313
0.84981686	-28.96780966
0.85714286	-29.61954592
0.86446887	-30.29489230
0.87179488	-30.88630664
0.87912089	-31.40350078
0.88644689	-31.97629551
0.89377290	-32.65782170
0.90109891	-33.76205127
0.90842492	-34.58300873
0.91575092	-34.84411831
0.92307693	-35.53130953
0.93040294	-36.15689836
0.93772895	-36.73221016
0.94505495	-37.70715280
0.95238096	-38.37464385
0.95970697	-39.12288920
0.96703297	-39.88816286
0.97435898	-40.48952305
0.98168499	-41.92776236
0.98901100	-42.99528450
0.99633700	-43.09871026
1.00366301	-44.18199252
1.01098902	-45.77720059
1.01831503	-46.04512603
1.02564103	-46.08895867
1.03296704	-47.09699426
1.04029305	-47.84453681
1.04761906	-48.29960792
1.05494506	-49.88439285
1.06227107	-50.93487537
1.06959708	-51.50420262
1.07692309	-52.74087037
1.08424909	-53.42065299
1.09157510	-55.55276303
1.09890111	-58.01420947
1.10622712	-56.18687629
1.11355312	-57.63193492
1.12087913	-58.29449807
1.12820514	-56.62086594
1.13553114	-59.50859085
1.14285715	-61.25875492
1.15018316	-60.75800508
1.15750917	-64.90922512
1.16483517	-65.54265001
1.17216118	-62.17075242
1.17948719	-63.30320590
1.18681320	-60.60968608
1.19413920	-59.92948997
1.20146521	-66.31398605
1.20879122	-66.92572249
1.21611723	-63.75870703
1.22344323	-68.86023292
1.23076924	-71.57147941
1.23809525	-67.88167877
1.24542126	-72.45505753
1.25274726	-71.75138728
1.26007327	-68.43694666
1.26739928	-68.48855645
1.27472529	-67.44330629
1.28205129	-69.11860597
1.28937730	-71.97656703
1.29670331	-67.96509289
1.30402931	-75.49044536
1.31135532	-81.36767434
1.31868133	-93.88854473
1.32600734	-75.63165216
1.33333334	-75.33970347
1.34065935	-76.43055796
1.34798536	-72.90086631
1.35531137	-69.23044146
1.36263737	-69.86451466
1.36996338	-71.33563421
1.37728939	-83.32602606
1.38461540	-70.86621434
1.39194140	-74.97453857
1.39926741	-75.92399806
1.40659342	-76.59529796
1.41391943	-77.45929158
1.42124543	-77.49283953
1.42857144	-70.50951335
1.43589745	-73.12641782
1.44322345	-73.25175245
1.45054946	-79.30280803
1.45787547	-81.45717752
1.46520148	-81.63136331
1.47252748	-83.04723347
1.47985349	-71.29625421
1.48717950	-69.51858309
1.49450551	-74.73715911
1.50183151	-79.75523644
1.50915752	-72.03955561
1.51648353	-80.43486858
1.52380954	-77.21599798
1.53113554	-73.62391151
1.53846155	-75.37440194
1.54578756	-82.92662412
1.55311357	-73.87156311
1.56043957	-70.04588942
1.56776558	-70.31729113
1.57509159	-76.24202338
1.58241760	-76.28648013
1.58974360	-80.24420246
1.59706961	-82.62100045
1.60439562	-78.68786342
1.61172162	-80.93274540
1.61904763	-74.46322643
1.62637364	-74.77644977
1.63369965	-82.74861373
1.64102565	-84.77224332
1.64835166	-81.20148279
1.65567767	-90.33632582
1.66300368	-76.00816922
1.67032968	-75.40871667
1.67765569	-82.37371647
1.68498170	-82.08366904
1.69230771	-81.14909986
1.69963371	-83.83090176
1.70695972	-95.18102577
1.71428573	-79.91109058
1.72161174	-77.73791882
1.72893774	-83.66522645
1.73626375	-93.00060432
1.74358976	-84.58651648
1.75091577	-83.44129262
1.75824177	-87.52251344
1.76556778	-89.57513067
1.77289379	-78.59363376
1.78021979	-78.45371332
1.78754580	-92.61894652
1.79487181	-82.95229833
1.80219782	-80.31056557
1.80952382	-81.42795920
1.81684983	-77.50356256
1.82417584	-80.76352656
1.83150185	-81.14953392
1.83882785	-81.72762802
1.84615386	-79.21779490
1.85347987	-76.21954629
1.86080588	-80.10556046
1.86813188	-71.97704734
1.87545789	-80.52138744
1.88278390	-77.97036344
1.89010991	-78.18144496
1.89743591	-84.36548443
1.90476192	-87.34410534
1.91208793	-78.62377107
1.91941393	-82.60227720
1.92673994	-86.83452509
1.93406595	-78.60088600
1.94139196	-74.20728717
1.94871796	-80.61957731
1.95604397	-77.45131520
1.96336998	-80.50881340
1.97069599	-96.37878608
1.97802199	-83.84433369
1.98534800	-85.39647706
1.99267401	-88.99537937
2.00000002	-77.95590231
2.00732602	-78.52973789
2.01465203	-90.16383649
2.02197804	-83.93892701
2.02930405	-90.13508814
2.03663005	-77.29578433
2.04395606	-81.47877195
2.05128207	-84.64270519
2.05860808	-83.51168105
2.06593408	-75.56397041
2.07326009	-75.73137734
2.08058610	-86.27530340
2.08791210	-81.10048251
2.09523811	-78.42596938
2.10256412	-77.58973635
2.10989013	-82.82927044
2.11721613	-75.68797514
2.12454214	-72.89400077
2.13186815	-75.14650432
2.13919416	-90.07445470
2.14652016	-77.38011065
2.15384617	-80.87858029
2.16117218	-82.15979844
2.16849819	-80.34796205
2.17582419	-93.36785672
2.18315020	-86.30032743
2.19047621	-83.36111478
2.19780222	-77.23892610
2.20512822	-79.01804631
2.21245423	-76.11153370
2.21978024	-77.72923774
2.22710625	-84.37631278
2.23443225	-71.96414440
2.24175826	-70.88444883
2.24908427	-75.58180231
2.25641027	-85.30482194
2.26373628	-80.50288502
2.27106229	-77.47892373
2.27838830	-78.87923064
2.28571430	-83.82974738
2.29304031	-95.91751461
2.30036632	-88.25591021
2.30769233	-88.54646944
2.31501833	-82.24779003
2.32234434	-83.14345597
2.32967035	-76.02398827
2.33699636	-74.89429424
2.34432236	-84.19892092
2.35164837	-81.52624668
2.35897438	-81.08695259
2.36630039	-88.84616117
2.37362639	-78.60167387
2.38095240	-79.78212195
2.38827841	-83.09475788
2.39560441	-87.33026589
2.40293042	-79.51025547
2.41025643	-79.57913449
2.41758244	-91.46668988
2.42490844	-77.41904592
2.43223445	-84.25503928
2.43956046	-78.79906304
2.44688647	-76.37377749
2.45421247	-82.67382346
2.46153848	-76.98583490
2.46886449	-83.73321327
2.47619050	-79.77244353
2.48351650	-77.66500762
2.49084251	-81.59662417
2.49816852	-85.12540896
2.50549453	-80.33669015
2.51282053	-78.48842085
2.52014654	-74.28586278
2.52747255	-74.04473082
2.53479856	-77.82985685
2.54212456	-84.08908114
2.54945057	-82.18618932
2.55677658	-87.85934177
2.56410258	-82.74013256
2.57142859	-77.59492669
2.57875460	-85.92681940
2.58608061	-77.99575431
2.59340661	-75.85493579
2.60073262	-76.57527230
2.60805863	-74.07376754
2.61538464	-77.12323189
2.62271064	-79.84411441
2.63003665	-83.40842278
2.63736266	-88.06985622
2.64468867	-89.84743197
2.65201467	-81.23772058
2.65934068	-78.09012901
2.66666669	-80.01218986
2.67399270	-82.52236277
2.68131870	-81.83786730
2.68864471	-77.90362567
2.69597072	-79.12679000
2.70329673	-86.18603130
2.71062273	-77.91267992
2.71794874	-76.61116062
2.72527475	-89.07822871
2.73260075	-77.58415163
2.73992676	-80.49123366
2.74725277	-78.90798174
2.75457878	-76.99449646
2.76190478	-78.48996811
2.76923079	-82.77305124
2.77655680	-81.21101172
2.78388281	-79.88547534
2.79120881	-84.50830223
2.79853482	-87.94152414
2.80586083	-79.70448962
2.81318684	-75.29799890
2.82051284	-76.58873689
2.82783885	-87.11323325
2.83516486	-81.90064661
2.84249087	-80.41743911
2.84981687	-82.69682231
2.85714288	-77.82620594
2.86446889	-77.77559325
2.87179489	-81.37225956
2.87912090	-85.31609334
2.88644691	-79.65329774
2.89377292	-76.06019377
2.90109892	-79.03459796
2.90842493	-91.74261671
2.91575094	-83.32880055
2.92307695	-83.88464635
2.93040295	-80.15202669
2.93772896	-95.61067340
2.94505497	-82.07198344
2.95238098	-82.26798136
2.95970698	-80.82625607
2.96703299	-76.91769080
2.97435900	-78.11602176
2.98168501	-78.08755302
2.98901101	-78.08042485
2.99633702	-83.04585871
3.00366303	-94.03086521
3.01098904	-88.99822863
3.01831504	-94.17605614
3.02564105	-79.65150579
3.03296706	-78.13368522
3.04029306	-85.33027662
3.04761907	-94.49334807
3.05494508	-81.07698972
3.06227109	-82.97274294
3.06959709	-79.48126484
3.07692310	-73.55181402
3.08424911	-76.60841908
3.09157512	-83.45245336
3.09890112	-78.90660522
3.10622713	-79.86944049
3.11355314	-77.47885809
3.12087915	-80.74917308
3.12820515	-80.38795809
3.13553116	-77.34569510
3.14285717	-85.00048725
3.15018318	-78.97964999
3.15750918	-78.14624115
3.16483519	-78.24951646
3.17216120	-82.94463638
3.17948721	-84.22025449
3.18681321	-80.99937360
3.19413922	-79.64811871
3.20146523	-82.31638957
3.20879123	-80.96376432
3.21611724	-75.57440013
3.22344325	-79.30308241
3.23076926	-78.76817938
3.23809526	-72.55744504
3.24542127	-75.56247961
3.25274728	-78.86353077
3.26007329	-86.40153676
3.26739929	-78.37832628
3.27472530	-74.47200690
3.28205131	-77.86969388
3.28937732	-76.97859623
3.29670332	-76.65097692
3.30402933	-85.74670560
3.31135534	-84.71563922
3.31868135	-79.25358895
3.32600735	-72.91921242
3.33333336	-75.21314710
3.34065937	-80.25065956
3.34798537	-79.07173934
3.35531138	-85.51315167
3.36263739	-80.14758663
3.36996340	-89.83958358
3.37728940	-75.88210118
3.38461541	-72.30385686
3.39194142	-74.16155406
3.39926743	-80.21059696
3.40659343	-83.19653810
3.41391944	-88.57638991
3.42124545	-81.14698480
3.42857146	-83.47438303
3.43589746	-93.40527465
3.44322347	-78.04215553
3.45054948	-73.51879516
3.45787549	-73.73780268
3.46520149	-81.73349615
3.47252750	-76.62591414
3.47985351	-75.32744168
3.48717952	-83.68701430
3.49450552	-85.25855841
3.50183153	-77.91504058
3.50915754	-75.69455049
3.51648354	-79.91796424
3.52380955	-80.19299336
3.53113556	-79.84513684
3.53846157	-87.44578309
3.54578757	-77.11367252
3.55311358	-79.19053673
3.56043959	-95.74131912
3.56776560	-84.52678505
3.57509160	-80.39606140
3.58241761	-77.68550726
3.58974362	-77.90435098
3.59706963	-90.08664779
3.60439563	-79.94840649
3.61172164	-77.53733357
3.61904765	-79.71086720
3.62637366	-83.17173277
3.63369966	-88.15032523
3.64102567	-80.43330355
3.64835168	-83.89301476
3.65567769	-90.69192338
3.66300369	-80.05174134
3.67032970	-79.33648654
3.67765571	-87.91896072
3.68498171	-78.22741213
3.69230772	-87.36552653
3.69963373	-79.57601527
3.70695974	-80.29851113
3.71428574	-85.55966676
3.72161175	-77.78275407
3.72893776	-79.39521553
3.73626377	-85.04458805
3.74358977	-76.04172141
3.75091578	-73.42088455
3.75824179	-81.34568781
3.76556780	-83.86351267
3.77289380	-84.11860626
3.78021981	-82.81766709
3.78754582	-84.30800123
3.79487183	-79.55622510
3.80219783	-75.16623936
3.80952384	-78.50966888
3.81684985	-91.49366039
3.82417586	-79.60178500
3.83150186	-78.41906592
3.83882787	-82.73675301
3.84615388	-82.35002926
3.85347988	-80.10216527
3.86080589	-80.92337743
3.86813190	-79.77579112
3.87545791	-76.66840790
3.88278391	-82.68393434
3.89010992	-81.52871780
3.89743593	-79.83510752
3.90476194	-84.87832178
3.91208794	-85.30949813
3.91941395	-83.88932914
3.92673996	-73.40429917
3.93406597	-73.38607559
3.94139197	-85.01846448
3.94871798	-77.26004080
3.95604399	-76.72894588
3.96337000	-83.72662527
3.97069600	-96.63197195
3.97802201	-82.38961804
3.98534802	-77.78769282
3.99267402	-76.31793388
4.00000003	-75.81434886
4.00732604	-75.22464044
4.01465205	-77.61330177
4.02197805	-86.17071574
4.02930406	-80.76982205
4.03663007	-87.69730919
4.04395608	-77.98878253
4.05128208	-75.30227207
4.05860809	-80.69146342
4.06593410	-74.84629611
4.07326011	-74.40200433
4.08058611	-77.38114324
4.08791212	-76.54786168
4.09523813	-87.29502702
4.10256414	-78.39619341
4.10989014	-76.82843824
4.11721615	-82.73670788
4.12454216	-97.92641643
4.13186817	-90.36716237
4.13919417	-81.93237930
4.14652018	-78.50963403
4.15384619	-79.09827588
4.16117219	-77.74949258
4.16849820	-75.64654253
4.17582421	-78.43670196
4.18315022	-86.44404112
4.19047622	-81.26309200
4.19780223	-75.75816373
4.20512824	-76.07229492
4.21245425	-88.91940004
4.21978025	-79.83621380
4.22710626	-76.47062164
4.23443227	-77.55837085
4.24175828	-81.26820768
4.24908428	-84.87242147
4.25641029	-84.51400367
4.26373630	-90.03449530
4.27106231	-80.25248598
4.27838831	-75.37983358
4.28571432	-78.38061509
4.29304033	-85.48728047
4.30036634	-80.10076894
4.30769234	-76.26097396
4.31501835	-80.22593138
4.32234436	-80.27015997
4.32967036	-80.93625133
4.33699637	-86.49748465
4.34432238	-87.77874491
4.35164839	-95.99695699
4.35897439	-78.67632353
4.36630040	-76.21699401
4.37362641	-81.32398479
4.38095242	-84.56315612
4.38827842	-93.00148074
4.39560443	-83.11972308
4.40293044	-85.04069795
4.41025645	-86.13045512
4.41758245	-76.59985709
4.42490846	-76.82958693
4.43223447	-84.77968749
4.43956048	-76.31362348
4.44688648	-72.83895460
4.45421249	-78.31242660
4.46153850	-79.53869125
4.46886450	-79.10816925
4.47619051	-75.55235200
4.48351652	-75.83229095
4.49084253	-84.36989704
4.49816853	-86.98260829
4.50549454	-98.27286615
4.51282055	-85.42791573
4.52014656	-79.26083563
4.52747256	-82.20327601
4.53479857	-77.18216168
4.54212458	-77.27729493
4.54945059	-84.80109639
4.55677659	-89.44144500
4.56410260	-93.10443708
4.57142861	-84.12426158
4.57875462	-76.28828764
4.58608062	-76.35582541
4.59340663	-80.75619926
4.60073264	-85.54083965
4.60805865	-89.85847111
4.61538465	-88.20301323
4.62271066	-87.39220530
4.63003667	-91.34153318
4.63736267	-84.62349456
4.64468868	-83.42525925
4.65201469	-82.15774663
4.65934070	-84.63007686
4.66666670	-88.68353912
4.67399271	-75.65499383
4.68131872	-73.95025655
4.68864473	-78.92154753
4.69597073	-89.99697484
4.70329674	-84.90686279
4.71062275	-78.27256305
4.71794876	-81.35688423
4.72527476	-83.71223100
4.73260077	-87.05842048
4.73992678	-85.00489839
4.74725279	-86.67773402
4.75457879	-77.71452430
4.76190480	-74.79983291
4.76923081	-78.88420067
4.77655682	-82.18919391
4.78388282	-78.78651900
4.79120883	-78.79744968
4.79853484	-76.75716199
4.80586084	-78.20786765
4.81318685	-84.49010632
4.82051286	-86.04043923
4.82783887	-86.95949525
4.83516487	-85.91143330
4.84249088	-81.58744126
4.84981689	-80.75577971
4.85714290	-83.89380369
4.86446890	-87.67839522
4.87179491	-84.14010920
4.87912092	-82.66917528
4.88644693	-81.77336377
4.89377293	-80.69674289
4.90109894	-77.89171552
4.90842495	-81.57307592
4.91575096	-81.80268795
4.92307696	-81.67777009
4.93040297	-93.57381888
4.93772898	-87.83678416
4.94505498	-81.53939316
4.95238099	-82.05890306
4.95970700	-83.66940144
4.96703301	-82.50880098
4.97435901	-93.21779720
4.98168502	-82.26669058
4.98901103	-87.65957687
4.99633704	-84.09664961
5.00366304	-84.80628685
5.01098905	-82.64096908
5.01831506	-80.16252165
5.02564107	-82.68360234
5.03296707	-84.63103521
5.04029308	-77.95630546
5.04761909	-86.17677480
5.05494510	-79.63740826
5.06227110	-77.34884331
5.06959711	-79.60959940
5.07692312	-76.42909475
5.08424913	-79.43690896
5.09157513	-80.75188254
5.09890114	-79.32230018
5.10622715	-77.12450913
5.11355315	-81.05800745
5.12087916	-78.78826330
5.12820517	-77.97735888
5.13553118	-88.37236810
5.14285718	-77.46593775
5.15018319	-76.81207774
5.15750920	-77.78353139
5.16483521	-85.25897764
5.17216121	-91.60018887
5.17948722	-91.83610653
5.18681323	-83.32323985
5.19413924	-80.90140829
5.20146524	-74.81788455
5.20879125	-77.51127720
5.21611726	-98.91298522
5.22344327	-82.72346488
5.23076927	-83.04069183
5.23809528	-90.33974926
5.24542129	-82.15520061
5.25274730	-76.89528890
5.26007330	-76.75266075
5.26739931	-80.04967218
5.27472532	-81.88907568
5.28205132	-76.52952578
5.28937733	-77.60119829
5.29670334	-86.71891359
5.30402935	-87.64558337
5.31135535	-81.10179950
5.31868136	-82.14795078
5.32600737	-83.47295374
5.33333338	-94.04020197
5.34065938	-80.97700093
5.34798539	-80.90551501
5.35531140	-88.56191665
5.36263741	-89.05682963
5.36996341	-83.25030319
5.37728942	-81.77931159
5.38461543	-83.43975269
5.39194144	-79.42355772
5.39926744	-82.98385935
5.40659345	-88.96951930
5.41391946	-94.55637208
5.42124546	-90.73265990
5.42857147	-86.31950285
5.43589748	-75.44636641
5.44322349	-70.56184692
5.45054949	-71.63651640
5.45787550	-76.56155988
5.46520151	-82.25198745
5.47252752	-82.90339777
5.47985352	-76.32812591
5.48717953	-82.95414864
5.49450554	-78.72805318
5.50183155	-77.42879314
5.50915755	-82.22337666
5.51648356	-84.97630131
5.52380957	-81.62458631
5.53113558	-80.66476322
5.53846158	-82.75839584
5.54578759	-80.90305744
5.55311360	-74.46244913
5.56043961	-73.66166617
5.56776561	-81.24164406
5.57509162	-82.23998984
5.58241763	-82.10786906
5.58974363	-77.26217887
5.59706964	-80.14475085
5.60439565	-89.51189887
5.61172166	-81.95787257
5.61904766	-75.73914976
5.62637367	-74.35541098
5.63369968	-74.23852212
5.64102569	-71.92882262
5.64835169	-76.81229417
5.65567770	-102.43494587
5.66300371	-83.63199505
5.67032972	-79.90668798
5.67765572	-85.75771746
5.68498173	-81.06612853
5.69230774	-81.06658844
5.69963375	-106.57163939
5.70695975	-86.64605838
5.71428576	-102.62676854
5.72161177	-88.91156862
5.72893778	-93.07136049
5.73626378	-88.73199154
5.74358979	-80.21567743
5.75091580	-84.06920194
5.75824180	-79.03585649
5.76556781	-73.90421657
5.77289382	-82.95327526
5.78021983	-79.11689278
5.78754583	-80.47331051
5.79487184	-78.00425822
5.80219785	-76.42346353
5.80952386	-86.45276717
5.81684986	-80.50464675
5.82417587	-87.02868753
5.83150188	-85.55417076
5.83882789	-84.73657849
5.84615389	-82.46646077
5.85347990	-90.29079885
5.86080591	-78.14241963
5.86813192	-81.51402433
5.87545792	-109.36840871
5.88278393	-82.27397282
5.89010994	-78.20661368
5.89743594	-84.19963644
5.90476195	-91.13726652
5.91208796	-92.88938212
5.91941397	-96.90133362
5.92673997	-82.51315167
5.93406598	-78.86938126
5.94139199	-85.94854953
5.94871800	-80.98456134
5.95604400	-86.29894706
5.96337001	-87.81518124
5.97069602	-89.97349494
5.97802203	-97.82357714
5.98534803	-91.53567116
5.99267404	-83.90218148
6.00000005	-78.56723577
6.00732606	-78.12577354
6.01465206	-87.04911695
6.02197807	-88.03485827
6.02930408	-93.85873459
6.03663009	-86.77589628
6.04395609	-85.17580912
6.05128210	-94.12648379
6.05860811	-79.52113636
6.06593411	-76.21809518
6.07326012	-78.24471601
6.08058613	-93.08122970
6.08791214	-83.14335184
6.09523814	-77.24424027
6.10256415	-73.90018263
6.10989016	-75.30809674
6.11721617	-80.27933188
6.12454217	-81.74129953
6.13186818	-89.67355995
6.13919419	-76.94817650
6.14652020	-77.93499837
6.15384620	-80.96545865
6.16117221	-80.38701717
6.16849822	-81.35686781
6.17582423	-90.27751028
6.18315023	-74.83748824
6.19047624	-76.57560652
6.19780225	-84.06773706
6.20512826	-77.39594332
6.21245426	-83.91506803
6.21978027	-78.62808928
6.22710628	-77.43438851
6.23443228	-82.25721954
6.24175829	-87.41359720
6.24908430	-81.16945773
6.25641031	-80.01623531
6.26373631	-98.48625780
6.27106232	-80.74552012
6.27838833	-85.25133519
6.28571434	-84.18669571
6.29304034	-96.33850939
6.30036635	-86.76210485
6.30769236	-81.60804253
6.31501837	-77.93142523
6.32234437	-81.92310735
6.32967038	-79.58441917
6.33699639	-82.71033501
6.34432240	-87.49676175
6.35164840	-84.12658093
6.35897441	-83.05122335
6.36630042	-81.79657355
6.37362643	-79.42356969
6.38095243	-85.59965137
6.38827844	-87.51927678
6.39560445	-82.47160061
6.40293045	-81.48462868
6.41025646	-85.96693875
6.41758247	-86.64825346
6.42490848	-78.37025007
6.43223448	-74.64538089
6.43956049	-76.98143994
6.44688650	-82.67481286
6.45421251	-78.18201593
6.46153851	-77.76890434
6.46886452	-86.54037832
6.47619053	-86.84058471
6.48351654	-87.27203494
6.49084254	-84.18184921
6.49816855	-88.44414322
6.50549456	-82.99218477
6.51282057	-78.40204297
6.52014657	-75.38065211
6.52747258	-80.20731293
6.53479859	-86.89471056
6.54212459	-85.06783228
6.54945060	-84.83317033
6.55677661	-82.54124898
6.56410262	-83.87969993
6.57142862	-93.23151475
6.57875463	-86.87609971
6.58608064	-81.33514727
6.59340665	-77.42322224
6.60073265	-74.95602896
6.60805866	-74.92759185
6.61538467	-81.37388124
6.62271068	-81.91951149
6.63003668	-76.65184053
6.63736269	-82.75086001
6.64468870	-79.59368438
6.65201471	-83.90152446
6.65934071	-88.38315201
6.66666672	-85.56735814
6.67399273	-83.79069150
6.68131874	-85.18572913
6.68864474	-88.94209609
6.69597075	-80.92973688
6.70329676	-79.82348702
6.71062276	-83.46135704
6.71794877	-90.48049873
6.72527478	-89.37403810
6.73260079	-82.40243871
6.73992679	-78.74498506
6.74725280	-80.43063873
6.75457881	-92.58256297
6.76190482	-83.75222579
6.76923082	-80.36780308
6.77655683	-80.29320034
6.78388284	-83.76077611
6.79120885	-87.33693998
6.79853485	-82.56913698
6.80586086	-75.13611663
6.81318687	-78.93881159
6.82051288	-84.44890360
6.82783888	-78.64622337
6.83516489	-77.63800583
6.84249090	-74.07398205
6.84981691	-75.01209330
6.85714291	-76.62945959
6.86446892	-74.66208194
6.87179493	-77.82763430
6.87912093	-92.04899721
6.88644694	-78.93919498
6.89377295	-81.14555421
6.90109896	-84.48237166
6.90842496	-81.44020376
6.91575097	-78.60654587
6.92307698	-82.55086362
6.93040299	-101.29013426
6.93772899	-84.25190627
6.94505500	-84.79848494
6.95238101	-83.81549613
6.95970702	-81.16177398
6.96703302	-92.00254526
6.97435903	-80.93850704
6.98168504	-82.72225787
6.98901105	-89.86392327
6.99633705	-93.48178131
7.00366306	-81.08459668
7.01098907	-81.64323655
7.01831507	-94.14664464
7.02564108	-79.09947098
7.03296709	-76.45802107
7.04029310	-80.86392484
7.04761910	-93.32539113
7.05494511	-82.79987726
7.06227112	-75.99693312
7.06959713	-76.34717018
7.07692313	-81.91340992
7.08424914	-80.63472130
7.09157515	-76.88596679
7.09890116	-77.70458163
7.10622716	-84.51147036
7.11355317	-97.07041445
7.12087918	-87.92610854
7.12820519	-79.03967826
7.13553119	-74.54532263
7.14285720	-75.32535507
7.15018321	-75.71707189
7.15750922	-75.58747069
7.16483522	-78.90663878
7.17216123	-76.48900929
7.17948724	-76.68878440
7.18681324	-80.84625138
7.19413925	-84.55067731
7.20146526	-86.64693995
7.20879127	-96.93217769
7.21611727	-83.83838467
7.22344328	-84.80224652
7.23076929	-81.52631789
7.23809530	-79.00240907
7.24542130	-81.56006002
7.25274731	-80.09519558
7.26007332	-76.47328440
7.26739933	-80.37749987
7.27472533	-86.08174550
7.28205134	-84.68502412
7.28937735	-86.48517078
7.29670336	-79.06717842
7.30402936	-89.73617430
7.31135537	-79.06641545
7.31868138	-75.38430404
7.32600739	-79.90000964
7.33333339	-102.55318864
7.34065940	-85.25243031
7.34798541	-80.89018215
7.35531141	-86.15091116
7.36263742	-85.13475961
7.36996343	-81.28461998
7.37728944	-77.03921242
7.38461544	-77.19048088
7.39194145	-79.22043774
7.39926746	-81.33754074
7.40659347	-92.78494597
7.41391947	-84.07303430
7.42124548	-95.91157347
7.42857149	-89.17022090
7.43589750	-91.22199121
7.44322350	-81.05366332
7.45054951	-78.02645289
7.45787552	-76.07396138
7.46520153	-78.99569421
7.47252753	-82.67098195
7.47985354	-79.01413705
7.48717955	-83.09700222
7.49450555	-88.30415928
7.50183156	-81.23532999
7.50915757	-82.24360909
7.51648358	-85.81301465
7.52380958	-79.59187462
7.53113559	-81.96142218
7.53846160	-77.73054452
7.54578761	-84.46264622
7.55311361	-88.52279365
7.56043962	-90.61214577
7.56776563	-89.67458646
7.57509164	-89.34702651
7.58241764	-78.07382626
7.58974365	-80.44422917
7.59706966	-85.23910709
7.60439567	-79.59135406
7.61172167	-82.67784880
7.61904768	-88.27304603
7.62637369	-93.93050146
7.63369970	-87.09373147
7.64102570	-78.49524915
7.64835171	-79.03711058
7.65567772	-87.31330490
7.66300372	-100.16049847
7.67032973	-89.51422043
7.67765574	-81.93928060
7.68498175	-78.10597030
7.69230775	-78.25709248
7.69963376	-76.76559447
7.70695977	-74.16563112
7.71428578	-78.48128183
7.72161178	-85.77999700
7.72893779	-83.82560215
7.73626380	-94.95350693
7.74358981	-95.12696988
7.75091581	-80.63181548
7.75824182	-77.57617501
7.76556783	-80.29127650
7.77289384	-80.01460797
7.78021984	-75.58563406
7.78754585	-76.27977501
7.79487186	-86.19067396
7.80219787	-78.30318470
7.80952387	-84.87345349
7.81684988	-81.86158244
7.82417589	-80.66962307
7.83150189	-85.97343832
7.83882790	-76.83292166
7.84615391	-77.08407423
7.85347992	-77.31794818
7.86080592	-77.93483834
7.86813193	-83.88450574
7.87545794	-84.22181494
7.88278395	-88.74383361
7.89010995	-78.60727828
7.89743596	-82.13029842
7.90476197	-84.92397791
7.91208798	-79.63073170
7.91941398	-85.83301780
7.92673999	-90.50936151
7.93406600	-83.03725866
7.94139201	-81.35767529
7.94871801	-89.87654967
7.95604402	-96.39637590
7.96337003	-88.55029237
7.97069603	-81.90118028
7.97802204	-83.46453135
7.98534805	-83.63675512
7.99267406	-79.54935032
8.00000006	-80.39788292
8.00732607	-101.41167108
8.01465208	-86.26985105
8.02197809	-83.90998341
8.02930409	-78.19073435
8.03663010	-85.42107548
8.04395611	-79.78927419
8.05128212	-79.98774935
8.05860812	-90.08951397
8.06593413	-82.85727128
8.07326014	-87.87673651
8.08058615	-90.21096949
8.08791215	-82.55530826
8.09523816	-85.60591038
8.10256417	-83.85047922
8.10989018	-76.40693582
8.11721618	-76.61095723
8.12454219	-75.31663278
8.13186820	-75.17773699
8.13919420	-81.68261810
8.14652021	-78.49630076
8.15384622	-75.93723323
8.16117223	-83.20927849
8.16849823	-84.60283497
8.17582424	-82.00337141
8.18315025	-95.27141318
8.19047626	-79.29089060
8.19780226	-78.50848541
8.20512827	-82.09456140
8.21245428	-84.08038179
8.21978029	-86.32131542
8.22710629	-81.79840868
8.23443230	-87.46960749
8.24175831	-78.15496528
8.24908432	-75.22194835
8.25641032	-74.99629284
8.26373633	-77.06514717
8.27106234	-93.07463532
8.27838835	-83.09439686
8.28571435	-87.58496364
8.29304036	-78.13980704
8.30036637	-80.49807124
8.30769237	-82.01710376
8.31501838	-75.62611195
8.32234439	-78.33887674
8.32967040	-82.37543672
8.33699640	-84.21761436
8.34432241	-88.27073097
8.35164842	-89.53657768
8.35897443	-84.32383986
8.36630043	-85.02786451
8.37362644	-89.89201575
8.38095245	-85.46830132
8.38827846	-74.36904288
8.39560446	-71.90362568
8.40293047	-75.37796639
8.41025648	-87.80962252
8.41758249	-77.98793636
8.42490849	-74.81660919
8.43223450	-83.06551399
8.43956051	-80.71503201
8.44688651	-80.22142667
8.45421252	-87.78450675
8.46153853	-80.78225895
8.46886454	-80.38774685
8.47619054	-85.02526258
8.48351655	-79.56433928
8.49084256	-77.51111745
8.49816857	-90.30980351
8.50549457	-78.14034079
8.51282058	-78.38083789
8.52014659	-85.37627492
8.52747260	-85.21823824
8.53479860	-80.17018492
8.54212461	-81.86449026
8.54945062	-89.95504000
8.55677663	-92.70679634
8.56410263	-83.14024087
8.57142864	-80.12455426
8.57875465	-83.72546764
8.58608066	-80.80784994
8.59340666	-80.62121745
8.60073267	-89.97486509
8.60805868	-79.46639594
8.61538468	-78.07524294
8.62271069	-84.62153188
8.63003670	-83.24082342
8.63736271	-78.00578195
8.64468871	-75.95486084
8.65201472	-79.74498232
8.65934073	-78.91893097
8.66666674	-73.83445713
8.67399274	-75.77828799
8.68131875	-87.28704682
8.68864476	-86.15364062
8.69597077	-81.85468793
8.70329677	-82.49221684
8.71062278	-81.27694155
8.71794879	-78.95339822
8.72527480	-79.49962371
8.73260080	-81.91934879
8.73992681	-86.41799755
8.74725282	-82.18750395
8.75457883	-80.12414229
8.76190483	-83.42342099
8.76923084	-93.82476462
8.77655685	-81.44427828
8.78388285	-77.45424785
8.79120886	-80.50494428
8.79853487	-79.47555871
8.80586088	-81.48528423
8.81318688	-96.84418128
8.82051289	-81.97033227
8.82783890	-75.07316251
8.83516491	-75.96831023
8.84249091	-99.77130166
8.84981692	-80.26530841
8.85714293	-79.61774457
8.86446894	-82.00963975
8.87179494	-82.16343804
8.87912095	-75.92285729
8.88644696	-86.55710573
8.89377297	-77.27257954
8.90109897	-75.67089652
8.90842498	-83.19592209
8.91575099	-95.57149292
8.92307700	-86.56563418
8.93040300	-80.74979533
8.93772901	-77.33610241
8.94505502	-78.48769197
8.95238102	-84.19016120
8.95970703	-86.43497114
8.96703304	-95.74322800
8.97435905	-82.54107915
8.98168505	-82.25656910
8.98901106	-85.25026647
8.99633707	-81.47629531
9.00366308	-80.54991357
9.01098908	-88.69707389
9.01831509	-86.98395680
9.02564110	-86.21133889
9.03296711	-81.84736124
9.04029311	-82.18389043
9.04761912	-82.12710847
9.05494513	-84.94324068
9.06227114	-78.71956025
9.06959714	-73.48761510
9.07692315	-81.92813379
9.08424916	-81.03352548
9.09157516	-86.49243371
9.09890117	-77.08999339
9.10622718	-74.75077149
9.11355319	-85.04569546
9.12087919	-81.21292740
9.12820520	-80.85813004
9.13553121	-86.81856568
9.14285722	-86.01535638
9.15018322	-88.06658732
9.15750923	-80.90867190
9.16483524	-83.86343805
9.17216125	-86.36108921
9.17948725	-80.89217969
9.18681326	-87.53619515
9.19413927	-81.22429972
9.20146528	-76.15570125
9.20879128	-80.01970191
9.21611729	-90.88051821
9.22344330	-84.44100693
9.23076931	-88.17900434
9.23809531	-92.18741521
9.24542132	-89.89041877
9.25274733	-81.56486090
9.26007333	-82.40953549
9.26739934	-91.77412762
9.27472535	-81.60885544
9.28205136	-80.45790630
9.28937736	-81.81409099
9.29670337	-74.50925563
9.30402938	-76.38256341
9.31135539	-82.95614914
9.31868139	-78.94623296
9.32600740	-85.72328892
9.33333341	-80.39210555
9.34065942	-104.28701915
9.34798542	-82.41258959
9.35531143	-86.89598651
9.36263744	-76.26432596
9.36996345	-78.12658471
9.37728945	-92.33796668
9.38461546	-88.35191713
9.39194147	-89.79847742
9.39926748	-88.22399816
9.40659348	-81.40509224
9.41391949	-81.10727955
9.42124550	-87.71230608
9.42857150	-89.91580165
9.43589751	-83.12371015
9.44322352	-88.71619642
9.45054953	-79.89022903
9.45787553	-77.33045939
9.46520154	-80.86272725
9.47252755	-93.27178110
9.47985356	-91.50402636
9.48717956	-86.24775146
9.49450557	-112.66952135
9.50183158	-78.93948891
9.50915759	-75.28119844
9.51648359	-81.31242481
9.52380960	-82.08294767
9.53113561	-75.10531933
9.53846162	-77.25465361
9.54578762	-91.10057871
9.55311363	-86.65865596
9.56043964	-85.12818879
9.56776564	-76.45516667
9.57509165	-75.95696405
9.58241766	-87.91793704
9.58974367	-79.44121502
9.59706967	-79.74947000
9.60439568	-83.06655638
9.61172169	-88.11995743
9.61904770	-84.29402137
9.62637370	-84.39081603
9.63369971	-81.54278266
9.64102572	-78.00930817
9.64835173	-85.20859750
9.65567773	-83.47940137
9.66300374	-81.67602085
9.67032975	-88.95676027
9.67765576	-93.35968595
9.68498176	-80.76398186
9.69230777	-86.11907412
9.69963378	-80.73263498
9.70695979	-78.54747480
9.71428579	-82.80370570
9.72161180	-83.77016110
9.72893781	-84.94925591
9.73626381	-81.50180453
9.74358982	-84.67318552
9.75091583	-81.33216375
9.75824184	-94.64511103
9.76556784	-80.84293053
9.77289385	-81.02462980
9.78021986	-86.51957724
9.78754587	-86.36251850
9.79487187	-80.50189624
9.80219788	-77.83408690
9.80952389	-79.61738952
9.81684990	-83.48974135
9.82417590	-81.19081600
9.83150191	-83.79444461
9.83882792	-90.64290670
9.84615393	-84.06825172
9.85347993	-83.14376421
9.86080594	-82.85124144
9.86813195	-91.61663992
9.87545796	-83.19376322
9.88278396	-79.81348463
9.89010997	-81.93294401
9.89743598	-82.13695242
9.90476198	-92.18354946
9.91208799	-95.71957627
9.91941400	-91.76105546
9.92674001	-94.91236060
9.93406601	-83.51398505
9.94139202	-80.84628386
9.94871803	-85.08828630
9.95604404	-79.84052164
9.96337004	-82.14479022
9.97069605	-77.36225070
9.97802206	-81.37879748
9.98534807	-98.55744806
9.99267407	-80.98605053
10.00000008	-74.60898395
10.00732609	-79.21447087
10.01465210	-83.76798803
10.02197810	-83.93650793
10.02930411	-80.64831625
10.03663012	-77.40230695
10.04395612	-94.37360301
10.05128213	-77.18646210
10.05860814	-82.49155168
10.06593415	-80.73941974
10.07326015	-83.69533919
10.08058616	-86.20947846
10.08791217	-85.77575513
10.09523818	-87.35345654
10.10256418	-84.50031401
10.10989019	-88.13271643
10.11721620	-82.00056874
10.12454221	-74.05683811
10.13186821	-74.89881891
10.13919422	-79.43967710
10.14652023	-78.57272784
10.15384624	-86.47281215
10.16117224	-84.19026184
10.16849825	-86.92845864
10.17582426	-85.44553241
10.18315027	-81.72006580
10.19047627	-79.00950043
10.19780228	-79.03114478
10.20512829	-80.85935662
10.21245429	-86.30331585
10.21978030	-93.67638480
10.22710631	-91.79073172
10.23443232	-90.23347707
10.24175832	-100.04306664
10.24908433	-79.51466960
10.25641034	-78.25260434
10.26373635	-90.19612232
10.27106235	-85.38644513
10.27838836	-83.69389022
10.28571437	-78.13086397
10.29304038	-82.84915853
10.30036638	-79.99061428
10.30769239	-82.01528949
10.31501840	-87.40056375
10.32234441	-83.60535547
10.32967041	-79.73731067
10.33699642	-75.38010627
10.34432243	-81.14106192
10.35164844	-89.24981270
10.35897444	-87.17563133
10.36630045	-81.33537370
10.37362646	-78.64358016
10.38095246	-81.08205875
10.38827847	-106.21894647
10.39560448	-82.26654634
10.40293049	-80.78571161
10.41025649	-89.44636880
10.41758250	-84.86956981
10.42490851	-77.18299038
10.43223452	-77.99942773
10.43956052	-92.53174270
10.44688653	-76.27952269
10.45421254	-77.09595133
10.46153855	-82.01116495
10.46886455	-84.41700470
10.47619056	-82.65758892
10.48351657	-87.26766037
10.49084258	-83.88876049
10.49816858	-82.60895986
10.50549459	-78.24942131
10.51282060	-75.38530995
10.52014660	-80.80305128
10.52747261	-91.68119200
10.53479862	-80.78971503
10.54212463	-80.92675905
10.54945063	-78.52014061
10.55677664	-77.83731943
10.56410265	-86.07577818
10.57142866	-83.03287749
10.57875466	-83.05318202
10.58608067	-84.13387790
10.59340668	-103.42850502
10.60073269	-91.43834500
10.60805869	-90.81758242
10.61538470	-82.83926426
10.62271071	-80.65101235
10.63003672	-83.12172964
10.63736272	-88.03466809
10.64468873	-78.25174807
10.65201474	-74.26968948
10.65934075	-78.47778206
10.66666675	-81.70172525
10.67399276	-78.21667470
10.68131877	-77.98198197
10.68864477	-84.97263825
10.69597078	-88.21913815
10.70329679	-86.02848507
10.71062280	-79.11630769
10.71794880	-86.83213628
10.72527481	-81.15681539
10.73260082	-81.53013557
10.73992683	-76.16663471
10.74725283	-79.69474827
10.75457884	-83.27506072
10.76190485	-83.00729123
10.76923086	-88.43361976
10.77655686	-85.38539581
10.78388287	-78.45310992
10.79120888	-81.26022450
10.79853489	-88.43894565
10.80586089	-84.30849419
10.81318690	-80.39633114
10.82051291	-99.66719851
10.82783892	-76.56719998
10.83516492	-76.55036997
10.84249093	-84.91453534
10.84981694	-85.17564694
10.85714294	-90.80547579
10.86446895	-107.76847943
10.87179496	-82.21789088
10.87912097	-78.99605010
10.88644697	-79.80950007
10.89377298	-78.68615296
10.90109899	-77.06122346
10.90842500	-78.09363020
10.91575100	-78.86786229
10.92307701	-76.72735761
10.93040302	-77.60994776
10.93772903	-85.69529507
10.94505503	-81.53871436
10.95238104	-85.67866796
10.95970705	-84.13134232
10.96703306	-83.97826369
10.97435906	-83.50278068
10.98168507	-81.39802848
10.98901108	-86.52714055
10.99633709	-90.94694663
11.00366309	-91.42948748
11.01098910	-83.20766124
11.01831511	-83.14384133
11.02564111	-99.62998648
11.03296712	-86.81008937
11.04029313	-88.99881277
11.04761914	-94.94243719
11.05494514	-80.68878169
11.06227115	-80.68260050
11.06959716	-89.79948162
11.07692317	-81.31937792
11.08424917	-83.14586061
11.09157518	-92.87289468
11.09890119	-81.39432393
11.10622720	-78.05065901
11.11355320	-83.82818016
11.12087921	-84.71460449
11.12820522	-79.75902611
11.13553123	-79.86466927
11.14285723	-82.09943147
11.15018324	-79.58621610
11.15750925	-84.70210304
11.16483525	-77.40775221
11.17216126	-81.44486950
11.17948727	-85.11230812
11.18681328	-90.73761318
11.19413928	-78.92670937
11.20146529	-83.87045906
11.20879130	-87.67907957
11.21611731	-83.73186184
11.22344331	-88.59785031
11.23076932	-89.38814799
11.23809533	-84.85429318
11.24542134	-81.42995756
11.25274734	-79.06555974
11.26007335	-82.86245028
11.26739936	-81.19259156
11.27472537	-92.48315810
11.28205137	-80.18867237
11.28937738	-78.91256131
11.29670339	-84.45880045
11.30402940	-87.24943528
11.31135540	-83.28797162
11.31868141	-80.29008227
11.32600742	-80.87334210
11.33333342	-87.76576700
11.34065943	-90.95517501
11.34798544	-81.00550201
11.35531145	-78.39814133
11.36263745	-79.25207492
11.36996346	-79.84382048
11.37728947	-93.41417546
11.38461548	-79.11990050
11.39194148	-77.82643320
11.39926749	-81.37428255
11.40659350	-78.86528624
11.41391951	-89.71581163
11.42124551	-79.13960663
11.42857152	-83.95117218
11.43589753	-84.87009958
11.44322354	-91.11390406
11.45054954	-81.59315532
11.45787555	-82.94028781
11.46520156	-79.96137815
11.47252757	-79.70934877
11.47985357	-78.68580556
11.48717958	-77.56242691
11.49450559	-86.74598218
11.50183159	-82.30684063
11.50915760	-83.76881488
11.51648361	-76.73104698
11.52380962	-81.54856273
11.53113562	-87.77825831
11.53846163	-83.28300779
11.54578764	-88.76159806
11.55311365	-81.31414533
11.56043965	-76.69873280
11.56776566	-76.58468208
11.57509167	-82.69771477
11.58241768	-93.48811996
11.58974368	-90.84828135
11.59706969	-86.67615019
11.60439570	-93.42522253
11.61172171	-83.49210524
11.61904771	-80.69038929
11.62637372	-78.54704622
11.63369973	-94.04492942
11.64102573	-84.27483776
11.64835174	-100.33229262
11.65567775	-83.86804302
11.66300376	-84.14172292
11.67032976	-77.59276742
11.67765577	-84.11416863
11.68498178	-85.75111656
11.69230779	-91.11515400
11.69963379	-78.06636084
11.70695980	-76.04019552
11.71428581	-85.78088146
11.72161182	-80.66516803
11.72893782	-76.88539856
11.73626383	-77.59161144
11.74358984	-78.45081068
11.75091585	-82.63154278
11.75824185	-87.44520812
11.76556786	-79.61120028
11.77289387	-81.64850583
11.78021988	-82.17138675
11.78754588	-80.72217604
11.79487189	-78.53820094
11.80219790	-83.74216830
11.80952390	-85.66669656
11.81684991	-86.26455794
11.82417592	-82.87896114
11.83150193	-84.29232412
11.83882793	-87.17034935
11.84615394	-78.82547339
11.85347995	-83.78261286
11.86080596	-82.60445809
11.86813196	-80.91794465
11.87545797	-111.17518957
11.88278398	-83.61094845
11.89010999	-85.34572815
11.89743599	-86.16480261
11.90476200	-94.87648285
11.91208801	-83.24990247
11.91941402	-83.12657230
11.92674002	-81.85758097
11.93406603	-81.13716991
11.94139204	-93.92527775
11.94871805	-81.40040734
11.95604405	-79.93876437
11.96337006	-76.57181726
11.97069607	-79.54118242
11.97802207	-101.72206380
11.98534808	-87.18217317
11.99267409	-81.08203709
12.00000010	-82.57986616
12.00732610	-89.06794376
12.01465211	-81.76024258
12.02197812	-81.78506894
12.02930413	-85.08007449
12.03663013	-89.78632821
12.04395614	-98.59876660
12.05128215	-82.67525149
12.05860816	-81.70443717
12.06593416	-85.84953844
12.07326017	-85.77402091
12.08058618	-92.85302069
12.08791219	-88.16046275
12.09523819	-78.78117597
12.10256420	-77.36453878
12.10989021	-82.86598890
12.11721621	-92.62583228
12.12454222	-84.97973523
12.13186823	-84.57640189
12.13919424	-82.99595643
12.14652024	-84.49436301
12.15384625	-92.35540429
12.16117226	-84.93265591
12.16849827	-88.79891163
12.17582427	-77.30523701
12.18315028	-76.32923861
12.19047629	-82.14466694
12.19780230	-86.78624068
12.20512830	-89.94519593
12.21245431	-85.03481290
12.21978032	-79.63255060
12.22710633	-79.30853165
12.23443233	-81.86340837
12.24175834	-81.63972917
12.24908435	-82.60120618
12.25641036	-83.56335923
12.26373636	-82.20300654
12.27106237	-84.35618038
12.27838838	-80.69793673
12.28571438	-81.46840745
12.29304039	-80.32506866
12.30036640	-83.90410945
12.30769241	-80.67924031
12.31501841	-90.42425777
12.32234442	-80.47121180
12.32967043	-79.52580655
12.33699644	-81.04869453
12.34432244	-85.04411261
12.35164845	-82.19496334
12.35897446	-81.19359274
12.36630047	-83.95877470
12.37362647	-78.27881801
12.38095248	-74.94207143
12.38827849	-74.82863585
12.39560450	-79.99443497
12.40293050	-83.98714674
12.41025651	-83.88887465
12.41758252	-79.26953667
12.42490853	-76.66507785
12.43223453	-81.79074618
12.43956054	-85.68843723
12.44688655	-90.93770275
12.45421255	-77.53625079
12.46153856	-76.32923433
12.46886457	-81.90707685
12.47619058	-91.33101016
12.48351658	-86.17522486
12.49084259	-85.29038313
12.49816860	-92.74642737
12.50549461	-88.17069676
12.51282061	-88.39744955
12.52014662	-82.43005896
12.52747263	-87.87565820
12.53479864	-90.95163522
12.54212464	-87.58788692
12.54945065	-88.64467290
12.55677666	-82.12629978
12.56410267	-80.93314259
12.57142867	-83.26222786
12.57875468	-85.13071201
12.58608069	-85.80470615
12.59340669	-85.95428426
12.60073270	-87.71195263
12.60805871	-86.02927114
12.61538472	-82.53193145
12.62271072	-88.05355322
12.63003673	-93.46911117
12.63736274	-87.73254040
12.64468875	-78.50950177
12.65201475	-76.96375565
12.65934076	-84.15438514
12.66666677	-80.58349175
12.67399278	-79.44573676
12.68131878	-81.94208116
12.68864479	-85.45118385
12.69597080	-97.75604200
12.70329681	-90.86237539
12.71062281	-85.13191685
12.71794882	-87.25228787
12.72527483	-91.92976681
12.73260084	-84.31092854
12.73992684	-82.84073120
12.74725285	-87.84967679
12.75457886	-97.18005223
12.76190486	-88.27026036
12.76923087	-86.42003570
12.77655688	-82.19288223
12.78388289	-83.65737560
12.79120889	-86.31371806
12.79853490	-82.84844179
12.80586091	-83.46156359
12.81318692	-89.30886216
12.82051292	-80.95396924
12.82783893	-83.19077681
12.83516494	-99.69183175
12.84249095	-95.82826478
12.84981695	-85.67639134
12.85714296	-83.38835292
12.86446897	-87.62025084
12.87179498	-106.49146546
12.87912098	-81.18241311
12.88644699	-80.59809399
12.89377300	-87.57186477
12.90109901	-80.63025508
12.90842501	-86.24183993
12.91575102	-88.44436362
12.92307703	-88.73899104
12.93040303	-87.73141359
12.93772904	-82.40332474
12.94505505	-81.92418066
12.95238106	-85.95541383
12.95970706	-87.73799877
12.96703307	-83.81151064
12.97435908	-85.07124196
12.98168509	-81.00454178
12.98901109	-84.91171740
12.99633710	-80.21906065
13.00366311	-89.93760797
13.01098912	-84.60846000
13.01831512	-83.03033597
13.02564113	-82.35314779
13.03296714	-79.86711206
13.04029315	-81.49546704
13.04761915	-86.88845242
13.05494516	-82.23315166
13.06227117	-75.74531545
13.06959717	-80.38640282
13.07692318	-82.53126322
13.08424919	-80.08032419
13.09157520	-91.90093822
13.09890120	-83.85561068
13.10622721	-90.51080618
13.11355322	-85.20421597
13.12087923	-99.48011099
13.12820523	-90.08039005
13.13553124	-78.93726108
13.14285725	-78.39556482
13.15018326	-84.13900896
13.15750926	-86.81458101
13.16483527	-79.63165799
13.17216128	-80.20731497
13.17948729	-84.64436770
13.18681329	-87.56600323
13.19413930	-89.70935534
13.20146531	-81.08500577
13.20879132	-80.95522828
13.21611732	-81.40395233
13.22344333	-87.08630545
13.23076934	-94.34243920
13.23809534	-86.08602681
13.24542135	-81.03375457
13.25274736	-79.72234099
13.26007337	-80.58580720
13.26739937	-80.42381362
13.27472538	-78.74181268
13.28205139	-96.62704720
13.28937740	-78.63730912
13.29670340	-79.14292616
13.30402941	-81.80766191
13.31135542	-81.82329960
13.31868143	-82.80568038
13.32600743	-89.32771125
13.33333344	-85.93335417
13.34065945	-80.15336666
13.34798546	-77.18788555
13.35531146	-78.22645914
13.36263747	-76.01027489
13.36996348	-79.63433264
13.37728949	-87.13776869
13.38461549	-81.85891486
13.39194150	-85.18193222
13.39926751	-83.10886878
13.40659351	-78.15862789
13.41391952	-83.19285678
13.42124553	-93.37717577
13.42857154	-92.49692056
13.43589754	-82.48043827
13.44322355	-81.66438687
13.45054956	-88.18949275
13.45787557	-83.25245152
13.46520157	-81.62447032
13.47252758	-81.86178560
13.47985359	-80.76245812
13.48717960	-76.45620749
13.49450560	-86.97030753
13.50183161	-82.12672298
13.50915762	-83.41522237
13.51648363	-77.86122668
13.52380963	-77.76556143
13.53113564	-89.24647018
13.53846165	-87.58256200
13.54578766	-95.76261413
13.55311366	-82.30307695
13.56043967	-79.41795273
13.56776568	-82.52799388
13.57509168	-94.83476466
13.58241769	-86.70934114
13.58974370	-89.30907845
13.59706971	-79.13915359
13.60439571	-77.96110831
13.61172172	-75.39607166
13.61904773	-76.82402307
13.62637374	-84.53320231
13.63369974	-88.76302817
13.64102575	-92.16904446
13.64835176	-86.64509596
13.65567777	-79.98022586
13.66300377	-83.85118916
13.67032978	-84.14233906
13.67765579	-79.41445190
13.68498180	-85.12533908
13.69230780	-77.53090535
13.69963381	-79.71261396
13.70695982	-81.46340023
13.71428582	-83.09596332
13.72161183	-88.08250992
13.72893784	-87.63544385
13.73626385	-79.18174296
13.74358985	-79.65668984
13.75091586	-93.02438880
13.75824187	-80.05866850
13.76556788	-76.14834654
13.77289388	-80.64069627
13.78021989	-89.24715387
13.78754590	-80.91716282
13.79487191	-78.48477083
13.80219791	-90.74478881
13.80952392	-79.04172386
13.81684993	-83.44861931
13.82417594	-82.25374048
13.83150194	-82.03256434
13.83882795	-86.56791220
13.84615396	-81.60496640
13.85347997	-86.91537204
13.86080597	-86.53917452
13.86813198	-83.41920792
13.87545799	-77.82378291
13.88278399	-79.10598130
13.89011000	-90.54015022
13.89743601	-87.55921714
13.90476202	-75.02877273
13.91208802	-73.34722426
13.91941403	-82.70224933
13.92674004	-84.34650189
13.93406605	-83.29070010
13.94139205	-81.13736318
13.94871806	-85.56224997
13.95604407	-89.44841518
13.96337008	-87.70846793
13.97069608	-77.35936964
13.97802209	-76.33250692
13.98534810	-78.81752001
13.99267411	-83.01045448
14.00000011	-95.72056369
14.00732612	-98.27574292
14.01465213	-79.35272375
14.02197814	-75.73084213
14.02930414	-84.60271381
14.03663015	-83.93273123
14.04395616	-89.62698600
14.05128216	-79.55975774
14.05860817	-81.90500041
14.06593418	-85.18393724
14.07326019	-80.23605491
14.08058619	-83.59176153
14.08791220	-88.02913393
14.09523821	-90.18068710
14.10256422	-81.37800696
14.10989022	-83.34284825
14.11721623	-88.90361750
14.12454224	-78.71842611
14.13186825	-80.45138023
14.13919425	-95.04272254
14.14652026	-83.68320715
14.15384627	-89.28937035
14.16117228	-85.60798227
14.16849828	-79.88624098
14.17582429	-80.81553343
14.18315030	-89.26168051
14.19047630	-82.74012028
14.19780231	-81.39041788
14.20512832	-97.16495760
14.21245433	-80.97099977
14.21978033	-82.49924445
14.22710634	-83.90589643
14.23443235	-93.10975084
14.24175836	-88.32279832
14.24908436	-83.15118077
14.25641037	-80.98565777
14.26373638	-80.43362634
14.27106239	-86.18822127
14.27838839	-86.54621709
14.28571440	-82.24366401
14.29304041	-84.45427426
14.30036642	-86.52078693
14.30769242	-87.48910884
14.31501843	-100.61785552
14.32234444	-82.94231660
14.32967045	-79.83903513
14.33699645	-77.85849844
14.34432246	-79.08777258
14.35164847	-83.10798905
14.35897447	-81.77121003
14.36630048	-75.29369618
14.37362649	-74.64189593
14.38095250	-81.90990565
14.38827850	-80.95143312
14.39560451	-91.86935979
14.40293052	-82.08254316
14.41025653	-85.18118392
14.41758253	-80.59093393
14.42490854	-87.47373491
14.43223455	-83.00522386
14.43956056	-79.37095823
14.44688656	-82.60763780
14.45421257	-89.87122203
14.46153858	-97.07294172
14.46886459	-86.85280195
14.47619059	-87.34082777
14.48351660	-83.35519470
14.49084261	-84.77016617
14.49816862	-92.17737103
14.50549462	-85.78860373
14.51282063	-94.30812796
14.52014664	-81.90385323
14.52747264	-83.20635309
14.53479865	-82.39037253
14.54212466	-78.39414392
14.54945067	-80.54462430
14.55677667	-93.56766209
14.56410268	-99.61415798
14.57142869	-84.78480170
14.57875470	-78.85570849
14.58608070	-82.13913934
14.59340671	-89.83067542
14.60073272	-78.53081429
14.60805873	-75.92766996
14.61538473	-76.73858524
14.62271074	-79.96576475
14.63003675	-84.95827061
14.63736276	-104.63158953
14.64468876	-84.76381557
14.65201477	-81.40109863
14.65934078	-84.36578633
14.66666678	-80.08588115
14.67399279	-81.20937002
14.68131880	-85.30486014
14.68864481	-79.97704271
14.69597081	-81.51762031
14.70329682	-84.82576340
14.71062283	-84.72232561
14.71794884	-78.68443643
14.72527484	-75.59425168
14.73260085	-78.06695168
14.73992686	-89.04082472
14.74725287	-85.59901362
14.75457887	-78.08113490
14.76190488	-78.80742854
14.76923089	-91.34388139
14.77655690	-82.78273573
14.78388290	-84.55605927
14.79120891	-91.64231853
14.79853492	-83.27031665
14.80586093	-85.25126712
14.81318693	-105.14805449
14.82051294	-84.79034761
14.82783895	-79.49324153
14.83516495	-79.39991767
14.84249096	-87.39384909
14.84981697	-81.42338675
14.85714298	-80.33424457
14.86446898	-82.21803290
14.87179499	-82.18304353
14.87912100	-95.81491862
14.88644701	-84.19083792
14.89377301	-82.27296637
14.90109902	-87.71520529
14.90842503	-89.98137582
14.91575104	-84.16987591
14.92307704	-79.15828713
14.93040305	-78.75656212
14.93772906	-85.84074036
14.94505507	-78.51533017
14.95238107	-77.44548612
14.95970708	-82.24817087
14.96703309	-80.23214470
14.97435910	-86.51511736
14.98168510	-92.83158270
14.98901111	-97.78341327
14.99633712	-86.07823686
