# Menlo Systems GmbH ScanControl
# Program Version 1.3.3
# Start: -65.00000000 ps, Average over 1000 waveforms. Timestamp: 2020-01-11T17:22:09
# Time [ps]	THz Signal [a.u.]
-65.06666591	0.00000000
-65.03333258	-0.00000153
-64.99999925	-0.00000615
-64.96666591	-0.00001386
-64.93333258	-0.00002462
-64.89999925	-0.00003841
-64.86666592	-0.00005536
-64.83333258	-0.00007550
-64.79999925	-0.00009866
-64.76666592	-0.00012461
-64.73333258	-0.00015428
-64.69999925	-0.00018649
-64.66666592	-0.00022325
-64.63333258	-0.00026166
-64.59999925	-0.00030261
-64.56666592	-0.00034814
-64.53333259	-0.00039620
-64.49999925	-0.00044963
-64.46666592	-0.00050448
-64.43333259	-0.00056219
-64.39999925	-0.00062308
-64.36666592	-0.00068641
-64.33333259	-0.00075373
-64.29999925	-0.00082520
-64.26666592	-0.00089976
-64.23333259	-0.00097333
-64.19999925	-0.00105250
-64.16666592	-0.00113735
-64.13333259	-0.00122394
-64.09999926	-0.00130959
-64.06666592	-0.00140102
-64.03333259	-0.00149839
-63.99999926	-0.00160325
-63.96666592	-0.00169993
-63.93333259	-0.00180176
-63.89999926	-0.00190588
-63.86666592	-0.00202185
-63.83333259	-0.00214086
-63.79999926	-0.00225541
-63.76666593	-0.00237185
-63.73333259	-0.00249780
-63.69999926	-0.00263039
-63.66666593	-0.00276285
-63.63333259	-0.00288872
-63.59999926	-0.00303330
-63.56666593	-0.00316314
-63.53333259	-0.00328946
-63.49999926	-0.00344313
-63.46666593	-0.00359208
-63.43333260	-0.00374482
-63.39999926	-0.00388410
-63.36666593	-0.00403925
-63.33333260	-0.00418799
-63.29999926	-0.00433392
-63.26666593	-0.00449274
-63.23333260	-0.00465350
-63.19999926	-0.00480803
-63.16666593	-0.00497386
-63.13333260	-0.00513790
-63.09999927	-0.00530339
-63.06666593	-0.00547312
-63.03333260	-0.00565393
-62.99999927	-0.00581278
-62.96666593	-0.00599166
-62.93333260	-0.00615730
-62.89999927	-0.00632561
-62.86666593	-0.00650534
-62.83333260	-0.00667820
-62.79999927	-0.00686716
-62.76666594	-0.00704694
-62.73333260	-0.00720641
-62.69999927	-0.00741653
-62.66666594	-0.00757280
-62.63333260	-0.00774195
-62.59999927	-0.00791732
-62.56666594	-0.00810550
-62.53333260	-0.00829485
-62.49999927	-0.00845479
-62.46666594	-0.00863529
-62.43333260	-0.00882029
-62.39999927	-0.00903260
-62.36666594	-0.00920386
-62.33333261	-0.00936742
-62.29999927	-0.00958006
-62.26666594	-0.00976428
-62.23333261	-0.00994922
-62.19999927	-0.01013895
-62.16666594	-0.01034215
-62.13333261	-0.01047603
-62.09999927	-0.01068797
-62.06666594	-0.01086950
-62.03333261	-0.01107642
-61.99999928	-0.01124713
-61.96666594	-0.01143414
-61.93333261	-0.01159211
-61.89999928	-0.01177693
-61.86666594	-0.01200328
-61.83333261	-0.01216077
-61.79999928	-0.01236382
-61.76666594	-0.01253879
-61.73333261	-0.01277138
-61.69999928	-0.01292629
-61.66666595	-0.01315112
-61.63333261	-0.01338555
-61.59999928	-0.01360218
-61.56666595	-0.01378244
-61.53333261	-0.01395684
-61.49999928	-0.01419856
-61.46666595	-0.01439236
-61.43333261	-0.01463810
-61.39999928	-0.01483883
-61.36666595	-0.01502622
-61.33333262	-0.01524596
-61.29999928	-0.01543970
-61.26666595	-0.01563684
-61.23333262	-0.01583912
-61.19999928	-0.01611028
-61.16666595	-0.01634190
-61.13333262	-0.01650061
-61.09999928	-0.01674368
-61.06666595	-0.01697809
-61.03333262	-0.01724665
-60.99999929	-0.01742267
-60.96666595	-0.01768911
-60.93333262	-0.01796710
-60.89999929	-0.01818424
-60.86666595	-0.01843629
-60.83333262	-0.01867612
-60.79999929	-0.01897235
-60.76666595	-0.01920119
-60.73333262	-0.01950251
-60.69999929	-0.01970138
-60.66666595	-0.02003911
-60.63333262	-0.02032686
-60.59999929	-0.02051469
-60.56666596	-0.02090092
-60.53333262	-0.02112028
-60.49999929	-0.02140477
-60.46666596	-0.02167644
-60.43333262	-0.02193447
-60.39999929	-0.02219816
-60.36666596	-0.02251239
-60.33333262	-0.02283848
-60.29999929	-0.02314990
-60.26666596	-0.02344979
-60.23333263	-0.02373236
-60.19999929	-0.02407903
-60.16666596	-0.02436274
-60.13333263	-0.02466338
-60.09999929	-0.02498630
-60.06666596	-0.02529213
-60.03333263	-0.02564544
-59.99999929	-0.02591052
-59.96666596	-0.02624997
-59.93333263	-0.02659330
-59.89999930	-0.02682717
-59.86666596	-0.02708244
-59.83333263	-0.02733971
-59.79999930	-0.02767370
-59.76666596	-0.02798080
-59.73333263	-0.02828528
-59.69999930	-0.02858741
-59.66666596	-0.02877796
-59.63333263	-0.02907975
-59.59999930	-0.02938581
-59.56666597	-0.02962231
-59.53333263	-0.02984003
-59.49999930	-0.03007156
-59.46666597	-0.03037434
-59.43333263	-0.03071291
-59.39999930	-0.03097646
-59.36666597	-0.03114046
-59.33333263	-0.03136897
-59.29999930	-0.03156152
-59.26666597	-0.03173418
-59.23333264	-0.03192271
-59.19999930	-0.03221835
-59.16666597	-0.03242710
-59.13333264	-0.03253615
-59.09999930	-0.03268451
-59.06666597	-0.03282736
-59.03333264	-0.03298270
-58.99999930	-0.03308349
-58.96666597	-0.03322557
-58.93333264	-0.03341483
-58.89999930	-0.03350237
-58.86666597	-0.03361566
-58.83333264	-0.03380521
-58.79999931	-0.03401733
-58.76666597	-0.03400944
-58.73333264	-0.03415914
-58.69999931	-0.03428770
-58.66666597	-0.03440472
-58.63333264	-0.03456688
-58.59999931	-0.03464416
-58.56666597	-0.03474734
-58.53333264	-0.03492870
-58.49999931	-0.03491331
-58.46666598	-0.03507967
-58.43333264	-0.03517934
-58.39999931	-0.03530155
-58.36666598	-0.03544904
-58.33333264	-0.03545434
-58.29999931	-0.03567108
-58.26666598	-0.03563189
-58.23333264	-0.03574351
-58.19999931	-0.03582959
-58.16666598	-0.03602047
-58.13333265	-0.03604022
-58.09999931	-0.03610200
-58.06666598	-0.03619909
-58.03333265	-0.03633808
-57.99999931	-0.03643711
-57.96666598	-0.03657633
-57.93333265	-0.03670055
-57.89999931	-0.03674536
-57.86666598	-0.03682338
-57.83333265	-0.03688697
-57.79999932	-0.03703437
-57.76666598	-0.03709832
-57.73333265	-0.03706345
-57.69999932	-0.03728579
-57.66666598	-0.03724922
-57.63333265	-0.03738939
-57.59999932	-0.03726898
-57.56666598	-0.03732487
-57.53333265	-0.03730909
-57.49999932	-0.03737214
-57.46666599	-0.03733817
-57.43333265	-0.03737991
-57.39999932	-0.03745580
-57.36666599	-0.03742028
-57.33333265	-0.03739482
-57.29999932	-0.03729059
-57.26666599	-0.03727450
-57.23333265	-0.03726744
-57.19999932	-0.03736222
-57.16666599	-0.03723299
-57.13333265	-0.03714497
-57.09999932	-0.03718314
-57.06666599	-0.03716459
-57.03333266	-0.03709839
-56.99999932	-0.03711296
-56.96666599	-0.03700608
-56.93333266	-0.03687201
-56.89999932	-0.03688219
-56.86666599	-0.03692880
-56.83333266	-0.03694628
-56.79999932	-0.03700025
-56.76666599	-0.03703118
-56.73333266	-0.03695878
-56.69999933	-0.03683322
-56.66666599	-0.03684183
-56.63333266	-0.03678909
-56.59999933	-0.03687877
-56.56666599	-0.03677880
-56.53333266	-0.03675588
-56.49999933	-0.03671368
-56.46666599	-0.03677340
-56.43333266	-0.03685106
-56.39999933	-0.03689441
-56.36666600	-0.03684304
-56.33333266	-0.03674348
-56.29999933	-0.03685608
-56.26666600	-0.03672449
-56.23333266	-0.03681579
-56.19999933	-0.03679829
-56.16666600	-0.03678848
-56.13333266	-0.03681959
-56.09999933	-0.03677003
-56.06666600	-0.03682057
-56.03333267	-0.03672530
-55.99999933	-0.03671413
-55.96666600	-0.03672307
-55.93333267	-0.03672899
-55.89999933	-0.03669553
-55.86666600	-0.03669270
-55.83333267	-0.03677148
-55.79999933	-0.03674411
-55.76666600	-0.03664100
-55.73333267	-0.03674207
-55.69999934	-0.03668876
-55.66666600	-0.03671430
-55.63333267	-0.03670635
-55.59999934	-0.03673839
-55.56666600	-0.03677485
-55.53333267	-0.03666891
-55.49999934	-0.03666455
-55.46666600	-0.03676644
-55.43333267	-0.03661184
-55.39999934	-0.03670189
-55.36666600	-0.03665438
-55.33333267	-0.03653618
-55.29999934	-0.03657603
-55.26666601	-0.03659695
-55.23333267	-0.03656770
-55.19999934	-0.03664094
-55.16666601	-0.03666653
-55.13333267	-0.03664588
-55.09999934	-0.03655077
-55.06666601	-0.03661570
-55.03333267	-0.03655777
-54.99999934	-0.03646962
-54.96666601	-0.03647044
-54.93333268	-0.03646393
-54.89999934	-0.03645270
-54.86666601	-0.03637681
-54.83333268	-0.03634155
-54.79999934	-0.03635133
-54.76666601	-0.03636162
-54.73333268	-0.03630986
-54.69999934	-0.03626419
-54.66666601	-0.03620431
-54.63333268	-0.03623402
-54.59999935	-0.03623790
-54.56666601	-0.03628326
-54.53333268	-0.03619256
-54.49999935	-0.03617158
-54.46666601	-0.03616766
-54.43333268	-0.03620621
-54.39999935	-0.03614109
-54.36666601	-0.03611806
-54.33333268	-0.03606710
-54.29999935	-0.03612071
-54.26666602	-0.03607433
-54.23333268	-0.03602644
-54.19999935	-0.03603839
-54.16666602	-0.03603573
-54.13333268	-0.03605358
-54.09999935	-0.03602235
-54.06666602	-0.03598320
-54.03333268	-0.03600272
-53.99999935	-0.03601505
-53.96666602	-0.03601875
-53.93333269	-0.03607277
-53.89999935	-0.03593874
-53.86666602	-0.03595569
-53.83333269	-0.03604963
-53.79999935	-0.03604768
-53.76666602	-0.03602446
-53.73333269	-0.03605373
-53.69999935	-0.03609757
-53.66666602	-0.03613097
-53.63333269	-0.03611752
-53.59999935	-0.03612897
-53.56666602	-0.03624153
-53.53333269	-0.03621421
-53.49999936	-0.03622350
-53.46666602	-0.03615588
-53.43333269	-0.03613497
-53.39999936	-0.03632013
-53.36666602	-0.03633763
-53.33333269	-0.03630875
-53.29999936	-0.03628336
-53.26666602	-0.03632809
-53.23333269	-0.03622926
-53.19999936	-0.03628004
-53.16666603	-0.03638035
-53.13333269	-0.03630360
-53.09999936	-0.03629778
-53.06666603	-0.03626878
-53.03333269	-0.03627356
-52.99999936	-0.03628557
-52.96666603	-0.03617642
-52.93333269	-0.03623682
-52.89999936	-0.03626275
-52.86666603	-0.03623517
-52.83333270	-0.03618835
-52.79999936	-0.03628035
-52.76666603	-0.03626855
-52.73333270	-0.03624055
-52.69999936	-0.03633237
-52.66666603	-0.03635349
-52.63333270	-0.03618328
-52.59999936	-0.03621211
-52.56666603	-0.03620760
-52.53333270	-0.03619698
-52.49999937	-0.03618926
-52.46666603	-0.03620570
-52.43333270	-0.03615992
-52.39999937	-0.03596358
-52.36666603	-0.03599938
-52.33333270	-0.03601445
-52.29999937	-0.03600481
-52.26666603	-0.03593554
-52.23333270	-0.03584390
-52.19999937	-0.03589722
-52.16666604	-0.03577231
-52.13333270	-0.03570435
-52.09999937	-0.03566975
-52.06666604	-0.03562961
-52.03333270	-0.03564535
-51.99999937	-0.03551713
-51.96666604	-0.03546370
-51.93333270	-0.03542076
-51.89999937	-0.03532719
-51.86666604	-0.03537286
-51.83333270	-0.03533439
-51.79999937	-0.03532808
-51.76666604	-0.03521203
-51.73333271	-0.03512722
-51.69999937	-0.03505487
-51.66666604	-0.03505646
-51.63333271	-0.03493136
-51.59999937	-0.03482253
-51.56666604	-0.03487564
-51.53333271	-0.03471756
-51.49999937	-0.03461589
-51.46666604	-0.03469746
-51.43333271	-0.03462134
-51.39999938	-0.03446856
-51.36666604	-0.03437184
-51.33333271	-0.03423538
-51.29999938	-0.03417376
-51.26666604	-0.03401928
-51.23333271	-0.03388797
-51.19999938	-0.03393752
-51.16666604	-0.03388330
-51.13333271	-0.03383535
-51.09999938	-0.03369490
-51.06666605	-0.03375468
-51.03333271	-0.03369946
-50.99999938	-0.03353440
-50.96666605	-0.03357586
-50.93333271	-0.03354298
-50.89999938	-0.03350608
-50.86666605	-0.03350651
-50.83333271	-0.03343954
-50.79999938	-0.03335804
-50.76666605	-0.03334755
-50.73333272	-0.03320331
-50.69999938	-0.03315674
-50.66666605	-0.03302559
-50.63333272	-0.03305712
-50.59999938	-0.03299404
-50.56666605	-0.03292496
-50.53333272	-0.03296175
-50.49999938	-0.03279015
-50.46666605	-0.03281623
-50.43333272	-0.03272076
-50.39999939	-0.03259714
-50.36666605	-0.03268463
-50.33333272	-0.03265992
-50.29999939	-0.03264647
-50.26666605	-0.03248471
-50.23333272	-0.03231144
-50.19999939	-0.03229500
-50.16666605	-0.03226214
-50.13333272	-0.03228499
-50.09999939	-0.03225740
-50.06666605	-0.03219770
-50.03333272	-0.03226583
-49.99999939	-0.03237203
-49.96666606	-0.03235219
-49.93333272	-0.03244350
-49.89999939	-0.03262143
-49.86666606	-0.03258036
-49.83333272	-0.03278190
-49.79999939	-0.03296446
-49.76666606	-0.03310628
-49.73333272	-0.03331736
-49.69999939	-0.03350945
-49.66666606	-0.03381037
-49.63333273	-0.03412652
-49.59999939	-0.03437652
-49.56666606	-0.03455861
-49.53333273	-0.03495940
-49.49999939	-0.03527819
-49.46666606	-0.03570422
-49.43333273	-0.03597170
-49.39999939	-0.03626025
-49.36666606	-0.03665482
-49.33333273	-0.03705961
-49.29999940	-0.03744292
-49.26666606	-0.03786292
-49.23333273	-0.03818801
-49.19999940	-0.03868228
-49.16666606	-0.03921439
-49.13333273	-0.03933667
-49.09999940	-0.03979369
-49.06666606	-0.03995562
-49.03333273	-0.04022967
-48.99999940	-0.04078792
-48.96666607	-0.04090450
-48.93333273	-0.04110806
-48.89999940	-0.04126868
-48.86666607	-0.04138708
-48.83333273	-0.04146767
-48.79999940	-0.04154792
-48.76666607	-0.04155525
-48.73333273	-0.04144965
-48.69999940	-0.04150119
-48.66666607	-0.04127154
-48.63333274	-0.04115274
-48.59999940	-0.04095488
-48.56666607	-0.04067822
-48.53333274	-0.04054827
-48.49999940	-0.04021123
-48.46666607	-0.03995337
-48.43333274	-0.03954453
-48.39999940	-0.03915016
-48.36666607	-0.03882689
-48.33333274	-0.03841592
-48.29999940	-0.03803076
-48.26666607	-0.03767734
-48.23333274	-0.03722863
-48.19999941	-0.03677173
-48.16666607	-0.03630143
-48.13333274	-0.03588045
-48.09999941	-0.03537767
-48.06666607	-0.03501681
-48.03333274	-0.03469424
-47.99999941	-0.03434028
-47.96666607	-0.03399692
-47.93333274	-0.03370394
-47.89999941	-0.03339906
-47.86666608	-0.03316019
-47.83333274	-0.03288555
-47.79999941	-0.03265527
-47.76666608	-0.03247565
-47.73333274	-0.03234777
-47.69999941	-0.03205454
-47.66666608	-0.03202229
-47.63333274	-0.03191971
-47.59999941	-0.03173455
-47.56666608	-0.03164632
-47.53333275	-0.03145052
-47.49999941	-0.03138548
-47.46666608	-0.03134640
-47.43333275	-0.03125478
-47.39999941	-0.03113866
-47.36666608	-0.03101351
-47.33333275	-0.03091294
-47.29999941	-0.03102989
-47.26666608	-0.03091594
-47.23333275	-0.03077873
-47.19999942	-0.03078477
-47.16666608	-0.03077067
-47.13333275	-0.03079151
-47.09999942	-0.03074340
-47.06666608	-0.03069994
-47.03333275	-0.03069229
-46.99999942	-0.03073511
-46.96666608	-0.03068075
-46.93333275	-0.03067450
-46.89999942	-0.03063191
-46.86666609	-0.03068756
-46.83333275	-0.03056890
-46.79999942	-0.03065873
-46.76666609	-0.03059791
-46.73333275	-0.03054560
-46.69999942	-0.03062760
-46.66666609	-0.03066987
-46.63333275	-0.03058495
-46.59999942	-0.03067684
-46.56666609	-0.03060647
-46.53333275	-0.03067441
-46.49999942	-0.03063744
-46.46666609	-0.03063217
-46.43333276	-0.03063090
-46.39999942	-0.03060421
-46.36666609	-0.03074440
-46.33333276	-0.03065080
-46.29999942	-0.03055510
-46.26666609	-0.03068863
-46.23333276	-0.03051853
-46.19999942	-0.03054500
-46.16666609	-0.03041220
-46.13333276	-0.03044252
-46.09999943	-0.03051669
-46.06666609	-0.03040503
-46.03333276	-0.03033932
-45.99999943	-0.03037437
-45.96666609	-0.03033739
-45.93333276	-0.03030030
-45.89999943	-0.03029311
-45.86666609	-0.03021152
-45.83333276	-0.03019144
-45.79999943	-0.03020847
-45.76666610	-0.03015034
-45.73333276	-0.03008470
-45.69999943	-0.03006066
-45.66666610	-0.02993103
-45.63333276	-0.02991605
-45.59999943	-0.02990918
-45.56666610	-0.02987250
-45.53333276	-0.02981314
-45.49999943	-0.02976280
-45.46666610	-0.02977492
-45.43333277	-0.02960498
-45.39999943	-0.02956055
-45.36666610	-0.02961111
-45.33333277	-0.02968480
-45.29999943	-0.02960183
-45.26666610	-0.02951831
-45.23333277	-0.02953078
-45.19999943	-0.02960180
-45.16666610	-0.02950728
-45.13333277	-0.02962828
-45.09999944	-0.02980749
-45.06666610	-0.02980184
-45.03333277	-0.02992276
-44.99999944	-0.03004038
-44.96666610	-0.03015317
-44.93333277	-0.03028337
-44.89999944	-0.03045850
-44.86666610	-0.03053882
-44.83333277	-0.03082242
-44.79999944	-0.03094771
-44.76666610	-0.03118323
-44.73333277	-0.03138341
-44.69999944	-0.03153614
-44.66666611	-0.03171602
-44.63333277	-0.03178114
-44.59999944	-0.03185055
-44.56666611	-0.03187181
-44.53333277	-0.03202040
-44.49999944	-0.03203679
-44.46666611	-0.03193396
-44.43333277	-0.03193107
-44.39999944	-0.03176345
-44.36666611	-0.03170783
-44.33333278	-0.03138053
-44.29999944	-0.03106932
-44.26666611	-0.03076245
-44.23333278	-0.03037815
-44.19999944	-0.02976579
-44.16666611	-0.02928658
-44.13333278	-0.02853732
-44.09999944	-0.02792853
-44.06666611	-0.02709755
-44.03333278	-0.02633072
-43.99999945	-0.02537536
-43.96666611	-0.02434701
-43.93333278	-0.02323742
-43.89999945	-0.02206846
-43.86666611	-0.02093152
-43.83333278	-0.01966190
-43.79999945	-0.01835276
-43.76666611	-0.01684467
-43.73333278	-0.01524519
-43.69999945	-0.01384277
-43.66666612	-0.01211724
-43.63333278	-0.01054040
-43.59999945	-0.00867068
-43.56666612	-0.00677320
-43.53333278	-0.00479097
-43.49999945	-0.00292853
-43.46666612	-0.00086554
-43.43333278	0.00127104
-43.39999945	0.00355007
-43.36666612	0.00579263
-43.33333279	0.00832352
-43.29999945	0.01082172
-43.26666612	0.01351875
-43.23333279	0.01607611
-43.19999945	0.01893053
-43.16666612	0.02205886
-43.13333279	0.02522816
-43.09999945	0.02832558
-43.06666612	0.03158062
-43.03333279	0.03513845
-42.99999945	0.03863023
-42.96666612	0.04243167
-42.93333279	0.04629882
-42.89999946	0.05017243
-42.86666612	0.05416029
-42.83333279	0.05837803
-42.79999946	0.06226131
-42.76666612	0.06646471
-42.73333279	0.07044566
-42.69999946	0.07440745
-42.66666612	0.07821462
-42.63333279	0.08185583
-42.59999946	0.08518879
-42.56666613	0.08823077
-42.53333279	0.09072995
-42.49999946	0.09270432
-42.46666613	0.09409070
-42.43333279	0.09461939
-42.39999946	0.09444442
-42.36666613	0.09322726
-42.33333279	0.09067893
-42.29999946	0.08690585
-42.26666613	0.08182975
-42.23333280	0.07503645
-42.19999946	0.06671039
-42.16666613	0.05641230
-42.13333280	0.04433038
-42.09999946	0.03025938
-42.06666613	0.01401475
-42.03333280	-0.00431587
-41.99999946	-0.02473542
-41.96666613	-0.04722165
-41.93333280	-0.07182259
-41.89999947	-0.09858137
-41.86666613	-0.12703509
-41.83333280	-0.15722945
-41.79999947	-0.18909540
-41.76666613	-0.22223058
-41.73333280	-0.25633876
-41.69999947	-0.29117540
-41.66666613	-0.32649078
-41.63333280	-0.36178655
-41.59999947	-0.39681819
-41.56666613	-0.43099927
-41.53333280	-0.46405006
-41.49999947	-0.49559224
-41.46666614	-0.52510496
-41.43333280	-0.55228557
-41.39999947	-0.57654117
-41.36666614	-0.59775917
-41.33333280	-0.61534340
-41.29999947	-0.62926024
-41.26666614	-0.63913719
-41.23333280	-0.64483344
-41.19999947	-0.64595337
-41.16666614	-0.64275151
-41.13333281	-0.63489526
-41.09999947	-0.62268421
-41.06666614	-0.60602742
-41.03333281	-0.58497841
-40.99999947	-0.55979792
-40.96666614	-0.53105037
-40.93333281	-0.49857727
-40.89999947	-0.46294321
-40.86666614	-0.42462166
-40.83333281	-0.38379870
-40.79999948	-0.34112833
-40.76666614	-0.29681124
-40.73333281	-0.25149224
-40.69999948	-0.20566205
-40.66666614	-0.15988363
-40.63333281	-0.11426852
-40.59999948	-0.06931347
-40.56666614	-0.02556099
-40.53333281	0.01664498
-40.49999948	0.05691769
-40.46666615	0.09506398
-40.43333281	0.13078278
-40.39999948	0.16384092
-40.36666615	0.19411300
-40.33333281	0.22144013
-40.29999948	0.24595089
-40.26666615	0.26711616
-40.23333281	0.28529129
-40.19999948	0.30046700
-40.16666615	0.31259794
-40.13333282	0.32177774
-40.09999948	0.32838147
-40.06666615	0.33239017
-40.03333282	0.33384705
-39.99999948	0.33310875
-39.96666615	0.33043009
-39.93333282	0.32574153
-39.89999948	0.31962994
-39.86666615	0.31190823
-39.83333282	0.30326710
-39.79999948	0.29347229
-39.76666615	0.28298544
-39.73333282	0.27150528
-39.69999949	0.25997424
-39.66666615	0.24809341
-39.63333282	0.23602858
-39.59999949	0.22395065
-39.56666615	0.21219560
-39.53333282	0.20052585
-39.49999949	0.18926013
-39.46666615	0.17824659
-39.43333282	0.16763826
-39.39999949	0.15744179
-39.36666616	0.14778051
-39.33333282	0.13864425
-39.29999949	0.12993832
-39.26666616	0.12182832
-39.23333282	0.11408196
-39.19999949	0.10691118
-39.16666616	0.10011980
-39.13333282	0.09367142
-39.09999949	0.08774943
-39.06666616	0.08222856
-39.03333283	0.07673602
-38.99999949	0.07166352
-38.96666616	0.06680002
-38.93333283	0.06224918
-38.89999949	0.05777991
-38.86666616	0.05335773
-38.83333283	0.04917338
-38.79999949	0.04506518
-38.76666616	0.04087563
-38.73333283	0.03692568
-38.69999950	0.03295784
-38.66666616	0.02881493
-38.63333283	0.02474617
-38.59999950	0.02069849
-38.56666616	0.01663783
-38.53333283	0.01269264
-38.49999950	0.00858385
-38.46666616	0.00458518
-38.43333283	0.00054017
-38.39999950	-0.00336128
-38.36666617	-0.00737281
-38.33333283	-0.01124187
-38.29999950	-0.01507631
-38.26666617	-0.01880698
-38.23333283	-0.02240137
-38.19999950	-0.02584434
-38.16666617	-0.02910883
-38.13333283	-0.03234270
-38.09999950	-0.03522019
-38.06666617	-0.03817842
-38.03333283	-0.04077601
-37.99999950	-0.04323391
-37.96666617	-0.04553528
-37.93333284	-0.04761735
-37.89999950	-0.04959692
-37.86666617	-0.05134442
-37.83333284	-0.05291023
-37.79999950	-0.05429712
-37.76666617	-0.05556374
-37.73333284	-0.05670519
-37.69999950	-0.05777003
-37.66666617	-0.05859327
-37.63333284	-0.05931612
-37.59999951	-0.05995141
-37.56666617	-0.06062335
-37.53333284	-0.06115875
-37.49999951	-0.06161439
-37.46666617	-0.06206777
-37.43333284	-0.06251786
-37.39999951	-0.06297045
-37.36666617	-0.06327928
-37.33333284	-0.06371781
-37.29999951	-0.06421431
-37.26666618	-0.06473526
-37.23333284	-0.06509061
-37.19999951	-0.06563650
-37.16666618	-0.06615643
-37.13333284	-0.06677878
-37.09999951	-0.06736494
-37.06666618	-0.06790927
-37.03333284	-0.06847109
-36.99999951	-0.06892104
-36.96666618	-0.06955306
-36.93333285	-0.07014188
-36.89999951	-0.07055651
-36.86666618	-0.07104767
-36.83333285	-0.07143787
-36.79999951	-0.07176155
-36.76666618	-0.07216860
-36.73333285	-0.07237997
-36.69999951	-0.07240295
-36.66666618	-0.07239499
-36.63333285	-0.07228530
-36.59999952	-0.07197509
-36.56666618	-0.07175922
-36.53333285	-0.07128807
-36.49999952	-0.07081843
-36.46666618	-0.07027581
-36.43333285	-0.06964304
-36.39999952	-0.06880507
-36.36666618	-0.06792235
-36.33333285	-0.06690464
-36.29999952	-0.06589432
-36.26666618	-0.06480021
-36.23333285	-0.06365457
-36.19999952	-0.06250402
-36.16666619	-0.06123521
-36.13333285	-0.06002190
-36.09999952	-0.05880134
-36.06666619	-0.05754536
-36.03333285	-0.05636482
-35.99999952	-0.05525201
-35.96666619	-0.05405970
-35.93333285	-0.05316396
-35.89999952	-0.05215077
-35.86666619	-0.05123822
-35.83333286	-0.05037338
-35.79999952	-0.04958440
-35.76666619	-0.04901720
-35.73333286	-0.04843636
-35.69999952	-0.04791917
-35.66666619	-0.04759979
-35.63333286	-0.04722787
-35.59999952	-0.04701876
-35.56666619	-0.04680824
-35.53333286	-0.04678040
-35.49999953	-0.04677671
-35.46666619	-0.04691759
-35.43333286	-0.04698811
-35.39999953	-0.04716883
-35.36666619	-0.04750196
-35.33333286	-0.04770191
-35.29999953	-0.04798993
-35.26666619	-0.04821751
-35.23333286	-0.04846156
-35.19999953	-0.04872454
-35.16666620	-0.04902051
-35.13333286	-0.04926021
-35.09999953	-0.04947016
-35.06666620	-0.04970248
-35.03333286	-0.04974592
-34.99999953	-0.04975607
-34.96666620	-0.04975926
-34.93333286	-0.04983052
-34.89999953	-0.04974901
-34.86666620	-0.04962040
-34.83333287	-0.04939081
-34.79999953	-0.04910491
-34.76666620	-0.04902738
-34.73333287	-0.04860629
-34.69999953	-0.04829372
-34.66666620	-0.04778309
-34.63333287	-0.04744674
-34.59999953	-0.04695486
-34.56666620	-0.04640358
-34.53333287	-0.04588356
-34.49999953	-0.04538228
-34.46666620	-0.04482729
-34.43333287	-0.04431240
-34.39999954	-0.04375441
-34.36666620	-0.04327372
-34.33333287	-0.04276536
-34.29999954	-0.04239491
-34.26666620	-0.04193793
-34.23333287	-0.04159918
-34.19999954	-0.04117509
-34.16666620	-0.04083191
-34.13333287	-0.04065044
-34.09999954	-0.04058101
-34.06666621	-0.04038674
-34.03333287	-0.04037540
-33.99999954	-0.04045562
-33.96666621	-0.04059293
-33.93333287	-0.04079843
-33.89999954	-0.04107353
-33.86666621	-0.04147586
-33.83333287	-0.04178220
-33.79999954	-0.04219788
-33.76666621	-0.04277628
-33.73333288	-0.04326524
-33.69999954	-0.04389412
-33.66666621	-0.04455108
-33.63333288	-0.04532976
-33.59999954	-0.04590745
-33.56666621	-0.04655817
-33.53333288	-0.04728542
-33.49999954	-0.04809531
-33.46666621	-0.04867424
-33.43333288	-0.04927123
-33.39999955	-0.04995962
-33.36666621	-0.05059795
-33.33333288	-0.05110054
-33.29999955	-0.05173031
-33.26666621	-0.05228299
-33.23333288	-0.05276511
-33.19999955	-0.05325199
-33.16666621	-0.05352216
-33.13333288	-0.05382995
-33.09999955	-0.05401393
-33.06666622	-0.05418201
-33.03333288	-0.05430187
-32.99999955	-0.05424118
-32.96666622	-0.05425267
-32.93333288	-0.05399700
-32.89999955	-0.05392336
-32.86666622	-0.05370865
-32.83333288	-0.05343741
-32.79999955	-0.05309382
-32.76666622	-0.05269521
-32.73333288	-0.05220387
-32.69999955	-0.05161591
-32.66666622	-0.05115944
-32.63333289	-0.05072481
-32.59999955	-0.05008462
-32.56666622	-0.04963607
-32.53333289	-0.04899915
-32.49999955	-0.04851405
-32.46666622	-0.04792628
-32.43333289	-0.04738988
-32.39999955	-0.04686657
-32.36666622	-0.04633104
-32.33333289	-0.04596164
-32.29999956	-0.04543186
-32.26666622	-0.04502728
-32.23333289	-0.04465985
-32.19999956	-0.04429799
-32.16666622	-0.04408926
-32.13333289	-0.04379187
-32.09999956	-0.04364453
-32.06666622	-0.04353360
-32.03333289	-0.04346543
-31.99999956	-0.04339489
-31.96666623	-0.04338488
-31.93333289	-0.04346773
-31.89999956	-0.04357977
-31.86666623	-0.04373273
-31.83333289	-0.04382064
-31.79999956	-0.04399654
-31.76666623	-0.04425212
-31.73333289	-0.04426497
-31.69999956	-0.04461310
-31.66666623	-0.04473846
-31.63333290	-0.04489802
-31.59999956	-0.04507830
-31.56666623	-0.04520314
-31.53333290	-0.04538181
-31.49999956	-0.04545987
-31.46666623	-0.04556458
-31.43333290	-0.04550753
-31.39999956	-0.04535476
-31.36666623	-0.04530700
-31.33333290	-0.04522519
-31.29999957	-0.04493988
-31.26666623	-0.04471695
-31.23333290	-0.04438853
-31.19999957	-0.04405066
-31.16666623	-0.04359193
-31.13333290	-0.04310140
-31.09999957	-0.04262560
-31.06666623	-0.04209261
-31.03333290	-0.04160392
-30.99999957	-0.04078253
-30.96666623	-0.04018158
-30.93333290	-0.03960769
-30.89999957	-0.03898917
-30.86666624	-0.03818692
-30.83333290	-0.03751517
-30.79999957	-0.03677268
-30.76666624	-0.03614665
-30.73333290	-0.03551073
-30.69999957	-0.03478882
-30.66666624	-0.03427242
-30.63333290	-0.03375670
-30.59999957	-0.03314129
-30.56666624	-0.03277410
-30.53333291	-0.03233619
-30.49999957	-0.03196128
-30.46666624	-0.03162518
-30.43333291	-0.03142951
-30.39999957	-0.03122095
-30.36666624	-0.03115283
-30.33333291	-0.03113089
-30.29999957	-0.03119937
-30.26666624	-0.03110580
-30.23333291	-0.03129910
-30.19999958	-0.03158304
-30.16666624	-0.03181343
-30.13333291	-0.03205174
-30.09999958	-0.03245179
-30.06666624	-0.03282791
-30.03333291	-0.03321771
-29.99999958	-0.03359790
-29.96666624	-0.03401098
-29.93333291	-0.03433080
-29.89999958	-0.03479562
-29.86666625	-0.03518012
-29.83333291	-0.03561857
-29.79999958	-0.03595873
-29.76666625	-0.03635984
-29.73333291	-0.03662802
-29.69999958	-0.03691068
-29.66666625	-0.03718858
-29.63333291	-0.03736455
-29.59999958	-0.03755340
-29.56666625	-0.03759785
-29.53333292	-0.03772651
-29.49999958	-0.03784408
-29.46666625	-0.03778867
-29.43333292	-0.03768393
-29.39999958	-0.03763544
-29.36666625	-0.03760398
-29.33333292	-0.03756996
-29.29999958	-0.03744581
-29.26666625	-0.03724060
-29.23333292	-0.03706653
-29.19999958	-0.03696263
-29.16666625	-0.03675704
-29.13333292	-0.03636621
-29.09999959	-0.03632967
-29.06666625	-0.03606576
-29.03333292	-0.03602047
-28.99999959	-0.03585612
-28.96666625	-0.03563911
-28.93333292	-0.03540207
-28.89999959	-0.03527155
-28.86666625	-0.03517014
-28.83333292	-0.03510152
-28.79999959	-0.03506259
-28.76666626	-0.03500603
-28.73333292	-0.03506957
-28.69999959	-0.03495803
-28.66666626	-0.03503111
-28.63333292	-0.03504755
-28.59999959	-0.03499109
-28.56666626	-0.03502868
-28.53333292	-0.03511663
-28.49999959	-0.03526414
-28.46666626	-0.03540150
-28.43333293	-0.03539705
-28.39999959	-0.03544549
-28.36666626	-0.03571290
-28.33333293	-0.03579087
-28.29999959	-0.03595580
-28.26666626	-0.03600565
-28.23333293	-0.03614976
-28.19999959	-0.03624450
-28.16666626	-0.03634084
-28.13333293	-0.03649065
-28.09999960	-0.03652121
-28.06666626	-0.03664105
-28.03333293	-0.03667280
-27.99999960	-0.03680098
-27.96666626	-0.03686400
-27.93333293	-0.03678360
-27.89999960	-0.03685218
-27.86666626	-0.03677190
-27.83333293	-0.03668639
-27.79999960	-0.03662177
-27.76666627	-0.03650877
-27.73333293	-0.03626696
-27.69999960	-0.03614040
-27.66666627	-0.03588080
-27.63333293	-0.03580316
-27.59999960	-0.03544573
-27.56666627	-0.03518433
-27.53333293	-0.03492326
-27.49999960	-0.03463128
-27.46666627	-0.03432930
-27.43333293	-0.03394768
-27.39999960	-0.03351638
-27.36666627	-0.03315839
-27.33333294	-0.03290677
-27.29999960	-0.03254484
-27.26666627	-0.03213548
-27.23333294	-0.03171545
-27.19999960	-0.03150117
-27.16666627	-0.03120221
-27.13333294	-0.03080375
-27.09999960	-0.03055218
-27.06666627	-0.03033250
-27.03333294	-0.03017322
-26.99999961	-0.03004767
-26.96666627	-0.02976495
-26.93333294	-0.02966124
-26.89999961	-0.02951493
-26.86666627	-0.02952584
-26.83333294	-0.02957425
-26.79999961	-0.02967307
-26.76666627	-0.02968191
-26.73333294	-0.02986480
-26.69999961	-0.03022587
-26.66666628	-0.03032516
-26.63333294	-0.03081140
-26.59999961	-0.03116049
-26.56666628	-0.03157231
-26.53333294	-0.03192514
-26.49999961	-0.03243001
-26.46666628	-0.03302825
-26.43333294	-0.03354089
-26.39999961	-0.03410719
-26.36666628	-0.03466420
-26.33333295	-0.03534470
-26.29999961	-0.03582433
-26.26666628	-0.03660783
-26.23333295	-0.03718518
-26.19999961	-0.03772279
-26.16666628	-0.03833829
-26.13333295	-0.03895080
-26.09999961	-0.03944559
-26.06666628	-0.03994444
-26.03333295	-0.04040194
-25.99999962	-0.04095639
-25.96666628	-0.04140688
-25.93333295	-0.04183139
-25.89999962	-0.04219204
-25.86666628	-0.04253414
-25.83333295	-0.04275862
-25.79999962	-0.04294524
-25.76666628	-0.04308777
-25.73333295	-0.04329991
-25.69999962	-0.04340913
-25.66666628	-0.04352529
-25.63333295	-0.04352938
-25.59999962	-0.04336257
-25.56666629	-0.04330829
-25.53333295	-0.04307732
-25.49999962	-0.04316631
-25.46666629	-0.04297403
-25.43333295	-0.04275890
-25.39999962	-0.04249977
-25.36666629	-0.04231861
-25.33333295	-0.04211409
-25.29999962	-0.04196031
-25.26666629	-0.04154903
-25.23333296	-0.04141265
-25.19999962	-0.04123407
-25.16666629	-0.04098381
-25.13333296	-0.04081073
-25.09999962	-0.04062900
-25.06666629	-0.04042582
-25.03333296	-0.04021984
-24.99999962	-0.04015336
-24.96666629	-0.04002972
-24.93333296	-0.04002829
-24.89999963	-0.03998559
-24.86666629	-0.03987112
-24.83333296	-0.03998684
-24.79999963	-0.03981401
-24.76666629	-0.03978601
-24.73333296	-0.03985210
-24.69999963	-0.03991482
-24.66666629	-0.03983353
-24.63333296	-0.03984167
-24.59999963	-0.03987183
-24.56666630	-0.03980716
-24.53333296	-0.03978621
-24.49999963	-0.03961163
-24.46666630	-0.03952613
-24.43333296	-0.03940491
-24.39999963	-0.03946276
-24.36666630	-0.03927089
-24.33333296	-0.03907688
-24.29999963	-0.03896687
-24.26666630	-0.03870100
-24.23333297	-0.03850767
-24.19999963	-0.03824159
-24.16666630	-0.03796201
-24.13333297	-0.03771238
-24.09999963	-0.03752554
-24.06666630	-0.03731134
-24.03333297	-0.03710882
-23.99999963	-0.03680876
-23.96666630	-0.03657349
-23.93333297	-0.03642744
-23.89999963	-0.03635047
-23.86666630	-0.03614848
-23.83333297	-0.03610826
-23.79999964	-0.03608732
-23.76666630	-0.03609002
-23.73333297	-0.03618351
-23.69999964	-0.03626935
-23.66666630	-0.03642282
-23.63333297	-0.03671104
-23.59999964	-0.03707189
-23.56666630	-0.03736651
-23.53333297	-0.03784683
-23.49999964	-0.03832827
-23.46666631	-0.03911492
-23.43333297	-0.03980930
-23.39999964	-0.04054417
-23.36666631	-0.04134301
-23.33333297	-0.04228645
-23.29999964	-0.04324315
-23.26666631	-0.04432729
-23.23333297	-0.04562834
-23.19999964	-0.04679837
-23.16666631	-0.04811923
-23.13333298	-0.04951125
-23.09999964	-0.05087504
-23.06666631	-0.05234127
-23.03333298	-0.05394757
-22.99999964	-0.05546230
-22.96666631	-0.05707160
-22.93333298	-0.05870329
-22.89999964	-0.06049612
-22.86666631	-0.06216718
-22.83333298	-0.06376186
-22.79999965	-0.06554016
-22.76666631	-0.06721341
-22.73333298	-0.06878135
-22.69999965	-0.07041888
-22.66666631	-0.07190985
-22.63333298	-0.07345986
-22.59999965	-0.07495478
-22.56666631	-0.07622755
-22.53333298	-0.07751048
-22.49999965	-0.07874184
-22.46666632	-0.07975001
-22.43333298	-0.08064624
-22.39999965	-0.08155784
-22.36666632	-0.08213452
-22.33333298	-0.08277777
-22.29999965	-0.08318164
-22.26666632	-0.08337061
-22.23333298	-0.08344611
-22.19999965	-0.08343656
-22.16666632	-0.08321594
-22.13333298	-0.08268142
-22.09999965	-0.08212656
-22.06666632	-0.08139428
-22.03333299	-0.08035837
-21.99999965	-0.07936257
-21.96666632	-0.07812643
-21.93333299	-0.07683315
-21.89999965	-0.07528187
-21.86666632	-0.07357069
-21.83333299	-0.07184818
-21.79999965	-0.06997306
-21.76666632	-0.06798004
-21.73333299	-0.06591698
-21.69999966	-0.06371716
-21.66666632	-0.06145515
-21.63333299	-0.05922914
-21.59999966	-0.05683369
-21.56666632	-0.05449293
-21.53333299	-0.05198619
-21.49999966	-0.04972450
-21.46666632	-0.04737138
-21.43333299	-0.04509132
-21.39999966	-0.04279122
-21.36666633	-0.04064664
-21.33333299	-0.03846543
-21.29999966	-0.03646204
-21.26666633	-0.03444504
-21.23333299	-0.03247823
-21.19999966	-0.03073694
-21.16666633	-0.02907123
-21.13333299	-0.02759112
-21.09999966	-0.02604987
-21.06666633	-0.02468749
-21.03333300	-0.02343333
-20.99999966	-0.02242962
-20.96666633	-0.02136770
-20.93333300	-0.02045509
-20.89999966	-0.01968458
-20.86666633	-0.01897352
-20.83333300	-0.01846166
-20.79999966	-0.01801127
-20.76666633	-0.01769843
-20.73333300	-0.01725938
-20.69999967	-0.01707035
-20.66666633	-0.01696917
-20.63333300	-0.01692027
-20.59999967	-0.01681246
-20.56666633	-0.01693509
-20.53333300	-0.01700913
-20.49999967	-0.01712577
-20.46666633	-0.01730343
-20.43333300	-0.01751244
-20.39999967	-0.01782457
-20.36666633	-0.01815669
-20.33333300	-0.01852298
-20.29999967	-0.01878582
-20.26666634	-0.01915958
-20.23333300	-0.01943257
-20.19999967	-0.02000020
-20.16666634	-0.02041498
-20.13333300	-0.02074056
-20.09999967	-0.02119738
-20.06666634	-0.02176665
-20.03333300	-0.02218904
-19.99999967	-0.02270029
-19.96666634	-0.02327678
-19.93333301	-0.02387115
-19.89999967	-0.02444436
-19.86666634	-0.02494036
-19.83333301	-0.02552434
-19.79999967	-0.02617084
-19.76666634	-0.02679277
-19.73333301	-0.02737242
-19.69999967	-0.02805534
-19.66666634	-0.02866606
-19.63333301	-0.02929422
-19.59999968	-0.02990094
-19.56666634	-0.03059521
-19.53333301	-0.03146810
-19.49999968	-0.03197307
-19.46666634	-0.03259332
-19.43333301	-0.03328314
-19.39999968	-0.03398209
-19.36666634	-0.03460807
-19.33333301	-0.03529403
-19.29999968	-0.03589070
-19.26666635	-0.03644971
-19.23333301	-0.03696803
-19.19999968	-0.03749691
-19.16666635	-0.03807011
-19.13333301	-0.03842985
-19.09999968	-0.03897921
-19.06666635	-0.03936539
-19.03333301	-0.03964170
-18.99999968	-0.04004240
-18.96666635	-0.04047627
-18.93333301	-0.04071237
-18.89999968	-0.04117995
-18.86666635	-0.04131622
-18.83333302	-0.04169161
-18.79999968	-0.04186962
-18.76666635	-0.04205899
-18.73333302	-0.04233130
-18.69999968	-0.04234905
-18.66666635	-0.04247511
-18.63333302	-0.04271329
-18.59999968	-0.04282549
-18.56666635	-0.04290725
-18.53333302	-0.04307771
-18.49999969	-0.04313301
-18.46666635	-0.04319461
-18.43333302	-0.04317170
-18.39999969	-0.04325820
-18.36666635	-0.04331515
-18.33333302	-0.04332964
-18.29999969	-0.04339710
-18.26666635	-0.04347640
-18.23333302	-0.04349005
-18.19999969	-0.04352953
-18.16666636	-0.04353202
-18.13333302	-0.04359922
-18.09999969	-0.04356012
-18.06666636	-0.04356221
-18.03333302	-0.04371011
-17.99999969	-0.04374206
-17.96666636	-0.04379994
-17.93333302	-0.04381199
-17.89999969	-0.04396652
-17.86666636	-0.04389250
-17.83333303	-0.04412099
-17.79999969	-0.04409107
-17.76666636	-0.04418151
-17.73333303	-0.04419794
-17.69999969	-0.04432799
-17.66666636	-0.04443459
-17.63333303	-0.04455931
-17.59999969	-0.04463631
-17.56666636	-0.04463967
-17.53333303	-0.04466810
-17.49999970	-0.04478260
-17.46666636	-0.04493866
-17.43333303	-0.04496381
-17.39999970	-0.04493052
-17.36666636	-0.04499614
-17.33333303	-0.04512568
-17.29999970	-0.04515047
-17.26666636	-0.04520211
-17.23333303	-0.04523858
-17.19999970	-0.04526212
-17.16666636	-0.04524957
-17.13333303	-0.04527080
-17.09999970	-0.04517730
-17.06666637	-0.04503415
-17.03333303	-0.04509204
-16.99999970	-0.04509112
-16.96666637	-0.04485426
-16.93333303	-0.04476464
-16.89999970	-0.04450411
-16.86666637	-0.04438688
-16.83333303	-0.04424669
-16.79999970	-0.04393679
-16.76666637	-0.04373782
-16.73333304	-0.04344829
-16.69999970	-0.04306854
-16.66666637	-0.04282612
-16.63333304	-0.04254926
-16.59999970	-0.04214050
-16.56666637	-0.04173476
-16.53333304	-0.04138145
-16.49999970	-0.04102085
-16.46666637	-0.04061072
-16.43333304	-0.04017727
-16.39999971	-0.03975886
-16.36666637	-0.03936756
-16.33333304	-0.03892538
-16.29999971	-0.03853363
-16.26666637	-0.03817979
-16.23333304	-0.03775990
-16.19999971	-0.03733775
-16.16666637	-0.03700044
-16.13333304	-0.03662651
-16.09999971	-0.03622655
-16.06666638	-0.03590409
-16.03333304	-0.03558553
-15.99999971	-0.03530812
-15.96666638	-0.03502365
-15.93333304	-0.03483498
-15.89999971	-0.03462514
-15.86666638	-0.03435951
-15.83333304	-0.03433274
-15.79999971	-0.03406969
-15.76666638	-0.03389279
-15.73333305	-0.03378687
-15.69999971	-0.03379057
-15.66666638	-0.03377143
-15.63333305	-0.03367456
-15.59999971	-0.03365404
-15.56666638	-0.03369569
-15.53333305	-0.03360414
-15.49999971	-0.03375326
-15.46666638	-0.03371002
-15.43333305	-0.03357816
-15.39999971	-0.03349120
-15.36666638	-0.03351201
-15.33333305	-0.03337794
-15.29999972	-0.03331617
-15.26666638	-0.03316131
-15.23333305	-0.03291455
-15.19999972	-0.03280899
-15.16666638	-0.03262541
-15.13333305	-0.03228645
-15.09999972	-0.03207000
-15.06666638	-0.03182394
-15.03333305	-0.03144426
-14.99999972	-0.03108825
-14.96666639	-0.03066995
-14.93333305	-0.03043135
-14.89999972	-0.03005614
-14.86666639	-0.02964777
-14.83333305	-0.02929404
-14.79999972	-0.02888666
-14.76666639	-0.02848999
-14.73333305	-0.02810209
-14.69999972	-0.02788204
-14.66666639	-0.02750893
-14.63333306	-0.02720651
-14.59999972	-0.02696852
-14.56666639	-0.02671232
-14.53333306	-0.02641730
-14.49999972	-0.02624941
-14.46666639	-0.02609603
-14.43333306	-0.02593934
-14.39999972	-0.02579932
-14.36666639	-0.02573594
-14.33333306	-0.02579136
-14.29999973	-0.02581521
-14.26666639	-0.02580424
-14.23333306	-0.02586080
-14.19999973	-0.02599544
-14.16666639	-0.02617140
-14.13333306	-0.02636290
-14.09999973	-0.02649912
-14.06666639	-0.02678183
-14.03333306	-0.02687077
-13.99999973	-0.02719055
-13.96666640	-0.02746399
-13.93333306	-0.02770719
-13.89999973	-0.02795646
-13.86666640	-0.02820644
-13.83333306	-0.02855875
-13.79999973	-0.02891118
-13.76666640	-0.02917128
-13.73333306	-0.02944919
-13.69999973	-0.02968618
-13.66666640	-0.02996674
-13.63333306	-0.03003909
-13.59999973	-0.03031604
-13.56666640	-0.03047234
-13.53333307	-0.03060636
-13.49999973	-0.03076751
-13.46666640	-0.03105830
-13.43333307	-0.03096238
-13.39999973	-0.03118545
-13.36666640	-0.03128072
-13.33333307	-0.03126296
-13.29999973	-0.03137228
-13.26666640	-0.03130237
-13.23333307	-0.03132284
-13.19999974	-0.03129772
-13.16666640	-0.03134024
-13.13333307	-0.03129305
-13.09999974	-0.03122773
-13.06666640	-0.03118550
-13.03333307	-0.03112708
-12.99999974	-0.03108781
-12.96666640	-0.03102153
-12.93333307	-0.03099655
-12.89999974	-0.03108269
-12.86666641	-0.03091765
-12.83333307	-0.03083511
-12.79999974	-0.03092423
-12.76666641	-0.03083532
-12.73333307	-0.03086930
-12.69999974	-0.03083252
-12.66666641	-0.03085301
-12.63333307	-0.03089003
-12.59999974	-0.03099420
-12.56666641	-0.03110684
-12.53333308	-0.03113330
-12.49999974	-0.03124635
-12.46666641	-0.03139735
-12.43333308	-0.03159560
-12.39999974	-0.03170455
-12.36666641	-0.03185817
-12.33333308	-0.03219915
-12.29999974	-0.03228776
-12.26666641	-0.03247383
-12.23333308	-0.03284146
-12.19999975	-0.03306674
-12.16666641	-0.03328261
-12.13333308	-0.03356409
-12.09999975	-0.03389825
-12.06666641	-0.03429975
-12.03333308	-0.03462168
-11.99999975	-0.03486338
-11.96666641	-0.03517738
-11.93333308	-0.03556772
-11.89999975	-0.03596062
-11.86666641	-0.03624087
-11.83333308	-0.03661140
-11.79999975	-0.03704877
-11.76666642	-0.03725861
-11.73333308	-0.03762404
-11.69999975	-0.03783981
-11.66666642	-0.03825320
-11.63333308	-0.03844740
-11.59999975	-0.03869600
-11.56666642	-0.03890720
-11.53333308	-0.03908864
-11.49999975	-0.03924707
-11.46666642	-0.03938496
-11.43333309	-0.03946851
-11.39999975	-0.03954289
-11.36666642	-0.03956354
-11.33333309	-0.03955007
-11.29999975	-0.03950383
-11.26666642	-0.03950908
-11.23333309	-0.03951249
-11.19999975	-0.03929982
-11.16666642	-0.03926727
-11.13333309	-0.03908056
-11.09999976	-0.03888040
-11.06666642	-0.03875274
-11.03333309	-0.03855840
-10.99999976	-0.03842315
-10.96666642	-0.03823055
-10.93333309	-0.03803623
-10.89999976	-0.03785148
-10.86666642	-0.03777568
-10.83333309	-0.03766442
-10.79999976	-0.03748905
-10.76666643	-0.03744265
-10.73333309	-0.03712933
-10.69999976	-0.03702792
-10.66666643	-0.03691379
-10.63333309	-0.03684404
-10.59999976	-0.03678602
-10.56666643	-0.03672248
-10.53333309	-0.03659119
-10.49999976	-0.03651183
-10.46666643	-0.03648024
-10.43333310	-0.03627420
-10.39999976	-0.03634139
-10.36666643	-0.03619983
-10.33333310	-0.03606629
-10.29999976	-0.03604404
-10.26666643	-0.03591320
-10.23333310	-0.03585268
-10.19999976	-0.03579728
-10.16666643	-0.03549987
-10.13333310	-0.03551005
-10.09999976	-0.03532431
-10.06666643	-0.03503634
-10.03333310	-0.03469530
-9.99999977	-0.03435540
-9.96666643	-0.03403001
-9.93333310	-0.03375917
-9.89999977	-0.03335405
-9.86666643	-0.03292237
-9.83333310	-0.03254225
-9.79999977	-0.03206377
-9.76666643	-0.03146585
-9.73333310	-0.03092729
-9.69999977	-0.03034931
-9.66666644	-0.02968313
-9.63333310	-0.02916422
-9.59999977	-0.02851531
-9.56666644	-0.02794599
-9.53333310	-0.02717748
-9.49999977	-0.02666848
-9.46666644	-0.02599800
-9.43333310	-0.02538264
-9.39999977	-0.02467183
-9.36666644	-0.02412249
-9.33333311	-0.02355103
-9.29999977	-0.02300784
-9.26666644	-0.02267061
-9.23333311	-0.02222378
-9.19999977	-0.02177540
-9.16666644	-0.02132152
-9.13333311	-0.02110666
-9.09999977	-0.02084319
-9.06666644	-0.02076300
-9.03333311	-0.02064020
-8.99999978	-0.02068867
-8.96666644	-0.02074994
-8.93333311	-0.02080507
-8.89999978	-0.02100336
-8.86666644	-0.02111267
-8.83333311	-0.02158847
-8.79999978	-0.02178880
-8.76666644	-0.02218508
-8.73333311	-0.02258377
-8.69999978	-0.02295925
-8.66666645	-0.02360738
-8.63333311	-0.02408227
-8.59999978	-0.02468803
-8.56666645	-0.02525780
-8.53333311	-0.02588268
-8.49999978	-0.02633046
-8.46666645	-0.02686391
-8.43333311	-0.02758740
-8.39999978	-0.02808040
-8.36666645	-0.02878582
-8.33333311	-0.02925844
-8.29999978	-0.02980755
-8.26666645	-0.03040399
-8.23333312	-0.03086885
-8.19999978	-0.03144176
-8.16666645	-0.03177380
-8.13333312	-0.03218981
-8.09999978	-0.03253091
-8.06666645	-0.03287950
-8.03333312	-0.03304794
-7.99999978	-0.03334223
-7.96666645	-0.03343532
-7.93333312	-0.03353663
-7.89999979	-0.03368762
-7.86666645	-0.03384978
-7.83333312	-0.03386056
-7.79999979	-0.03374746
-7.76666645	-0.03362448
-7.73333312	-0.03371142
-7.69999979	-0.03348679
-7.66666645	-0.03346762
-7.63333312	-0.03328478
-7.59999979	-0.03317664
-7.56666646	-0.03283345
-7.53333312	-0.03285741
-7.49999979	-0.03260682
-7.46666646	-0.03243058
-7.43333312	-0.03221692
-7.39999979	-0.03205245
-7.36666646	-0.03190147
-7.33333312	-0.03171627
-7.29999979	-0.03146330
-7.26666646	-0.03124971
-7.23333313	-0.03111585
-7.19999979	-0.03103155
-7.16666646	-0.03096102
-7.13333313	-0.03094052
-7.09999979	-0.03091061
-7.06666646	-0.03090169
-7.03333313	-0.03099680
-6.99999979	-0.03104510
-6.96666646	-0.03133765
-6.93333313	-0.03141693
-6.89999980	-0.03163002
-6.86666646	-0.03186608
-6.83333313	-0.03229607
-6.79999980	-0.03263930
-6.76666646	-0.03296913
-6.73333313	-0.03344335
-6.69999980	-0.03381259
-6.66666646	-0.03423790
-6.63333313	-0.03479230
-6.59999980	-0.03529805
-6.56666646	-0.03578892
-6.53333313	-0.03631261
-6.49999980	-0.03683923
-6.46666647	-0.03726582
-6.43333313	-0.03791981
-6.39999980	-0.03844957
-6.36666647	-0.03885615
-6.33333313	-0.03932180
-6.29999980	-0.03982021
-6.26666647	-0.04035844
-6.23333313	-0.04075307
-6.19999980	-0.04110462
-6.16666647	-0.04145133
-6.13333314	-0.04184638
-6.09999980	-0.04203759
-6.06666647	-0.04230158
-6.03333314	-0.04245256
-5.99999980	-0.04270676
-5.96666647	-0.04277038
-5.93333314	-0.04288950
-5.89999980	-0.04283925
-5.86666647	-0.04291826
-5.83333314	-0.04292511
-5.79999981	-0.04298161
-5.76666647	-0.04291345
-5.73333314	-0.04294213
-5.69999981	-0.04289142
-5.66666647	-0.04262283
-5.63333314	-0.04252890
-5.59999981	-0.04236020
-5.56666647	-0.04229191
-5.53333314	-0.04218673
-5.49999981	-0.04198578
-5.46666648	-0.04187485
-5.43333314	-0.04184850
-5.39999981	-0.04164714
-5.36666648	-0.04165893
-5.33333314	-0.04153031
-5.29999981	-0.04137609
-5.26666648	-0.04128680
-5.23333314	-0.04128055
-5.19999981	-0.04115052
-5.16666648	-0.04112836
-5.13333315	-0.04103869
-5.09999981	-0.04114536
-5.06666648	-0.04103901
-5.03333315	-0.04109265
-4.99999981	-0.04112886
-4.96666648	-0.04109487
-4.93333315	-0.04109204
-4.89999981	-0.04124162
-4.86666648	-0.04117553
-4.83333315	-0.04112330
-4.79999981	-0.04103744
-4.76666648	-0.04103355
-4.73333315	-0.04084828
-4.69999982	-0.04096837
-4.66666648	-0.04080619
-4.63333315	-0.04068285
-4.59999982	-0.04056103
-4.56666648	-0.04036984
-4.53333315	-0.04007087
-4.49999982	-0.03985168
-4.46666648	-0.03951873
-4.43333315	-0.03923423
-4.39999982	-0.03890065
-4.36666649	-0.03855356
-4.33333315	-0.03809939
-4.29999982	-0.03770663
-4.26666649	-0.03716683
-4.23333315	-0.03672310
-4.19999982	-0.03614129
-4.16666649	-0.03559987
-4.13333315	-0.03510427
-4.09999982	-0.03467786
-4.06666649	-0.03413503
-4.03333316	-0.03355826
-3.99999982	-0.03300508
-3.96666649	-0.03252940
-3.93333316	-0.03207362
-3.89999982	-0.03170759
-3.86666649	-0.03130806
-3.83333316	-0.03092815
-3.79999982	-0.03046593
-3.76666649	-0.03023519
-3.73333316	-0.03006844
-3.69999983	-0.02983362
-3.66666649	-0.02963400
-3.63333316	-0.02949951
-3.59999983	-0.02949584
-3.56666649	-0.02952192
-3.53333316	-0.02962618
-3.49999983	-0.02971329
-3.46666649	-0.02978371
-3.43333316	-0.03010908
-3.39999983	-0.03047024
-3.36666650	-0.03091605
-3.33333316	-0.03134744
-3.29999983	-0.03189181
-3.26666650	-0.03233794
-3.23333316	-0.03290170
-3.19999983	-0.03362674
-3.16666650	-0.03434811
-3.13333316	-0.03503990
-3.09999983	-0.03585135
-3.06666650	-0.03674724
-3.03333316	-0.03764963
-2.99999983	-0.03860205
-2.96666650	-0.03971531
-2.93333317	-0.04054185
-2.89999983	-0.04172858
-2.86666650	-0.04285677
-2.83333317	-0.04400226
-2.79999983	-0.04511375
-2.76666650	-0.04639399
-2.73333317	-0.04749492
-2.69999983	-0.04889141
-2.66666650	-0.05019073
-2.63333317	-0.05147398
-2.59999984	-0.05272003
-2.56666650	-0.05414661
-2.53333317	-0.05539979
-2.49999984	-0.05677125
-2.46666650	-0.05805433
-2.43333317	-0.05932379
-2.39999984	-0.06056457
-2.36666650	-0.06181430
-2.33333317	-0.06301440
-2.29999984	-0.06416778
-2.26666651	-0.06530333
-2.23333317	-0.06637828
-2.19999984	-0.06754333
-2.16666651	-0.06839539
-2.13333317	-0.06943172
-2.09999984	-0.07027164
-2.06666651	-0.07123620
-2.03333317	-0.07196863
-1.99999984	-0.07271603
-1.96666651	-0.07346821
-1.93333318	-0.07414109
-1.89999984	-0.07469946
-1.86666651	-0.07523941
-1.83333318	-0.07574736
-1.79999984	-0.07625224
-1.76666651	-0.07657726
-1.73333318	-0.07691136
-1.69999984	-0.07717595
-1.66666651	-0.07739769
-1.63333318	-0.07764991
-1.59999985	-0.07782746
-1.56666651	-0.07794673
-1.53333318	-0.07803094
-1.49999985	-0.07808141
-1.46666651	-0.07807985
-1.43333318	-0.07802882
-1.39999985	-0.07788926
-1.36666651	-0.07776510
-1.33333318	-0.07767145
-1.29999985	-0.07743364
-1.26666651	-0.07706366
-1.23333318	-0.07664023
-1.19999985	-0.07629030
-1.16666652	-0.07607322
-1.13333318	-0.07545657
-1.09999985	-0.07500798
-1.06666652	-0.07439637
-1.03333318	-0.07365286
-0.99999985	-0.07302117
-0.96666652	-0.07218720
-0.93333318	-0.07144481
-0.89999985	-0.07056116
-0.86666652	-0.06966800
-0.83333319	-0.06868316
-0.79999985	-0.06764688
-0.76666652	-0.06658401
-0.73333319	-0.06551028
-0.69999985	-0.06432715
-0.66666652	-0.06303581
-0.63333319	-0.06172233
-0.59999985	-0.06040953
-0.56666652	-0.05902037
-0.53333319	-0.05739891
-0.49999986	-0.05606895
-0.46666652	-0.05453290
-0.43333319	-0.05292907
-0.39999986	-0.05142700
-0.36666652	-0.04978646
-0.33333319	-0.04811366
-0.29999986	-0.04637528
-0.26666652	-0.04465007
-0.23333319	-0.04313671
-0.19999986	-0.04141383
-0.16666653	-0.03979087
-0.13333319	-0.03812155
-0.09999986	-0.03647512
-0.06666653	-0.03483548
-0.03333319	-0.03315016
0.00000014	-0.03169423
0.03333347	-0.03013393
0.06666681	-0.02872196
0.10000014	-0.02723776
0.13333347	-0.02589066
0.16666680	-0.02451370
0.20000014	-0.02318682
0.23333347	-0.02190779
0.26666680	-0.02065438
0.30000014	-0.01959837
0.33333347	-0.01843561
0.36666680	-0.01735021
0.40000014	-0.01636364
0.43333347	-0.01537427
0.46666680	-0.01454137
0.50000014	-0.01359618
0.53333347	-0.01283380
0.56666680	-0.01200750
0.60000013	-0.01124344
0.63333347	-0.01053780
0.66666680	-0.00992107
0.70000013	-0.00929329
0.73333347	-0.00868599
0.76666680	-0.00805736
0.80000013	-0.00742914
0.83333347	-0.00697431
0.86666680	-0.00627040
0.90000013	-0.00590838
0.93333346	-0.00534918
0.96666680	-0.00486405
1.00000013	-0.00440820
1.03333346	-0.00394021
1.06666680	-0.00338113
1.10000013	-0.00298590
1.13333346	-0.00247414
1.16666680	-0.00206413
1.20000013	-0.00177481
1.23333346	-0.00141671
1.26666679	-0.00092711
1.30000013	-0.00057098
1.33333346	-0.00025500
1.36666679	0.00010425
1.40000013	0.00046047
1.43333346	0.00081806
1.46666679	0.00098129
1.50000013	0.00132635
1.53333346	0.00153468
1.56666679	0.00176822
1.60000012	0.00207683
1.63333346	0.00226925
1.66666679	0.00241679
1.70000012	0.00253428
1.73333346	0.00262875
1.76666679	0.00283370
1.80000012	0.00293798
1.83333346	0.00302832
1.86666679	0.00314344
1.90000012	0.00321438
1.93333345	0.00319634
1.96666679	0.00326974
2.00000012	0.00325851
2.03333345	0.00321772
2.06666679	0.00329681
2.10000012	0.00333144
2.13333345	0.00329552
2.16666679	0.00312109
2.20000012	0.00331402
2.23333345	0.00321729
2.26666679	0.00319739
2.30000012	0.00320915
2.33333345	0.00323706
2.36666678	0.00307338
2.40000012	0.00305146
2.43333345	0.00305687
2.46666678	0.00287821
2.50000012	0.00289117
2.53333345	0.00271326
2.56666678	0.00277408
2.60000012	0.00263159
2.63333345	0.00257846
2.66666678	0.00259002
2.70000011	0.00242770
2.73333345	0.00231735
2.76666678	0.00230245
2.80000011	0.00221553
2.83333345	0.00204760
2.86666678	0.00199942
2.90000011	0.00198772
2.93333345	0.00184815
2.96666678	0.00167509
3.00000011	0.00155397
3.03333344	0.00133712
3.06666678	0.00117259
3.10000011	0.00089089
3.13333344	0.00057123
3.16666678	0.00032047
3.20000011	0.00001947
3.23333344	-0.00020152
3.26666678	-0.00068459
3.30000011	-0.00097514
3.33333344	-0.00143442
3.36666677	-0.00192891
3.40000011	-0.00243118
3.43333344	-0.00292595
3.46666677	-0.00357209
3.50000011	-0.00420722
3.53333344	-0.00487979
3.56666677	-0.00549406
3.60000011	-0.00621458
3.63333344	-0.00698684
3.66666677	-0.00771047
3.70000011	-0.00857280
3.73333344	-0.00933756
3.76666677	-0.01023677
3.80000010	-0.01108976
3.83333344	-0.01203783
3.86666677	-0.01285284
3.90000010	-0.01377602
3.93333344	-0.01463953
3.96666677	-0.01573886
4.00000010	-0.01657400
4.03333344	-0.01754139
4.06666677	-0.01840501
4.10000010	-0.01940464
4.13333343	-0.02031126
4.16666677	-0.02114687
4.20000010	-0.02213212
4.23333343	-0.02289216
4.26666677	-0.02368769
4.30000010	-0.02441149
4.33333343	-0.02518371
4.36666677	-0.02589509
4.40000010	-0.02660059
4.43333343	-0.02716766
4.46666676	-0.02795301
4.50000010	-0.02832749
4.53333343	-0.02891765
4.56666676	-0.02939542
4.60000010	-0.02958150
4.63333343	-0.03002824
4.66666676	-0.03032443
4.70000010	-0.03056751
4.73333343	-0.03088785
4.76666676	-0.03108666
4.80000009	-0.03130290
4.83333343	-0.03142048
4.86666676	-0.03145171
4.90000009	-0.03155374
4.93333343	-0.03156787
4.96666676	-0.03167476
5.00000009	-0.03158491
5.03333343	-0.03161880
5.06666676	-0.03169827
5.10000009	-0.03159909
5.13333342	-0.03162386
5.16666676	-0.03166905
5.20000009	-0.03164739
5.23333342	-0.03173049
5.26666676	-0.03168995
5.30000009	-0.03169610
5.33333342	-0.03173108
5.36666676	-0.03180428
5.40000009	-0.03192363
5.43333342	-0.03207221
5.46666676	-0.03227810
5.50000009	-0.03238418
5.53333342	-0.03246519
5.56666675	-0.03270420
5.60000009	-0.03301340
5.63333342	-0.03309378
5.66666675	-0.03327148
5.70000009	-0.03355878
5.73333342	-0.03374613
5.76666675	-0.03397162
5.80000009	-0.03411625
5.83333342	-0.03432061
5.86666675	-0.03445719
5.90000008	-0.03474341
5.93333342	-0.03484588
5.96666675	-0.03503347
6.00000008	-0.03514691
6.03333342	-0.03523546
6.06666675	-0.03531638
6.10000008	-0.03529804
6.13333342	-0.03553707
6.16666675	-0.03551720
6.20000008	-0.03555514
6.23333341	-0.03558423
6.26666675	-0.03566161
6.30000008	-0.03557953
6.33333341	-0.03557233
6.36666675	-0.03547218
6.40000008	-0.03548129
6.43333341	-0.03545259
6.46666675	-0.03535501
6.50000008	-0.03533992
6.53333341	-0.03528414
6.56666674	-0.03518929
6.60000008	-0.03522189
6.63333341	-0.03516348
6.66666674	-0.03516338
6.70000008	-0.03520832
6.73333341	-0.03519893
6.76666674	-0.03522727
6.80000008	-0.03537775
6.83333341	-0.03532754
6.86666674	-0.03549110
6.90000007	-0.03576171
6.93333341	-0.03587987
6.96666674	-0.03611776
7.00000007	-0.03629134
7.03333341	-0.03650924
7.06666674	-0.03681168
7.10000007	-0.03716143
7.13333341	-0.03735237
7.16666674	-0.03763208
7.20000007	-0.03799922
7.23333341	-0.03817714
7.26666674	-0.03853530
7.30000007	-0.03886309
7.33333340	-0.03910006
7.36666674	-0.03930447
7.40000007	-0.03965625
7.43333340	-0.03992183
7.46666674	-0.03999099
7.50000007	-0.04016671
7.53333340	-0.04034556
7.56666674	-0.04060205
7.60000007	-0.04060478
7.63333340	-0.04052882
7.66666673	-0.04063473
7.70000007	-0.04062787
7.73333340	-0.04040626
7.76666673	-0.04048612
7.80000007	-0.04023391
7.83333340	-0.04003148
7.86666673	-0.03983857
7.90000007	-0.03966211
7.93333340	-0.03930626
7.96666673	-0.03900025
8.00000006	-0.03862537
8.03333340	-0.03836560
8.06666673	-0.03796518
8.10000006	-0.03758701
8.13333340	-0.03722830
8.16666673	-0.03687909
8.20000006	-0.03659543
8.23333340	-0.03617315
8.26666673	-0.03581283
8.30000006	-0.03548089
8.33333339	-0.03519382
8.36666673	-0.03480755
8.40000006	-0.03449591
8.43333339	-0.03421123
8.46666673	-0.03397764
8.50000006	-0.03381558
8.53333339	-0.03346820
8.56666673	-0.03346010
8.60000006	-0.03335384
8.63333339	-0.03322446
8.66666672	-0.03317587
8.70000006	-0.03308740
8.73333339	-0.03315926
8.76666672	-0.03313143
8.80000006	-0.03304169
8.83333339	-0.03317980
8.86666672	-0.03326634
8.90000006	-0.03334224
8.93333339	-0.03336369
8.96666672	-0.03344447
9.00000006	-0.03341885
9.03333339	-0.03343354
9.06666672	-0.03354088
9.10000005	-0.03358609
9.13333339	-0.03363153
9.16666672	-0.03356530
9.20000005	-0.03366903
9.23333339	-0.03348636
9.26666672	-0.03350888
9.30000005	-0.03347892
9.33333339	-0.03346997
9.36666672	-0.03328026
9.40000005	-0.03315165
9.43333338	-0.03301002
9.46666672	-0.03279769
9.50000005	-0.03264914
9.53333338	-0.03242110
9.56666672	-0.03214145
9.60000005	-0.03192707
9.63333338	-0.03170022
9.66666672	-0.03138371
9.70000005	-0.03101880
9.73333338	-0.03067805
9.76666671	-0.03036336
9.80000005	-0.03004739
9.83333338	-0.02965379
9.86666671	-0.02924389
9.90000005	-0.02898089
9.93333338	-0.02873226
9.96666671	-0.02831712
10.00000005	-0.02795351
10.03333338	-0.02760265
10.06666671	-0.02722246
10.10000004	-0.02689531
10.13333338	-0.02656677
10.16666671	-0.02618317
10.20000004	-0.02588744
10.23333338	-0.02559213
10.26666671	-0.02526703
10.30000004	-0.02496963
10.33333338	-0.02466640
10.36666671	-0.02436776
10.40000004	-0.02412474
10.43333337	-0.02386099
10.46666671	-0.02354168
10.50000004	-0.02331430
10.53333337	-0.02296740
10.56666671	-0.02282716
10.60000004	-0.02253503
10.63333337	-0.02232364
10.66666671	-0.02209123
10.70000004	-0.02192206
10.73333337	-0.02161391
10.76666671	-0.02140550
10.80000004	-0.02119241
10.83333337	-0.02089577
10.86666670	-0.02066530
10.90000004	-0.02044739
10.93333337	-0.02020679
10.96666670	-0.01997186
11.00000004	-0.01965237
11.03333337	-0.01945353
11.06666670	-0.01923623
11.10000004	-0.01898878
11.13333337	-0.01874608
11.16666670	-0.01845354
11.20000003	-0.01817063
11.23333337	-0.01793060
11.26666670	-0.01769555
11.30000003	-0.01745659
11.33333337	-0.01714318
11.36666670	-0.01693807
11.40000003	-0.01660806
11.43333337	-0.01632110
11.46666670	-0.01607416
11.50000003	-0.01579844
11.53333336	-0.01550571
11.56666670	-0.01521115
11.60000003	-0.01500539
11.63333336	-0.01475333
11.66666670	-0.01445157
11.70000003	-0.01420353
11.73333336	-0.01399382
11.76666670	-0.01369951
11.80000003	-0.01343531
11.83333336	-0.01321174
11.86666669	-0.01294750
11.90000003	-0.01270351
11.93333336	-0.01248716
11.96666669	-0.01226121
12.00000003	-0.01199946
12.03333336	-0.01180340
12.06666669	-0.01156409
12.10000003	-0.01134465
12.13333336	-0.01113152
12.16666669	-0.01091949
12.20000002	-0.01069645
12.23333336	-0.01048677
12.26666669	-0.01025644
12.30000002	-0.01000938
12.33333336	-0.00984938
12.36666669	-0.00962949
12.40000002	-0.00941921
12.43333336	-0.00919771
12.46666669	-0.00900855
12.50000002	-0.00878744
12.53333336	-0.00859513
12.56666669	-0.00837781
12.60000002	-0.00815944
12.63333335	-0.00796171
12.66666669	-0.00776845
12.70000002	-0.00757220
12.73333335	-0.00737833
12.76666669	-0.00718489
12.80000002	-0.00699803
12.83333335	-0.00679254
12.86666669	-0.00660996
12.90000002	-0.00642537
12.93333335	-0.00625069
12.96666668	-0.00607013
13.00000002	-0.00588235
13.03333335	-0.00569446
13.06666668	-0.00553026
13.10000002	-0.00536371
13.13333335	-0.00518234
13.16666668	-0.00499938
13.20000002	-0.00483101
13.23333335	-0.00467593
13.26666668	-0.00451771
13.30000001	-0.00434801
13.33333335	-0.00417651
13.36666668	-0.00402346
13.40000001	-0.00385960
13.43333335	-0.00369711
13.46666668	-0.00354890
13.50000001	-0.00339689
13.53333335	-0.00324416
13.56666668	-0.00309491
13.60000001	-0.00295411
13.63333334	-0.00281628
13.66666668	-0.00267338
13.70000001	-0.00252936
13.73333334	-0.00239213
13.76666668	-0.00225537
13.80000001	-0.00212532
13.83333334	-0.00199439
13.86666668	-0.00186940
13.90000001	-0.00174819
13.93333334	-0.00163166
13.96666667	-0.00151723
14.00000001	-0.00140864
14.03333334	-0.00130141
14.06666667	-0.00119894
14.10000001	-0.00110116
14.13333334	-0.00100749
14.16666667	-0.00091934
14.20000001	-0.00083728
14.23333334	-0.00075749
14.26666667	-0.00068186
14.30000001	-0.00061110
14.33333334	-0.00054284
14.36666667	-0.00047980
14.40000000	-0.00042041
14.43333334	-0.00036652
14.46666667	-0.00031614
14.50000000	-0.00026791
14.53333334	-0.00022464
14.56666667	-0.00018599
14.60000000	-0.00015076
14.63333334	-0.00011904
14.66666667	-0.00009129
14.70000000	-0.00006714
14.73333333	-0.00004673
14.76666667	-0.00002996
14.80000000	-0.00001690
14.83333333	-0.00000752
14.86666667	-0.00000189
14.90000000	0.00000000
