# Menlo Systems GmbH ScanControl
# Program Version 1.3.3
# Start: -65.00000000 ps, Average over 1000 waveforms. Timestamp: 2020-07-02T18:03:08
# Time [ps]	THz Signal [a.u.]
-65.06666601	0.00000000
-65.03333268	0.00000002
-64.99999935	0.00000008
-64.96666601	0.00000017
-64.93333268	0.00000027
-64.89999935	0.00000035
-64.86666601	0.00000047
-64.83333268	0.00000089
-64.79999935	0.00000074
-64.76666601	0.00000099
-64.73333268	0.00000014
-64.69999935	0.00000102
-64.66666602	0.00000013
-64.63333268	-0.00000056
-64.59999935	0.00000056
-64.56666602	-0.00000106
-64.53333268	-0.00000120
-64.49999935	-0.00000249
-64.46666602	-0.00000213
-64.43333268	-0.00000278
-64.39999935	-0.00000370
-64.36666602	-0.00000415
-64.33333268	-0.00000692
-64.29999935	-0.00000597
-64.26666602	-0.00000743
-64.23333269	-0.00001030
-64.19999935	-0.00001079
-64.16666602	-0.00001233
-64.13333269	-0.00001434
-64.09999935	-0.00001875
-64.06666602	-0.00001923
-64.03333269	-0.00002252
-63.99999935	-0.00002538
-63.96666602	-0.00002863
-63.93333269	-0.00002653
-63.89999936	-0.00003059
-63.86666602	-0.00003609
-63.83333269	-0.00004576
-63.79999936	-0.00004517
-63.76666602	-0.00004306
-63.73333269	-0.00005584
-63.69999936	-0.00006367
-63.66666602	-0.00006386
-63.63333269	-0.00007029
-63.59999936	-0.00007145
-63.56666602	-0.00008025
-63.53333269	-0.00008544
-63.49999936	-0.00008954
-63.46666603	-0.00009462
-63.43333269	-0.00009542
-63.39999936	-0.00010332
-63.36666603	-0.00010652
-63.33333269	-0.00011800
-63.29999936	-0.00011932
-63.26666603	-0.00013367
-63.23333269	-0.00013460
-63.19999936	-0.00012520
-63.16666603	-0.00012671
-63.13333269	-0.00013780
-63.09999936	-0.00014201
-63.06666603	-0.00014310
-63.03333270	-0.00013759
-62.99999936	-0.00014306
-62.96666603	-0.00013436
-62.93333270	-0.00013337
-62.89999936	-0.00013075
-62.86666603	-0.00013020
-62.83333270	-0.00012596
-62.79999936	-0.00012795
-62.76666603	-0.00011793
-62.73333270	-0.00011461
-62.69999936	-0.00009854
-62.66666603	-0.00009405
-62.63333270	-0.00009415
-62.59999937	-0.00010052
-62.56666603	-0.00007379
-62.53333270	-0.00006444
-62.49999937	-0.00006529
-62.46666603	-0.00006447
-62.43333270	-0.00003563
-62.39999937	-0.00002378
-62.36666603	-0.00000439
-62.33333270	0.00001597
-62.29999937	0.00002918
-62.26666604	0.00002248
-62.23333270	0.00003887
-62.19999937	0.00007282
-62.16666604	0.00010340
-62.13333270	0.00008606
-62.09999937	0.00011801
-62.06666604	0.00015179
-62.03333270	0.00018657
-61.99999937	0.00021466
-61.96666604	0.00024644
-61.93333270	0.00028016
-61.89999937	0.00027611
-61.86666604	0.00036497
-61.83333271	0.00035502
-61.79999937	0.00038863
-61.76666604	0.00042188
-61.73333271	0.00047250
-61.69999937	0.00046063
-61.66666604	0.00050348
-61.63333271	0.00061009
-61.59999937	0.00062699
-61.56666604	0.00066204
-61.53333271	0.00070259
-61.49999937	0.00071275
-61.46666604	0.00070715
-61.43333271	0.00077579
-61.39999938	0.00081475
-61.36666604	0.00084348
-61.33333271	0.00089575
-61.29999938	0.00093006
-61.26666604	0.00099821
-61.23333271	0.00101993
-61.19999938	0.00105352
-61.16666604	0.00107406
-61.13333271	0.00109912
-61.09999938	0.00111464
-61.06666604	0.00113317
-61.03333271	0.00115326
-60.99999938	0.00115984
-60.96666605	0.00119783
-60.93333271	0.00120439
-60.89999938	0.00120885
-60.86666605	0.00120948
-60.83333271	0.00125522
-60.79999938	0.00122933
-60.76666605	0.00120065
-60.73333271	0.00124896
-60.69999938	0.00123835
-60.66666605	0.00124823
-60.63333272	0.00120245
-60.59999938	0.00117221
-60.56666605	0.00116718
-60.53333272	0.00109794
-60.49999938	0.00107184
-60.46666605	0.00107825
-60.43333272	0.00102298
-60.39999938	0.00094636
-60.36666605	0.00090058
-60.33333272	0.00087071
-60.29999938	0.00078594
-60.26666605	0.00072106
-60.23333272	0.00067772
-60.19999939	0.00053091
-60.16666605	0.00051357
-60.13333272	0.00040907
-60.09999939	0.00032726
-60.06666605	0.00025307
-60.03333272	0.00007222
-59.99999939	0.00010487
-59.96666605	0.00000969
-59.93333272	-0.00012467
-59.89999939	-0.00016299
-59.86666605	-0.00026215
-59.83333272	-0.00037111
-59.79999939	-0.00043626
-59.76666606	-0.00042970
-59.73333272	-0.00049800
-59.69999939	-0.00061482
-59.66666606	-0.00065936
-59.63333272	-0.00072673
-59.59999939	-0.00076407
-59.56666606	-0.00087890
-59.53333272	-0.00091649
-59.49999939	-0.00097617
-59.46666606	-0.00100086
-59.43333272	-0.00107338
-59.39999939	-0.00113215
-59.36666606	-0.00123966
-59.33333273	-0.00132567
-59.29999939	-0.00126804
-59.26666606	-0.00126524
-59.23333273	-0.00124402
-59.19999939	-0.00130417
-59.16666606	-0.00124052
-59.13333273	-0.00125720
-59.09999939	-0.00130776
-59.06666606	-0.00129645
-59.03333273	-0.00121626
-58.99999940	-0.00116991
-58.96666606	-0.00125652
-58.93333273	-0.00119602
-58.89999940	-0.00102553
-58.86666606	-0.00104871
-58.83333273	-0.00113470
-58.79999940	-0.00103919
-58.76666606	-0.00098209
-58.73333273	-0.00102957
-58.69999940	-0.00109013
-58.66666606	-0.00106312
-58.63333273	-0.00101532
-58.59999940	-0.00095328
-58.56666607	-0.00095656
-58.53333273	-0.00096265
-58.49999940	-0.00096607
-58.46666607	-0.00090847
-58.43333273	-0.00084982
-58.39999940	-0.00083129
-58.36666607	-0.00086873
-58.33333273	-0.00082144
-58.29999940	-0.00077709
-58.26666607	-0.00073933
-58.23333273	-0.00076866
-58.19999940	-0.00080410
-58.16666607	-0.00072488
-58.13333274	-0.00070580
-58.09999940	-0.00070204
-58.06666607	-0.00078225
-58.03333274	-0.00078306
-57.99999940	-0.00069628
-57.96666607	-0.00081857
-57.93333274	-0.00079488
-57.89999940	-0.00066586
-57.86666607	-0.00061584
-57.83333274	-0.00069592
-57.79999940	-0.00071929
-57.76666607	-0.00064997
-57.73333274	-0.00066844
-57.69999941	-0.00056126
-57.66666607	-0.00059854
-57.63333274	-0.00056256
-57.59999941	-0.00051700
-57.56666607	-0.00050066
-57.53333274	-0.00048745
-57.49999941	-0.00045661
-57.46666607	-0.00042731
-57.43333274	-0.00041972
-57.39999941	-0.00042766
-57.36666608	-0.00053125
-57.33333274	-0.00038388
-57.29999941	-0.00030924
-57.26666608	-0.00025810
-57.23333274	-0.00033066
-57.19999941	-0.00014535
-57.16666608	-0.00014866
-57.13333274	-0.00014773
-57.09999941	-0.00001499
-57.06666608	-0.00005362
-57.03333274	-0.00005020
-56.99999941	0.00001868
-56.96666608	0.00016147
-56.93333275	0.00007274
-56.89999941	0.00016260
-56.86666608	0.00014977
-56.83333275	0.00009943
-56.79999941	0.00020546
-56.76666608	0.00014950
-56.73333275	0.00024923
-56.69999941	0.00028815
-56.66666608	0.00027758
-56.63333275	0.00022004
-56.59999941	0.00029777
-56.56666608	0.00040736
-56.53333275	0.00042255
-56.49999942	0.00042891
-56.46666608	0.00032794
-56.43333275	0.00043302
-56.39999942	0.00053136
-56.36666608	0.00054605
-56.33333275	0.00052204
-56.29999942	0.00060009
-56.26666608	0.00060790
-56.23333275	0.00055189
-56.19999942	0.00068418
-56.16666608	0.00064846
-56.13333275	0.00076442
-56.09999942	0.00073643
-56.06666609	0.00078377
-56.03333275	0.00067029
-55.99999942	0.00083111
-55.96666609	0.00076774
-55.93333275	0.00089145
-55.89999942	0.00078646
-55.86666609	0.00086070
-55.83333275	0.00082643
-55.79999942	0.00079791
-55.76666609	0.00089389
-55.73333276	0.00096398
-55.69999942	0.00108950
-55.66666609	0.00094643
-55.63333276	0.00107536
-55.59999942	0.00098647
-55.56666609	0.00105471
-55.53333276	0.00101796
-55.49999942	0.00115528
-55.46666609	0.00108604
-55.43333276	0.00098278
-55.39999942	0.00101455
-55.36666609	0.00113522
-55.33333276	0.00105254
-55.29999943	0.00114735
-55.26666609	0.00117427
-55.23333276	0.00107701
-55.19999943	0.00105250
-55.16666609	0.00099699
-55.13333276	0.00102852
-55.09999943	0.00100073
-55.06666609	0.00101436
-55.03333276	0.00093696
-54.99999943	0.00094827
-54.96666609	0.00089802
-54.93333276	0.00090022
-54.89999943	0.00093054
-54.86666610	0.00088179
-54.83333276	0.00089776
-54.79999943	0.00093093
-54.76666610	0.00087686
-54.73333276	0.00089376
-54.69999943	0.00090711
-54.66666610	0.00080556
-54.63333276	0.00085350
-54.59999943	0.00079471
-54.56666610	0.00081105
-54.53333276	0.00072078
-54.49999943	0.00080704
-54.46666610	0.00067527
-54.43333277	0.00075210
-54.39999943	0.00078970
-54.36666610	0.00068972
-54.33333277	0.00077845
-54.29999943	0.00077092
-54.26666610	0.00069544
-54.23333277	0.00076759
-54.19999943	0.00065050
-54.16666610	0.00061286
-54.13333277	0.00062710
-54.09999944	0.00059646
-54.06666610	0.00055318
-54.03333277	0.00066642
-53.99999944	0.00051714
-53.96666610	0.00045574
-53.93333277	0.00051407
-53.89999944	0.00041801
-53.86666610	0.00045250
-53.83333277	0.00048434
-53.79999944	0.00050929
-53.76666610	0.00041179
-53.73333277	0.00037365
-53.69999944	0.00041448
-53.66666611	0.00038889
-53.63333277	0.00034795
-53.59999944	0.00029190
-53.56666611	0.00036257
-53.53333277	0.00031127
-53.49999944	0.00036241
-53.46666611	0.00026162
-53.43333277	0.00030340
-53.39999944	0.00020615
-53.36666611	0.00021065
-53.33333277	0.00007632
-53.29999944	0.00007538
-53.26666611	0.00016391
-53.23333278	0.00005164
-53.19999944	0.00011425
-53.16666611	0.00007504
-53.13333278	0.00017598
-53.09999944	0.00013412
-53.06666611	0.00016537
-53.03333278	0.00027453
-52.99999944	0.00039293
-52.96666611	0.00030851
-52.93333278	0.00025951
-52.89999944	0.00034856
-52.86666611	0.00036719
-52.83333278	0.00036805
-52.79999945	0.00054565
-52.76666611	0.00052014
-52.73333278	0.00047159
-52.69999945	0.00047611
-52.66666611	0.00054801
-52.63333278	0.00057833
-52.59999945	0.00077902
-52.56666611	0.00077876
-52.53333278	0.00081614
-52.49999945	0.00086139
-52.46666612	0.00090764
-52.43333278	0.00092128
-52.39999945	0.00093104
-52.36666612	0.00101372
-52.33333278	0.00095808
-52.29999945	0.00102805
-52.26666612	0.00097967
-52.23333278	0.00103241
-52.19999945	0.00110696
-52.16666612	0.00118073
-52.13333278	0.00121725
-52.09999945	0.00121418
-52.06666612	0.00122573
-52.03333279	0.00133564
-51.99999945	0.00133939
-51.96666612	0.00139378
-51.93333279	0.00142328
-51.89999945	0.00130868
-51.86666612	0.00149484
-51.83333279	0.00140924
-51.79999945	0.00144298
-51.76666612	0.00133486
-51.73333279	0.00144843
-51.69999945	0.00152638
-51.66666612	0.00147804
-51.63333279	0.00148219
-51.59999946	0.00139005
-51.56666612	0.00147950
-51.53333279	0.00140031
-51.49999946	0.00139389
-51.46666612	0.00144108
-51.43333279	0.00140323
-51.39999946	0.00138179
-51.36666612	0.00137929
-51.33333279	0.00134862
-51.29999946	0.00127926
-51.26666612	0.00126496
-51.23333279	0.00131312
-51.19999946	0.00132052
-51.16666613	0.00140835
-51.13333279	0.00128871
-51.09999946	0.00124666
-51.06666613	0.00119380
-51.03333279	0.00116225
-50.99999946	0.00124178
-50.96666613	0.00118743
-50.93333279	0.00127423
-50.89999946	0.00133889
-50.86666613	0.00138297
-50.83333280	0.00132481
-50.79999946	0.00134239
-50.76666613	0.00132071
-50.73333280	0.00126453
-50.69999946	0.00131060
-50.66666613	0.00134339
-50.63333280	0.00126916
-50.59999946	0.00134507
-50.56666613	0.00145402
-50.53333280	0.00125262
-50.49999946	0.00138271
-50.46666613	0.00125652
-50.43333280	0.00124810
-50.39999947	0.00130931
-50.36666613	0.00131665
-50.33333280	0.00127189
-50.29999947	0.00141728
-50.26666613	0.00147870
-50.23333280	0.00148680
-50.19999947	0.00144107
-50.16666613	0.00140558
-50.13333280	0.00146722
-50.09999947	0.00149526
-50.06666613	0.00154857
-50.03333280	0.00155833
-49.99999947	0.00164811
-49.96666614	0.00153020
-49.93333280	0.00155736
-49.89999947	0.00154199
-49.86666614	0.00163532
-49.83333280	0.00158277
-49.79999947	0.00162936
-49.76666614	0.00167040
-49.73333280	0.00157548
-49.69999947	0.00154511
-49.66666614	0.00147774
-49.63333280	0.00140923
-49.59999947	0.00144955
-49.56666614	0.00149289
-49.53333281	0.00147826
-49.49999947	0.00149351
-49.46666614	0.00132665
-49.43333281	0.00134621
-49.39999947	0.00130354
-49.36666614	0.00130118
-49.33333281	0.00120251
-49.29999947	0.00122762
-49.26666614	0.00124179
-49.23333281	0.00126175
-49.19999948	0.00118929
-49.16666614	0.00126627
-49.13333281	0.00122618
-49.09999948	0.00116843
-49.06666614	0.00111051
-49.03333281	0.00127054
-48.99999948	0.00129248
-48.96666614	0.00120212
-48.93333281	0.00126432
-48.89999948	0.00127139
-48.86666614	0.00124129
-48.83333281	0.00122373
-48.79999948	0.00138185
-48.76666615	0.00120100
-48.73333281	0.00127370
-48.69999948	0.00129850
-48.66666615	0.00120059
-48.63333281	0.00125608
-48.59999948	0.00119891
-48.56666615	0.00125484
-48.53333281	0.00128000
-48.49999948	0.00125520
-48.46666615	0.00121822
-48.43333281	0.00120464
-48.39999948	0.00127577
-48.36666615	0.00127773
-48.33333282	0.00116565
-48.29999948	0.00116228
-48.26666615	0.00127189
-48.23333282	0.00119545
-48.19999948	0.00115283
-48.16666615	0.00113956
-48.13333282	0.00104853
-48.09999948	0.00094446
-48.06666615	0.00081760
-48.03333282	0.00078002
-47.99999948	0.00064028
-47.96666615	0.00054548
-47.93333282	0.00050329
-47.89999949	0.00043444
-47.86666615	0.00036978
-47.83333282	0.00026628
-47.79999949	0.00017475
-47.76666615	0.00001192
-47.73333282	-0.00014969
-47.69999949	-0.00025578
-47.66666615	-0.00029390
-47.63333282	-0.00048336
-47.59999949	-0.00062413
-47.56666616	-0.00070885
-47.53333282	-0.00072152
-47.49999949	-0.00101517
-47.46666616	-0.00115769
-47.43333282	-0.00117996
-47.39999949	-0.00126236
-47.36666616	-0.00143694
-47.33333282	-0.00157656
-47.29999949	-0.00170062
-47.26666616	-0.00182720
-47.23333282	-0.00190818
-47.19999949	-0.00205023
-47.16666616	-0.00220178
-47.13333283	-0.00227007
-47.09999949	-0.00233410
-47.06666616	-0.00247852
-47.03333283	-0.00252264
-46.99999949	-0.00262539
-46.96666616	-0.00276946
-46.93333283	-0.00277308
-46.89999949	-0.00281478
-46.86666616	-0.00292491
-46.83333283	-0.00302098
-46.79999949	-0.00307333
-46.76666616	-0.00310774
-46.73333283	-0.00308304
-46.69999950	-0.00312912
-46.66666616	-0.00309728
-46.63333283	-0.00319543
-46.59999950	-0.00313820
-46.56666616	-0.00313046
-46.53333283	-0.00312074
-46.49999950	-0.00311673
-46.46666616	-0.00308785
-46.43333283	-0.00305608
-46.39999950	-0.00285112
-46.36666616	-0.00288200
-46.33333283	-0.00270790
-46.29999950	-0.00258792
-46.26666617	-0.00243408
-46.23333283	-0.00223641
-46.19999950	-0.00218915
-46.16666617	-0.00179339
-46.13333283	-0.00165334
-46.09999950	-0.00147079
-46.06666617	-0.00121123
-46.03333283	-0.00093312
-45.99999950	-0.00066406
-45.96666617	-0.00020507
-45.93333284	0.00013334
-45.89999950	0.00038848
-45.86666617	0.00083521
-45.83333284	0.00128354
-45.79999950	0.00170057
-45.76666617	0.00213999
-45.73333284	0.00247520
-45.69999950	0.00292308
-45.66666617	0.00331687
-45.63333284	0.00384771
-45.59999950	0.00437795
-45.56666617	0.00484181
-45.53333284	0.00530870
-45.49999951	0.00586398
-45.46666617	0.00630107
-45.43333284	0.00685942
-45.39999951	0.00736926
-45.36666617	0.00781054
-45.33333284	0.00832053
-45.29999951	0.00883090
-45.26666617	0.00936989
-45.23333284	0.00980546
-45.19999951	0.01029570
-45.16666617	0.01084823
-45.13333284	0.01146198
-45.09999951	0.01190837
-45.06666618	0.01232243
-45.03333284	0.01298066
-44.99999951	0.01352409
-44.96666618	0.01405265
-44.93333284	0.01470937
-44.89999951	0.01527428
-44.86666618	0.01582143
-44.83333284	0.01646786
-44.79999951	0.01719131
-44.76666618	0.01774327
-44.73333284	0.01843895
-44.69999951	0.01909815
-44.66666618	0.01973052
-44.63333285	0.02050825
-44.59999951	0.02104586
-44.56666618	0.02173647
-44.53333285	0.02232602
-44.49999951	0.02294571
-44.46666618	0.02365152
-44.43333285	0.02406853
-44.39999951	0.02450557
-44.36666618	0.02498700
-44.33333285	0.02525225
-44.29999952	0.02547580
-44.26666618	0.02554885
-44.23333285	0.02561913
-44.19999952	0.02555305
-44.16666618	0.02526533
-44.13333285	0.02485134
-44.09999952	0.02428208
-44.06666618	0.02345933
-44.03333285	0.02233022
-43.99999952	0.02120027
-43.96666618	0.01974308
-43.93333285	0.01805880
-43.89999952	0.01611610
-43.86666619	0.01398406
-43.83333285	0.01161894
-43.79999952	0.00905838
-43.76666619	0.00627646
-43.73333285	0.00327166
-43.69999952	0.00016801
-43.66666619	-0.00327153
-43.63333285	-0.00662945
-43.59999952	-0.01025358
-43.56666619	-0.01382314
-43.53333285	-0.01761612
-43.49999952	-0.02142132
-43.46666619	-0.02525335
-43.43333286	-0.02885576
-43.39999952	-0.03254101
-43.36666619	-0.03615973
-43.33333286	-0.03962483
-43.29999952	-0.04298047
-43.26666619	-0.04609268
-43.23333286	-0.04910638
-43.19999952	-0.05180131
-43.16666619	-0.05423469
-43.13333286	-0.05654208
-43.09999952	-0.05854035
-43.06666619	-0.06015481
-43.03333286	-0.06152078
-42.99999953	-0.06257461
-42.96666619	-0.06330292
-42.93333286	-0.06381140
-42.89999953	-0.06396195
-42.86666619	-0.06398630
-42.83333286	-0.06359140
-42.79999953	-0.06289815
-42.76666619	-0.06191456
-42.73333286	-0.06092297
-42.69999953	-0.05951196
-42.66666620	-0.05786078
-42.63333286	-0.05618628
-42.59999953	-0.05431029
-42.56666620	-0.05234162
-42.53333286	-0.05029438
-42.49999953	-0.04802727
-42.46666620	-0.04558667
-42.43333286	-0.04314232
-42.39999953	-0.04066452
-42.36666620	-0.03813281
-42.33333286	-0.03561025
-42.29999953	-0.03298449
-42.26666620	-0.03046829
-42.23333287	-0.02794521
-42.19999953	-0.02537965
-42.16666620	-0.02272774
-42.13333287	-0.02030388
-42.09999953	-0.01787285
-42.06666620	-0.01534478
-42.03333287	-0.01289449
-41.99999953	-0.01060979
-41.96666620	-0.00829698
-41.93333287	-0.00602370
-41.89999953	-0.00363288
-41.86666620	-0.00147271
-41.83333287	0.00075411
-41.79999954	0.00285733
-41.76666620	0.00488702
-41.73333287	0.00697632
-41.69999954	0.00884207
-41.66666620	0.01077120
-41.63333287	0.01259555
-41.59999954	0.01444021
-41.56666620	0.01616270
-41.53333287	0.01778210
-41.49999954	0.01938704
-41.46666620	0.02092735
-41.43333287	0.02229645
-41.39999954	0.02360226
-41.36666621	0.02491426
-41.33333287	0.02608317
-41.29999954	0.02703968
-41.26666621	0.02799726
-41.23333287	0.02882501
-41.19999954	0.02957802
-41.16666621	0.03025777
-41.13333287	0.03055712
-41.09999954	0.03102210
-41.06666621	0.03113715
-41.03333288	0.03121788
-40.99999954	0.03115987
-40.96666621	0.03097670
-40.93333288	0.03052194
-40.89999954	0.03000609
-40.86666621	0.02943614
-40.83333288	0.02859697
-40.79999954	0.02772168
-40.76666621	0.02657064
-40.73333288	0.02534163
-40.69999954	0.02407620
-40.66666621	0.02269193
-40.63333288	0.02116936
-40.59999955	0.01960228
-40.56666621	0.01799074
-40.53333288	0.01621945
-40.49999955	0.01457023
-40.46666621	0.01280671
-40.43333288	0.01106546
-40.39999955	0.00935311
-40.36666621	0.00762194
-40.33333288	0.00589204
-40.29999955	0.00430415
-40.26666621	0.00279779
-40.23333288	0.00144779
-40.19999955	0.00002288
-40.16666622	-0.00117594
-40.13333288	-0.00233412
-40.09999955	-0.00328358
-40.06666622	-0.00413952
-40.03333288	-0.00497448
-39.99999955	-0.00562986
-39.96666622	-0.00604209
-39.93333288	-0.00629184
-39.89999955	-0.00655388
-39.86666622	-0.00663819
-39.83333288	-0.00655713
-39.79999955	-0.00640785
-39.76666622	-0.00613160
-39.73333289	-0.00574043
-39.69999955	-0.00524021
-39.66666622	-0.00475775
-39.63333289	-0.00409875
-39.59999955	-0.00347367
-39.56666622	-0.00268295
-39.53333289	-0.00202444
-39.49999955	-0.00110552
-39.46666622	-0.00032488
-39.43333289	0.00040678
-39.39999956	0.00112587
-39.36666622	0.00198744
-39.33333289	0.00281314
-39.29999956	0.00353651
-39.26666622	0.00431049
-39.23333289	0.00494291
-39.19999956	0.00562987
-39.16666622	0.00618119
-39.13333289	0.00682813
-39.09999956	0.00734771
-39.06666622	0.00788956
-39.03333289	0.00831662
-38.99999956	0.00875930
-38.96666623	0.00913118
-38.93333289	0.00947499
-38.89999956	0.00983021
-38.86666623	0.01022937
-38.83333289	0.01047161
-38.79999956	0.01067146
-38.76666623	0.01096967
-38.73333289	0.01121618
-38.69999956	0.01141775
-38.66666623	0.01173046
-38.63333289	0.01181688
-38.59999956	0.01207293
-38.56666623	0.01231572
-38.53333290	0.01266870
-38.49999956	0.01290369
-38.46666623	0.01318895
-38.43333290	0.01335091
-38.39999956	0.01362442
-38.36666623	0.01374552
-38.33333290	0.01393694
-38.29999956	0.01417561
-38.26666623	0.01444081
-38.23333290	0.01462593
-38.19999956	0.01488815
-38.16666623	0.01506113
-38.13333290	0.01523328
-38.09999957	0.01526454
-38.06666623	0.01534450
-38.03333290	0.01553850
-37.99999957	0.01556519
-37.96666623	0.01547339
-37.93333290	0.01552674
-37.89999957	0.01534192
-37.86666623	0.01524584
-37.83333290	0.01503320
-37.79999957	0.01477994
-37.76666624	0.01456452
-37.73333290	0.01425067
-37.69999957	0.01380204
-37.66666624	0.01347653
-37.63333290	0.01294204
-37.59999957	0.01253897
-37.56666624	0.01185402
-37.53333290	0.01128205
-37.49999957	0.01061123
-37.46666624	0.00992727
-37.43333290	0.00932293
-37.39999957	0.00873078
-37.36666624	0.00804793
-37.33333291	0.00734560
-37.29999957	0.00673934
-37.26666624	0.00607016
-37.23333291	0.00527710
-37.19999957	0.00468390
-37.16666624	0.00416387
-37.13333291	0.00347235
-37.09999957	0.00298018
-37.06666624	0.00251199
-37.03333291	0.00204735
-36.99999957	0.00161707
-36.96666624	0.00121356
-36.93333291	0.00085393
-36.89999958	0.00060178
-36.86666624	0.00033284
-36.83333291	0.00001508
-36.79999958	-0.00005234
-36.76666624	-0.00017152
-36.73333291	-0.00033393
-36.69999958	-0.00034204
-36.66666624	-0.00023554
-36.63333291	-0.00016811
-36.59999958	-0.00012500
-36.56666625	0.00003351
-36.53333291	0.00009701
-36.49999958	0.00026306
-36.46666625	0.00035043
-36.43333291	0.00045271
-36.39999958	0.00063521
-36.36666625	0.00083089
-36.33333291	0.00090517
-36.29999958	0.00110145
-36.26666625	0.00109408
-36.23333291	0.00116406
-36.19999958	0.00119974
-36.16666625	0.00138408
-36.13333292	0.00144322
-36.09999958	0.00136083
-36.06666625	0.00140921
-36.03333292	0.00136151
-35.99999958	0.00129197
-35.96666625	0.00116827
-35.93333292	0.00099660
-35.89999958	0.00087655
-35.86666625	0.00071723
-35.83333292	0.00057093
-35.79999958	0.00037229
-35.76666625	0.00013265
-35.73333292	-0.00019443
-35.69999959	-0.00043364
-35.66666625	-0.00053884
-35.63333292	-0.00077172
-35.59999959	-0.00103864
-35.56666625	-0.00137415
-35.53333292	-0.00150326
-35.49999959	-0.00183314
-35.46666625	-0.00193759
-35.43333292	-0.00212396
-35.39999959	-0.00226193
-35.36666625	-0.00243143
-35.33333292	-0.00256535
-35.29999959	-0.00278117
-35.26666626	-0.00289630
-35.23333292	-0.00303333
-35.19999959	-0.00320182
-35.16666626	-0.00339536
-35.13333292	-0.00346299
-35.09999959	-0.00360454
-35.06666626	-0.00381026
-35.03333292	-0.00384159
-34.99999959	-0.00404631
-34.96666626	-0.00415651
-34.93333293	-0.00430829
-34.89999959	-0.00443635
-34.86666626	-0.00462849
-34.83333293	-0.00472450
-34.79999959	-0.00500291
-34.76666626	-0.00521625
-34.73333293	-0.00535384
-34.69999959	-0.00556952
-34.66666626	-0.00581719
-34.63333293	-0.00605975
-34.59999959	-0.00631594
-34.56666626	-0.00655108
-34.53333293	-0.00680407
-34.49999960	-0.00712469
-34.46666626	-0.00738496
-34.43333293	-0.00758141
-34.39999960	-0.00785266
-34.36666626	-0.00794606
-34.33333293	-0.00834267
-34.29999960	-0.00858335
-34.26666626	-0.00875850
-34.23333293	-0.00908373
-34.19999960	-0.00932610
-34.16666626	-0.00958222
-34.13333293	-0.00982753
-34.09999960	-0.01006227
-34.06666627	-0.01026924
-34.03333293	-0.01055937
-33.99999960	-0.01076911
-33.96666627	-0.01112810
-33.93333293	-0.01127161
-33.89999960	-0.01147796
-33.86666627	-0.01171204
-33.83333293	-0.01183415
-33.79999960	-0.01218299
-33.76666627	-0.01231967
-33.73333293	-0.01253566
-33.69999960	-0.01268617
-33.66666627	-0.01278814
-33.63333294	-0.01291974
-33.59999960	-0.01296474
-33.56666627	-0.01303452
-33.53333294	-0.01309026
-33.49999960	-0.01307874
-33.46666627	-0.01313964
-33.43333294	-0.01307681
-33.39999960	-0.01306514
-33.36666627	-0.01300356
-33.33333294	-0.01291264
-33.29999961	-0.01288128
-33.26666627	-0.01274376
-33.23333294	-0.01247940
-33.19999961	-0.01249172
-33.16666627	-0.01238448
-33.13333294	-0.01226418
-33.09999961	-0.01201740
-33.06666627	-0.01181602
-33.03333294	-0.01171189
-32.99999961	-0.01163785
-32.96666627	-0.01138981
-32.93333294	-0.01120202
-32.89999961	-0.01110562
-32.86666628	-0.01097531
-32.83333294	-0.01085639
-32.79999961	-0.01071318
-32.76666628	-0.01051177
-32.73333294	-0.01041010
-32.69999961	-0.01027362
-32.66666628	-0.01013125
-32.63333294	-0.01009989
-32.59999961	-0.00995444
-32.56666628	-0.00976680
-32.53333294	-0.00976178
-32.49999961	-0.00966282
-32.46666628	-0.00952672
-32.43333295	-0.00936029
-32.39999961	-0.00944048
-32.36666628	-0.00920335
-32.33333295	-0.00907755
-32.29999961	-0.00905578
-32.26666628	-0.00895054
-32.23333295	-0.00891054
-32.19999961	-0.00872318
-32.16666628	-0.00867381
-32.13333295	-0.00843715
-32.09999961	-0.00837880
-32.06666628	-0.00826818
-32.03333295	-0.00814699
-31.99999962	-0.00808184
-31.96666628	-0.00802237
-31.93333295	-0.00782703
-31.89999962	-0.00777339
-31.86666628	-0.00769621
-31.83333295	-0.00743873
-31.79999962	-0.00745632
-31.76666628	-0.00735867
-31.73333295	-0.00716881
-31.69999962	-0.00705021
-31.66666629	-0.00686105
-31.63333295	-0.00667240
-31.59999962	-0.00651193
-31.56666629	-0.00631963
-31.53333295	-0.00617563
-31.49999962	-0.00597064
-31.46666629	-0.00573780
-31.43333295	-0.00550987
-31.39999962	-0.00544924
-31.36666629	-0.00515868
-31.33333295	-0.00497382
-31.29999962	-0.00479059
-31.26666629	-0.00465981
-31.23333296	-0.00431657
-31.19999962	-0.00422557
-31.16666629	-0.00400734
-31.13333296	-0.00375256
-31.09999962	-0.00367455
-31.06666629	-0.00361088
-31.03333296	-0.00332919
-30.99999962	-0.00322984
-30.96666629	-0.00297023
-30.93333296	-0.00286791
-30.89999962	-0.00276721
-30.86666629	-0.00267066
-30.83333296	-0.00255010
-30.79999963	-0.00252628
-30.76666629	-0.00234688
-30.73333296	-0.00223384
-30.69999963	-0.00216203
-30.66666629	-0.00207625
-30.63333296	-0.00207666
-30.59999963	-0.00200589
-30.56666629	-0.00194100
-30.53333296	-0.00204750
-30.49999963	-0.00195213
-30.46666629	-0.00185784
-30.43333296	-0.00184522
-30.39999963	-0.00181296
-30.36666630	-0.00191926
-30.33333296	-0.00180555
-30.29999963	-0.00181201
-30.26666630	-0.00182106
-30.23333296	-0.00182069
-30.19999963	-0.00175152
-30.16666630	-0.00175179
-30.13333296	-0.00173641
-30.09999963	-0.00179265
-30.06666630	-0.00165106
-30.03333297	-0.00169004
-29.99999963	-0.00162148
-29.96666630	-0.00154444
-29.93333297	-0.00159536
-29.89999963	-0.00150154
-29.86666630	-0.00139892
-29.83333297	-0.00144775
-29.79999963	-0.00141543
-29.76666630	-0.00128254
-29.73333297	-0.00130546
-29.69999963	-0.00132820
-29.66666630	-0.00122927
-29.63333297	-0.00117081
-29.59999964	-0.00112765
-29.56666630	-0.00105989
-29.53333297	-0.00103749
-29.49999964	-0.00102813
-29.46666630	-0.00097947
-29.43333297	-0.00094737
-29.39999964	-0.00097726
-29.36666630	-0.00087384
-29.33333297	-0.00079241
-29.29999964	-0.00070658
-29.26666630	-0.00076600
-29.23333297	-0.00072263
-29.19999964	-0.00061632
-29.16666631	-0.00058616
-29.13333297	-0.00042156
-29.09999964	-0.00042177
-29.06666631	-0.00036345
-29.03333297	-0.00035619
-28.99999964	-0.00030760
-28.96666631	-0.00010567
-28.93333297	-0.00012351
-28.89999964	-0.00001583
-28.86666631	0.00002452
-28.83333297	0.00010279
-28.79999964	0.00010386
-28.76666631	0.00022158
-28.73333298	0.00028661
-28.69999964	0.00026776
-28.66666631	0.00029102
-28.63333298	0.00039223
-28.59999964	0.00027107
-28.56666631	0.00027926
-28.53333298	0.00032094
-28.49999964	0.00029242
-28.46666631	0.00034169
-28.43333298	0.00040971
-28.39999965	0.00028793
-28.36666631	0.00032598
-28.33333298	0.00022704
-28.29999965	0.00010317
-28.26666631	0.00023203
-28.23333298	0.00019734
-28.19999965	0.00000688
-28.16666631	0.00007193
-28.13333298	0.00006864
-28.09999965	0.00010227
-28.06666631	-0.00010069
-28.03333298	-0.00016572
-27.99999965	-0.00013836
-27.96666632	-0.00015646
-27.93333298	-0.00018896
-27.89999965	-0.00022516
-27.86666632	-0.00031331
-27.83333298	-0.00025742
-27.79999965	-0.00029598
-27.76666632	-0.00018937
-27.73333298	-0.00014133
-27.69999965	-0.00011541
-27.66666632	-0.00015681
-27.63333298	-0.00013147
-27.59999965	-0.00007032
-27.56666632	0.00003658
-27.53333299	-0.00001516
-27.49999965	0.00011131
-27.46666632	0.00019741
-27.43333299	0.00013275
-27.39999965	0.00018898
-27.36666632	0.00021971
-27.33333299	0.00023544
-27.29999965	0.00028283
-27.26666632	0.00035093
-27.23333299	0.00030384
-27.19999965	0.00042476
-27.16666632	0.00035604
-27.13333299	0.00032421
-27.09999966	0.00032580
-27.06666632	0.00031363
-27.03333299	0.00041012
-26.99999966	0.00034736
-26.96666632	0.00033844
-26.93333299	0.00022675
-26.89999966	0.00026046
-26.86666632	0.00011373
-26.83333299	0.00001963
-26.79999966	-0.00006607
-26.76666633	-0.00018318
-26.73333299	-0.00031837
-26.69999966	-0.00039320
-26.66666633	-0.00059239
-26.63333299	-0.00058931
-26.59999966	-0.00077180
-26.56666633	-0.00095589
-26.53333299	-0.00094686
-26.49999966	-0.00127068
-26.46666633	-0.00130526
-26.43333299	-0.00139160
-26.39999966	-0.00161043
-26.36666633	-0.00160642
-26.33333300	-0.00175141
-26.29999966	-0.00177158
-26.26666633	-0.00181056
-26.23333300	-0.00189593
-26.19999966	-0.00195219
-26.16666633	-0.00189546
-26.13333300	-0.00199420
-26.09999966	-0.00204730
-26.06666633	-0.00189950
-26.03333300	-0.00198494
-25.99999966	-0.00201757
-25.96666633	-0.00203166
-25.93333300	-0.00192289
-25.89999967	-0.00209624
-25.86666633	-0.00207579
-25.83333300	-0.00197785
-25.79999967	-0.00210092
-25.76666633	-0.00208159
-25.73333300	-0.00210423
-25.69999967	-0.00199601
-25.66666633	-0.00206294
-25.63333300	-0.00210820
-25.59999967	-0.00206321
-25.56666633	-0.00192763
-25.53333300	-0.00198710
-25.49999967	-0.00199590
-25.46666634	-0.00195904
-25.43333300	-0.00199870
-25.39999967	-0.00189616
-25.36666634	-0.00190346
-25.33333300	-0.00188736
-25.29999967	-0.00200784
-25.26666634	-0.00211910
-25.23333300	-0.00209378
-25.19999967	-0.00202417
-25.16666634	-0.00208598
-25.13333301	-0.00220880
-25.09999967	-0.00224195
-25.06666634	-0.00215742
-25.03333301	-0.00222543
-24.99999967	-0.00229702
-24.96666634	-0.00232685
-24.93333301	-0.00241302
-24.89999967	-0.00231978
-24.86666634	-0.00237052
-24.83333301	-0.00242339
-24.79999967	-0.00243676
-24.76666634	-0.00247529
-24.73333301	-0.00250004
-24.69999968	-0.00258079
-24.66666634	-0.00260275
-24.63333301	-0.00264536
-24.59999968	-0.00279672
-24.56666634	-0.00290634
-24.53333301	-0.00282843
-24.49999968	-0.00280467
-24.46666634	-0.00286932
-24.43333301	-0.00288199
-24.39999968	-0.00298065
-24.36666634	-0.00300309
-24.33333301	-0.00301421
-24.29999968	-0.00303622
-24.26666635	-0.00301934
-24.23333301	-0.00314873
-24.19999968	-0.00318677
-24.16666635	-0.00324400
-24.13333301	-0.00325097
-24.09999968	-0.00330991
-24.06666635	-0.00318284
-24.03333301	-0.00331649
-23.99999968	-0.00326522
-23.96666635	-0.00312230
-23.93333301	-0.00310329
-23.89999968	-0.00317460
-23.86666635	-0.00307607
-23.83333302	-0.00293278
-23.79999968	-0.00294857
-23.76666635	-0.00280346
-23.73333302	-0.00275014
-23.69999968	-0.00270349
-23.66666635	-0.00258630
-23.63333302	-0.00248607
-23.59999968	-0.00246501
-23.56666635	-0.00240899
-23.53333302	-0.00235646
-23.49999969	-0.00232513
-23.46666635	-0.00227965
-23.43333302	-0.00222709
-23.39999969	-0.00210186
-23.36666635	-0.00218540
-23.33333302	-0.00203191
-23.29999969	-0.00202357
-23.26666635	-0.00198140
-23.23333302	-0.00202558
-23.19999969	-0.00200936
-23.16666635	-0.00203183
-23.13333302	-0.00209426
-23.09999969	-0.00210054
-23.06666636	-0.00218795
-23.03333302	-0.00214025
-22.99999969	-0.00232210
-22.96666636	-0.00231460
-22.93333302	-0.00239844
-22.89999969	-0.00239734
-22.86666636	-0.00250043
-22.83333302	-0.00257942
-22.79999969	-0.00265696
-22.76666636	-0.00274075
-22.73333302	-0.00275893
-22.69999969	-0.00287389
-22.66666636	-0.00284829
-22.63333303	-0.00301491
-22.59999969	-0.00301029
-22.56666636	-0.00309000
-22.53333303	-0.00306986
-22.49999969	-0.00299735
-22.46666636	-0.00317200
-22.43333303	-0.00324082
-22.39999969	-0.00327486
-22.36666636	-0.00332738
-22.33333303	-0.00337315
-22.29999969	-0.00337444
-22.26666636	-0.00336975
-22.23333303	-0.00340929
-22.19999970	-0.00342518
-22.16666636	-0.00339011
-22.13333303	-0.00343553
-22.09999970	-0.00353172
-22.06666636	-0.00357902
-22.03333303	-0.00355845
-21.99999970	-0.00357876
-21.96666636	-0.00353195
-21.93333303	-0.00366870
-21.89999970	-0.00371396
-21.86666637	-0.00376742
-21.83333303	-0.00384923
-21.79999970	-0.00399825
-21.76666637	-0.00404868
-21.73333303	-0.00407232
-21.69999970	-0.00414075
-21.66666637	-0.00415351
-21.63333303	-0.00408308
-21.59999970	-0.00406069
-21.56666637	-0.00414415
-21.53333303	-0.00428033
-21.49999970	-0.00425212
-21.46666637	-0.00432886
-21.43333304	-0.00443113
-21.39999970	-0.00451427
-21.36666637	-0.00444245
-21.33333304	-0.00456511
-21.29999970	-0.00464533
-21.26666637	-0.00474030
-21.23333304	-0.00467958
-21.19999970	-0.00483310
-21.16666637	-0.00482062
-21.13333304	-0.00485128
-21.09999970	-0.00499350
-21.06666637	-0.00499807
-21.03333304	-0.00504887
-20.99999971	-0.00501720
-20.96666637	-0.00502980
-20.93333304	-0.00501872
-20.89999971	-0.00503938
-20.86666637	-0.00497631
-20.83333304	-0.00491862
-20.79999971	-0.00494185
-20.76666637	-0.00497768
-20.73333304	-0.00486840
-20.69999971	-0.00493983
-20.66666637	-0.00481430
-20.63333304	-0.00473888
-20.59999971	-0.00471542
-20.56666638	-0.00466081
-20.53333304	-0.00456836
-20.49999971	-0.00443148
-20.46666638	-0.00437014
-20.43333304	-0.00424281
-20.39999971	-0.00401182
-20.36666638	-0.00395092
-20.33333304	-0.00387743
-20.29999971	-0.00380429
-20.26666638	-0.00364877
-20.23333305	-0.00363970
-20.19999971	-0.00358719
-20.16666638	-0.00349427
-20.13333305	-0.00333968
-20.09999971	-0.00322452
-20.06666638	-0.00312652
-20.03333305	-0.00304615
-19.99999971	-0.00296500
-19.96666638	-0.00284585
-19.93333305	-0.00272888
-19.89999971	-0.00273511
-19.86666638	-0.00275904
-19.83333305	-0.00255835
-19.79999972	-0.00252814
-19.76666638	-0.00255709
-19.73333305	-0.00249684
-19.69999972	-0.00236139
-19.66666638	-0.00215298
-19.63333305	-0.00228510
-19.59999972	-0.00220754
-19.56666638	-0.00232777
-19.53333305	-0.00228944
-19.49999972	-0.00223457
-19.46666638	-0.00213694
-19.43333305	-0.00209557
-19.39999972	-0.00204715
-19.36666639	-0.00208563
-19.33333305	-0.00211117
-19.29999972	-0.00201345
-19.26666639	-0.00206212
-19.23333305	-0.00203594
-19.19999972	-0.00186336
-19.16666639	-0.00195973
-19.13333305	-0.00191400
-19.09999972	-0.00194759
-19.06666639	-0.00189206
-19.03333305	-0.00184673
-18.99999972	-0.00175100
-18.96666639	-0.00174672
-18.93333306	-0.00179218
-18.89999972	-0.00171826
-18.86666639	-0.00175480
-18.83333306	-0.00171762
-18.79999972	-0.00165507
-18.76666639	-0.00163211
-18.73333306	-0.00156384
-18.69999972	-0.00150252
-18.66666639	-0.00151057
-18.63333306	-0.00133941
-18.59999973	-0.00130976
-18.56666639	-0.00119112
-18.53333306	-0.00114163
-18.49999973	-0.00109861
-18.46666639	-0.00110077
-18.43333306	-0.00090173
-18.39999973	-0.00089132
-18.36666639	-0.00083465
-18.33333306	-0.00077602
-18.29999973	-0.00069946
-18.26666639	-0.00056760
-18.23333306	-0.00042958
-18.19999973	-0.00045213
-18.16666640	-0.00026503
-18.13333306	-0.00016732
-18.09999973	-0.00005738
-18.06666640	-0.00004660
-18.03333306	0.00005584
-17.99999973	0.00021049
-17.96666640	0.00012185
-17.93333306	0.00020937
-17.89999973	0.00025988
-17.86666640	0.00037110
-17.83333306	0.00041924
-17.79999973	0.00043454
-17.76666640	0.00046829
-17.73333307	0.00050848
-17.69999973	0.00054224
-17.66666640	0.00059271
-17.63333307	0.00070860
-17.59999973	0.00069520
-17.56666640	0.00077019
-17.53333307	0.00078018
-17.49999973	0.00086367
-17.46666640	0.00097158
-17.43333307	0.00095995
-17.39999973	0.00113766
-17.36666640	0.00111639
-17.33333307	0.00130525
-17.29999974	0.00135999
-17.26666640	0.00138295
-17.23333307	0.00154530
-17.19999974	0.00160703
-17.16666640	0.00159061
-17.13333307	0.00183077
-17.09999974	0.00189841
-17.06666640	0.00206625
-17.03333307	0.00224064
-16.99999974	0.00225178
-16.96666641	0.00250860
-16.93333307	0.00258217
-16.89999974	0.00274190
-16.86666641	0.00293121
-16.83333307	0.00291815
-16.79999974	0.00311981
-16.76666641	0.00319447
-16.73333307	0.00330889
-16.69999974	0.00339563
-16.66666641	0.00351211
-16.63333307	0.00354965
-16.59999974	0.00367811
-16.56666641	0.00374739
-16.53333308	0.00395043
-16.49999974	0.00404604
-16.46666641	0.00417239
-16.43333308	0.00422039
-16.39999974	0.00432495
-16.36666641	0.00434545
-16.33333308	0.00445360
-16.29999974	0.00450148
-16.26666641	0.00460459
-16.23333308	0.00457272
-16.19999974	0.00477473
-16.16666641	0.00480575
-16.13333308	0.00494113
-16.09999975	0.00491308
-16.06666641	0.00497611
-16.03333308	0.00497437
-15.99999975	0.00505836
-15.96666641	0.00503718
-15.93333308	0.00513038
-15.89999975	0.00505072
-15.86666641	0.00517825
-15.83333308	0.00522191
-15.79999975	0.00529913
-15.76666641	0.00534237
-15.73333308	0.00523935
-15.69999975	0.00531752
-15.66666642	0.00524537
-15.63333308	0.00528928
-15.59999975	0.00523839
-15.56666642	0.00529100
-15.53333308	0.00535434
-15.49999975	0.00532073
-15.46666642	0.00522913
-15.43333308	0.00538571
-15.39999975	0.00526272
-15.36666642	0.00540485
-15.33333309	0.00528913
-15.29999975	0.00536973
-15.26666642	0.00519849
-15.23333309	0.00528790
-15.19999975	0.00529204
-15.16666642	0.00530139
-15.13333309	0.00542843
-15.09999975	0.00543484
-15.06666642	0.00552718
-15.03333309	0.00546532
-14.99999975	0.00553664
-14.96666642	0.00549748
-14.93333309	0.00558772
-14.89999976	0.00559778
-14.86666642	0.00563141
-14.83333309	0.00571686
-14.79999976	0.00574473
-14.76666642	0.00577064
-14.73333309	0.00576906
-14.69999976	0.00578466
-14.66666642	0.00586767
-14.63333309	0.00593571
-14.59999976	0.00603120
-14.56666642	0.00591878
-14.53333309	0.00608814
-14.49999976	0.00602479
-14.46666643	0.00604684
-14.43333309	0.00605576
-14.39999976	0.00606292
-14.36666643	0.00599978
-14.33333309	0.00603710
-14.29999976	0.00598757
-14.26666643	0.00610840
-14.23333309	0.00601000
-14.19999976	0.00600914
-14.16666643	0.00589581
-14.13333309	0.00596043
-14.09999976	0.00594243
-14.06666643	0.00584201
-14.03333310	0.00585326
-13.99999976	0.00591716
-13.96666643	0.00588420
-13.93333310	0.00577990
-13.89999976	0.00585997
-13.86666643	0.00582556
-13.83333310	0.00573531
-13.79999976	0.00572133
-13.76666643	0.00567773
-13.73333310	0.00564440
-13.69999977	0.00565432
-13.66666643	0.00563449
-13.63333310	0.00568870
-13.59999977	0.00568796
-13.56666643	0.00563479
-13.53333310	0.00572510
-13.49999977	0.00561078
-13.46666643	0.00559508
-13.43333310	0.00554095
-13.39999977	0.00551953
-13.36666643	0.00548537
-13.33333310	0.00552610
-13.29999977	0.00558337
-13.26666644	0.00552291
-13.23333310	0.00556943
-13.19999977	0.00560123
-13.16666644	0.00561374
-13.13333310	0.00551626
-13.09999977	0.00549481
-13.06666644	0.00556690
-13.03333310	0.00548534
-12.99999977	0.00556167
-12.96666644	0.00553076
-12.93333310	0.00561587
-12.89999977	0.00563229
-12.86666644	0.00556557
-12.83333311	0.00551366
-12.79999977	0.00548879
-12.76666644	0.00553542
-12.73333311	0.00553007
-12.69999977	0.00560391
-12.66666644	0.00535950
-12.63333311	0.00536215
-12.59999977	0.00526520
-12.56666644	0.00514952
-12.53333311	0.00518926
-12.49999977	0.00503856
-12.46666644	0.00505553
-12.43333311	0.00507480
-12.39999978	0.00506262
-12.36666644	0.00493847
-12.33333311	0.00481718
-12.29999978	0.00478464
-12.26666644	0.00469765
-12.23333311	0.00450780
-12.19999978	0.00451620
-12.16666644	0.00448665
-12.13333311	0.00434723
-12.09999978	0.00430023
-12.06666645	0.00437165
-12.03333311	0.00415864
-11.99999978	0.00439125
-11.96666645	0.00421101
-11.93333311	0.00410034
-11.89999978	0.00411977
-11.86666645	0.00414130
-11.83333311	0.00399180
-11.79999978	0.00403944
-11.76666645	0.00403911
-11.73333311	0.00404199
-11.69999978	0.00399924
-11.66666645	0.00401744
-11.63333312	0.00401270
-11.59999978	0.00406551
-11.56666645	0.00415096
-11.53333312	0.00411079
-11.49999978	0.00411470
-11.46666645	0.00410545
-11.43333312	0.00423117
-11.39999978	0.00425101
-11.36666645	0.00429011
-11.33333312	0.00430893
-11.29999978	0.00426826
-11.26666645	0.00428826
-11.23333312	0.00434707
-11.19999979	0.00437150
-11.16666645	0.00439092
-11.13333312	0.00434000
-11.09999979	0.00425387
-11.06666645	0.00432227
-11.03333312	0.00440272
-10.99999979	0.00425293
-10.96666645	0.00413555
-10.93333312	0.00411504
-10.89999979	0.00397888
-10.86666645	0.00399815
-10.83333312	0.00393341
-10.79999979	0.00382592
-10.76666646	0.00373013
-10.73333312	0.00360210
-10.69999979	0.00354355
-10.66666646	0.00351427
-10.63333312	0.00332757
-10.59999979	0.00312717
-10.56666646	0.00307913
-10.53333312	0.00287100
-10.49999979	0.00271875
-10.46666646	0.00256547
-10.43333313	0.00241527
-10.39999979	0.00226503
-10.36666646	0.00212078
-10.33333313	0.00207933
-10.29999979	0.00187690
-10.26666646	0.00166276
-10.23333313	0.00148218
-10.19999979	0.00127038
-10.16666646	0.00119404
-10.13333313	0.00105734
-10.09999979	0.00092920
-10.06666646	0.00068772
-10.03333313	0.00052249
-9.99999980	0.00036946
-9.96666646	0.00014958
-9.93333313	-0.00001336
-9.89999980	-0.00013453
-9.86666646	-0.00023613
-9.83333313	-0.00039701
-9.79999980	-0.00061016
-9.76666646	-0.00079227
-9.73333313	-0.00100525
-9.69999980	-0.00119884
-9.66666646	-0.00124854
-9.63333313	-0.00138988
-9.59999980	-0.00156842
-9.56666647	-0.00170404
-9.53333313	-0.00185756
-9.49999980	-0.00205115
-9.46666647	-0.00211214
-9.43333313	-0.00239664
-9.39999980	-0.00258778
-9.36666647	-0.00265925
-9.33333313	-0.00286235
-9.29999980	-0.00298790
-9.26666647	-0.00316362
-9.23333313	-0.00324991
-9.19999980	-0.00340122
-9.16666647	-0.00360704
-9.13333314	-0.00367982
-9.09999980	-0.00391893
-9.06666647	-0.00399345
-9.03333314	-0.00407760
-8.99999980	-0.00423829
-8.96666647	-0.00445242
-8.93333314	-0.00465689
-8.89999980	-0.00470932
-8.86666647	-0.00491703
-8.83333314	-0.00499541
-8.79999981	-0.00519187
-8.76666647	-0.00523059
-8.73333314	-0.00547615
-8.69999981	-0.00552652
-8.66666647	-0.00570509
-8.63333314	-0.00579592
-8.59999981	-0.00585130
-8.56666647	-0.00603597
-8.53333314	-0.00621430
-8.49999981	-0.00621689
-8.46666647	-0.00626821
-8.43333314	-0.00642476
-8.39999981	-0.00663489
-8.36666648	-0.00668703
-8.33333314	-0.00669117
-8.29999981	-0.00688726
-8.26666648	-0.00699946
-8.23333314	-0.00711727
-8.19999981	-0.00713491
-8.16666648	-0.00727865
-8.13333314	-0.00728676
-8.09999981	-0.00736759
-8.06666648	-0.00751906
-8.03333314	-0.00762581
-7.99999981	-0.00757056
-7.96666648	-0.00754897
-7.93333315	-0.00772629
-7.89999981	-0.00768494
-7.86666648	-0.00768288
-7.83333315	-0.00776779
-7.79999981	-0.00766410
-7.76666648	-0.00776930
-7.73333315	-0.00768144
-7.69999981	-0.00777517
-7.66666648	-0.00776265
-7.63333315	-0.00778782
-7.59999981	-0.00782756
-7.56666648	-0.00781129
-7.53333315	-0.00787402
-7.49999982	-0.00786028
-7.46666648	-0.00786675
-7.43333315	-0.00781852
-7.39999982	-0.00794360
-7.36666648	-0.00789524
-7.33333315	-0.00789594
-7.29999982	-0.00795330
-7.26666648	-0.00788825
-7.23333315	-0.00800025
-7.19999982	-0.00794185
-7.16666649	-0.00798022
-7.13333315	-0.00794220
-7.09999982	-0.00804142
-7.06666649	-0.00810738
-7.03333315	-0.00824845
-6.99999982	-0.00818099
-6.96666649	-0.00822708
-6.93333315	-0.00819771
-6.89999982	-0.00823273
-6.86666649	-0.00817154
-6.83333315	-0.00831711
-6.79999982	-0.00845372
-6.76666649	-0.00837130
-6.73333316	-0.00843802
-6.69999982	-0.00842198
-6.66666649	-0.00856335
-6.63333316	-0.00858469
-6.59999982	-0.00853879
-6.56666649	-0.00850026
-6.53333316	-0.00845491
-6.49999982	-0.00850197
-6.46666649	-0.00844445
-6.43333316	-0.00854031
-6.39999982	-0.00855107
-6.36666649	-0.00847652
-6.33333316	-0.00841051
-6.29999983	-0.00840358
-6.26666649	-0.00836253
-6.23333316	-0.00839772
-6.19999983	-0.00828662
-6.16666649	-0.00823762
-6.13333316	-0.00818195
-6.09999983	-0.00809504
-6.06666649	-0.00795461
-6.03333316	-0.00784188
-5.99999983	-0.00782459
-5.96666649	-0.00763358
-5.93333316	-0.00757215
-5.89999983	-0.00748345
-5.86666650	-0.00731044
-5.83333316	-0.00727925
-5.79999983	-0.00708262
-5.76666650	-0.00704052
-5.73333316	-0.00688061
-5.69999983	-0.00689746
-5.66666650	-0.00663656
-5.63333316	-0.00659876
-5.59999983	-0.00639138
-5.56666650	-0.00640751
-5.53333317	-0.00637999
-5.49999983	-0.00635163
-5.46666650	-0.00622726
-5.43333317	-0.00620616
-5.39999983	-0.00606876
-5.36666650	-0.00597586
-5.33333317	-0.00598478
-5.29999983	-0.00600299
-5.26666650	-0.00594991
-5.23333317	-0.00583329
-5.19999983	-0.00589217
-5.16666650	-0.00578122
-5.13333317	-0.00563197
-5.09999984	-0.00562677
-5.06666650	-0.00572300
-5.03333317	-0.00583158
-4.99999984	-0.00577793
-4.96666650	-0.00564575
-4.93333317	-0.00582659
-4.89999984	-0.00580255
-4.86666650	-0.00585672
-4.83333317	-0.00572645
-4.79999984	-0.00589176
-4.76666650	-0.00600779
-4.73333317	-0.00592081
-4.69999984	-0.00612622
-4.66666651	-0.00610768
-4.63333317	-0.00632464
-4.59999984	-0.00633251
-4.56666651	-0.00639257
-4.53333317	-0.00639606
-4.49999984	-0.00654899
-4.46666651	-0.00661335
-4.43333317	-0.00674586
-4.39999984	-0.00688269
-4.36666651	-0.00684210
-4.33333318	-0.00695539
-4.29999984	-0.00698649
-4.26666651	-0.00720501
-4.23333318	-0.00728687
-4.19999984	-0.00728876
-4.16666651	-0.00734973
-4.13333318	-0.00746586
-4.09999984	-0.00767524
-4.06666651	-0.00767799
-4.03333318	-0.00773039
-3.99999984	-0.00785427
-3.96666651	-0.00791850
-3.93333318	-0.00806427
-3.89999985	-0.00818435
-3.86666651	-0.00820355
-3.83333318	-0.00827852
-3.79999985	-0.00839978
-3.76666651	-0.00841746
-3.73333318	-0.00846862
-3.69999985	-0.00862056
-3.66666651	-0.00862444
-3.63333318	-0.00864002
-3.59999985	-0.00862748
-3.56666651	-0.00880996
-3.53333318	-0.00871622
-3.49999985	-0.00865498
-3.46666652	-0.00874213
-3.43333318	-0.00873119
-3.39999985	-0.00873521
-3.36666652	-0.00881028
-3.33333318	-0.00870496
-3.29999985	-0.00872582
-3.26666652	-0.00868366
-3.23333318	-0.00852361
-3.19999985	-0.00849778
-3.16666652	-0.00841280
-3.13333318	-0.00822955
-3.09999985	-0.00812532
-3.06666652	-0.00796190
-3.03333319	-0.00782985
-2.99999985	-0.00762632
-2.96666652	-0.00743816
-2.93333319	-0.00721883
-2.89999985	-0.00700004
-2.86666652	-0.00673600
-2.83333319	-0.00648280
-2.79999985	-0.00621531
-2.76666652	-0.00589949
-2.73333319	-0.00585246
-2.69999986	-0.00549184
-2.66666652	-0.00505541
-2.63333319	-0.00476833
-2.59999986	-0.00449992
-2.56666652	-0.00407747
-2.53333319	-0.00374098
-2.49999986	-0.00339368
-2.46666652	-0.00314182
-2.43333319	-0.00270319
-2.39999986	-0.00239384
-2.36666652	-0.00203045
-2.33333319	-0.00165888
-2.29999986	-0.00122288
-2.26666653	-0.00094374
-2.23333319	-0.00053264
-2.19999986	-0.00013574
-2.16666653	0.00019183
-2.13333319	0.00064694
-2.09999986	0.00100763
-2.06666653	0.00135909
-2.03333319	0.00179755
-1.99999986	0.00214056
-1.96666653	0.00249579
-1.93333319	0.00282786
-1.89999986	0.00319311
-1.86666653	0.00354675
-1.83333320	0.00385623
-1.79999986	0.00419067
-1.76666653	0.00451600
-1.73333320	0.00483486
-1.69999986	0.00520066
-1.66666653	0.00558081
-1.63333320	0.00585458
-1.59999986	0.00621515
-1.56666653	0.00639469
-1.53333320	0.00653887
-1.49999986	0.00694683
-1.46666653	0.00702625
-1.43333320	0.00737202
-1.39999987	0.00757902
-1.36666653	0.00781826
-1.33333320	0.00799775
-1.29999987	0.00831060
-1.26666653	0.00839923
-1.23333320	0.00868386
-1.19999987	0.00894781
-1.16666653	0.00906722
-1.13333320	0.00926519
-1.09999987	0.00954739
-1.06666654	0.00972496
-1.03333320	0.00991217
-0.99999987	0.01025327
-0.96666654	0.01042573
-0.93333320	0.01056761
-0.89999987	0.01079118
-0.86666654	0.01095740
-0.83333320	0.01102693
-0.79999987	0.01125624
-0.76666654	0.01159272
-0.73333320	0.01170953
-0.69999987	0.01177984
-0.66666654	0.01201530
-0.63333321	0.01209746
-0.59999987	0.01228230
-0.56666654	0.01235843
-0.53333321	0.01249169
-0.49999987	0.01271240
-0.46666654	0.01293978
-0.43333321	0.01307308
-0.39999987	0.01324354
-0.36666654	0.01334496
-0.33333321	0.01353522
-0.29999987	0.01360024
-0.26666654	0.01378020
-0.23333321	0.01384636
-0.19999988	0.01407152
-0.16666654	0.01408228
-0.13333321	0.01437350
-0.09999988	0.01450153
-0.06666654	0.01460538
-0.03333321	0.01472807
0.00000012	0.01492248
0.03333346	0.01509651
0.06666679	0.01530151
0.10000012	0.01540417
0.13333346	0.01548924
0.16666679	0.01574055
0.20000012	0.01580665
0.23333345	0.01594239
0.26666679	0.01618123
0.30000012	0.01615523
0.33333345	0.01634687
0.36666679	0.01648807
0.40000012	0.01668362
0.43333345	0.01668786
0.46666679	0.01685976
0.50000012	0.01693754
0.53333345	0.01714468
0.56666678	0.01723100
0.60000012	0.01728704
0.63333345	0.01736786
0.66666678	0.01736737
0.70000012	0.01754046
0.73333345	0.01768435
0.76666678	0.01777227
0.80000012	0.01771972
0.83333345	0.01782498
0.86666678	0.01791318
0.90000012	0.01785245
0.93333345	0.01789745
0.96666678	0.01792963
1.00000011	0.01794176
1.03333345	0.01798729
1.06666678	0.01798291
1.10000011	0.01801241
1.13333345	0.01803864
1.16666678	0.01791058
1.20000011	0.01790667
1.23333345	0.01778002
1.26666678	0.01778218
1.30000011	0.01766777
1.33333345	0.01765261
1.36666678	0.01763808
1.40000011	0.01748046
1.43333344	0.01731619
1.46666678	0.01730126
1.50000011	0.01719399
1.53333344	0.01701014
1.56666678	0.01689271
1.60000011	0.01675963
1.63333344	0.01666336
1.66666678	0.01654008
1.70000011	0.01633137
1.73333344	0.01632832
1.76666678	0.01611775
1.80000011	0.01602309
1.83333344	0.01586921
1.86666677	0.01564393
1.90000011	0.01548988
1.93333344	0.01536696
1.96666677	0.01509638
2.00000011	0.01484696
2.03333344	0.01480767
2.06666677	0.01455965
2.10000011	0.01425097
2.13333344	0.01395561
2.16666677	0.01377574
2.20000010	0.01358994
2.23333344	0.01332358
2.26666677	0.01309189
2.30000010	0.01269154
2.33333344	0.01249996
2.36666677	0.01231096
2.40000010	0.01198757
2.43333344	0.01167607
2.46666677	0.01152182
2.50000010	0.01121753
2.53333344	0.01092194
2.56666677	0.01066494
2.60000010	0.01047656
2.63333343	0.01019271
2.66666677	0.00998725
2.70000010	0.00975822
2.73333343	0.00956345
2.76666677	0.00927082
2.80000010	0.00912213
2.83333343	0.00889682
2.86666677	0.00877859
2.90000010	0.00867583
2.93333343	0.00833688
2.96666677	0.00826371
3.00000010	0.00800703
3.03333343	0.00794166
3.06666676	0.00776746
3.10000010	0.00752757
3.13333343	0.00745834
3.16666676	0.00718262
3.20000010	0.00716989
3.23333343	0.00699311
3.26666676	0.00679796
3.30000010	0.00683798
3.33333343	0.00673919
3.36666676	0.00667565
3.40000010	0.00650923
3.43333343	0.00630651
3.46666676	0.00615480
3.50000009	0.00606494
3.53333343	0.00607993
3.56666676	0.00595596
3.60000009	0.00582373
3.63333343	0.00577636
3.66666676	0.00553071
3.70000009	0.00554360
3.73333343	0.00543447
3.76666676	0.00534082
3.80000009	0.00529564
3.83333342	0.00522295
3.86666676	0.00505304
3.90000009	0.00498622
3.93333342	0.00487437
3.96666676	0.00479089
4.00000009	0.00465317
4.03333342	0.00467076
4.06666676	0.00444905
4.10000009	0.00425659
4.13333342	0.00429413
4.16666676	0.00411875
4.20000009	0.00400612
4.23333342	0.00398055
4.26666675	0.00372568
4.30000009	0.00358052
4.33333342	0.00357189
4.36666675	0.00337576
4.40000009	0.00321588
4.43333342	0.00308272
4.46666675	0.00296859
4.50000009	0.00272874
4.53333342	0.00266519
4.56666675	0.00259985
4.60000009	0.00242011
4.63333342	0.00232395
4.66666675	0.00228176
4.70000008	0.00200986
4.73333342	0.00197070
4.76666675	0.00177074
4.80000008	0.00165244
4.83333342	0.00143907
4.86666675	0.00132323
4.90000008	0.00116949
4.93333342	0.00097861
4.96666675	0.00085753
5.00000008	0.00066648
5.03333342	0.00041700
5.06666675	0.00035975
5.10000008	0.00022090
5.13333341	0.00000894
5.16666675	-0.00009905
5.20000008	-0.00034587
5.23333341	-0.00057734
5.26666675	-0.00065747
5.30000008	-0.00077632
5.33333341	-0.00092305
5.36666675	-0.00094530
5.40000008	-0.00117585
5.43333341	-0.00126565
5.46666674	-0.00145348
5.50000008	-0.00163252
5.53333341	-0.00168552
5.56666674	-0.00170425
5.60000008	-0.00194455
5.63333341	-0.00203024
5.66666674	-0.00204425
5.70000008	-0.00235623
5.73333341	-0.00232497
5.76666674	-0.00226058
5.80000008	-0.00242582
5.83333341	-0.00248060
5.86666674	-0.00259185
5.90000007	-0.00246592
5.93333341	-0.00262481
5.96666674	-0.00257640
6.00000007	-0.00253270
6.03333341	-0.00259502
6.06666674	-0.00259152
6.10000007	-0.00271042
6.13333341	-0.00267612
6.16666674	-0.00261440
6.20000007	-0.00258977
6.23333341	-0.00255894
6.26666674	-0.00252284
6.30000007	-0.00252921
6.33333340	-0.00250952
6.36666674	-0.00248207
6.40000007	-0.00247703
6.43333340	-0.00245436
6.46666674	-0.00234505
6.50000007	-0.00241588
6.53333340	-0.00241851
6.56666674	-0.00240849
6.60000007	-0.00230876
6.63333340	-0.00240348
6.66666674	-0.00243643
6.70000007	-0.00245272
6.73333340	-0.00247858
6.76666673	-0.00251509
6.80000007	-0.00256735
6.83333340	-0.00248815
6.86666673	-0.00257336
6.90000007	-0.00268401
6.93333340	-0.00287771
6.96666673	-0.00286915
7.00000007	-0.00286841
7.03333340	-0.00297257
7.06666673	-0.00297879
7.10000006	-0.00316063
7.13333340	-0.00327357
7.16666673	-0.00331402
7.20000006	-0.00340915
7.23333340	-0.00338175
7.26666673	-0.00341052
7.30000006	-0.00349708
7.33333340	-0.00356056
7.36666673	-0.00362421
7.40000006	-0.00376381
7.43333340	-0.00390623
7.46666673	-0.00382554
7.50000006	-0.00387657
7.53333339	-0.00394425
7.56666673	-0.00402366
7.60000006	-0.00411662
7.63333339	-0.00414730
7.66666673	-0.00433596
7.70000006	-0.00435745
7.73333339	-0.00438387
7.76666673	-0.00450101
7.80000006	-0.00464658
7.83333339	-0.00466426
7.86666673	-0.00474120
7.90000006	-0.00479599
7.93333339	-0.00478402
7.96666672	-0.00479114
8.00000006	-0.00493156
8.03333339	-0.00504356
8.06666672	-0.00510107
8.10000006	-0.00513457
8.13333339	-0.00527614
8.16666672	-0.00530483
8.20000006	-0.00528597
8.23333339	-0.00537764
8.26666672	-0.00545539
8.30000006	-0.00545285
8.33333339	-0.00560728
8.36666672	-0.00559638
8.40000005	-0.00563124
8.43333339	-0.00567140
8.46666672	-0.00579445
8.50000005	-0.00576564
8.53333339	-0.00595119
8.56666672	-0.00586932
8.60000005	-0.00601912
8.63333339	-0.00594687
8.66666672	-0.00598354
8.70000005	-0.00601518
8.73333338	-0.00604713
8.76666672	-0.00603905
8.80000005	-0.00606362
8.83333338	-0.00621829
8.86666672	-0.00622022
8.90000005	-0.00621579
8.93333338	-0.00618774
8.96666672	-0.00621580
9.00000005	-0.00628600
9.03333338	-0.00629403
9.06666672	-0.00628691
9.10000005	-0.00621770
9.13333338	-0.00624859
9.16666671	-0.00629258
9.20000005	-0.00632083
9.23333338	-0.00623213
9.26666671	-0.00624935
9.30000005	-0.00625149
9.33333338	-0.00620277
9.36666671	-0.00622624
9.40000005	-0.00614482
9.43333338	-0.00618147
9.46666671	-0.00612052
9.50000005	-0.00617627
9.53333338	-0.00618339
9.56666671	-0.00621173
9.60000004	-0.00611282
9.63333338	-0.00609539
9.66666671	-0.00608832
9.70000004	-0.00600779
9.73333338	-0.00601477
9.76666671	-0.00594844
9.80000004	-0.00603155
9.83333338	-0.00597253
9.86666671	-0.00592465
9.90000004	-0.00593042
9.93333338	-0.00596817
9.96666671	-0.00589898
10.00000004	-0.00588391
10.03333337	-0.00587040
10.06666671	-0.00588359
10.10000004	-0.00583105
10.13333337	-0.00575648
10.16666671	-0.00570280
10.20000004	-0.00564025
10.23333337	-0.00558326
10.26666671	-0.00564318
10.30000004	-0.00556670
10.33333337	-0.00553096
10.36666670	-0.00554603
10.40000004	-0.00544427
10.43333337	-0.00538963
10.46666670	-0.00536973
10.50000004	-0.00534099
10.53333337	-0.00525662
10.56666670	-0.00524379
10.60000004	-0.00513905
10.63333337	-0.00511549
10.66666670	-0.00506647
10.70000004	-0.00508208
10.73333337	-0.00497254
10.76666670	-0.00488546
10.80000003	-0.00488086
10.83333337	-0.00478727
10.86666670	-0.00475715
10.90000003	-0.00460949
10.93333337	-0.00457847
10.96666670	-0.00446844
11.00000003	-0.00442633
11.03333337	-0.00431176
11.06666670	-0.00424613
11.10000003	-0.00414274
11.13333337	-0.00413777
11.16666670	-0.00408821
11.20000003	-0.00400756
11.23333336	-0.00392909
11.26666670	-0.00384687
11.30000003	-0.00375544
11.33333336	-0.00370436
11.36666670	-0.00365798
11.40000003	-0.00352550
11.43333336	-0.00345020
11.46666670	-0.00338944
11.50000003	-0.00330534
11.53333336	-0.00327039
11.56666670	-0.00318442
11.60000003	-0.00309612
11.63333336	-0.00302956
11.66666669	-0.00301053
11.70000003	-0.00295259
11.73333336	-0.00288135
11.76666669	-0.00280219
11.80000003	-0.00277074
11.83333336	-0.00269834
11.86666669	-0.00262712
11.90000003	-0.00254357
11.93333336	-0.00250286
11.96666669	-0.00245813
12.00000002	-0.00237914
12.03333336	-0.00233037
12.06666669	-0.00225884
12.10000002	-0.00220753
12.13333336	-0.00213214
12.16666669	-0.00206667
12.20000002	-0.00200339
12.23333336	-0.00197551
12.26666669	-0.00192671
12.30000002	-0.00186534
12.33333336	-0.00182575
12.36666669	-0.00177426
12.40000002	-0.00171310
12.43333335	-0.00165889
12.46666669	-0.00162817
12.50000002	-0.00157695
12.53333335	-0.00152379
12.56666669	-0.00148752
12.60000002	-0.00144444
12.63333335	-0.00140773
12.66666669	-0.00136395
12.70000002	-0.00131820
12.73333335	-0.00128462
12.76666669	-0.00126176
12.80000002	-0.00120407
12.83333335	-0.00118099
12.86666668	-0.00113469
12.90000002	-0.00109459
12.93333335	-0.00108586
12.96666668	-0.00104549
13.00000002	-0.00102365
13.03333335	-0.00099604
13.06666668	-0.00095093
13.10000002	-0.00091770
13.13333335	-0.00089640
13.16666668	-0.00086129
13.20000002	-0.00083272
13.23333335	-0.00080982
13.26666668	-0.00077170
13.30000001	-0.00075011
13.33333335	-0.00072382
13.36666668	-0.00069567
13.40000001	-0.00065631
13.43333335	-0.00063558
13.46666668	-0.00060970
13.50000001	-0.00058611
13.53333335	-0.00055405
13.56666668	-0.00052973
13.60000001	-0.00050615
13.63333334	-0.00048127
13.66666668	-0.00046038
13.70000001	-0.00044155
13.73333334	-0.00041348
13.76666668	-0.00038732
13.80000001	-0.00036295
13.83333334	-0.00033765
13.86666668	-0.00032540
13.90000001	-0.00030163
13.93333334	-0.00027932
13.96666668	-0.00025985
14.00000001	-0.00024121
14.03333334	-0.00022459
14.06666667	-0.00020526
14.10000001	-0.00018977
14.13333334	-0.00017334
14.16666667	-0.00016092
14.20000001	-0.00014620
14.23333334	-0.00013255
14.26666667	-0.00012018
14.30000001	-0.00010788
14.33333334	-0.00009558
14.36666667	-0.00008471
14.40000001	-0.00007462
14.43333334	-0.00006491
14.46666667	-0.00005565
14.50000000	-0.00004802
14.53333334	-0.00003988
14.56666667	-0.00003305
14.60000000	-0.00002689
14.63333334	-0.00002112
14.66666667	-0.00001623
14.70000000	-0.00001209
14.73333334	-0.00000826
14.76666667	-0.00000529
14.80000000	-0.00000294
14.83333334	-0.00000130
14.86666667	-0.00000032
14.90000000	0.00000000
