# Menlo Systems GmbH ScanControl
# Program Version 1.3.3
# Start: -65.00000000 ps, Average over 1000 waveforms. Timestamp: 2020-07-02T18:15:17
# Window type: Tukey, parameters: alpha = 0.2
# User time axis shift: 0 ps
# Frequency [THz]	THz Signal [a.u.]
0.00000000	-40.36457925
0.00732601	-18.20925035
0.01465201	-10.34060247
0.02197802	-9.21172029
0.02930403	-18.01469358
0.03663004	-12.57036715
0.04395604	-5.54684482
0.05128205	-2.26234379
0.05860806	-3.16316733
0.06593407	-3.94264293
0.07326007	0.00000000
0.08058608	-1.10608396
0.08791209	-11.47084292
0.09523810	-5.91885504
0.10256410	-3.36400172
0.10989011	-6.48594588
0.11721612	-8.75015293
0.12454213	-5.29796079
0.13186813	-5.66321361
0.13919414	-10.45251983
0.14652015	-8.76959229
0.15384616	-8.46804008
0.16117216	-13.22219294
0.16849817	-8.46805781
0.17582418	-6.56184145
0.18315018	-8.07428859
0.19047619	-7.62037180
0.19780220	-5.91987772
0.20512821	-5.27810124
0.21245421	-6.37166161
0.21978022	-6.78310308
0.22710623	-4.98491392
0.23443224	-4.75811222
0.24175824	-5.71419466
0.24908425	-5.21608800
0.25641026	-4.46287224
0.26373627	-4.40263935
0.27106227	-4.24664244
0.27838828	-3.55705387
0.28571429	-3.28854153
0.29304030	-3.71360659
0.30036630	-3.26045469
0.30769231	-2.94841817
0.31501832	-3.87812793
0.32234433	-3.76576642
0.32967033	-3.45819268
0.33699634	-4.99776180
0.34432235	-5.69675786
0.35164835	-4.82316999
0.35897436	-5.67872609
0.36630037	-6.85307948
0.37362638	-7.06022073
0.38095238	-8.10031717
0.38827839	-8.99648947
0.39560440	-9.57326705
0.40293041	-10.43108749
0.41025641	-10.83696932
0.41758242	-11.78076280
0.42490843	-12.70145094
0.43223444	-13.29795705
0.43956044	-14.95258398
0.44688645	-15.90225095
0.45421246	-15.99507924
0.46153847	-16.96051416
0.46886447	-17.40118253
0.47619048	-17.76317681
0.48351649	-19.05641899
0.49084250	-19.49009650
0.49816850	-20.35121827
0.50549451	-21.52340965
0.51282052	-20.79371259
0.52014652	-21.33940721
0.52747253	-22.40995733
0.53479854	-21.55788661
0.54212455	-21.44200685
0.54945055	-23.70370366
0.55677656	-29.44822269
0.56410257	-25.64780363
0.57142858	-22.04274141
0.57875458	-21.94543356
0.58608059	-21.72576036
0.59340660	-20.67133915
0.60073261	-20.39283714
0.60805861	-19.85243251
0.61538462	-19.27918140
0.62271063	-19.04965765
0.63003664	-18.64476436
0.63736264	-18.71035821
0.64468865	-18.94702484
0.65201466	-19.11181255
0.65934067	-19.97132779
0.66666667	-20.44552642
0.67399268	-20.57812522
0.68131869	-21.89040446
0.68864469	-22.90798272
0.69597070	-23.25732752
0.70329671	-24.59524934
0.71062272	-25.45339047
0.71794872	-26.11688866
0.72527473	-28.01101796
0.73260074	-29.05590851
0.73992675	-29.82352780
0.74725275	-32.92038884
0.75457876	-35.53506234
0.76190477	-33.83579064
0.76923078	-32.81292726
0.77655678	-32.91743916
0.78388279	-33.60936436
0.79120880	-34.71308679
0.79853481	-36.94874506
0.80586081	-38.20215549
0.81318682	-37.00822653
0.82051283	-37.32558967
0.82783884	-37.09542405
0.83516484	-37.09235544
0.84249085	-39.71488742
0.84981686	-40.33320140
0.85714286	-41.27261807
0.86446887	-43.92512211
0.87179488	-40.89005623
0.87912089	-40.30823904
0.88644689	-40.16893888
0.89377290	-40.24081071
0.90109891	-42.80531953
0.90842492	-40.76549939
0.91575092	-39.13186009
0.92307693	-40.90420929
0.93040294	-42.40107079
0.93772895	-43.61094419
0.94505495	-46.47162669
0.95238096	-46.41230833
0.95970697	-49.08299973
0.96703298	-49.12201383
0.97435898	-46.09584117
0.98168499	-49.35592667
0.98901100	-53.94128470
0.99633701	-49.36310775
1.00366301	-49.64428570
1.01098902	-52.20609323
1.01831503	-49.28545138
1.02564103	-47.74466666
1.03296704	-50.74819551
1.04029305	-55.13519634
1.04761906	-52.38710099
1.05494506	-54.65518165
1.06227107	-71.35359799
1.06959708	-55.35830293
1.07692309	-54.48508518
1.08424909	-58.41705398
1.09157510	-61.53742483
1.09890111	-66.26164762
1.10622712	-63.57526798
1.11355312	-59.74780959
1.12087913	-69.33597905
1.12820514	-59.12497463
1.13553115	-56.59047168
1.14285715	-62.55230329
1.15018316	-64.05885181
1.15750917	-70.36722090
1.16483518	-65.06293265
1.17216118	-76.47161658
1.17948719	-61.80565300
1.18681320	-59.10216072
1.19413920	-61.11152788
1.20146521	-70.49223843
1.20879122	-65.06989906
1.21611723	-60.86079565
1.22344323	-74.53503970
1.23076924	-60.59069848
1.23809525	-58.35051232
1.24542126	-65.35655065
1.25274726	-67.31065712
1.26007327	-59.50419203
1.26739928	-55.21913249
1.27472529	-53.83032782
1.28205129	-55.76729110
1.28937730	-62.06905091
1.29670331	-69.95430000
1.30402932	-74.38697131
1.31135532	-74.12351384
1.31868133	-89.65475560
1.32600734	-69.66887686
1.33333335	-62.73098556
1.34065935	-62.66480963
1.34798536	-66.68879680
1.35531137	-68.00769852
1.36263737	-63.68652325
1.36996338	-62.47601317
1.37728939	-68.05978710
1.38461540	-76.74839276
1.39194140	-97.36053548
1.39926741	-65.90489771
1.40659342	-59.47089871
1.41391943	-61.30989335
1.42124543	-80.16538024
1.42857144	-60.50546062
1.43589745	-58.91742818
1.44322346	-60.10582710
1.45054946	-64.94937134
1.45787547	-81.85663006
1.46520148	-75.41244498
1.47252749	-62.78275327
1.47985349	-57.59761591
1.48717950	-59.77936230
1.49450551	-70.04772703
1.50183152	-76.13325738
1.50915752	-66.20268997
1.51648353	-65.61253679
1.52380954	-72.27982685
1.53113554	-62.09752175
1.53846155	-73.41133324
1.54578756	-63.07523865
1.55311357	-60.88182182
1.56043957	-60.12595729
1.56776558	-63.66520790
1.57509159	-64.76575941
1.58241760	-63.52928942
1.58974360	-87.24089868
1.59706961	-67.50762840
1.60439562	-64.94589024
1.61172163	-62.12023898
1.61904763	-65.55961358
1.62637364	-62.70350906
1.63369965	-60.19944340
1.64102566	-65.74725236
1.64835166	-69.58397319
1.65567767	-75.32006991
1.66300368	-65.50754947
1.67032969	-74.46440265
1.67765569	-63.71145608
1.68498170	-66.07456375
1.69230771	-72.15656898
1.69963372	-65.55744647
1.70695972	-74.14921963
1.71428573	-71.78836997
1.72161174	-74.82456537
1.72893774	-80.39652707
1.73626375	-76.62840447
1.74358976	-69.80689786
1.75091577	-67.07195238
1.75824177	-63.19130064
1.76556778	-63.31624544
1.77289379	-69.03603451
1.78021980	-72.46491907
1.78754580	-72.92190213
1.79487181	-68.95039775
1.80219782	-64.87341481
1.80952383	-65.27606334
1.81684983	-75.40822803
1.82417584	-66.79334587
1.83150185	-66.04722254
1.83882786	-73.25448916
1.84615386	-75.41858428
1.85347987	-68.36898376
1.86080588	-66.40524896
1.86813189	-69.35268607
1.87545789	-74.08407444
1.88278390	-72.22944542
1.89010991	-70.34631239
1.89743591	-76.75199374
1.90476192	-65.96347098
1.91208793	-64.83547820
1.91941394	-67.95114314
1.92673994	-71.98401622
1.93406595	-66.86058577
1.94139196	-62.79524767
1.94871797	-64.11877196
1.95604397	-70.66026622
1.96336998	-69.70657324
1.97069599	-77.87520497
1.97802200	-61.14006579
1.98534800	-57.86493956
1.99267401	-67.23164397
2.00000002	-66.87486275
2.00732603	-74.32960361
2.01465203	-59.51648531
2.02197804	-61.38731663
2.02930405	-69.02166252
2.03663006	-65.30636997
2.04395606	-69.04358058
2.05128207	-65.18758218
2.05860808	-69.59404342
2.06593408	-71.50668255
2.07326009	-64.30491985
2.08058610	-67.19630036
2.08791211	-78.57525736
2.09523811	-70.88026055
2.10256412	-79.56459537
2.10989013	-71.57252963
2.11721614	-68.97161396
2.12454214	-75.39087852
2.13186815	-74.84613760
2.13919416	-72.58281232
2.14652017	-63.42286968
2.15384617	-63.23132890
2.16117218	-65.99560525
2.16849819	-66.57479115
2.17582420	-69.45896383
2.18315020	-74.27755710
2.19047621	-65.66665097
2.19780222	-63.30431650
2.20512823	-59.90924347
2.21245423	-61.32077455
2.21978024	-64.28625345
2.22710625	-65.41525020
2.23443225	-72.84501878
2.24175826	-80.13679642
2.24908427	-72.82502289
2.25641028	-71.58738308
2.26373628	-71.14531390
2.27106229	-66.20879744
2.27838830	-63.12660906
2.28571431	-64.43234432
2.29304031	-66.82672658
2.30036632	-65.06798831
2.30769233	-63.62870211
2.31501834	-67.98491614
2.32234434	-69.19981038
2.32967035	-66.13031116
2.33699636	-79.89693864
2.34432237	-61.51442989
2.35164837	-61.43395604
2.35897438	-70.94051170
2.36630039	-90.20731353
2.37362640	-73.56076457
2.38095240	-71.21067813
2.38827841	-76.97008567
2.39560442	-69.90964903
2.40293042	-78.74219218
2.41025643	-68.73721723
2.41758244	-66.30391699
2.42490845	-69.27797883
2.43223445	-68.50621605
2.43956046	-66.53953507
2.44688647	-67.17487476
2.45421248	-64.80724415
2.46153848	-71.91394804
2.46886449	-68.48470628
2.47619050	-69.96717260
2.48351651	-84.13573875
2.49084251	-82.34712102
2.49816852	-66.74086311
2.50549453	-65.76939663
2.51282054	-70.49715052
2.52014654	-69.92746860
2.52747255	-66.66404237
2.53479856	-64.14367023
2.54212457	-63.56672716
2.54945057	-67.17860060
2.55677658	-73.07825066
2.56410259	-60.77878617
2.57142859	-61.73251814
2.57875460	-75.85673081
2.58608061	-72.33082491
2.59340662	-66.86474705
2.60073262	-65.91220966
2.60805863	-71.65066397
2.61538464	-63.23936980
2.62271065	-71.66114850
2.63003665	-66.27028605
2.63736266	-71.88078195
2.64468867	-61.90472590
2.65201468	-63.57360944
2.65934068	-74.12741243
2.66666669	-67.02229136
2.67399270	-69.84192036
2.68131871	-66.84640673
2.68864471	-64.02185106
2.69597072	-63.03530422
2.70329673	-71.92245594
2.71062274	-71.65266199
2.71794874	-75.04836348
2.72527475	-73.80865915
2.73260076	-80.97595808
2.73992676	-64.77377072
2.74725277	-61.79831266
2.75457878	-68.29948897
2.76190479	-76.04292185
2.76923079	-75.61769232
2.77655680	-66.88294781
2.78388281	-66.60187509
2.79120882	-69.69488018
2.79853482	-69.10253047
2.80586083	-65.83878545
2.81318684	-68.42626944
2.82051285	-85.59159409
2.82783885	-77.44442306
2.83516486	-66.84549747
2.84249087	-61.02045482
2.84981688	-65.55091489
2.85714288	-75.05056393
2.86446889	-70.80764572
2.87179490	-75.14238252
2.87912091	-66.00389160
2.88644691	-65.56911611
2.89377292	-63.00480608
2.90109893	-64.52056638
2.90842493	-74.04981020
2.91575094	-74.53721144
2.92307695	-70.87639418
2.93040296	-70.33084190
2.93772896	-64.51115271
2.94505497	-65.79951905
2.95238098	-71.36172768
2.95970699	-70.72260715
2.96703299	-69.04467217
2.97435900	-66.92916945
2.98168501	-70.99292431
2.98901102	-73.57506582
2.99633702	-69.73460058
3.00366303	-68.83726152
3.01098904	-73.62753020
3.01831505	-76.88492470
3.02564105	-74.36183334
3.03296706	-77.79305104
3.04029307	-70.06549598
3.04761908	-71.34915636
3.05494508	-75.95179028
3.06227109	-73.47509270
3.06959710	-71.07335447
3.07692310	-93.02694338
3.08424911	-67.49378034
3.09157512	-68.49749623
3.09890113	-72.27507396
3.10622713	-66.76870191
3.11355314	-69.49208089
3.12087915	-62.72046789
3.12820516	-64.91846995
3.13553116	-68.27063134
3.14285717	-64.50527231
3.15018318	-65.13912056
3.15750919	-66.13840670
3.16483519	-66.25975816
3.17216120	-69.23082819
3.17948721	-92.05921159
3.18681322	-68.01420926
3.19413922	-66.82274108
3.20146523	-73.26662743
3.20879124	-65.96522651
3.21611725	-62.15103457
3.22344325	-65.00054968
3.23076926	-78.38875586
3.23809527	-68.88262628
3.24542127	-63.13241805
3.25274728	-65.08942804
3.26007329	-72.19376698
3.26739930	-69.47672222
3.27472530	-71.10503983
3.28205131	-62.32492806
3.28937732	-59.58233392
3.29670333	-64.49714401
3.30402933	-73.78033768
3.31135534	-76.73714765
3.31868135	-70.64278606
3.32600736	-71.61601821
3.33333336	-63.76893059
3.34065937	-62.68220463
3.34798538	-70.33760003
3.35531139	-70.63836891
3.36263739	-71.71994200
3.36996340	-84.79728810
3.37728941	-72.22404555
3.38461542	-67.71980071
3.39194142	-67.96300176
3.39926743	-72.83647208
3.40659344	-72.48413373
3.41391944	-71.66995748
3.42124545	-69.43134600
3.42857146	-64.12536683
3.43589747	-65.00967612
3.44322347	-70.43036605
3.45054948	-65.64155808
3.45787549	-71.36456585
3.46520150	-67.46366071
3.47252750	-70.99669154
3.47985351	-77.07891776
3.48717952	-71.06537389
3.49450553	-66.22111365
3.50183153	-71.88854422
3.50915754	-69.08578192
3.51648355	-67.69784070
3.52380956	-78.26580172
3.53113556	-73.17526783
3.53846157	-69.32959365
3.54578758	-64.02248016
3.55311359	-68.80197618
3.56043959	-78.80640498
3.56776560	-74.84672446
3.57509161	-71.82932816
3.58241761	-80.86531452
3.58974362	-77.13897491
3.59706963	-83.37764120
3.60439564	-77.21228494
3.61172164	-67.46668093
3.61904765	-72.39496814
3.62637366	-66.53572111
3.63369967	-64.77086503
3.64102567	-75.21040722
3.64835168	-63.74063598
3.65567769	-66.09477299
3.66300370	-66.61260556
3.67032970	-76.20576961
3.67765571	-62.69477161
3.68498172	-66.27616944
3.69230773	-71.95112959
3.69963373	-65.54344533
3.70695974	-67.90000663
3.71428575	-84.44133626
3.72161176	-71.41509512
3.72893776	-72.28802905
3.73626377	-67.30971839
3.74358978	-63.29803425
3.75091578	-67.14258495
3.75824179	-70.38551878
3.76556780	-72.75969338
3.77289381	-71.64562910
3.78021981	-76.09518968
3.78754582	-64.73397723
3.79487183	-63.93576190
3.80219784	-64.53082976
3.80952384	-68.25795545
3.81684985	-70.68197999
3.82417586	-66.79766138
3.83150187	-73.76065604
3.83882787	-67.88762232
3.84615388	-66.28580163
3.85347989	-73.81008392
3.86080590	-68.14575859
3.86813190	-76.37570641
3.87545791	-71.14144274
3.88278392	-71.83108029
3.89010993	-67.17949350
3.89743593	-66.45835754
3.90476194	-67.44464581
3.91208795	-69.68496020
3.91941395	-74.37668235
3.92673996	-71.14434872
3.93406597	-66.79324965
3.94139198	-61.12849736
3.94871798	-63.94632243
3.95604399	-73.12723339
3.96337000	-71.56251878
3.97069601	-66.83562342
3.97802201	-70.18097673
3.98534802	-83.56578039
3.99267403	-71.09830155
4.00000004	-65.10495260
4.00732604	-67.62987687
4.01465205	-64.89273867
4.02197806	-72.78107346
4.02930407	-62.37477125
4.03663007	-62.63560309
4.04395608	-66.21967727
4.05128209	-62.38580412
4.05860810	-72.22371788
4.06593410	-62.37301652
4.07326011	-64.94460104
4.08058612	-68.41968909
4.08791212	-68.87215464
4.09523813	-74.13552746
4.10256414	-78.10837796
4.10989015	-79.25333387
4.11721615	-68.89199031
4.12454216	-64.15715070
4.13186817	-64.48702646
4.13919418	-63.34720037
4.14652018	-68.21856370
4.15384619	-73.04883946
4.16117220	-71.46120566
4.16849821	-85.20570196
4.17582421	-68.82038403
4.18315022	-66.26993581
4.19047623	-66.33761342
4.19780224	-68.98329323
4.20512824	-77.04626827
4.21245425	-66.06315132
4.21978026	-66.21313126
4.22710627	-71.89999021
4.23443227	-68.75794928
4.24175828	-68.96343003
4.24908429	-66.43823706
4.25641029	-68.89029102
4.26373630	-66.69859912
4.27106231	-66.37062903
4.27838832	-80.29103073
4.28571432	-66.91674201
4.29304033	-65.74564122
4.30036634	-65.13108319
4.30769235	-63.48575572
4.31501835	-68.72425358
4.32234436	-70.25891697
4.32967037	-67.75632154
4.33699638	-64.36615473
4.34432238	-62.89497445
4.35164839	-70.22795985
4.35897440	-74.89884779
4.36630041	-78.90153573
4.37362641	-69.91367152
4.38095242	-69.82575238
4.38827843	-72.00711912
4.39560444	-71.02501446
4.40293044	-82.23414534
4.41025645	-76.29060422
4.41758246	-76.23330522
4.42490846	-70.71743329
4.43223447	-75.21132132
4.43956048	-80.32437564
4.44688649	-68.64947695
4.45421249	-67.50229046
4.46153850	-75.79221375
4.46886451	-67.54165249
4.47619052	-67.22056535
4.48351652	-64.69966379
4.49084253	-69.14184768
4.49816854	-74.64948883
4.50549455	-80.54102055
4.51282055	-69.04381413
4.52014656	-84.24194574
4.52747257	-66.57386715
4.53479858	-70.92743375
4.54212458	-69.65624882
4.54945059	-66.00572971
4.55677660	-71.34281263
4.56410261	-63.53908501
4.57142861	-64.42985300
4.57875462	-73.56819148
4.58608063	-67.29646392
4.59340663	-66.16178835
4.60073264	-67.04494161
4.60805865	-67.81842143
4.61538466	-64.73317849
4.62271066	-65.40293371
4.63003667	-72.53639988
4.63736268	-68.47805158
4.64468869	-70.94404768
4.65201469	-73.93474132
4.65934070	-68.34143819
4.66666671	-76.49321630
4.67399272	-75.20601675
4.68131872	-73.17669407
4.68864473	-83.26885129
4.69597074	-74.97825162
4.70329675	-68.81151551
4.71062275	-71.34975725
4.71794876	-79.96498813
4.72527477	-73.64156106
4.73260078	-73.22098657
4.73992678	-67.28579941
4.74725279	-67.27893206
4.75457880	-74.45846166
4.76190480	-86.94933648
4.76923081	-74.17331290
4.77655682	-68.56965894
4.78388283	-66.34497465
4.79120883	-67.51308484
4.79853484	-67.54920730
4.80586085	-71.13943643
4.81318686	-72.61357079
4.82051286	-64.70227378
4.82783887	-67.91919575
4.83516488	-72.98800162
4.84249089	-77.96298850
4.84981689	-70.29184533
4.85714290	-68.76269731
4.86446891	-77.87543880
4.87179492	-74.08988788
4.87912092	-72.30246814
4.88644693	-71.09190362
4.89377294	-73.26581189
4.90109895	-76.06339201
4.90842495	-78.04835775
4.91575096	-87.54841805
4.92307697	-77.47141547
4.93040297	-72.26132332
4.93772898	-61.90125007
4.94505499	-59.89276859
4.95238100	-66.17421082
4.95970700	-71.58565640
4.96703301	-67.94166054
4.97435902	-70.54830266
4.98168503	-70.18339705
4.98901103	-76.36847189
4.99633704	-77.70395232
5.00366305	-76.46020755
5.01098906	-80.52015571
5.01831506	-93.73308644
5.02564107	-70.66158753
5.03296708	-68.89175200
5.04029309	-65.53788195
5.04761909	-62.39117231
5.05494510	-70.28615945
5.06227111	-64.18963237
5.06959712	-62.84243349
5.07692312	-73.11845658
5.08424913	-70.04662726
5.09157514	-71.07763013
5.09890115	-69.15201929
5.10622715	-71.08844301
5.11355316	-69.03303393
5.12087917	-73.38778898
5.12820517	-86.92366451
5.13553118	-88.29618167
5.14285719	-71.65796073
5.15018320	-66.46683632
5.15750920	-64.86567239
5.16483521	-65.76553353
5.17216122	-62.54779319
5.17948723	-60.61341980
5.18681323	-63.70511649
5.19413924	-77.24100014
5.20146525	-73.37534667
5.20879126	-82.20917546
5.21611726	-70.88646003
5.22344327	-66.61518061
5.23076928	-69.40428764
5.23809529	-76.34970738
5.24542129	-67.66586674
5.25274730	-72.14414374
5.26007331	-71.86695721
5.26739932	-72.95454431
5.27472532	-67.82491129
5.28205133	-61.24528558
5.28937734	-64.50607342
5.29670334	-72.01834957
5.30402935	-66.21811447
5.31135536	-68.75349207
5.31868137	-76.73704449
5.32600737	-66.55226063
5.33333338	-66.64249216
5.34065939	-64.07602465
5.34798540	-60.24596112
5.35531140	-63.80264494
5.36263741	-80.19958768
5.36996342	-66.93301455
5.37728943	-71.29563715
5.38461543	-74.58378428
5.39194144	-65.52949927
5.39926745	-62.65079118
5.40659346	-63.44419607
5.41391946	-67.59491283
5.42124547	-80.38075508
5.42857148	-80.70423426
5.43589749	-68.00103364
5.44322349	-64.70294064
5.45054950	-73.40834468
5.45787551	-67.51127619
5.46520151	-64.11947544
5.47252752	-67.87522462
5.47985353	-73.03315552
5.48717954	-68.21180879
5.49450554	-64.86557060
5.50183155	-65.41033203
5.50915756	-71.56818750
5.51648357	-85.10261379
5.52380957	-78.38421747
5.53113558	-82.12620972
5.53846159	-73.87111828
5.54578760	-78.07067860
5.55311360	-80.30982619
5.56043961	-68.36897066
5.56776562	-64.81079909
5.57509163	-68.88628374
5.58241763	-71.99351877
5.58974364	-67.39432779
5.59706965	-75.67230596
5.60439566	-63.65661908
5.61172166	-64.45505677
5.61904767	-75.81890509
5.62637368	-85.16763382
5.63369968	-73.80410605
5.64102569	-73.43776688
5.64835170	-67.69091844
5.65567771	-63.86147128
5.66300371	-65.87276680
5.67032972	-72.01633959
5.67765573	-68.68985976
5.68498174	-73.74306524
5.69230774	-85.28437700
5.69963375	-75.96592574
5.70695976	-69.00541575
5.71428577	-69.48212925
5.72161177	-74.72538427
5.72893778	-75.75358249
5.73626379	-70.72415372
5.74358980	-74.84297256
5.75091580	-73.21399255
5.75824181	-72.78089473
5.76556782	-69.99937333
5.77289383	-78.35748906
5.78021983	-73.89703546
5.78754584	-71.24085081
5.79487185	-67.93010204
5.80219785	-72.65072020
5.80952386	-73.90449536
5.81684987	-72.12313451
5.82417588	-71.33597131
5.83150188	-69.76800968
5.83882789	-70.62590646
5.84615390	-65.19110904
5.85347991	-70.10308822
5.86080591	-62.12803914
5.86813192	-62.17721475
5.87545793	-68.10104997
5.88278394	-71.54197973
5.89010994	-67.54769420
5.89743595	-67.30142833
5.90476196	-73.24692460
5.91208797	-73.36114592
5.91941397	-70.25908981
5.92673998	-73.63437772
5.93406599	-79.00016610
5.94139200	-71.36312825
5.94871800	-88.32933292
5.95604401	-66.49728658
5.96337002	-64.78345343
5.97069602	-67.87536475
5.97802203	-65.91553447
5.98534804	-67.11320763
5.99267405	-71.93166204
6.00000005	-73.06274243
6.00732606	-66.58893179
6.01465207	-66.16788318
6.02197808	-70.41557796
6.02930408	-77.35828534
6.03663009	-74.99524449
6.04395610	-68.21084621
6.05128211	-66.81806843
6.05860811	-73.17927968
6.06593412	-77.40056386
6.07326013	-69.91267348
6.08058614	-66.38851013
6.08791214	-69.50416847
6.09523815	-78.60083735
6.10256416	-75.88560212
6.10989017	-64.17496362
6.11721617	-62.41305853
6.12454218	-73.46307155
6.13186819	-68.32131726
6.13919419	-64.90120992
6.14652020	-65.11504504
6.15384621	-66.89377058
6.16117222	-70.73178138
6.16849822	-72.92557118
6.17582423	-86.64300331
6.18315024	-78.69800664
6.19047625	-76.93830597
6.19780225	-67.40719705
6.20512826	-68.01039991
6.21245427	-70.96896192
6.21978028	-82.11643874
6.22710628	-70.24597499
6.23443229	-70.45240494
6.24175830	-66.96191941
6.24908431	-64.72838691
6.25641031	-63.85496275
6.26373632	-63.32097924
6.27106233	-65.45707461
6.27838834	-69.90513467
6.28571434	-72.05556189
6.29304035	-80.39023179
6.30036636	-80.42024714
6.30769236	-98.42100299
6.31501837	-69.38625637
6.32234438	-65.70729366
6.32967039	-68.39620790
6.33699639	-72.02782020
6.34432240	-70.53076428
6.35164841	-66.58894076
6.35897442	-70.70610913
6.36630042	-66.91586855
6.37362643	-65.67637701
6.38095244	-71.45609666
6.38827845	-82.76758306
6.39560445	-66.10346595
6.40293046	-66.40167322
6.41025647	-75.29319531
6.41758248	-69.86927227
6.42490848	-84.51423427
6.43223449	-70.19093966
6.43956050	-75.23731247
6.44688651	-69.42022726
6.45421251	-70.98258277
6.46153852	-61.94384714
6.46886453	-61.39297823
6.47619053	-70.39406515
6.48351654	-68.08320466
6.49084255	-65.11436243
6.49816856	-76.10206982
6.50549456	-67.07963148
6.51282057	-65.56954450
6.52014658	-75.48638235
6.52747259	-74.01359634
6.53479859	-68.22150525
6.54212460	-67.90350832
6.54945061	-73.46182234
6.55677662	-68.62323642
6.56410262	-67.20599737
6.57142863	-71.24896392
6.57875464	-89.32890642
6.58608065	-69.41642241
6.59340665	-68.66356637
6.60073266	-70.44537727
6.60805867	-66.80612795
6.61538468	-68.96467564
6.62271068	-77.10744478
6.63003669	-74.32233813
6.63736270	-73.25253427
6.64468870	-70.83785071
6.65201471	-67.63925772
6.65934072	-69.06870082
6.66666673	-72.08318703
6.67399273	-65.38789070
6.68131874	-65.53372250
6.68864475	-66.17628572
6.69597076	-72.75767683
6.70329676	-62.68617043
6.71062277	-62.07169404
6.71794878	-69.27374369
6.72527479	-76.85165385
6.73260079	-73.38500042
6.73992680	-72.17960027
6.74725281	-71.19494179
6.75457882	-74.56668485
6.76190482	-71.12086665
6.76923083	-67.67875354
6.77655684	-71.86272388
6.78388285	-71.89488255
6.79120885	-65.19259519
6.79853486	-69.75920886
6.80586087	-77.25037941
6.81318687	-79.70628647
6.82051288	-80.11021081
6.82783889	-73.45536692
6.83516490	-73.25762065
6.84249090	-75.79510206
6.84981691	-69.81142041
6.85714292	-81.40113489
6.86446893	-69.30502516
6.87179493	-64.94490643
6.87912094	-63.27735478
6.88644695	-65.56518497
6.89377296	-68.53188262
6.90109896	-73.83336108
6.90842497	-66.16936065
6.91575098	-75.47929693
6.92307699	-67.01822404
6.93040299	-68.31896252
6.93772900	-73.32842779
6.94505501	-76.58689885
6.95238102	-71.74348970
6.95970702	-86.82521437
6.96703303	-68.31754550
6.97435904	-66.93508237
6.98168504	-66.63742910
6.98901105	-69.35311692
6.99633706	-77.27394555
7.00366307	-89.54897251
7.01098907	-71.29206231
7.01831508	-75.50526283
7.02564109	-73.40962911
7.03296710	-70.88540958
7.04029310	-83.74107291
7.04761911	-70.80082193
7.05494512	-68.43951328
7.06227113	-71.70092524
7.06959713	-77.56394216
7.07692314	-76.25565384
7.08424915	-73.71351686
7.09157516	-69.27830646
7.09890116	-77.90113389
7.10622717	-74.30990991
7.11355318	-65.97712398
7.12087919	-67.25941009
7.12820519	-80.72131384
7.13553120	-73.35320945
7.14285721	-75.54291633
7.15018321	-70.96559870
7.15750922	-75.29034128
7.16483523	-69.36031905
7.17216124	-67.32959031
7.17948724	-66.28764108
7.18681325	-72.26022665
7.19413926	-68.53190751
7.20146527	-64.39435089
7.20879127	-82.29640924
7.21611728	-65.06488095
7.22344329	-63.27423939
7.23076930	-64.09695954
7.23809530	-67.35571390
7.24542131	-70.32397371
7.25274732	-79.34176946
7.26007333	-69.84054310
7.26739933	-66.54226084
7.27472534	-70.49602468
7.28205135	-70.17690913
7.28937736	-66.99616943
7.29670336	-71.44551472
7.30402937	-69.09272505
7.31135538	-64.58959548
7.31868138	-67.32433526
7.32600739	-67.07824822
7.33333340	-70.01122601
7.34065941	-66.99150948
7.34798541	-68.79566301
7.35531142	-70.01681467
7.36263743	-81.74923086
7.36996344	-62.44650992
7.37728944	-63.11795253
7.38461545	-88.57159736
7.39194146	-71.33982026
7.39926747	-65.46348289
7.40659347	-66.80751857
7.41391948	-68.71537252
7.42124549	-64.22054070
7.42857150	-68.00224966
7.43589750	-64.97996599
7.44322351	-67.18675331
7.45054952	-70.70015533
7.45787553	-73.54460430
7.46520153	-66.78124265
7.47252754	-70.90634282
7.47985355	-70.92467518
7.48717955	-71.29732378
7.49450556	-72.54825644
7.50183157	-61.56937706
7.50915758	-61.11821162
7.51648358	-73.31274703
7.52380959	-68.18158796
7.53113560	-72.70985304
7.53846161	-66.71853427
7.54578761	-68.69488913
7.55311362	-65.43721837
7.56043963	-74.46696287
7.56776564	-68.48763597
7.57509164	-84.24934223
7.58241765	-65.02256314
7.58974366	-65.33762355
7.59706967	-68.45468854
7.60439567	-67.29987282
7.61172168	-65.74952293
7.61904769	-66.04153624
7.62637370	-71.48083750
7.63369970	-79.87858753
7.64102571	-77.94501991
7.64835172	-75.96427846
7.65567772	-79.53120026
7.66300373	-74.33829681
7.67032974	-72.66971319
7.67765575	-74.86049795
7.68498175	-77.88601521
7.69230776	-87.35519891
7.69963377	-74.61749115
7.70695978	-67.27497652
7.71428578	-66.32447956
7.72161179	-65.62330330
7.72893780	-69.97617855
7.73626381	-73.30088696
7.74358981	-68.60948693
7.75091582	-68.35645900
7.75824183	-66.68745699
7.76556784	-72.07799167
7.77289384	-60.58643343
7.78021985	-62.71626536
7.78754586	-69.64839462
7.79487187	-68.46762605
7.80219787	-73.26415623
7.80952388	-68.00085937
7.81684989	-67.64133168
7.82417589	-69.62481073
7.83150190	-75.48792700
7.83882791	-84.14293451
7.84615392	-75.45763513
7.85347992	-68.21851311
7.86080593	-70.01573142
7.86813194	-74.99285739
7.87545795	-64.66483435
7.88278395	-64.17004648
7.89010996	-68.04379229
7.89743597	-73.51254587
7.90476198	-73.20138242
7.91208798	-68.01716367
7.91941399	-64.13596758
7.92674000	-63.22980157
7.93406601	-67.83551196
7.94139201	-66.54927785
7.94871802	-67.11251061
7.95604403	-72.76496607
7.96337004	-67.81736023
7.97069604	-67.62473448
7.97802205	-60.94026927
7.98534806	-62.51999130
7.99267406	-73.21190766
8.00000007	-72.69722692
8.00732608	-66.84936650
8.01465209	-72.84750511
8.02197809	-75.16219948
8.02930410	-83.80319810
8.03663011	-66.64289999
8.04395612	-65.21823158
8.05128212	-71.62798153
8.05860813	-64.74758342
8.06593414	-67.45697639
8.07326015	-76.27019646
8.08058615	-81.03388221
8.08791216	-77.08135989
8.09523817	-78.73383506
8.10256418	-73.46208015
8.10989018	-67.19234793
8.11721619	-73.64733011
8.12454220	-64.81050748
8.13186821	-64.01508586
8.13919421	-69.74877890
8.14652022	-65.47121859
8.15384623	-68.18753323
8.16117223	-75.44786367
8.16849824	-73.13963402
8.17582425	-65.92643016
8.18315026	-62.64860490
8.19047626	-64.71790019
8.19780227	-66.24864030
8.20512828	-75.48354095
8.21245429	-66.71673742
8.21978029	-64.74953161
8.22710630	-65.86669073
8.23443231	-63.79019074
8.24175832	-66.30769949
8.24908432	-80.35479313
8.25641033	-72.60602462
8.26373634	-72.91024988
8.27106235	-67.79968261
8.27838835	-66.02654822
8.28571436	-78.00120726
8.29304037	-66.65132052
8.30036638	-66.67175790
8.30769238	-66.82529678
8.31501839	-63.54528705
8.32234440	-68.70453898
8.32967041	-77.64354959
8.33699641	-71.29406820
8.34432242	-69.77455325
8.35164843	-72.17949477
8.35897443	-65.28047261
8.36630044	-67.22630660
8.37362645	-67.24226039
8.38095246	-74.13281668
8.38827846	-68.66657775
8.39560447	-63.74082443
8.40293048	-67.00659139
8.41025649	-81.33738426
8.41758249	-78.20434453
8.42490850	-80.33628482
8.43223451	-73.62557130
8.43956052	-68.70264776
8.44688652	-76.09657439
8.45421253	-68.55207290
8.46153854	-71.72260684
8.46886455	-70.64092155
8.47619055	-70.88157149
8.48351656	-70.13486052
8.49084257	-65.08060492
8.49816858	-65.49921396
8.50549458	-64.86173985
8.51282059	-76.67134285
8.52014660	-66.62517881
8.52747260	-64.83972132
8.53479861	-66.72393921
8.54212462	-67.63703034
8.54945063	-71.46394356
8.55677663	-74.67345301
8.56410264	-70.22014484
8.57142865	-73.24283225
8.57875466	-77.00437758
8.58608066	-72.40046061
8.59340667	-85.22519653
8.60073268	-69.50922580
8.60805869	-63.01009793
8.61538469	-61.85033226
8.62271070	-65.63457000
8.63003671	-66.57132861
8.63736272	-66.50095213
8.64468872	-69.24151615
8.65201473	-65.41050484
8.65934074	-62.78809656
8.66666675	-68.40436361
8.67399275	-73.15937760
8.68131876	-67.77192744
8.68864477	-69.45335944
8.69597077	-72.67191255
8.70329678	-79.94409224
8.71062279	-86.02093277
8.71794880	-71.26583191
8.72527480	-69.94854383
8.73260081	-69.49784410
8.73992682	-67.27487270
8.74725283	-72.64954318
8.75457883	-73.83002909
8.76190484	-74.00679844
8.76923085	-88.14330191
8.77655686	-72.46050734
8.78388286	-64.96490261
8.79120887	-64.79807587
8.79853488	-81.42453250
8.80586089	-63.33986077
8.81318689	-65.39621148
8.82051290	-73.49782816
8.82783891	-66.26320162
8.83516492	-70.03869420
8.84249092	-66.06341428
8.84981693	-66.54885294
8.85714294	-67.60271709
8.86446894	-65.24850670
8.87179495	-63.64901587
8.87912096	-64.67881159
8.88644697	-67.63162743
8.89377297	-73.33680720
8.90109898	-69.32346121
8.90842499	-64.63951242
8.91575100	-67.38750692
8.92307700	-73.31819775
8.93040301	-72.42093495
8.93772902	-74.20138839
8.94505503	-64.38251026
8.95238103	-66.04145349
8.95970704	-73.99094866
8.96703305	-74.73093034
8.97435906	-74.91943736
8.98168506	-72.54109304
8.98901107	-69.41254189
8.99633708	-70.89614244
9.00366309	-74.93793192
9.01098909	-77.54111710
9.01831510	-68.23828757
9.02564111	-68.97988296
9.03296711	-66.18224625
9.04029312	-71.81686916
9.04761913	-67.54629925
9.05494514	-63.46491982
9.06227114	-71.19915685
9.06959715	-81.02800924
9.07692316	-69.23078230
9.08424917	-64.95502689
9.09157517	-71.00748058
9.09890118	-66.71137640
9.10622719	-69.89872162
9.11355320	-66.30087631
9.12087920	-65.29372762
9.12820521	-72.69699087
9.13553122	-69.03662003
9.14285723	-66.96595633
9.15018323	-66.14807450
9.15750924	-65.89585630
9.16483525	-69.83836438
9.17216126	-69.24559553
9.17948726	-71.63657150
9.18681327	-77.40327122
9.19413928	-88.00297345
9.20146528	-76.76955822
9.20879129	-72.55577227
9.21611730	-77.24038175
9.22344331	-77.51956219
9.23076931	-69.35260776
9.23809532	-68.10092202
9.24542133	-69.74779099
9.25274734	-68.24491981
9.26007334	-63.58530944
9.26739935	-64.17090164
9.27472536	-73.42791737
9.28205137	-76.12361624
9.28937737	-74.27981839
9.29670338	-69.63343140
9.30402939	-72.24545964
9.31135540	-85.27520310
9.31868140	-70.09019855
9.32600741	-67.58329489
9.33333342	-69.82965596
9.34065943	-71.55973267
9.34798543	-73.35584572
9.35531144	-73.76857470
9.36263745	-64.70095712
9.36996345	-61.90648249
9.37728946	-64.91870095
9.38461547	-77.49477764
9.39194148	-68.24834120
9.39926748	-65.23075471
9.40659349	-69.76430016
9.41391950	-75.89289422
9.42124551	-68.63642775
9.42857151	-65.92949579
9.43589752	-70.22895674
9.44322353	-73.14581433
9.45054954	-68.60448180
9.45787554	-69.48616859
9.46520155	-72.84168418
9.47252756	-79.63064969
9.47985357	-72.28721416
9.48717957	-69.88824772
9.49450558	-70.48509642
9.50183159	-74.33884394
9.50915760	-74.33390293
9.51648360	-72.79373899
9.52380961	-66.67491101
9.53113562	-70.47608307
9.53846162	-66.58112776
9.54578763	-69.73415045
9.55311364	-67.36086052
9.56043965	-67.28612534
9.56776565	-87.35356640
9.57509166	-70.79299864
9.58241767	-69.82042627
9.58974368	-71.77406010
9.59706968	-74.02024459
9.60439569	-78.47917105
9.61172170	-70.21418388
9.61904771	-64.71550995
9.62637371	-63.37130582
9.63369972	-66.47950906
9.64102573	-83.97342162
9.64835174	-71.43618233
9.65567774	-70.61127111
9.66300375	-77.74551452
9.67032976	-72.93342770
9.67765577	-73.53703838
9.68498177	-70.25140215
9.69230778	-69.79675315
9.69963379	-71.63480222
9.70695979	-71.53545749
9.71428580	-74.14839543
9.72161181	-71.92551855
9.72893782	-73.93436023
9.73626382	-78.21549070
9.74358983	-85.16111010
9.75091584	-73.65150058
9.75824185	-70.96766538
9.76556785	-68.22900005
9.77289386	-70.47354991
9.78021987	-75.43163943
9.78754588	-68.35429156
9.79487188	-66.06044119
9.80219789	-80.36846320
9.80952390	-67.36958881
9.81684991	-68.19224997
9.82417591	-73.50621826
9.83150192	-68.52288710
9.83882793	-72.90010686
9.84615394	-77.13473577
9.85347994	-72.00440076
9.86080595	-70.15569082
9.86813196	-69.29857260
9.87545796	-72.04004395
9.88278397	-81.55347858
9.89010998	-69.20488388
9.89743599	-68.24828502
9.90476199	-66.35154710
9.91208800	-67.95767257
9.91941401	-72.40447962
9.92674002	-71.88160153
9.93406602	-69.47683456
9.94139203	-62.14970769
9.94871804	-61.70593517
9.95604405	-67.68527233
9.96337005	-74.93331585
9.97069606	-72.45575347
9.97802207	-81.36236006
9.98534808	-78.15472394
9.99267408	-76.44057819
10.00000009	-78.37715015
10.00732610	-68.88054187
10.01465211	-67.77725546
10.02197811	-78.43309403
10.02930412	-64.21756349
10.03663013	-63.22367797
10.04395613	-70.29763440
10.05128214	-79.10326216
10.05860815	-70.76550521
10.06593416	-72.85031114
10.07326016	-70.30824747
10.08058617	-67.45228406
10.08791218	-65.38148583
10.09523819	-71.07016295
10.10256419	-71.29744800
10.10989020	-67.25735176
10.11721621	-69.64905112
10.12454222	-64.41536767
10.13186822	-65.57427489
10.13919423	-70.94923536
10.14652024	-80.39690243
10.15384625	-68.79024556
10.16117225	-64.63047960
10.16849826	-70.52567664
10.17582427	-66.08646650
10.18315028	-64.01489721
10.19047628	-67.96036709
10.19780229	-72.17971871
10.20512830	-67.99788936
10.21245430	-69.52097143
10.21978031	-61.57272110
10.22710632	-64.13792840
10.23443233	-76.66128379
10.24175833	-71.16358618
10.24908434	-66.22525295
10.25641035	-64.55434998
10.26373636	-75.07514182
10.27106236	-63.58808873
10.27838837	-62.13282655
10.28571438	-66.10061323
10.29304039	-67.65327263
10.30036639	-65.88263294
10.30769240	-67.34800210
10.31501841	-77.69171971
10.32234442	-80.21609766
10.32967042	-69.41816998
10.33699643	-63.46456756
10.34432244	-65.06986559
10.35164845	-74.93313056
10.35897445	-79.90491096
10.36630046	-71.55556375
10.37362647	-70.19478210
10.38095247	-70.07714267
10.38827848	-78.11488478
10.39560449	-66.88923972
10.40293050	-63.43167640
10.41025650	-67.75526529
10.41758251	-66.36563045
10.42490852	-66.81849361
10.43223453	-67.24572498
10.43956053	-64.64622464
10.44688654	-67.07001823
10.45421255	-64.95551536
10.46153856	-63.09933424
10.46886456	-68.81115429
10.47619057	-80.03024285
10.48351658	-78.12732007
10.49084259	-71.49529579
10.49816859	-73.18319190
10.50549460	-74.16814858
10.51282061	-68.47446503
10.52014662	-76.42342958
10.52747262	-74.80279098
10.53479863	-77.20197053
10.54212464	-71.89305885
10.54945064	-66.27267967
10.55677665	-72.41358104
10.56410266	-72.59998332
10.57142867	-69.26785757
10.57875467	-72.65023602
10.58608068	-67.58273460
10.59340669	-72.71848238
10.60073270	-69.99009086
10.60805870	-65.84892343
10.61538471	-66.07534758
10.62271072	-68.03721280
10.63003673	-65.17671944
10.63736273	-65.77019844
10.64468874	-74.73181608
10.65201475	-86.09054720
10.65934076	-70.41513417
10.66666676	-66.57543614
10.67399277	-68.31816927
10.68131878	-69.90318900
10.68864479	-67.21791345
10.69597079	-64.34870478
10.70329680	-79.42314987
10.71062281	-62.76791578
10.71794881	-61.38583670
10.72527482	-70.36894040
10.73260083	-79.18419537
10.73992684	-76.61548983
10.74725284	-79.16142452
10.75457885	-67.64498273
10.76190486	-70.31466665
10.76923087	-75.27480103
10.77655687	-68.84392523
10.78388288	-76.19844194
10.79120889	-88.52595811
10.79853490	-79.12467133
10.80586090	-71.24885932
10.81318691	-68.50756690
10.82051292	-70.20112967
10.82783893	-78.57752287
10.83516493	-69.04569047
10.84249094	-69.57533279
10.84981695	-68.88058934
10.85714296	-68.28114026
10.86446896	-73.30335558
10.87179497	-73.68190480
10.87912098	-68.68038901
10.88644698	-67.67475444
10.89377299	-74.53149714
10.90109900	-67.15640674
10.90842501	-68.66157189
10.91575101	-74.62736283
10.92307702	-76.42645371
10.93040303	-69.07555113
10.93772904	-63.97538295
10.94505504	-64.37180062
10.95238105	-69.39366262
10.95970706	-76.92445037
10.96703307	-70.71328811
10.97435907	-67.97775119
10.98168508	-71.40095203
10.98901109	-78.05129242
10.99633710	-74.52251798
11.00366310	-74.72188651
11.01098911	-87.83234221
11.01831512	-72.93016637
11.02564113	-77.33656484
11.03296713	-74.72420405
11.04029314	-69.32731031
11.04761915	-68.49196869
11.05494515	-69.18060131
11.06227116	-68.44146244
11.06959717	-67.54878619
11.07692318	-75.23508902
11.08424918	-75.86999261
11.09157519	-91.22705584
11.09890120	-76.31407958
11.10622721	-67.00945675
11.11355321	-71.23176692
11.12087922	-68.05216906
11.12820523	-65.04641945
11.13553124	-73.93603681
11.14285724	-68.13904731
11.15018325	-75.12732793
11.15750926	-69.29874815
11.16483527	-90.10526190
11.17216127	-65.79378652
11.17948728	-64.51667103
11.18681329	-68.88545208
11.19413930	-71.96106759
11.20146530	-71.29164382
11.20879131	-65.75588888
11.21611732	-68.47975613
11.22344332	-75.23748566
11.23076933	-70.96308380
11.23809534	-82.52994874
11.24542135	-77.75271279
11.25274735	-67.74973973
11.26007336	-63.20189846
11.26739937	-71.98876710
11.27472538	-69.34176304
11.28205138	-68.44755371
11.28937739	-81.26197140
11.29670340	-72.46858338
11.30402941	-77.29631281
11.31135541	-73.70092883
11.31868142	-67.40710553
11.32600743	-71.56049323
11.33333344	-76.15742527
11.34065944	-70.12539278
11.34798545	-70.05732686
11.35531146	-69.33882926
11.36263747	-64.35459832
11.36996347	-63.49715068
11.37728948	-68.30600920
11.38461549	-71.90036860
11.39194149	-68.01198932
11.39926750	-69.26162420
11.40659351	-69.45855334
11.41391952	-74.37223417
11.42124552	-70.57589849
11.42857153	-69.52817854
11.43589754	-74.37446793
11.44322355	-75.44240254
11.45054955	-66.58895136
11.45787556	-68.85405085
11.46520157	-80.01068051
11.47252758	-68.51667790
11.47985358	-65.44184280
11.48717959	-66.09602033
11.49450560	-80.02743938
11.50183161	-66.33097604
11.50915761	-63.55599298
11.51648362	-65.65168262
11.52380963	-75.87618207
11.53113564	-74.76852092
11.53846164	-74.51608231
11.54578765	-79.90478215
11.55311366	-74.04101593
11.56043966	-71.94489234
11.56776567	-73.42427048
11.57509168	-77.69050189
11.58241769	-67.12582471
11.58974369	-67.16225520
11.59706970	-75.82862210
11.60439571	-76.77048173
11.61172172	-72.49110606
11.61904772	-73.22072826
11.62637373	-77.42288204
11.63369974	-67.84830638
11.64102575	-70.13918145
11.64835175	-86.03279601
11.65567776	-67.05035389
11.66300377	-61.92925633
11.67032978	-63.39903702
11.67765578	-72.64504133
11.68498179	-78.65034218
11.69230780	-83.28035464
11.69963381	-67.29701794
11.70695981	-68.15113289
11.71428582	-72.56543484
11.72161183	-63.62455301
11.72893784	-68.09325054
11.73626384	-74.92999242
11.74358985	-68.45394527
11.75091586	-70.17419582
11.75824186	-72.15762890
11.76556787	-82.12972402
11.77289388	-69.13678050
11.78021989	-67.08490544
11.78754589	-65.36725287
11.79487190	-63.99438461
11.80219791	-66.89799761
11.80952392	-75.00904347
11.81684992	-76.08571167
11.82417593	-68.46196979
11.83150194	-65.84714623
11.83882795	-64.46372144
11.84615395	-64.76152920
11.85347996	-66.45815736
11.86080597	-67.93839579
11.86813198	-63.77981571
11.87545798	-61.92503784
11.88278399	-65.19332047
11.89011000	-70.53461521
11.89743601	-68.98080514
11.90476201	-67.14040656
11.91208802	-67.73374385
11.91941403	-65.31677782
11.92674003	-69.24243490
11.93406604	-83.28964582
11.94139205	-72.26431481
11.94871806	-67.18934018
11.95604406	-65.51769521
11.96337007	-66.63862596
11.97069608	-69.08394948
11.97802209	-72.62454870
11.98534809	-67.67075283
11.99267410	-67.59079019
12.00000011	-72.21109660
12.00732612	-73.38310409
12.01465212	-74.02740189
12.02197813	-71.98344826
12.02930414	-68.96485824
12.03663015	-73.03858359
12.04395615	-73.80420346
12.05128216	-78.97437264
12.05860817	-73.16157120
12.06593418	-73.84941390
12.07326018	-73.78503485
12.08058619	-73.16567424
12.08791220	-69.76243403
12.09523820	-66.49587989
12.10256421	-71.01410866
12.10989022	-69.46830024
12.11721623	-72.31174548
12.12454223	-80.05832377
12.13186824	-71.52228692
12.13919425	-66.28867639
12.14652026	-69.48445913
12.15384626	-70.72062379
12.16117227	-62.01356332
12.16849828	-61.95837882
12.17582429	-66.35787475
12.18315029	-73.63043023
12.19047630	-84.26042149
12.19780231	-81.99064494
12.20512832	-72.52465741
12.21245432	-78.70821827
12.21978033	-73.23095134
12.22710634	-69.31537169
12.23443235	-72.89178169
12.24175835	-71.50320966
12.24908436	-65.34572697
12.25641037	-63.37247853
12.26373637	-66.63578818
12.27106238	-72.86690527
12.27838839	-62.51243156
12.28571440	-65.16800606
12.29304040	-70.34391010
12.30036641	-73.25544598
12.30769242	-71.95453667
12.31501843	-67.67463279
12.32234443	-76.74097766
12.32967044	-74.99829580
12.33699645	-72.86233978
12.34432246	-74.64053303
12.35164846	-73.22411991
12.35897447	-70.12586761
12.36630048	-72.12381773
12.37362649	-78.36542323
12.38095249	-73.50001389
12.38827850	-72.95985881
12.39560451	-66.55965012
12.40293052	-62.21514289
12.41025652	-62.32824230
12.41758253	-67.26364444
12.42490854	-67.98096624
12.43223454	-67.76027158
12.43956055	-73.54467683
12.44688656	-75.60290769
12.45421257	-72.58249689
12.46153857	-66.51235916
12.46886458	-67.82657442
12.47619059	-66.97125498
12.48351660	-70.96792150
12.49084260	-71.25494919
12.49816861	-70.11560298
12.50549462	-67.02184400
12.51282063	-65.97460722
12.52014663	-68.28185509
12.52747264	-67.38186241
12.53479865	-66.68572099
12.54212466	-75.15263333
12.54945066	-72.55455156
12.55677667	-71.03935170
12.56410268	-67.05048812
12.57142869	-71.92693976
12.57875469	-79.29973585
12.58608070	-77.83400754
12.59340671	-81.44383052
12.60073271	-77.07735774
12.60805872	-69.61256283
12.61538473	-67.31199590
12.62271074	-72.24121192
12.63003674	-78.17729813
12.63736275	-67.31820147
12.64468876	-63.88982061
12.65201477	-65.47906294
12.65934077	-69.44386033
12.66666678	-73.29594993
12.67399279	-88.93319709
12.68131880	-78.62552710
12.68864480	-81.65509800
12.69597081	-72.45149734
12.70329682	-68.70566964
12.71062283	-68.73243472
12.71794883	-67.69344626
12.72527484	-65.34305259
12.73260085	-66.87351012
12.73992686	-75.29669012
12.74725286	-87.92129179
12.75457887	-72.05364532
12.76190488	-67.30606551
12.76923088	-70.51232050
12.77655689	-77.74231730
12.78388290	-70.64468756
12.79120891	-69.87862585
12.79853491	-74.85454814
12.80586092	-79.46709138
12.81318693	-76.32253185
12.82051294	-70.94629699
12.82783894	-70.71077555
12.83516495	-73.69423342
12.84249096	-70.07904030
12.84981697	-69.11584769
12.85714297	-69.15690630
12.86446898	-69.06458429
12.87179499	-72.46993565
12.87912100	-78.86409151
12.88644700	-83.47718429
12.89377301	-69.57251495
12.90109902	-66.64857958
12.90842503	-70.13626970
12.91575103	-78.21501401
12.92307704	-74.77939907
12.93040305	-74.58732072
12.93772905	-73.40740243
12.94505506	-76.62391004
12.95238107	-73.15552623
12.95970708	-69.44907496
12.96703308	-66.57553612
12.97435909	-63.62654476
12.98168510	-66.23145185
12.98901111	-79.97425124
12.99633711	-79.75674560
13.00366312	-76.84980574
13.01098913	-69.42581285
13.01831514	-75.06204206
13.02564114	-68.42650753
13.03296715	-68.88318666
13.04029316	-70.93097068
13.04761917	-64.46176884
13.05494517	-69.46331268
13.06227118	-84.48813018
13.06959719	-73.56519050
13.07692320	-70.63285353
13.08424920	-77.50196817
13.09157521	-66.40012578
13.09890122	-73.12287251
13.10622722	-74.23434276
13.11355323	-73.56478414
13.12087924	-69.87214974
13.12820525	-74.63190363
13.13553125	-65.63532365
13.14285726	-65.83476004
13.15018327	-71.20441319
13.15750928	-72.15298201
13.16483528	-78.29534951
13.17216129	-76.84920599
13.17948730	-70.77185729
13.18681331	-68.37996015
13.19413931	-73.67847908
13.20146532	-72.40978886
13.20879133	-67.30991610
13.21611734	-73.31601351
13.22344334	-76.04421649
13.23076935	-73.42759415
13.23809536	-67.48085975
13.24542137	-69.75076926
13.25274737	-66.44879312
13.26007338	-66.00184250
13.26739939	-69.30775746
13.27472539	-70.71375058
13.28205140	-72.41575526
13.28937741	-81.42944195
13.29670342	-74.46289004
13.30402942	-69.66214579
13.31135543	-75.73212844
13.31868144	-69.46416678
13.32600745	-64.92249777
13.33333345	-70.50097017
13.34065946	-73.09730420
13.34798547	-66.19884160
13.35531148	-67.70946058
13.36263748	-71.19556014
13.36996349	-87.34755003
13.37728950	-66.92844434
13.38461551	-67.48229449
13.39194151	-74.78997599
13.39926752	-69.63067929
13.40659353	-69.49716925
13.41391954	-69.75036021
13.42124554	-63.88270166
13.42857155	-65.23072399
13.43589756	-73.60311452
13.44322356	-63.35997661
13.45054957	-63.73151398
13.45787558	-64.82046990
13.46520159	-66.13873700
13.47252759	-67.35926807
13.47985360	-66.01413822
13.48717961	-65.95284915
13.49450562	-74.06609838
13.50183162	-84.70675216
13.50915763	-86.48138544
13.51648364	-74.60566110
13.52380965	-77.65889388
13.53113565	-73.48886210
13.53846166	-65.57850053
13.54578767	-65.29636724
13.55311368	-79.81933759
13.56043968	-67.55342186
13.56776569	-65.26723714
13.57509170	-66.05326913
13.58241771	-74.47726213
13.58974371	-71.41848806
13.59706972	-89.08865389
13.60439573	-75.00359245
13.61172173	-68.68471273
13.61904774	-65.26348644
13.62637375	-70.37567658
13.63369976	-69.77265842
13.64102576	-72.11244294
13.64835177	-63.02740513
13.65567778	-65.65581950
13.66300379	-83.86563160
13.67032979	-71.04986808
13.67765580	-69.85767397
13.68498181	-69.81040192
13.69230782	-70.52559499
13.69963382	-69.77188564
13.70695983	-70.62050503
13.71428584	-70.23471576
13.72161185	-75.17746144
13.72893785	-68.41174310
13.73626386	-70.06700676
13.74358987	-85.90967232
13.75091588	-73.77157381
13.75824188	-69.06394584
13.76556789	-67.68303965
13.77289390	-64.73110506
13.78021990	-68.02408235
13.78754591	-73.50074991
13.79487192	-70.31400079
13.80219793	-80.89858182
13.80952393	-81.75724312
13.81684994	-71.16833379
13.82417595	-80.99340070
13.83150196	-69.00946361
13.83882796	-69.99841859
13.84615397	-68.50858793
13.85347998	-70.11310156
13.86080599	-67.85156340
13.86813199	-62.96946961
13.87545800	-73.05380602
13.88278401	-73.31344964
13.89011002	-73.12259914
13.89743602	-68.44931753
13.90476203	-83.66761505
13.91208804	-69.34104127
13.91941405	-68.43063330
13.92674005	-67.73770452
13.93406606	-69.74429900
13.94139207	-68.32981303
13.94871807	-72.94148325
13.95604408	-75.12985036
13.96337009	-70.30054276
13.97069610	-85.95978889
13.97802210	-65.89735745
13.98534811	-67.34903718
13.99267412	-70.90022026
14.00000013	-66.43248561
14.00732613	-74.18836666
14.01465214	-64.08664006
14.02197815	-64.75569672
14.02930416	-64.91427313
14.03663016	-79.70588433
14.04395617	-68.66824464
14.05128218	-68.71385945
14.05860819	-65.98185469
14.06593419	-72.46227933
14.07326020	-72.57523703
14.08058621	-72.26873788
14.08791222	-71.12869709
14.09523822	-74.20668886
14.10256423	-72.18199134
14.10989024	-69.10597889
14.11721624	-81.73787874
14.12454225	-74.14314298
14.13186826	-74.79568874
14.13919427	-84.23159991
14.14652027	-74.04803844
14.15384628	-74.55375230
14.16117229	-72.82010304
14.16849830	-68.87936637
14.17582430	-77.40559528
14.18315031	-70.46072285
14.19047632	-75.62766231
14.19780233	-68.55500643
14.20512833	-67.90801051
14.21245434	-67.27383960
14.21978035	-73.18300999
14.22710636	-78.01912611
14.23443236	-71.32417000
14.24175837	-66.39110152
14.24908438	-74.37336467
14.25641039	-67.72548203
14.26373639	-68.77711416
14.27106240	-73.00873377
14.27838841	-69.32749428
14.28571441	-68.88607616
14.29304042	-65.67619138
14.30036643	-65.91385152
14.30769244	-82.71137370
14.31501844	-70.97124472
14.32234445	-77.72566780
14.32967046	-71.67652527
14.33699647	-70.77258275
14.34432247	-78.77291560
14.35164848	-70.95121316
14.35897449	-70.92202626
14.36630050	-70.86778347
14.37362650	-71.95088902
14.38095251	-74.88437992
14.38827852	-67.14047211
14.39560453	-69.15765123
14.40293053	-72.66109420
14.41025654	-86.46241355
14.41758255	-75.20600562
14.42490856	-67.04158719
14.43223456	-65.14674802
14.43956057	-70.81827109
14.44688658	-71.97942249
14.45421258	-73.55450418
14.46153859	-64.55260395
14.46886460	-62.91680716
14.47619061	-73.66355077
14.48351661	-70.97105171
14.49084262	-69.86004830
14.49816863	-62.41328912
14.50549464	-63.19785375
14.51282064	-72.77553982
14.52014665	-69.25354639
14.52747266	-74.55727830
14.53479867	-66.67161583
14.54212467	-74.49402628
14.54945068	-71.25944922
14.55677669	-71.21732423
14.56410270	-76.72747412
14.57142870	-75.44998726
14.57875471	-70.70659780
14.58608072	-78.14770351
14.59340673	-67.85452489
14.60073273	-73.91461992
14.60805874	-67.26926712
14.61538475	-66.83277334
14.62271075	-77.59852886
14.63003676	-74.77469418
14.63736277	-64.70995709
14.64468878	-62.13560561
14.65201478	-67.44017536
14.65934079	-76.78838532
14.66666680	-70.57122403
14.67399281	-65.86255834
14.68131881	-68.51817231
14.68864482	-73.05552948
14.69597083	-70.22771057
14.70329684	-66.37296025
14.71062284	-61.16610291
14.71794885	-64.90477255
14.72527486	-79.58267350
14.73260087	-73.25985245
14.73992687	-78.15900147
14.74725288	-69.49978234
14.75457889	-76.36839700
14.76190490	-74.47678116
14.76923090	-70.48851932
14.77655691	-68.23479604
14.78388292	-65.88599741
14.79120892	-69.21863250
14.79853493	-73.98104760
14.80586094	-67.07641964
14.81318695	-67.18375319
14.82051295	-70.91009891
14.82783896	-73.25647810
14.83516497	-71.32779746
14.84249098	-70.79367611
14.84981698	-70.70602293
14.85714299	-71.57972850
14.86446900	-72.68098390
14.87179501	-73.06053328
14.87912101	-75.21464680
14.88644702	-65.84138724
14.89377303	-69.40645870
14.90109904	-69.09570193
14.90842504	-66.36545914
14.91575105	-64.59950256
14.92307706	-66.71009259
14.93040307	-71.48058097
14.93772907	-69.24565430
14.94505508	-78.11492555
14.95238109	-71.14384350
14.95970709	-64.02379412
14.96703310	-64.84836316
14.97435911	-73.24466819
14.98168512	-64.04819822
14.98901112	-65.74294222
14.99633713	-72.63671378
