# Menlo Systems GmbH ScanControl
# Program Version 1.3.3
# Start: -65.00000000 ps, Average over 1000 waveforms. Timestamp: 2020-07-02T18:22:12
# Time [ps]	THz Signal [a.u.]
-65.06666595	0.00000000
-65.03333262	0.00000002
-64.99999928	0.00000010
-64.96666595	0.00000019
-64.93333262	0.00000029
-64.89999929	0.00000039
-64.86666595	0.00000071
-64.83333262	0.00000070
-64.79999929	0.00000046
-64.76666595	0.00000050
-64.73333262	0.00000076
-64.69999929	0.00000008
-64.66666595	-0.00000042
-64.63333262	-0.00000018
-64.59999929	-0.00000044
-64.56666596	-0.00000024
-64.53333262	-0.00000083
-64.49999929	-0.00000042
-64.46666596	-0.00000144
-64.43333262	-0.00000196
-64.39999929	-0.00000347
-64.36666596	-0.00000431
-64.33333262	-0.00000714
-64.29999929	-0.00000648
-64.26666596	-0.00000970
-64.23333263	-0.00001391
-64.19999929	-0.00001227
-64.16666596	-0.00001268
-64.13333263	-0.00001376
-64.09999929	-0.00001881
-64.06666596	-0.00002273
-64.03333263	-0.00002667
-63.99999929	-0.00002425
-63.96666596	-0.00002577
-63.93333263	-0.00003069
-63.89999929	-0.00002906
-63.86666596	-0.00004083
-63.83333263	-0.00003910
-63.79999930	-0.00004551
-63.76666596	-0.00004464
-63.73333263	-0.00005496
-63.69999930	-0.00005577
-63.66666596	-0.00005469
-63.63333263	-0.00006787
-63.59999930	-0.00006237
-63.56666596	-0.00006764
-63.53333263	-0.00008126
-63.49999930	-0.00009091
-63.46666597	-0.00007952
-63.43333263	-0.00009203
-63.39999930	-0.00010665
-63.36666597	-0.00010544
-63.33333263	-0.00012077
-63.29999930	-0.00012141
-63.26666597	-0.00012138
-63.23333263	-0.00012668
-63.19999930	-0.00013998
-63.16666597	-0.00014025
-63.13333263	-0.00012655
-63.09999930	-0.00013938
-63.06666597	-0.00012946
-63.03333264	-0.00014532
-62.99999930	-0.00012930
-62.96666597	-0.00013392
-62.93333264	-0.00013582
-62.89999930	-0.00011142
-62.86666597	-0.00011756
-62.83333264	-0.00011684
-62.79999930	-0.00011195
-62.76666597	-0.00010989
-62.73333264	-0.00009995
-62.69999931	-0.00008332
-62.66666597	-0.00007014
-62.63333264	-0.00007187
-62.59999931	-0.00006018
-62.56666597	-0.00006871
-62.53333264	-0.00003806
-62.49999931	-0.00002537
-62.46666597	0.00000319
-62.43333264	0.00001594
-62.39999931	0.00002675
-62.36666598	0.00003166
-62.33333264	0.00007028
-62.29999931	0.00006441
-62.26666598	0.00011015
-62.23333264	0.00011643
-62.19999931	0.00012739
-62.16666598	0.00018543
-62.13333264	0.00022854
-62.09999931	0.00023655
-62.06666598	0.00026595
-62.03333264	0.00030767
-61.99999931	0.00036499
-61.96666598	0.00037945
-61.93333265	0.00039170
-61.89999931	0.00041952
-61.86666598	0.00046981
-61.83333265	0.00050304
-61.79999931	0.00050368
-61.76666598	0.00054253
-61.73333265	0.00058746
-61.69999931	0.00060135
-61.66666598	0.00063898
-61.63333265	0.00067787
-61.59999932	0.00074795
-61.56666598	0.00076490
-61.53333265	0.00081096
-61.49999932	0.00083553
-61.46666598	0.00088900
-61.43333265	0.00092772
-61.39999932	0.00093387
-61.36666598	0.00104327
-61.33333265	0.00099862
-61.29999932	0.00105465
-61.26666598	0.00109942
-61.23333265	0.00105962
-61.19999932	0.00112968
-61.16666599	0.00113249
-61.13333265	0.00118218
-61.09999932	0.00120131
-61.06666599	0.00125191
-61.03333265	0.00125429
-60.99999932	0.00127933
-60.96666599	0.00125518
-60.93333265	0.00127991
-60.89999932	0.00126985
-60.86666599	0.00124126
-60.83333266	0.00130637
-60.79999932	0.00127797
-60.76666599	0.00121250
-60.73333266	0.00129800
-60.69999932	0.00125412
-60.66666599	0.00115519
-60.63333266	0.00127695
-60.59999932	0.00117805
-60.56666599	0.00112664
-60.53333266	0.00105274
-60.49999933	0.00105454
-60.46666599	0.00096520
-60.43333266	0.00099181
-60.39999933	0.00085024
-60.36666599	0.00083244
-60.33333266	0.00078132
-60.29999933	0.00073906
-60.26666599	0.00063699
-60.23333266	0.00055074
-60.19999933	0.00048466
-60.16666599	0.00041003
-60.13333266	0.00034397
-60.09999933	0.00024760
-60.06666600	0.00015657
-60.03333266	0.00013796
-59.99999933	-0.00002032
-59.96666600	-0.00010962
-59.93333266	-0.00012747
-59.89999933	-0.00030130
-59.86666600	-0.00030915
-59.83333266	-0.00040903
-59.79999933	-0.00044333
-59.76666600	-0.00052176
-59.73333267	-0.00054726
-59.69999933	-0.00060313
-59.66666600	-0.00068493
-59.63333267	-0.00078554
-59.59999933	-0.00078147
-59.56666600	-0.00084641
-59.53333267	-0.00092211
-59.49999933	-0.00086972
-59.46666600	-0.00095761
-59.43333267	-0.00101047
-59.39999933	-0.00106343
-59.36666600	-0.00115938
-59.33333267	-0.00119604
-59.29999934	-0.00117850
-59.26666600	-0.00113885
-59.23333267	-0.00113405
-59.19999934	-0.00108172
-59.16666600	-0.00112612
-59.13333267	-0.00107229
-59.09999934	-0.00101535
-59.06666600	-0.00105065
-59.03333267	-0.00099611
-58.99999934	-0.00095835
-58.96666601	-0.00090319
-58.93333267	-0.00092446
-58.89999934	-0.00093340
-58.86666601	-0.00093959
-58.83333267	-0.00094637
-58.79999934	-0.00086862
-58.76666601	-0.00082074
-58.73333267	-0.00090188
-58.69999934	-0.00085190
-58.66666601	-0.00086745
-58.63333268	-0.00080795
-58.59999934	-0.00075610
-58.56666601	-0.00070820
-58.53333268	-0.00076744
-58.49999934	-0.00071785
-58.46666601	-0.00068979
-58.43333268	-0.00071942
-58.39999934	-0.00067858
-58.36666601	-0.00061886
-58.33333268	-0.00066071
-58.29999934	-0.00068197
-58.26666601	-0.00064687
-58.23333268	-0.00064561
-58.19999935	-0.00069728
-58.16666601	-0.00072158
-58.13333268	-0.00066147
-58.09999935	-0.00054061
-58.06666601	-0.00057586
-58.03333268	-0.00064067
-57.99999935	-0.00060794
-57.96666601	-0.00062636
-57.93333268	-0.00063684
-57.89999935	-0.00064775
-57.86666602	-0.00067996
-57.83333268	-0.00052667
-57.79999935	-0.00065751
-57.76666602	-0.00060544
-57.73333268	-0.00064955
-57.69999935	-0.00060453
-57.66666602	-0.00055618
-57.63333268	-0.00068162
-57.59999935	-0.00056622
-57.56666602	-0.00055517
-57.53333268	-0.00067652
-57.49999935	-0.00058248
-57.46666602	-0.00046378
-57.43333269	-0.00044021
-57.39999935	-0.00046409
-57.36666602	-0.00045215
-57.33333269	-0.00038839
-57.29999935	-0.00036917
-57.26666602	-0.00035810
-57.23333269	-0.00034028
-57.19999935	-0.00020156
-57.16666602	-0.00022025
-57.13333269	-0.00030766
-57.09999936	-0.00012438
-57.06666602	-0.00014720
-57.03333269	-0.00012662
-56.99999936	-0.00009860
-56.96666602	-0.00010408
-56.93333269	-0.00012353
-56.89999936	-0.00000815
-56.86666602	-0.00002656
-56.83333269	0.00006426
-56.79999936	0.00008711
-56.76666603	-0.00002420
-56.73333269	0.00006132
-56.69999936	0.00009487
-56.66666603	0.00010812
-56.63333269	0.00016095
-56.59999936	0.00011297
-56.56666603	0.00018211
-56.53333269	0.00033317
-56.49999936	0.00026225
-56.46666603	0.00025312
-56.43333269	0.00030076
-56.39999936	0.00028768
-56.36666603	0.00020993
-56.33333270	0.00037279
-56.29999936	0.00029499
-56.26666603	0.00036289
-56.23333270	0.00051232
-56.19999936	0.00042035
-56.16666603	0.00040015
-56.13333270	0.00044715
-56.09999936	0.00047064
-56.06666603	0.00044363
-56.03333270	0.00045023
-55.99999937	0.00050565
-55.96666603	0.00058538
-55.93333270	0.00061225
-55.89999937	0.00052074
-55.86666603	0.00051094
-55.83333270	0.00055023
-55.79999937	0.00059938
-55.76666603	0.00059920
-55.73333270	0.00055111
-55.69999937	0.00057852
-55.66666603	0.00075109
-55.63333270	0.00075784
-55.59999937	0.00084533
-55.56666604	0.00071682
-55.53333270	0.00090070
-55.49999937	0.00070575
-55.46666604	0.00090828
-55.43333270	0.00082298
-55.39999937	0.00084758
-55.36666604	0.00100816
-55.33333270	0.00101841
-55.29999937	0.00097644
-55.26666604	0.00088701
-55.23333271	0.00087686
-55.19999937	0.00093233
-55.16666604	0.00107004
-55.13333271	0.00099281
-55.09999937	0.00100703
-55.06666604	0.00102278
-55.03333271	0.00098680
-54.99999937	0.00099557
-54.96666604	0.00084481
-54.93333271	0.00092388
-54.89999938	0.00086533
-54.86666604	0.00090424
-54.83333271	0.00093270
-54.79999938	0.00085523
-54.76666604	0.00087201
-54.73333271	0.00095286
-54.69999938	0.00083608
-54.66666604	0.00093474
-54.63333271	0.00076772
-54.59999938	0.00094674
-54.56666604	0.00079834
-54.53333271	0.00081686
-54.49999938	0.00081220
-54.46666605	0.00090319
-54.43333271	0.00092132
-54.39999938	0.00087954
-54.36666605	0.00084231
-54.33333271	0.00075459
-54.29999938	0.00078544
-54.26666605	0.00070840
-54.23333271	0.00074209
-54.19999938	0.00064879
-54.16666605	0.00066833
-54.13333272	0.00063664
-54.09999938	0.00060579
-54.06666605	0.00066471
-54.03333272	0.00069739
-53.99999938	0.00050547
-53.96666605	0.00060310
-53.93333272	0.00056516
-53.89999938	0.00056918
-53.86666605	0.00052129
-53.83333272	0.00056236
-53.79999938	0.00056376
-53.76666605	0.00049810
-53.73333272	0.00057587
-53.69999939	0.00045515
-53.66666605	0.00044275
-53.63333272	0.00049358
-53.59999939	0.00049855
-53.56666605	0.00044086
-53.53333272	0.00034821
-53.49999939	0.00037761
-53.46666605	0.00029823
-53.43333272	0.00023267
-53.39999939	0.00021554
-53.36666606	0.00025371
-53.33333272	0.00023638
-53.29999939	0.00037093
-53.26666606	0.00033974
-53.23333272	0.00025696
-53.19999939	0.00028555
-53.16666606	0.00021165
-53.13333272	0.00019910
-53.09999939	0.00024184
-53.06666606	0.00027310
-53.03333273	0.00027527
-52.99999939	0.00024374
-52.96666606	0.00017973
-52.93333273	0.00039829
-52.89999939	0.00034023
-52.86666606	0.00033034
-52.83333273	0.00040453
-52.79999939	0.00048760
-52.76666606	0.00046785
-52.73333273	0.00050168
-52.69999939	0.00041893
-52.66666606	0.00044531
-52.63333273	0.00053854
-52.59999940	0.00054494
-52.56666606	0.00053651
-52.53333273	0.00050388
-52.49999940	0.00049515
-52.46666606	0.00062638
-52.43333273	0.00057735
-52.39999940	0.00052942
-52.36666606	0.00060119
-52.33333273	0.00064367
-52.29999940	0.00065780
-52.26666607	0.00070149
-52.23333273	0.00070403
-52.19999940	0.00076199
-52.16666607	0.00067893
-52.13333273	0.00071106
-52.09999940	0.00084258
-52.06666607	0.00078213
-52.03333273	0.00081924
-51.99999940	0.00093494
-51.96666607	0.00101666
-51.93333273	0.00107220
-51.89999940	0.00102978
-51.86666607	0.00108387
-51.83333274	0.00109930
-51.79999940	0.00118946
-51.76666607	0.00114035
-51.73333274	0.00120442
-51.69999940	0.00119591
-51.66666607	0.00124844
-51.63333274	0.00131680
-51.59999940	0.00130511
-51.56666607	0.00137187
-51.53333274	0.00138577
-51.49999941	0.00143692
-51.46666607	0.00144814
-51.43333274	0.00142966
-51.39999941	0.00152391
-51.36666607	0.00145740
-51.33333274	0.00151239
-51.29999941	0.00145152
-51.26666607	0.00151221
-51.23333274	0.00149907
-51.19999941	0.00163910
-51.16666608	0.00163604
-51.13333274	0.00165033
-51.09999941	0.00179588
-51.06666608	0.00183947
-51.03333274	0.00172374
-50.99999941	0.00178535
-50.96666608	0.00181222
-50.93333274	0.00185989
-50.89999941	0.00190068
-50.86666608	0.00196563
-50.83333274	0.00194969
-50.79999941	0.00198148
-50.76666608	0.00201304
-50.73333275	0.00200828
-50.69999941	0.00203909
-50.66666608	0.00206955
-50.63333275	0.00215641
-50.59999941	0.00220061
-50.56666608	0.00219781
-50.53333275	0.00226180
-50.49999941	0.00225761
-50.46666608	0.00230719
-50.43333275	0.00242717
-50.39999942	0.00237219
-50.36666608	0.00239681
-50.33333275	0.00253672
-50.29999942	0.00250799
-50.26666608	0.00262614
-50.23333275	0.00269803
-50.19999942	0.00271919
-50.16666608	0.00275190
-50.13333275	0.00282562
-50.09999942	0.00290076
-50.06666608	0.00285979
-50.03333275	0.00303074
-49.99999942	0.00287578
-49.96666609	0.00284011
-49.93333275	0.00293801
-49.89999942	0.00295124
-49.86666609	0.00297749
-49.83333275	0.00285946
-49.79999942	0.00293838
-49.76666609	0.00294028
-49.73333275	0.00292531
-49.69999942	0.00290616
-49.66666609	0.00261236
-49.63333276	0.00270595
-49.59999942	0.00267667
-49.56666609	0.00270645
-49.53333276	0.00259251
-49.49999942	0.00247312
-49.46666609	0.00242947
-49.43333276	0.00252404
-49.39999942	0.00239787
-49.36666609	0.00235688
-49.33333276	0.00226009
-49.29999943	0.00221561
-49.26666609	0.00218921
-49.23333276	0.00204776
-49.19999943	0.00223150
-49.16666609	0.00208305
-49.13333276	0.00201657
-49.09999943	0.00202010
-49.06666609	0.00199443
-49.03333276	0.00199412
-48.99999943	0.00189717
-48.96666609	0.00187332
-48.93333276	0.00189448
-48.89999943	0.00174133
-48.86666610	0.00187718
-48.83333276	0.00181997
-48.79999943	0.00180056
-48.76666610	0.00179615
-48.73333276	0.00168296
-48.69999943	0.00168274
-48.66666610	0.00159831
-48.63333276	0.00161012
-48.59999943	0.00150917
-48.56666610	0.00150702
-48.53333277	0.00146650
-48.49999943	0.00139152
-48.46666610	0.00131867
-48.43333277	0.00141261
-48.39999943	0.00129886
-48.36666610	0.00119406
-48.33333277	0.00123273
-48.29999943	0.00107751
-48.26666610	0.00099903
-48.23333277	0.00092782
-48.19999943	0.00088307
-48.16666610	0.00070913
-48.13333277	0.00066965
-48.09999944	0.00069474
-48.06666610	0.00055691
-48.03333277	0.00046501
-47.99999944	0.00030673
-47.96666610	0.00024718
-47.93333277	0.00007728
-47.89999944	-0.00002480
-47.86666610	-0.00012992
-47.83333277	-0.00025009
-47.79999944	-0.00031073
-47.76666611	-0.00038372
-47.73333277	-0.00051211
-47.69999944	-0.00066022
-47.66666611	-0.00070404
-47.63333277	-0.00084608
-47.59999944	-0.00085212
-47.56666611	-0.00088179
-47.53333277	-0.00095784
-47.49999944	-0.00100850
-47.46666611	-0.00109138
-47.43333278	-0.00105802
-47.39999944	-0.00116741
-47.36666611	-0.00119286
-47.33333278	-0.00119083
-47.29999944	-0.00129487
-47.26666611	-0.00131096
-47.23333278	-0.00134933
-47.19999944	-0.00136052
-47.16666611	-0.00124877
-47.13333278	-0.00132045
-47.09999944	-0.00130242
-47.06666611	-0.00130258
-47.03333278	-0.00127600
-46.99999945	-0.00127148
-46.96666611	-0.00123086
-46.93333278	-0.00124994
-46.89999945	-0.00119650
-46.86666611	-0.00127911
-46.83333278	-0.00121156
-46.79999945	-0.00125140
-46.76666611	-0.00142555
-46.73333278	-0.00142943
-46.69999945	-0.00139798
-46.66666612	-0.00154368
-46.63333278	-0.00167051
-46.59999945	-0.00169247
-46.56666612	-0.00177178
-46.53333278	-0.00181848
-46.49999945	-0.00198131
-46.46666612	-0.00205002
-46.43333278	-0.00230375
-46.39999945	-0.00228750
-46.36666612	-0.00259211
-46.33333278	-0.00271720
-46.29999945	-0.00278428
-46.26666612	-0.00299427
-46.23333279	-0.00314026
-46.19999945	-0.00330325
-46.16666612	-0.00344965
-46.13333279	-0.00369163
-46.09999945	-0.00369892
-46.06666612	-0.00387992
-46.03333279	-0.00397480
-45.99999945	-0.00396065
-45.96666612	-0.00399029
-45.93333279	-0.00398001
-45.89999946	-0.00398792
-45.86666612	-0.00391406
-45.83333279	-0.00367787
-45.79999946	-0.00357394
-45.76666612	-0.00334164
-45.73333279	-0.00308171
-45.69999946	-0.00282336
-45.66666612	-0.00247758
-45.63333279	-0.00194192
-45.59999946	-0.00148854
-45.56666613	-0.00099924
-45.53333279	-0.00047784
-45.49999946	0.00013740
-45.46666613	0.00077304
-45.43333279	0.00158031
-45.39999946	0.00236285
-45.36666613	0.00312818
-45.33333279	0.00392189
-45.29999946	0.00492112
-45.26666613	0.00577930
-45.23333279	0.00680617
-45.19999946	0.00774252
-45.16666613	0.00874149
-45.13333280	0.00977994
-45.09999946	0.01108275
-45.06666613	0.01220373
-45.03333280	0.01337835
-44.99999946	0.01455582
-44.96666613	0.01573518
-44.93333280	0.01696609
-44.89999946	0.01824665
-44.86666613	0.01955096
-44.83333280	0.02092911
-44.79999947	0.02228369
-44.76666613	0.02365666
-44.73333280	0.02502993
-44.69999947	0.02622533
-44.66666613	0.02761066
-44.63333280	0.02889183
-44.59999947	0.03005940
-44.56666613	0.03128587
-44.53333280	0.03231927
-44.49999947	0.03323143
-44.46666613	0.03424649
-44.43333280	0.03510390
-44.39999947	0.03562934
-44.36666614	0.03609757
-44.33333280	0.03633356
-44.29999947	0.03650178
-44.26666614	0.03624799
-44.23333280	0.03579531
-44.19999947	0.03513423
-44.16666614	0.03422271
-44.13333280	0.03285084
-44.09999947	0.03124086
-44.06666614	0.02928099
-44.03333281	0.02713575
-43.99999947	0.02449616
-43.96666614	0.02155374
-43.93333281	0.01829508
-43.89999947	0.01488649
-43.86666614	0.01105786
-43.83333281	0.00698070
-43.79999947	0.00284192
-43.76666614	-0.00166765
-43.73333281	-0.00605845
-43.69999948	-0.01091564
-43.66666614	-0.01579510
-43.63333281	-0.02051619
-43.59999948	-0.02555569
-43.56666614	-0.03038257
-43.53333281	-0.03501748
-43.49999948	-0.03963456
-43.46666614	-0.04409892
-43.43333281	-0.04841757
-43.39999948	-0.05243361
-43.36666614	-0.05607948
-43.33333281	-0.05971969
-43.29999948	-0.06282738
-43.26666615	-0.06569271
-43.23333281	-0.06815378
-43.19999948	-0.07027844
-43.16666615	-0.07210749
-43.13333281	-0.07338412
-43.09999948	-0.07443066
-43.06666615	-0.07503511
-43.03333281	-0.07541039
-42.99999948	-0.07537362
-42.96666615	-0.07501975
-42.93333282	-0.07433874
-42.89999948	-0.07339754
-42.86666615	-0.07222167
-42.83333282	-0.07056312
-42.79999948	-0.06895335
-42.76666615	-0.06706653
-42.73333282	-0.06506007
-42.69999948	-0.06295684
-42.66666615	-0.06058105
-42.63333282	-0.05811590
-42.59999948	-0.05555916
-42.56666615	-0.05280228
-42.53333282	-0.05011707
-42.49999949	-0.04738856
-42.46666615	-0.04454382
-42.43333282	-0.04170463
-42.39999949	-0.03890840
-42.36666615	-0.03600736
-42.33333282	-0.03312188
-42.29999949	-0.03025588
-42.26666615	-0.02742696
-42.23333282	-0.02454459
-42.19999949	-0.02159874
-42.16666616	-0.01879917
-42.13333282	-0.01610921
-42.09999949	-0.01337187
-42.06666616	-0.01055684
-42.03333282	-0.00786157
-41.99999949	-0.00512476
-41.96666616	-0.00242621
-41.93333282	0.00015093
-41.89999949	0.00278703
-41.86666616	0.00538304
-41.83333283	0.00794460
-41.79999949	0.01036374
-41.76666616	0.01283527
-41.73333283	0.01511254
-41.69999949	0.01739675
-41.66666616	0.01959043
-41.63333283	0.02172289
-41.59999949	0.02372355
-41.56666616	0.02569411
-41.53333283	0.02753654
-41.49999949	0.02924801
-41.46666616	0.03093844
-41.43333283	0.03231494
-41.39999950	0.03371085
-41.36666616	0.03490753
-41.33333283	0.03600499
-41.29999950	0.03687840
-41.26666616	0.03760197
-41.23333283	0.03828842
-41.19999950	0.03864622
-41.16666616	0.03905721
-41.13333283	0.03903745
-41.09999950	0.03896338
-41.06666617	0.03868549
-41.03333283	0.03833749
-40.99999950	0.03781000
-40.96666617	0.03687805
-40.93333283	0.03593391
-40.89999950	0.03473859
-40.86666617	0.03351159
-40.83333283	0.03224409
-40.79999950	0.03070114
-40.76666617	0.02904443
-40.73333283	0.02725939
-40.69999950	0.02544580
-40.66666617	0.02353950
-40.63333284	0.02168336
-40.59999950	0.01959708
-40.56666617	0.01755955
-40.53333284	0.01551434
-40.49999950	0.01356246
-40.46666617	0.01164580
-40.43333284	0.00977168
-40.39999950	0.00796029
-40.36666617	0.00628190
-40.33333284	0.00457922
-40.29999951	0.00330333
-40.26666617	0.00181367
-40.23333284	0.00055768
-40.19999951	-0.00065063
-40.16666617	-0.00146982
-40.13333284	-0.00235107
-40.09999951	-0.00296224
-40.06666617	-0.00342940
-40.03333284	-0.00374229
-39.99999951	-0.00398923
-39.96666618	-0.00404316
-39.93333284	-0.00400086
-39.89999951	-0.00374177
-39.86666618	-0.00355779
-39.83333284	-0.00306975
-39.79999951	-0.00269898
-39.76666618	-0.00211080
-39.73333284	-0.00151353
-39.69999951	-0.00088218
-39.66666618	-0.00016032
-39.63333284	0.00054950
-39.59999951	0.00138018
-39.56666618	0.00214686
-39.53333285	0.00288623
-39.49999951	0.00373650
-39.46666618	0.00437375
-39.43333285	0.00520521
-39.39999951	0.00575004
-39.36666618	0.00647202
-39.33333285	0.00713307
-39.29999951	0.00756252
-39.26666618	0.00821345
-39.23333285	0.00869137
-39.19999952	0.00908182
-39.16666618	0.00955637
-39.13333285	0.01002166
-39.09999952	0.01035209
-39.06666618	0.01063658
-39.03333285	0.01094178
-38.99999952	0.01133650
-38.96666618	0.01152782
-38.93333285	0.01181857
-38.89999952	0.01212092
-38.86666618	0.01233780
-38.83333285	0.01260356
-38.79999952	0.01285537
-38.76666619	0.01321956
-38.73333285	0.01343728
-38.69999952	0.01387600
-38.66666619	0.01409953
-38.63333285	0.01446156
-38.59999952	0.01480604
-38.56666619	0.01514828
-38.53333285	0.01551565
-38.49999952	0.01589896
-38.46666619	0.01622176
-38.43333286	0.01651829
-38.39999952	0.01694380
-38.36666619	0.01726715
-38.33333286	0.01768643
-38.29999952	0.01796596
-38.26666619	0.01818459
-38.23333286	0.01837699
-38.19999952	0.01859840
-38.16666619	0.01879955
-38.13333286	0.01885708
-38.09999953	0.01895303
-38.06666619	0.01895184
-38.03333286	0.01899785
-37.99999953	0.01876065
-37.96666619	0.01858739
-37.93333286	0.01848040
-37.89999953	0.01804944
-37.86666619	0.01765690
-37.83333286	0.01728659
-37.79999953	0.01673055
-37.76666619	0.01621207
-37.73333286	0.01566898
-37.69999953	0.01484250
-37.66666620	0.01426969
-37.63333286	0.01336766
-37.59999953	0.01255169
-37.56666620	0.01178714
-37.53333286	0.01083390
-37.49999953	0.01015641
-37.46666620	0.00934139
-37.43333286	0.00838693
-37.39999953	0.00766143
-37.36666620	0.00674914
-37.33333287	0.00604619
-37.29999953	0.00508296
-37.26666620	0.00446362
-37.23333287	0.00357262
-37.19999953	0.00297038
-37.16666620	0.00222529
-37.13333287	0.00173012
-37.09999953	0.00116110
-37.06666620	0.00065143
-37.03333287	0.00010540
-36.99999953	-0.00019797
-36.96666620	-0.00061022
-36.93333287	-0.00094735
-36.89999954	-0.00120484
-36.86666620	-0.00131725
-36.83333287	-0.00159669
-36.79999954	-0.00165020
-36.76666620	-0.00179746
-36.73333287	-0.00187579
-36.69999954	-0.00194885
-36.66666620	-0.00183018
-36.63333287	-0.00185953
-36.59999954	-0.00187628
-36.56666621	-0.00176572
-36.53333287	-0.00168472
-36.49999954	-0.00172951
-36.46666621	-0.00172182
-36.43333287	-0.00156688
-36.39999954	-0.00160337
-36.36666621	-0.00161874
-36.33333287	-0.00157910
-36.29999954	-0.00165246
-36.26666621	-0.00180420
-36.23333288	-0.00195370
-36.19999954	-0.00195297
-36.16666621	-0.00208239
-36.13333288	-0.00225241
-36.09999954	-0.00250054
-36.06666621	-0.00268924
-36.03333288	-0.00292209
-35.99999954	-0.00309458
-35.96666621	-0.00338811
-35.93333288	-0.00369978
-35.89999954	-0.00392084
-35.86666621	-0.00424769
-35.83333288	-0.00441594
-35.79999955	-0.00470170
-35.76666621	-0.00507135
-35.73333288	-0.00523641
-35.69999955	-0.00548588
-35.66666621	-0.00582396
-35.63333288	-0.00600194
-35.59999955	-0.00618780
-35.56666621	-0.00636039
-35.53333288	-0.00649222
-35.49999955	-0.00665959
-35.46666622	-0.00679584
-35.43333288	-0.00694777
-35.39999955	-0.00685707
-35.36666622	-0.00697890
-35.33333288	-0.00706829
-35.29999955	-0.00705172
-35.26666622	-0.00709150
-35.23333288	-0.00711625
-35.19999955	-0.00714597
-35.16666622	-0.00708670
-35.13333288	-0.00705856
-35.09999955	-0.00705712
-35.06666622	-0.00706133
-35.03333289	-0.00701450
-34.99999955	-0.00712157
-34.96666622	-0.00715436
-34.93333289	-0.00710127
-34.89999955	-0.00715204
-34.86666622	-0.00710152
-34.83333289	-0.00720095
-34.79999955	-0.00723721
-34.76666622	-0.00732947
-34.73333289	-0.00755096
-34.69999956	-0.00749925
-34.66666622	-0.00765461
-34.63333289	-0.00782145
-34.59999956	-0.00786963
-34.56666622	-0.00805286
-34.53333289	-0.00809503
-34.49999956	-0.00815895
-34.46666622	-0.00851365
-34.43333289	-0.00869245
-34.39999956	-0.00882246
-34.36666623	-0.00894567
-34.33333289	-0.00921187
-34.29999956	-0.00934914
-34.26666623	-0.00961660
-34.23333289	-0.00985180
-34.19999956	-0.00995187
-34.16666623	-0.01027227
-34.13333289	-0.01051785
-34.09999956	-0.01076740
-34.06666623	-0.01093643
-34.03333289	-0.01117337
-33.99999956	-0.01144937
-33.96666623	-0.01159974
-33.93333290	-0.01185910
-33.89999956	-0.01200563
-33.86666623	-0.01216892
-33.83333290	-0.01242140
-33.79999956	-0.01258041
-33.76666623	-0.01268493
-33.73333290	-0.01288693
-33.69999956	-0.01305976
-33.66666623	-0.01309981
-33.63333290	-0.01318382
-33.59999957	-0.01325002
-33.56666623	-0.01325788
-33.53333290	-0.01314670
-33.49999957	-0.01317807
-33.46666623	-0.01321289
-33.43333290	-0.01305568
-33.39999957	-0.01295467
-33.36666623	-0.01279978
-33.33333290	-0.01289321
-33.29999957	-0.01267870
-33.26666623	-0.01254472
-33.23333290	-0.01232231
-33.19999957	-0.01215031
-33.16666624	-0.01185088
-33.13333290	-0.01182096
-33.09999957	-0.01165779
-33.06666624	-0.01141112
-33.03333290	-0.01122611
-32.99999957	-0.01105909
-32.96666624	-0.01096385
-32.93333290	-0.01082645
-32.89999957	-0.01065539
-32.86666624	-0.01048079
-32.83333291	-0.01032243
-32.79999957	-0.01026297
-32.76666624	-0.01009759
-32.73333291	-0.00989174
-32.69999957	-0.00972968
-32.66666624	-0.00954521
-32.63333291	-0.00946267
-32.59999957	-0.00931211
-32.56666624	-0.00919406
-32.53333291	-0.00909256
-32.49999958	-0.00893600
-32.46666624	-0.00883816
-32.43333291	-0.00874195
-32.39999958	-0.00860273
-32.36666624	-0.00845890
-32.33333291	-0.00839179
-32.29999958	-0.00824868
-32.26666624	-0.00798695
-32.23333291	-0.00788287
-32.19999958	-0.00782187
-32.16666624	-0.00781910
-32.13333291	-0.00763903
-32.09999958	-0.00750252
-32.06666625	-0.00723007
-32.03333291	-0.00719016
-31.99999958	-0.00704673
-31.96666625	-0.00681854
-31.93333291	-0.00669506
-31.89999958	-0.00654708
-31.86666625	-0.00640209
-31.83333291	-0.00619443
-31.79999958	-0.00603399
-31.76666625	-0.00568678
-31.73333292	-0.00547299
-31.69999958	-0.00531459
-31.66666625	-0.00506292
-31.63333292	-0.00492209
-31.59999958	-0.00462794
-31.56666625	-0.00444708
-31.53333292	-0.00426069
-31.49999958	-0.00414605
-31.46666625	-0.00383506
-31.43333292	-0.00355388
-31.39999958	-0.00343516
-31.36666625	-0.00314798
-31.33333292	-0.00287304
-31.29999959	-0.00281755
-31.26666625	-0.00266027
-31.23333292	-0.00243691
-31.19999959	-0.00228729
-31.16666625	-0.00215293
-31.13333292	-0.00201673
-31.09999959	-0.00193929
-31.06666625	-0.00179723
-31.03333292	-0.00166959
-30.99999959	-0.00150882
-30.96666626	-0.00153710
-30.93333292	-0.00134864
-30.89999959	-0.00129278
-30.86666626	-0.00113279
-30.83333292	-0.00120742
-30.79999959	-0.00115405
-30.76666626	-0.00108001
-30.73333292	-0.00096446
-30.69999959	-0.00091203
-30.66666626	-0.00096573
-30.63333293	-0.00098499
-30.59999959	-0.00087516
-30.56666626	-0.00092988
-30.53333293	-0.00096891
-30.49999959	-0.00086238
-30.46666626	-0.00093646
-30.43333293	-0.00093898
-30.39999959	-0.00085132
-30.36666626	-0.00085164
-30.33333293	-0.00082995
-30.29999959	-0.00076808
-30.26666626	-0.00074973
-30.23333293	-0.00077888
-30.19999960	-0.00075094
-30.16666626	-0.00062868
-30.13333293	-0.00061435
-30.09999960	-0.00060367
-30.06666626	-0.00050865
-30.03333293	-0.00057260
-29.99999960	-0.00040620
-29.96666626	-0.00045691
-29.93333293	-0.00038556
-29.89999960	-0.00037648
-29.86666627	-0.00022129
-29.83333293	-0.00018861
-29.79999960	-0.00012984
-29.76666627	-0.00013305
-29.73333293	-0.00010298
-29.69999960	0.00000197
-29.66666627	0.00005893
-29.63333293	0.00000236
-29.59999960	0.00009665
-29.56666627	0.00016380
-29.53333293	0.00020302
-29.49999960	0.00021532
-29.46666627	0.00027957
-29.43333294	0.00028412
-29.39999960	0.00039382
-29.36666627	0.00046678
-29.33333294	0.00045852
-29.29999960	0.00050409
-29.26666627	0.00053061
-29.23333294	0.00054017
-29.19999960	0.00061766
-29.16666627	0.00067032
-29.13333294	0.00071093
-29.09999961	0.00079402
-29.06666627	0.00081712
-29.03333294	0.00078575
-28.99999961	0.00089504
-28.96666627	0.00082079
-28.93333294	0.00085722
-28.89999961	0.00095011
-28.86666627	0.00098209
-28.83333294	0.00094745
-28.79999961	0.00092846
-28.76666628	0.00095146
-28.73333294	0.00095282
-28.69999961	0.00087273
-28.66666628	0.00086439
-28.63333294	0.00076930
-28.59999961	0.00079349
-28.56666628	0.00071802
-28.53333294	0.00055041
-28.49999961	0.00054592
-28.46666628	0.00055056
-28.43333294	0.00049607
-28.39999961	0.00040895
-28.36666628	0.00036181
-28.33333295	0.00027854
-28.29999961	0.00018062
-28.26666628	0.00008679
-28.23333295	0.00007099
-28.19999961	-0.00001851
-28.16666628	0.00002972
-28.13333295	-0.00008045
-28.09999961	-0.00004787
-28.06666628	-0.00001369
-28.03333295	-0.00005512
-27.99999962	-0.00007793
-27.96666628	-0.00011278
-27.93333295	-0.00025413
-27.89999962	-0.00011931
-27.86666628	-0.00004153
-27.83333295	-0.00013964
-27.79999962	-0.00007019
-27.76666628	0.00005276
-27.73333295	-0.00000815
-27.69999962	0.00015256
-27.66666628	0.00025090
-27.63333295	0.00033700
-27.59999962	0.00040444
-27.56666629	0.00053164
-27.53333295	0.00068882
-27.49999962	0.00070928
-27.46666629	0.00068509
-27.43333295	0.00081393
-27.39999962	0.00092506
-27.36666629	0.00103963
-27.33333295	0.00106270
-27.29999962	0.00100213
-27.26666629	0.00101590
-27.23333296	0.00106366
-27.19999962	0.00106156
-27.16666629	0.00101421
-27.13333296	0.00096937
-27.09999962	0.00097101
-27.06666629	0.00080463
-27.03333296	0.00077880
-26.99999962	0.00064356
-26.96666629	0.00048900
-26.93333296	0.00039548
-26.89999963	0.00030683
-26.86666629	0.00004258
-26.83333296	-0.00010155
-26.79999963	-0.00024414
-26.76666629	-0.00040876
-26.73333296	-0.00057399
-26.69999963	-0.00072777
-26.66666629	-0.00100977
-26.63333296	-0.00104003
-26.59999963	-0.00123868
-26.56666629	-0.00136152
-26.53333296	-0.00157304
-26.49999963	-0.00166184
-26.46666630	-0.00179511
-26.43333296	-0.00196041
-26.39999963	-0.00199369
-26.36666630	-0.00205318
-26.33333296	-0.00209807
-26.29999963	-0.00222615
-26.26666630	-0.00227870
-26.23333296	-0.00218611
-26.19999963	-0.00223611
-26.16666630	-0.00228523
-26.13333297	-0.00227220
-26.09999963	-0.00225783
-26.06666630	-0.00229735
-26.03333297	-0.00228898
-25.99999963	-0.00213460
-25.96666630	-0.00202642
-25.93333297	-0.00209077
-25.89999963	-0.00214959
-25.86666630	-0.00203658
-25.83333297	-0.00193261
-25.79999963	-0.00188737
-25.76666630	-0.00195480
-25.73333297	-0.00194962
-25.69999964	-0.00188488
-25.66666630	-0.00183014
-25.63333297	-0.00173267
-25.59999964	-0.00180225
-25.56666630	-0.00173181
-25.53333297	-0.00168342
-25.49999964	-0.00170896
-25.46666630	-0.00175747
-25.43333297	-0.00175506
-25.39999964	-0.00169845
-25.36666631	-0.00181632
-25.33333297	-0.00179477
-25.29999964	-0.00187009
-25.26666631	-0.00181854
-25.23333297	-0.00187363
-25.19999964	-0.00185814
-25.16666631	-0.00196468
-25.13333297	-0.00194437
-25.09999964	-0.00201202
-25.06666631	-0.00206603
-25.03333298	-0.00207818
-24.99999964	-0.00212445
-24.96666631	-0.00228126
-24.93333298	-0.00241017
-24.89999964	-0.00242757
-24.86666631	-0.00245007
-24.83333298	-0.00257533
-24.79999964	-0.00261190
-24.76666631	-0.00265865
-24.73333298	-0.00276095
-24.69999964	-0.00270131
-24.66666631	-0.00287410
-24.63333298	-0.00280522
-24.59999965	-0.00282536
-24.56666631	-0.00292174
-24.53333298	-0.00297740
-24.49999965	-0.00300098
-24.46666631	-0.00310747
-24.43333298	-0.00311934
-24.39999965	-0.00323381
-24.36666631	-0.00318609
-24.33333298	-0.00324298
-24.29999965	-0.00334596
-24.26666632	-0.00338549
-24.23333298	-0.00337115
-24.19999965	-0.00327310
-24.16666632	-0.00332947
-24.13333298	-0.00341819
-24.09999965	-0.00341510
-24.06666632	-0.00330434
-24.03333298	-0.00324840
-23.99999965	-0.00322626
-23.96666632	-0.00322489
-23.93333298	-0.00321219
-23.89999965	-0.00311867
-23.86666632	-0.00296147
-23.83333299	-0.00287326
-23.79999965	-0.00279533
-23.76666632	-0.00267277
-23.73333299	-0.00271610
-23.69999965	-0.00261285
-23.66666632	-0.00253615
-23.63333299	-0.00250178
-23.59999965	-0.00252421
-23.56666632	-0.00237023
-23.53333299	-0.00230654
-23.49999966	-0.00229547
-23.46666632	-0.00221774
-23.43333299	-0.00226647
-23.39999966	-0.00241735
-23.36666632	-0.00244585
-23.33333299	-0.00236152
-23.29999966	-0.00239452
-23.26666632	-0.00247547
-23.23333299	-0.00255312
-23.19999966	-0.00261564
-23.16666633	-0.00261334
-23.13333299	-0.00267708
-23.09999966	-0.00280048
-23.06666633	-0.00282663
-23.03333299	-0.00286817
-22.99999966	-0.00296909
-22.96666633	-0.00305680
-22.93333299	-0.00302038
-22.89999966	-0.00311359
-22.86666633	-0.00323293
-22.83333299	-0.00328448
-22.79999966	-0.00330029
-22.76666633	-0.00339110
-22.73333300	-0.00341708
-22.69999966	-0.00344186
-22.66666633	-0.00335191
-22.63333300	-0.00328194
-22.59999966	-0.00340676
-22.56666633	-0.00341359
-22.53333300	-0.00349057
-22.49999966	-0.00334859
-22.46666633	-0.00341613
-22.43333300	-0.00339070
-22.39999967	-0.00324110
-22.36666633	-0.00324205
-22.33333300	-0.00324222
-22.29999967	-0.00327063
-22.26666633	-0.00312685
-22.23333300	-0.00319416
-22.19999967	-0.00326854
-22.16666633	-0.00313573
-22.13333300	-0.00314295
-22.09999967	-0.00307817
-22.06666633	-0.00308853
-22.03333300	-0.00317801
-21.99999967	-0.00327207
-21.96666634	-0.00323635
-21.93333300	-0.00333397
-21.89999967	-0.00334674
-21.86666634	-0.00343545
-21.83333300	-0.00344868
-21.79999967	-0.00355684
-21.76666634	-0.00369267
-21.73333300	-0.00369031
-21.69999967	-0.00384719
-21.66666634	-0.00392824
-21.63333301	-0.00397318
-21.59999967	-0.00417056
-21.56666634	-0.00421588
-21.53333301	-0.00418967
-21.49999967	-0.00430277
-21.46666634	-0.00431999
-21.43333301	-0.00443237
-21.39999967	-0.00456400
-21.36666634	-0.00456062
-21.33333301	-0.00463681
-21.29999968	-0.00467684
-21.26666634	-0.00476831
-21.23333301	-0.00479072
-21.19999968	-0.00491107
-21.16666634	-0.00487924
-21.13333301	-0.00488531
-21.09999968	-0.00491185
-21.06666634	-0.00500495
-21.03333301	-0.00489147
-20.99999968	-0.00493710
-20.96666634	-0.00490784
-20.93333301	-0.00493188
-20.89999968	-0.00486688
-20.86666635	-0.00473037
-20.83333301	-0.00482883
-20.79999968	-0.00466325
-20.76666635	-0.00461702
-20.73333301	-0.00465291
-20.69999968	-0.00444226
-20.66666635	-0.00435671
-20.63333301	-0.00431016
-20.59999968	-0.00420317
-20.56666635	-0.00409704
-20.53333302	-0.00401242
-20.49999968	-0.00393429
-20.46666635	-0.00385058
-20.43333302	-0.00381763
-20.39999968	-0.00362762
-20.36666635	-0.00354889
-20.33333302	-0.00344660
-20.29999968	-0.00335469
-20.26666635	-0.00325636
-20.23333302	-0.00309501
-20.19999968	-0.00302508
-20.16666635	-0.00299458
-20.13333302	-0.00282142
-20.09999969	-0.00273676
-20.06666635	-0.00274421
-20.03333302	-0.00258082
-19.99999969	-0.00254026
-19.96666635	-0.00254490
-19.93333302	-0.00257643
-19.89999969	-0.00243911
-19.86666635	-0.00243956
-19.83333302	-0.00239526
-19.79999969	-0.00228801
-19.76666636	-0.00219571
-19.73333302	-0.00220394
-19.69999969	-0.00218789
-19.66666636	-0.00211152
-19.63333302	-0.00213577
-19.59999969	-0.00211795
-19.56666636	-0.00207971
-19.53333302	-0.00214361
-19.49999969	-0.00206940
-19.46666636	-0.00206316
-19.43333303	-0.00205100
-19.39999969	-0.00200641
-19.36666636	-0.00190635
-19.33333303	-0.00191613
-19.29999969	-0.00177348
-19.26666636	-0.00175387
-19.23333303	-0.00181487
-19.19999969	-0.00180331
-19.16666636	-0.00179479
-19.13333303	-0.00171938
-19.09999969	-0.00163196
-19.06666636	-0.00170440
-19.03333303	-0.00162238
-18.99999970	-0.00144903
-18.96666636	-0.00148293
-18.93333303	-0.00143171
-18.89999970	-0.00142237
-18.86666636	-0.00143267
-18.83333303	-0.00133300
-18.79999970	-0.00125410
-18.76666636	-0.00109703
-18.73333303	-0.00097950
-18.69999970	-0.00100368
-18.66666637	-0.00098521
-18.63333303	-0.00091820
-18.59999970	-0.00078087
-18.56666637	-0.00078479
-18.53333303	-0.00063589
-18.49999970	-0.00051742
-18.46666637	-0.00038511
-18.43333303	-0.00039306
-18.39999970	-0.00030787
-18.36666637	-0.00024709
-18.33333303	-0.00014075
-18.29999970	-0.00003926
-18.26666637	0.00006055
-18.23333304	0.00023609
-18.19999970	0.00023515
-18.16666637	0.00027965
-18.13333304	0.00027612
-18.09999970	0.00040272
-18.06666637	0.00042585
-18.03333304	0.00046149
-17.99999970	0.00049670
-17.96666637	0.00046975
-17.93333304	0.00056259
-17.89999971	0.00060942
-17.86666637	0.00070642
-17.83333304	0.00067352
-17.79999971	0.00068838
-17.76666637	0.00073575
-17.73333304	0.00085769
-17.69999971	0.00090085
-17.66666637	0.00079241
-17.63333304	0.00086221
-17.59999971	0.00104502
-17.56666638	0.00098671
-17.53333304	0.00105546
-17.49999971	0.00121532
-17.46666638	0.00133349
-17.43333304	0.00127617
-17.39999971	0.00148286
-17.36666638	0.00153343
-17.33333304	0.00169971
-17.29999971	0.00180228
-17.26666638	0.00197381
-17.23333304	0.00214557
-17.19999971	0.00226517
-17.16666638	0.00246684
-17.13333305	0.00263606
-17.09999971	0.00278652
-17.06666638	0.00310173
-17.03333305	0.00304993
-16.99999971	0.00341070
-16.96666638	0.00351415
-16.93333305	0.00371782
-16.89999971	0.00391527
-16.86666638	0.00415883
-16.83333305	0.00427565
-16.79999972	0.00446270
-16.76666638	0.00461550
-16.73333305	0.00475463
-16.69999972	0.00491534
-16.66666638	0.00511548
-16.63333305	0.00515452
-16.59999972	0.00522754
-16.56666638	0.00539134
-16.53333305	0.00537240
-16.49999972	0.00549739
-16.46666638	0.00566443
-16.43333305	0.00572191
-16.39999972	0.00590893
-16.36666639	0.00593123
-16.33333305	0.00602212
-16.29999972	0.00599678
-16.26666639	0.00605399
-16.23333305	0.00611394
-16.19999972	0.00615852
-16.16666639	0.00610029
-16.13333305	0.00614781
-16.09999972	0.00613807
-16.06666639	0.00621472
-16.03333306	0.00622128
-15.99999972	0.00622286
-15.96666639	0.00617288
-15.93333306	0.00630977
-15.89999972	0.00617873
-15.86666639	0.00631916
-15.83333306	0.00631402
-15.79999972	0.00633726
-15.76666639	0.00632236
-15.73333306	0.00628978
-15.69999973	0.00623471
-15.66666639	0.00627798
-15.63333306	0.00620607
-15.59999973	0.00631231
-15.56666639	0.00631821
-15.53333306	0.00629590
-15.49999973	0.00628119
-15.46666639	0.00630080
-15.43333306	0.00636789
-15.39999973	0.00635165
-15.36666639	0.00636607
-15.33333306	0.00634848
-15.29999973	0.00632491
-15.26666640	0.00640553
-15.23333306	0.00638592
-15.19999973	0.00629633
-15.16666640	0.00642382
-15.13333306	0.00626342
-15.09999973	0.00634733
-15.06666640	0.00651995
-15.03333306	0.00655062
-14.99999973	0.00653177
-14.96666640	0.00657138
-14.93333307	0.00656350
-14.89999973	0.00656740
-14.86666640	0.00663814
-14.83333307	0.00663876
-14.79999973	0.00665887
-14.76666640	0.00663043
-14.73333307	0.00663114
-14.69999973	0.00666522
-14.66666640	0.00661367
-14.63333307	0.00669121
-14.59999973	0.00674253
-14.56666640	0.00671182
-14.53333307	0.00675149
-14.49999974	0.00669651
-14.46666640	0.00685424
-14.43333307	0.00668442
-14.39999974	0.00669079
-14.36666640	0.00664101
-14.33333307	0.00673338
-14.29999974	0.00670046
-14.26666640	0.00663303
-14.23333307	0.00660379
-14.19999974	0.00645094
-14.16666641	0.00627267
-14.13333307	0.00631606
-14.09999974	0.00637861
-14.06666641	0.00625692
-14.03333307	0.00618914
-13.99999974	0.00612140
-13.96666641	0.00605334
-13.93333307	0.00604732
-13.89999974	0.00602933
-13.86666641	0.00594938
-13.83333308	0.00590575
-13.79999974	0.00571253
-13.76666641	0.00581260
-13.73333308	0.00562526
-13.69999974	0.00558786
-13.66666641	0.00566210
-13.63333308	0.00563347
-13.59999974	0.00563706
-13.56666641	0.00559009
-13.53333308	0.00559516
-13.49999974	0.00547092
-13.46666641	0.00547013
-13.43333308	0.00552423
-13.39999975	0.00541110
-13.36666641	0.00543058
-13.33333308	0.00543094
-13.29999975	0.00552540
-13.26666641	0.00550423
-13.23333308	0.00541451
-13.19999975	0.00541635
-13.16666641	0.00549854
-13.13333308	0.00545244
-13.09999975	0.00545492
-13.06666642	0.00541692
-13.03333308	0.00538476
-12.99999975	0.00536922
-12.96666642	0.00532134
-12.93333308	0.00534743
-12.89999975	0.00526344
-12.86666642	0.00514843
-12.83333308	0.00521857
-12.79999975	0.00517077
-12.76666642	0.00505606
-12.73333308	0.00490324
-12.69999975	0.00482619
-12.66666642	0.00483954
-12.63333309	0.00479375
-12.59999975	0.00468281
-12.56666642	0.00456660
-12.53333309	0.00450160
-12.49999975	0.00443900
-12.46666642	0.00439536
-12.43333309	0.00427957
-12.39999975	0.00421917
-12.36666642	0.00419250
-12.33333309	0.00407851
-12.29999976	0.00412078
-12.26666642	0.00408659
-12.23333309	0.00398310
-12.19999976	0.00385447
-12.16666642	0.00387528
-12.13333309	0.00380706
-12.09999976	0.00373710
-12.06666642	0.00369855
-12.03333309	0.00375430
-11.99999976	0.00371147
-11.96666643	0.00374402
-11.93333309	0.00374232
-11.89999976	0.00383187
-11.86666643	0.00384234
-11.83333309	0.00382162
-11.79999976	0.00388738
-11.76666643	0.00406999
-11.73333309	0.00406035
-11.69999976	0.00406799
-11.66666643	0.00414732
-11.63333309	0.00420850
-11.59999976	0.00439613
-11.56666643	0.00442104
-11.53333310	0.00437525
-11.49999976	0.00449390
-11.46666643	0.00459973
-11.43333310	0.00463827
-11.39999976	0.00477162
-11.36666643	0.00481986
-11.33333310	0.00495445
-11.29999976	0.00503262
-11.26666643	0.00501289
-11.23333310	0.00504483
-11.19999977	0.00500332
-11.16666643	0.00502151
-11.13333310	0.00497006
-11.09999977	0.00495992
-11.06666643	0.00494549
-11.03333310	0.00491113
-10.99999977	0.00480520
-10.96666643	0.00468722
-10.93333310	0.00464074
-10.89999977	0.00455803
-10.86666643	0.00447078
-10.83333310	0.00432254
-10.79999977	0.00422364
-10.76666644	0.00414640
-10.73333310	0.00400714
-10.69999977	0.00393481
-10.66666644	0.00378910
-10.63333310	0.00367886
-10.59999977	0.00362321
-10.56666644	0.00337162
-10.53333310	0.00330438
-10.49999977	0.00308441
-10.46666644	0.00291542
-10.43333311	0.00281265
-10.39999977	0.00257694
-10.36666644	0.00241103
-10.33333311	0.00216542
-10.29999977	0.00201629
-10.26666644	0.00180305
-10.23333311	0.00163232
-10.19999977	0.00140165
-10.16666644	0.00131083
-10.13333311	0.00110866
-10.09999978	0.00093153
-10.06666644	0.00079072
-10.03333311	0.00044941
-9.99999978	0.00029736
-9.96666644	0.00019018
-9.93333311	-0.00013550
-9.89999978	-0.00023913
-9.86666644	-0.00036467
-9.83333311	-0.00066191
-9.79999978	-0.00079302
-9.76666644	-0.00101344
-9.73333311	-0.00117235
-9.69999978	-0.00143634
-9.66666645	-0.00169263
-9.63333311	-0.00185358
-9.59999978	-0.00207931
-9.56666645	-0.00224815
-9.53333311	-0.00241546
-9.49999978	-0.00256588
-9.46666645	-0.00275026
-9.43333311	-0.00284725
-9.39999978	-0.00304673
-9.36666645	-0.00313043
-9.33333312	-0.00345686
-9.29999978	-0.00357606
-9.26666645	-0.00384085
-9.23333312	-0.00398152
-9.19999978	-0.00413137
-9.16666645	-0.00421891
-9.13333312	-0.00441955
-9.09999978	-0.00464984
-9.06666645	-0.00478967
-9.03333312	-0.00504294
-8.99999978	-0.00517487
-8.96666645	-0.00531474
-8.93333312	-0.00552269
-8.89999979	-0.00568010
-8.86666645	-0.00572521
-8.83333312	-0.00598738
-8.79999979	-0.00609799
-8.76666645	-0.00617902
-8.73333312	-0.00634451
-8.69999979	-0.00650639
-8.66666645	-0.00656648
-8.63333312	-0.00682781
-8.59999979	-0.00677192
-8.56666646	-0.00691052
-8.53333312	-0.00707989
-8.49999979	-0.00709653
-8.46666646	-0.00736930
-8.43333312	-0.00742510
-8.39999979	-0.00760232
-8.36666646	-0.00761250
-8.33333312	-0.00771413
-8.29999979	-0.00769321
-8.26666646	-0.00786059
-8.23333312	-0.00781820
-8.19999979	-0.00788413
-8.16666646	-0.00788387
-8.13333313	-0.00776736
-8.09999979	-0.00781524
-8.06666646	-0.00771040
-8.03333313	-0.00771270
-7.99999979	-0.00786713
-7.96666646	-0.00780761
-7.93333313	-0.00769615
-7.89999979	-0.00765507
-7.86666646	-0.00764307
-7.83333313	-0.00767020
-7.79999980	-0.00749407
-7.76666646	-0.00746622
-7.73333313	-0.00752137
-7.69999980	-0.00763518
-7.66666646	-0.00753627
-7.63333313	-0.00753231
-7.59999980	-0.00757716
-7.56666646	-0.00745477
-7.53333313	-0.00750966
-7.49999980	-0.00735545
-7.46666647	-0.00744343
-7.43333313	-0.00742350
-7.39999980	-0.00736581
-7.36666647	-0.00737420
-7.33333313	-0.00733985
-7.29999980	-0.00749684
-7.26666647	-0.00744041
-7.23333313	-0.00747902
-7.19999980	-0.00742132
-7.16666647	-0.00744868
-7.13333313	-0.00762538
-7.09999980	-0.00751991
-7.06666647	-0.00770543
-7.03333314	-0.00764219
-6.99999980	-0.00763489
-6.96666647	-0.00774208
-6.93333314	-0.00787058
-6.89999980	-0.00787507
-6.86666647	-0.00792932
-6.83333314	-0.00812612
-6.79999980	-0.00807358
-6.76666647	-0.00822357
-6.73333314	-0.00818514
-6.69999981	-0.00837453
-6.66666647	-0.00837354
-6.63333314	-0.00841798
-6.59999981	-0.00839444
-6.56666647	-0.00843782
-6.53333314	-0.00849729
-6.49999981	-0.00852526
-6.46666647	-0.00860482
-6.43333314	-0.00866615
-6.39999981	-0.00872107
-6.36666647	-0.00865479
-6.33333314	-0.00856308
-6.29999981	-0.00859645
-6.26666648	-0.00858397
-6.23333314	-0.00863532
-6.19999981	-0.00859476
-6.16666648	-0.00854929
-6.13333314	-0.00863912
-6.09999981	-0.00849593
-6.06666648	-0.00846480
-6.03333314	-0.00838361
-5.99999981	-0.00849501
-5.96666648	-0.00846449
-5.93333315	-0.00846056
-5.89999981	-0.00839805
-5.86666648	-0.00824724
-5.83333315	-0.00823018
-5.79999981	-0.00824109
-5.76666648	-0.00823632
-5.73333315	-0.00820561
-5.69999981	-0.00810038
-5.66666648	-0.00819817
-5.63333315	-0.00821028
-5.59999982	-0.00814408
-5.56666648	-0.00816700
-5.53333315	-0.00831800
-5.49999982	-0.00818058
-5.46666648	-0.00832146
-5.43333315	-0.00830655
-5.39999982	-0.00830712
-5.36666648	-0.00836029
-5.33333315	-0.00838857
-5.29999982	-0.00845159
-5.26666648	-0.00856893
-5.23333315	-0.00864480
-5.19999982	-0.00873086
-5.16666649	-0.00877912
-5.13333315	-0.00883321
-5.09999982	-0.00889863
-5.06666649	-0.00898165
-5.03333315	-0.00909031
-4.99999982	-0.00908527
-4.96666649	-0.00913268
-4.93333315	-0.00922786
-4.89999982	-0.00924424
-4.86666649	-0.00941211
-4.83333316	-0.00948735
-4.79999982	-0.00952590
-4.76666649	-0.00968406
-4.73333316	-0.00970591
-4.69999982	-0.00973946
-4.66666649	-0.00988384
-4.63333316	-0.01007509
-4.59999982	-0.01003552
-4.56666649	-0.01022196
-4.53333316	-0.01028203
-4.49999982	-0.01024417
-4.46666649	-0.01017178
-4.43333316	-0.01031081
-4.39999983	-0.01035632
-4.36666649	-0.01035188
-4.33333316	-0.01030960
-4.29999983	-0.01042218
-4.26666649	-0.01028840
-4.23333316	-0.01032764
-4.19999983	-0.01024897
-4.16666649	-0.01017661
-4.13333316	-0.01014321
-4.09999983	-0.01015989
-4.06666650	-0.01009493
-4.03333316	-0.01004901
-3.99999983	-0.01001236
-3.96666650	-0.00985375
-3.93333316	-0.00979322
-3.89999983	-0.00976683
-3.86666650	-0.00968815
-3.83333316	-0.00957943
-3.79999983	-0.00935759
-3.76666650	-0.00925622
-3.73333317	-0.00905982
-3.69999983	-0.00893240
-3.66666650	-0.00881494
-3.63333317	-0.00861595
-3.59999983	-0.00843171
-3.56666650	-0.00823632
-3.53333317	-0.00803154
-3.49999983	-0.00784468
-3.46666650	-0.00765913
-3.43333317	-0.00743799
-3.39999983	-0.00731202
-3.36666650	-0.00701449
-3.33333317	-0.00689705
-3.29999984	-0.00656919
-3.26666650	-0.00631794
-3.23333317	-0.00604792
-3.19999984	-0.00575579
-3.16666650	-0.00549120
-3.13333317	-0.00508790
-3.09999984	-0.00489446
-3.06666650	-0.00452932
-3.03333317	-0.00416650
-2.99999984	-0.00378633
-2.96666651	-0.00347464
-2.93333317	-0.00306711
-2.89999984	-0.00277954
-2.86666651	-0.00238450
-2.83333317	-0.00193909
-2.79999984	-0.00149765
-2.76666651	-0.00107804
-2.73333317	-0.00069017
-2.69999984	-0.00029149
-2.66666651	0.00011416
-2.63333317	0.00062024
-2.59999984	0.00104036
-2.56666651	0.00142599
-2.53333318	0.00191335
-2.49999984	0.00229221
-2.46666651	0.00265997
-2.43333318	0.00300775
-2.39999984	0.00355491
-2.36666651	0.00391958
-2.33333318	0.00421773
-2.29999984	0.00474968
-2.26666651	0.00507636
-2.23333318	0.00527511
-2.19999985	0.00573271
-2.16666651	0.00606550
-2.13333318	0.00634058
-2.09999985	0.00662483
-2.06666651	0.00693929
-2.03333318	0.00732916
-1.99999985	0.00752154
-1.96666651	0.00781387
-1.93333318	0.00801212
-1.89999985	0.00819659
-1.86666652	0.00846287
-1.83333318	0.00867086
-1.79999985	0.00885902
-1.76666652	0.00899890
-1.73333318	0.00921341
-1.69999985	0.00937446
-1.66666652	0.00962474
-1.63333318	0.00969650
-1.59999985	0.00979353
-1.56666652	0.00986731
-1.53333318	0.00998356
-1.49999985	0.01000444
-1.46666652	0.01011597
-1.43333319	0.01021437
-1.39999985	0.01036771
-1.36666652	0.01051437
-1.33333319	0.01052162
-1.29999985	0.01066649
-1.26666652	0.01062657
-1.23333319	0.01077546
-1.19999985	0.01074589
-1.16666652	0.01084814
-1.13333319	0.01096427
-1.09999986	0.01114916
-1.06666652	0.01117023
-1.03333319	0.01131954
-0.99999986	0.01139866
-0.96666652	0.01146184
-0.93333319	0.01162735
-0.89999986	0.01176281
-0.86666652	0.01179823
-0.83333319	0.01190044
-0.79999986	0.01198655
-0.76666652	0.01208465
-0.73333319	0.01209961
-0.69999986	0.01233837
-0.66666653	0.01238952
-0.63333319	0.01243493
-0.59999986	0.01254366
-0.56666653	0.01269479
-0.53333319	0.01277889
-0.49999986	0.01302219
-0.46666653	0.01310905
-0.43333319	0.01321039
-0.39999986	0.01327910
-0.36666653	0.01336512
-0.33333320	0.01361667
-0.29999986	0.01369581
-0.26666653	0.01383109
-0.23333320	0.01401916
-0.19999986	0.01409610
-0.16666653	0.01427129
-0.13333320	0.01431995
-0.09999986	0.01451405
-0.06666653	0.01468159
-0.03333320	0.01497045
0.00000013	0.01502106
0.03333347	0.01523440
0.06666680	0.01544492
0.10000013	0.01560441
0.13333347	0.01575588
0.16666680	0.01589937
0.20000013	0.01613245
0.23333347	0.01632340
0.26666680	0.01641124
0.30000013	0.01663230
0.33333347	0.01679428
0.36666680	0.01690986
0.40000013	0.01712395
0.43333346	0.01713527
0.46666680	0.01730306
0.50000013	0.01747295
0.53333346	0.01747786
0.56666680	0.01769805
0.60000013	0.01778164
0.63333346	0.01783273
0.66666680	0.01797354
0.70000013	0.01810949
0.73333346	0.01811395
0.76666679	0.01826767
0.80000013	0.01821473
0.83333346	0.01833739
0.86666679	0.01830980
0.90000013	0.01848907
0.93333346	0.01832759
0.96666679	0.01840256
1.00000013	0.01843410
1.03333346	0.01840360
1.06666679	0.01848504
1.10000013	0.01829566
1.13333346	0.01826039
1.16666679	0.01824102
1.20000012	0.01824121
1.23333346	0.01815971
1.26666679	0.01805733
1.30000012	0.01800314
1.33333346	0.01779062
1.36666679	0.01766606
1.40000012	0.01767978
1.43333346	0.01754763
1.46666679	0.01747337
1.50000012	0.01728416
1.53333345	0.01711275
1.56666679	0.01706849
1.60000012	0.01690330
1.63333345	0.01679608
1.66666679	0.01657469
1.70000012	0.01643194
1.73333345	0.01636776
1.76666679	0.01606563
1.80000012	0.01594214
1.83333345	0.01585358
1.86666678	0.01558848
1.90000012	0.01537692
1.93333345	0.01522655
1.96666678	0.01502973
2.00000012	0.01483779
2.03333345	0.01467447
2.06666678	0.01453990
2.10000012	0.01430079
2.13333345	0.01411081
2.16666678	0.01385405
2.20000012	0.01364870
2.23333345	0.01336976
2.26666678	0.01315140
2.30000011	0.01288802
2.33333345	0.01268583
2.36666678	0.01245226
2.40000011	0.01223885
2.43333345	0.01196158
2.46666678	0.01183603
2.50000011	0.01156785
2.53333345	0.01130819
2.56666678	0.01113916
2.60000011	0.01102468
2.63333344	0.01071646
2.66666678	0.01066529
2.70000011	0.01044258
2.73333344	0.01025202
2.76666678	0.01007801
2.80000011	0.00992745
2.83333344	0.00971032
2.86666678	0.00967067
2.90000011	0.00943527
2.93333344	0.00928026
2.96666678	0.00912015
3.00000011	0.00899643
3.03333344	0.00881667
3.06666677	0.00869680
3.10000011	0.00853881
3.13333344	0.00829192
3.16666677	0.00821910
3.20000011	0.00814460
3.23333344	0.00798220
3.26666677	0.00784216
3.30000011	0.00763867
3.33333344	0.00749762
3.36666677	0.00732255
3.40000010	0.00720371
3.43333344	0.00708733
3.46666677	0.00690751
3.50000010	0.00668926
3.53333344	0.00658665
3.56666677	0.00652987
3.60000010	0.00636750
3.63333344	0.00630973
3.66666677	0.00611345
3.70000010	0.00594017
3.73333343	0.00578866
3.76666677	0.00565835
3.80000010	0.00550159
3.83333343	0.00542407
3.86666677	0.00517629
3.90000010	0.00504708
3.93333343	0.00495233
3.96666677	0.00474594
4.00000010	0.00467907
4.03333343	0.00461644
4.06666677	0.00441653
4.10000010	0.00434681
4.13333343	0.00416804
4.16666676	0.00400957
4.20000010	0.00374147
4.23333343	0.00348594
4.26666676	0.00345868
4.30000010	0.00312969
4.33333343	0.00306675
4.36666676	0.00293306
4.40000010	0.00273788
4.43333343	0.00259119
4.46666676	0.00246936
4.50000009	0.00221451
4.53333343	0.00199950
4.56666676	0.00189609
4.60000009	0.00179113
4.63333343	0.00153881
4.66666676	0.00132620
4.70000009	0.00118555
4.73333343	0.00092071
4.76666676	0.00076184
4.80000009	0.00053503
4.83333343	0.00041046
4.86666676	0.00018718
4.90000009	-0.00002017
4.93333342	-0.00021978
4.96666676	-0.00038974
5.00000009	-0.00057601
5.03333342	-0.00073253
5.06666676	-0.00088476
5.10000009	-0.00112125
5.13333342	-0.00139026
5.16666676	-0.00157100
5.20000009	-0.00174543
5.23333342	-0.00201295
5.26666675	-0.00216387
5.30000009	-0.00240056
5.33333342	-0.00250951
5.36666675	-0.00267850
5.40000009	-0.00280832
5.43333342	-0.00284091
5.46666675	-0.00309692
5.50000009	-0.00315440
5.53333342	-0.00325251
5.56666675	-0.00338907
5.60000008	-0.00342748
5.63333342	-0.00353345
5.66666675	-0.00354488
5.70000008	-0.00358217
5.73333342	-0.00364390
5.76666675	-0.00363488
5.80000008	-0.00370684
5.83333342	-0.00378452
5.86666675	-0.00375204
5.90000008	-0.00384485
5.93333342	-0.00374226
5.96666675	-0.00372418
6.00000008	-0.00364222
6.03333341	-0.00373482
6.06666675	-0.00368374
6.10000008	-0.00371011
6.13333341	-0.00364656
6.16666675	-0.00358551
6.20000008	-0.00359021
6.23333341	-0.00354941
6.26666675	-0.00356564
6.30000008	-0.00351601
6.33333341	-0.00344014
6.36666674	-0.00338988
6.40000008	-0.00330057
6.43333341	-0.00328713
6.46666674	-0.00328215
6.50000008	-0.00312877
6.53333341	-0.00313528
6.56666674	-0.00318623
6.60000008	-0.00327757
6.63333341	-0.00323286
6.66666674	-0.00325930
6.70000008	-0.00331389
6.73333341	-0.00337656
6.76666674	-0.00338217
6.80000007	-0.00347300
6.83333341	-0.00344794
6.86666674	-0.00345140
6.90000007	-0.00357642
6.93333341	-0.00354973
6.96666674	-0.00362107
7.00000007	-0.00369594
7.03333341	-0.00381419
7.06666674	-0.00384711
7.10000007	-0.00387719
7.13333340	-0.00401001
7.16666674	-0.00400859
7.20000007	-0.00413932
7.23333340	-0.00410497
7.26666674	-0.00430333
7.30000007	-0.00433883
7.33333340	-0.00442794
7.36666674	-0.00446092
7.40000007	-0.00446031
7.43333340	-0.00461002
7.46666673	-0.00461528
7.50000007	-0.00474416
7.53333340	-0.00475547
7.56666673	-0.00491541
7.60000007	-0.00493162
7.63333340	-0.00496394
7.66666673	-0.00508341
7.70000007	-0.00515938
7.73333340	-0.00533386
7.76666673	-0.00535873
7.80000007	-0.00535141
7.83333340	-0.00536327
7.86666673	-0.00555515
7.90000006	-0.00566361
7.93333340	-0.00582835
7.96666673	-0.00575821
8.00000006	-0.00576198
8.03333340	-0.00583999
8.06666673	-0.00599473
8.10000006	-0.00607214
8.13333340	-0.00611036
8.16666673	-0.00620398
8.20000006	-0.00622434
8.23333339	-0.00626545
8.26666673	-0.00627710
8.30000006	-0.00631383
8.33333339	-0.00639581
8.36666673	-0.00633303
8.40000006	-0.00641501
8.43333339	-0.00647860
8.46666673	-0.00645533
8.50000006	-0.00658766
8.53333339	-0.00646558
8.56666673	-0.00665884
8.60000006	-0.00664472
8.63333339	-0.00670064
8.66666672	-0.00675597
8.70000006	-0.00672568
8.73333339	-0.00674380
8.76666672	-0.00667185
8.80000006	-0.00669000
8.83333339	-0.00676265
8.86666672	-0.00666195
8.90000006	-0.00673579
8.93333339	-0.00671063
8.96666672	-0.00665860
9.00000005	-0.00661751
9.03333339	-0.00662828
9.06666672	-0.00649037
9.10000005	-0.00652302
9.13333339	-0.00647582
9.16666672	-0.00644242
9.20000005	-0.00640652
9.23333339	-0.00631797
9.26666672	-0.00621773
9.30000005	-0.00621871
9.33333338	-0.00619185
9.36666672	-0.00616907
9.40000005	-0.00619717
9.43333338	-0.00606762
9.46666672	-0.00596559
9.50000005	-0.00599538
9.53333338	-0.00595068
9.56666672	-0.00589621
9.60000005	-0.00577048
9.63333338	-0.00573430
9.66666672	-0.00574377
9.70000005	-0.00570241
9.73333338	-0.00562280
9.76666671	-0.00554335
9.80000005	-0.00536998
9.83333338	-0.00538858
9.86666671	-0.00540994
9.90000005	-0.00540567
9.93333338	-0.00535853
9.96666671	-0.00518555
10.00000005	-0.00524976
10.03333338	-0.00516240
10.06666671	-0.00508828
10.10000004	-0.00498855
10.13333338	-0.00505333
10.16666671	-0.00498853
10.20000004	-0.00486125
10.23333338	-0.00484701
10.26666671	-0.00479552
10.30000004	-0.00479591
10.33333338	-0.00472761
10.36666671	-0.00463891
10.40000004	-0.00465438
10.43333338	-0.00457255
10.46666671	-0.00454110
10.50000004	-0.00451138
10.53333337	-0.00437212
10.56666671	-0.00435701
10.60000004	-0.00432273
10.63333337	-0.00428004
10.66666671	-0.00427646
10.70000004	-0.00417269
10.73333337	-0.00416360
10.76666671	-0.00412335
10.80000004	-0.00404654
10.83333337	-0.00397228
10.86666670	-0.00397766
10.90000004	-0.00384442
10.93333337	-0.00380734
10.96666670	-0.00375884
11.00000004	-0.00373014
11.03333337	-0.00364411
11.06666670	-0.00362892
11.10000004	-0.00353512
11.13333337	-0.00353027
11.16666670	-0.00345721
11.20000003	-0.00340958
11.23333337	-0.00334607
11.26666670	-0.00327100
11.30000003	-0.00322990
11.33333337	-0.00316536
11.36666670	-0.00312639
11.40000003	-0.00307853
11.43333337	-0.00299404
11.46666670	-0.00297170
11.50000003	-0.00292899
11.53333337	-0.00287338
11.56666670	-0.00282721
11.60000003	-0.00275682
11.63333336	-0.00268077
11.66666670	-0.00264889
11.70000003	-0.00259074
11.73333336	-0.00252858
11.76666670	-0.00248068
11.80000003	-0.00243979
11.83333336	-0.00236806
11.86666670	-0.00228672
11.90000003	-0.00224104
11.93333336	-0.00218399
11.96666669	-0.00211618
12.00000003	-0.00206003
12.03333336	-0.00200296
12.06666669	-0.00197385
12.10000003	-0.00191829
12.13333336	-0.00188847
12.16666669	-0.00185069
12.20000003	-0.00179754
12.23333336	-0.00171942
12.26666669	-0.00172447
12.30000003	-0.00166661
12.33333336	-0.00160479
12.36666669	-0.00158196
12.40000002	-0.00154967
12.43333336	-0.00150001
12.46666669	-0.00146257
12.50000002	-0.00142748
12.53333336	-0.00139324
12.56666669	-0.00135033
12.60000002	-0.00133354
12.63333336	-0.00128254
12.66666669	-0.00125898
12.70000002	-0.00122297
12.73333335	-0.00119101
12.76666669	-0.00117255
12.80000002	-0.00112858
12.83333335	-0.00109397
12.86666669	-0.00105747
12.90000002	-0.00103079
12.93333335	-0.00100023
12.96666669	-0.00096324
13.00000002	-0.00093739
13.03333335	-0.00091715
13.06666668	-0.00088971
13.10000002	-0.00086697
13.13333335	-0.00084153
13.16666668	-0.00081949
13.20000002	-0.00078707
13.23333335	-0.00076122
13.26666668	-0.00073204
13.30000002	-0.00072099
13.33333335	-0.00068944
13.36666668	-0.00064903
13.40000002	-0.00063356
13.43333335	-0.00060545
13.46666668	-0.00057822
13.50000001	-0.00054449
13.53333335	-0.00052793
13.56666668	-0.00050391
13.60000001	-0.00047852
13.63333335	-0.00045773
13.66666668	-0.00043615
13.70000001	-0.00041236
13.73333335	-0.00039530
13.76666668	-0.00036825
13.80000001	-0.00035333
13.83333334	-0.00032873
13.86666668	-0.00031089
13.90000001	-0.00029120
13.93333334	-0.00027176
13.96666668	-0.00025304
14.00000001	-0.00023720
14.03333334	-0.00021786
14.06666668	-0.00020410
14.10000001	-0.00018797
14.13333334	-0.00017410
14.16666668	-0.00015726
14.20000001	-0.00014392
14.23333334	-0.00013170
14.26666667	-0.00011856
14.30000001	-0.00010640
14.33333334	-0.00009477
14.36666667	-0.00008481
14.40000001	-0.00007535
14.43333334	-0.00006580
14.46666667	-0.00005625
14.50000001	-0.00004842
14.53333334	-0.00004060
14.56666667	-0.00003336
14.60000000	-0.00002704
14.63333334	-0.00002128
14.66666667	-0.00001645
14.70000000	-0.00001201
14.73333334	-0.00000827
14.76666667	-0.00000529
14.80000000	-0.00000297
14.83333334	-0.00000130
14.86666667	-0.00000032
14.90000000	0.00000000
