# Menlo Systems GmbH ScanControl
# Program Version 1.3.3
# Start: -65.00000000 ps, Average over 1000 waveforms. Timestamp: 2020-07-02T16:44:21
# Time [ps]	THz Signal [a.u.]
-65.06666601	0.00000000
-65.03333267	0.00000002
-64.99999934	0.00000008
-64.96666601	0.00000018
-64.93333267	0.00000027
-64.89999934	0.00000044
-64.86666601	0.00000052
-64.83333267	0.00000073
-64.79999934	0.00000078
-64.76666601	0.00000076
-64.73333268	0.00000067
-64.69999934	0.00000056
-64.66666601	0.00000091
-64.63333268	0.00000018
-64.59999934	-0.00000029
-64.56666601	-0.00000038
-64.53333268	-0.00000122
-64.49999934	-0.00000175
-64.46666601	-0.00000142
-64.43333268	-0.00000400
-64.39999934	-0.00000358
-64.36666601	-0.00000429
-64.33333268	-0.00000589
-64.29999935	-0.00000817
-64.26666601	-0.00000940
-64.23333268	-0.00000936
-64.19999935	-0.00001419
-64.16666601	-0.00001470
-64.13333268	-0.00001575
-64.09999935	-0.00001834
-64.06666601	-0.00002104
-64.03333268	-0.00002290
-63.99999935	-0.00002803
-63.96666602	-0.00002915
-63.93333268	-0.00003297
-63.89999935	-0.00003606
-63.86666602	-0.00003461
-63.83333268	-0.00003484
-63.79999935	-0.00004096
-63.76666602	-0.00004741
-63.73333268	-0.00004589
-63.69999935	-0.00005158
-63.66666602	-0.00005489
-63.63333268	-0.00006139
-63.59999935	-0.00005944
-63.56666602	-0.00007371
-63.53333269	-0.00007324
-63.49999935	-0.00008292
-63.46666602	-0.00008464
-63.43333269	-0.00009032
-63.39999935	-0.00010412
-63.36666602	-0.00009814
-63.33333269	-0.00011275
-63.29999935	-0.00011172
-63.26666602	-0.00012765
-63.23333269	-0.00013647
-63.19999935	-0.00012796
-63.16666602	-0.00012437
-63.13333269	-0.00012606
-63.09999936	-0.00012843
-63.06666602	-0.00013128
-63.03333269	-0.00013050
-62.99999936	-0.00012259
-62.96666602	-0.00012128
-62.93333269	-0.00012700
-62.89999936	-0.00012484
-62.86666602	-0.00013713
-62.83333269	-0.00013517
-62.79999936	-0.00012902
-62.76666603	-0.00011951
-62.73333269	-0.00010851
-62.69999936	-0.00013118
-62.66666603	-0.00010426
-62.63333269	-0.00010696
-62.59999936	-0.00009698
-62.56666603	-0.00010166
-62.53333269	-0.00008469
-62.49999936	-0.00007075
-62.46666603	-0.00005519
-62.43333269	-0.00004776
-62.39999936	-0.00002246
-62.36666603	-0.00003222
-62.33333270	0.00003197
-62.29999936	0.00003620
-62.26666603	0.00004059
-62.23333270	0.00003754
-62.19999936	0.00005589
-62.16666603	0.00009850
-62.13333270	0.00011794
-62.09999936	0.00011493
-62.06666603	0.00014762
-62.03333270	0.00016034
-61.99999936	0.00019444
-61.96666603	0.00022362
-61.93333270	0.00027204
-61.89999937	0.00027474
-61.86666603	0.00033983
-61.83333270	0.00034632
-61.79999937	0.00034886
-61.76666603	0.00037584
-61.73333270	0.00043558
-61.69999937	0.00050265
-61.66666603	0.00049341
-61.63333270	0.00052052
-61.59999937	0.00055261
-61.56666603	0.00065960
-61.53333270	0.00068625
-61.49999937	0.00072071
-61.46666604	0.00073153
-61.43333270	0.00075478
-61.39999937	0.00080134
-61.36666604	0.00081112
-61.33333270	0.00084408
-61.29999937	0.00088655
-61.26666604	0.00088952
-61.23333270	0.00095145
-61.19999937	0.00094076
-61.16666604	0.00095681
-61.13333271	0.00099967
-61.09999937	0.00103067
-61.06666604	0.00108803
-61.03333271	0.00112188
-60.99999937	0.00115412
-60.96666604	0.00120320
-60.93333271	0.00121436
-60.89999937	0.00118749
-60.86666604	0.00121481
-60.83333271	0.00122241
-60.79999937	0.00116758
-60.76666604	0.00123423
-60.73333271	0.00122775
-60.69999938	0.00121193
-60.66666604	0.00118223
-60.63333271	0.00121349
-60.59999938	0.00117849
-60.56666604	0.00110564
-60.53333271	0.00110588
-60.49999938	0.00099601
-60.46666604	0.00099567
-60.43333271	0.00094263
-60.39999938	0.00092825
-60.36666604	0.00088002
-60.33333271	0.00078465
-60.29999938	0.00079027
-60.26666605	0.00074022
-60.23333271	0.00065560
-60.19999938	0.00056882
-60.16666605	0.00045255
-60.13333271	0.00042334
-60.09999938	0.00031152
-60.06666605	0.00023762
-60.03333271	0.00012902
-59.99999938	0.00012597
-59.96666605	-0.00003372
-59.93333272	-0.00008048
-59.89999938	-0.00012115
-59.86666605	-0.00028028
-59.83333272	-0.00036009
-59.79999938	-0.00038985
-59.76666605	-0.00047758
-59.73333272	-0.00052320
-59.69999938	-0.00065919
-59.66666605	-0.00079216
-59.63333272	-0.00083384
-59.59999938	-0.00092868
-59.56666605	-0.00098964
-59.53333272	-0.00101214
-59.49999939	-0.00102772
-59.46666605	-0.00110694
-59.43333272	-0.00117655
-59.39999939	-0.00121931
-59.36666605	-0.00126461
-59.33333272	-0.00133652
-59.29999939	-0.00136218
-59.26666605	-0.00127804
-59.23333272	-0.00135580
-59.19999939	-0.00135186
-59.16666605	-0.00133278
-59.13333272	-0.00125779
-59.09999939	-0.00129303
-59.06666606	-0.00133606
-59.03333272	-0.00136627
-58.99999939	-0.00131284
-58.96666606	-0.00124844
-58.93333272	-0.00133761
-58.89999939	-0.00125734
-58.86666606	-0.00116349
-58.83333272	-0.00115160
-58.79999939	-0.00118496
-58.76666606	-0.00117489
-58.73333272	-0.00124447
-58.69999939	-0.00121959
-58.66666606	-0.00122530
-58.63333273	-0.00116383
-58.59999939	-0.00111776
-58.56666606	-0.00099249
-58.53333273	-0.00098620
-58.49999939	-0.00093724
-58.46666606	-0.00101908
-58.43333273	-0.00105008
-58.39999939	-0.00101587
-58.36666606	-0.00095295
-58.33333273	-0.00089074
-58.29999940	-0.00086871
-58.26666606	-0.00088224
-58.23333273	-0.00080143
-58.19999940	-0.00085587
-58.16666606	-0.00085595
-58.13333273	-0.00084144
-58.09999940	-0.00089835
-58.06666606	-0.00088301
-58.03333273	-0.00080301
-57.99999940	-0.00087033
-57.96666606	-0.00078937
-57.93333273	-0.00072862
-57.89999940	-0.00071132
-57.86666607	-0.00074469
-57.83333273	-0.00077056
-57.79999940	-0.00073804
-57.76666607	-0.00077515
-57.73333273	-0.00071843
-57.69999940	-0.00057346
-57.66666607	-0.00072490
-57.63333273	-0.00066661
-57.59999940	-0.00065331
-57.56666607	-0.00066638
-57.53333273	-0.00061625
-57.49999940	-0.00067480
-57.46666607	-0.00061424
-57.43333274	-0.00056740
-57.39999940	-0.00054627
-57.36666607	-0.00038723
-57.33333274	-0.00042379
-57.29999940	-0.00053195
-57.26666607	-0.00040142
-57.23333274	-0.00040409
-57.19999940	-0.00031769
-57.16666607	-0.00025835
-57.13333274	-0.00025355
-57.09999941	-0.00020377
-57.06666607	-0.00008209
-57.03333274	-0.00011916
-56.99999941	-0.00016128
-56.96666607	-0.00009289
-56.93333274	-0.00004981
-56.89999941	-0.00001832
-56.86666607	0.00001822
-56.83333274	-0.00000193
-56.79999941	0.00007066
-56.76666607	0.00012011
-56.73333274	0.00023811
-56.69999941	0.00021454
-56.66666608	0.00010880
-56.63333274	0.00020556
-56.59999941	0.00029999
-56.56666608	0.00029767
-56.53333274	0.00023139
-56.49999941	0.00026935
-56.46666608	0.00035078
-56.43333274	0.00038890
-56.39999941	0.00046219
-56.36666608	0.00040690
-56.33333274	0.00049573
-56.29999941	0.00049263
-56.26666608	0.00053671
-56.23333275	0.00056272
-56.19999941	0.00064835
-56.16666608	0.00060472
-56.13333275	0.00067014
-56.09999941	0.00073111
-56.06666608	0.00068840
-56.03333275	0.00073863
-55.99999941	0.00069235
-55.96666608	0.00077583
-55.93333275	0.00082607
-55.89999942	0.00082425
-55.86666608	0.00081632
-55.83333275	0.00080658
-55.79999942	0.00078960
-55.76666608	0.00089071
-55.73333275	0.00088910
-55.69999942	0.00097778
-55.66666608	0.00102870
-55.63333275	0.00104912
-55.59999942	0.00093750
-55.56666608	0.00096321
-55.53333275	0.00102486
-55.49999942	0.00103976
-55.46666609	0.00119314
-55.43333275	0.00106645
-55.39999942	0.00107007
-55.36666609	0.00113395
-55.33333275	0.00109200
-55.29999942	0.00108638
-55.26666609	0.00112709
-55.23333275	0.00102249
-55.19999942	0.00107198
-55.16666609	0.00103187
-55.13333275	0.00101418
-55.09999942	0.00093441
-55.06666609	0.00100897
-55.03333276	0.00092700
-54.99999942	0.00090365
-54.96666609	0.00087568
-54.93333276	0.00086066
-54.89999942	0.00086073
-54.86666609	0.00078304
-54.83333276	0.00084224
-54.79999942	0.00088163
-54.76666609	0.00073685
-54.73333276	0.00072502
-54.69999942	0.00081096
-54.66666609	0.00079950
-54.63333276	0.00075509
-54.59999943	0.00057974
-54.56666609	0.00071899
-54.53333276	0.00067026
-54.49999943	0.00069239
-54.46666609	0.00068711
-54.43333276	0.00070381
-54.39999943	0.00067104
-54.36666609	0.00065809
-54.33333276	0.00064159
-54.29999943	0.00064548
-54.26666610	0.00051723
-54.23333276	0.00075735
-54.19999943	0.00062531
-54.16666610	0.00067830
-54.13333276	0.00061589
-54.09999943	0.00057309
-54.06666610	0.00058430
-54.03333276	0.00060559
-53.99999943	0.00053937
-53.96666610	0.00051944
-53.93333276	0.00057450
-53.89999943	0.00051662
-53.86666610	0.00042750
-53.83333277	0.00043474
-53.79999943	0.00041312
-53.76666610	0.00034408
-53.73333277	0.00042826
-53.69999943	0.00041449
-53.66666610	0.00031904
-53.63333277	0.00026317
-53.59999943	0.00030768
-53.56666610	0.00033420
-53.53333277	0.00019522
-53.49999943	0.00028271
-53.46666610	0.00027538
-53.43333277	0.00023601
-53.39999944	0.00033894
-53.36666610	0.00017576
-53.33333277	0.00034286
-53.29999944	0.00033156
-53.26666610	0.00023799
-53.23333277	0.00025484
-53.19999944	0.00026270
-53.16666610	0.00028098
-53.13333277	0.00032136
-53.09999944	0.00014790
-53.06666611	0.00033953
-53.03333277	0.00032342
-52.99999944	0.00036646
-52.96666611	0.00040930
-52.93333277	0.00040248
-52.89999944	0.00045213
-52.86666611	0.00048420
-52.83333277	0.00047042
-52.79999944	0.00056266
-52.76666611	0.00055579
-52.73333277	0.00061303
-52.69999944	0.00071694
-52.66666611	0.00066403
-52.63333278	0.00078883
-52.59999944	0.00075239
-52.56666611	0.00083995
-52.53333278	0.00079412
-52.49999944	0.00095677
-52.46666611	0.00086601
-52.43333278	0.00102187
-52.39999944	0.00086965
-52.36666611	0.00097649
-52.33333278	0.00097131
-52.29999944	0.00097022
-52.26666611	0.00097679
-52.23333278	0.00092948
-52.19999945	0.00090709
-52.16666611	0.00099462
-52.13333278	0.00103711
-52.09999945	0.00100534
-52.06666611	0.00101461
-52.03333278	0.00107876
-51.99999945	0.00101849
-51.96666611	0.00112147
-51.93333278	0.00114844
-51.89999945	0.00107314
-51.86666611	0.00115801
-51.83333278	0.00097283
-51.79999945	0.00100780
-51.76666612	0.00104631
-51.73333278	0.00099674
-51.69999945	0.00102688
-51.66666612	0.00106970
-51.63333278	0.00106877
-51.59999945	0.00093146
-51.56666612	0.00093809
-51.53333278	0.00091614
-51.49999945	0.00093036
-51.46666612	0.00099155
-51.43333279	0.00106676
-51.39999945	0.00114159
-51.36666612	0.00102824
-51.33333279	0.00113699
-51.29999945	0.00094084
-51.26666612	0.00101937
-51.23333279	0.00096032
-51.19999945	0.00093942
-51.16666612	0.00103338
-51.13333279	0.00088802
-51.09999945	0.00090568
-51.06666612	0.00095395
-51.03333279	0.00090715
-50.99999946	0.00099791
-50.96666612	0.00104510
-50.93333279	0.00101155
-50.89999946	0.00110976
-50.86666612	0.00102096
-50.83333279	0.00102940
-50.79999946	0.00100570
-50.76666612	0.00113326
-50.73333279	0.00110055
-50.69999946	0.00110569
-50.66666612	0.00103119
-50.63333279	0.00095567
-50.59999946	0.00104358
-50.56666613	0.00115146
-50.53333279	0.00100872
-50.49999946	0.00101008
-50.46666613	0.00108803
-50.43333279	0.00110652
-50.39999946	0.00114096
-50.36666613	0.00117843
-50.33333279	0.00119009
-50.29999946	0.00118828
-50.26666613	0.00122470
-50.23333280	0.00117672
-50.19999946	0.00121876
-50.16666613	0.00127132
-50.13333280	0.00123264
-50.09999946	0.00135343
-50.06666613	0.00132201
-50.03333280	0.00126199
-49.99999946	0.00136061
-49.96666613	0.00125354
-49.93333280	0.00137211
-49.89999946	0.00130748
-49.86666613	0.00134392
-49.83333280	0.00126820
-49.79999947	0.00128369
-49.76666613	0.00125308
-49.73333280	0.00120965
-49.69999947	0.00122115
-49.66666613	0.00116349
-49.63333280	0.00111206
-49.59999947	0.00107498
-49.56666613	0.00110443
-49.53333280	0.00100346
-49.49999947	0.00105703
-49.46666613	0.00090989
-49.43333280	0.00085889
-49.39999947	0.00087521
-49.36666614	0.00078642
-49.33333280	0.00079714
-49.29999947	0.00069880
-49.26666614	0.00068201
-49.23333280	0.00070208
-49.19999947	0.00059046
-49.16666614	0.00061607
-49.13333280	0.00048743
-49.09999947	0.00058554
-49.06666614	0.00052491
-49.03333280	0.00048490
-48.99999947	0.00040728
-48.96666614	0.00049689
-48.93333281	0.00045102
-48.89999947	0.00050663
-48.86666614	0.00049379
-48.83333281	0.00052158
-48.79999947	0.00040944
-48.76666614	0.00049288
-48.73333281	0.00043830
-48.69999947	0.00039298
-48.66666614	0.00042089
-48.63333281	0.00044765
-48.59999948	0.00041043
-48.56666614	0.00047154
-48.53333281	0.00049218
-48.49999948	0.00041626
-48.46666614	0.00040719
-48.43333281	0.00031501
-48.39999948	0.00042556
-48.36666614	0.00029029
-48.33333281	0.00028936
-48.29999948	0.00029252
-48.26666614	0.00030371
-48.23333281	0.00017048
-48.19999948	0.00019968
-48.16666615	0.00005414
-48.13333281	-0.00003947
-48.09999948	-0.00001614
-48.06666615	-0.00016667
-48.03333281	-0.00032773
-47.99999948	-0.00029037
-47.96666615	-0.00039105
-47.93333281	-0.00051065
-47.89999948	-0.00055027
-47.86666615	-0.00064900
-47.83333281	-0.00074585
-47.79999948	-0.00083360
-47.76666615	-0.00091450
-47.73333282	-0.00102954
-47.69999948	-0.00111511
-47.66666615	-0.00123855
-47.63333282	-0.00140687
-47.59999948	-0.00150281
-47.56666615	-0.00153490
-47.53333282	-0.00169550
-47.49999948	-0.00176388
-47.46666615	-0.00182033
-47.43333282	-0.00190623
-47.39999949	-0.00207037
-47.36666615	-0.00206778
-47.33333282	-0.00213049
-47.29999949	-0.00214924
-47.26666615	-0.00220246
-47.23333282	-0.00216884
-47.19999949	-0.00222663
-47.16666615	-0.00216702
-47.13333282	-0.00215295
-47.09999949	-0.00222613
-47.06666615	-0.00213429
-47.03333282	-0.00203451
-46.99999949	-0.00206866
-46.96666616	-0.00202653
-46.93333282	-0.00194644
-46.89999949	-0.00184984
-46.86666616	-0.00177795
-46.83333282	-0.00176243
-46.79999949	-0.00158784
-46.76666616	-0.00162656
-46.73333282	-0.00147308
-46.69999949	-0.00132021
-46.66666616	-0.00134163
-46.63333282	-0.00115416
-46.59999949	-0.00109069
-46.56666616	-0.00105551
-46.53333283	-0.00087613
-46.49999949	-0.00080694
-46.46666616	-0.00062334
-46.43333283	-0.00051312
-46.39999949	-0.00038619
-46.36666616	-0.00009982
-46.33333283	-0.00001776
-46.29999949	0.00006140
-46.26666616	0.00031925
-46.23333283	0.00050505
-46.19999949	0.00064976
-46.16666616	0.00077014
-46.13333283	0.00094888
-46.09999950	0.00112940
-46.06666616	0.00133439
-46.03333283	0.00158615
-45.99999950	0.00182098
-45.96666616	0.00208815
-45.93333283	0.00234553
-45.89999950	0.00252341
-45.86666616	0.00283902
-45.83333283	0.00289004
-45.79999950	0.00314234
-45.76666617	0.00334219
-45.73333283	0.00353981
-45.69999950	0.00386809
-45.66666617	0.00401527
-45.63333283	0.00423581
-45.59999950	0.00453731
-45.56666617	0.00477397
-45.53333283	0.00495792
-45.49999950	0.00523725
-45.46666617	0.00556064
-45.43333283	0.00581580
-45.39999950	0.00604207
-45.36666617	0.00615648
-45.33333284	0.00645626
-45.29999950	0.00664772
-45.26666617	0.00699960
-45.23333284	0.00722948
-45.19999950	0.00758929
-45.16666617	0.00778704
-45.13333284	0.00807853
-45.09999950	0.00834619
-45.06666617	0.00864128
-45.03333284	0.00895362
-44.99999950	0.00925249
-44.96666617	0.00958952
-44.93333284	0.00987980
-44.89999951	0.01015222
-44.86666617	0.01054743
-44.83333284	0.01089392
-44.79999951	0.01127320
-44.76666617	0.01162183
-44.73333284	0.01195851
-44.69999951	0.01244932
-44.66666617	0.01281133
-44.63333284	0.01333607
-44.59999951	0.01378076
-44.56666618	0.01426695
-44.53333284	0.01469400
-44.49999951	0.01505103
-44.46666618	0.01557392
-44.43333284	0.01608362
-44.39999951	0.01651805
-44.36666618	0.01689020
-44.33333284	0.01747916
-44.29999951	0.01781962
-44.26666618	0.01823844
-44.23333284	0.01857191
-44.19999951	0.01885463
-44.16666618	0.01911073
-44.13333285	0.01929886
-44.09999951	0.01928610
-44.06666618	0.01931806
-44.03333285	0.01917363
-43.99999951	0.01899385
-43.96666618	0.01859700
-43.93333285	0.01808418
-43.89999951	0.01750056
-43.86666618	0.01672211
-43.83333285	0.01581214
-43.79999951	0.01459709
-43.76666618	0.01338710
-43.73333285	0.01192078
-43.69999952	0.01019425
-43.66666618	0.00858485
-43.63333285	0.00654397
-43.59999952	0.00452168
-43.56666618	0.00224082
-43.53333285	-0.00015447
-43.49999952	-0.00263495
-43.46666618	-0.00520962
-43.43333285	-0.00783867
-43.39999952	-0.01064588
-43.36666619	-0.01327767
-43.33333285	-0.01611624
-43.29999952	-0.01885804
-43.26666619	-0.02160844
-43.23333285	-0.02437762
-43.19999952	-0.02698288
-43.16666619	-0.02962690
-43.13333285	-0.03190006
-43.09999952	-0.03426679
-43.06666619	-0.03642563
-43.03333285	-0.03849508
-42.99999952	-0.04027615
-42.96666619	-0.04183898
-42.93333286	-0.04343410
-42.89999952	-0.04466260
-42.86666619	-0.04575168
-42.83333286	-0.04655621
-42.79999952	-0.04719879
-42.76666619	-0.04764505
-42.73333286	-0.04782463
-42.69999952	-0.04785542
-42.66666619	-0.04774774
-42.63333286	-0.04725622
-42.59999952	-0.04668052
-42.56666619	-0.04596716
-42.53333286	-0.04515880
-42.49999953	-0.04414892
-42.46666619	-0.04289860
-42.43333286	-0.04169201
-42.39999953	-0.04027976
-42.36666619	-0.03888315
-42.33333286	-0.03722935
-42.29999953	-0.03559536
-42.26666619	-0.03394448
-42.23333286	-0.03215358
-42.19999953	-0.03032792
-42.16666619	-0.02864908
-42.13333286	-0.02672469
-42.09999953	-0.02489868
-42.06666620	-0.02295671
-42.03333286	-0.02114922
-41.99999953	-0.01933827
-41.96666620	-0.01734264
-41.93333286	-0.01562525
-41.89999953	-0.01373605
-41.86666620	-0.01179434
-41.83333286	-0.01008783
-41.79999953	-0.00829775
-41.76666620	-0.00657255
-41.73333287	-0.00485995
-41.69999953	-0.00318958
-41.66666620	-0.00159864
-41.63333287	0.00004104
-41.59999953	0.00160210
-41.56666620	0.00323090
-41.53333287	0.00471810
-41.49999953	0.00610104
-41.46666620	0.00757877
-41.43333287	0.00897002
-41.39999953	0.01028914
-41.36666620	0.01152430
-41.33333287	0.01276196
-41.29999954	0.01398259
-41.26666620	0.01500328
-41.23333287	0.01595754
-41.19999954	0.01686227
-41.16666620	0.01777795
-41.13333287	0.01857225
-41.09999954	0.01908116
-41.06666620	0.01976158
-41.03333287	0.02021771
-40.99999954	0.02065973
-40.96666620	0.02104950
-40.93333287	0.02121513
-40.89999954	0.02126207
-40.86666621	0.02119418
-40.83333287	0.02112346
-40.79999954	0.02076094
-40.76666621	0.02047706
-40.73333287	0.02003469
-40.69999954	0.01948222
-40.66666621	0.01878914
-40.63333287	0.01801244
-40.59999954	0.01716631
-40.56666621	0.01622130
-40.53333288	0.01519145
-40.49999954	0.01408497
-40.46666621	0.01288604
-40.43333288	0.01174225
-40.39999954	0.01058605
-40.36666621	0.00918493
-40.33333288	0.00810292
-40.29999954	0.00681140
-40.26666621	0.00550349
-40.23333288	0.00429596
-40.19999954	0.00313447
-40.16666621	0.00200299
-40.13333288	0.00085763
-40.09999955	-0.00010240
-40.06666621	-0.00098063
-40.03333288	-0.00189303
-39.99999955	-0.00271811
-39.96666621	-0.00334920
-39.93333288	-0.00403068
-39.89999955	-0.00447163
-39.86666621	-0.00485720
-39.83333288	-0.00523183
-39.79999955	-0.00540864
-39.76666621	-0.00554550
-39.73333288	-0.00562604
-39.69999955	-0.00554946
-39.66666622	-0.00541061
-39.63333288	-0.00524887
-39.59999955	-0.00488535
-39.56666622	-0.00450550
-39.53333288	-0.00419874
-39.49999955	-0.00366982
-39.46666622	-0.00324444
-39.43333288	-0.00264891
-39.39999955	-0.00208052
-39.36666622	-0.00149033
-39.33333288	-0.00080607
-39.29999955	-0.00028095
-39.26666622	0.00049489
-39.23333289	0.00102030
-39.19999955	0.00164852
-39.16666622	0.00234236
-39.13333289	0.00284596
-39.09999955	0.00349798
-39.06666622	0.00403175
-39.03333289	0.00463526
-38.99999955	0.00521150
-38.96666622	0.00571052
-38.93333289	0.00616587
-38.89999956	0.00670869
-38.86666622	0.00709225
-38.83333289	0.00741237
-38.79999956	0.00789974
-38.76666622	0.00820027
-38.73333289	0.00850529
-38.69999956	0.00886653
-38.66666622	0.00920074
-38.63333289	0.00957189
-38.59999956	0.00981317
-38.56666622	0.01005219
-38.53333289	0.01029436
-38.49999956	0.01065353
-38.46666623	0.01086701
-38.43333289	0.01116486
-38.39999956	0.01138643
-38.36666623	0.01165344
-38.33333289	0.01172206
-38.29999956	0.01214154
-38.26666623	0.01223090
-38.23333289	0.01231366
-38.19999956	0.01247295
-38.16666623	0.01253190
-38.13333289	0.01274429
-38.09999956	0.01299033
-38.06666623	0.01316972
-38.03333290	0.01323321
-37.99999956	0.01326317
-37.96666623	0.01332558
-37.93333290	0.01333771
-37.89999956	0.01326603
-37.86666623	0.01323967
-37.83333290	0.01317494
-37.79999956	0.01306160
-37.76666623	0.01295813
-37.73333290	0.01281985
-37.69999957	0.01262745
-37.66666623	0.01239508
-37.63333290	0.01206760
-37.59999957	0.01173294
-37.56666623	0.01140128
-37.53333290	0.01103496
-37.49999957	0.01062421
-37.46666623	0.01018892
-37.43333290	0.00967011
-37.39999957	0.00919681
-37.36666623	0.00858030
-37.33333290	0.00812378
-37.29999957	0.00761803
-37.26666624	0.00704487
-37.23333290	0.00651279
-37.19999957	0.00594799
-37.16666624	0.00529974
-37.13333290	0.00484960
-37.09999957	0.00422429
-37.06666624	0.00388330
-37.03333290	0.00336522
-36.99999957	0.00288509
-36.96666624	0.00243290
-36.93333290	0.00209743
-36.89999957	0.00167547
-36.86666624	0.00129438
-36.83333291	0.00103318
-36.79999957	0.00076142
-36.76666624	0.00057273
-36.73333291	0.00034771
-36.69999957	0.00023713
-36.66666624	0.00014305
-36.63333291	0.00011998
-36.59999957	0.00011884
-36.56666624	0.00004069
-36.53333291	0.00009224
-36.49999957	0.00022371
-36.46666624	0.00029742
-36.43333291	0.00035471
-36.39999958	0.00056557
-36.36666624	0.00062868
-36.33333291	0.00071084
-36.29999958	0.00095000
-36.26666624	0.00097578
-36.23333291	0.00117583
-36.19999958	0.00128462
-36.16666624	0.00141938
-36.13333291	0.00153420
-36.09999958	0.00159430
-36.06666625	0.00167310
-36.03333291	0.00178922
-35.99999958	0.00175457
-35.96666625	0.00199625
-35.93333291	0.00201311
-35.89999958	0.00199558
-35.86666625	0.00196727
-35.83333291	0.00198645
-35.79999958	0.00194846
-35.76666625	0.00198924
-35.73333291	0.00178187
-35.69999958	0.00169059
-35.66666625	0.00165232
-35.63333292	0.00165431
-35.59999958	0.00145129
-35.56666625	0.00143779
-35.53333292	0.00118492
-35.49999958	0.00110795
-35.46666625	0.00103077
-35.43333292	0.00094190
-35.39999958	0.00087519
-35.36666625	0.00068576
-35.33333292	0.00066771
-35.29999958	0.00047863
-35.26666625	0.00037497
-35.23333292	0.00020066
-35.19999959	0.00001526
-35.16666625	-0.00007414
-35.13333292	-0.00022359
-35.09999959	-0.00039097
-35.06666625	-0.00048724
-35.03333292	-0.00076476
-34.99999959	-0.00076626
-34.96666625	-0.00094386
-34.93333292	-0.00112728
-34.89999959	-0.00139421
-34.86666626	-0.00157717
-34.83333292	-0.00162581
-34.79999959	-0.00191710
-34.76666626	-0.00225249
-34.73333292	-0.00243144
-34.69999959	-0.00264564
-34.66666626	-0.00282532
-34.63333292	-0.00297112
-34.59999959	-0.00326652
-34.56666626	-0.00351842
-34.53333292	-0.00373790
-34.49999959	-0.00399332
-34.46666626	-0.00431715
-34.43333293	-0.00456440
-34.39999959	-0.00472282
-34.36666626	-0.00516795
-34.33333293	-0.00534532
-34.29999959	-0.00560149
-34.26666626	-0.00583386
-34.23333293	-0.00609889
-34.19999959	-0.00644408
-34.16666626	-0.00667828
-34.13333293	-0.00695334
-34.09999959	-0.00728295
-34.06666626	-0.00743802
-34.03333293	-0.00778822
-33.99999960	-0.00794490
-33.96666626	-0.00824471
-33.93333293	-0.00846442
-33.89999960	-0.00864403
-33.86666626	-0.00888462
-33.83333293	-0.00915449
-33.79999960	-0.00928697
-33.76666626	-0.00945009
-33.73333293	-0.00957060
-33.69999960	-0.00985701
-33.66666626	-0.00989592
-33.63333293	-0.01003803
-33.59999960	-0.01023553
-33.56666627	-0.01021389
-33.53333293	-0.01040055
-33.49999960	-0.01045826
-33.46666627	-0.01055403
-33.43333293	-0.01052679
-33.39999960	-0.01056658
-33.36666627	-0.01050545
-33.33333293	-0.01051809
-33.29999960	-0.01047428
-33.26666627	-0.01041828
-33.23333294	-0.01028345
-33.19999960	-0.01027218
-33.16666627	-0.01020240
-33.13333294	-0.01005056
-33.09999960	-0.00997280
-33.06666627	-0.00984651
-33.03333294	-0.00978385
-32.99999960	-0.00967041
-32.96666627	-0.00959198
-32.93333294	-0.00948881
-32.89999960	-0.00942795
-32.86666627	-0.00935379
-32.83333294	-0.00925843
-32.79999961	-0.00914317
-32.76666627	-0.00911840
-32.73333294	-0.00904984
-32.69999961	-0.00904348
-32.66666627	-0.00899257
-32.63333294	-0.00896632
-32.59999961	-0.00888243
-32.56666627	-0.00877031
-32.53333294	-0.00873496
-32.49999961	-0.00880654
-32.46666627	-0.00871514
-32.43333294	-0.00866894
-32.39999961	-0.00842676
-32.36666628	-0.00847990
-32.33333294	-0.00839018
-32.29999961	-0.00831053
-32.26666628	-0.00825534
-32.23333294	-0.00820051
-32.19999961	-0.00816577
-32.16666628	-0.00810381
-32.13333294	-0.00816917
-32.09999961	-0.00801762
-32.06666628	-0.00804090
-32.03333295	-0.00804182
-31.99999961	-0.00790393
-31.96666628	-0.00787769
-31.93333295	-0.00772682
-31.89999961	-0.00761726
-31.86666628	-0.00759665
-31.83333295	-0.00743516
-31.79999961	-0.00745504
-31.76666628	-0.00729984
-31.73333295	-0.00742189
-31.69999961	-0.00732440
-31.66666628	-0.00715790
-31.63333295	-0.00695995
-31.59999962	-0.00699534
-31.56666628	-0.00695115
-31.53333295	-0.00677658
-31.49999962	-0.00663144
-31.46666628	-0.00652640
-31.43333295	-0.00651460
-31.39999962	-0.00629640
-31.36666628	-0.00611246
-31.33333295	-0.00599396
-31.29999962	-0.00580727
-31.26666628	-0.00573943
-31.23333295	-0.00561838
-31.19999962	-0.00541648
-31.16666629	-0.00526500
-31.13333295	-0.00511818
-31.09999962	-0.00498759
-31.06666629	-0.00491470
-31.03333295	-0.00474968
-30.99999962	-0.00457121
-30.96666629	-0.00436173
-30.93333295	-0.00427527
-30.89999962	-0.00412384
-30.86666629	-0.00387829
-30.83333295	-0.00379212
-30.79999962	-0.00375968
-30.76666629	-0.00365616
-30.73333296	-0.00355630
-30.69999962	-0.00339557
-30.66666629	-0.00334063
-30.63333296	-0.00320783
-30.59999962	-0.00316933
-30.56666629	-0.00309502
-30.53333296	-0.00299595
-30.49999962	-0.00296643
-30.46666629	-0.00287258
-30.43333296	-0.00282624
-30.39999963	-0.00275326
-30.36666629	-0.00275581
-30.33333296	-0.00271014
-30.29999963	-0.00269554
-30.26666629	-0.00261802
-30.23333296	-0.00256908
-30.19999963	-0.00249686
-30.16666629	-0.00244620
-30.13333296	-0.00242325
-30.09999963	-0.00232458
-30.06666629	-0.00222951
-30.03333296	-0.00230536
-29.99999963	-0.00221739
-29.96666630	-0.00220270
-29.93333296	-0.00216629
-29.89999963	-0.00220463
-29.86666630	-0.00208453
-29.83333296	-0.00206135
-29.79999963	-0.00212315
-29.76666630	-0.00200811
-29.73333296	-0.00200643
-29.69999963	-0.00198901
-29.66666630	-0.00195075
-29.63333296	-0.00192981
-29.59999963	-0.00202640
-29.56666630	-0.00186727
-29.53333297	-0.00193760
-29.49999963	-0.00191376
-29.46666630	-0.00186324
-29.43333297	-0.00195088
-29.39999963	-0.00195241
-29.36666630	-0.00194303
-29.33333297	-0.00192742
-29.29999963	-0.00184935
-29.26666630	-0.00185909
-29.23333297	-0.00182852
-29.19999964	-0.00184884
-29.16666630	-0.00174531
-29.13333297	-0.00171800
-29.09999964	-0.00164901
-29.06666630	-0.00163268
-29.03333297	-0.00163743
-28.99999964	-0.00157162
-28.96666630	-0.00149884
-28.93333297	-0.00141217
-28.89999964	-0.00135048
-28.86666630	-0.00125223
-28.83333297	-0.00123562
-28.79999964	-0.00108869
-28.76666631	-0.00106461
-28.73333297	-0.00104448
-28.69999964	-0.00090078
-28.66666631	-0.00086836
-28.63333297	-0.00075670
-28.59999964	-0.00075737
-28.56666631	-0.00062934
-28.53333297	-0.00061871
-28.49999964	-0.00055159
-28.46666631	-0.00047332
-28.43333297	-0.00043766
-28.39999964	-0.00040690
-28.36666631	-0.00030848
-28.33333298	-0.00028479
-28.29999964	-0.00018525
-28.26666631	-0.00025156
-28.23333298	-0.00023930
-28.19999964	-0.00023154
-28.16666631	-0.00030088
-28.13333298	-0.00028224
-28.09999964	-0.00022093
-28.06666631	-0.00033600
-28.03333298	-0.00027079
-27.99999965	-0.00013655
-27.96666631	-0.00018062
-27.93333298	0.00002703
-27.89999965	-0.00020057
-27.86666631	-0.00017357
-27.83333298	-0.00016962
-27.79999965	-0.00010564
-27.76666631	-0.00003867
-27.73333298	-0.00004819
-27.69999965	0.00003445
-27.66666631	0.00008511
-27.63333298	0.00012222
-27.59999965	0.00016823
-27.56666632	0.00014072
-27.53333298	0.00012642
-27.49999965	0.00015922
-27.46666632	0.00021323
-27.43333298	0.00038813
-27.39999965	0.00027880
-27.36666632	0.00031882
-27.33333298	0.00038851
-27.29999965	0.00039117
-27.26666632	0.00041002
-27.23333298	0.00050536
-27.19999965	0.00043224
-27.16666632	0.00043843
-27.13333299	0.00045074
-27.09999965	0.00052979
-27.06666632	0.00050105
-27.03333299	0.00046003
-26.99999965	0.00054695
-26.96666632	0.00046643
-26.93333299	0.00046053
-26.89999965	0.00041621
-26.86666632	0.00041881
-26.83333299	0.00035967
-26.79999965	0.00026111
-26.76666632	0.00020067
-26.73333299	0.00000944
-26.69999966	-0.00000744
-26.66666632	-0.00011489
-26.63333299	-0.00014397
-26.59999966	-0.00032791
-26.56666632	-0.00034719
-26.53333299	-0.00050282
-26.49999966	-0.00067333
-26.46666632	-0.00072661
-26.43333299	-0.00089508
-26.39999966	-0.00101332
-26.36666633	-0.00106994
-26.33333299	-0.00104243
-26.29999966	-0.00109686
-26.26666633	-0.00120181
-26.23333299	-0.00125879
-26.19999966	-0.00123593
-26.16666633	-0.00131657
-26.13333299	-0.00131230
-26.09999966	-0.00131229
-26.06666633	-0.00141450
-26.03333299	-0.00140430
-25.99999966	-0.00140888
-25.96666633	-0.00154920
-25.93333300	-0.00151825
-25.89999966	-0.00142370
-25.86666633	-0.00150271
-25.83333300	-0.00147898
-25.79999966	-0.00143576
-25.76666633	-0.00155501
-25.73333300	-0.00165818
-25.69999966	-0.00170865
-25.66666633	-0.00160220
-25.63333300	-0.00166095
-25.59999966	-0.00169754
-25.56666633	-0.00170458
-25.53333300	-0.00177853
-25.49999967	-0.00184884
-25.46666633	-0.00185433
-25.43333300	-0.00186903
-25.39999967	-0.00184140
-25.36666633	-0.00196461
-25.33333300	-0.00191305
-25.29999967	-0.00213117
-25.26666633	-0.00210539
-25.23333300	-0.00204976
-25.19999967	-0.00227982
-25.16666634	-0.00227953
-25.13333300	-0.00223498
-25.09999967	-0.00233017
-25.06666634	-0.00243519
-25.03333300	-0.00247071
-24.99999967	-0.00246982
-24.96666634	-0.00247249
-24.93333300	-0.00253764
-24.89999967	-0.00255901
-24.86666634	-0.00277049
-24.83333300	-0.00275174
-24.79999967	-0.00286457
-24.76666634	-0.00285316
-24.73333301	-0.00279957
-24.69999967	-0.00285725
-24.66666634	-0.00292991
-24.63333301	-0.00289060
-24.59999967	-0.00284246
-24.56666634	-0.00297949
-24.53333301	-0.00295606
-24.49999967	-0.00294102
-24.46666634	-0.00304704
-24.43333301	-0.00309899
-24.39999967	-0.00312838
-24.36666634	-0.00315013
-24.33333301	-0.00315900
-24.29999968	-0.00315748
-24.26666634	-0.00316086
-24.23333301	-0.00328419
-24.19999968	-0.00331691
-24.16666634	-0.00331761
-24.13333301	-0.00336071
-24.09999968	-0.00339012
-24.06666634	-0.00323931
-24.03333301	-0.00329305
-23.99999968	-0.00324719
-23.96666634	-0.00320992
-23.93333301	-0.00314748
-23.89999968	-0.00317665
-23.86666635	-0.00315859
-23.83333301	-0.00308504
-23.79999968	-0.00303840
-23.76666635	-0.00297790
-23.73333301	-0.00288163
-23.69999968	-0.00283928
-23.66666635	-0.00269866
-23.63333301	-0.00259151
-23.59999968	-0.00259720
-23.56666635	-0.00252966
-23.53333302	-0.00252568
-23.49999968	-0.00234159
-23.46666635	-0.00236937
-23.43333302	-0.00211043
-23.39999968	-0.00213034
-23.36666635	-0.00209536
-23.33333302	-0.00204361
-23.29999968	-0.00204010
-23.26666635	-0.00193304
-23.23333302	-0.00198765
-23.19999968	-0.00193747
-23.16666635	-0.00189969
-23.13333302	-0.00192468
-23.09999969	-0.00183420
-23.06666635	-0.00192477
-23.03333302	-0.00197101
-22.99999969	-0.00180049
-22.96666635	-0.00195278
-22.93333302	-0.00202661
-22.89999969	-0.00208472
-22.86666635	-0.00209179
-22.83333302	-0.00215956
-22.79999969	-0.00218333
-22.76666635	-0.00232781
-22.73333302	-0.00241087
-22.69999969	-0.00244336
-22.66666636	-0.00250402
-22.63333302	-0.00262297
-22.59999969	-0.00254806
-22.56666636	-0.00261984
-22.53333302	-0.00272700
-22.49999969	-0.00273673
-22.46666636	-0.00279390
-22.43333302	-0.00289791
-22.39999969	-0.00295078
-22.36666636	-0.00298410
-22.33333303	-0.00307121
-22.29999969	-0.00304096
-22.26666636	-0.00307482
-22.23333303	-0.00311980
-22.19999969	-0.00315920
-22.16666636	-0.00329371
-22.13333303	-0.00322413
-22.09999969	-0.00329574
-22.06666636	-0.00322013
-22.03333303	-0.00339685
-21.99999969	-0.00334432
-21.96666636	-0.00335713
-21.93333303	-0.00349376
-21.89999970	-0.00351487
-21.86666636	-0.00350004
-21.83333303	-0.00350264
-21.79999970	-0.00347133
-21.76666636	-0.00353259
-21.73333303	-0.00363623
-21.69999970	-0.00362657
-21.66666636	-0.00365140
-21.63333303	-0.00376257
-21.59999970	-0.00358143
-21.56666636	-0.00370878
-21.53333303	-0.00376917
-21.49999970	-0.00376023
-21.46666637	-0.00371047
-21.43333303	-0.00373932
-21.39999970	-0.00378811
-21.36666637	-0.00394583
-21.33333303	-0.00392894
-21.29999970	-0.00389990
-21.26666637	-0.00402759
-21.23333303	-0.00412506
-21.19999970	-0.00401714
-21.16666637	-0.00416877
-21.13333303	-0.00415580
-21.09999970	-0.00423466
-21.06666637	-0.00422970
-21.03333304	-0.00424416
-20.99999970	-0.00431302
-20.96666637	-0.00436430
-20.93333304	-0.00434128
-20.89999970	-0.00437558
-20.86666637	-0.00452340
-20.83333304	-0.00455733
-20.79999970	-0.00461394
-20.76666637	-0.00450781
-20.73333304	-0.00450366
-20.69999971	-0.00456720
-20.66666637	-0.00449303
-20.63333304	-0.00448378
-20.59999971	-0.00441811
-20.56666637	-0.00442588
-20.53333304	-0.00447816
-20.49999971	-0.00427678
-20.46666637	-0.00432163
-20.43333304	-0.00419934
-20.39999971	-0.00418786
-20.36666637	-0.00414769
-20.33333304	-0.00403367
-20.29999971	-0.00400835
-20.26666638	-0.00396915
-20.23333304	-0.00386024
-20.19999971	-0.00372759
-20.16666638	-0.00363416
-20.13333304	-0.00343728
-20.09999971	-0.00348632
-20.06666638	-0.00334520
-20.03333304	-0.00328408
-19.99999971	-0.00328663
-19.96666638	-0.00310469
-19.93333304	-0.00309339
-19.89999971	-0.00311695
-19.86666638	-0.00291785
-19.83333305	-0.00282164
-19.79999971	-0.00278198
-19.76666638	-0.00259102
-19.73333305	-0.00262136
-19.69999971	-0.00252038
-19.66666638	-0.00243525
-19.63333305	-0.00252619
-19.59999971	-0.00243627
-19.56666638	-0.00249120
-19.53333305	-0.00239086
-19.49999972	-0.00238126
-19.46666638	-0.00233181
-19.43333305	-0.00217843
-19.39999972	-0.00216705
-19.36666638	-0.00222224
-19.33333305	-0.00216377
-19.29999972	-0.00218064
-19.26666638	-0.00203852
-19.23333305	-0.00203441
-19.19999972	-0.00207457
-19.16666638	-0.00208160
-19.13333305	-0.00206906
-19.09999972	-0.00206453
-19.06666639	-0.00203344
-19.03333305	-0.00201817
-18.99999972	-0.00207973
-18.96666639	-0.00193701
-18.93333305	-0.00195745
-18.89999972	-0.00182391
-18.86666639	-0.00196554
-18.83333305	-0.00184420
-18.79999972	-0.00196005
-18.76666639	-0.00187689
-18.73333305	-0.00186010
-18.69999972	-0.00178367
-18.66666639	-0.00174498
-18.63333306	-0.00168224
-18.59999972	-0.00168793
-18.56666639	-0.00164319
-18.53333306	-0.00148999
-18.49999972	-0.00144218
-18.46666639	-0.00137124
-18.43333306	-0.00134209
-18.39999972	-0.00131755
-18.36666639	-0.00125522
-18.33333306	-0.00119735
-18.29999972	-0.00118967
-18.26666639	-0.00114380
-18.23333306	-0.00106142
-18.19999973	-0.00100697
-18.16666639	-0.00089465
-18.13333306	-0.00082946
-18.09999973	-0.00085162
-18.06666639	-0.00074098
-18.03333306	-0.00065475
-17.99999973	-0.00062087
-17.96666639	-0.00051093
-17.93333306	-0.00040801
-17.89999973	-0.00037120
-17.86666640	-0.00039220
-17.83333306	-0.00040584
-17.79999973	-0.00018455
-17.76666640	-0.00031937
-17.73333306	-0.00014760
-17.69999973	-0.00007197
-17.66666640	0.00012804
-17.63333306	0.00006173
-17.59999973	0.00014183
-17.56666640	0.00011743
-17.53333306	0.00020630
-17.49999973	0.00038319
-17.46666640	0.00044070
-17.43333307	0.00041010
-17.39999973	0.00054192
-17.36666640	0.00056454
-17.33333307	0.00064804
-17.29999973	0.00073915
-17.26666640	0.00078145
-17.23333307	0.00090275
-17.19999973	0.00102900
-17.16666640	0.00107545
-17.13333307	0.00124288
-17.09999973	0.00130820
-17.06666640	0.00134671
-17.03333307	0.00157114
-16.99999974	0.00162777
-16.96666640	0.00175512
-16.93333307	0.00170731
-16.89999974	0.00194469
-16.86666640	0.00201812
-16.83333307	0.00200553
-16.79999974	0.00217819
-16.76666640	0.00227155
-16.73333307	0.00233096
-16.69999974	0.00244113
-16.66666641	0.00251314
-16.63333307	0.00254862
-16.59999974	0.00270086
-16.56666641	0.00276241
-16.53333307	0.00285022
-16.49999974	0.00298027
-16.46666641	0.00304303
-16.43333307	0.00313244
-16.39999974	0.00318334
-16.36666641	0.00326292
-16.33333307	0.00334006
-16.29999974	0.00346885
-16.26666641	0.00346183
-16.23333308	0.00350821
-16.19999974	0.00364852
-16.16666641	0.00370925
-16.13333308	0.00375620
-16.09999974	0.00390914
-16.06666641	0.00391054
-16.03333308	0.00388473
-15.99999974	0.00390605
-15.96666641	0.00407051
-15.93333308	0.00405568
-15.89999974	0.00407649
-15.86666641	0.00415026
-15.83333308	0.00424354
-15.79999975	0.00422127
-15.76666641	0.00426350
-15.73333308	0.00436922
-15.69999975	0.00426552
-15.66666641	0.00432755
-15.63333308	0.00441388
-15.59999975	0.00448193
-15.56666641	0.00451208
-15.53333308	0.00442264
-15.49999975	0.00441232
-15.46666642	0.00448458
-15.43333308	0.00444967
-15.39999975	0.00452005
-15.36666642	0.00451488
-15.33333308	0.00446933
-15.29999975	0.00455588
-15.26666642	0.00456074
-15.23333308	0.00446758
-15.19999975	0.00444732
-15.16666642	0.00446828
-15.13333308	0.00459165
-15.09999975	0.00471689
-15.06666642	0.00465391
-15.03333309	0.00470799
-14.99999975	0.00479883
-14.96666642	0.00484754
-14.93333309	0.00491446
-14.89999975	0.00499581
-14.86666642	0.00499417
-14.83333309	0.00498284
-14.79999975	0.00513626
-14.76666642	0.00520094
-14.73333309	0.00524268
-14.69999975	0.00531692
-14.66666642	0.00544889
-14.63333309	0.00543898
-14.59999976	0.00544920
-14.56666642	0.00545876
-14.53333309	0.00549547
-14.49999976	0.00544966
-14.46666642	0.00546575
-14.43333309	0.00556557
-14.39999976	0.00554481
-14.36666642	0.00568676
-14.33333309	0.00566127
-14.29999976	0.00564456
-14.26666642	0.00576984
-14.23333309	0.00568446
-14.19999976	0.00577630
-14.16666643	0.00582101
-14.13333309	0.00579186
-14.09999976	0.00578374
-14.06666643	0.00569232
-14.03333309	0.00574719
-13.99999976	0.00581341
-13.96666643	0.00572636
-13.93333309	0.00581756
-13.89999976	0.00574196
-13.86666643	0.00574946
-13.83333310	0.00571440
-13.79999976	0.00570447
-13.76666643	0.00572451
-13.73333310	0.00583816
-13.69999976	0.00566318
-13.66666643	0.00579908
-13.63333310	0.00568636
-13.59999976	0.00567868
-13.56666643	0.00568668
-13.53333310	0.00570622
-13.49999976	0.00562260
-13.46666643	0.00563483
-13.43333310	0.00555215
-13.39999977	0.00561162
-13.36666643	0.00558983
-13.33333310	0.00560186
-13.29999977	0.00556653
-13.26666643	0.00554243
-13.23333310	0.00551866
-13.19999977	0.00547258
-13.16666643	0.00555879
-13.13333310	0.00545895
-13.09999977	0.00547358
-13.06666643	0.00544955
-13.03333310	0.00550669
-12.99999977	0.00536303
-12.96666644	0.00542175
-12.93333310	0.00532857
-12.89999977	0.00531408
-12.86666644	0.00526909
-12.83333310	0.00547278
-12.79999977	0.00539441
-12.76666644	0.00530664
-12.73333310	0.00542783
-12.69999977	0.00534355
-12.66666644	0.00545685
-12.63333311	0.00543288
-12.59999977	0.00545455
-12.56666644	0.00534580
-12.53333311	0.00530024
-12.49999977	0.00518014
-12.46666644	0.00513600
-12.43333311	0.00519622
-12.39999977	0.00514255
-12.36666644	0.00509299
-12.33333311	0.00504962
-12.29999977	0.00499172
-12.26666644	0.00486847
-12.23333311	0.00483914
-12.19999978	0.00477680
-12.16666644	0.00479172
-12.13333311	0.00475569
-12.09999978	0.00461186
-12.06666644	0.00457565
-12.03333311	0.00456000
-11.99999978	0.00444536
-11.96666644	0.00441646
-11.93333311	0.00435389
-11.89999978	0.00428308
-11.86666644	0.00428508
-11.83333311	0.00424307
-11.79999978	0.00413621
-11.76666645	0.00406285
-11.73333311	0.00403766
-11.69999978	0.00396711
-11.66666645	0.00395024
-11.63333311	0.00402919
-11.59999978	0.00394011
-11.56666645	0.00390672
-11.53333311	0.00398614
-11.49999978	0.00388165
-11.46666645	0.00386256
-11.43333311	0.00383685
-11.39999978	0.00379611
-11.36666645	0.00394287
-11.33333312	0.00392953
-11.29999978	0.00382834
-11.26666645	0.00386208
-11.23333312	0.00374813
-11.19999978	0.00386600
-11.16666645	0.00380912
-11.13333312	0.00384555
-11.09999978	0.00382725
-11.06666645	0.00379583
-11.03333312	0.00376846
-10.99999979	0.00363742
-10.96666645	0.00367739
-10.93333312	0.00371533
-10.89999979	0.00357423
-10.86666645	0.00360796
-10.83333312	0.00352536
-10.79999979	0.00354138
-10.76666645	0.00338809
-10.73333312	0.00346324
-10.69999979	0.00336930
-10.66666645	0.00323648
-10.63333312	0.00310935
-10.59999979	0.00291617
-10.56666646	0.00288820
-10.53333312	0.00279588
-10.49999979	0.00270977
-10.46666646	0.00265482
-10.43333312	0.00253313
-10.39999979	0.00240498
-10.36666646	0.00234523
-10.33333312	0.00212553
-10.29999979	0.00198916
-10.26666646	0.00191778
-10.23333312	0.00177839
-10.19999979	0.00160207
-10.16666646	0.00138206
-10.13333313	0.00121728
-10.09999979	0.00111812
-10.06666646	0.00096333
-10.03333313	0.00083467
-9.99999979	0.00065542
-9.96666646	0.00055626
-9.93333313	0.00035363
-9.89999979	0.00019433
-9.86666646	0.00016079
-9.83333313	-0.00001414
-9.79999980	-0.00022323
-9.76666646	-0.00035674
-9.73333313	-0.00050989
-9.69999980	-0.00059508
-9.66666646	-0.00071630
-9.63333313	-0.00091120
-9.59999980	-0.00107789
-9.56666646	-0.00122619
-9.53333313	-0.00137039
-9.49999980	-0.00142071
-9.46666646	-0.00167849
-9.43333313	-0.00187032
-9.39999980	-0.00189595
-9.36666647	-0.00199965
-9.33333313	-0.00202156
-9.29999980	-0.00222852
-9.26666647	-0.00228499
-9.23333313	-0.00246270
-9.19999980	-0.00255341
-9.16666647	-0.00263169
-9.13333313	-0.00279873
-9.09999980	-0.00294011
-9.06666647	-0.00308564
-9.03333313	-0.00329601
-8.99999980	-0.00324577
-8.96666647	-0.00341318
-8.93333314	-0.00346265
-8.89999980	-0.00376183
-8.86666647	-0.00368081
-8.83333314	-0.00374376
-8.79999980	-0.00395502
-8.76666647	-0.00403456
-8.73333314	-0.00421525
-8.69999980	-0.00417928
-8.66666647	-0.00429076
-8.63333314	-0.00439693
-8.59999980	-0.00440033
-8.56666647	-0.00456360
-8.53333314	-0.00453322
-8.49999981	-0.00457526
-8.46666647	-0.00472933
-8.43333314	-0.00484225
-8.39999981	-0.00494408
-8.36666647	-0.00498357
-8.33333314	-0.00515580
-8.29999981	-0.00508949
-8.26666647	-0.00520126
-8.23333314	-0.00533215
-8.19999981	-0.00530748
-8.16666648	-0.00544781
-8.13333314	-0.00552691
-8.09999981	-0.00555552
-8.06666648	-0.00575187
-8.03333314	-0.00571640
-7.99999981	-0.00568162
-7.96666648	-0.00585787
-7.93333314	-0.00587480
-7.89999981	-0.00597958
-7.86666648	-0.00602890
-7.83333314	-0.00606691
-7.79999981	-0.00608813
-7.76666648	-0.00620319
-7.73333315	-0.00627164
-7.69999981	-0.00630569
-7.66666648	-0.00634605
-7.63333315	-0.00631238
-7.59999981	-0.00632558
-7.56666648	-0.00639494
-7.53333315	-0.00650190
-7.49999981	-0.00653141
-7.46666648	-0.00668234
-7.43333315	-0.00662767
-7.39999981	-0.00662336
-7.36666648	-0.00669967
-7.33333315	-0.00669636
-7.29999982	-0.00679320
-7.26666648	-0.00681415
-7.23333315	-0.00686411
-7.19999982	-0.00695144
-7.16666648	-0.00706188
-7.13333315	-0.00701886
-7.09999982	-0.00709221
-7.06666648	-0.00704549
-7.03333315	-0.00721427
-6.99999982	-0.00728999
-6.96666649	-0.00729467
-6.93333315	-0.00745007
-6.89999982	-0.00750513
-6.86666649	-0.00746809
-6.83333315	-0.00759777
-6.79999982	-0.00763039
-6.76666649	-0.00768489
-6.73333315	-0.00769452
-6.69999982	-0.00774949
-6.66666649	-0.00783796
-6.63333315	-0.00788840
-6.59999982	-0.00778187
-6.56666649	-0.00788377
-6.53333316	-0.00783044
-6.49999982	-0.00783676
-6.46666649	-0.00791240
-6.43333316	-0.00795574
-6.39999982	-0.00794202
-6.36666649	-0.00796805
-6.33333316	-0.00792956
-6.29999982	-0.00786511
-6.26666649	-0.00790117
-6.23333316	-0.00783410
-6.19999982	-0.00781369
-6.16666649	-0.00771629
-6.13333316	-0.00774868
-6.09999983	-0.00764369
-6.06666649	-0.00762735
-6.03333316	-0.00754301
-5.99999983	-0.00743356
-5.96666649	-0.00731605
-5.93333316	-0.00726336
-5.89999983	-0.00711783
-5.86666649	-0.00707767
-5.83333316	-0.00697049
-5.79999983	-0.00676179
-5.76666649	-0.00661422
-5.73333316	-0.00648686
-5.69999983	-0.00639285
-5.66666650	-0.00633420
-5.63333316	-0.00613703
-5.59999983	-0.00607952
-5.56666650	-0.00590945
-5.53333316	-0.00587968
-5.49999983	-0.00565382
-5.46666650	-0.00561846
-5.43333316	-0.00555010
-5.39999983	-0.00540301
-5.36666650	-0.00529660
-5.33333317	-0.00518960
-5.29999983	-0.00515330
-5.26666650	-0.00505818
-5.23333317	-0.00505887
-5.19999983	-0.00485471
-5.16666650	-0.00479468
-5.13333317	-0.00473869
-5.09999983	-0.00465330
-5.06666650	-0.00453806
-5.03333317	-0.00457213
-4.99999983	-0.00445922
-4.96666650	-0.00445559
-4.93333317	-0.00451052
-4.89999984	-0.00450139
-4.86666650	-0.00432487
-4.83333317	-0.00435330
-4.79999984	-0.00435285
-4.76666650	-0.00428425
-4.73333317	-0.00428996
-4.69999984	-0.00439442
-4.66666650	-0.00437587
-4.63333317	-0.00447614
-4.59999984	-0.00445937
-4.56666650	-0.00445001
-4.53333317	-0.00458886
-4.49999984	-0.00456804
-4.46666651	-0.00465856
-4.43333317	-0.00468150
-4.39999984	-0.00462851
-4.36666651	-0.00475838
-4.33333317	-0.00479394
-4.29999984	-0.00480296
-4.26666651	-0.00495398
-4.23333317	-0.00501434
-4.19999984	-0.00508232
-4.16666651	-0.00517343
-4.13333318	-0.00523794
-4.09999984	-0.00532401
-4.06666651	-0.00529579
-4.03333318	-0.00540971
-3.99999984	-0.00562731
-3.96666651	-0.00567048
-3.93333318	-0.00572623
-3.89999984	-0.00587172
-3.86666651	-0.00596662
-3.83333318	-0.00592615
-3.79999984	-0.00605732
-3.76666651	-0.00615725
-3.73333318	-0.00630165
-3.69999985	-0.00628355
-3.66666651	-0.00637204
-3.63333318	-0.00624144
-3.59999985	-0.00657697
-3.56666651	-0.00652708
-3.53333318	-0.00663082
-3.49999985	-0.00666306
-3.46666651	-0.00666123
-3.43333318	-0.00671996
-3.39999985	-0.00670558
-3.36666651	-0.00664777
-3.33333318	-0.00673908
-3.29999985	-0.00676484
-3.26666652	-0.00681680
-3.23333318	-0.00671069
-3.19999985	-0.00670573
-3.16666652	-0.00675979
-3.13333318	-0.00674680
-3.09999985	-0.00662024
-3.06666652	-0.00658621
-3.03333318	-0.00648951
-2.99999985	-0.00647059
-2.96666652	-0.00621294
-2.93333319	-0.00614638
-2.89999985	-0.00602128
-2.86666652	-0.00594279
-2.83333319	-0.00577414
-2.79999985	-0.00571665
-2.76666652	-0.00560841
-2.73333319	-0.00541745
-2.69999985	-0.00530810
-2.66666652	-0.00502817
-2.63333319	-0.00479504
-2.59999985	-0.00474618
-2.56666652	-0.00454054
-2.53333319	-0.00431284
-2.49999986	-0.00414573
-2.46666652	-0.00392745
-2.43333319	-0.00363440
-2.39999986	-0.00349560
-2.36666652	-0.00322299
-2.33333319	-0.00297111
-2.29999986	-0.00278963
-2.26666652	-0.00243891
-2.23333319	-0.00222025
-2.19999986	-0.00190869
-2.16666652	-0.00168360
-2.13333319	-0.00145394
-2.09999986	-0.00122165
-2.06666653	-0.00089530
-2.03333319	-0.00059550
-1.99999986	-0.00022849
-1.96666653	0.00002708
-1.93333319	0.00039120
-1.89999986	0.00070619
-1.86666653	0.00106129
-1.83333319	0.00118427
-1.79999986	0.00141721
-1.76666653	0.00172293
-1.73333319	0.00196332
-1.69999986	0.00228936
-1.66666653	0.00261932
-1.63333320	0.00272535
-1.59999986	0.00301786
-1.56666653	0.00321025
-1.53333320	0.00341326
-1.49999986	0.00357612
-1.46666653	0.00386424
-1.43333320	0.00396312
-1.39999986	0.00418552
-1.36666653	0.00435502
-1.33333320	0.00458901
-1.29999987	0.00485816
-1.26666653	0.00507769
-1.23333320	0.00533233
-1.19999987	0.00537450
-1.16666653	0.00556254
-1.13333320	0.00576820
-1.09999987	0.00601294
-1.06666653	0.00608406
-1.03333320	0.00632533
-0.99999987	0.00663864
-0.96666653	0.00671032
-0.93333320	0.00692026
-0.89999987	0.00697704
-0.86666654	0.00717654
-0.83333320	0.00733002
-0.79999987	0.00749630
-0.76666654	0.00766669
-0.73333320	0.00780634
-0.69999987	0.00796704
-0.66666654	0.00809886
-0.63333320	0.00830118
-0.59999987	0.00837100
-0.56666654	0.00850868
-0.53333320	0.00853861
-0.49999987	0.00871928
-0.46666654	0.00883683
-0.43333321	0.00911908
-0.39999987	0.00926115
-0.36666654	0.00936615
-0.33333321	0.00951351
-0.29999987	0.00961501
-0.26666654	0.00969551
-0.23333321	0.00999661
-0.19999987	0.01014300
-0.16666654	0.01034751
-0.13333321	0.01045787
-0.09999988	0.01066716
-0.06666654	0.01085987
-0.03333321	0.01099598
0.00000012	0.01106688
0.03333346	0.01135474
0.06666679	0.01148933
0.10000012	0.01161151
0.13333346	0.01179010
0.16666679	0.01197133
0.20000012	0.01212423
0.23333346	0.01237477
0.26666679	0.01249353
0.30000012	0.01268015
0.33333345	0.01278981
0.36666679	0.01303808
0.40000012	0.01318024
0.43333345	0.01340011
0.46666679	0.01358951
0.50000012	0.01368203
0.53333345	0.01385459
0.56666679	0.01405175
0.60000012	0.01423928
0.63333345	0.01436808
0.66666679	0.01456295
0.70000012	0.01467196
0.73333345	0.01489191
0.76666678	0.01497921
0.80000012	0.01516081
0.83333345	0.01527503
0.86666678	0.01540153
0.90000012	0.01560502
0.93333345	0.01558944
0.96666678	0.01564525
1.00000012	0.01581590
1.03333345	0.01581745
1.06666678	0.01594593
1.10000012	0.01600338
1.13333345	0.01599881
1.16666678	0.01604232
1.20000011	0.01604351
1.23333345	0.01614481
1.26666678	0.01617301
1.30000011	0.01622648
1.33333345	0.01616065
1.36666678	0.01611108
1.40000011	0.01611610
1.43333345	0.01607187
1.46666678	0.01602255
1.50000011	0.01602422
1.53333344	0.01599989
1.56666678	0.01595784
1.60000011	0.01591559
1.63333344	0.01578575
1.66666678	0.01571838
1.70000011	0.01565455
1.73333344	0.01559934
1.76666678	0.01556434
1.80000011	0.01551682
1.83333344	0.01537030
1.86666678	0.01523000
1.90000011	0.01511216
1.93333344	0.01503779
1.96666677	0.01493180
2.00000011	0.01489206
2.03333344	0.01455954
2.06666677	0.01443903
2.10000011	0.01419625
2.13333344	0.01403504
2.16666677	0.01390443
2.20000011	0.01368436
2.23333344	0.01353350
2.26666677	0.01339105
2.30000011	0.01319251
2.33333344	0.01295346
2.36666677	0.01276400
2.40000010	0.01247797
2.43333344	0.01220274
2.46666677	0.01199450
2.50000010	0.01189953
2.53333344	0.01161727
2.56666677	0.01133982
2.60000010	0.01124880
2.63333344	0.01096060
2.66666677	0.01076348
2.70000010	0.01064555
2.73333343	0.01043333
2.76666677	0.01019852
2.80000010	0.00994057
2.83333343	0.00978485
2.86666677	0.00968436
2.90000010	0.00930845
2.93333343	0.00910883
2.96666677	0.00900808
3.00000010	0.00875415
3.03333343	0.00859305
3.06666677	0.00853978
3.10000010	0.00831511
3.13333343	0.00807047
3.16666676	0.00793813
3.20000010	0.00794820
3.23333343	0.00772761
3.26666676	0.00749459
3.30000010	0.00727851
3.33333343	0.00721440
3.36666676	0.00713578
3.40000010	0.00691321
3.43333343	0.00681802
3.46666676	0.00675177
3.50000010	0.00662443
3.53333343	0.00656027
3.56666676	0.00645301
3.60000009	0.00628054
3.63333343	0.00630696
3.66666676	0.00612713
3.70000009	0.00597688
3.73333343	0.00605403
3.76666676	0.00584180
3.80000009	0.00573404
3.83333343	0.00562867
3.86666676	0.00546773
3.90000009	0.00533526
3.93333343	0.00529531
3.96666676	0.00525814
4.00000009	0.00518643
4.03333342	0.00506334
4.06666676	0.00486967
4.10000009	0.00489948
4.13333342	0.00464026
4.16666676	0.00449751
4.20000009	0.00446148
4.23333342	0.00426881
4.26666676	0.00423744
4.30000009	0.00403093
4.33333342	0.00401218
4.36666675	0.00380035
4.40000009	0.00370747
4.43333342	0.00355199
4.46666675	0.00352248
4.50000009	0.00343455
4.53333342	0.00330067
4.56666675	0.00317632
4.60000009	0.00305988
4.63333342	0.00294839
4.66666675	0.00285428
4.70000009	0.00269874
4.73333342	0.00254511
4.76666675	0.00242294
4.80000008	0.00230055
4.83333342	0.00211947
4.86666675	0.00200977
4.90000008	0.00198598
4.93333342	0.00190101
4.96666675	0.00165084
5.00000008	0.00160528
5.03333342	0.00135423
5.06666675	0.00123452
5.10000008	0.00109209
5.13333342	0.00099465
5.16666675	0.00094133
5.20000008	0.00081030
5.23333341	0.00066168
5.26666675	0.00051012
5.30000008	0.00034769
5.33333341	0.00015256
5.36666675	0.00012805
5.40000008	-0.00005872
5.43333341	-0.00016278
5.46666675	-0.00030025
5.50000008	-0.00044602
5.53333341	-0.00044420
5.56666674	-0.00059863
5.60000008	-0.00072869
5.63333341	-0.00080804
5.66666674	-0.00089089
5.70000008	-0.00096858
5.73333341	-0.00111119
5.76666674	-0.00123068
5.80000008	-0.00131294
5.83333341	-0.00140229
5.86666674	-0.00151968
5.90000008	-0.00140796
5.93333341	-0.00153913
5.96666674	-0.00152385
6.00000007	-0.00162882
6.03333341	-0.00157932
6.06666674	-0.00161938
6.10000007	-0.00165530
6.13333341	-0.00171071
6.16666674	-0.00166820
6.20000007	-0.00161297
6.23333341	-0.00159989
6.26666674	-0.00164400
6.30000007	-0.00148609
6.33333341	-0.00148050
6.36666674	-0.00159383
6.40000007	-0.00146620
6.43333340	-0.00162290
6.46666674	-0.00159553
6.50000007	-0.00146791
6.53333340	-0.00152622
6.56666674	-0.00138807
6.60000007	-0.00140705
6.63333340	-0.00140285
6.66666674	-0.00139130
6.70000007	-0.00146773
6.73333340	-0.00146348
6.76666674	-0.00151506
6.80000007	-0.00145626
6.83333340	-0.00149914
6.86666673	-0.00141408
6.90000007	-0.00144239
6.93333340	-0.00147525
6.96666673	-0.00160022
7.00000007	-0.00153980
7.03333340	-0.00153124
7.06666673	-0.00155769
7.10000007	-0.00166935
7.13333340	-0.00162561
7.16666673	-0.00178264
7.20000006	-0.00180561
7.23333340	-0.00177415
7.26666673	-0.00182344
7.30000006	-0.00187317
7.33333340	-0.00192115
7.36666673	-0.00188544
7.40000006	-0.00191364
7.43333340	-0.00203399
7.46666673	-0.00206161
7.50000006	-0.00212916
7.53333340	-0.00202962
7.56666673	-0.00215903
7.60000006	-0.00231684
7.63333339	-0.00225575
7.66666673	-0.00228445
7.70000006	-0.00228659
7.73333339	-0.00227427
7.76666673	-0.00238623
7.80000006	-0.00248512
7.83333339	-0.00249982
7.86666673	-0.00250397
7.90000006	-0.00245573
7.93333339	-0.00256176
7.96666673	-0.00261275
8.00000006	-0.00267559
8.03333339	-0.00278061
8.06666672	-0.00281252
8.10000006	-0.00292756
8.13333339	-0.00297413
8.16666672	-0.00299139
8.20000006	-0.00307443
8.23333339	-0.00313445
8.26666672	-0.00325425
8.30000006	-0.00333379
8.33333339	-0.00331707
8.36666672	-0.00346011
8.40000005	-0.00347808
8.43333339	-0.00345669
8.46666672	-0.00356367
8.50000005	-0.00358021
8.53333339	-0.00367603
8.56666672	-0.00366869
8.60000005	-0.00374018
8.63333339	-0.00385284
8.66666672	-0.00390952
8.70000005	-0.00395864
8.73333339	-0.00398096
8.76666672	-0.00403824
8.80000005	-0.00401413
8.83333338	-0.00407922
8.86666672	-0.00411066
8.90000005	-0.00419649
8.93333338	-0.00415350
8.96666672	-0.00430129
9.00000005	-0.00446435
9.03333338	-0.00441046
9.06666672	-0.00449642
9.10000005	-0.00450488
9.13333338	-0.00453075
9.16666672	-0.00456248
9.20000005	-0.00467784
9.23333338	-0.00468404
9.26666671	-0.00475225
9.30000005	-0.00477088
9.33333338	-0.00487087
9.36666671	-0.00489543
9.40000005	-0.00483160
9.43333338	-0.00487074
9.46666671	-0.00496807
9.50000005	-0.00497627
9.53333338	-0.00504107
9.56666671	-0.00512685
9.60000005	-0.00508999
9.63333338	-0.00512443
9.66666671	-0.00523598
9.70000004	-0.00518805
9.73333338	-0.00521201
9.76666671	-0.00518400
9.80000004	-0.00522189
9.83333338	-0.00522613
9.86666671	-0.00525943
9.90000004	-0.00537025
9.93333338	-0.00535693
9.96666671	-0.00535540
10.00000004	-0.00527627
10.03333337	-0.00541183
10.06666671	-0.00539722
10.10000004	-0.00534373
10.13333337	-0.00537542
10.16666671	-0.00538155
10.20000004	-0.00536872
10.23333337	-0.00530255
10.26666671	-0.00530442
10.30000004	-0.00536802
10.33333337	-0.00533491
10.36666671	-0.00531687
10.40000004	-0.00532084
10.43333337	-0.00526730
10.46666670	-0.00523893
10.50000004	-0.00524139
10.53333337	-0.00518234
10.56666670	-0.00519228
10.60000004	-0.00513724
10.63333337	-0.00510824
10.66666670	-0.00506645
10.70000004	-0.00505919
10.73333337	-0.00501284
10.76666670	-0.00496606
10.80000004	-0.00496414
10.83333337	-0.00487188
10.86666670	-0.00484078
10.90000003	-0.00477030
10.93333337	-0.00467556
10.96666670	-0.00466252
11.00000003	-0.00460209
11.03333337	-0.00451627
11.06666670	-0.00445693
11.10000003	-0.00443496
11.13333337	-0.00436857
11.16666670	-0.00428883
11.20000003	-0.00422017
11.23333336	-0.00414987
11.26666670	-0.00407949
11.30000003	-0.00404063
11.33333336	-0.00400544
11.36666670	-0.00395460
11.40000003	-0.00386122
11.43333336	-0.00382509
11.46666670	-0.00374534
11.50000003	-0.00367010
11.53333336	-0.00356233
11.56666670	-0.00352864
11.60000003	-0.00343658
11.63333336	-0.00340591
11.66666669	-0.00331438
11.70000003	-0.00325315
11.73333336	-0.00322651
11.76666669	-0.00315783
11.80000003	-0.00310035
11.83333336	-0.00302417
11.86666669	-0.00297235
11.90000003	-0.00289812
11.93333336	-0.00281880
11.96666669	-0.00276864
12.00000003	-0.00271066
12.03333336	-0.00265157
12.06666669	-0.00258544
12.10000002	-0.00251786
12.13333336	-0.00244063
12.16666669	-0.00240771
12.20000002	-0.00234183
12.23333336	-0.00227154
12.26666669	-0.00223358
12.30000002	-0.00216019
12.33333336	-0.00211679
12.36666669	-0.00203782
12.40000002	-0.00198025
12.43333335	-0.00194286
12.46666669	-0.00186583
12.50000002	-0.00179600
12.53333335	-0.00178871
12.56666669	-0.00170951
12.60000002	-0.00166318
12.63333335	-0.00160042
12.66666669	-0.00157174
12.70000002	-0.00152116
12.73333335	-0.00146817
12.76666669	-0.00141821
12.80000002	-0.00138653
12.83333335	-0.00134209
12.86666668	-0.00128054
12.90000002	-0.00124495
12.93333335	-0.00120471
12.96666668	-0.00115703
13.00000002	-0.00111797
13.03333335	-0.00108259
13.06666668	-0.00103938
13.10000002	-0.00099925
13.13333335	-0.00096652
13.16666668	-0.00092633
13.20000002	-0.00089246
13.23333335	-0.00086197
13.26666668	-0.00082433
13.30000001	-0.00079560
13.33333335	-0.00075995
13.36666668	-0.00073068
13.40000001	-0.00070311
13.43333335	-0.00067298
13.46666668	-0.00065055
13.50000001	-0.00061296
13.53333335	-0.00058282
13.56666668	-0.00056162
13.60000001	-0.00053499
13.63333335	-0.00049417
13.66666668	-0.00047039
13.70000001	-0.00045120
13.73333334	-0.00042426
13.76666668	-0.00039866
13.80000001	-0.00038081
13.83333334	-0.00035227
13.86666668	-0.00033369
13.90000001	-0.00031262
13.93333334	-0.00028846
13.96666668	-0.00027070
14.00000001	-0.00025325
14.03333334	-0.00023303
14.06666667	-0.00021507
14.10000001	-0.00019651
14.13333334	-0.00018266
14.16666667	-0.00016566
14.20000001	-0.00015195
14.23333334	-0.00013503
14.26666667	-0.00012415
14.30000001	-0.00011081
14.33333334	-0.00009742
14.36666667	-0.00008687
14.40000001	-0.00007525
14.43333334	-0.00006680
14.46666667	-0.00005659
14.50000000	-0.00004815
14.53333334	-0.00004059
14.56666667	-0.00003365
14.60000000	-0.00002710
14.63333334	-0.00002118
14.66666667	-0.00001624
14.70000000	-0.00001198
14.73333334	-0.00000818
14.76666667	-0.00000529
14.80000000	-0.00000297
14.83333334	-0.00000130
14.86666667	-0.00000032
14.90000000	0.00000000
