# Menlo Systems GmbH ScanControl
# Program Version 1.3.3
# Start: -65.00000000 ps, Average over 1000 waveforms. Timestamp: 2020-07-02T17:13:26
# Time [ps]	THz Signal [a.u.]
-65.06666590	0.00000000
-65.03333257	0.00000002
-64.99999924	0.00000006
-64.96666590	0.00000017
-64.93333257	0.00000028
-64.89999924	0.00000035
-64.86666591	0.00000064
-64.83333257	0.00000079
-64.79999924	0.00000082
-64.76666591	0.00000106
-64.73333257	0.00000086
-64.69999924	0.00000111
-64.66666591	0.00000070
-64.63333257	0.00000079
-64.59999924	0.00000060
-64.56666591	0.00000081
-64.53333258	-0.00000066
-64.49999924	-0.00000081
-64.46666591	-0.00000209
-64.43333258	-0.00000286
-64.39999924	-0.00000344
-64.36666591	-0.00000522
-64.33333258	-0.00000592
-64.29999924	-0.00000843
-64.26666591	-0.00000897
-64.23333258	-0.00001411
-64.19999925	-0.00001483
-64.16666591	-0.00001724
-64.13333258	-0.00001732
-64.09999925	-0.00002027
-64.06666591	-0.00002733
-64.03333258	-0.00002769
-63.99999925	-0.00003022
-63.96666591	-0.00003099
-63.93333258	-0.00003603
-63.89999925	-0.00003715
-63.86666592	-0.00003800
-63.83333258	-0.00004530
-63.79999925	-0.00004867
-63.76666592	-0.00004676
-63.73333258	-0.00005529
-63.69999925	-0.00005945
-63.66666592	-0.00005532
-63.63333258	-0.00006263
-63.59999925	-0.00006234
-63.56666592	-0.00007112
-63.53333258	-0.00008027
-63.49999925	-0.00007231
-63.46666592	-0.00008444
-63.43333259	-0.00009450
-63.39999925	-0.00010113
-63.36666592	-0.00010412
-63.33333259	-0.00011994
-63.29999925	-0.00012684
-63.26666592	-0.00011773
-63.23333259	-0.00011912
-63.19999925	-0.00011835
-63.16666592	-0.00012892
-63.13333259	-0.00011325
-63.09999926	-0.00013005
-63.06666592	-0.00014573
-63.03333259	-0.00013881
-62.99999926	-0.00013750
-62.96666592	-0.00014798
-62.93333259	-0.00013489
-62.89999926	-0.00013276
-62.86666592	-0.00013879
-62.83333259	-0.00011334
-62.79999926	-0.00013329
-62.76666593	-0.00011842
-62.73333259	-0.00010729
-62.69999926	-0.00009496
-62.66666593	-0.00009612
-62.63333259	-0.00009064
-62.59999926	-0.00009407
-62.56666593	-0.00007194
-62.53333259	-0.00005667
-62.49999926	-0.00003677
-62.46666593	-0.00001738
-62.43333260	-0.00001322
-62.39999926	0.00000140
-62.36666593	0.00001243
-62.33333260	0.00005061
-62.29999926	0.00005546
-62.26666593	0.00005103
-62.23333260	0.00007158
-62.19999926	0.00009782
-62.16666593	0.00013583
-62.13333260	0.00017596
-62.09999927	0.00015262
-62.06666593	0.00017410
-62.03333260	0.00019570
-61.99999927	0.00023900
-61.96666593	0.00026391
-61.93333260	0.00031072
-61.89999927	0.00033079
-61.86666593	0.00034498
-61.83333260	0.00041014
-61.79999927	0.00046953
-61.76666594	0.00046575
-61.73333260	0.00051892
-61.69999927	0.00052065
-61.66666594	0.00052714
-61.63333260	0.00061417
-61.59999927	0.00061332
-61.56666594	0.00072770
-61.53333260	0.00069790
-61.49999927	0.00077307
-61.46666594	0.00076999
-61.43333261	0.00080796
-61.39999927	0.00085485
-61.36666594	0.00094006
-61.33333261	0.00092651
-61.29999927	0.00098825
-61.26666594	0.00102131
-61.23333261	0.00105843
-61.19999927	0.00108659
-61.16666594	0.00109276
-61.13333261	0.00113831
-61.09999927	0.00114790
-61.06666594	0.00114118
-61.03333261	0.00114475
-60.99999928	0.00117949
-60.96666594	0.00121644
-60.93333261	0.00118355
-60.89999928	0.00115852
-60.86666594	0.00120206
-60.83333261	0.00120942
-60.79999928	0.00120883
-60.76666594	0.00121508
-60.73333261	0.00124357
-60.69999928	0.00119319
-60.66666595	0.00117418
-60.63333261	0.00119647
-60.59999928	0.00118906
-60.56666595	0.00108386
-60.53333261	0.00112031
-60.49999928	0.00109374
-60.46666595	0.00103862
-60.43333261	0.00097217
-60.39999928	0.00090646
-60.36666595	0.00090735
-60.33333262	0.00087757
-60.29999928	0.00084012
-60.26666595	0.00073606
-60.23333262	0.00070493
-60.19999928	0.00059847
-60.16666595	0.00054179
-60.13333262	0.00048158
-60.09999928	0.00038057
-60.06666595	0.00025703
-60.03333262	0.00017904
-59.99999929	0.00011380
-59.96666595	0.00006134
-59.93333262	-0.00001630
-59.89999929	-0.00006935
-59.86666595	-0.00018712
-59.83333262	-0.00029595
-59.79999929	-0.00031276
-59.76666595	-0.00043250
-59.73333262	-0.00047915
-59.69999929	-0.00059060
-59.66666596	-0.00068228
-59.63333262	-0.00074254
-59.59999929	-0.00081487
-59.56666596	-0.00085614
-59.53333262	-0.00089874
-59.49999929	-0.00096908
-59.46666596	-0.00095927
-59.43333262	-0.00102296
-59.39999929	-0.00108328
-59.36666596	-0.00111007
-59.33333263	-0.00115370
-59.29999929	-0.00118090
-59.26666596	-0.00114154
-59.23333263	-0.00117904
-59.19999929	-0.00116819
-59.16666596	-0.00130113
-59.13333263	-0.00121029
-59.09999929	-0.00115534
-59.06666596	-0.00112881
-59.03333263	-0.00111830
-58.99999929	-0.00109779
-58.96666596	-0.00108129
-58.93333263	-0.00112187
-58.89999930	-0.00109990
-58.86666596	-0.00107889
-58.83333263	-0.00100322
-58.79999930	-0.00097182
-58.76666596	-0.00091137
-58.73333263	-0.00084571
-58.69999930	-0.00085508
-58.66666596	-0.00088423
-58.63333263	-0.00075169
-58.59999930	-0.00077082
-58.56666597	-0.00068751
-58.53333263	-0.00064527
-58.49999930	-0.00065450
-58.46666597	-0.00058059
-58.43333263	-0.00067243
-58.39999930	-0.00061800
-58.36666597	-0.00065049
-58.33333263	-0.00062479
-58.29999930	-0.00053181
-58.26666597	-0.00058203
-58.23333264	-0.00054842
-58.19999930	-0.00048550
-58.16666597	-0.00044506
-58.13333264	-0.00042495
-58.09999930	-0.00045186
-58.06666597	-0.00042489
-58.03333264	-0.00046612
-57.99999930	-0.00040653
-57.96666597	-0.00041756
-57.93333264	-0.00048763
-57.89999931	-0.00043386
-57.86666597	-0.00044686
-57.83333264	-0.00049674
-57.79999931	-0.00044166
-57.76666597	-0.00042934
-57.73333264	-0.00041391
-57.69999931	-0.00056901
-57.66666597	-0.00044772
-57.63333264	-0.00052807
-57.59999931	-0.00051293
-57.56666598	-0.00053540
-57.53333264	-0.00053143
-57.49999931	-0.00041762
-57.46666598	-0.00045501
-57.43333264	-0.00033101
-57.39999931	-0.00042557
-57.36666598	-0.00054526
-57.33333264	-0.00037536
-57.29999931	-0.00032425
-57.26666598	-0.00036810
-57.23333265	-0.00035577
-57.19999931	-0.00029891
-57.16666598	-0.00039706
-57.13333265	-0.00027449
-57.09999931	-0.00025310
-57.06666598	-0.00027737
-57.03333265	-0.00018084
-56.99999931	-0.00025101
-56.96666598	-0.00029962
-56.93333265	-0.00010969
-56.89999932	-0.00013373
-56.86666598	-0.00003273
-56.83333265	-0.00004478
-56.79999932	-0.00006845
-56.76666598	-0.00008362
-56.73333265	0.00001905
-56.69999932	0.00006386
-56.66666598	0.00006050
-56.63333265	0.00004714
-56.59999932	0.00009095
-56.56666598	0.00005763
-56.53333265	0.00017907
-56.49999932	0.00021402
-56.46666599	0.00011653
-56.43333265	0.00021483
-56.39999932	0.00019470
-56.36666599	0.00021183
-56.33333265	0.00022163
-56.29999932	0.00023550
-56.26666599	0.00026508
-56.23333265	0.00029094
-56.19999932	0.00025378
-56.16666599	0.00035966
-56.13333266	0.00034905
-56.09999932	0.00039521
-56.06666599	0.00039443
-56.03333266	0.00047376
-55.99999932	0.00037907
-55.96666599	0.00046306
-55.93333266	0.00044143
-55.89999932	0.00044380
-55.86666599	0.00042630
-55.83333266	0.00039581
-55.79999933	0.00045145
-55.76666599	0.00051541
-55.73333266	0.00052624
-55.69999933	0.00062182
-55.66666599	0.00066696
-55.63333266	0.00063913
-55.59999933	0.00072112
-55.56666599	0.00062110
-55.53333266	0.00072574
-55.49999933	0.00067546
-55.46666600	0.00071812
-55.43333266	0.00074828
-55.39999933	0.00074505
-55.36666600	0.00068904
-55.33333266	0.00073285
-55.29999933	0.00090207
-55.26666600	0.00078263
-55.23333266	0.00082737
-55.19999933	0.00087273
-55.16666600	0.00084175
-55.13333267	0.00078698
-55.09999933	0.00080135
-55.06666600	0.00074359
-55.03333267	0.00080657
-54.99999933	0.00075897
-54.96666600	0.00064192
-54.93333267	0.00067560
-54.89999933	0.00063089
-54.86666600	0.00065805
-54.83333267	0.00063915
-54.79999934	0.00065269
-54.76666600	0.00069265
-54.73333267	0.00070333
-54.69999934	0.00065912
-54.66666600	0.00059904
-54.63333267	0.00061567
-54.59999934	0.00068372
-54.56666600	0.00060335
-54.53333267	0.00063884
-54.49999934	0.00058199
-54.46666600	0.00059137
-54.43333267	0.00051859
-54.39999934	0.00057439
-54.36666601	0.00057527
-54.33333267	0.00058202
-54.29999934	0.00052659
-54.26666601	0.00041482
-54.23333267	0.00047560
-54.19999934	0.00047733
-54.16666601	0.00047241
-54.13333267	0.00049259
-54.09999934	0.00051910
-54.06666601	0.00061982
-54.03333268	0.00052565
-53.99999934	0.00053679
-53.96666601	0.00053613
-53.93333268	0.00051548
-53.89999934	0.00041573
-53.86666601	0.00039269
-53.83333268	0.00038404
-53.79999934	0.00042178
-53.76666601	0.00044899
-53.73333268	0.00040636
-53.69999935	0.00038835
-53.66666601	0.00037815
-53.63333268	0.00037628
-53.59999935	0.00039339
-53.56666601	0.00023292
-53.53333268	0.00023877
-53.49999935	0.00026049
-53.46666601	0.00022190
-53.43333268	0.00016363
-53.39999935	0.00017497
-53.36666602	0.00011839
-53.33333268	0.00010814
-53.29999935	0.00008556
-53.26666602	0.00012704
-53.23333268	0.00013579
-53.19999935	0.00007410
-53.16666602	0.00010211
-53.13333268	0.00014706
-53.09999935	0.00004253
-53.06666602	0.00003418
-53.03333269	0.00011039
-52.99999935	0.00013499
-52.96666602	0.00014733
-52.93333269	0.00022851
-52.89999935	0.00024159
-52.86666602	0.00024059
-52.83333269	0.00032194
-52.79999935	0.00032523
-52.76666602	0.00027398
-52.73333269	0.00042920
-52.69999936	0.00046902
-52.66666602	0.00045964
-52.63333269	0.00053042
-52.59999936	0.00053995
-52.56666602	0.00067177
-52.53333269	0.00070459
-52.49999936	0.00070653
-52.46666602	0.00077838
-52.43333269	0.00084654
-52.39999936	0.00082624
-52.36666603	0.00090048
-52.33333269	0.00098111
-52.29999936	0.00092654
-52.26666603	0.00096528
-52.23333269	0.00106033
-52.19999936	0.00094587
-52.16666603	0.00099737
-52.13333269	0.00100435
-52.09999936	0.00101536
-52.06666603	0.00107406
-52.03333269	0.00104044
-51.99999936	0.00126082
-51.96666603	0.00121104
-51.93333270	0.00113857
-51.89999936	0.00104918
-51.86666603	0.00109627
-51.83333270	0.00119393
-51.79999936	0.00117730
-51.76666603	0.00120650
-51.73333270	0.00108176
-51.69999936	0.00119098
-51.66666603	0.00104777
-51.63333270	0.00097781
-51.59999937	0.00108931
-51.56666603	0.00103826
-51.53333270	0.00099171
-51.49999937	0.00101880
-51.46666603	0.00105375
-51.43333270	0.00105845
-51.39999937	0.00106185
-51.36666603	0.00108819
-51.33333270	0.00109174
-51.29999937	0.00108855
-51.26666604	0.00116639
-51.23333270	0.00108786
-51.19999937	0.00116783
-51.16666604	0.00113148
-51.13333270	0.00115749
-51.09999937	0.00113372
-51.06666604	0.00121233
-51.03333270	0.00129191
-50.99999937	0.00136332
-50.96666604	0.00130220
-50.93333271	0.00134132
-50.89999937	0.00140635
-50.86666604	0.00145571
-50.83333271	0.00151416
-50.79999937	0.00157956
-50.76666604	0.00167703
-50.73333271	0.00164518
-50.69999937	0.00183381
-50.66666604	0.00186275
-50.63333271	0.00189537
-50.59999938	0.00198333
-50.56666604	0.00199333
-50.53333271	0.00211795
-50.49999938	0.00210700
-50.46666604	0.00225819
-50.43333271	0.00236214
-50.39999938	0.00233918
-50.36666604	0.00253421
-50.33333271	0.00255248
-50.29999938	0.00261933
-50.26666605	0.00253964
-50.23333271	0.00258219
-50.19999938	0.00275047
-50.16666605	0.00278942
-50.13333271	0.00300092
-50.09999938	0.00286000
-50.06666605	0.00284906
-50.03333271	0.00290692
-49.99999938	0.00303418
-49.96666605	0.00305773
-49.93333271	0.00306022
-49.89999938	0.00316731
-49.86666605	0.00308731
-49.83333272	0.00305200
-49.79999938	0.00305192
-49.76666605	0.00305770
-49.73333272	0.00310002
-49.69999938	0.00305351
-49.66666605	0.00309197
-49.63333272	0.00311996
-49.59999938	0.00311230
-49.56666605	0.00306527
-49.53333272	0.00297657
-49.49999939	0.00301429
-49.46666605	0.00305439
-49.43333272	0.00303625
-49.39999939	0.00297582
-49.36666605	0.00293619
-49.33333272	0.00296401
-49.29999939	0.00304566
-49.26666605	0.00302565
-49.23333272	0.00299327
-49.19999939	0.00303146
-49.16666606	0.00299905
-49.13333272	0.00304711
-49.09999939	0.00299496
-49.06666606	0.00289012
-49.03333272	0.00303057
-48.99999939	0.00300519
-48.96666606	0.00299030
-48.93333272	0.00296059
-48.89999939	0.00280781
-48.86666606	0.00289665
-48.83333273	0.00276467
-48.79999939	0.00270333
-48.76666606	0.00259312
-48.73333273	0.00257920
-48.69999939	0.00257238
-48.66666606	0.00248971
-48.63333273	0.00241539
-48.59999939	0.00236025
-48.56666606	0.00225421
-48.53333273	0.00213039
-48.49999940	0.00216055
-48.46666606	0.00205475
-48.43333273	0.00194599
-48.39999940	0.00185162
-48.36666606	0.00173183
-48.33333273	0.00159015
-48.29999940	0.00158514
-48.26666606	0.00146245
-48.23333273	0.00137259
-48.19999940	0.00128247
-48.16666607	0.00109650
-48.13333273	0.00097130
-48.09999940	0.00087197
-48.06666607	0.00065967
-48.03333273	0.00064509
-47.99999940	0.00052849
-47.96666607	0.00044631
-47.93333273	0.00032792
-47.89999940	0.00023819
-47.86666607	0.00003418
-47.83333273	-0.00008804
-47.79999940	-0.00019394
-47.76666607	-0.00042803
-47.73333274	-0.00054959
-47.69999940	-0.00065053
-47.66666607	-0.00070656
-47.63333274	-0.00083240
-47.59999940	-0.00094913
-47.56666607	-0.00099914
-47.53333274	-0.00110758
-47.49999940	-0.00109631
-47.46666607	-0.00112611
-47.43333274	-0.00121419
-47.39999941	-0.00129810
-47.36666607	-0.00126850
-47.33333274	-0.00134531
-47.29999941	-0.00132457
-47.26666607	-0.00134135
-47.23333274	-0.00137536
-47.19999941	-0.00124500
-47.16666607	-0.00127460
-47.13333274	-0.00130107
-47.09999941	-0.00127450
-47.06666608	-0.00121660
-47.03333274	-0.00113367
-46.99999941	-0.00107138
-46.96666608	-0.00098729
-46.93333274	-0.00093879
-46.89999941	-0.00088179
-46.86666608	-0.00097488
-46.83333274	-0.00081002
-46.79999941	-0.00076665
-46.76666608	-0.00076338
-46.73333275	-0.00075232
-46.69999941	-0.00065759
-46.66666608	-0.00062314
-46.63333275	-0.00062623
-46.59999941	-0.00063537
-46.56666608	-0.00056109
-46.53333275	-0.00060421
-46.49999941	-0.00055836
-46.46666608	-0.00060320
-46.43333275	-0.00074134
-46.39999942	-0.00081385
-46.36666608	-0.00074908
-46.33333275	-0.00094681
-46.29999942	-0.00108902
-46.26666608	-0.00128856
-46.23333275	-0.00146529
-46.19999942	-0.00173003
-46.16666608	-0.00189343
-46.13333275	-0.00229289
-46.09999942	-0.00257592
-46.06666609	-0.00290436
-46.03333275	-0.00330125
-45.99999942	-0.00375242
-45.96666609	-0.00412845
-45.93333275	-0.00459447
-45.89999942	-0.00512885
-45.86666609	-0.00561442
-45.83333275	-0.00613244
-45.79999942	-0.00657692
-45.76666609	-0.00708187
-45.73333276	-0.00761888
-45.69999942	-0.00797982
-45.66666609	-0.00842974
-45.63333276	-0.00892507
-45.59999942	-0.00918642
-45.56666609	-0.00946988
-45.53333276	-0.00964319
-45.49999942	-0.00978955
-45.46666609	-0.00990236
-45.43333276	-0.00975686
-45.39999942	-0.00961808
-45.36666609	-0.00938025
-45.33333276	-0.00896268
-45.29999943	-0.00855838
-45.26666609	-0.00801741
-45.23333276	-0.00726084
-45.19999943	-0.00641852
-45.16666609	-0.00540888
-45.13333276	-0.00446288
-45.09999943	-0.00333244
-45.06666609	-0.00214653
-45.03333276	-0.00084359
-44.99999943	0.00045536
-44.96666610	0.00184845
-44.93333276	0.00349176
-44.89999943	0.00511274
-44.86666610	0.00677519
-44.83333276	0.00870141
-44.79999943	0.01032407
-44.76666610	0.01216533
-44.73333276	0.01400998
-44.69999943	0.01595042
-44.66666610	0.01789362
-44.63333277	0.01990434
-44.59999943	0.02191052
-44.56666610	0.02398821
-44.53333277	0.02586738
-44.49999943	0.02779928
-44.46666610	0.02964707
-44.43333277	0.03164218
-44.39999943	0.03333923
-44.36666610	0.03521199
-44.33333277	0.03679023
-44.29999944	0.03827758
-44.26666610	0.03952492
-44.23333277	0.04053986
-44.19999944	0.04149098
-44.16666610	0.04222762
-44.13333277	0.04259411
-44.09999944	0.04278062
-44.06666610	0.04273907
-44.03333277	0.04226657
-43.99999944	0.04154706
-43.96666611	0.04039882
-43.93333277	0.03897732
-43.89999944	0.03721898
-43.86666611	0.03509725
-43.83333277	0.03253558
-43.79999944	0.02959326
-43.76666611	0.02647232
-43.73333277	0.02281548
-43.69999944	0.01904957
-43.66666611	0.01507217
-43.63333278	0.01057121
-43.59999944	0.00604616
-43.56666611	0.00125220
-43.53333278	-0.00366252
-43.49999944	-0.00840319
-43.46666611	-0.01339649
-43.43333278	-0.01823523
-43.39999944	-0.02307221
-43.36666611	-0.02809931
-43.33333278	-0.03275854
-43.29999944	-0.03717802
-43.26666611	-0.04162047
-43.23333278	-0.04575532
-43.19999945	-0.04955517
-43.16666611	-0.05306046
-43.13333278	-0.05631272
-43.09999945	-0.05926100
-43.06666611	-0.06187926
-43.03333278	-0.06417657
-42.99999945	-0.06598799
-42.96666611	-0.06752067
-42.93333278	-0.06876930
-42.89999945	-0.06959823
-42.86666612	-0.07007259
-42.83333278	-0.07044141
-42.79999945	-0.07027062
-42.76666612	-0.06996882
-42.73333278	-0.06934488
-42.69999945	-0.06842750
-42.66666612	-0.06725362
-42.63333278	-0.06600748
-42.59999945	-0.06453009
-42.56666612	-0.06283638
-42.53333279	-0.06107949
-42.49999945	-0.05909260
-42.46666612	-0.05699341
-42.43333279	-0.05472352
-42.39999945	-0.05233265
-42.36666612	-0.05002638
-42.33333279	-0.04760513
-42.29999945	-0.04497916
-42.26666612	-0.04237241
-42.23333279	-0.03976611
-42.19999946	-0.03713455
-42.16666612	-0.03451331
-42.13333279	-0.03182271
-42.09999946	-0.02905632
-42.06666612	-0.02633045
-42.03333279	-0.02350055
-41.99999946	-0.02083156
-41.96666612	-0.01810799
-41.93333279	-0.01538883
-41.89999946	-0.01271866
-41.86666613	-0.01003967
-41.83333279	-0.00733918
-41.79999946	-0.00471113
-41.76666613	-0.00211123
-41.73333279	0.00041548
-41.69999946	0.00294474
-41.66666613	0.00546787
-41.63333279	0.00773745
-41.59999946	0.01006222
-41.56666613	0.01235582
-41.53333280	0.01454201
-41.49999946	0.01653219
-41.46666613	0.01866494
-41.43333280	0.02051589
-41.39999946	0.02244854
-41.36666613	0.02414613
-41.33333280	0.02576095
-41.29999946	0.02725403
-41.26666613	0.02860312
-41.23333280	0.02986499
-41.19999947	0.03093584
-41.16666613	0.03194880
-41.13333280	0.03276108
-41.09999947	0.03336464
-41.06666613	0.03386179
-41.03333280	0.03420332
-40.99999947	0.03440375
-40.96666613	0.03447445
-40.93333280	0.03433794
-40.89999947	0.03410137
-40.86666613	0.03359820
-40.83333280	0.03300972
-40.79999947	0.03221938
-40.76666614	0.03136965
-40.73333280	0.03041324
-40.69999947	0.02916009
-40.66666614	0.02785064
-40.63333280	0.02654031
-40.59999947	0.02509739
-40.56666614	0.02360560
-40.53333280	0.02205404
-40.49999947	0.02045254
-40.46666614	0.01882559
-40.43333281	0.01710757
-40.39999947	0.01543884
-40.36666614	0.01388988
-40.33333281	0.01224612
-40.29999947	0.01071912
-40.26666614	0.00925662
-40.23333281	0.00790518
-40.19999947	0.00653300
-40.16666614	0.00523286
-40.13333281	0.00419953
-40.09999948	0.00319694
-40.06666614	0.00235884
-40.03333281	0.00149672
-39.99999948	0.00086822
-39.96666614	0.00033510
-39.93333281	-0.00008362
-39.89999948	-0.00032257
-39.86666614	-0.00056625
-39.83333281	-0.00072380
-39.79999948	-0.00071734
-39.76666615	-0.00057783
-39.73333281	-0.00048921
-39.69999948	-0.00014151
-39.66666615	0.00006533
-39.63333281	0.00045526
-39.59999948	0.00079796
-39.56666615	0.00121233
-39.53333281	0.00169867
-39.49999948	0.00228411
-39.46666615	0.00286258
-39.43333282	0.00340834
-39.39999948	0.00388400
-39.36666615	0.00448584
-39.33333282	0.00490491
-39.29999948	0.00539744
-39.26666615	0.00592595
-39.23333282	0.00633800
-39.19999948	0.00681348
-39.16666615	0.00723359
-39.13333282	0.00767145
-39.09999949	0.00810912
-39.06666615	0.00852456
-39.03333282	0.00896601
-38.99999949	0.00924029
-38.96666615	0.00950887
-38.93333282	0.00992841
-38.89999949	0.01020050
-38.86666615	0.01056413
-38.83333282	0.01085720
-38.79999949	0.01107468
-38.76666615	0.01150372
-38.73333282	0.01178492
-38.69999949	0.01204683
-38.66666616	0.01233179
-38.63333282	0.01276322
-38.59999949	0.01307599
-38.56666616	0.01352961
-38.53333282	0.01390586
-38.49999949	0.01430420
-38.46666616	0.01466526
-38.43333282	0.01511213
-38.39999949	0.01558546
-38.36666616	0.01601170
-38.33333283	0.01642877
-38.29999949	0.01683707
-38.26666616	0.01723731
-38.23333283	0.01761066
-38.19999949	0.01800552
-38.16666616	0.01831585
-38.13333283	0.01868870
-38.09999949	0.01895195
-38.06666616	0.01919750
-38.03333283	0.01935077
-37.99999950	0.01949332
-37.96666616	0.01962981
-37.93333283	0.01971572
-37.89999950	0.01962579
-37.86666616	0.01949562
-37.83333283	0.01934764
-37.79999950	0.01908885
-37.76666616	0.01891798
-37.73333283	0.01848547
-37.69999950	0.01806841
-37.66666617	0.01764565
-37.63333283	0.01700771
-37.59999950	0.01633579
-37.56666617	0.01570157
-37.53333283	0.01474873
-37.49999950	0.01410819
-37.46666617	0.01319358
-37.43333283	0.01228120
-37.39999950	0.01138105
-37.36666617	0.01048744
-37.33333284	0.00950695
-37.29999950	0.00850581
-37.26666617	0.00769569
-37.23333284	0.00670024
-37.19999950	0.00572935
-37.16666617	0.00494974
-37.13333284	0.00393402
-37.09999950	0.00310097
-37.06666617	0.00241769
-37.03333284	0.00155999
-36.99999951	0.00085692
-36.96666617	0.00018359
-36.93333284	-0.00040726
-36.89999951	-0.00096442
-36.86666617	-0.00152440
-36.83333284	-0.00213356
-36.79999951	-0.00241857
-36.76666617	-0.00285419
-36.73333284	-0.00316852
-36.69999951	-0.00343347
-36.66666618	-0.00353253
-36.63333284	-0.00374155
-36.59999951	-0.00393576
-36.56666618	-0.00402301
-36.53333284	-0.00413030
-36.49999951	-0.00422672
-36.46666618	-0.00422862
-36.43333284	-0.00427364
-36.39999951	-0.00435850
-36.36666618	-0.00424675
-36.33333284	-0.00429942
-36.29999951	-0.00443304
-36.26666618	-0.00446067
-36.23333285	-0.00450647
-36.19999951	-0.00449001
-36.16666618	-0.00446095
-36.13333285	-0.00462611
-36.09999951	-0.00483927
-36.06666618	-0.00492758
-36.03333285	-0.00489358
-35.99999951	-0.00514977
-35.96666618	-0.00529237
-35.93333285	-0.00539354
-35.89999952	-0.00556389
-35.86666618	-0.00584206
-35.83333285	-0.00605187
-35.79999952	-0.00625437
-35.76666618	-0.00642777
-35.73333285	-0.00675136
-35.69999952	-0.00686443
-35.66666618	-0.00691546
-35.63333285	-0.00710620
-35.59999952	-0.00718312
-35.56666619	-0.00742479
-35.53333285	-0.00739459
-35.49999952	-0.00750419
-35.46666619	-0.00758950
-35.43333285	-0.00760830
-35.39999952	-0.00779315
-35.36666619	-0.00772333
-35.33333285	-0.00775670
-35.29999952	-0.00771275
-35.26666619	-0.00766816
-35.23333286	-0.00764097
-35.19999952	-0.00763325
-35.16666619	-0.00755316
-35.13333286	-0.00738478
-35.09999952	-0.00734918
-35.06666619	-0.00734746
-35.03333286	-0.00726988
-34.99999952	-0.00731173
-34.96666619	-0.00722667
-34.93333286	-0.00715941
-34.89999953	-0.00703236
-34.86666619	-0.00696935
-34.83333286	-0.00697989
-34.79999953	-0.00686568
-34.76666619	-0.00678931
-34.73333286	-0.00669240
-34.69999953	-0.00681035
-34.66666619	-0.00683857
-34.63333286	-0.00681058
-34.59999953	-0.00679275
-34.56666620	-0.00677997
-34.53333286	-0.00698212
-34.49999953	-0.00703834
-34.46666620	-0.00717590
-34.43333286	-0.00712232
-34.39999953	-0.00732392
-34.36666620	-0.00743981
-34.33333286	-0.00743802
-34.29999953	-0.00762372
-34.26666620	-0.00769714
-34.23333286	-0.00786765
-34.19999953	-0.00804300
-34.16666620	-0.00819668
-34.13333287	-0.00844044
-34.09999953	-0.00869607
-34.06666620	-0.00886596
-34.03333287	-0.00901261
-33.99999953	-0.00916527
-33.96666620	-0.00952026
-33.93333287	-0.00961318
-33.89999953	-0.00994530
-33.86666620	-0.01001130
-33.83333287	-0.01028048
-33.79999954	-0.01052387
-33.76666620	-0.01072915
-33.73333287	-0.01090564
-33.69999954	-0.01099789
-33.66666620	-0.01111485
-33.63333287	-0.01116610
-33.59999954	-0.01137521
-33.56666620	-0.01143973
-33.53333287	-0.01152182
-33.49999954	-0.01145401
-33.46666621	-0.01153424
-33.43333287	-0.01151215
-33.39999954	-0.01153236
-33.36666621	-0.01151689
-33.33333287	-0.01144430
-33.29999954	-0.01138098
-33.26666621	-0.01124462
-33.23333287	-0.01107433
-33.19999954	-0.01098503
-33.16666621	-0.01090520
-33.13333288	-0.01070231
-33.09999954	-0.01063982
-33.06666621	-0.01060266
-33.03333288	-0.01044208
-32.99999954	-0.01028388
-32.96666621	-0.01021180
-32.93333288	-0.00996555
-32.89999954	-0.00997751
-32.86666621	-0.00977967
-32.83333288	-0.00980473
-32.79999955	-0.00963778
-32.76666621	-0.00946308
-32.73333288	-0.00936420
-32.69999955	-0.00928875
-32.66666621	-0.00908441
-32.63333288	-0.00900485
-32.59999955	-0.00882384
-32.56666621	-0.00873272
-32.53333288	-0.00866084
-32.49999955	-0.00856495
-32.46666622	-0.00854393
-32.43333288	-0.00844289
-32.39999955	-0.00835600
-32.36666622	-0.00826990
-32.33333288	-0.00813443
-32.29999955	-0.00809400
-32.26666622	-0.00790438
-32.23333288	-0.00774595
-32.19999955	-0.00769417
-32.16666622	-0.00761409
-32.13333288	-0.00752926
-32.09999955	-0.00735461
-32.06666622	-0.00728531
-32.03333289	-0.00714608
-31.99999955	-0.00701400
-31.96666622	-0.00682366
-31.93333289	-0.00679579
-31.89999955	-0.00661806
-31.86666622	-0.00645980
-31.83333289	-0.00641442
-31.79999955	-0.00623480
-31.76666622	-0.00596102
-31.73333289	-0.00586985
-31.69999956	-0.00560691
-31.66666622	-0.00539353
-31.63333289	-0.00525817
-31.59999956	-0.00506773
-31.56666622	-0.00482273
-31.53333289	-0.00455673
-31.49999956	-0.00435917
-31.46666622	-0.00419112
-31.43333289	-0.00398859
-31.39999956	-0.00378386
-31.36666623	-0.00360397
-31.33333289	-0.00340177
-31.29999956	-0.00313186
-31.26666623	-0.00296155
-31.23333289	-0.00283064
-31.19999956	-0.00255884
-31.16666623	-0.00234736
-31.13333289	-0.00228255
-31.09999956	-0.00208778
-31.06666623	-0.00197661
-31.03333290	-0.00182602
-30.99999956	-0.00160030
-30.96666623	-0.00150181
-30.93333290	-0.00138616
-30.89999956	-0.00130991
-30.86666623	-0.00109190
-30.83333290	-0.00114836
-30.79999956	-0.00125558
-30.76666623	-0.00110017
-30.73333290	-0.00108107
-30.69999957	-0.00095272
-30.66666623	-0.00098828
-30.63333290	-0.00096053
-30.59999957	-0.00098708
-30.56666623	-0.00102401
-30.53333290	-0.00090477
-30.49999957	-0.00096583
-30.46666623	-0.00094847
-30.43333290	-0.00105083
-30.39999957	-0.00092343
-30.36666624	-0.00096928
-30.33333290	-0.00101338
-30.29999957	-0.00095330
-30.26666624	-0.00095104
-30.23333290	-0.00086819
-30.19999957	-0.00091235
-30.16666624	-0.00087963
-30.13333290	-0.00080927
-30.09999957	-0.00080753
-30.06666624	-0.00092596
-30.03333291	-0.00085154
-29.99999957	-0.00078267
-29.96666624	-0.00075278
-29.93333291	-0.00065748
-29.89999957	-0.00054808
-29.86666624	-0.00050585
-29.83333291	-0.00053212
-29.79999957	-0.00057419
-29.76666624	-0.00042994
-29.73333291	-0.00056911
-29.69999957	-0.00045506
-29.66666624	-0.00039757
-29.63333291	-0.00040608
-29.59999958	-0.00035117
-29.56666624	-0.00031140
-29.53333291	-0.00026404
-29.49999958	-0.00031496
-29.46666624	-0.00019789
-29.43333291	-0.00021424
-29.39999958	-0.00022337
-29.36666624	-0.00023379
-29.33333291	-0.00014492
-29.29999958	-0.00008451
-29.26666625	-0.00001935
-29.23333291	-0.00004579
-29.19999958	0.00002574
-29.16666625	0.00019700
-29.13333291	0.00017780
-29.09999958	0.00038204
-29.06666625	0.00038975
-29.03333291	0.00052457
-28.99999958	0.00045911
-28.96666625	0.00057278
-28.93333292	0.00053609
-28.89999958	0.00068440
-28.86666625	0.00068483
-28.83333292	0.00077476
-28.79999958	0.00079633
-28.76666625	0.00080713
-28.73333292	0.00093317
-28.69999958	0.00084407
-28.66666625	0.00081685
-28.63333292	0.00092985
-28.59999959	0.00089855
-28.56666625	0.00101281
-28.53333292	0.00090559
-28.49999959	0.00090972
-28.46666625	0.00089043
-28.43333292	0.00080512
-28.39999959	0.00080300
-28.36666625	0.00072731
-28.33333292	0.00071707
-28.29999959	0.00056236
-28.26666626	0.00062884
-28.23333292	0.00041567
-28.19999959	0.00054834
-28.16666626	0.00043521
-28.13333292	0.00040039
-28.09999959	0.00031906
-28.06666626	0.00026184
-28.03333292	0.00032824
-27.99999959	0.00023169
-27.96666626	0.00020922
-27.93333293	0.00014302
-27.89999959	0.00015516
-27.86666626	0.00001453
-27.83333293	0.00017465
-27.79999959	0.00003185
-27.76666626	0.00016511
-27.73333293	0.00019080
-27.69999959	0.00017538
-27.66666626	0.00033880
-27.63333293	0.00029602
-27.59999959	0.00032687
-27.56666626	0.00031547
-27.53333293	0.00041368
-27.49999960	0.00047889
-27.46666626	0.00047625
-27.43333293	0.00059920
-27.39999960	0.00060334
-27.36666626	0.00080678
-27.33333293	0.00088548
-27.29999960	0.00090858
-27.26666626	0.00099110
-27.23333293	0.00097586
-27.19999960	0.00097423
-27.16666627	0.00106044
-27.13333293	0.00105526
-27.09999960	0.00111924
-27.06666627	0.00103344
-27.03333293	0.00097520
-26.99999960	0.00095924
-26.96666627	0.00085457
-26.93333293	0.00079912
-26.89999960	0.00072418
-26.86666627	0.00063968
-26.83333294	0.00048717
-26.79999960	0.00028966
-26.76666627	0.00025340
-26.73333294	-0.00000862
-26.69999960	-0.00006577
-26.66666627	-0.00039087
-26.63333294	-0.00048261
-26.59999960	-0.00069111
-26.56666627	-0.00082756
-26.53333294	-0.00099942
-26.49999961	-0.00121377
-26.46666627	-0.00132614
-26.43333294	-0.00149356
-26.39999961	-0.00170022
-26.36666627	-0.00190167
-26.33333294	-0.00202101
-26.29999961	-0.00215859
-26.26666627	-0.00219849
-26.23333294	-0.00221181
-26.19999961	-0.00235716
-26.16666628	-0.00235560
-26.13333294	-0.00243763
-26.09999961	-0.00242072
-26.06666628	-0.00256458
-26.03333294	-0.00250640
-25.99999961	-0.00260690
-25.96666628	-0.00255584
-25.93333294	-0.00264645
-25.89999961	-0.00264597
-25.86666628	-0.00247884
-25.83333295	-0.00246541
-25.79999961	-0.00250356
-25.76666628	-0.00245684
-25.73333295	-0.00238345
-25.69999961	-0.00234665
-25.66666628	-0.00225019
-25.63333295	-0.00218295
-25.59999961	-0.00220827
-25.56666628	-0.00206834
-25.53333295	-0.00202362
-25.49999962	-0.00190940
-25.46666628	-0.00181678
-25.43333295	-0.00188626
-25.39999962	-0.00181005
-25.36666628	-0.00172522
-25.33333295	-0.00174537
-25.29999962	-0.00171021
-25.26666628	-0.00166906
-25.23333295	-0.00168159
-25.19999962	-0.00169873
-25.16666628	-0.00168684
-25.13333295	-0.00168253
-25.09999962	-0.00174674
-25.06666629	-0.00181845
-25.03333295	-0.00177454
-24.99999962	-0.00187279
-24.96666629	-0.00180368
-24.93333295	-0.00189192
-24.89999962	-0.00200392
-24.86666629	-0.00205941
-24.83333295	-0.00202228
-24.79999962	-0.00218144
-24.76666629	-0.00223556
-24.73333296	-0.00232159
-24.69999962	-0.00230688
-24.66666629	-0.00240600
-24.63333296	-0.00254886
-24.59999962	-0.00264532
-24.56666629	-0.00275821
-24.53333296	-0.00288600
-24.49999962	-0.00294582
-24.46666629	-0.00308870
-24.43333296	-0.00313857
-24.39999963	-0.00318705
-24.36666629	-0.00331205
-24.33333296	-0.00332954
-24.29999963	-0.00348413
-24.26666629	-0.00352982
-24.23333296	-0.00358514
-24.19999963	-0.00372523
-24.16666629	-0.00371362
-24.13333296	-0.00381718
-24.09999963	-0.00398714
-24.06666630	-0.00394107
-24.03333296	-0.00383888
-23.99999963	-0.00397334
-23.96666630	-0.00393442
-23.93333296	-0.00398033
-23.89999963	-0.00382682
-23.86666630	-0.00384467
-23.83333296	-0.00390761
-23.79999963	-0.00380506
-23.76666630	-0.00371622
-23.73333297	-0.00373906
-23.69999963	-0.00358862
-23.66666630	-0.00357120
-23.63333297	-0.00353601
-23.59999963	-0.00356461
-23.56666630	-0.00346122
-23.53333297	-0.00342534
-23.49999963	-0.00342498
-23.46666630	-0.00324604
-23.43333297	-0.00311437
-23.39999964	-0.00308068
-23.36666630	-0.00321075
-23.33333297	-0.00319920
-23.29999964	-0.00318690
-23.26666630	-0.00312104
-23.23333297	-0.00321106
-23.19999964	-0.00315889
-23.16666630	-0.00317761
-23.13333297	-0.00321772
-23.09999964	-0.00323424
-23.06666630	-0.00324722
-23.03333297	-0.00326806
-22.99999964	-0.00327755
-22.96666631	-0.00339232
-22.93333297	-0.00344380
-22.89999964	-0.00349922
-22.86666631	-0.00355721
-22.83333297	-0.00355549
-22.79999964	-0.00359083
-22.76666631	-0.00360959
-22.73333297	-0.00362747
-22.69999964	-0.00352766
-22.66666631	-0.00362998
-22.63333298	-0.00368640
-22.59999964	-0.00370125
-22.56666631	-0.00369132
-22.53333298	-0.00364955
-22.49999964	-0.00354870
-22.46666631	-0.00350379
-22.43333298	-0.00347964
-22.39999964	-0.00348490
-22.36666631	-0.00342642
-22.33333298	-0.00343351
-22.29999965	-0.00325015
-22.26666631	-0.00322692
-22.23333298	-0.00319109
-22.19999965	-0.00315117
-22.16666631	-0.00319856
-22.13333298	-0.00305093
-22.09999965	-0.00304803
-22.06666631	-0.00302086
-22.03333298	-0.00310751
-21.99999965	-0.00307010
-21.96666632	-0.00309468
-21.93333298	-0.00314280
-21.89999965	-0.00316688
-21.86666632	-0.00319912
-21.83333298	-0.00326376
-21.79999965	-0.00328236
-21.76666632	-0.00327294
-21.73333298	-0.00321488
-21.69999965	-0.00347986
-21.66666632	-0.00343439
-21.63333299	-0.00357481
-21.59999965	-0.00359268
-21.56666632	-0.00375051
-21.53333299	-0.00371114
-21.49999965	-0.00386007
-21.46666632	-0.00394177
-21.43333299	-0.00392804
-21.39999965	-0.00399311
-21.36666632	-0.00404420
-21.33333299	-0.00408752
-21.29999966	-0.00414791
-21.26666632	-0.00415544
-21.23333299	-0.00427165
-21.19999966	-0.00435890
-21.16666632	-0.00443802
-21.13333299	-0.00453221
-21.09999966	-0.00456095
-21.06666632	-0.00454155
-21.03333299	-0.00453824
-20.99999966	-0.00458087
-20.96666633	-0.00459053
-20.93333299	-0.00469258
-20.89999966	-0.00469218
-20.86666633	-0.00471904
-20.83333299	-0.00459682
-20.79999966	-0.00473334
-20.76666633	-0.00471488
-20.73333299	-0.00460223
-20.69999966	-0.00461424
-20.66666633	-0.00455859
-20.63333299	-0.00447991
-20.59999966	-0.00447822
-20.56666633	-0.00434861
-20.53333300	-0.00434970
-20.49999966	-0.00422443
-20.46666633	-0.00426892
-20.43333300	-0.00407808
-20.39999966	-0.00405235
-20.36666633	-0.00389503
-20.33333300	-0.00385189
-20.29999966	-0.00375577
-20.26666633	-0.00371614
-20.23333300	-0.00359115
-20.19999967	-0.00358474
-20.16666633	-0.00339787
-20.13333300	-0.00336388
-20.09999967	-0.00321279
-20.06666633	-0.00313333
-20.03333300	-0.00305309
-19.99999967	-0.00297090
-19.96666633	-0.00295054
-19.93333300	-0.00292095
-19.89999967	-0.00276560
-19.86666634	-0.00271918
-19.83333300	-0.00260870
-19.79999967	-0.00255446
-19.76666634	-0.00246854
-19.73333300	-0.00242428
-19.69999967	-0.00241647
-19.66666634	-0.00226417
-19.63333300	-0.00215154
-19.59999967	-0.00221172
-19.56666634	-0.00218017
-19.53333301	-0.00209910
-19.49999967	-0.00195997
-19.46666634	-0.00190538
-19.43333301	-0.00186710
-19.39999967	-0.00180998
-19.36666634	-0.00190806
-19.33333301	-0.00181369
-19.29999967	-0.00188596
-19.26666634	-0.00176156
-19.23333301	-0.00164000
-19.19999968	-0.00164506
-19.16666634	-0.00159175
-19.13333301	-0.00161871
-19.09999968	-0.00153140
-19.06666634	-0.00156230
-19.03333301	-0.00146434
-18.99999968	-0.00143753
-18.96666634	-0.00150347
-18.93333301	-0.00149337
-18.89999968	-0.00142498
-18.86666635	-0.00152543
-18.83333301	-0.00158171
-18.79999968	-0.00151549
-18.76666635	-0.00143264
-18.73333301	-0.00136951
-18.69999968	-0.00135679
-18.66666635	-0.00129161
-18.63333301	-0.00132999
-18.59999968	-0.00132769
-18.56666635	-0.00133707
-18.53333301	-0.00105393
-18.49999968	-0.00108277
-18.46666635	-0.00110586
-18.43333302	-0.00095302
-18.39999968	-0.00089045
-18.36666635	-0.00083814
-18.33333302	-0.00077850
-18.29999968	-0.00064272
-18.26666635	-0.00064516
-18.23333302	-0.00049424
-18.19999968	-0.00042790
-18.16666635	-0.00032891
-18.13333302	-0.00029208
-18.09999969	-0.00026669
-18.06666635	-0.00009808
-18.03333302	-0.00002803
-17.99999969	-0.00009882
-17.96666635	-0.00010021
-17.93333302	-0.00003334
-17.89999969	0.00010750
-17.86666635	0.00016003
-17.83333302	0.00019321
-17.79999969	0.00019808
-17.76666636	0.00033476
-17.73333302	0.00033183
-17.69999969	0.00041694
-17.66666636	0.00038215
-17.63333302	0.00045048
-17.59999969	0.00051588
-17.56666636	0.00061731
-17.53333302	0.00064454
-17.49999969	0.00077393
-17.46666636	0.00072701
-17.43333303	0.00076288
-17.39999969	0.00094247
-17.36666636	0.00093475
-17.33333303	0.00097451
-17.29999969	0.00109927
-17.26666636	0.00123924
-17.23333303	0.00137143
-17.19999969	0.00140053
-17.16666636	0.00162476
-17.13333303	0.00178643
-17.09999970	0.00186109
-17.06666636	0.00206902
-17.03333303	0.00230878
-16.99999970	0.00231003
-16.96666636	0.00254452
-16.93333303	0.00272749
-16.89999970	0.00290911
-16.86666636	0.00297856
-16.83333303	0.00318457
-16.79999970	0.00343560
-16.76666637	0.00358115
-16.73333303	0.00370592
-16.69999970	0.00389005
-16.66666637	0.00404927
-16.63333303	0.00407583
-16.59999970	0.00412952
-16.56666637	0.00438435
-16.53333303	0.00449922
-16.49999970	0.00464556
-16.46666637	0.00469236
-16.43333303	0.00477056
-16.39999970	0.00501241
-16.36666637	0.00503602
-16.33333304	0.00512748
-16.29999970	0.00525985
-16.26666637	0.00525836
-16.23333304	0.00535898
-16.19999970	0.00556974
-16.16666637	0.00553178
-16.13333304	0.00549270
-16.09999970	0.00558344
-16.06666637	0.00557169
-16.03333304	0.00563254
-15.99999971	0.00570328
-15.96666637	0.00572401
-15.93333304	0.00579765
-15.89999971	0.00577648
-15.86666637	0.00568137
-15.83333304	0.00577328
-15.79999971	0.00578489
-15.76666637	0.00574217
-15.73333304	0.00582298
-15.69999971	0.00577537
-15.66666638	0.00574216
-15.63333304	0.00572089
-15.59999971	0.00569344
-15.56666638	0.00576186
-15.53333304	0.00570858
-15.49999971	0.00573752
-15.46666638	0.00565168
-15.43333304	0.00564100
-15.39999971	0.00577880
-15.36666638	0.00571795
-15.33333305	0.00573563
-15.29999971	0.00565154
-15.26666638	0.00567903
-15.23333305	0.00566676
-15.19999971	0.00567758
-15.16666638	0.00580889
-15.13333305	0.00580559
-15.09999971	0.00590978
-15.06666638	0.00594511
-15.03333305	0.00599222
-14.99999972	0.00603399
-14.96666638	0.00612434
-14.93333305	0.00608565
-14.89999972	0.00600859
-14.86666638	0.00617219
-14.83333305	0.00611129
-14.79999972	0.00624311
-14.76666638	0.00622471
-14.73333305	0.00629630
-14.69999972	0.00621785
-14.66666639	0.00627961
-14.63333305	0.00634919
-14.59999972	0.00620244
-14.56666639	0.00620033
-14.53333305	0.00634310
-14.49999972	0.00625080
-14.46666639	0.00613473
-14.43333305	0.00622557
-14.39999972	0.00616802
-14.36666639	0.00625430
-14.33333306	0.00621561
-14.29999972	0.00612666
-14.26666639	0.00618158
-14.23333306	0.00616168
-14.19999972	0.00600087
-14.16666639	0.00608575
-14.13333306	0.00596327
-14.09999972	0.00592023
-14.06666639	0.00585935
-14.03333306	0.00588913
-13.99999972	0.00584201
-13.96666639	0.00586013
-13.93333306	0.00571471
-13.89999973	0.00557716
-13.86666639	0.00542473
-13.83333306	0.00542801
-13.79999973	0.00541604
-13.76666639	0.00532812
-13.73333306	0.00533545
-13.69999973	0.00520785
-13.66666639	0.00510479
-13.63333306	0.00516280
-13.59999973	0.00510497
-13.56666640	0.00503137
-13.53333306	0.00504452
-13.49999973	0.00482186
-13.46666640	0.00491919
-13.43333306	0.00485322
-13.39999973	0.00491059
-13.36666640	0.00485422
-13.33333306	0.00477454
-13.29999973	0.00481430
-13.26666640	0.00474654
-13.23333307	0.00477838
-13.19999973	0.00474486
-13.16666640	0.00463095
-13.13333307	0.00472878
-13.09999973	0.00462519
-13.06666640	0.00463519
-13.03333307	0.00462946
-12.99999973	0.00455247
-12.96666640	0.00456741
-12.93333307	0.00452542
-12.89999974	0.00441534
-12.86666640	0.00448294
-12.83333307	0.00444265
-12.79999974	0.00441490
-12.76666640	0.00438248
-12.73333307	0.00425945
-12.69999974	0.00423361
-12.66666640	0.00419209
-12.63333307	0.00416966
-12.59999974	0.00398126
-12.56666641	0.00387440
-12.53333307	0.00379983
-12.49999974	0.00376120
-12.46666641	0.00358403
-12.43333307	0.00347904
-12.39999974	0.00332625
-12.36666641	0.00331182
-12.33333307	0.00322607
-12.29999974	0.00300310
-12.26666641	0.00300779
-12.23333308	0.00278671
-12.19999974	0.00281501
-12.16666641	0.00285450
-12.13333308	0.00266259
-12.09999974	0.00261844
-12.06666641	0.00246001
-12.03333308	0.00240578
-11.99999974	0.00243151
-11.96666641	0.00248683
-11.93333308	0.00241990
-11.89999974	0.00235377
-11.86666641	0.00239372
-11.83333308	0.00240002
-11.79999975	0.00233306
-11.76666641	0.00238730
-11.73333308	0.00237777
-11.69999975	0.00259781
-11.66666641	0.00260416
-11.63333308	0.00270562
-11.59999975	0.00277157
-11.56666641	0.00279632
-11.53333308	0.00284915
-11.49999975	0.00290446
-11.46666642	0.00301714
-11.43333308	0.00324400
-11.39999975	0.00334233
-11.36666642	0.00343631
-11.33333308	0.00351192
-11.29999975	0.00371824
-11.26666642	0.00377408
-11.23333308	0.00387538
-11.19999975	0.00384302
-11.16666642	0.00406412
-11.13333309	0.00412111
-11.09999975	0.00417052
-11.06666642	0.00415796
-11.03333309	0.00423745
-10.99999975	0.00431671
-10.96666642	0.00426042
-10.93333309	0.00425962
-10.89999975	0.00430607
-10.86666642	0.00433675
-10.83333309	0.00419433
-10.79999976	0.00424615
-10.76666642	0.00424841
-10.73333309	0.00418174
-10.69999976	0.00405057
-10.66666642	0.00394310
-10.63333309	0.00384760
-10.59999976	0.00369882
-10.56666642	0.00359407
-10.53333309	0.00349044
-10.49999976	0.00333685
-10.46666643	0.00328455
-10.43333309	0.00313319
-10.39999976	0.00290420
-10.36666643	0.00272151
-10.33333309	0.00264431
-10.29999976	0.00237856
-10.26666643	0.00226065
-10.23333309	0.00203402
-10.19999976	0.00186085
-10.16666643	0.00157351
-10.13333310	0.00149619
-10.09999976	0.00127681
-10.06666643	0.00106149
-10.03333310	0.00093953
-9.99999976	0.00071708
-9.96666643	0.00061363
-9.93333310	0.00037382
-9.89999976	0.00017532
-9.86666643	-0.00010777
-9.83333310	-0.00034607
-9.79999977	-0.00051793
-9.76666643	-0.00080332
-9.73333310	-0.00107455
-9.69999977	-0.00122300
-9.66666643	-0.00152334
-9.63333310	-0.00167559
-9.59999977	-0.00178861
-9.56666643	-0.00202811
-9.53333310	-0.00215956
-9.49999977	-0.00234897
-9.46666643	-0.00263066
-9.43333310	-0.00278017
-9.39999977	-0.00305481
-9.36666644	-0.00318423
-9.33333310	-0.00340819
-9.29999977	-0.00352238
-9.26666644	-0.00361354
-9.23333310	-0.00378151
-9.19999977	-0.00391171
-9.16666644	-0.00409632
-9.13333310	-0.00433215
-9.09999977	-0.00436303
-9.06666644	-0.00457187
-9.03333311	-0.00470850
-8.99999977	-0.00485476
-8.96666644	-0.00499872
-8.93333311	-0.00509751
-8.89999977	-0.00521166
-8.86666644	-0.00531232
-8.83333311	-0.00552795
-8.79999977	-0.00557284
-8.76666644	-0.00575772
-8.73333311	-0.00573582
-8.69999978	-0.00589222
-8.66666644	-0.00606366
-8.63333311	-0.00613077
-8.59999978	-0.00619630
-8.56666644	-0.00631257
-8.53333311	-0.00638919
-8.49999978	-0.00649850
-8.46666644	-0.00650547
-8.43333311	-0.00656845
-8.39999978	-0.00665777
-8.36666645	-0.00673141
-8.33333311	-0.00673023
-8.29999978	-0.00678697
-8.26666645	-0.00675041
-8.23333311	-0.00682488
-8.19999978	-0.00690996
-8.16666645	-0.00692681
-8.13333311	-0.00700379
-8.09999978	-0.00689430
-8.06666645	-0.00702424
-8.03333312	-0.00683471
-7.99999978	-0.00684304
-7.96666645	-0.00675232
-7.93333312	-0.00680285
-7.89999978	-0.00675395
-7.86666645	-0.00680189
-7.83333312	-0.00669421
-7.79999978	-0.00671069
-7.76666645	-0.00656794
-7.73333312	-0.00644607
-7.69999979	-0.00650132
-7.66666645	-0.00639590
-7.63333312	-0.00642783
-7.59999979	-0.00641597
-7.56666645	-0.00633763
-7.53333312	-0.00631069
-7.49999979	-0.00623414
-7.46666645	-0.00618133
-7.43333312	-0.00624558
-7.39999979	-0.00616126
-7.36666645	-0.00625650
-7.33333312	-0.00622146
-7.29999979	-0.00615958
-7.26666646	-0.00619514
-7.23333312	-0.00613841
-7.19999979	-0.00622284
-7.16666646	-0.00630086
-7.13333312	-0.00640080
-7.09999979	-0.00629237
-7.06666646	-0.00643222
-7.03333312	-0.00655698
-6.99999979	-0.00663869
-6.96666646	-0.00688823
-6.93333313	-0.00690564
-6.89999979	-0.00703430
-6.86666646	-0.00730233
-6.83333313	-0.00736053
-6.79999979	-0.00748407
-6.76666646	-0.00754273
-6.73333313	-0.00760826
-6.69999979	-0.00775880
-6.66666646	-0.00793731
-6.63333313	-0.00803933
-6.59999980	-0.00811840
-6.56666646	-0.00830671
-6.53333313	-0.00842047
-6.49999980	-0.00853657
-6.46666646	-0.00865195
-6.43333313	-0.00881334
-6.39999980	-0.00882934
-6.36666646	-0.00901382
-6.33333313	-0.00911845
-6.29999980	-0.00916230
-6.26666647	-0.00933882
-6.23333313	-0.00934306
-6.19999980	-0.00938813
-6.16666647	-0.00940554
-6.13333313	-0.00952916
-6.09999980	-0.00955675
-6.06666647	-0.00959519
-6.03333313	-0.00956988
-5.99999980	-0.00961493
-5.96666647	-0.00958012
-5.93333314	-0.00962812
-5.89999980	-0.00957104
-5.86666647	-0.00961530
-5.83333314	-0.00968494
-5.79999980	-0.00959684
-5.76666647	-0.00969459
-5.73333314	-0.00974218
-5.69999980	-0.00978508
-5.66666647	-0.00965000
-5.63333314	-0.00977960
-5.59999981	-0.00979550
-5.56666647	-0.00979358
-5.53333314	-0.00978772
-5.49999981	-0.00993527
-5.46666647	-0.01003382
-5.43333314	-0.01006860
-5.39999981	-0.01018974
-5.36666647	-0.01029207
-5.33333314	-0.01041276
-5.29999981	-0.01044309
-5.26666648	-0.01049888
-5.23333314	-0.01067420
-5.19999981	-0.01080439
-5.16666648	-0.01071471
-5.13333314	-0.01077279
-5.09999981	-0.01089713
-5.06666648	-0.01113168
-5.03333314	-0.01116321
-4.99999981	-0.01123509
-4.96666648	-0.01129031
-4.93333314	-0.01143416
-4.89999981	-0.01148244
-4.86666648	-0.01155419
-4.83333315	-0.01173064
-4.79999981	-0.01178910
-4.76666648	-0.01179851
-4.73333315	-0.01193107
-4.69999981	-0.01197252
-4.66666648	-0.01194410
-4.63333315	-0.01193426
-4.59999981	-0.01202781
-4.56666648	-0.01200278
-4.53333315	-0.01206101
-4.49999982	-0.01206677
-4.46666648	-0.01210441
-4.43333315	-0.01207580
-4.39999982	-0.01206038
-4.36666648	-0.01193796
-4.33333315	-0.01180216
-4.29999982	-0.01188104
-4.26666648	-0.01170935
-4.23333315	-0.01157053
-4.19999982	-0.01149436
-4.16666649	-0.01137111
-4.13333315	-0.01128649
-4.09999982	-0.01100007
-4.06666649	-0.01088049
-4.03333315	-0.01067469
-3.99999982	-0.01053945
-3.96666649	-0.01036130
-3.93333315	-0.01000148
-3.89999982	-0.00983046
-3.86666649	-0.00961334
-3.83333316	-0.00944993
-3.79999982	-0.00914098
-3.76666649	-0.00885503
-3.73333316	-0.00856353
-3.69999982	-0.00830133
-3.66666649	-0.00796020
-3.63333316	-0.00777322
-3.59999982	-0.00735653
-3.56666649	-0.00712311
-3.53333316	-0.00680188
-3.49999983	-0.00643560
-3.46666649	-0.00609151
-3.43333316	-0.00579740
-3.39999983	-0.00542481
-3.36666649	-0.00503455
-3.33333316	-0.00472805
-3.29999983	-0.00438915
-3.26666649	-0.00394028
-3.23333316	-0.00357516
-3.19999983	-0.00321299
-3.16666650	-0.00281075
-3.13333316	-0.00244648
-3.09999983	-0.00188976
-3.06666650	-0.00155475
-3.03333316	-0.00121219
-2.99999983	-0.00082309
-2.96666650	-0.00034749
-2.93333316	0.00007871
-2.89999983	0.00050722
-2.86666650	0.00105270
-2.83333316	0.00138139
-2.79999983	0.00176752
-2.76666650	0.00219166
-2.73333317	0.00261172
-2.69999983	0.00303584
-2.66666650	0.00346259
-2.63333317	0.00385225
-2.59999983	0.00434324
-2.56666650	0.00467056
-2.53333317	0.00497672
-2.49999983	0.00546537
-2.46666650	0.00576057
-2.43333317	0.00622403
-2.39999984	0.00650532
-2.36666650	0.00690507
-2.33333317	0.00719001
-2.29999984	0.00746334
-2.26666650	0.00768975
-2.23333317	0.00808176
-2.19999984	0.00832987
-2.16666650	0.00854751
-2.13333317	0.00873964
-2.09999984	0.00901141
-2.06666651	0.00926768
-2.03333317	0.00938680
-1.99999984	0.00957605
-1.96666651	0.00976089
-1.93333317	0.00991958
-1.89999984	0.00998500
-1.86666651	0.01007380
-1.83333317	0.01020573
-1.79999984	0.01024875
-1.76666651	0.01034001
-1.73333318	0.01033187
-1.69999984	0.01034847
-1.66666651	0.01035690
-1.63333318	0.01035736
-1.59999984	0.01036207
-1.56666651	0.01024876
-1.53333318	0.01013626
-1.49999984	0.01005666
-1.46666651	0.01007714
-1.43333318	0.00990558
-1.39999985	0.00988550
-1.36666651	0.00965705
-1.33333318	0.00965813
-1.29999985	0.00961498
-1.26666651	0.00953929
-1.23333318	0.00941663
-1.19999985	0.00937978
-1.16666651	0.00932525
-1.13333318	0.00917677
-1.09999985	0.00919561
-1.06666652	0.00903802
-1.03333318	0.00887144
-0.99999985	0.00884854
-0.96666652	0.00876420
-0.93333318	0.00869895
-0.89999985	0.00877859
-0.86666652	0.00867360
-0.83333318	0.00861373
-0.79999985	0.00857480
-0.76666652	0.00852511
-0.73333319	0.00856118
-0.69999985	0.00857280
-0.66666652	0.00856673
-0.63333319	0.00849701
-0.59999985	0.00851095
-0.56666652	0.00854787
-0.53333319	0.00850704
-0.49999985	0.00855098
-0.46666652	0.00852179
-0.43333319	0.00861456
-0.39999985	0.00871507
-0.36666652	0.00875306
-0.33333319	0.00879792
-0.29999986	0.00882710
-0.26666652	0.00893387
-0.23333319	0.00890034
-0.19999986	0.00911626
-0.16666652	0.00919717
-0.13333319	0.00924251
-0.09999986	0.00927605
-0.06666652	0.00944611
-0.03333319	0.00959704
0.00000014	0.00980823
0.03333347	0.00989261
0.06666681	0.01007410
0.10000014	0.01013773
0.13333347	0.01030763
0.16666681	0.01051809
0.20000014	0.01067498
0.23333347	0.01075769
0.26666681	0.01096852
0.30000014	0.01119034
0.33333347	0.01131151
0.36666680	0.01152487
0.40000014	0.01161658
0.43333347	0.01183145
0.46666680	0.01201627
0.50000014	0.01217968
0.53333347	0.01240952
0.56666680	0.01262461
0.60000014	0.01284523
0.63333347	0.01287746
0.66666680	0.01313305
0.70000013	0.01322039
0.73333347	0.01329891
0.76666680	0.01344823
0.80000013	0.01367431
0.83333347	0.01374882
0.86666680	0.01392636
0.90000013	0.01401558
0.93333347	0.01412600
0.96666680	0.01420437
1.00000013	0.01425621
1.03333346	0.01430898
1.06666680	0.01439058
1.10000013	0.01461277
1.13333346	0.01462855
1.16666680	0.01465125
1.20000013	0.01481123
1.23333346	0.01476839
1.26666680	0.01479809
1.30000013	0.01474017
1.33333346	0.01475086
1.36666679	0.01483653
1.40000013	0.01494983
1.43333346	0.01494336
1.46666679	0.01495679
1.50000013	0.01498246
1.53333346	0.01488605
1.56666679	0.01480150
1.60000013	0.01486566
1.63333346	0.01493013
1.66666679	0.01489661
1.70000013	0.01470134
1.73333346	0.01472722
1.76666679	0.01482216
1.80000012	0.01477667
1.83333346	0.01468815
1.86666679	0.01456404
1.90000012	0.01454283
1.93333346	0.01437046
1.96666679	0.01435664
2.00000012	0.01429947
2.03333346	0.01409574
2.06666679	0.01412888
2.10000012	0.01391495
2.13333345	0.01392054
2.16666679	0.01374664
2.20000012	0.01347981
2.23333345	0.01350247
2.26666679	0.01328720
2.30000012	0.01329269
2.33333345	0.01306705
2.36666679	0.01287386
2.40000012	0.01260766
2.43333345	0.01255354
2.46666678	0.01253862
2.50000012	0.01226078
2.53333345	0.01222022
2.56666678	0.01205074
2.60000012	0.01192451
2.63333345	0.01170353
2.66666678	0.01151810
2.70000012	0.01152869
2.73333345	0.01134761
2.76666678	0.01123100
2.80000011	0.01102725
2.83333345	0.01086362
2.86666678	0.01080990
2.90000011	0.01064378
2.93333345	0.01050046
2.96666678	0.01028826
3.00000011	0.01013671
3.03333345	0.00997288
3.06666678	0.00987935
3.10000011	0.00972535
3.13333344	0.00954798
3.16666678	0.00933903
3.20000011	0.00924037
3.23333344	0.00911316
3.26666678	0.00894893
3.30000011	0.00870801
3.33333344	0.00853830
3.36666678	0.00837858
3.40000011	0.00827814
3.43333344	0.00807358
3.46666677	0.00788975
3.50000011	0.00778370
3.53333344	0.00757169
3.56666677	0.00734860
3.60000011	0.00711015
3.63333344	0.00697937
3.66666677	0.00670534
3.70000011	0.00648736
3.73333344	0.00629329
3.76666677	0.00611679
3.80000011	0.00582709
3.83333344	0.00576073
3.86666677	0.00568185
3.90000010	0.00538413
3.93333344	0.00507585
3.96666677	0.00500575
4.00000010	0.00466003
4.03333344	0.00456318
4.06666677	0.00438158
4.10000010	0.00410215
4.13333344	0.00389970
4.16666677	0.00364312
4.20000010	0.00351325
4.23333343	0.00317400
4.26666677	0.00308147
4.30000010	0.00281736
4.33333343	0.00267518
4.36666677	0.00240017
4.40000010	0.00229784
4.43333343	0.00196983
4.46666677	0.00197709
4.50000010	0.00167769
4.53333343	0.00147336
4.56666676	0.00137245
4.60000010	0.00121120
4.63333343	0.00102084
4.66666676	0.00079594
4.70000010	0.00054769
4.73333343	0.00046810
4.76666676	0.00029283
4.80000010	0.00018591
4.83333343	0.00005432
4.86666676	-0.00016998
4.90000009	-0.00025039
4.93333343	-0.00045600
4.96666676	-0.00059064
5.00000009	-0.00069262
5.03333343	-0.00086334
5.06666676	-0.00103194
5.10000009	-0.00119001
5.13333343	-0.00146112
5.16666676	-0.00155343
5.20000009	-0.00168031
5.23333342	-0.00184476
5.26666676	-0.00190630
5.30000009	-0.00204194
5.33333342	-0.00219125
5.36666676	-0.00232942
5.40000009	-0.00254306
5.43333342	-0.00266237
5.46666676	-0.00268373
5.50000009	-0.00272179
5.53333342	-0.00290111
5.56666675	-0.00292612
5.60000009	-0.00301126
5.63333342	-0.00315464
5.66666675	-0.00309157
5.70000009	-0.00325116
5.73333342	-0.00328081
5.76666675	-0.00325076
5.80000009	-0.00331585
5.83333342	-0.00339300
5.86666675	-0.00337291
5.90000008	-0.00341829
5.93333342	-0.00332563
5.96666675	-0.00330368
6.00000008	-0.00341472
6.03333342	-0.00346664
6.06666675	-0.00341477
6.10000008	-0.00332021
6.13333342	-0.00328063
6.16666675	-0.00331605
6.20000008	-0.00318038
6.23333342	-0.00319000
6.26666675	-0.00318175
6.30000008	-0.00314364
6.33333341	-0.00318645
6.36666675	-0.00303513
6.40000008	-0.00304811
6.43333341	-0.00298074
6.46666675	-0.00294792
6.50000008	-0.00287737
6.53333341	-0.00283759
6.56666675	-0.00280783
6.60000008	-0.00278230
6.63333341	-0.00258776
6.66666674	-0.00276198
6.70000008	-0.00268309
6.73333341	-0.00267352
6.76666674	-0.00260178
6.80000008	-0.00268801
6.83333341	-0.00275298
6.86666674	-0.00271615
6.90000008	-0.00267999
6.93333341	-0.00275623
6.96666674	-0.00288243
7.00000007	-0.00277249
7.03333341	-0.00281944
7.06666674	-0.00296053
7.10000007	-0.00306896
7.13333341	-0.00315588
7.16666674	-0.00329803
7.20000007	-0.00330159
7.23333341	-0.00334691
7.26666674	-0.00336659
7.30000007	-0.00343679
7.33333340	-0.00347383
7.36666674	-0.00365955
7.40000007	-0.00370096
7.43333340	-0.00374952
7.46666674	-0.00384222
7.50000007	-0.00378520
7.53333340	-0.00385523
7.56666674	-0.00405327
7.60000007	-0.00407027
7.63333340	-0.00415380
7.66666673	-0.00426061
7.70000007	-0.00434607
7.73333340	-0.00447274
7.76666673	-0.00448308
7.80000007	-0.00457710
7.83333340	-0.00464878
7.86666673	-0.00476091
7.90000007	-0.00486005
7.93333340	-0.00490148
7.96666673	-0.00489129
8.00000006	-0.00501237
8.03333340	-0.00512045
8.06666673	-0.00513013
8.10000006	-0.00527904
8.13333340	-0.00525261
8.16666673	-0.00534663
8.20000006	-0.00533321
8.23333340	-0.00553323
8.26666673	-0.00547889
8.30000006	-0.00542743
8.33333340	-0.00557584
8.36666673	-0.00565578
8.40000006	-0.00567925
8.43333339	-0.00574445
8.46666673	-0.00578502
8.50000006	-0.00584449
8.53333339	-0.00582599
8.56666673	-0.00582745
8.60000006	-0.00579751
8.63333339	-0.00593520
8.66666673	-0.00595705
8.70000006	-0.00598920
8.73333339	-0.00602526
8.76666672	-0.00602074
8.80000006	-0.00601785
8.83333339	-0.00605074
8.86666672	-0.00601190
8.90000006	-0.00597047
8.93333339	-0.00596549
8.96666672	-0.00597432
9.00000006	-0.00597619
9.03333339	-0.00598736
9.06666672	-0.00589976
9.10000005	-0.00597616
9.13333339	-0.00595779
9.16666672	-0.00581322
9.20000005	-0.00588296
9.23333339	-0.00581502
9.26666672	-0.00580162
9.30000005	-0.00577566
9.33333339	-0.00573510
9.36666672	-0.00567073
9.40000005	-0.00560091
9.43333338	-0.00556525
9.46666672	-0.00545552
9.50000005	-0.00550155
9.53333338	-0.00544563
9.56666672	-0.00537924
9.60000005	-0.00530526
9.63333338	-0.00527617
9.66666672	-0.00517779
9.70000005	-0.00518902
9.73333338	-0.00512718
9.76666671	-0.00514059
9.80000005	-0.00503789
9.83333338	-0.00495906
9.86666671	-0.00493298
9.90000005	-0.00485334
9.93333338	-0.00478280
9.96666671	-0.00480660
10.00000005	-0.00476173
10.03333338	-0.00466856
10.06666671	-0.00464668
10.10000004	-0.00467559
10.13333338	-0.00457976
10.16666671	-0.00444862
10.20000004	-0.00441073
10.23333338	-0.00438827
10.26666671	-0.00435935
10.30000004	-0.00433110
10.33333338	-0.00434382
10.36666671	-0.00423135
10.40000004	-0.00424198
10.43333337	-0.00422608
10.46666671	-0.00416987
10.50000004	-0.00417053
10.53333337	-0.00405703
10.56666671	-0.00406992
10.60000004	-0.00397599
10.63333337	-0.00392566
10.66666671	-0.00392453
10.70000004	-0.00389395
10.73333337	-0.00383549
10.76666671	-0.00383813
10.80000004	-0.00375958
10.83333337	-0.00374360
10.86666670	-0.00372305
10.90000004	-0.00370359
10.93333337	-0.00360189
10.96666670	-0.00360646
11.00000004	-0.00355755
11.03333337	-0.00355412
11.06666670	-0.00348471
11.10000004	-0.00345687
11.13333337	-0.00340904
11.16666670	-0.00338475
11.20000003	-0.00330406
11.23333337	-0.00329584
11.26666670	-0.00325281
11.30000003	-0.00322401
11.33333337	-0.00318226
11.36666670	-0.00312606
11.40000003	-0.00310814
11.43333337	-0.00309284
11.46666670	-0.00304791
11.50000003	-0.00302279
11.53333336	-0.00298526
11.56666670	-0.00296439
11.60000003	-0.00284753
11.63333336	-0.00281959
11.66666670	-0.00280581
11.70000003	-0.00276044
11.73333336	-0.00270467
11.76666670	-0.00264525
11.80000003	-0.00260574
11.83333336	-0.00253684
11.86666669	-0.00247502
11.90000003	-0.00244327
11.93333336	-0.00241294
11.96666669	-0.00232243
12.00000003	-0.00228868
12.03333336	-0.00220484
12.06666669	-0.00217070
12.10000003	-0.00210277
12.13333336	-0.00203778
12.16666669	-0.00199229
12.20000002	-0.00194386
12.23333336	-0.00186099
12.26666669	-0.00184070
12.30000002	-0.00177293
12.33333336	-0.00173530
12.36666669	-0.00165432
12.40000002	-0.00162615
12.43333336	-0.00156300
12.46666669	-0.00153103
12.50000002	-0.00148214
12.53333335	-0.00141840
12.56666669	-0.00139816
12.60000002	-0.00135955
12.63333335	-0.00131586
12.66666669	-0.00128649
12.70000002	-0.00125055
12.73333335	-0.00121529
12.76666669	-0.00116774
12.80000002	-0.00113122
12.83333335	-0.00110861
12.86666669	-0.00107310
12.90000002	-0.00103831
12.93333335	-0.00100737
12.96666668	-0.00097095
13.00000002	-0.00093557
13.03333335	-0.00091721
13.06666668	-0.00088458
13.10000002	-0.00086667
13.13333335	-0.00083563
13.16666668	-0.00081005
13.20000002	-0.00077928
13.23333335	-0.00074737
13.26666668	-0.00073175
13.30000001	-0.00070080
13.33333335	-0.00067143
13.36666668	-0.00064492
13.40000001	-0.00061769
13.43333335	-0.00059295
13.46666668	-0.00057398
13.50000001	-0.00054728
13.53333335	-0.00052146
13.56666668	-0.00049816
13.60000001	-0.00046805
13.63333334	-0.00045077
13.66666668	-0.00042804
13.70000001	-0.00041029
13.73333334	-0.00038606
13.76666668	-0.00036988
13.80000001	-0.00033850
13.83333334	-0.00032166
13.86666668	-0.00030184
13.90000001	-0.00028184
13.93333334	-0.00026157
13.96666667	-0.00024564
14.00000001	-0.00022898
14.03333334	-0.00021377
14.06666667	-0.00019742
14.10000001	-0.00018224
14.13333334	-0.00016966
14.16666667	-0.00015372
14.20000001	-0.00014074
14.23333334	-0.00012785
14.26666667	-0.00011600
14.30000000	-0.00010441
14.33333334	-0.00009429
14.36666667	-0.00008417
14.40000000	-0.00007323
14.43333334	-0.00006392
14.46666667	-0.00005529
14.50000000	-0.00004720
14.53333334	-0.00004007
14.56666667	-0.00003308
14.60000000	-0.00002671
14.63333333	-0.00002146
14.66666667	-0.00001636
14.70000000	-0.00001182
14.73333333	-0.00000827
14.76666667	-0.00000527
14.80000000	-0.00000298
14.83333333	-0.00000132
14.86666667	-0.00000033
14.90000000	0.00000000
