# Menlo Systems GmbH ScanControl
# Program Version 1.3.3
# Start: -65.00000000 ps, Average over 1000 waveforms. Timestamp: 2020-07-02T17:32:09
# Time [ps]	THz Signal [a.u.]
-65.06666599	0.00000000
-65.03333265	0.00000002
-64.99999932	0.00000007
-64.96666599	0.00000016
-64.93333266	0.00000021
-64.89999932	0.00000040
-64.86666599	0.00000050
-64.83333266	0.00000063
-64.79999932	0.00000098
-64.76666599	0.00000081
-64.73333266	0.00000054
-64.69999932	0.00000120
-64.66666599	0.00000088
-64.63333266	0.00000102
-64.59999933	-0.00000005
-64.56666599	0.00000088
-64.53333266	-0.00000098
-64.49999933	-0.00000171
-64.46666599	-0.00000223
-64.43333266	-0.00000376
-64.39999933	-0.00000459
-64.36666599	-0.00000608
-64.33333266	-0.00000502
-64.29999933	-0.00000763
-64.26666599	-0.00000842
-64.23333266	-0.00000989
-64.19999933	-0.00001157
-64.16666600	-0.00001322
-64.13333266	-0.00001413
-64.09999933	-0.00002036
-64.06666600	-0.00001845
-64.03333266	-0.00002525
-63.99999933	-0.00002592
-63.96666600	-0.00002683
-63.93333266	-0.00003281
-63.89999933	-0.00003008
-63.86666600	-0.00003061
-63.83333266	-0.00002886
-63.79999933	-0.00003482
-63.76666600	-0.00004660
-63.73333267	-0.00004601
-63.69999933	-0.00004710
-63.66666600	-0.00005104
-63.63333267	-0.00005306
-63.59999933	-0.00005863
-63.56666600	-0.00006764
-63.53333267	-0.00007312
-63.49999933	-0.00007356
-63.46666600	-0.00007630
-63.43333267	-0.00007362
-63.39999934	-0.00008025
-63.36666600	-0.00009104
-63.33333267	-0.00009487
-63.29999934	-0.00009565
-63.26666600	-0.00011343
-63.23333267	-0.00010605
-63.19999934	-0.00011819
-63.16666600	-0.00012172
-63.13333267	-0.00010871
-63.09999934	-0.00011839
-63.06666600	-0.00011427
-63.03333267	-0.00012793
-62.99999934	-0.00012117
-62.96666601	-0.00011927
-62.93333267	-0.00011780
-62.89999934	-0.00011389
-62.86666601	-0.00013382
-62.83333267	-0.00012658
-62.79999934	-0.00011564
-62.76666601	-0.00010037
-62.73333267	-0.00010387
-62.69999934	-0.00008169
-62.66666601	-0.00009212
-62.63333268	-0.00006648
-62.59999934	-0.00009050
-62.56666601	-0.00007254
-62.53333268	-0.00006324
-62.49999934	-0.00004137
-62.46666601	-0.00001045
-62.43333268	-0.00003155
-62.39999934	0.00002955
-62.36666601	0.00004770
-62.33333268	0.00002299
-62.29999934	0.00006767
-62.26666601	0.00006724
-62.23333268	0.00004862
-62.19999935	0.00008546
-62.16666601	0.00013627
-62.13333268	0.00011490
-62.09999935	0.00011877
-62.06666601	0.00016657
-62.03333268	0.00018084
-61.99999935	0.00022651
-61.96666601	0.00026144
-61.93333268	0.00028402
-61.89999935	0.00030264
-61.86666601	0.00036073
-61.83333268	0.00036388
-61.79999935	0.00038364
-61.76666602	0.00041255
-61.73333268	0.00044435
-61.69999935	0.00046349
-61.66666602	0.00050127
-61.63333268	0.00053654
-61.59999935	0.00053116
-61.56666602	0.00059449
-61.53333268	0.00068694
-61.49999935	0.00067485
-61.46666602	0.00073522
-61.43333269	0.00080001
-61.39999935	0.00081131
-61.36666602	0.00081277
-61.33333269	0.00086988
-61.29999935	0.00089912
-61.26666602	0.00085512
-61.23333269	0.00090964
-61.19999935	0.00098638
-61.16666602	0.00096817
-61.13333269	0.00096941
-61.09999935	0.00102710
-61.06666602	0.00099858
-61.03333269	0.00105887
-60.99999936	0.00103791
-60.96666602	0.00106426
-60.93333269	0.00104112
-60.89999936	0.00107768
-60.86666602	0.00108884
-60.83333269	0.00112126
-60.79999936	0.00105004
-60.76666602	0.00110858
-60.73333269	0.00108088
-60.69999936	0.00102837
-60.66666603	0.00110295
-60.63333269	0.00105117
-60.59999936	0.00104485
-60.56666603	0.00098905
-60.53333269	0.00095304
-60.49999936	0.00094754
-60.46666603	0.00093874
-60.43333269	0.00083684
-60.39999936	0.00083669
-60.36666603	0.00074821
-60.33333269	0.00078069
-60.29999936	0.00070428
-60.26666603	0.00058939
-60.23333270	0.00058050
-60.19999936	0.00053731
-60.16666603	0.00044923
-60.13333270	0.00036636
-60.09999936	0.00023393
-60.06666603	0.00017412
-60.03333270	0.00005939
-59.99999936	-0.00001594
-59.96666603	-0.00006099
-59.93333270	-0.00013826
-59.89999936	-0.00018055
-59.86666603	-0.00027610
-59.83333270	-0.00038584
-59.79999937	-0.00045697
-59.76666603	-0.00058737
-59.73333270	-0.00062813
-59.69999937	-0.00071346
-59.66666603	-0.00076715
-59.63333270	-0.00080793
-59.59999937	-0.00094785
-59.56666603	-0.00097858
-59.53333270	-0.00108551
-59.49999937	-0.00105428
-59.46666604	-0.00119583
-59.43333270	-0.00122039
-59.39999937	-0.00118418
-59.36666604	-0.00130791
-59.33333270	-0.00137784
-59.29999937	-0.00134372
-59.26666604	-0.00147999
-59.23333270	-0.00138726
-59.19999937	-0.00146658
-59.16666604	-0.00144136
-59.13333270	-0.00149576
-59.09999937	-0.00142260
-59.06666604	-0.00147012
-59.03333271	-0.00143559
-58.99999937	-0.00141399
-58.96666604	-0.00141114
-58.93333271	-0.00147490
-58.89999937	-0.00151445
-58.86666604	-0.00142073
-58.83333271	-0.00134826
-58.79999937	-0.00133136
-58.76666604	-0.00132370
-58.73333271	-0.00128887
-58.69999938	-0.00125477
-58.66666604	-0.00129105
-58.63333271	-0.00123796
-58.59999938	-0.00113532
-58.56666604	-0.00113568
-58.53333271	-0.00101946
-58.49999938	-0.00106481
-58.46666604	-0.00097848
-58.43333271	-0.00101968
-58.39999938	-0.00102646
-58.36666604	-0.00097680
-58.33333271	-0.00089290
-58.29999938	-0.00096377
-58.26666605	-0.00100846
-58.23333271	-0.00091751
-58.19999938	-0.00087861
-58.16666605	-0.00086357
-58.13333271	-0.00083761
-58.09999938	-0.00082649
-58.06666605	-0.00080372
-58.03333271	-0.00082003
-57.99999938	-0.00081978
-57.96666605	-0.00065987
-57.93333271	-0.00072136
-57.89999938	-0.00079217
-57.86666605	-0.00078854
-57.83333272	-0.00073993
-57.79999938	-0.00074915
-57.76666605	-0.00066004
-57.73333272	-0.00068294
-57.69999938	-0.00071722
-57.66666605	-0.00073292
-57.63333272	-0.00070828
-57.59999938	-0.00063796
-57.56666605	-0.00075226
-57.53333272	-0.00072312
-57.49999939	-0.00073606
-57.46666605	-0.00071561
-57.43333272	-0.00079272
-57.39999939	-0.00066352
-57.36666605	-0.00063840
-57.33333272	-0.00075057
-57.29999939	-0.00050863
-57.26666605	-0.00052334
-57.23333272	-0.00054870
-57.19999939	-0.00048206
-57.16666605	-0.00042322
-57.13333272	-0.00035801
-57.09999939	-0.00026581
-57.06666606	-0.00023679
-57.03333272	-0.00014767
-56.99999939	-0.00019565
-56.96666606	-0.00010059
-56.93333272	-0.00011479
-56.89999939	-0.00009633
-56.86666606	-0.00001291
-56.83333272	0.00002793
-56.79999939	-0.00007847
-56.76666606	0.00010195
-56.73333273	0.00014311
-56.69999939	0.00015600
-56.66666606	0.00017446
-56.63333273	0.00022467
-56.59999939	0.00026613
-56.56666606	0.00027586
-56.53333273	0.00032083
-56.49999939	0.00034853
-56.46666606	0.00033476
-56.43333273	0.00040707
-56.39999939	0.00043634
-56.36666606	0.00036395
-56.33333273	0.00053174
-56.29999940	0.00047381
-56.26666606	0.00066488
-56.23333273	0.00056473
-56.19999940	0.00068819
-56.16666606	0.00065425
-56.13333273	0.00070710
-56.09999940	0.00074170
-56.06666606	0.00075638
-56.03333273	0.00089514
-55.99999940	0.00086620
-55.96666606	0.00078244
-55.93333273	0.00092519
-55.89999940	0.00090427
-55.86666607	0.00083914
-55.83333273	0.00102821
-55.79999940	0.00099886
-55.76666607	0.00104089
-55.73333273	0.00104981
-55.69999940	0.00106646
-55.66666607	0.00107570
-55.63333273	0.00112546
-55.59999940	0.00108841
-55.56666607	0.00107697
-55.53333274	0.00113754
-55.49999940	0.00115839
-55.46666607	0.00118046
-55.43333274	0.00116653
-55.39999940	0.00127052
-55.36666607	0.00126965
-55.33333274	0.00116839
-55.29999940	0.00119324
-55.26666607	0.00118181
-55.23333274	0.00120596
-55.19999940	0.00118362
-55.16666607	0.00115169
-55.13333274	0.00115632
-55.09999941	0.00107621
-55.06666607	0.00112108
-55.03333274	0.00111110
-54.99999941	0.00101762
-54.96666607	0.00103515
-54.93333274	0.00090087
-54.89999941	0.00098795
-54.86666607	0.00091626
-54.83333274	0.00090385
-54.79999941	0.00086703
-54.76666608	0.00096481
-54.73333274	0.00098032
-54.69999941	0.00089701
-54.66666608	0.00093259
-54.63333274	0.00083407
-54.59999941	0.00083535
-54.56666608	0.00086463
-54.53333274	0.00083451
-54.49999941	0.00079745
-54.46666608	0.00085916
-54.43333274	0.00078308
-54.39999941	0.00084188
-54.36666608	0.00076864
-54.33333275	0.00076157
-54.29999941	0.00077979
-54.26666608	0.00073530
-54.23333275	0.00078136
-54.19999941	0.00075167
-54.16666608	0.00068040
-54.13333275	0.00062892
-54.09999941	0.00066390
-54.06666608	0.00062300
-54.03333275	0.00058655
-53.99999942	0.00079590
-53.96666608	0.00069294
-53.93333275	0.00071308
-53.89999942	0.00071496
-53.86666608	0.00062817
-53.83333275	0.00065460
-53.79999942	0.00055274
-53.76666608	0.00070486
-53.73333275	0.00068333
-53.69999942	0.00069837
-53.66666608	0.00064625
-53.63333275	0.00067137
-53.59999942	0.00070729
-53.56666609	0.00060203
-53.53333275	0.00069568
-53.49999942	0.00067859
-53.46666609	0.00068911
-53.43333275	0.00060699
-53.39999942	0.00048968
-53.36666609	0.00048838
-53.33333275	0.00048879
-53.29999942	0.00039670
-53.26666609	0.00047660
-53.23333275	0.00045975
-53.19999942	0.00047534
-53.16666609	0.00038965
-53.13333276	0.00035961
-53.09999942	0.00046040
-53.06666609	0.00052383
-53.03333276	0.00044088
-52.99999942	0.00046158
-52.96666609	0.00049853
-52.93333276	0.00045775
-52.89999942	0.00044465
-52.86666609	0.00046394
-52.83333276	0.00049289
-52.79999943	0.00048940
-52.76666609	0.00054570
-52.73333276	0.00066901
-52.69999943	0.00065999
-52.66666609	0.00069912
-52.63333276	0.00058987
-52.59999943	0.00075625
-52.56666609	0.00065699
-52.53333276	0.00072188
-52.49999943	0.00073166
-52.46666609	0.00081571
-52.43333276	0.00076235
-52.39999943	0.00080476
-52.36666610	0.00077833
-52.33333276	0.00082986
-52.29999943	0.00080418
-52.26666610	0.00080288
-52.23333276	0.00080520
-52.19999943	0.00086230
-52.16666610	0.00079924
-52.13333276	0.00086281
-52.09999943	0.00088162
-52.06666610	0.00084240
-52.03333277	0.00073637
-51.99999943	0.00088772
-51.96666610	0.00088413
-51.93333277	0.00089765
-51.89999943	0.00088098
-51.86666610	0.00088709
-51.83333277	0.00094169
-51.79999943	0.00094937
-51.76666610	0.00094982
-51.73333277	0.00097557
-51.69999943	0.00093915
-51.66666610	0.00091301
-51.63333277	0.00087342
-51.59999944	0.00085060
-51.56666610	0.00088843
-51.53333277	0.00087580
-51.49999944	0.00086114
-51.46666610	0.00084142
-51.43333277	0.00077097
-51.39999944	0.00085723
-51.36666610	0.00071694
-51.33333277	0.00075562
-51.29999944	0.00075085
-51.26666610	0.00084848
-51.23333277	0.00083381
-51.19999944	0.00074331
-51.16666611	0.00081254
-51.13333277	0.00081332
-51.09999944	0.00078189
-51.06666611	0.00077204
-51.03333277	0.00085615
-50.99999944	0.00087123
-50.96666611	0.00078254
-50.93333277	0.00070549
-50.89999944	0.00066963
-50.86666611	0.00075189
-50.83333278	0.00079100
-50.79999944	0.00075581
-50.76666611	0.00073112
-50.73333278	0.00070132
-50.69999944	0.00071555
-50.66666611	0.00066940
-50.63333278	0.00067909
-50.59999944	0.00069796
-50.56666611	0.00068121
-50.53333278	0.00067072
-50.49999944	0.00069378
-50.46666611	0.00061133
-50.43333278	0.00059876
-50.39999945	0.00067942
-50.36666611	0.00060225
-50.33333278	0.00058507
-50.29999945	0.00069055
-50.26666611	0.00071160
-50.23333278	0.00062663
-50.19999945	0.00059995
-50.16666611	0.00068709
-50.13333278	0.00064717
-50.09999945	0.00063822
-50.06666612	0.00072356
-50.03333278	0.00077837
-49.99999945	0.00076084
-49.96666612	0.00076537
-49.93333278	0.00081845
-49.89999945	0.00081937
-49.86666612	0.00079922
-49.83333278	0.00082440
-49.79999945	0.00076504
-49.76666612	0.00075024
-49.73333278	0.00084152
-49.69999945	0.00069203
-49.66666612	0.00064920
-49.63333279	0.00073969
-49.59999945	0.00067806
-49.56666612	0.00070157
-49.53333279	0.00060194
-49.49999945	0.00054589
-49.46666612	0.00063340
-49.43333279	0.00048052
-49.39999945	0.00046539
-49.36666612	0.00043692
-49.33333279	0.00029428
-49.29999945	0.00046043
-49.26666612	0.00033214
-49.23333279	0.00036662
-49.19999946	0.00032219
-49.16666612	0.00030981
-49.13333279	0.00030742
-49.09999946	0.00024039
-49.06666612	0.00030923
-49.03333279	0.00027163
-48.99999946	0.00025937
-48.96666612	0.00027945
-48.93333279	0.00031497
-48.89999946	0.00029565
-48.86666613	0.00029637
-48.83333279	0.00031590
-48.79999946	0.00036052
-48.76666613	0.00051409
-48.73333279	0.00032237
-48.69999946	0.00040656
-48.66666613	0.00031646
-48.63333279	0.00034647
-48.59999946	0.00051474
-48.56666613	0.00040686
-48.53333279	0.00040458
-48.49999946	0.00035286
-48.46666613	0.00044291
-48.43333280	0.00045986
-48.39999946	0.00035319
-48.36666613	0.00030508
-48.33333280	0.00036990
-48.29999946	0.00047872
-48.26666613	0.00041583
-48.23333280	0.00058155
-48.19999946	0.00047571
-48.16666613	0.00046250
-48.13333280	0.00043478
-48.09999947	0.00058901
-48.06666613	0.00049949
-48.03333280	0.00035967
-47.99999947	0.00036453
-47.96666613	0.00038517
-47.93333280	0.00036689
-47.89999947	0.00031327
-47.86666613	0.00012412
-47.83333280	0.00013940
-47.79999947	0.00013283
-47.76666613	0.00010013
-47.73333280	0.00001390
-47.69999947	-0.00010895
-47.66666614	-0.00017927
-47.63333280	-0.00035290
-47.59999947	-0.00040103
-47.56666614	-0.00038495
-47.53333280	-0.00042981
-47.49999947	-0.00060772
-47.46666614	-0.00059530
-47.43333280	-0.00080761
-47.39999947	-0.00091015
-47.36666614	-0.00088197
-47.33333280	-0.00101612
-47.29999947	-0.00106266
-47.26666614	-0.00104386
-47.23333281	-0.00107485
-47.19999947	-0.00101315
-47.16666614	-0.00106642
-47.13333281	-0.00109015
-47.09999947	-0.00112821
-47.06666614	-0.00117142
-47.03333281	-0.00119089
-46.99999947	-0.00120973
-46.96666614	-0.00122535
-46.93333281	-0.00112944
-46.89999948	-0.00110336
-46.86666614	-0.00106104
-46.83333281	-0.00116675
-46.79999948	-0.00106806
-46.76666614	-0.00110299
-46.73333281	-0.00107918
-46.69999948	-0.00098506
-46.66666614	-0.00096420
-46.63333281	-0.00081782
-46.59999948	-0.00091751
-46.56666614	-0.00082697
-46.53333281	-0.00086017
-46.49999948	-0.00071267
-46.46666615	-0.00065181
-46.43333281	-0.00053975
-46.39999948	-0.00058884
-46.36666615	-0.00053172
-46.33333281	-0.00032778
-46.29999948	-0.00026440
-46.26666615	-0.00018238
-46.23333281	-0.00010280
-46.19999948	0.00002467
-46.16666615	0.00014599
-46.13333282	0.00024234
-46.09999948	0.00037881
-46.06666615	0.00050058
-46.03333282	0.00054406
-45.99999948	0.00085859
-45.96666615	0.00093684
-45.93333282	0.00110050
-45.89999948	0.00126265
-45.86666615	0.00144746
-45.83333282	0.00159508
-45.79999948	0.00179471
-45.76666615	0.00201744
-45.73333282	0.00217858
-45.69999949	0.00234637
-45.66666615	0.00254357
-45.63333282	0.00275276
-45.59999949	0.00284384
-45.56666615	0.00311129
-45.53333282	0.00323106
-45.49999949	0.00350677
-45.46666615	0.00376650
-45.43333282	0.00397590
-45.39999949	0.00399560
-45.36666615	0.00407159
-45.33333282	0.00425702
-45.29999949	0.00445430
-45.26666616	0.00462087
-45.23333282	0.00481020
-45.19999949	0.00500449
-45.16666616	0.00516962
-45.13333282	0.00534245
-45.09999949	0.00543942
-45.06666616	0.00555463
-45.03333282	0.00583279
-44.99999949	0.00599963
-44.96666616	0.00620828
-44.93333283	0.00654375
-44.89999949	0.00671436
-44.86666616	0.00686100
-44.83333283	0.00721500
-44.79999949	0.00754072
-44.76666616	0.00779671
-44.73333283	0.00810164
-44.69999949	0.00843781
-44.66666616	0.00879496
-44.63333283	0.00919677
-44.59999949	0.00955239
-44.56666616	0.01007622
-44.53333283	0.01053444
-44.49999950	0.01100134
-44.46666616	0.01148090
-44.43333283	0.01200557
-44.39999950	0.01247515
-44.36666616	0.01307314
-44.33333283	0.01353223
-44.29999950	0.01404371
-44.26666616	0.01453054
-44.23333283	0.01503553
-44.19999950	0.01550680
-44.16666617	0.01575529
-44.13333283	0.01619321
-44.09999950	0.01644259
-44.06666617	0.01675883
-44.03333283	0.01691463
-43.99999950	0.01706022
-43.96666617	0.01700315
-43.93333283	0.01690782
-43.89999950	0.01659395
-43.86666617	0.01631337
-43.83333283	0.01576299
-43.79999950	0.01513461
-43.76666617	0.01439439
-43.73333284	0.01348032
-43.69999950	0.01248710
-43.66666617	0.01115081
-43.63333284	0.00976865
-43.59999950	0.00830600
-43.56666617	0.00663580
-43.53333284	0.00474339
-43.49999950	0.00285316
-43.46666617	0.00069165
-43.43333284	-0.00146767
-43.39999950	-0.00378450
-43.36666617	-0.00620012
-43.33333284	-0.00859535
-43.29999951	-0.01096238
-43.26666617	-0.01340063
-43.23333284	-0.01588972
-43.19999951	-0.01831743
-43.16666617	-0.02080349
-43.13333284	-0.02312531
-43.09999951	-0.02540013
-43.06666617	-0.02768953
-43.03333284	-0.02980950
-42.99999951	-0.03169683
-42.96666618	-0.03339583
-42.93333284	-0.03519149
-42.89999951	-0.03666277
-42.86666618	-0.03798663
-42.83333284	-0.03928113
-42.79999951	-0.04018587
-42.76666618	-0.04093418
-42.73333284	-0.04151155
-42.69999951	-0.04199091
-42.66666618	-0.04215190
-42.63333284	-0.04211031
-42.59999951	-0.04199391
-42.56666618	-0.04167917
-42.53333285	-0.04117907
-42.49999951	-0.04055943
-42.46666618	-0.03990200
-42.43333285	-0.03894701
-42.39999951	-0.03791350
-42.36666618	-0.03674738
-42.33333285	-0.03557123
-42.29999951	-0.03421695
-42.26666618	-0.03286075
-42.23333285	-0.03145656
-42.19999952	-0.02997424
-42.16666618	-0.02840090
-42.13333285	-0.02693549
-42.09999952	-0.02527596
-42.06666618	-0.02381714
-42.03333285	-0.02196611
-41.99999952	-0.02045849
-41.96666618	-0.01887967
-41.93333285	-0.01712931
-41.89999952	-0.01566693
-41.86666618	-0.01411209
-41.83333285	-0.01231572
-41.79999952	-0.01089466
-41.76666619	-0.00934452
-41.73333285	-0.00779171
-41.69999952	-0.00627265
-41.66666619	-0.00480098
-41.63333285	-0.00337001
-41.59999952	-0.00201090
-41.56666619	-0.00048442
-41.53333285	0.00073534
-41.49999952	0.00204640
-41.46666619	0.00332748
-41.43333286	0.00448029
-41.39999952	0.00576594
-41.36666619	0.00671195
-41.33333286	0.00790538
-41.29999952	0.00885088
-41.26666619	0.00979709
-41.23333286	0.01065746
-41.19999952	0.01153210
-41.16666619	0.01236035
-41.13333286	0.01301227
-41.09999952	0.01369829
-41.06666619	0.01421908
-41.03333286	0.01472781
-40.99999953	0.01513686
-40.96666619	0.01548572
-40.93333286	0.01567044
-40.89999953	0.01591358
-40.86666619	0.01591424
-40.83333286	0.01585449
-40.79999953	0.01578041
-40.76666619	0.01554301
-40.73333286	0.01533005
-40.69999953	0.01483772
-40.66666619	0.01435563
-40.63333286	0.01385526
-40.59999953	0.01333796
-40.56666620	0.01266340
-40.53333286	0.01209379
-40.49999953	0.01127547
-40.46666620	0.01051342
-40.43333286	0.00966537
-40.39999953	0.00877304
-40.36666620	0.00787715
-40.33333286	0.00695878
-40.29999953	0.00615492
-40.26666620	0.00512681
-40.23333287	0.00426670
-40.19999953	0.00349118
-40.16666620	0.00261129
-40.13333287	0.00187374
-40.09999953	0.00114310
-40.06666620	0.00042727
-40.03333287	-0.00028055
-39.99999953	-0.00086636
-39.96666620	-0.00147342
-39.93333287	-0.00182693
-39.89999953	-0.00224589
-39.86666620	-0.00253009
-39.83333287	-0.00276752
-39.79999954	-0.00291219
-39.76666620	-0.00306449
-39.73333287	-0.00305904
-39.69999954	-0.00303636
-39.66666620	-0.00312663
-39.63333287	-0.00287204
-39.59999954	-0.00252853
-39.56666620	-0.00218773
-39.53333287	-0.00198142
-39.49999954	-0.00155561
-39.46666621	-0.00107724
-39.43333287	-0.00063235
-39.39999954	-0.00017950
-39.36666621	0.00042563
-39.33333287	0.00093687
-39.29999954	0.00137713
-39.26666621	0.00194277
-39.23333287	0.00245184
-39.19999954	0.00295593
-39.16666621	0.00362514
-39.13333287	0.00412498
-39.09999954	0.00470468
-39.06666621	0.00517626
-39.03333288	0.00567960
-38.99999954	0.00622195
-38.96666621	0.00669887
-38.93333288	0.00710144
-38.89999954	0.00747418
-38.86666621	0.00792895
-38.83333288	0.00822391
-38.79999954	0.00860418
-38.76666621	0.00902370
-38.73333288	0.00935848
-38.69999954	0.00959379
-38.66666621	0.00988497
-38.63333288	0.01009868
-38.59999955	0.01025787
-38.56666621	0.01043581
-38.53333288	0.01067523
-38.49999955	0.01074326
-38.46666621	0.01084404
-38.43333288	0.01104341
-38.39999955	0.01110549
-38.36666621	0.01115914
-38.33333288	0.01137903
-38.29999955	0.01144645
-38.26666622	0.01158835
-38.23333288	0.01160193
-38.19999955	0.01162524
-38.16666622	0.01175054
-38.13333288	0.01177172
-38.09999955	0.01169883
-38.06666622	0.01180378
-38.03333288	0.01173034
-37.99999955	0.01167087
-37.96666622	0.01170996
-37.93333288	0.01165295
-37.89999955	0.01152998
-37.86666622	0.01149913
-37.83333289	0.01135557
-37.79999955	0.01137092
-37.76666622	0.01114211
-37.73333289	0.01099387
-37.69999955	0.01060224
-37.66666622	0.01048784
-37.63333289	0.01019520
-37.59999955	0.00991705
-37.56666622	0.00954403
-37.53333289	0.00927138
-37.49999956	0.00896283
-37.46666622	0.00859046
-37.43333289	0.00818894
-37.39999956	0.00775702
-37.36666622	0.00739173
-37.33333289	0.00690962
-37.29999956	0.00645538
-37.26666622	0.00613889
-37.23333289	0.00572283
-37.19999956	0.00524775
-37.16666622	0.00480228
-37.13333289	0.00442613
-37.09999956	0.00411614
-37.06666623	0.00378787
-37.03333289	0.00340083
-36.99999956	0.00314555
-36.96666623	0.00282997
-36.93333289	0.00257815
-36.89999956	0.00231627
-36.86666623	0.00213208
-36.83333289	0.00189491
-36.79999956	0.00175103
-36.76666623	0.00162578
-36.73333289	0.00159262
-36.69999956	0.00146325
-36.66666623	0.00147561
-36.63333290	0.00140403
-36.59999956	0.00149894
-36.56666623	0.00162765
-36.53333290	0.00171074
-36.49999956	0.00178731
-36.46666623	0.00190558
-36.43333290	0.00195991
-36.39999956	0.00209383
-36.36666623	0.00224456
-36.33333290	0.00246685
-36.29999957	0.00263394
-36.26666623	0.00276359
-36.23333290	0.00286784
-36.19999957	0.00307530
-36.16666623	0.00313922
-36.13333290	0.00319440
-36.09999957	0.00332065
-36.06666623	0.00339689
-36.03333290	0.00345171
-35.99999957	0.00347268
-35.96666623	0.00346099
-35.93333290	0.00334064
-35.89999957	0.00343973
-35.86666624	0.00339259
-35.83333290	0.00334972
-35.79999957	0.00325265
-35.76666624	0.00320041
-35.73333290	0.00303292
-35.69999957	0.00287714
-35.66666624	0.00276387
-35.63333290	0.00275768
-35.59999957	0.00249933
-35.56666624	0.00238821
-35.53333291	0.00215436
-35.49999957	0.00203337
-35.46666624	0.00180044
-35.43333291	0.00167317
-35.39999957	0.00140248
-35.36666624	0.00123073
-35.33333291	0.00096721
-35.29999957	0.00083370
-35.26666624	0.00062042
-35.23333291	0.00032445
-35.19999957	0.00016916
-35.16666624	-0.00001845
-35.13333291	-0.00032357
-35.09999958	-0.00047671
-35.06666624	-0.00071043
-35.03333291	-0.00101133
-34.99999958	-0.00112952
-34.96666624	-0.00133408
-34.93333291	-0.00156502
-34.89999958	-0.00185475
-34.86666624	-0.00214658
-34.83333291	-0.00229243
-34.79999958	-0.00255558
-34.76666624	-0.00274187
-34.73333291	-0.00307341
-34.69999958	-0.00332739
-34.66666625	-0.00355264
-34.63333291	-0.00378779
-34.59999958	-0.00405505
-34.56666625	-0.00442801
-34.53333291	-0.00465396
-34.49999958	-0.00489983
-34.46666625	-0.00518340
-34.43333291	-0.00541069
-34.39999958	-0.00572837
-34.36666625	-0.00599646
-34.33333292	-0.00616719
-34.29999958	-0.00656792
-34.26666625	-0.00667999
-34.23333292	-0.00696869
-34.19999958	-0.00721061
-34.16666625	-0.00743546
-34.13333292	-0.00770508
-34.09999958	-0.00784608
-34.06666625	-0.00815935
-34.03333292	-0.00827024
-33.99999958	-0.00851992
-33.96666625	-0.00881223
-33.93333292	-0.00890726
-33.89999959	-0.00919198
-33.86666625	-0.00932075
-33.83333292	-0.00947300
-33.79999959	-0.00963186
-33.76666625	-0.00977267
-33.73333292	-0.00995911
-33.69999959	-0.01017631
-33.66666625	-0.01020289
-33.63333292	-0.01023798
-33.59999959	-0.01031079
-33.56666626	-0.01043485
-33.53333292	-0.01053548
-33.49999959	-0.01053787
-33.46666626	-0.01060012
-33.43333292	-0.01046053
-33.39999959	-0.01056494
-33.36666626	-0.01058798
-33.33333292	-0.01050326
-33.29999959	-0.01045208
-33.26666626	-0.01046337
-33.23333292	-0.01042615
-33.19999959	-0.01039164
-33.16666626	-0.01041633
-33.13333293	-0.01023608
-33.09999959	-0.01012619
-33.06666626	-0.01013414
-33.03333293	-0.01001295
-32.99999959	-0.00997463
-32.96666626	-0.00982729
-32.93333293	-0.00981836
-32.89999959	-0.00977328
-32.86666626	-0.00967101
-32.83333293	-0.00958909
-32.79999959	-0.00956866
-32.76666626	-0.00951260
-32.73333293	-0.00935983
-32.69999960	-0.00936895
-32.66666626	-0.00929347
-32.63333293	-0.00925906
-32.59999960	-0.00918004
-32.56666626	-0.00917358
-32.53333293	-0.00912851
-32.49999960	-0.00912300
-32.46666626	-0.00903454
-32.43333293	-0.00899233
-32.39999960	-0.00889548
-32.36666627	-0.00894233
-32.33333293	-0.00886999
-32.29999960	-0.00868334
-32.26666627	-0.00872440
-32.23333293	-0.00870613
-32.19999960	-0.00860675
-32.16666627	-0.00858888
-32.13333293	-0.00851384
-32.09999960	-0.00844534
-32.06666627	-0.00828656
-32.03333293	-0.00825853
-31.99999960	-0.00816649
-31.96666627	-0.00812805
-31.93333294	-0.00807675
-31.89999960	-0.00799798
-31.86666627	-0.00791723
-31.83333294	-0.00782527
-31.79999960	-0.00782557
-31.76666627	-0.00782934
-31.73333294	-0.00767607
-31.69999960	-0.00765565
-31.66666627	-0.00759358
-31.63333294	-0.00746622
-31.59999961	-0.00742421
-31.56666627	-0.00741633
-31.53333294	-0.00732554
-31.49999961	-0.00728062
-31.46666627	-0.00709465
-31.43333294	-0.00701204
-31.39999961	-0.00695530
-31.36666627	-0.00690499
-31.33333294	-0.00675611
-31.29999961	-0.00655481
-31.26666627	-0.00648960
-31.23333294	-0.00634591
-31.19999961	-0.00613008
-31.16666628	-0.00603453
-31.13333294	-0.00585232
-31.09999961	-0.00571202
-31.06666628	-0.00555533
-31.03333294	-0.00535627
-30.99999961	-0.00518445
-30.96666628	-0.00499682
-30.93333294	-0.00483143
-30.89999961	-0.00462093
-30.86666628	-0.00449381
-30.83333294	-0.00434267
-30.79999961	-0.00414339
-30.76666628	-0.00403343
-30.73333295	-0.00395878
-30.69999961	-0.00379115
-30.66666628	-0.00359110
-30.63333295	-0.00351530
-30.59999961	-0.00332243
-30.56666628	-0.00332028
-30.53333295	-0.00315907
-30.49999961	-0.00305208
-30.46666628	-0.00287303
-30.43333295	-0.00293103
-30.39999962	-0.00287612
-30.36666628	-0.00276486
-30.33333295	-0.00277597
-30.29999962	-0.00253383
-30.26666628	-0.00261987
-30.23333295	-0.00252620
-30.19999962	-0.00241904
-30.16666628	-0.00242412
-30.13333295	-0.00230815
-30.09999962	-0.00220124
-30.06666628	-0.00219956
-30.03333295	-0.00215442
-29.99999962	-0.00219193
-29.96666629	-0.00198136
-29.93333295	-0.00208598
-29.89999962	-0.00209673
-29.86666629	-0.00203402
-29.83333295	-0.00206524
-29.79999962	-0.00213274
-29.76666629	-0.00206639
-29.73333295	-0.00201170
-29.69999962	-0.00201978
-29.66666629	-0.00200181
-29.63333296	-0.00202068
-29.59999962	-0.00209934
-29.56666629	-0.00211263
-29.53333296	-0.00211366
-29.49999962	-0.00216159
-29.46666629	-0.00210837
-29.43333296	-0.00218200
-29.39999962	-0.00208176
-29.36666629	-0.00208711
-29.33333296	-0.00208620
-29.29999962	-0.00212944
-29.26666629	-0.00211393
-29.23333296	-0.00211874
-29.19999963	-0.00214390
-29.16666629	-0.00215306
-29.13333296	-0.00215494
-29.09999963	-0.00208289
-29.06666629	-0.00201422
-29.03333296	-0.00204460
-28.99999963	-0.00190367
-28.96666629	-0.00194387
-28.93333296	-0.00181452
-28.89999963	-0.00177716
-28.86666630	-0.00178470
-28.83333296	-0.00173602
-28.79999963	-0.00170517
-28.76666630	-0.00154504
-28.73333296	-0.00140909
-28.69999963	-0.00139239
-28.66666630	-0.00130969
-28.63333296	-0.00125053
-28.59999963	-0.00115864
-28.56666630	-0.00112385
-28.53333296	-0.00106642
-28.49999963	-0.00098091
-28.46666630	-0.00086996
-28.43333297	-0.00087390
-28.39999963	-0.00086682
-28.36666630	-0.00077327
-28.33333297	-0.00086477
-28.29999963	-0.00072516
-28.26666630	-0.00080827
-28.23333297	-0.00086442
-28.19999963	-0.00080057
-28.16666630	-0.00082596
-28.13333297	-0.00079618
-28.09999963	-0.00079846
-28.06666630	-0.00072984
-28.03333297	-0.00087703
-27.99999964	-0.00084561
-27.96666630	-0.00078839
-27.93333297	-0.00083475
-27.89999964	-0.00084008
-27.86666630	-0.00079960
-27.83333297	-0.00082614
-27.79999964	-0.00091996
-27.76666630	-0.00085235
-27.73333297	-0.00092067
-27.69999964	-0.00091721
-27.66666631	-0.00087030
-27.63333297	-0.00087512
-27.59999964	-0.00077087
-27.56666631	-0.00082054
-27.53333297	-0.00085407
-27.49999964	-0.00076843
-27.46666631	-0.00085929
-27.43333297	-0.00075201
-27.39999964	-0.00067132
-27.36666631	-0.00065042
-27.33333297	-0.00058111
-27.29999964	-0.00067652
-27.26666631	-0.00051122
-27.23333298	-0.00046631
-27.19999964	-0.00043226
-27.16666631	-0.00048820
-27.13333298	-0.00043798
-27.09999964	-0.00050121
-27.06666631	-0.00034941
-27.03333298	-0.00033816
-26.99999964	-0.00037102
-26.96666631	-0.00036027
-26.93333298	-0.00037443
-26.89999965	-0.00037426
-26.86666631	-0.00042976
-26.83333298	-0.00049839
-26.79999965	-0.00051871
-26.76666631	-0.00054919
-26.73333298	-0.00054927
-26.69999965	-0.00058817
-26.66666631	-0.00060629
-26.63333298	-0.00062635
-26.59999965	-0.00065499
-26.56666631	-0.00077858
-26.53333298	-0.00087747
-26.49999965	-0.00104826
-26.46666632	-0.00106033
-26.43333298	-0.00109097
-26.39999965	-0.00113158
-26.36666632	-0.00113349
-26.33333298	-0.00129846
-26.29999965	-0.00139091
-26.26666632	-0.00136920
-26.23333298	-0.00151259
-26.19999965	-0.00160534
-26.16666632	-0.00152347
-26.13333298	-0.00162213
-26.09999965	-0.00169765
-26.06666632	-0.00164553
-26.03333299	-0.00163956
-25.99999965	-0.00164961
-25.96666632	-0.00169643
-25.93333299	-0.00178250
-25.89999965	-0.00180995
-25.86666632	-0.00183680
-25.83333299	-0.00175158
-25.79999965	-0.00186134
-25.76666632	-0.00184704
-25.73333299	-0.00191917
-25.69999966	-0.00198144
-25.66666632	-0.00195477
-25.63333299	-0.00201661
-25.59999966	-0.00193410
-25.56666632	-0.00199355
-25.53333299	-0.00196538
-25.49999966	-0.00207166
-25.46666632	-0.00199999
-25.43333299	-0.00210457
-25.39999966	-0.00208064
-25.36666632	-0.00210902
-25.33333299	-0.00214994
-25.29999966	-0.00216929
-25.26666633	-0.00223259
-25.23333299	-0.00215105
-25.19999966	-0.00223500
-25.16666633	-0.00223831
-25.13333299	-0.00235831
-25.09999966	-0.00236109
-25.06666633	-0.00247033
-25.03333299	-0.00240085
-24.99999966	-0.00239757
-24.96666633	-0.00251869
-24.93333300	-0.00253906
-24.89999966	-0.00251356
-24.86666633	-0.00253253
-24.83333300	-0.00255001
-24.79999966	-0.00267619
-24.76666633	-0.00278438
-24.73333300	-0.00264790
-24.69999966	-0.00267788
-24.66666633	-0.00275289
-24.63333300	-0.00279551
-24.59999966	-0.00276637
-24.56666633	-0.00282462
-24.53333300	-0.00281744
-24.49999967	-0.00288169
-24.46666633	-0.00282233
-24.43333300	-0.00289153
-24.39999967	-0.00280750
-24.36666633	-0.00285425
-24.33333300	-0.00290291
-24.29999967	-0.00287158
-24.26666633	-0.00287185
-24.23333300	-0.00298533
-24.19999967	-0.00298472
-24.16666633	-0.00293723
-24.13333300	-0.00294663
-24.09999967	-0.00289090
-24.06666634	-0.00282554
-24.03333300	-0.00294121
-23.99999967	-0.00288276
-23.96666634	-0.00287708
-23.93333300	-0.00276226
-23.89999967	-0.00275258
-23.86666634	-0.00266369
-23.83333300	-0.00259887
-23.79999967	-0.00249769
-23.76666634	-0.00236810
-23.73333301	-0.00235447
-23.69999967	-0.00220370
-23.66666634	-0.00211714
-23.63333301	-0.00198785
-23.59999967	-0.00192313
-23.56666634	-0.00190827
-23.53333301	-0.00172952
-23.49999967	-0.00163213
-23.46666634	-0.00162069
-23.43333301	-0.00161966
-23.39999967	-0.00147101
-23.36666634	-0.00146108
-23.33333301	-0.00144060
-23.29999968	-0.00134054
-23.26666634	-0.00128922
-23.23333301	-0.00131564
-23.19999968	-0.00141258
-23.16666634	-0.00135238
-23.13333301	-0.00139517
-23.09999968	-0.00137842
-23.06666634	-0.00135212
-23.03333301	-0.00144710
-22.99999968	-0.00146152
-22.96666635	-0.00156180
-22.93333301	-0.00151991
-22.89999968	-0.00171922
-22.86666635	-0.00172184
-22.83333301	-0.00181388
-22.79999968	-0.00190926
-22.76666635	-0.00193178
-22.73333301	-0.00198550
-22.69999968	-0.00216055
-22.66666635	-0.00226525
-22.63333301	-0.00236306
-22.59999968	-0.00247903
-22.56666635	-0.00250537
-22.53333302	-0.00258943
-22.49999968	-0.00264862
-22.46666635	-0.00276747
-22.43333302	-0.00283548
-22.39999968	-0.00301109
-22.36666635	-0.00314433
-22.33333302	-0.00317995
-22.29999968	-0.00321201
-22.26666635	-0.00324320
-22.23333302	-0.00336736
-22.19999968	-0.00345086
-22.16666635	-0.00352871
-22.13333302	-0.00357396
-22.09999969	-0.00363970
-22.06666635	-0.00377273
-22.03333302	-0.00372748
-21.99999969	-0.00391623
-21.96666635	-0.00386855
-21.93333302	-0.00388871
-21.89999969	-0.00398818
-21.86666635	-0.00393959
-21.83333302	-0.00391182
-21.79999969	-0.00400229
-21.76666636	-0.00388754
-21.73333302	-0.00400196
-21.69999969	-0.00396647
-21.66666636	-0.00399784
-21.63333302	-0.00402156
-21.59999969	-0.00397580
-21.56666636	-0.00406238
-21.53333302	-0.00400181
-21.49999969	-0.00402856
-21.46666636	-0.00406623
-21.43333302	-0.00399902
-21.39999969	-0.00411859
-21.36666636	-0.00413089
-21.33333303	-0.00417752
-21.29999969	-0.00416923
-21.26666636	-0.00416958
-21.23333303	-0.00420807
-21.19999969	-0.00423658
-21.16666636	-0.00422808
-21.13333303	-0.00424419
-21.09999969	-0.00436613
-21.06666636	-0.00435934
-21.03333303	-0.00441079
-20.99999970	-0.00432160
-20.96666636	-0.00447313
-20.93333303	-0.00448543
-20.89999970	-0.00448569
-20.86666636	-0.00445938
-20.83333303	-0.00452819
-20.79999970	-0.00447248
-20.76666636	-0.00449302
-20.73333303	-0.00445818
-20.69999970	-0.00446688
-20.66666636	-0.00441297
-20.63333303	-0.00445827
-20.59999970	-0.00432732
-20.56666637	-0.00434799
-20.53333303	-0.00433289
-20.49999970	-0.00421071
-20.46666637	-0.00422812
-20.43333303	-0.00422119
-20.39999970	-0.00406055
-20.36666637	-0.00403737
-20.33333303	-0.00400651
-20.29999970	-0.00397222
-20.26666637	-0.00390226
-20.23333303	-0.00392180
-20.19999970	-0.00379193
-20.16666637	-0.00378402
-20.13333304	-0.00374784
-20.09999970	-0.00356804
-20.06666637	-0.00343309
-20.03333304	-0.00344561
-19.99999970	-0.00345184
-19.96666637	-0.00323032
-19.93333304	-0.00319783
-19.89999970	-0.00322415
-19.86666637	-0.00307863
-19.83333304	-0.00321162
-19.79999971	-0.00301724
-19.76666637	-0.00298574
-19.73333304	-0.00306330
-19.69999971	-0.00301578
-19.66666637	-0.00284798
-19.63333304	-0.00287551
-19.59999971	-0.00277134
-19.56666637	-0.00273476
-19.53333304	-0.00266170
-19.49999971	-0.00275543
-19.46666637	-0.00270965
-19.43333304	-0.00262180
-19.39999971	-0.00253100
-19.36666638	-0.00261493
-19.33333304	-0.00264417
-19.29999971	-0.00251835
-19.26666638	-0.00249172
-19.23333304	-0.00242453
-19.19999971	-0.00243241
-19.16666638	-0.00245180
-19.13333304	-0.00235163
-19.09999971	-0.00228684
-19.06666638	-0.00235587
-19.03333305	-0.00216943
-18.99999971	-0.00230229
-18.96666638	-0.00216705
-18.93333305	-0.00227520
-18.89999971	-0.00218670
-18.86666638	-0.00214619
-18.83333305	-0.00205114
-18.79999971	-0.00194093
-18.76666638	-0.00198872
-18.73333305	-0.00202069
-18.69999971	-0.00196391
-18.66666638	-0.00191686
-18.63333305	-0.00201719
-18.59999972	-0.00194059
-18.56666638	-0.00178427
-18.53333305	-0.00182631
-18.49999972	-0.00178128
-18.46666638	-0.00169499
-18.43333305	-0.00174698
-18.39999972	-0.00172361
-18.36666638	-0.00158628
-18.33333305	-0.00159444
-18.29999972	-0.00149089
-18.26666638	-0.00141946
-18.23333305	-0.00137838
-18.19999972	-0.00127313
-18.16666639	-0.00128453
-18.13333305	-0.00119456
-18.09999972	-0.00102026
-18.06666639	-0.00100920
-18.03333305	-0.00090164
-17.99999972	-0.00088487
-17.96666639	-0.00080691
-17.93333305	-0.00069191
-17.89999972	-0.00060940
-17.86666639	-0.00050652
-17.83333306	-0.00043243
-17.79999972	-0.00039331
-17.76666639	-0.00037322
-17.73333306	-0.00023781
-17.69999972	-0.00018094
-17.66666639	-0.00015537
-17.63333306	-0.00004883
-17.59999972	-0.00002734
-17.56666639	0.00011978
-17.53333306	0.00010054
-17.49999972	0.00024069
-17.46666639	0.00036205
-17.43333306	0.00046092
-17.39999973	0.00049114
-17.36666639	0.00042067
-17.33333306	0.00049753
-17.29999973	0.00055340
-17.26666639	0.00074269
-17.23333306	0.00077775
-17.19999973	0.00081952
-17.16666639	0.00098490
-17.13333306	0.00097861
-17.09999973	0.00110368
-17.06666640	0.00120388
-17.03333306	0.00121388
-16.99999973	0.00126517
-16.96666640	0.00142775
-16.93333306	0.00145118
-16.89999973	0.00159376
-16.86666640	0.00178290
-16.83333306	0.00181389
-16.79999973	0.00184473
-16.76666640	0.00180515
-16.73333306	0.00197839
-16.69999973	0.00202871
-16.66666640	0.00208188
-16.63333307	0.00212955
-16.59999973	0.00222994
-16.56666640	0.00240332
-16.53333307	0.00245497
-16.49999973	0.00248471
-16.46666640	0.00241101
-16.43333307	0.00260366
-16.39999973	0.00271941
-16.36666640	0.00264314
-16.33333307	0.00273612
-16.29999973	0.00277193
-16.26666640	0.00279234
-16.23333307	0.00295978
-16.19999974	0.00297989
-16.16666640	0.00300582
-16.13333307	0.00308789
-16.09999974	0.00312968
-16.06666640	0.00316544
-16.03333307	0.00339793
-15.99999974	0.00343568
-15.96666640	0.00346911
-15.93333307	0.00348177
-15.89999974	0.00352970
-15.86666641	0.00365829
-15.83333307	0.00369185
-15.79999974	0.00380596
-15.76666641	0.00381580
-15.73333307	0.00387639
-15.69999974	0.00386702
-15.66666641	0.00402745
-15.63333307	0.00406158
-15.59999974	0.00421952
-15.56666641	0.00416414
-15.53333307	0.00417283
-15.49999974	0.00414151
-15.46666641	0.00418081
-15.43333308	0.00435405
-15.39999974	0.00428765
-15.36666641	0.00428898
-15.33333308	0.00437635
-15.29999974	0.00423034
-15.26666641	0.00450330
-15.23333308	0.00447097
-15.19999974	0.00451729
-15.16666641	0.00448053
-15.13333308	0.00453476
-15.09999975	0.00465903
-15.06666641	0.00463655
-15.03333308	0.00467426
-14.99999975	0.00474675
-14.96666641	0.00486827
-14.93333308	0.00489558
-14.89999975	0.00493103
-14.86666641	0.00507029
-14.83333308	0.00501945
-14.79999975	0.00523571
-14.76666641	0.00518087
-14.73333308	0.00517881
-14.69999975	0.00532833
-14.66666642	0.00538990
-14.63333308	0.00550239
-14.59999975	0.00546947
-14.56666642	0.00559390
-14.53333308	0.00564653
-14.49999975	0.00562418
-14.46666642	0.00565958
-14.43333308	0.00586805
-14.39999975	0.00586556
-14.36666642	0.00595362
-14.33333309	0.00591741
-14.29999975	0.00603077
-14.26666642	0.00597641
-14.23333309	0.00601469
-14.19999975	0.00608607
-14.16666642	0.00604522
-14.13333309	0.00610835
-14.09999975	0.00614709
-14.06666642	0.00611319
-14.03333309	0.00618577
-13.99999975	0.00622930
-13.96666642	0.00618188
-13.93333309	0.00624085
-13.89999976	0.00622383
-13.86666642	0.00609445
-13.83333309	0.00621938
-13.79999976	0.00613783
-13.76666642	0.00618116
-13.73333309	0.00606799
-13.69999976	0.00606056
-13.66666642	0.00609336
-13.63333309	0.00603310
-13.59999976	0.00607214
-13.56666642	0.00608947
-13.53333309	0.00595965
-13.49999976	0.00600464
-13.46666643	0.00585154
-13.43333309	0.00586529
-13.39999976	0.00576583
-13.36666643	0.00580805
-13.33333309	0.00576952
-13.29999976	0.00572844
-13.26666643	0.00567668
-13.23333309	0.00567665
-13.19999976	0.00556235
-13.16666643	0.00552849
-13.13333310	0.00552617
-13.09999976	0.00546578
-13.06666643	0.00547170
-13.03333310	0.00544835
-12.99999976	0.00534830
-12.96666643	0.00543334
-12.93333310	0.00531131
-12.89999976	0.00537304
-12.86666643	0.00525125
-12.83333310	0.00530449
-12.79999976	0.00527138
-12.76666643	0.00524570
-12.73333310	0.00518179
-12.69999977	0.00518183
-12.66666643	0.00518430
-12.63333310	0.00514823
-12.59999977	0.00515105
-12.56666643	0.00506990
-12.53333310	0.00512568
-12.49999977	0.00503521
-12.46666643	0.00498137
-12.43333310	0.00505425
-12.39999977	0.00500336
-12.36666644	0.00496541
-12.33333310	0.00492307
-12.29999977	0.00475301
-12.26666644	0.00479644
-12.23333310	0.00465521
-12.19999977	0.00469682
-12.16666644	0.00460017
-12.13333310	0.00447677
-12.09999977	0.00446041
-12.06666644	0.00442222
-12.03333310	0.00435547
-11.99999977	0.00431052
-11.96666644	0.00408189
-11.93333311	0.00413901
-11.89999977	0.00409060
-11.86666644	0.00400306
-11.83333311	0.00394309
-11.79999977	0.00385921
-11.76666644	0.00398284
-11.73333311	0.00386839
-11.69999977	0.00374832
-11.66666644	0.00377934
-11.63333311	0.00370080
-11.59999977	0.00364924
-11.56666644	0.00365817
-11.53333311	0.00359253
-11.49999978	0.00358832
-11.46666644	0.00354038
-11.43333311	0.00351655
-11.39999978	0.00360856
-11.36666644	0.00357222
-11.33333311	0.00357391
-11.29999978	0.00349973
-11.26666644	0.00358420
-11.23333311	0.00351693
-11.19999978	0.00353099
-11.16666645	0.00358180
-11.13333311	0.00358833
-11.09999978	0.00356665
-11.06666645	0.00360047
-11.03333311	0.00351016
-10.99999978	0.00354272
-10.96666645	0.00354103
-10.93333311	0.00348960
-10.89999978	0.00351175
-10.86666645	0.00344438
-10.83333311	0.00342086
-10.79999978	0.00339371
-10.76666645	0.00323880
-10.73333312	0.00327478
-10.69999978	0.00325578
-10.66666645	0.00320579
-10.63333312	0.00315832
-10.59999978	0.00309403
-10.56666645	0.00288890
-10.53333312	0.00288899
-10.49999978	0.00287790
-10.46666645	0.00269842
-10.43333312	0.00251078
-10.39999979	0.00239125
-10.36666645	0.00229826
-10.33333312	0.00221939
-10.29999979	0.00212134
-10.26666645	0.00197952
-10.23333312	0.00190495
-10.19999979	0.00168749
-10.16666645	0.00163593
-10.13333312	0.00141769
-10.09999979	0.00131865
-10.06666645	0.00131434
-10.03333312	0.00107010
-9.99999979	0.00097505
-9.96666646	0.00084617
-9.93333312	0.00065376
-9.89999979	0.00049297
-9.86666646	0.00040306
-9.83333312	0.00023968
-9.79999979	0.00000223
-9.76666646	-0.00008130
-9.73333312	-0.00017607
-9.69999979	-0.00043367
-9.66666646	-0.00050766
-9.63333312	-0.00078452
-9.59999979	-0.00084284
-9.56666646	-0.00097262
-9.53333313	-0.00111236
-9.49999979	-0.00127709
-9.46666646	-0.00143819
-9.43333313	-0.00157305
-9.39999979	-0.00170078
-9.36666646	-0.00192097
-9.33333313	-0.00200537
-9.29999979	-0.00210447
-9.26666646	-0.00216771
-9.23333313	-0.00235463
-9.19999980	-0.00235204
-9.16666646	-0.00258536
-9.13333313	-0.00277016
-9.09999980	-0.00279473
-9.06666646	-0.00295223
-9.03333313	-0.00302284
-8.99999980	-0.00323888
-8.96666646	-0.00333777
-8.93333313	-0.00348750
-8.89999980	-0.00356826
-8.86666646	-0.00365907
-8.83333313	-0.00384588
-8.79999980	-0.00394848
-8.76666647	-0.00405506
-8.73333313	-0.00420010
-8.69999980	-0.00424686
-8.66666647	-0.00441124
-8.63333313	-0.00455203
-8.59999980	-0.00457311
-8.56666647	-0.00471834
-8.53333313	-0.00485626
-8.49999980	-0.00494844
-8.46666647	-0.00518784
-8.43333314	-0.00519265
-8.39999980	-0.00534265
-8.36666647	-0.00548586
-8.33333314	-0.00567123
-8.29999980	-0.00577283
-8.26666647	-0.00589328
-8.23333314	-0.00602948
-8.19999980	-0.00607177
-8.16666647	-0.00631650
-8.13333314	-0.00638594
-8.09999980	-0.00639882
-8.06666647	-0.00654922
-8.03333314	-0.00662090
-7.99999981	-0.00667119
-7.96666647	-0.00683123
-7.93333314	-0.00689955
-7.89999981	-0.00702976
-7.86666647	-0.00704769
-7.83333314	-0.00712592
-7.79999981	-0.00719113
-7.76666647	-0.00729560
-7.73333314	-0.00742131
-7.69999981	-0.00735289
-7.66666647	-0.00750317
-7.63333314	-0.00754536
-7.59999981	-0.00756331
-7.56666648	-0.00768267
-7.53333314	-0.00762428
-7.49999981	-0.00764883
-7.46666648	-0.00766196
-7.43333314	-0.00773924
-7.39999981	-0.00770448
-7.36666648	-0.00776659
-7.33333314	-0.00775625
-7.29999981	-0.00792140
-7.26666648	-0.00783818
-7.23333315	-0.00784775
-7.19999981	-0.00786240
-7.16666648	-0.00786616
-7.13333315	-0.00778951
-7.09999981	-0.00776475
-7.06666648	-0.00780291
-7.03333315	-0.00787031
-6.99999981	-0.00785386
-6.96666648	-0.00789580
-6.93333315	-0.00787147
-6.89999981	-0.00780138
-6.86666648	-0.00784467
-6.83333315	-0.00786617
-6.79999982	-0.00784530
-6.76666648	-0.00795091
-6.73333315	-0.00777254
-6.69999982	-0.00779134
-6.66666648	-0.00774309
-6.63333315	-0.00775205
-6.59999982	-0.00766600
-6.56666648	-0.00763635
-6.53333315	-0.00756372
-6.49999982	-0.00751697
-6.46666649	-0.00752909
-6.43333315	-0.00740045
-6.39999982	-0.00745606
-6.36666649	-0.00725789
-6.33333315	-0.00721707
-6.29999982	-0.00725986
-6.26666649	-0.00727397
-6.23333315	-0.00715489
-6.19999982	-0.00711106
-6.16666649	-0.00690870
-6.13333315	-0.00687982
-6.09999982	-0.00687585
-6.06666649	-0.00662278
-6.03333316	-0.00660364
-5.99999982	-0.00653204
-5.96666649	-0.00630660
-5.93333316	-0.00610125
-5.89999982	-0.00604089
-5.86666649	-0.00598454
-5.83333316	-0.00583300
-5.79999982	-0.00560145
-5.76666649	-0.00544226
-5.73333316	-0.00530832
-5.69999982	-0.00524339
-5.66666649	-0.00510915
-5.63333316	-0.00498322
-5.59999983	-0.00484737
-5.56666649	-0.00477937
-5.53333316	-0.00460588
-5.49999983	-0.00449120
-5.46666649	-0.00450467
-5.43333316	-0.00435823
-5.39999983	-0.00425320
-5.36666649	-0.00417496
-5.33333316	-0.00402739
-5.29999983	-0.00406350
-5.26666650	-0.00389949
-5.23333316	-0.00381322
-5.19999983	-0.00369844
-5.16666650	-0.00358056
-5.13333316	-0.00361105
-5.09999983	-0.00350161
-5.06666650	-0.00342822
-5.03333316	-0.00338292
-4.99999983	-0.00341214
-4.96666650	-0.00330941
-4.93333316	-0.00326062
-4.89999983	-0.00331594
-4.86666650	-0.00331732
-4.83333317	-0.00335539
-4.79999983	-0.00343445
-4.76666650	-0.00344515
-4.73333317	-0.00352096
-4.69999983	-0.00357043
-4.66666650	-0.00360740
-4.63333317	-0.00378345
-4.59999983	-0.00374462
-4.56666650	-0.00383754
-4.53333317	-0.00390920
-4.49999984	-0.00398311
-4.46666650	-0.00416913
-4.43333317	-0.00419930
-4.39999984	-0.00428862
-4.36666650	-0.00428696
-4.33333317	-0.00455871
-4.29999984	-0.00483364
-4.26666650	-0.00497760
-4.23333317	-0.00500118
-4.19999984	-0.00532983
-4.16666650	-0.00539814
-4.13333317	-0.00556377
-4.09999984	-0.00576434
-4.06666651	-0.00588490
-4.03333317	-0.00601807
-3.99999984	-0.00610054
-3.96666651	-0.00630540
-3.93333317	-0.00652038
-3.89999984	-0.00671508
-3.86666651	-0.00690454
-3.83333317	-0.00706764
-3.79999984	-0.00724518
-3.76666651	-0.00741182
-3.73333317	-0.00755280
-3.69999984	-0.00760769
-3.66666651	-0.00777124
-3.63333318	-0.00794515
-3.59999984	-0.00807233
-3.56666651	-0.00821701
-3.53333318	-0.00831162
-3.49999984	-0.00851875
-3.46666651	-0.00856057
-3.43333318	-0.00873684
-3.39999984	-0.00875855
-3.36666651	-0.00881469
-3.33333318	-0.00892467
-3.29999985	-0.00904008
-3.26666651	-0.00903642
-3.23333318	-0.00907286
-3.19999985	-0.00913220
-3.16666651	-0.00905267
-3.13333318	-0.00910877
-3.09999985	-0.00911483
-3.06666651	-0.00903124
-3.03333318	-0.00903855
-2.99999985	-0.00904241
-2.96666651	-0.00895300
-2.93333318	-0.00884161
-2.89999985	-0.00882993
-2.86666652	-0.00861872
-2.83333318	-0.00847585
-2.79999985	-0.00831718
-2.76666652	-0.00828917
-2.73333318	-0.00812731
-2.69999985	-0.00787608
-2.66666652	-0.00773992
-2.63333318	-0.00760192
-2.59999985	-0.00725990
-2.56666652	-0.00707085
-2.53333319	-0.00678794
-2.49999985	-0.00654151
-2.46666652	-0.00634795
-2.43333319	-0.00597699
-2.39999985	-0.00581366
-2.36666652	-0.00547158
-2.33333319	-0.00514762
-2.29999985	-0.00484306
-2.26666652	-0.00446803
-2.23333319	-0.00413261
-2.19999985	-0.00384637
-2.16666652	-0.00344615
-2.13333319	-0.00310652
-2.09999986	-0.00274821
-2.06666652	-0.00234661
-2.03333319	-0.00197341
-1.99999986	-0.00158733
-1.96666652	-0.00110333
-1.93333319	-0.00076098
-1.89999986	-0.00036216
-1.86666652	0.00012771
-1.83333319	0.00047309
-1.79999986	0.00093337
-1.76666653	0.00125741
-1.73333319	0.00167273
-1.69999986	0.00205912
-1.66666653	0.00244352
-1.63333319	0.00280105
-1.59999986	0.00321655
-1.56666653	0.00350032
-1.53333319	0.00382502
-1.49999986	0.00411708
-1.46666653	0.00449840
-1.43333319	0.00483234
-1.39999986	0.00514126
-1.36666653	0.00544979
-1.33333320	0.00578970
-1.29999986	0.00611348
-1.26666653	0.00640580
-1.23333320	0.00664596
-1.19999986	0.00695957
-1.16666653	0.00739895
-1.13333320	0.00764554
-1.09999986	0.00781401
-1.06666653	0.00816426
-1.03333320	0.00845534
-0.99999986	0.00861727
-0.96666653	0.00883078
-0.93333320	0.00904362
-0.89999987	0.00924025
-0.86666653	0.00951702
-0.83333320	0.00967528
-0.79999987	0.01004478
-0.76666653	0.01018370
-0.73333320	0.01035921
-0.69999987	0.01043353
-0.66666653	0.01069910
-0.63333320	0.01086080
-0.59999987	0.01103188
-0.56666654	0.01123660
-0.53333320	0.01140007
-0.49999987	0.01148995
-0.46666654	0.01153358
-0.43333320	0.01177315
-0.39999987	0.01191789
-0.36666654	0.01208287
-0.33333320	0.01220217
-0.29999987	0.01227998
-0.26666654	0.01252472
-0.23333320	0.01268941
-0.19999987	0.01274484
-0.16666654	0.01283742
-0.13333321	0.01288812
-0.09999987	0.01310080
-0.06666654	0.01326908
-0.03333321	0.01331132
0.00000013	0.01341148
0.03333346	0.01350801
0.06666679	0.01369126
0.10000013	0.01383086
0.13333346	0.01391743
0.16666679	0.01397183
0.20000012	0.01405201
0.23333346	0.01408998
0.26666679	0.01435383
0.30000012	0.01440898
0.33333346	0.01454289
0.36666679	0.01465101
0.40000012	0.01466199
0.43333346	0.01476806
0.46666679	0.01498313
0.50000012	0.01499407
0.53333346	0.01505423
0.56666679	0.01521799
0.60000012	0.01521811
0.63333345	0.01525126
0.66666679	0.01538545
0.70000012	0.01542592
0.73333345	0.01554331
0.76666679	0.01560970
0.80000012	0.01554060
0.83333345	0.01578238
0.86666679	0.01583559
0.90000012	0.01574326
0.93333345	0.01582046
0.96666679	0.01578688
1.00000012	0.01588882
1.03333345	0.01584172
1.06666678	0.01581843
1.10000012	0.01587538
1.13333345	0.01576226
1.16666678	0.01588829
1.20000012	0.01588456
1.23333345	0.01588136
1.26666678	0.01584767
1.30000012	0.01575883
1.33333345	0.01578449
1.36666678	0.01572624
1.40000011	0.01570769
1.43333345	0.01560565
1.46666678	0.01551755
1.50000011	0.01547587
1.53333345	0.01544269
1.56666678	0.01532468
1.60000011	0.01526556
1.63333345	0.01525104
1.66666678	0.01519137
1.70000011	0.01513025
1.73333345	0.01497431
1.76666678	0.01485758
1.80000011	0.01471765
1.83333344	0.01472150
1.86666678	0.01456202
1.90000011	0.01455222
1.93333344	0.01436624
1.96666678	0.01431223
2.00000011	0.01417424
2.03333344	0.01399330
2.06666678	0.01393649
2.10000011	0.01369707
2.13333344	0.01358836
2.16666677	0.01354294
2.20000011	0.01333557
2.23333344	0.01307911
2.26666677	0.01292561
2.30000011	0.01283820
2.33333344	0.01253561
2.36666677	0.01234547
2.40000011	0.01220063
2.43333344	0.01197389
2.46666677	0.01173901
2.50000011	0.01165049
2.53333344	0.01141606
2.56666677	0.01124689
2.60000010	0.01090825
2.63333344	0.01076048
2.66666677	0.01053532
2.70000010	0.01048988
2.73333344	0.01026381
2.76666677	0.01010654
2.80000010	0.00988671
2.83333344	0.00977084
2.86666677	0.00958695
2.90000010	0.00941249
2.93333344	0.00929805
2.96666677	0.00911575
3.00000010	0.00896919
3.03333343	0.00892185
3.06666677	0.00864113
3.10000010	0.00848955
3.13333343	0.00829832
3.16666677	0.00819635
3.20000010	0.00813014
3.23333343	0.00799630
3.26666677	0.00782060
3.30000010	0.00766276
3.33333343	0.00769274
3.36666676	0.00759007
3.40000010	0.00753549
3.43333343	0.00734997
3.46666676	0.00734466
3.50000010	0.00715817
3.53333343	0.00717786
3.56666676	0.00708717
3.60000010	0.00703228
3.63333343	0.00696722
3.66666676	0.00688196
3.70000010	0.00675077
3.73333343	0.00681837
3.76666676	0.00665232
3.80000009	0.00649752
3.83333343	0.00653154
3.86666676	0.00641042
3.90000009	0.00627745
3.93333343	0.00619086
3.96666676	0.00610793
4.00000009	0.00593137
4.03333343	0.00606297
4.06666676	0.00584766
4.10000009	0.00586704
4.13333342	0.00573009
4.16666676	0.00555103
4.20000009	0.00543243
4.23333342	0.00531316
4.26666676	0.00517617
4.30000009	0.00507747
4.33333342	0.00489718
4.36666676	0.00486368
4.40000009	0.00480770
4.43333342	0.00463459
4.46666676	0.00444133
4.50000009	0.00425489
4.53333342	0.00412815
4.56666675	0.00417469
4.60000009	0.00390973
4.63333342	0.00370091
4.66666675	0.00356238
4.70000009	0.00350588
4.73333342	0.00334070
4.76666675	0.00314603
4.80000009	0.00295575
4.83333342	0.00292370
4.86666675	0.00267804
4.90000009	0.00249658
4.93333342	0.00229858
4.96666675	0.00221488
5.00000008	0.00204108
5.03333342	0.00191688
5.06666675	0.00170550
5.10000008	0.00161939
5.13333342	0.00151161
5.16666675	0.00122942
5.20000008	0.00110776
5.23333342	0.00101460
5.26666675	0.00088711
5.30000008	0.00075864
5.33333341	0.00058661
5.36666675	0.00042694
5.40000008	0.00029032
5.43333341	0.00020719
5.46666675	-0.00000751
5.50000008	-0.00002695
5.53333341	-0.00014653
5.56666675	-0.00022704
5.60000008	-0.00047742
5.63333341	-0.00054944
5.66666675	-0.00061343
5.70000008	-0.00071614
5.73333341	-0.00091630
5.76666674	-0.00091260
5.80000008	-0.00106494
5.83333341	-0.00116824
5.86666674	-0.00127985
5.90000008	-0.00132094
5.93333341	-0.00141549
5.96666674	-0.00140001
6.00000008	-0.00147695
6.03333341	-0.00157337
6.06666674	-0.00145572
6.10000007	-0.00164084
6.13333341	-0.00163269
6.16666674	-0.00169918
6.20000007	-0.00177299
6.23333341	-0.00179952
6.26666674	-0.00170722
6.30000007	-0.00182591
6.33333341	-0.00172013
6.36666674	-0.00176028
6.40000007	-0.00179090
6.43333341	-0.00171068
6.46666674	-0.00175811
6.50000007	-0.00180854
6.53333340	-0.00164796
6.56666674	-0.00171728
6.60000007	-0.00165230
6.63333340	-0.00176238
6.66666674	-0.00183921
6.70000007	-0.00191733
6.73333340	-0.00179239
6.76666674	-0.00193429
6.80000007	-0.00199644
6.83333340	-0.00198246
6.86666674	-0.00203369
6.90000007	-0.00209998
6.93333340	-0.00213877
6.96666673	-0.00216524
7.00000007	-0.00224047
7.03333340	-0.00220762
7.06666673	-0.00229233
7.10000007	-0.00235384
7.13333340	-0.00232432
7.16666673	-0.00248644
7.20000007	-0.00250105
7.23333340	-0.00254737
7.26666673	-0.00260127
7.30000006	-0.00262871
7.33333340	-0.00271275
7.36666673	-0.00272100
7.40000006	-0.00280063
7.43333340	-0.00268843
7.46666673	-0.00278888
7.50000006	-0.00292074
7.53333340	-0.00291277
7.56666673	-0.00298368
7.60000006	-0.00298122
7.63333340	-0.00312686
7.66666673	-0.00310482
7.70000006	-0.00314446
7.73333339	-0.00317321
7.76666673	-0.00327376
7.80000006	-0.00336251
7.83333339	-0.00338654
7.86666673	-0.00347567
7.90000006	-0.00345480
7.93333339	-0.00357896
7.96666673	-0.00369465
8.00000006	-0.00375121
8.03333339	-0.00391780
8.06666672	-0.00389014
8.10000006	-0.00397352
8.13333339	-0.00403454
8.16666672	-0.00413365
8.20000006	-0.00409668
8.23333339	-0.00421502
8.26666672	-0.00437973
8.30000006	-0.00440973
8.33333339	-0.00451888
8.36666672	-0.00457621
8.40000006	-0.00461910
8.43333339	-0.00475710
8.46666672	-0.00482990
8.50000005	-0.00481118
8.53333339	-0.00492777
8.56666672	-0.00497540
8.60000005	-0.00512898
8.63333339	-0.00524023
8.66666672	-0.00520292
8.70000005	-0.00530822
8.73333339	-0.00535883
8.76666672	-0.00543596
8.80000005	-0.00545757
8.83333339	-0.00548637
8.86666672	-0.00557661
8.90000005	-0.00557392
8.93333338	-0.00566093
8.96666672	-0.00563971
9.00000005	-0.00575385
9.03333338	-0.00573861
9.06666672	-0.00588843
9.10000005	-0.00588710
9.13333338	-0.00591147
9.16666672	-0.00594431
9.20000005	-0.00591686
9.23333338	-0.00599925
9.26666671	-0.00606275
9.30000005	-0.00608471
9.33333338	-0.00613930
9.36666671	-0.00615527
9.40000005	-0.00610501
9.43333338	-0.00616279
9.46666671	-0.00616416
9.50000005	-0.00624258
9.53333338	-0.00628568
9.56666671	-0.00624342
9.60000005	-0.00620967
9.63333338	-0.00625322
9.66666671	-0.00625322
9.70000004	-0.00628831
9.73333338	-0.00631089
9.76666671	-0.00631466
9.80000004	-0.00623296
9.83333338	-0.00625533
9.86666671	-0.00631167
9.90000004	-0.00631213
9.93333338	-0.00621825
9.96666671	-0.00625646
10.00000004	-0.00618098
10.03333337	-0.00616179
10.06666671	-0.00607797
10.10000004	-0.00612974
10.13333337	-0.00608493
10.16666671	-0.00605326
10.20000004	-0.00602191
10.23333337	-0.00605290
10.26666671	-0.00599639
10.30000004	-0.00595313
10.33333337	-0.00588383
10.36666671	-0.00594685
10.40000004	-0.00587122
10.43333337	-0.00585257
10.46666670	-0.00577234
10.50000004	-0.00573175
10.53333337	-0.00564976
10.56666670	-0.00556394
10.60000004	-0.00552906
10.63333337	-0.00547036
10.66666670	-0.00543813
10.70000004	-0.00536885
10.73333337	-0.00530747
10.76666670	-0.00519858
10.80000003	-0.00516110
10.83333337	-0.00509169
10.86666670	-0.00507606
10.90000003	-0.00494428
10.93333337	-0.00489022
10.96666670	-0.00478942
11.00000003	-0.00476473
11.03333337	-0.00463245
11.06666670	-0.00455492
11.10000003	-0.00445267
11.13333337	-0.00438322
11.16666670	-0.00431534
11.20000003	-0.00422759
11.23333336	-0.00414516
11.26666670	-0.00404752
11.30000003	-0.00398031
11.33333336	-0.00391048
11.36666670	-0.00385465
11.40000003	-0.00380022
11.43333336	-0.00373730
11.46666670	-0.00364332
11.50000003	-0.00358304
11.53333336	-0.00353307
11.56666670	-0.00349599
11.60000003	-0.00337874
11.63333336	-0.00333854
11.66666669	-0.00322907
11.70000003	-0.00321494
11.73333336	-0.00311159
11.76666669	-0.00305823
11.80000003	-0.00300038
11.83333336	-0.00296812
11.86666669	-0.00287177
11.90000003	-0.00281223
11.93333336	-0.00275962
11.96666669	-0.00272134
12.00000002	-0.00264071
12.03333336	-0.00258692
12.06666669	-0.00252885
12.10000002	-0.00245180
12.13333336	-0.00236375
12.16666669	-0.00232263
12.20000002	-0.00229488
12.23333336	-0.00222876
12.26666669	-0.00218342
12.30000002	-0.00213275
12.33333336	-0.00208998
12.36666669	-0.00204386
12.40000002	-0.00198250
12.43333335	-0.00194728
12.46666669	-0.00187341
12.50000002	-0.00181122
12.53333335	-0.00175571
12.56666669	-0.00170878
12.60000002	-0.00165831
12.63333335	-0.00161475
12.66666669	-0.00155606
12.70000002	-0.00151760
12.73333335	-0.00148431
12.76666668	-0.00142976
12.80000002	-0.00140345
12.83333335	-0.00136884
12.86666668	-0.00131298
12.90000002	-0.00126426
12.93333335	-0.00122460
12.96666668	-0.00119511
13.00000002	-0.00115343
13.03333335	-0.00110964
13.06666668	-0.00106995
13.10000002	-0.00102485
13.13333335	-0.00099559
13.16666668	-0.00096253
13.20000001	-0.00093174
13.23333335	-0.00089536
13.26666668	-0.00085662
13.30000001	-0.00083476
13.33333335	-0.00080099
13.36666668	-0.00076969
13.40000001	-0.00074572
13.43333335	-0.00071718
13.46666668	-0.00067433
13.50000001	-0.00065408
13.53333335	-0.00062069
13.56666668	-0.00059273
13.60000001	-0.00056106
13.63333334	-0.00053773
13.66666668	-0.00050492
13.70000001	-0.00047866
13.73333334	-0.00045161
13.76666668	-0.00042218
13.80000001	-0.00040671
13.83333334	-0.00038079
13.86666668	-0.00035681
13.90000001	-0.00033139
13.93333334	-0.00031110
13.96666667	-0.00029026
14.00000001	-0.00026552
14.03333334	-0.00024916
14.06666667	-0.00022693
14.10000001	-0.00021002
14.13333334	-0.00018987
14.16666667	-0.00017540
14.20000001	-0.00015966
14.23333334	-0.00014413
14.26666667	-0.00012919
14.30000001	-0.00011527
14.33333334	-0.00010206
14.36666667	-0.00009094
14.40000000	-0.00007954
14.43333334	-0.00006905
14.46666667	-0.00005995
14.50000000	-0.00005132
14.53333334	-0.00004285
14.56666667	-0.00003557
14.60000000	-0.00002838
14.63333334	-0.00002235
14.66666667	-0.00001718
14.70000000	-0.00001248
14.73333333	-0.00000874
14.76666667	-0.00000555
14.80000000	-0.00000311
14.83333333	-0.00000140
14.86666667	-0.00000035
14.90000000	0.00000000
