# Menlo Systems GmbH ScanControl
# Program Version 1.3.3
# Start: -65.00000000 ps, Average over 1000 waveforms. Timestamp: 2020-07-02T17:36:12
# Time [ps]	THz Signal [a.u.]
-65.06666602	0.00000000
-65.03333269	0.00000002
-64.99999935	0.00000007
-64.96666602	0.00000016
-64.93333269	0.00000026
-64.89999935	0.00000043
-64.86666602	0.00000064
-64.83333269	0.00000061
-64.79999935	0.00000070
-64.76666602	0.00000056
-64.73333269	0.00000075
-64.69999935	0.00000098
-64.66666602	0.00000122
-64.63333269	0.00000019
-64.59999936	-0.00000002
-64.56666602	0.00000036
-64.53333269	-0.00000045
-64.49999936	-0.00000018
-64.46666602	-0.00000262
-64.43333269	-0.00000312
-64.39999936	-0.00000407
-64.36666602	-0.00000286
-64.33333269	-0.00000505
-64.29999936	-0.00000786
-64.26666603	-0.00000891
-64.23333269	-0.00001052
-64.19999936	-0.00001436
-64.16666603	-0.00001675
-64.13333269	-0.00001652
-64.09999936	-0.00001681
-64.06666603	-0.00002216
-64.03333269	-0.00002121
-63.99999936	-0.00002265
-63.96666603	-0.00002771
-63.93333269	-0.00003061
-63.89999936	-0.00003119
-63.86666603	-0.00003188
-63.83333270	-0.00003170
-63.79999936	-0.00003431
-63.76666603	-0.00004899
-63.73333270	-0.00005086
-63.69999936	-0.00004945
-63.66666603	-0.00005014
-63.63333270	-0.00005360
-63.59999936	-0.00006007
-63.56666603	-0.00007207
-63.53333270	-0.00007003
-63.49999936	-0.00006464
-63.46666603	-0.00007600
-63.43333270	-0.00008352
-63.39999937	-0.00008544
-63.36666603	-0.00008888
-63.33333270	-0.00008268
-63.29999937	-0.00009882
-63.26666603	-0.00010857
-63.23333270	-0.00010788
-63.19999937	-0.00010384
-63.16666603	-0.00010840
-63.13333270	-0.00010369
-63.09999937	-0.00011397
-63.06666603	-0.00011470
-63.03333270	-0.00010578
-62.99999937	-0.00011617
-62.96666604	-0.00010285
-62.93333270	-0.00010913
-62.89999937	-0.00009916
-62.86666604	-0.00008577
-62.83333270	-0.00008442
-62.79999937	-0.00008774
-62.76666604	-0.00008210
-62.73333270	-0.00007320
-62.69999937	-0.00006893
-62.66666604	-0.00004971
-62.63333270	-0.00004874
-62.59999937	-0.00005796
-62.56666604	-0.00002186
-62.53333271	-0.00000534
-62.49999937	0.00000525
-62.46666604	-0.00000491
-62.43333271	0.00002200
-62.39999937	0.00004456
-62.36666604	0.00003984
-62.33333271	0.00005279
-62.29999937	0.00008444
-62.26666604	0.00008445
-62.23333271	0.00011382
-62.19999938	0.00015490
-62.16666604	0.00014505
-62.13333271	0.00015933
-62.09999938	0.00019139
-62.06666604	0.00021625
-62.03333271	0.00023737
-61.99999938	0.00028865
-61.96666604	0.00028320
-61.93333271	0.00029723
-61.89999938	0.00033523
-61.86666604	0.00036921
-61.83333271	0.00040674
-61.79999938	0.00045013
-61.76666605	0.00047799
-61.73333271	0.00051379
-61.69999938	0.00054752
-61.66666605	0.00058201
-61.63333271	0.00061672
-61.59999938	0.00066832
-61.56666605	0.00070782
-61.53333271	0.00070865
-61.49999938	0.00074047
-61.46666605	0.00077398
-61.43333271	0.00083159
-61.39999938	0.00082937
-61.36666605	0.00085611
-61.33333272	0.00091473
-61.29999938	0.00094152
-61.26666605	0.00091434
-61.23333272	0.00095968
-61.19999938	0.00094509
-61.16666605	0.00100054
-61.13333272	0.00109908
-61.09999938	0.00107830
-61.06666605	0.00109902
-61.03333272	0.00111090
-60.99999938	0.00110371
-60.96666605	0.00113292
-60.93333272	0.00113389
-60.89999939	0.00114828
-60.86666605	0.00112104
-60.83333272	0.00114566
-60.79999939	0.00111538
-60.76666605	0.00110167
-60.73333272	0.00110488
-60.69999939	0.00114556
-60.66666605	0.00110909
-60.63333272	0.00109564
-60.59999939	0.00106172
-60.56666606	0.00108676
-60.53333272	0.00106738
-60.49999939	0.00094995
-60.46666606	0.00098765
-60.43333272	0.00093034
-60.39999939	0.00088324
-60.36666606	0.00079945
-60.33333272	0.00076960
-60.29999939	0.00069909
-60.26666606	0.00061620
-60.23333272	0.00055004
-60.19999939	0.00050813
-60.16666606	0.00040384
-60.13333273	0.00037922
-60.09999939	0.00030549
-60.06666606	0.00022612
-60.03333273	0.00012878
-59.99999939	0.00003701
-59.96666606	-0.00007333
-59.93333273	-0.00006541
-59.89999939	-0.00007076
-59.86666606	-0.00021789
-59.83333273	-0.00031194
-59.79999939	-0.00035055
-59.76666606	-0.00048795
-59.73333273	-0.00053994
-59.69999940	-0.00068766
-59.66666606	-0.00064261
-59.63333273	-0.00072382
-59.59999940	-0.00070094
-59.56666606	-0.00085599
-59.53333273	-0.00097785
-59.49999940	-0.00097582
-59.46666606	-0.00098501
-59.43333273	-0.00109529
-59.39999940	-0.00115008
-59.36666606	-0.00117340
-59.33333273	-0.00126695
-59.29999940	-0.00115379
-59.26666607	-0.00124458
-59.23333273	-0.00131674
-59.19999940	-0.00136135
-59.16666607	-0.00135788
-59.13333273	-0.00133766
-59.09999940	-0.00124723
-59.06666607	-0.00141537
-59.03333273	-0.00134313
-58.99999940	-0.00120454
-58.96666607	-0.00127541
-58.93333273	-0.00131687
-58.89999940	-0.00136956
-58.86666607	-0.00123161
-58.83333274	-0.00120858
-58.79999940	-0.00126401
-58.76666607	-0.00113265
-58.73333274	-0.00124799
-58.69999940	-0.00109379
-58.66666607	-0.00110805
-58.63333274	-0.00110843
-58.59999940	-0.00101590
-58.56666607	-0.00105908
-58.53333274	-0.00114998
-58.49999941	-0.00093641
-58.46666607	-0.00101330
-58.43333274	-0.00089343
-58.39999941	-0.00091637
-58.36666607	-0.00097642
-58.33333274	-0.00086563
-58.29999941	-0.00089862
-58.26666607	-0.00084872
-58.23333274	-0.00083333
-58.19999941	-0.00074333
-58.16666607	-0.00078878
-58.13333274	-0.00070095
-58.09999941	-0.00068068
-58.06666608	-0.00070433
-58.03333274	-0.00078999
-57.99999941	-0.00073498
-57.96666608	-0.00067618
-57.93333274	-0.00071119
-57.89999941	-0.00064488
-57.86666608	-0.00072011
-57.83333274	-0.00065753
-57.79999941	-0.00061310
-57.76666608	-0.00060244
-57.73333274	-0.00061959
-57.69999941	-0.00057410
-57.66666608	-0.00069457
-57.63333275	-0.00068991
-57.59999941	-0.00058149
-57.56666608	-0.00064803
-57.53333275	-0.00057571
-57.49999941	-0.00049638
-57.46666608	-0.00053858
-57.43333275	-0.00062807
-57.39999941	-0.00052513
-57.36666608	-0.00052755
-57.33333275	-0.00041099
-57.29999941	-0.00040677
-57.26666608	-0.00034987
-57.23333275	-0.00027505
-57.19999942	-0.00022547
-57.16666608	-0.00030147
-57.13333275	-0.00026378
-57.09999942	-0.00020179
-57.06666608	-0.00012035
-57.03333275	-0.00014533
-56.99999942	-0.00006549
-56.96666608	-0.00000127
-56.93333275	0.00009691
-56.89999942	0.00018019
-56.86666609	0.00018052
-56.83333275	0.00016163
-56.79999942	0.00026944
-56.76666609	0.00029586
-56.73333275	0.00028010
-56.69999942	0.00033575
-56.66666609	0.00032194
-56.63333275	0.00043543
-56.59999942	0.00058203
-56.56666609	0.00053409
-56.53333275	0.00054566
-56.49999942	0.00066309
-56.46666609	0.00062198
-56.43333276	0.00065286
-56.39999942	0.00067852
-56.36666609	0.00088313
-56.33333276	0.00074940
-56.29999942	0.00075915
-56.26666609	0.00080125
-56.23333276	0.00085609
-56.19999942	0.00091896
-56.16666609	0.00099427
-56.13333276	0.00095069
-56.09999942	0.00096896
-56.06666609	0.00103291
-56.03333276	0.00091341
-55.99999943	0.00098673
-55.96666609	0.00104459
-55.93333276	0.00106275
-55.89999943	0.00111746
-55.86666609	0.00108901
-55.83333276	0.00122024
-55.79999943	0.00108335
-55.76666609	0.00116689
-55.73333276	0.00112852
-55.69999943	0.00108613
-55.66666609	0.00121158
-55.63333276	0.00125803
-55.59999943	0.00118625
-55.56666610	0.00125382
-55.53333276	0.00122717
-55.49999943	0.00115307
-55.46666610	0.00116030
-55.43333276	0.00117731
-55.39999943	0.00114845
-55.36666610	0.00124862
-55.33333276	0.00117282
-55.29999943	0.00123163
-55.26666610	0.00116858
-55.23333276	0.00124802
-55.19999943	0.00120493
-55.16666610	0.00112759
-55.13333277	0.00105534
-55.09999943	0.00120246
-55.06666610	0.00112162
-55.03333277	0.00114821
-54.99999943	0.00118822
-54.96666610	0.00107760
-54.93333277	0.00109924
-54.89999943	0.00098616
-54.86666610	0.00097440
-54.83333277	0.00096296
-54.79999944	0.00089917
-54.76666610	0.00096808
-54.73333277	0.00088228
-54.69999944	0.00082599
-54.66666610	0.00077788
-54.63333277	0.00080678
-54.59999944	0.00076047
-54.56666610	0.00075572
-54.53333277	0.00080899
-54.49999944	0.00080294
-54.46666610	0.00079428
-54.43333277	0.00078096
-54.39999944	0.00074073
-54.36666611	0.00067615
-54.33333277	0.00071193
-54.29999944	0.00068460
-54.26666611	0.00080880
-54.23333277	0.00072668
-54.19999944	0.00068192
-54.16666611	0.00067753
-54.13333277	0.00069284
-54.09999944	0.00068696
-54.06666611	0.00070719
-54.03333277	0.00077569
-53.99999944	0.00064019
-53.96666611	0.00064541
-53.93333278	0.00063209
-53.89999944	0.00058236
-53.86666611	0.00068793
-53.83333278	0.00062153
-53.79999944	0.00063232
-53.76666611	0.00078064
-53.73333278	0.00071589
-53.69999944	0.00076168
-53.66666611	0.00075025
-53.63333278	0.00065614
-53.59999944	0.00065776
-53.56666611	0.00065529
-53.53333278	0.00068484
-53.49999945	0.00072262
-53.46666611	0.00069880
-53.43333278	0.00060284
-53.39999945	0.00059951
-53.36666611	0.00065550
-53.33333278	0.00062648
-53.29999945	0.00071176
-53.26666611	0.00058136
-53.23333278	0.00055638
-53.19999945	0.00066432
-53.16666612	0.00056982
-53.13333278	0.00061981
-53.09999945	0.00052676
-53.06666612	0.00061605
-53.03333278	0.00072564
-52.99999945	0.00069865
-52.96666612	0.00077660
-52.93333278	0.00070595
-52.89999945	0.00077944
-52.86666612	0.00081644
-52.83333278	0.00081665
-52.79999945	0.00080845
-52.76666612	0.00074624
-52.73333279	0.00075320
-52.69999945	0.00075360
-52.66666612	0.00078894
-52.63333279	0.00086155
-52.59999945	0.00082497
-52.56666612	0.00077944
-52.53333279	0.00084777
-52.49999945	0.00092265
-52.46666612	0.00093535
-52.43333279	0.00101200
-52.39999945	0.00082129
-52.36666612	0.00092169
-52.33333279	0.00104133
-52.29999946	0.00096917
-52.26666612	0.00094045
-52.23333279	0.00094724
-52.19999946	0.00100059
-52.16666612	0.00097567
-52.13333279	0.00106147
-52.09999946	0.00105402
-52.06666612	0.00101792
-52.03333279	0.00105366
-51.99999946	0.00102454
-51.96666612	0.00111570
-51.93333279	0.00104031
-51.89999946	0.00101421
-51.86666613	0.00113753
-51.83333279	0.00111974
-51.79999946	0.00107152
-51.76666613	0.00098827
-51.73333279	0.00108789
-51.69999946	0.00100803
-51.66666613	0.00095651
-51.63333279	0.00100598
-51.59999946	0.00098179
-51.56666613	0.00095005
-51.53333279	0.00101468
-51.49999946	0.00105589
-51.46666613	0.00097684
-51.43333280	0.00104064
-51.39999946	0.00101080
-51.36666613	0.00090458
-51.33333280	0.00092882
-51.29999946	0.00096578
-51.26666613	0.00095783
-51.23333280	0.00094082
-51.19999946	0.00101525
-51.16666613	0.00092933
-51.13333280	0.00095473
-51.09999947	0.00094753
-51.06666613	0.00093766
-51.03333280	0.00092701
-50.99999947	0.00088899
-50.96666613	0.00090452
-50.93333280	0.00082864
-50.89999947	0.00076503
-50.86666613	0.00077461
-50.83333280	0.00081484
-50.79999947	0.00077842
-50.76666613	0.00078367
-50.73333280	0.00085159
-50.69999947	0.00073700
-50.66666614	0.00075693
-50.63333280	0.00070981
-50.59999947	0.00078394
-50.56666614	0.00069556
-50.53333280	0.00069104
-50.49999947	0.00083535
-50.46666614	0.00075780
-50.43333280	0.00085083
-50.39999947	0.00083526
-50.36666614	0.00077822
-50.33333280	0.00079169
-50.29999947	0.00076696
-50.26666614	0.00078519
-50.23333281	0.00086568
-50.19999947	0.00091485
-50.16666614	0.00097589
-50.13333281	0.00082334
-50.09999947	0.00082932
-50.06666614	0.00091426
-50.03333281	0.00100393
-49.99999947	0.00104907
-49.96666614	0.00106404
-49.93333281	0.00104889
-49.89999947	0.00103595
-49.86666614	0.00112435
-49.83333281	0.00102872
-49.79999948	0.00111681
-49.76666614	0.00118270
-49.73333281	0.00116950
-49.69999948	0.00126026
-49.66666614	0.00113771
-49.63333281	0.00112269
-49.59999948	0.00124734
-49.56666614	0.00109849
-49.53333281	0.00114937
-49.49999948	0.00110997
-49.46666615	0.00103566
-49.43333281	0.00099132
-49.39999948	0.00096653
-49.36666615	0.00097800
-49.33333281	0.00096205
-49.29999948	0.00096158
-49.26666615	0.00097849
-49.23333281	0.00096959
-49.19999948	0.00091086
-49.16666615	0.00096545
-49.13333281	0.00093200
-49.09999948	0.00086599
-49.06666615	0.00093080
-49.03333282	0.00076082
-48.99999948	0.00098182
-48.96666615	0.00089614
-48.93333282	0.00102967
-48.89999948	0.00099555
-48.86666615	0.00092924
-48.83333282	0.00088556
-48.79999948	0.00098015
-48.76666615	0.00101031
-48.73333282	0.00096154
-48.69999948	0.00090839
-48.66666615	0.00099678
-48.63333282	0.00102436
-48.59999949	0.00103957
-48.56666615	0.00094020
-48.53333282	0.00096677
-48.49999949	0.00100620
-48.46666615	0.00095645
-48.43333282	0.00091749
-48.39999949	0.00098113
-48.36666615	0.00097169
-48.33333282	0.00092668
-48.29999949	0.00087539
-48.26666615	0.00082500
-48.23333282	0.00083532
-48.19999949	0.00077412
-48.16666616	0.00072270
-48.13333282	0.00075806
-48.09999949	0.00076104
-48.06666616	0.00068908
-48.03333282	0.00057456
-47.99999949	0.00046440
-47.96666616	0.00042492
-47.93333282	0.00029906
-47.89999949	0.00028370
-47.86666616	0.00018982
-47.83333282	0.00009373
-47.79999949	-0.00004207
-47.76666616	-0.00010858
-47.73333283	-0.00027379
-47.69999949	-0.00023998
-47.66666616	-0.00041784
-47.63333283	-0.00048984
-47.59999949	-0.00061066
-47.56666616	-0.00087672
-47.53333283	-0.00094850
-47.49999949	-0.00095739
-47.46666616	-0.00113998
-47.43333283	-0.00125483
-47.39999950	-0.00136175
-47.36666616	-0.00136995
-47.33333283	-0.00149485
-47.29999950	-0.00163454
-47.26666616	-0.00166226
-47.23333283	-0.00172578
-47.19999950	-0.00169248
-47.16666616	-0.00172056
-47.13333283	-0.00182813
-47.09999950	-0.00177199
-47.06666616	-0.00185520
-47.03333283	-0.00181281
-46.99999950	-0.00184297
-46.96666617	-0.00171984
-46.93333283	-0.00176028
-46.89999950	-0.00171641
-46.86666617	-0.00166665
-46.83333283	-0.00169791
-46.79999950	-0.00171255
-46.76666617	-0.00161369
-46.73333283	-0.00157476
-46.69999950	-0.00139816
-46.66666617	-0.00133219
-46.63333283	-0.00125734
-46.59999950	-0.00115062
-46.56666617	-0.00099401
-46.53333284	-0.00099063
-46.49999950	-0.00090391
-46.46666617	-0.00073611
-46.43333284	-0.00061935
-46.39999950	-0.00044759
-46.36666617	-0.00024560
-46.33333284	-0.00010487
-46.29999950	-0.00003493
-46.26666617	0.00016822
-46.23333284	0.00037214
-46.19999950	0.00029223
-46.16666617	0.00069035
-46.13333284	0.00089959
-46.09999951	0.00106170
-46.06666617	0.00115012
-46.03333284	0.00142265
-45.99999951	0.00166879
-45.96666617	0.00185384
-45.93333284	0.00216742
-45.89999951	0.00236958
-45.86666617	0.00256118
-45.83333284	0.00271294
-45.79999951	0.00289017
-45.76666618	0.00323130
-45.73333284	0.00344734
-45.69999951	0.00366804
-45.66666618	0.00395514
-45.63333284	0.00412227
-45.59999951	0.00433110
-45.56666618	0.00465331
-45.53333284	0.00484782
-45.49999951	0.00508982
-45.46666618	0.00521145
-45.43333284	0.00543818
-45.39999951	0.00567984
-45.36666618	0.00590521
-45.33333285	0.00611759
-45.29999951	0.00640707
-45.26666618	0.00653766
-45.23333285	0.00665346
-45.19999951	0.00688498
-45.16666618	0.00710920
-45.13333285	0.00716386
-45.09999951	0.00742788
-45.06666618	0.00772861
-45.03333285	0.00790260
-44.99999951	0.00810498
-44.96666618	0.00825780
-44.93333285	0.00859928
-44.89999952	0.00888889
-44.86666618	0.00905412
-44.83333285	0.00940093
-44.79999952	0.00965039
-44.76666618	0.01007761
-44.73333285	0.01037287
-44.69999952	0.01069199
-44.66666618	0.01116534
-44.63333285	0.01158026
-44.59999952	0.01204114
-44.56666618	0.01239292
-44.53333285	0.01298014
-44.49999952	0.01339534
-44.46666619	0.01379633
-44.43333285	0.01428812
-44.39999952	0.01475233
-44.36666619	0.01536625
-44.33333285	0.01569508
-44.29999952	0.01613663
-44.26666619	0.01656387
-44.23333285	0.01690274
-44.19999952	0.01723278
-44.16666619	0.01750196
-44.13333285	0.01771074
-44.09999952	0.01787962
-44.06666619	0.01772469
-44.03333286	0.01774687
-43.99999952	0.01754272
-43.96666619	0.01727926
-43.93333286	0.01681957
-43.89999952	0.01627621
-43.86666619	0.01558069
-43.83333286	0.01466676
-43.79999952	0.01359943
-43.76666619	0.01241238
-43.73333286	0.01099683
-43.69999953	0.00950472
-43.66666619	0.00779602
-43.63333286	0.00605344
-43.59999953	0.00406982
-43.56666619	0.00190720
-43.53333286	-0.00038816
-43.49999953	-0.00285959
-43.46666619	-0.00531480
-43.43333286	-0.00804194
-43.39999953	-0.01060624
-43.36666619	-0.01323609
-43.33333286	-0.01599772
-43.29999953	-0.01863451
-43.26666620	-0.02128524
-43.23333286	-0.02404938
-43.19999953	-0.02652556
-43.16666620	-0.02897453
-43.13333286	-0.03140861
-43.09999953	-0.03351664
-43.06666620	-0.03576976
-43.03333286	-0.03767325
-42.99999953	-0.03936352
-42.96666620	-0.04101210
-42.93333286	-0.04244589
-42.89999953	-0.04361188
-42.86666620	-0.04449907
-42.83333287	-0.04531667
-42.79999953	-0.04584670
-42.76666620	-0.04630244
-42.73333287	-0.04634404
-42.69999953	-0.04622371
-42.66666620	-0.04593699
-42.63333287	-0.04553370
-42.59999953	-0.04475994
-42.56666620	-0.04406396
-42.53333287	-0.04305610
-42.49999953	-0.04197129
-42.46666620	-0.04073159
-42.43333287	-0.03944487
-42.39999954	-0.03800822
-42.36666620	-0.03650639
-42.33333287	-0.03487138
-42.29999954	-0.03306319
-42.26666620	-0.03137097
-42.23333287	-0.02963524
-42.19999954	-0.02779537
-42.16666620	-0.02605210
-42.13333287	-0.02433798
-42.09999954	-0.02248017
-42.06666621	-0.02073855
-42.03333287	-0.01895937
-41.99999954	-0.01715971
-41.96666621	-0.01527452
-41.93333287	-0.01359924
-41.89999954	-0.01173482
-41.86666621	-0.01011044
-41.83333287	-0.00844651
-41.79999954	-0.00676413
-41.76666621	-0.00510397
-41.73333287	-0.00354810
-41.69999954	-0.00185856
-41.66666621	-0.00034637
-41.63333288	0.00107120
-41.59999954	0.00256018
-41.56666621	0.00393622
-41.53333288	0.00536817
-41.49999954	0.00667216
-41.46666621	0.00797793
-41.43333288	0.00924513
-41.39999954	0.01037659
-41.36666621	0.01149804
-41.33333288	0.01254074
-41.29999954	0.01351836
-41.26666621	0.01453001
-41.23333288	0.01529775
-41.19999955	0.01605775
-41.16666621	0.01681744
-41.13333288	0.01750729
-41.09999955	0.01795825
-41.06666621	0.01842171
-41.03333288	0.01882121
-40.99999955	0.01912194
-40.96666621	0.01926999
-40.93333288	0.01928353
-40.89999955	0.01928228
-40.86666621	0.01925858
-40.83333288	0.01894384
-40.79999955	0.01861802
-40.76666622	0.01823080
-40.73333288	0.01769287
-40.69999955	0.01714051
-40.66666622	0.01641327
-40.63333288	0.01563354
-40.59999955	0.01484703
-40.56666622	0.01389185
-40.53333288	0.01307939
-40.49999955	0.01192288
-40.46666622	0.01086147
-40.43333288	0.00987134
-40.39999955	0.00869762
-40.36666622	0.00758405
-40.33333289	0.00649097
-40.29999955	0.00529495
-40.26666622	0.00428610
-40.23333289	0.00313871
-40.19999955	0.00213038
-40.16666622	0.00112855
-40.13333289	0.00034116
-40.09999955	-0.00061868
-40.06666622	-0.00136888
-40.03333289	-0.00203460
-39.99999956	-0.00277125
-39.96666622	-0.00323274
-39.93333289	-0.00353303
-39.89999956	-0.00385632
-39.86666622	-0.00418759
-39.83333289	-0.00429767
-39.79999956	-0.00424424
-39.76666622	-0.00429611
-39.73333289	-0.00415843
-39.69999956	-0.00405604
-39.66666622	-0.00378054
-39.63333289	-0.00349454
-39.59999956	-0.00319399
-39.56666623	-0.00260046
-39.53333289	-0.00221128
-39.49999956	-0.00157158
-39.46666623	-0.00115769
-39.43333289	-0.00052430
-39.39999956	0.00011599
-39.36666623	0.00081181
-39.33333289	0.00146892
-39.29999956	0.00203098
-39.26666623	0.00273787
-39.23333289	0.00328059
-39.19999956	0.00400497
-39.16666623	0.00461853
-39.13333290	0.00523840
-39.09999956	0.00570541
-39.06666623	0.00626055
-39.03333290	0.00677806
-38.99999956	0.00720871
-38.96666623	0.00755260
-38.93333290	0.00806036
-38.89999956	0.00845815
-38.86666623	0.00884316
-38.83333290	0.00919900
-38.79999956	0.00948613
-38.76666623	0.00984331
-38.73333290	0.01009974
-38.69999957	0.01031724
-38.66666623	0.01042657
-38.63333290	0.01070615
-38.59999957	0.01097643
-38.56666623	0.01107160
-38.53333290	0.01130883
-38.49999957	0.01141324
-38.46666623	0.01154465
-38.43333290	0.01165416
-38.39999957	0.01179667
-38.36666623	0.01187525
-38.33333290	0.01195515
-38.29999957	0.01212966
-38.26666624	0.01216087
-38.23333290	0.01212634
-38.19999957	0.01225486
-38.16666624	0.01242643
-38.13333290	0.01245207
-38.09999957	0.01252937
-38.06666624	0.01253537
-38.03333290	0.01246177
-37.99999957	0.01248540
-37.96666624	0.01237002
-37.93333291	0.01238569
-37.89999957	0.01238056
-37.86666624	0.01226665
-37.83333291	0.01205836
-37.79999957	0.01201732
-37.76666624	0.01187377
-37.73333291	0.01142075
-37.69999957	0.01132115
-37.66666624	0.01096141
-37.63333291	0.01062756
-37.59999957	0.01028945
-37.56666624	0.01005042
-37.53333291	0.00953982
-37.49999958	0.00912377
-37.46666624	0.00870591
-37.43333291	0.00823854
-37.39999958	0.00784576
-37.36666624	0.00727896
-37.33333291	0.00691094
-37.29999958	0.00644826
-37.26666624	0.00593974
-37.23333291	0.00551963
-37.19999958	0.00508020
-37.16666624	0.00455685
-37.13333291	0.00417653
-37.09999958	0.00382801
-37.06666625	0.00335416
-37.03333291	0.00296927
-36.99999958	0.00269220
-36.96666625	0.00246787
-36.93333291	0.00210579
-36.89999958	0.00183266
-36.86666625	0.00160374
-36.83333291	0.00147046
-36.79999958	0.00138239
-36.76666625	0.00130682
-36.73333291	0.00132761
-36.69999958	0.00119744
-36.66666625	0.00120125
-36.63333292	0.00128959
-36.59999958	0.00137850
-36.56666625	0.00146892
-36.53333292	0.00153988
-36.49999958	0.00172146
-36.46666625	0.00182451
-36.43333292	0.00188253
-36.39999958	0.00209965
-36.36666625	0.00235437
-36.33333292	0.00254140
-36.29999959	0.00273914
-36.26666625	0.00282291
-36.23333292	0.00297396
-36.19999959	0.00314059
-36.16666625	0.00326438
-36.13333292	0.00339053
-36.09999959	0.00346799
-36.06666625	0.00356702
-36.03333292	0.00355152
-35.99999959	0.00353977
-35.96666625	0.00350194
-35.93333292	0.00356835
-35.89999959	0.00345692
-35.86666626	0.00345757
-35.83333292	0.00334832
-35.79999959	0.00328782
-35.76666626	0.00302509
-35.73333292	0.00299620
-35.69999959	0.00287690
-35.66666626	0.00274073
-35.63333292	0.00256639
-35.59999959	0.00232364
-35.56666626	0.00218319
-35.53333292	0.00202484
-35.49999959	0.00177017
-35.46666626	0.00145915
-35.43333293	0.00133271
-35.39999959	0.00110249
-35.36666626	0.00092327
-35.33333293	0.00065950
-35.29999959	0.00047432
-35.26666626	0.00023468
-35.23333293	0.00000128
-35.19999959	-0.00014358
-35.16666626	-0.00036378
-35.13333293	-0.00063483
-35.09999959	-0.00075950
-35.06666626	-0.00110913
-35.03333293	-0.00124091
-34.99999960	-0.00143036
-34.96666626	-0.00171550
-34.93333293	-0.00195486
-34.89999960	-0.00216541
-34.86666626	-0.00239522
-34.83333293	-0.00256041
-34.79999960	-0.00281170
-34.76666626	-0.00314049
-34.73333293	-0.00338474
-34.69999960	-0.00363067
-34.66666626	-0.00389925
-34.63333293	-0.00417056
-34.59999960	-0.00455618
-34.56666627	-0.00481831
-34.53333293	-0.00503191
-34.49999960	-0.00519227
-34.46666627	-0.00556782
-34.43333293	-0.00579727
-34.39999960	-0.00600708
-34.36666627	-0.00630604
-34.33333293	-0.00680791
-34.29999960	-0.00688691
-34.26666627	-0.00717663
-34.23333294	-0.00744758
-34.19999960	-0.00771664
-34.16666627	-0.00787704
-34.13333294	-0.00817927
-34.09999960	-0.00843384
-34.06666627	-0.00859245
-34.03333294	-0.00890287
-33.99999960	-0.00899379
-33.96666627	-0.00931226
-33.93333294	-0.00950638
-33.89999960	-0.00978468
-33.86666627	-0.00992285
-33.83333294	-0.00997166
-33.79999961	-0.01006900
-33.76666627	-0.01022999
-33.73333294	-0.01047037
-33.69999961	-0.01062593
-33.66666627	-0.01063336
-33.63333294	-0.01067477
-33.59999961	-0.01083537
-33.56666627	-0.01086200
-33.53333294	-0.01088519
-33.49999961	-0.01094195
-33.46666627	-0.01089643
-33.43333294	-0.01093658
-33.39999961	-0.01095422
-33.36666628	-0.01084640
-33.33333294	-0.01086336
-33.29999961	-0.01073920
-33.26666628	-0.01074243
-33.23333294	-0.01062952
-33.19999961	-0.01058561
-33.16666628	-0.01060533
-33.13333294	-0.01051941
-33.09999961	-0.01032287
-33.06666628	-0.01036679
-33.03333294	-0.01018458
-32.99999961	-0.01021390
-32.96666628	-0.01001101
-32.93333295	-0.00987426
-32.89999961	-0.00974055
-32.86666628	-0.00973209
-32.83333295	-0.00961789
-32.79999961	-0.00952170
-32.76666628	-0.00951388
-32.73333295	-0.00946592
-32.69999961	-0.00935765
-32.66666628	-0.00936741
-32.63333295	-0.00924660
-32.59999962	-0.00912353
-32.56666628	-0.00923480
-32.53333295	-0.00908017
-32.49999962	-0.00900675
-32.46666628	-0.00893621
-32.43333295	-0.00877122
-32.39999962	-0.00874490
-32.36666628	-0.00866154
-32.33333295	-0.00860926
-32.29999962	-0.00857183
-32.26666628	-0.00847548
-32.23333295	-0.00846295
-32.19999962	-0.00829188
-32.16666629	-0.00824685
-32.13333295	-0.00815980
-32.09999962	-0.00813707
-32.06666629	-0.00802830
-32.03333295	-0.00797814
-31.99999962	-0.00780244
-31.96666629	-0.00777097
-31.93333295	-0.00767146
-31.89999962	-0.00759428
-31.86666629	-0.00767020
-31.83333295	-0.00761131
-31.79999962	-0.00744183
-31.76666629	-0.00740684
-31.73333296	-0.00741351
-31.69999962	-0.00734514
-31.66666629	-0.00739572
-31.63333296	-0.00728774
-31.59999962	-0.00725297
-31.56666629	-0.00711244
-31.53333296	-0.00705354
-31.49999962	-0.00690705
-31.46666629	-0.00687897
-31.43333296	-0.00662057
-31.39999962	-0.00650252
-31.36666629	-0.00645798
-31.33333296	-0.00629844
-31.29999963	-0.00609404
-31.26666629	-0.00599937
-31.23333296	-0.00575839
-31.19999963	-0.00572547
-31.16666629	-0.00549766
-31.13333296	-0.00532691
-31.09999963	-0.00511329
-31.06666629	-0.00502643
-31.03333296	-0.00483069
-30.99999963	-0.00460583
-30.96666629	-0.00444619
-30.93333296	-0.00422239
-30.89999963	-0.00405188
-30.86666630	-0.00389590
-30.83333296	-0.00376853
-30.79999963	-0.00345106
-30.76666630	-0.00354675
-30.73333296	-0.00335673
-30.69999963	-0.00321255
-30.66666630	-0.00310996
-30.63333296	-0.00296863
-30.59999963	-0.00291567
-30.56666630	-0.00279269
-30.53333297	-0.00266110
-30.49999963	-0.00257532
-30.46666630	-0.00244771
-30.43333297	-0.00244023
-30.39999963	-0.00242041
-30.36666630	-0.00238148
-30.33333297	-0.00218789
-30.29999963	-0.00218796
-30.26666630	-0.00208183
-30.23333297	-0.00215631
-30.19999963	-0.00204373
-30.16666630	-0.00213139
-30.13333297	-0.00208948
-30.09999964	-0.00199813
-30.06666630	-0.00203248
-30.03333297	-0.00198863
-29.99999964	-0.00202787
-29.96666630	-0.00198551
-29.93333297	-0.00192998
-29.89999964	-0.00200289
-29.86666630	-0.00190330
-29.83333297	-0.00195801
-29.79999964	-0.00188797
-29.76666630	-0.00191123
-29.73333297	-0.00196818
-29.69999964	-0.00195689
-29.66666631	-0.00194609
-29.63333297	-0.00187860
-29.59999964	-0.00194229
-29.56666631	-0.00185965
-29.53333297	-0.00183068
-29.49999964	-0.00200817
-29.46666631	-0.00195585
-29.43333297	-0.00189483
-29.39999964	-0.00188962
-29.36666631	-0.00193483
-29.33333297	-0.00190641
-29.29999964	-0.00186263
-29.26666631	-0.00186850
-29.23333298	-0.00190769
-29.19999964	-0.00190745
-29.16666631	-0.00184835
-29.13333298	-0.00181657
-29.09999964	-0.00169912
-29.06666631	-0.00161442
-29.03333298	-0.00169543
-28.99999964	-0.00155553
-28.96666631	-0.00150156
-28.93333298	-0.00136413
-28.89999965	-0.00139652
-28.86666631	-0.00123072
-28.83333298	-0.00121932
-28.79999965	-0.00108360
-28.76666631	-0.00100707
-28.73333298	-0.00090933
-28.69999965	-0.00070694
-28.66666631	-0.00072061
-28.63333298	-0.00067921
-28.59999965	-0.00059521
-28.56666631	-0.00060705
-28.53333298	-0.00051849
-28.49999965	-0.00043417
-28.46666632	-0.00041076
-28.43333298	-0.00037990
-28.39999965	-0.00035051
-28.36666632	-0.00039409
-28.33333298	-0.00041648
-28.29999965	-0.00035570
-28.26666632	-0.00023202
-28.23333298	-0.00025908
-28.19999965	-0.00024378
-28.16666632	-0.00024879
-28.13333298	-0.00041014
-28.09999965	-0.00039908
-28.06666632	-0.00042868
-28.03333299	-0.00037924
-27.99999965	-0.00040138
-27.96666632	-0.00038098
-27.93333299	-0.00040045
-27.89999965	-0.00044992
-27.86666632	-0.00040953
-27.83333299	-0.00047959
-27.79999965	-0.00051959
-27.76666632	-0.00053297
-27.73333299	-0.00048612
-27.69999965	-0.00052320
-27.66666632	-0.00046909
-27.63333299	-0.00054837
-27.59999966	-0.00042541
-27.56666632	-0.00042447
-27.53333299	-0.00033400
-27.49999966	-0.00030884
-27.46666632	-0.00028237
-27.43333299	-0.00009127
-27.39999966	-0.00008187
-27.36666632	-0.00006104
-27.33333299	-0.00010468
-27.29999966	-0.00020041
-27.26666632	-0.00001845
-27.23333299	0.00000833
-27.19999966	0.00006430
-27.16666633	0.00024617
-27.13333299	0.00021201
-27.09999966	0.00012023
-27.06666633	0.00028018
-27.03333299	0.00025614
-26.99999966	0.00004324
-26.96666633	0.00012788
-26.93333299	0.00010169
-26.89999966	0.00012744
-26.86666633	0.00005227
-26.83333300	0.00006178
-26.79999966	-0.00006536
-26.76666633	-0.00010676
-26.73333300	-0.00010455
-26.69999966	-0.00018741
-26.66666633	-0.00031588
-26.63333300	-0.00032888
-26.59999966	-0.00050848
-26.56666633	-0.00051639
-26.53333300	-0.00060855
-26.49999966	-0.00072335
-26.46666633	-0.00083936
-26.43333300	-0.00089489
-26.39999967	-0.00100913
-26.36666633	-0.00102967
-26.33333300	-0.00110568
-26.29999967	-0.00120346
-26.26666633	-0.00126195
-26.23333300	-0.00130235
-26.19999967	-0.00138325
-26.16666633	-0.00141798
-26.13333300	-0.00134314
-26.09999967	-0.00154631
-26.06666633	-0.00156372
-26.03333300	-0.00162844
-25.99999967	-0.00159239
-25.96666634	-0.00162632
-25.93333300	-0.00171252
-25.89999967	-0.00165109
-25.86666634	-0.00170364
-25.83333300	-0.00174453
-25.79999967	-0.00166277
-25.76666634	-0.00176625
-25.73333300	-0.00179631
-25.69999967	-0.00175474
-25.66666634	-0.00170805
-25.63333300	-0.00176055
-25.59999967	-0.00181197
-25.56666634	-0.00186665
-25.53333301	-0.00195292
-25.49999967	-0.00185781
-25.46666634	-0.00181255
-25.43333301	-0.00191986
-25.39999967	-0.00193199
-25.36666634	-0.00196796
-25.33333301	-0.00199780
-25.29999967	-0.00204022
-25.26666634	-0.00204138
-25.23333301	-0.00212081
-25.19999968	-0.00207760
-25.16666634	-0.00216985
-25.13333301	-0.00214287
-25.09999968	-0.00220605
-25.06666634	-0.00225680
-25.03333301	-0.00237100
-24.99999968	-0.00236866
-24.96666634	-0.00251140
-24.93333301	-0.00250900
-24.89999968	-0.00244690
-24.86666634	-0.00259207
-24.83333301	-0.00253630
-24.79999968	-0.00260829
-24.76666635	-0.00264867
-24.73333301	-0.00267612
-24.69999968	-0.00266158
-24.66666635	-0.00270075
-24.63333301	-0.00268294
-24.59999968	-0.00266963
-24.56666635	-0.00270098
-24.53333301	-0.00259889
-24.49999968	-0.00261754
-24.46666635	-0.00266517
-24.43333301	-0.00269522
-24.39999968	-0.00279728
-24.36666635	-0.00289341
-24.33333302	-0.00277549
-24.29999968	-0.00289989
-24.26666635	-0.00279562
-24.23333302	-0.00279372
-24.19999968	-0.00269659
-24.16666635	-0.00280306
-24.13333302	-0.00272973
-24.09999968	-0.00275396
-24.06666635	-0.00273097
-24.03333302	-0.00265445
-23.99999968	-0.00270897
-23.96666635	-0.00272125
-23.93333302	-0.00257425
-23.89999969	-0.00257200
-23.86666635	-0.00245833
-23.83333302	-0.00234890
-23.79999969	-0.00227792
-23.76666635	-0.00230154
-23.73333302	-0.00215883
-23.69999969	-0.00210678
-23.66666635	-0.00203901
-23.63333302	-0.00192524
-23.59999969	-0.00182812
-23.56666635	-0.00178063
-23.53333302	-0.00167432
-23.49999969	-0.00167188
-23.46666636	-0.00157125
-23.43333302	-0.00141982
-23.39999969	-0.00151050
-23.36666636	-0.00137589
-23.33333302	-0.00130017
-23.29999969	-0.00136931
-23.26666636	-0.00129153
-23.23333302	-0.00138189
-23.19999969	-0.00136304
-23.16666636	-0.00131379
-23.13333303	-0.00132531
-23.09999969	-0.00145781
-23.06666636	-0.00142257
-23.03333303	-0.00140699
-22.99999969	-0.00144875
-22.96666636	-0.00150015
-22.93333303	-0.00178309
-22.89999969	-0.00171382
-22.86666636	-0.00175801
-22.83333303	-0.00182551
-22.79999969	-0.00189989
-22.76666636	-0.00202611
-22.73333303	-0.00210565
-22.69999970	-0.00220420
-22.66666636	-0.00228657
-22.63333303	-0.00239546
-22.59999970	-0.00252523
-22.56666636	-0.00257758
-22.53333303	-0.00267309
-22.49999970	-0.00271890
-22.46666636	-0.00299505
-22.43333303	-0.00293305
-22.39999970	-0.00303880
-22.36666636	-0.00306723
-22.33333303	-0.00321600
-22.29999970	-0.00313237
-22.26666637	-0.00323313
-22.23333303	-0.00338103
-22.19999970	-0.00339403
-22.16666637	-0.00341274
-22.13333303	-0.00343721
-22.09999970	-0.00355126
-22.06666637	-0.00359089
-22.03333303	-0.00352410
-21.99999970	-0.00366148
-21.96666637	-0.00361469
-21.93333303	-0.00374727
-21.89999970	-0.00376880
-21.86666637	-0.00383334
-21.83333304	-0.00380498
-21.79999970	-0.00382787
-21.76666637	-0.00392785
-21.73333304	-0.00401880
-21.69999970	-0.00402821
-21.66666637	-0.00398996
-21.63333304	-0.00397530
-21.59999970	-0.00399904
-21.56666637	-0.00401409
-21.53333304	-0.00408527
-21.49999971	-0.00412605
-21.46666637	-0.00413472
-21.43333304	-0.00416671
-21.39999971	-0.00414071
-21.36666637	-0.00412403
-21.33333304	-0.00422398
-21.29999971	-0.00420494
-21.26666637	-0.00422714
-21.23333304	-0.00431816
-21.19999971	-0.00426234
-21.16666637	-0.00433329
-21.13333304	-0.00439433
-21.09999971	-0.00437675
-21.06666638	-0.00444423
-21.03333304	-0.00447564
-20.99999971	-0.00454802
-20.96666638	-0.00448880
-20.93333304	-0.00461024
-20.89999971	-0.00460115
-20.86666638	-0.00475365
-20.83333304	-0.00465928
-20.79999971	-0.00458798
-20.76666638	-0.00459074
-20.73333304	-0.00457968
-20.69999971	-0.00455703
-20.66666638	-0.00449475
-20.63333305	-0.00445693
-20.59999971	-0.00444918
-20.56666638	-0.00446746
-20.53333305	-0.00442148
-20.49999971	-0.00432664
-20.46666638	-0.00426671
-20.43333305	-0.00414788
-20.39999971	-0.00406210
-20.36666638	-0.00408721
-20.33333305	-0.00407423
-20.29999971	-0.00387251
-20.26666638	-0.00386292
-20.23333305	-0.00378951
-20.19999972	-0.00363976
-20.16666638	-0.00356685
-20.13333305	-0.00347845
-20.09999972	-0.00343926
-20.06666638	-0.00318975
-20.03333305	-0.00317894
-19.99999972	-0.00313128
-19.96666638	-0.00301990
-19.93333305	-0.00303493
-19.89999972	-0.00292796
-19.86666638	-0.00282600
-19.83333305	-0.00267570
-19.79999972	-0.00275470
-19.76666639	-0.00267483
-19.73333305	-0.00261891
-19.69999972	-0.00249513
-19.66666639	-0.00244193
-19.63333305	-0.00243603
-19.59999972	-0.00238893
-19.56666639	-0.00231587
-19.53333305	-0.00237999
-19.49999972	-0.00228827
-19.46666639	-0.00235838
-19.43333306	-0.00220382
-19.39999972	-0.00221800
-19.36666639	-0.00221148
-19.33333306	-0.00220825
-19.29999972	-0.00222175
-19.26666639	-0.00223587
-19.23333306	-0.00205933
-19.19999972	-0.00213072
-19.16666639	-0.00208739
-19.13333306	-0.00199681
-19.09999972	-0.00198543
-19.06666639	-0.00198695
-19.03333306	-0.00195281
-18.99999973	-0.00200549
-18.96666639	-0.00203412
-18.93333306	-0.00196159
-18.89999973	-0.00196419
-18.86666639	-0.00194232
-18.83333306	-0.00192183
-18.79999973	-0.00188608
-18.76666639	-0.00193318
-18.73333306	-0.00186524
-18.69999973	-0.00176520
-18.66666639	-0.00183879
-18.63333306	-0.00176005
-18.59999973	-0.00164555
-18.56666640	-0.00161533
-18.53333306	-0.00153712
-18.49999973	-0.00151486
-18.46666640	-0.00152180
-18.43333306	-0.00133987
-18.39999973	-0.00128776
-18.36666640	-0.00126435
-18.33333306	-0.00114280
-18.29999973	-0.00109829
-18.26666640	-0.00105539
-18.23333306	-0.00092948
-18.19999973	-0.00085663
-18.16666640	-0.00080700
-18.13333307	-0.00065025
-18.09999973	-0.00072303
-18.06666640	-0.00055997
-18.03333307	-0.00044431
-17.99999973	-0.00033615
-17.96666640	-0.00033203
-17.93333307	-0.00020903
-17.89999973	-0.00004400
-17.86666640	-0.00009972
-17.83333307	0.00010058
-17.79999974	0.00014480
-17.76666640	0.00016132
-17.73333307	0.00013538
-17.69999974	0.00030084
-17.66666640	0.00033868
-17.63333307	0.00038507
-17.59999974	0.00035326
-17.56666640	0.00053352
-17.53333307	0.00068469
-17.49999974	0.00070078
-17.46666640	0.00082831
-17.43333307	0.00083320
-17.39999974	0.00089921
-17.36666641	0.00094981
-17.33333307	0.00105283
-17.29999974	0.00111079
-17.26666641	0.00115133
-17.23333307	0.00123413
-17.19999974	0.00133092
-17.16666641	0.00144421
-17.13333307	0.00142640
-17.09999974	0.00156128
-17.06666641	0.00171627
-17.03333307	0.00177770
-16.99999974	0.00187452
-16.96666641	0.00198944
-16.93333308	0.00204731
-16.89999974	0.00208748
-16.86666641	0.00209288
-16.83333308	0.00228244
-16.79999974	0.00228352
-16.76666641	0.00230843
-16.73333308	0.00252268
-16.69999974	0.00257240
-16.66666641	0.00261837
-16.63333308	0.00270814
-16.59999974	0.00276254
-16.56666641	0.00285605
-16.53333308	0.00296223
-16.49999975	0.00309604
-16.46666641	0.00321541
-16.43333308	0.00318202
-16.39999975	0.00324764
-16.36666641	0.00327177
-16.33333308	0.00336928
-16.29999975	0.00345486
-16.26666641	0.00352294
-16.23333308	0.00349195
-16.19999975	0.00364533
-16.16666641	0.00370748
-16.13333308	0.00379732
-16.09999975	0.00379738
-16.06666642	0.00378603
-16.03333308	0.00385860
-15.99999975	0.00392772
-15.96666642	0.00400663
-15.93333308	0.00408803
-15.89999975	0.00409993
-15.86666642	0.00414761
-15.83333308	0.00416838
-15.79999975	0.00423923
-15.76666642	0.00437935
-15.73333309	0.00435181
-15.69999975	0.00428401
-15.66666642	0.00435865
-15.63333309	0.00441074
-15.59999975	0.00447560
-15.56666642	0.00449544
-15.53333309	0.00451823
-15.49999975	0.00465028
-15.46666642	0.00468542
-15.43333309	0.00476980
-15.39999975	0.00463422
-15.36666642	0.00464918
-15.33333309	0.00466444
-15.29999976	0.00458451
-15.26666642	0.00468058
-15.23333309	0.00470646
-15.19999976	0.00473368
-15.16666642	0.00477201
-15.13333309	0.00480066
-15.09999976	0.00484791
-15.06666642	0.00497273
-15.03333309	0.00508076
-14.99999976	0.00499852
-14.96666642	0.00508730
-14.93333309	0.00518819
-14.89999976	0.00515758
-14.86666643	0.00528150
-14.83333309	0.00525744
-14.79999976	0.00529267
-14.76666643	0.00545942
-14.73333309	0.00548508
-14.69999976	0.00558643
-14.66666643	0.00565780
-14.63333309	0.00573563
-14.59999976	0.00567720
-14.56666643	0.00575368
-14.53333309	0.00583019
-14.49999976	0.00587678
-14.46666643	0.00597732
-14.43333310	0.00597908
-14.39999976	0.00604142
-14.36666643	0.00599885
-14.33333310	0.00608546
-14.29999976	0.00603190
-14.26666643	0.00612747
-14.23333310	0.00618638
-14.19999976	0.00617147
-14.16666643	0.00614806
-14.13333310	0.00617151
-14.09999977	0.00619688
-14.06666643	0.00624823
-14.03333310	0.00619616
-13.99999977	0.00621237
-13.96666643	0.00617502
-13.93333310	0.00622918
-13.89999977	0.00624153
-13.86666643	0.00625356
-13.83333310	0.00628103
-13.79999977	0.00619306
-13.76666643	0.00616550
-13.73333310	0.00621759
-13.69999977	0.00621913
-13.66666644	0.00621888
-13.63333310	0.00626109
-13.59999977	0.00612668
-13.56666644	0.00623565
-13.53333310	0.00616764
-13.49999977	0.00610462
-13.46666644	0.00611844
-13.43333310	0.00604108
-13.39999977	0.00602580
-13.36666644	0.00598328
-13.33333310	0.00590722
-13.29999977	0.00590628
-13.26666644	0.00586832
-13.23333311	0.00589621
-13.19999977	0.00579828
-13.16666644	0.00584892
-13.13333311	0.00577399
-13.09999977	0.00572944
-13.06666644	0.00571962
-13.03333311	0.00580099
-12.99999977	0.00576692
-12.96666644	0.00563369
-12.93333311	0.00567512
-12.89999977	0.00566389
-12.86666644	0.00572407
-12.83333311	0.00573546
-12.79999978	0.00571309
-12.76666644	0.00577737
-12.73333311	0.00569576
-12.69999978	0.00562444
-12.66666644	0.00552321
-12.63333311	0.00557232
-12.59999978	0.00549480
-12.56666644	0.00547427
-12.53333311	0.00549662
-12.49999978	0.00538001
-12.46666644	0.00539470
-12.43333311	0.00530542
-12.39999978	0.00526368
-12.36666645	0.00522610
-12.33333311	0.00518944
-12.29999978	0.00504689
-12.26666645	0.00509978
-12.23333311	0.00495859
-12.19999978	0.00490691
-12.16666645	0.00486086
-12.13333311	0.00473470
-12.09999978	0.00466702
-12.06666645	0.00451842
-12.03333312	0.00462292
-11.99999978	0.00452501
-11.96666645	0.00445549
-11.93333312	0.00446687
-11.89999978	0.00436395
-11.86666645	0.00431451
-11.83333312	0.00424597
-11.79999978	0.00432185
-11.76666645	0.00422443
-11.73333312	0.00421680
-11.69999978	0.00419421
-11.66666645	0.00418762
-11.63333312	0.00424954
-11.59999979	0.00410381
-11.56666645	0.00410473
-11.53333312	0.00401885
-11.49999979	0.00414240
-11.46666645	0.00408215
-11.43333312	0.00409245
-11.39999979	0.00418645
-11.36666645	0.00408652
-11.33333312	0.00407871
-11.29999979	0.00405331
-11.26666645	0.00401561
-11.23333312	0.00401010
-11.19999979	0.00409022
-11.16666646	0.00407798
-11.13333312	0.00409191
-11.09999979	0.00408157
-11.06666646	0.00407345
-11.03333312	0.00411545
-10.99999979	0.00407672
-10.96666646	0.00403560
-10.93333312	0.00394203
-10.89999979	0.00397281
-10.86666646	0.00387331
-10.83333312	0.00377947
-10.79999979	0.00374112
-10.76666646	0.00363491
-10.73333313	0.00360755
-10.69999979	0.00364063
-10.66666646	0.00344580
-10.63333313	0.00336869
-10.59999979	0.00322376
-10.56666646	0.00314854
-10.53333313	0.00297418
-10.49999979	0.00286735
-10.46666646	0.00276355
-10.43333313	0.00262771
-10.39999980	0.00259379
-10.36666646	0.00243069
-10.33333313	0.00233407
-10.29999980	0.00213806
-10.26666646	0.00212443
-10.23333313	0.00191882
-10.19999980	0.00179553
-10.16666646	0.00162012
-10.13333313	0.00154636
-10.09999980	0.00132601
-10.06666646	0.00117850
-10.03333313	0.00099327
-9.99999980	0.00082546
-9.96666647	0.00072212
-9.93333313	0.00045262
-9.89999980	0.00026929
-9.86666647	0.00010208
-9.83333313	0.00001189
-9.79999980	-0.00019726
-9.76666647	-0.00031693
-9.73333313	-0.00037793
-9.69999980	-0.00054976
-9.66666647	-0.00070822
-9.63333313	-0.00086892
-9.59999980	-0.00106333
-9.56666647	-0.00116428
-9.53333314	-0.00119614
-9.49999980	-0.00137716
-9.46666647	-0.00154111
-9.43333314	-0.00167250
-9.39999980	-0.00167832
-9.36666647	-0.00188827
-9.33333314	-0.00198814
-9.29999980	-0.00214396
-9.26666647	-0.00234025
-9.23333314	-0.00234385
-9.19999980	-0.00260145
-9.16666647	-0.00263502
-9.13333314	-0.00277008
-9.09999981	-0.00297337
-9.06666647	-0.00322250
-9.03333314	-0.00312964
-8.99999981	-0.00332253
-8.96666647	-0.00335600
-8.93333314	-0.00350391
-8.89999981	-0.00372222
-8.86666647	-0.00382108
-8.83333314	-0.00398506
-8.79999981	-0.00404800
-8.76666647	-0.00408892
-8.73333314	-0.00422256
-8.69999981	-0.00421551
-8.66666648	-0.00444586
-8.63333314	-0.00452362
-8.59999981	-0.00470343
-8.56666648	-0.00484982
-8.53333314	-0.00494958
-8.49999981	-0.00502494
-8.46666648	-0.00519098
-8.43333314	-0.00526878
-8.39999981	-0.00537768
-8.36666648	-0.00552206
-8.33333315	-0.00563484
-8.29999981	-0.00569069
-8.26666648	-0.00586189
-8.23333315	-0.00601148
-8.19999981	-0.00625381
-8.16666648	-0.00623231
-8.13333315	-0.00636832
-8.09999981	-0.00656871
-8.06666648	-0.00661546
-8.03333315	-0.00668551
-7.99999981	-0.00676640
-7.96666648	-0.00680739
-7.93333315	-0.00690988
-7.89999982	-0.00694553
-7.86666648	-0.00703302
-7.83333315	-0.00702444
-7.79999982	-0.00710016
-7.76666648	-0.00718530
-7.73333315	-0.00724214
-7.69999982	-0.00718215
-7.66666648	-0.00721528
-7.63333315	-0.00723467
-7.59999982	-0.00736139
-7.56666648	-0.00741191
-7.53333315	-0.00737536
-7.49999982	-0.00748997
-7.46666649	-0.00745216
-7.43333315	-0.00745536
-7.39999982	-0.00753844
-7.36666649	-0.00753044
-7.33333315	-0.00750655
-7.29999982	-0.00752562
-7.26666649	-0.00757627
-7.23333315	-0.00755989
-7.19999982	-0.00759718
-7.16666649	-0.00761963
-7.13333315	-0.00771848
-7.09999982	-0.00758837
-7.06666649	-0.00772430
-7.03333316	-0.00780151
-6.99999982	-0.00765696
-6.96666649	-0.00777435
-6.93333316	-0.00777807
-6.89999982	-0.00780803
-6.86666649	-0.00778261
-6.83333316	-0.00783829
-6.79999982	-0.00779647
-6.76666649	-0.00787650
-6.73333316	-0.00771419
-6.69999983	-0.00771438
-6.66666649	-0.00775257
-6.63333316	-0.00768737
-6.59999983	-0.00770373
-6.56666649	-0.00762397
-6.53333316	-0.00765482
-6.49999983	-0.00763508
-6.46666649	-0.00757645
-6.43333316	-0.00755539
-6.39999983	-0.00754683
-6.36666649	-0.00735637
-6.33333316	-0.00737739
-6.29999983	-0.00736178
-6.26666650	-0.00725759
-6.23333316	-0.00716427
-6.19999983	-0.00712993
-6.16666650	-0.00695973
-6.13333316	-0.00688293
-6.09999983	-0.00684540
-6.06666650	-0.00671784
-6.03333316	-0.00669148
-5.99999983	-0.00646186
-5.96666650	-0.00635866
-5.93333316	-0.00628637
-5.89999983	-0.00615416
-5.86666650	-0.00589443
-5.83333317	-0.00583591
-5.79999983	-0.00568177
-5.76666650	-0.00555212
-5.73333317	-0.00545813
-5.69999983	-0.00519864
-5.66666650	-0.00520496
-5.63333317	-0.00499578
-5.59999983	-0.00496534
-5.56666650	-0.00468637
-5.53333317	-0.00469123
-5.49999983	-0.00455656
-5.46666650	-0.00452706
-5.43333317	-0.00437363
-5.39999984	-0.00421543
-5.36666650	-0.00412539
-5.33333317	-0.00408243
-5.29999984	-0.00398397
-5.26666650	-0.00383952
-5.23333317	-0.00389525
-5.19999984	-0.00383389
-5.16666650	-0.00379011
-5.13333317	-0.00368159
-5.09999984	-0.00370418
-5.06666650	-0.00358466
-5.03333317	-0.00362993
-4.99999984	-0.00365019
-4.96666651	-0.00359593
-4.93333317	-0.00363462
-4.89999984	-0.00357258
-4.86666651	-0.00350647
-4.83333317	-0.00359428
-4.79999984	-0.00361335
-4.76666651	-0.00358985
-4.73333317	-0.00361712
-4.69999984	-0.00375028
-4.66666651	-0.00388826
-4.63333318	-0.00390578
-4.59999984	-0.00396466
-4.56666651	-0.00405054
-4.53333318	-0.00411976
-4.49999984	-0.00430119
-4.46666651	-0.00447216
-4.43333318	-0.00448734
-4.39999984	-0.00461223
-4.36666651	-0.00467804
-4.33333318	-0.00491059
-4.29999984	-0.00506768
-4.26666651	-0.00512281
-4.23333318	-0.00527365
-4.19999985	-0.00545670
-4.16666651	-0.00556020
-4.13333318	-0.00567822
-4.09999985	-0.00593419
-4.06666651	-0.00606668
-4.03333318	-0.00630432
-3.99999985	-0.00634900
-3.96666651	-0.00646471
-3.93333318	-0.00666333
-3.89999985	-0.00688914
-3.86666651	-0.00691482
-3.83333318	-0.00711133
-3.79999985	-0.00735056
-3.76666652	-0.00744580
-3.73333318	-0.00758807
-3.69999985	-0.00761354
-3.66666652	-0.00776403
-3.63333318	-0.00798394
-3.59999985	-0.00802266
-3.56666652	-0.00825344
-3.53333318	-0.00824252
-3.49999985	-0.00845792
-3.46666652	-0.00848511
-3.43333318	-0.00860070
-3.39999985	-0.00872041
-3.36666652	-0.00883334
-3.33333319	-0.00874798
-3.29999985	-0.00885691
-3.26666652	-0.00882965
-3.23333319	-0.00883276
-3.19999985	-0.00887637
-3.16666652	-0.00883873
-3.13333319	-0.00875647
-3.09999985	-0.00880927
-3.06666652	-0.00875339
-3.03333319	-0.00859847
-2.99999986	-0.00859411
-2.96666652	-0.00849491
-2.93333319	-0.00841639
-2.89999986	-0.00831021
-2.86666652	-0.00820814
-2.83333319	-0.00810622
-2.79999986	-0.00798057
-2.76666652	-0.00762234
-2.73333319	-0.00752178
-2.69999986	-0.00729604
-2.66666652	-0.00715889
-2.63333319	-0.00696147
-2.59999986	-0.00671275
-2.56666653	-0.00648731
-2.53333319	-0.00627778
-2.49999986	-0.00596799
-2.46666653	-0.00575497
-2.43333319	-0.00526453
-2.39999986	-0.00504516
-2.36666653	-0.00468742
-2.33333319	-0.00438069
-2.29999986	-0.00400089
-2.26666653	-0.00366558
-2.23333319	-0.00338802
-2.19999986	-0.00305587
-2.16666653	-0.00255782
-2.13333320	-0.00223566
-2.09999986	-0.00181237
-2.06666653	-0.00142008
-2.03333320	-0.00101137
-1.99999986	-0.00062752
-1.96666653	-0.00040834
-1.93333320	0.00007606
-1.89999986	0.00046607
-1.86666653	0.00084044
-1.83333320	0.00119159
-1.79999986	0.00160099
-1.76666653	0.00200318
-1.73333320	0.00245843
-1.69999987	0.00274084
-1.66666653	0.00303669
-1.63333320	0.00350511
-1.59999987	0.00389409
-1.56666653	0.00409212
-1.53333320	0.00445386
-1.49999987	0.00485559
-1.46666653	0.00514150
-1.43333320	0.00546389
-1.39999987	0.00567654
-1.36666653	0.00616728
-1.33333320	0.00635317
-1.29999987	0.00670150
-1.26666654	0.00711589
-1.23333320	0.00731388
-1.19999987	0.00758381
-1.16666654	0.00786634
-1.13333320	0.00809314
-1.09999987	0.00835185
-1.06666654	0.00864471
-1.03333320	0.00885734
-0.99999987	0.00916054
-0.96666654	0.00936335
-0.93333321	0.00958962
-0.89999987	0.00984701
-0.86666654	0.01004894
-0.83333321	0.01039946
-0.79999987	0.01043333
-0.76666654	0.01068559
-0.73333321	0.01077951
-0.69999987	0.01099105
-0.66666654	0.01120949
-0.63333321	0.01135780
-0.59999987	0.01153183
-0.56666654	0.01173770
-0.53333321	0.01188631
-0.49999988	0.01202769
-0.46666654	0.01230721
-0.43333321	0.01237140
-0.39999988	0.01247584
-0.36666654	0.01265603
-0.33333321	0.01273078
-0.29999988	0.01289142
-0.26666654	0.01308690
-0.23333321	0.01314963
-0.19999988	0.01319348
-0.16666654	0.01343050
-0.13333321	0.01353901
-0.09999988	0.01373250
-0.06666655	0.01381127
-0.03333321	0.01396552
0.00000012	0.01402167
0.03333345	0.01412060
0.06666679	0.01435325
0.10000012	0.01448721
0.13333345	0.01454649
0.16666679	0.01470484
0.20000012	0.01480800
0.23333345	0.01487293
0.26666679	0.01499125
0.30000012	0.01516557
0.33333345	0.01526450
0.36666678	0.01533287
0.40000012	0.01542353
0.43333345	0.01547293
0.46666678	0.01550505
0.50000012	0.01560635
0.53333345	0.01580707
0.56666678	0.01587015
0.60000012	0.01599267
0.63333345	0.01602885
0.66666678	0.01603185
0.70000011	0.01618903
0.73333345	0.01625643
0.76666678	0.01643973
0.80000011	0.01655134
0.83333345	0.01662550
0.86666678	0.01661944
0.90000011	0.01669368
0.93333345	0.01651597
0.96666678	0.01663704
1.00000011	0.01664408
1.03333345	0.01666335
1.06666678	0.01667430
1.10000011	0.01669530
1.13333344	0.01658407
1.16666678	0.01660094
1.20000011	0.01656657
1.23333344	0.01658344
1.26666678	0.01645938
1.30000011	0.01649530
1.33333344	0.01637193
1.36666678	0.01640416
1.40000011	0.01640678
1.43333344	0.01646309
1.46666678	0.01631507
1.50000011	0.01623666
1.53333344	0.01619319
1.56666677	0.01606943
1.60000011	0.01596730
1.63333344	0.01597750
1.66666677	0.01581614
1.70000011	0.01572993
1.73333344	0.01565491
1.76666677	0.01558595
1.80000011	0.01551671
1.83333344	0.01529862
1.86666677	0.01525070
1.90000011	0.01513208
1.93333344	0.01495489
1.96666677	0.01484775
2.00000010	0.01476729
2.03333344	0.01451120
2.06666677	0.01431715
2.10000010	0.01413890
2.13333344	0.01387464
2.16666677	0.01372052
2.20000010	0.01358762
2.23333344	0.01337581
2.26666677	0.01320475
2.30000010	0.01294820
2.33333344	0.01273495
2.36666677	0.01256846
2.40000010	0.01242545
2.43333343	0.01210034
2.46666677	0.01187393
2.50000010	0.01161075
2.53333343	0.01141711
2.56666677	0.01119050
2.60000010	0.01097116
2.63333343	0.01084443
2.66666677	0.01063503
2.70000010	0.01037659
2.73333343	0.01012667
2.76666676	0.00990182
2.80000010	0.00982354
2.83333343	0.00962060
2.86666676	0.00948408
2.90000010	0.00927116
2.93333343	0.00913005
2.96666676	0.00884122
3.00000010	0.00875594
3.03333343	0.00861714
3.06666676	0.00837708
3.10000010	0.00828383
3.13333343	0.00815608
3.16666676	0.00804153
3.20000009	0.00784730
3.23333343	0.00775376
3.26666676	0.00752010
3.30000009	0.00752726
3.33333343	0.00736491
3.36666676	0.00738442
3.40000009	0.00728783
3.43333343	0.00720025
3.46666676	0.00697854
3.50000009	0.00700101
3.53333343	0.00685679
3.56666676	0.00679252
3.60000009	0.00672506
3.63333342	0.00656165
3.66666676	0.00662471
3.70000009	0.00656462
3.73333342	0.00638599
3.76666676	0.00635962
3.80000009	0.00622672
3.83333342	0.00623276
3.86666676	0.00606942
3.90000009	0.00599332
3.93333342	0.00590049
3.96666676	0.00581307
4.00000009	0.00579805
4.03333342	0.00578628
4.06666675	0.00576080
4.10000009	0.00546926
4.13333342	0.00536957
4.16666675	0.00519894
4.20000009	0.00520775
4.23333342	0.00506011
4.26666675	0.00489037
4.30000009	0.00486257
4.33333342	0.00466128
4.36666675	0.00445971
4.40000008	0.00438681
4.43333342	0.00426464
4.46666675	0.00413358
4.50000008	0.00406651
4.53333342	0.00394318
4.56666675	0.00370879
4.60000008	0.00367598
4.63333342	0.00349638
4.66666675	0.00327641
4.70000008	0.00319347
4.73333342	0.00301974
4.76666675	0.00295492
4.80000008	0.00281847
4.83333341	0.00258749
4.86666675	0.00250701
4.90000008	0.00249514
4.93333341	0.00221013
4.96666675	0.00208513
5.00000008	0.00202605
5.03333341	0.00181948
5.06666675	0.00168468
5.10000008	0.00153790
5.13333341	0.00147654
5.16666675	0.00128354
5.20000008	0.00103908
5.23333341	0.00098920
5.26666674	0.00075485
5.30000008	0.00062276
5.33333341	0.00053151
5.36666674	0.00027397
5.40000008	0.00008239
5.43333341	0.00008324
5.46666674	-0.00011588
5.50000008	-0.00023261
5.53333341	-0.00035396
5.56666674	-0.00049199
5.60000008	-0.00055052
5.63333341	-0.00059270
5.66666674	-0.00075852
5.70000007	-0.00078803
5.73333341	-0.00099616
5.76666674	-0.00109790
5.80000007	-0.00115748
5.83333341	-0.00108618
5.86666674	-0.00114273
5.90000007	-0.00132679
5.93333341	-0.00137734
5.96666674	-0.00140796
6.00000007	-0.00153723
6.03333341	-0.00146608
6.06666674	-0.00142267
6.10000007	-0.00158760
6.13333340	-0.00153521
6.16666674	-0.00168753
6.20000007	-0.00162977
6.23333340	-0.00169492
6.26666674	-0.00160584
6.30000007	-0.00163750
6.33333340	-0.00163557
6.36666674	-0.00177630
6.40000007	-0.00162914
6.43333340	-0.00158563
6.46666673	-0.00168693
6.50000007	-0.00170669
6.53333340	-0.00173525
6.56666673	-0.00170240
6.60000007	-0.00175720
6.63333340	-0.00173341
6.66666673	-0.00172403
6.70000007	-0.00180543
6.73333340	-0.00184376
6.76666673	-0.00185084
6.80000007	-0.00184064
6.83333340	-0.00193935
6.86666673	-0.00198556
6.90000006	-0.00194829
6.93333340	-0.00208228
6.96666673	-0.00207148
7.00000006	-0.00213446
7.03333340	-0.00225387
7.06666673	-0.00215856
7.10000006	-0.00221835
7.13333340	-0.00233755
7.16666673	-0.00233253
7.20000006	-0.00225241
7.23333340	-0.00239463
7.26666673	-0.00244611
7.30000006	-0.00245276
7.33333339	-0.00237073
7.36666673	-0.00244373
7.40000006	-0.00253872
7.43333339	-0.00256015
7.46666673	-0.00271932
7.50000006	-0.00281573
7.53333339	-0.00279512
7.56666673	-0.00291609
7.60000006	-0.00283405
7.63333339	-0.00286663
7.66666673	-0.00299476
7.70000006	-0.00302555
7.73333339	-0.00309010
7.76666672	-0.00311533
7.80000006	-0.00324285
7.83333339	-0.00328398
7.86666672	-0.00336887
7.90000006	-0.00341986
7.93333339	-0.00346893
7.96666672	-0.00357761
8.00000006	-0.00355905
8.03333339	-0.00371341
8.06666672	-0.00381280
8.10000006	-0.00383783
8.13333339	-0.00398349
8.16666672	-0.00401699
8.20000005	-0.00412828
8.23333339	-0.00409474
8.26666672	-0.00423947
8.30000005	-0.00428154
8.33333339	-0.00434776
8.36666672	-0.00450692
8.40000005	-0.00454518
8.43333339	-0.00457395
8.46666672	-0.00460510
8.50000005	-0.00477728
8.53333338	-0.00483218
8.56666672	-0.00489901
8.60000005	-0.00508277
8.63333338	-0.00498972
8.66666672	-0.00507942
8.70000005	-0.00506741
8.73333338	-0.00517461
8.76666672	-0.00526785
8.80000005	-0.00539893
8.83333338	-0.00535217
8.86666672	-0.00538634
8.90000005	-0.00535085
8.93333338	-0.00561415
8.96666671	-0.00556234
9.00000005	-0.00563017
9.03333338	-0.00569435
9.06666671	-0.00566765
9.10000005	-0.00570532
9.13333338	-0.00573400
9.16666671	-0.00575839
9.20000005	-0.00584315
9.23333338	-0.00590056
9.26666671	-0.00589696
9.30000005	-0.00595742
9.33333338	-0.00592315
9.36666671	-0.00597568
9.40000004	-0.00600259
9.43333338	-0.00597784
9.46666671	-0.00602951
9.50000004	-0.00610675
9.53333338	-0.00609426
9.56666671	-0.00612190
9.60000004	-0.00607118
9.63333338	-0.00612697
9.66666671	-0.00617897
9.70000004	-0.00618239
9.73333338	-0.00614834
9.76666671	-0.00611814
9.80000004	-0.00616028
9.83333337	-0.00617009
9.86666671	-0.00615644
9.90000004	-0.00611455
9.93333337	-0.00601970
9.96666671	-0.00602230
10.00000004	-0.00605406
10.03333337	-0.00604504
10.06666671	-0.00595266
10.10000004	-0.00597821
10.13333337	-0.00594535
10.16666670	-0.00589182
10.20000004	-0.00584558
10.23333337	-0.00581152
10.26666670	-0.00580874
10.30000004	-0.00575166
10.33333337	-0.00575384
10.36666670	-0.00571356
10.40000004	-0.00561358
10.43333337	-0.00559316
10.46666670	-0.00552275
10.50000004	-0.00555235
10.53333337	-0.00543647
10.56666670	-0.00538951
10.60000003	-0.00539208
10.63333337	-0.00534993
10.66666670	-0.00520159
10.70000003	-0.00517825
10.73333337	-0.00514101
10.76666670	-0.00508789
10.80000003	-0.00503028
10.83333337	-0.00493625
10.86666670	-0.00489104
10.90000003	-0.00483711
10.93333337	-0.00469669
10.96666670	-0.00463419
11.00000003	-0.00464618
11.03333336	-0.00455531
11.06666670	-0.00442884
11.10000003	-0.00440245
11.13333336	-0.00429257
11.16666670	-0.00425827
11.20000003	-0.00416190
11.23333336	-0.00407400
11.26666670	-0.00403357
11.30000003	-0.00399447
11.33333336	-0.00387678
11.36666670	-0.00380790
11.40000003	-0.00374881
11.43333336	-0.00367761
11.46666669	-0.00360565
11.50000003	-0.00352157
11.53333336	-0.00344193
11.56666669	-0.00337185
11.60000003	-0.00331268
11.63333336	-0.00324332
11.66666669	-0.00313518
11.70000003	-0.00308214
11.73333336	-0.00304027
11.76666669	-0.00299939
11.80000003	-0.00290929
11.83333336	-0.00284484
11.86666669	-0.00277135
11.90000002	-0.00273532
11.93333336	-0.00263704
11.96666669	-0.00258110
12.00000002	-0.00254106
12.03333336	-0.00251399
12.06666669	-0.00241258
12.10000002	-0.00237622
12.13333336	-0.00229562
12.16666669	-0.00224586
12.20000002	-0.00220385
12.23333335	-0.00213142
12.26666669	-0.00208687
12.30000002	-0.00204860
12.33333335	-0.00198693
12.36666669	-0.00191738
12.40000002	-0.00184451
12.43333335	-0.00182224
12.46666669	-0.00177473
12.50000002	-0.00171423
12.53333335	-0.00164038
12.56666669	-0.00161046
12.60000002	-0.00158466
12.63333335	-0.00152464
12.66666668	-0.00147945
12.70000002	-0.00143949
12.73333335	-0.00137336
12.76666668	-0.00134743
12.80000002	-0.00130383
12.83333335	-0.00127197
12.86666668	-0.00123837
12.90000002	-0.00118236
12.93333335	-0.00116430
12.96666668	-0.00112342
13.00000002	-0.00108697
13.03333335	-0.00104591
13.06666668	-0.00100665
13.10000001	-0.00097671
13.13333335	-0.00093362
13.16666668	-0.00090555
13.20000001	-0.00087872
13.23333335	-0.00085634
13.26666668	-0.00081826
13.30000001	-0.00079587
13.33333335	-0.00076480
13.36666668	-0.00072429
13.40000001	-0.00069396
13.43333335	-0.00066362
13.46666668	-0.00062523
13.50000001	-0.00060923
13.53333334	-0.00058132
13.56666668	-0.00055225
13.60000001	-0.00052525
13.63333334	-0.00050353
13.66666668	-0.00047018
13.70000001	-0.00044937
13.73333334	-0.00042836
13.76666668	-0.00040154
13.80000001	-0.00037742
13.83333334	-0.00035274
13.86666667	-0.00033152
13.90000001	-0.00031498
13.93333334	-0.00029249
13.96666667	-0.00026865
14.00000001	-0.00025101
14.03333334	-0.00023294
14.06666667	-0.00021286
14.10000001	-0.00019825
14.13333334	-0.00018351
14.16666667	-0.00016706
14.20000001	-0.00014887
14.23333334	-0.00013391
14.26666667	-0.00012159
14.30000000	-0.00010984
14.33333334	-0.00009764
14.36666667	-0.00008697
14.40000000	-0.00007601
14.43333334	-0.00006601
14.46666667	-0.00005662
14.50000000	-0.00004740
14.53333334	-0.00004042
14.56666667	-0.00003348
14.60000000	-0.00002664
14.63333334	-0.00002131
14.66666667	-0.00001614
14.70000000	-0.00001194
14.73333333	-0.00000823
14.76666667	-0.00000532
14.80000000	-0.00000293
14.83333333	-0.00000129
14.86666667	-0.00000033
14.90000000	0.00000000
