# Menlo Systems GmbH ScanControl
# Program Version 1.3.3
# Start: -65.00000000 ps, Average over 1000 waveforms. Timestamp: 2020-07-02T17:52:03
# Time [ps]	THz Signal [a.u.]
-65.06666597	0.00000000
-65.03333264	0.00000002
-64.99999931	0.00000008
-64.96666597	0.00000015
-64.93333264	0.00000028
-64.89999931	0.00000040
-64.86666598	0.00000053
-64.83333264	0.00000045
-64.79999931	0.00000092
-64.76666598	0.00000084
-64.73333264	0.00000026
-64.69999931	0.00000063
-64.66666598	0.00000072
-64.63333264	0.00000025
-64.59999931	-0.00000017
-64.56666598	-0.00000018
-64.53333265	-0.00000123
-64.49999931	-0.00000206
-64.46666598	-0.00000235
-64.43333265	-0.00000313
-64.39999931	-0.00000365
-64.36666598	-0.00000597
-64.33333265	-0.00000763
-64.29999931	-0.00000728
-64.26666598	-0.00000802
-64.23333265	-0.00000963
-64.19999931	-0.00001134
-64.16666598	-0.00001150
-64.13333265	-0.00001394
-64.09999932	-0.00001050
-64.06666598	-0.00001526
-64.03333265	-0.00002412
-63.99999932	-0.00002143
-63.96666598	-0.00002088
-63.93333265	-0.00003420
-63.89999932	-0.00003307
-63.86666598	-0.00003621
-63.83333265	-0.00004199
-63.79999932	-0.00004651
-63.76666599	-0.00004728
-63.73333265	-0.00004691
-63.69999932	-0.00005199
-63.66666599	-0.00005164
-63.63333265	-0.00005683
-63.59999932	-0.00005947
-63.56666599	-0.00006581
-63.53333265	-0.00007893
-63.49999932	-0.00008112
-63.46666599	-0.00008817
-63.43333265	-0.00009532
-63.39999932	-0.00009928
-63.36666599	-0.00009123
-63.33333266	-0.00009531
-63.29999932	-0.00010045
-63.26666599	-0.00011183
-63.23333266	-0.00010322
-63.19999932	-0.00012413
-63.16666599	-0.00011840
-63.13333266	-0.00012604
-63.09999932	-0.00013935
-63.06666599	-0.00013019
-63.03333266	-0.00013395
-62.99999933	-0.00014359
-62.96666599	-0.00012456
-62.93333266	-0.00014737
-62.89999933	-0.00013327
-62.86666599	-0.00014864
-62.83333266	-0.00012785
-62.79999933	-0.00014059
-62.76666599	-0.00013937
-62.73333266	-0.00012471
-62.69999933	-0.00012657
-62.66666599	-0.00011840
-62.63333266	-0.00009629
-62.59999933	-0.00009142
-62.56666600	-0.00008207
-62.53333266	-0.00007422
-62.49999933	-0.00003427
-62.46666600	-0.00003859
-62.43333266	-0.00001991
-62.39999933	-0.00001224
-62.36666600	-0.00000992
-62.33333266	0.00000115
-62.29999933	0.00001133
-62.26666600	0.00002791
-62.23333267	0.00000865
-62.19999933	0.00004470
-62.16666600	0.00006665
-62.13333267	0.00009785
-62.09999933	0.00010034
-62.06666600	0.00014177
-62.03333267	0.00015471
-61.99999933	0.00019131
-61.96666600	0.00022354
-61.93333267	0.00025650
-61.89999933	0.00028538
-61.86666600	0.00031018
-61.83333267	0.00035731
-61.79999934	0.00039140
-61.76666600	0.00037683
-61.73333267	0.00042260
-61.69999934	0.00045119
-61.66666600	0.00049142
-61.63333267	0.00053119
-61.59999934	0.00056121
-61.56666600	0.00063576
-61.53333267	0.00066561
-61.49999934	0.00066605
-61.46666600	0.00071024
-61.43333267	0.00078083
-61.39999934	0.00079317
-61.36666601	0.00083943
-61.33333267	0.00088388
-61.29999934	0.00088393
-61.26666601	0.00092990
-61.23333267	0.00095923
-61.19999934	0.00099988
-61.16666601	0.00106131
-61.13333267	0.00108804
-61.09999934	0.00113130
-61.06666601	0.00110293
-61.03333268	0.00117214
-60.99999934	0.00116834
-60.96666601	0.00117524
-60.93333268	0.00123469
-60.89999934	0.00125599
-60.86666601	0.00115390
-60.83333268	0.00115394
-60.79999934	0.00124079
-60.76666601	0.00121251
-60.73333268	0.00124433
-60.69999934	0.00126986
-60.66666601	0.00124908
-60.63333268	0.00124770
-60.59999935	0.00121050
-60.56666601	0.00113717
-60.53333268	0.00112803
-60.49999935	0.00111600
-60.46666601	0.00103235
-60.43333268	0.00101280
-60.39999935	0.00094966
-60.36666601	0.00085206
-60.33333268	0.00090845
-60.29999935	0.00081409
-60.26666602	0.00072286
-60.23333268	0.00063686
-60.19999935	0.00060239
-60.16666602	0.00044551
-60.13333268	0.00045807
-60.09999935	0.00045519
-60.06666602	0.00028111
-60.03333268	0.00012807
-59.99999935	0.00007463
-59.96666602	-0.00000376
-59.93333268	-0.00007022
-59.89999935	-0.00016640
-59.86666602	-0.00025185
-59.83333269	-0.00024984
-59.79999935	-0.00035522
-59.76666602	-0.00047589
-59.73333269	-0.00044911
-59.69999935	-0.00063975
-59.66666602	-0.00066095
-59.63333269	-0.00071969
-59.59999935	-0.00084266
-59.56666602	-0.00087194
-59.53333269	-0.00089936
-59.49999936	-0.00098302
-59.46666602	-0.00098323
-59.43333269	-0.00106624
-59.39999936	-0.00110343
-59.36666602	-0.00120070
-59.33333269	-0.00123104
-59.29999936	-0.00123386
-59.26666602	-0.00131778
-59.23333269	-0.00127497
-59.19999936	-0.00131494
-59.16666602	-0.00132900
-59.13333269	-0.00133457
-59.09999936	-0.00137354
-59.06666603	-0.00138291
-59.03333269	-0.00128594
-58.99999936	-0.00130748
-58.96666603	-0.00121062
-58.93333269	-0.00125724
-58.89999936	-0.00134057
-58.86666603	-0.00127172
-58.83333269	-0.00124761
-58.79999936	-0.00120802
-58.76666603	-0.00122868
-58.73333270	-0.00119326
-58.69999936	-0.00113983
-58.66666603	-0.00108574
-58.63333270	-0.00111605
-58.59999936	-0.00103221
-58.56666603	-0.00100483
-58.53333270	-0.00095966
-58.49999936	-0.00096884
-58.46666603	-0.00105763
-58.43333270	-0.00106718
-58.39999936	-0.00097160
-58.36666603	-0.00101192
-58.33333270	-0.00095973
-58.29999937	-0.00092739
-58.26666603	-0.00093487
-58.23333270	-0.00093088
-58.19999937	-0.00083246
-58.16666603	-0.00087631
-58.13333270	-0.00086292
-58.09999937	-0.00078567
-58.06666603	-0.00085191
-58.03333270	-0.00083260
-57.99999937	-0.00084862
-57.96666604	-0.00077526
-57.93333270	-0.00072562
-57.89999937	-0.00082677
-57.86666604	-0.00076773
-57.83333270	-0.00068491
-57.79999937	-0.00077905
-57.76666604	-0.00081788
-57.73333270	-0.00071377
-57.69999937	-0.00070091
-57.66666604	-0.00078047
-57.63333270	-0.00066401
-57.59999937	-0.00061416
-57.56666604	-0.00077858
-57.53333271	-0.00071613
-57.49999937	-0.00057616
-57.46666604	-0.00061895
-57.43333271	-0.00058306
-57.39999937	-0.00055737
-57.36666604	-0.00054042
-57.33333271	-0.00044950
-57.29999937	-0.00043934
-57.26666604	-0.00038881
-57.23333271	-0.00048258
-57.19999938	-0.00037290
-57.16666604	-0.00019706
-57.13333271	-0.00021709
-57.09999938	-0.00019239
-57.06666604	-0.00013152
-57.03333271	-0.00014685
-56.99999938	-0.00008599
-56.96666604	-0.00000749
-56.93333271	0.00001024
-56.89999938	0.00007207
-56.86666604	0.00020265
-56.83333271	0.00014516
-56.79999938	0.00028030
-56.76666605	0.00025213
-56.73333271	0.00021266
-56.69999938	0.00026404
-56.66666605	0.00033228
-56.63333271	0.00040794
-56.59999938	0.00039099
-56.56666605	0.00045400
-56.53333271	0.00053205
-56.49999938	0.00060193
-56.46666605	0.00056398
-56.43333272	0.00045627
-56.39999938	0.00047262
-56.36666605	0.00066229
-56.33333272	0.00057538
-56.29999938	0.00060526
-56.26666605	0.00063807
-56.23333272	0.00076903
-56.19999938	0.00074003
-56.16666605	0.00080295
-56.13333272	0.00083004
-56.09999938	0.00089354
-56.06666605	0.00074115
-56.03333272	0.00084356
-55.99999939	0.00087479
-55.96666605	0.00086005
-55.93333272	0.00093671
-55.89999939	0.00088329
-55.86666605	0.00089826
-55.83333272	0.00093649
-55.79999939	0.00095624
-55.76666605	0.00099611
-55.73333272	0.00096401
-55.69999939	0.00096908
-55.66666606	0.00098534
-55.63333272	0.00106075
-55.59999939	0.00107995
-55.56666606	0.00111798
-55.53333272	0.00113297
-55.49999939	0.00108054
-55.46666606	0.00115381
-55.43333272	0.00113714
-55.39999939	0.00122596
-55.36666606	0.00116327
-55.33333272	0.00119743
-55.29999939	0.00120036
-55.26666606	0.00113938
-55.23333273	0.00116341
-55.19999939	0.00117933
-55.16666606	0.00114284
-55.13333273	0.00101183
-55.09999939	0.00111696
-55.06666606	0.00107725
-55.03333273	0.00124707
-54.99999939	0.00102032
-54.96666606	0.00102180
-54.93333273	0.00101043
-54.89999939	0.00102513
-54.86666606	0.00101885
-54.83333273	0.00095406
-54.79999940	0.00091726
-54.76666606	0.00098007
-54.73333273	0.00100871
-54.69999940	0.00096528
-54.66666606	0.00091440
-54.63333273	0.00089950
-54.59999940	0.00086540
-54.56666606	0.00081111
-54.53333273	0.00081407
-54.49999940	0.00080812
-54.46666607	0.00089599
-54.43333273	0.00080878
-54.39999940	0.00074069
-54.36666607	0.00076556
-54.33333273	0.00073051
-54.29999940	0.00073587
-54.26666607	0.00069979
-54.23333273	0.00079972
-54.19999940	0.00069682
-54.16666607	0.00075569
-54.13333273	0.00069721
-54.09999940	0.00063859
-54.06666607	0.00076014
-54.03333274	0.00061051
-53.99999940	0.00059280
-53.96666607	0.00056847
-53.93333274	0.00040593
-53.89999940	0.00052808
-53.86666607	0.00038976
-53.83333274	0.00056201
-53.79999940	0.00045297
-53.76666607	0.00049800
-53.73333274	0.00050172
-53.69999941	0.00038743
-53.66666607	0.00048384
-53.63333274	0.00052441
-53.59999941	0.00045900
-53.56666607	0.00045449
-53.53333274	0.00054244
-53.49999941	0.00045102
-53.46666607	0.00046200
-53.43333274	0.00043991
-53.39999941	0.00041691
-53.36666607	0.00030446
-53.33333274	0.00034008
-53.29999941	0.00033201
-53.26666608	0.00032809
-53.23333274	0.00043398
-53.19999941	0.00048967
-53.16666608	0.00050226
-53.13333274	0.00051073
-53.09999941	0.00048711
-53.06666608	0.00055524
-53.03333274	0.00061559
-52.99999941	0.00067968
-52.96666608	0.00070583
-52.93333275	0.00074111
-52.89999941	0.00062632
-52.86666608	0.00078225
-52.83333275	0.00080196
-52.79999941	0.00087858
-52.76666608	0.00089542
-52.73333275	0.00088398
-52.69999941	0.00098216
-52.66666608	0.00095376
-52.63333275	0.00096356
-52.59999941	0.00103610
-52.56666608	0.00105527
-52.53333275	0.00102260
-52.49999942	0.00113148
-52.46666608	0.00108284
-52.43333275	0.00105870
-52.39999942	0.00102197
-52.36666608	0.00103989
-52.33333275	0.00102965
-52.29999942	0.00106868
-52.26666608	0.00104944
-52.23333275	0.00103419
-52.19999942	0.00109767
-52.16666609	0.00113867
-52.13333275	0.00115757
-52.09999942	0.00114015
-52.06666609	0.00113558
-52.03333275	0.00110648
-51.99999942	0.00109591
-51.96666609	0.00115456
-51.93333275	0.00122306
-51.89999942	0.00125893
-51.86666609	0.00119743
-51.83333275	0.00120641
-51.79999942	0.00111922
-51.76666609	0.00115754
-51.73333276	0.00120772
-51.69999942	0.00111172
-51.66666609	0.00118125
-51.63333276	0.00120130
-51.59999942	0.00122853
-51.56666609	0.00116032
-51.53333276	0.00113121
-51.49999942	0.00110144
-51.46666609	0.00103198
-51.43333276	0.00100651
-51.39999943	0.00104479
-51.36666609	0.00102908
-51.33333276	0.00098779
-51.29999943	0.00101754
-51.26666609	0.00107352
-51.23333276	0.00099978
-51.19999943	0.00103658
-51.16666609	0.00095421
-51.13333276	0.00101347
-51.09999943	0.00092960
-51.06666609	0.00096173
-51.03333276	0.00090298
-50.99999943	0.00091074
-50.96666610	0.00088545
-50.93333276	0.00081194
-50.89999943	0.00084332
-50.86666610	0.00092496
-50.83333276	0.00084346
-50.79999943	0.00086046
-50.76666610	0.00073169
-50.73333276	0.00078308
-50.69999943	0.00076128
-50.66666610	0.00081587
-50.63333277	0.00086565
-50.59999943	0.00077604
-50.56666610	0.00078902
-50.53333277	0.00083007
-50.49999943	0.00072764
-50.46666610	0.00075914
-50.43333277	0.00072614
-50.39999943	0.00078966
-50.36666610	0.00081237
-50.33333277	0.00087937
-50.29999943	0.00087017
-50.26666610	0.00087652
-50.23333277	0.00096392
-50.19999944	0.00092383
-50.16666610	0.00106797
-50.13333277	0.00109970
-50.09999944	0.00120115
-50.06666610	0.00119878
-50.03333277	0.00123731
-49.99999944	0.00126962
-49.96666610	0.00133465
-49.93333277	0.00133541
-49.89999944	0.00132214
-49.86666611	0.00138965
-49.83333277	0.00135982
-49.79999944	0.00135166
-49.76666611	0.00137695
-49.73333277	0.00132059
-49.69999944	0.00132703
-49.66666611	0.00135605
-49.63333277	0.00133459
-49.59999944	0.00140202
-49.56666611	0.00130579
-49.53333277	0.00130322
-49.49999944	0.00133935
-49.46666611	0.00130676
-49.43333278	0.00125975
-49.39999944	0.00129558
-49.36666611	0.00131023
-49.33333278	0.00130183
-49.29999944	0.00126174
-49.26666611	0.00126351
-49.23333278	0.00130651
-49.19999944	0.00118748
-49.16666611	0.00115741
-49.13333278	0.00119829
-49.09999945	0.00113702
-49.06666611	0.00108180
-49.03333278	0.00119714
-48.99999945	0.00120517
-48.96666611	0.00115491
-48.93333278	0.00116757
-48.89999945	0.00115676
-48.86666611	0.00124679
-48.83333278	0.00123442
-48.79999945	0.00114003
-48.76666611	0.00126191
-48.73333278	0.00121035
-48.69999945	0.00112441
-48.66666612	0.00123787
-48.63333278	0.00118843
-48.59999945	0.00117436
-48.56666612	0.00128638
-48.53333278	0.00112991
-48.49999945	0.00119819
-48.46666612	0.00126753
-48.43333278	0.00117340
-48.39999945	0.00117961
-48.36666612	0.00120818
-48.33333279	0.00118070
-48.29999945	0.00121558
-48.26666612	0.00119348
-48.23333279	0.00122547
-48.19999945	0.00115051
-48.16666612	0.00108034
-48.13333279	0.00103036
-48.09999945	0.00102052
-48.06666612	0.00085448
-48.03333279	0.00080134
-47.99999945	0.00091679
-47.96666612	0.00063574
-47.93333279	0.00054492
-47.89999946	0.00053492
-47.86666612	0.00029285
-47.83333279	0.00016035
-47.79999946	0.00011360
-47.76666612	-0.00002008
-47.73333279	-0.00022518
-47.69999946	-0.00024778
-47.66666612	-0.00045739
-47.63333279	-0.00059269
-47.59999946	-0.00071358
-47.56666612	-0.00083918
-47.53333279	-0.00093673
-47.49999946	-0.00119439
-47.46666613	-0.00136425
-47.43333279	-0.00146448
-47.39999946	-0.00155911
-47.36666613	-0.00176088
-47.33333279	-0.00185927
-47.29999946	-0.00190448
-47.26666613	-0.00195108
-47.23333279	-0.00211721
-47.19999946	-0.00221650
-47.16666613	-0.00223049
-47.13333280	-0.00245632
-47.09999946	-0.00249998
-47.06666613	-0.00249344
-47.03333280	-0.00249662
-46.99999946	-0.00256802
-46.96666613	-0.00261698
-46.93333280	-0.00264494
-46.89999946	-0.00263796
-46.86666613	-0.00277609
-46.83333280	-0.00278042
-46.79999946	-0.00273453
-46.76666613	-0.00263755
-46.73333280	-0.00265134
-46.69999947	-0.00256290
-46.66666613	-0.00250170
-46.63333280	-0.00249186
-46.59999947	-0.00236549
-46.56666613	-0.00235653
-46.53333280	-0.00221618
-46.49999947	-0.00214570
-46.46666613	-0.00208493
-46.43333280	-0.00188909
-46.39999947	-0.00178241
-46.36666614	-0.00166390
-46.33333280	-0.00138920
-46.29999947	-0.00114648
-46.26666614	-0.00108811
-46.23333280	-0.00088897
-46.19999947	-0.00063407
-46.16666614	-0.00039711
-46.13333280	-0.00010656
-46.09999947	0.00014246
-46.06666614	0.00041794
-46.03333280	0.00070014
-45.99999947	0.00097445
-45.96666614	0.00121042
-45.93333281	0.00157135
-45.89999947	0.00180612
-45.86666614	0.00215041
-45.83333281	0.00234628
-45.79999947	0.00275546
-45.76666614	0.00320987
-45.73333281	0.00349660
-45.69999947	0.00385772
-45.66666614	0.00426079
-45.63333281	0.00453577
-45.59999948	0.00492875
-45.56666614	0.00520468
-45.53333281	0.00556489
-45.49999948	0.00589313
-45.46666614	0.00622701
-45.43333281	0.00655483
-45.39999948	0.00694703
-45.36666614	0.00720951
-45.33333281	0.00757286
-45.29999948	0.00781479
-45.26666614	0.00820337
-45.23333281	0.00853392
-45.19999948	0.00881437
-45.16666615	0.00920687
-45.13333281	0.00960913
-45.09999948	0.00985765
-45.06666615	0.01026987
-45.03333281	0.01055807
-44.99999948	0.01093341
-44.96666615	0.01119971
-44.93333281	0.01160182
-44.89999948	0.01190164
-44.86666615	0.01234638
-44.83333282	0.01272346
-44.79999948	0.01309017
-44.76666615	0.01367285
-44.73333282	0.01404975
-44.69999948	0.01443598
-44.66666615	0.01492938
-44.63333282	0.01536196
-44.59999948	0.01590989
-44.56666615	0.01644842
-44.53333282	0.01695779
-44.49999948	0.01748316
-44.46666615	0.01798940
-44.43333282	0.01841733
-44.39999949	0.01895145
-44.36666615	0.01941911
-44.33333282	0.01989301
-44.29999949	0.02034147
-44.26666615	0.02064556
-44.23333282	0.02076264
-44.19999949	0.02100686
-44.16666615	0.02116243
-44.13333282	0.02119932
-44.09999949	0.02101257
-44.06666616	0.02081724
-44.03333282	0.02034940
-43.99999949	0.01983283
-43.96666616	0.01920460
-43.93333282	0.01830540
-43.89999949	0.01723425
-43.86666616	0.01595410
-43.83333282	0.01453384
-43.79999949	0.01285567
-43.76666616	0.01103548
-43.73333282	0.00899561
-43.69999949	0.00676072
-43.66666616	0.00448383
-43.63333283	0.00183330
-43.59999949	-0.00094359
-43.56666616	-0.00371120
-43.53333283	-0.00671443
-43.49999949	-0.00993043
-43.46666616	-0.01310732
-43.43333283	-0.01626089
-43.39999949	-0.01952329
-43.36666616	-0.02285108
-43.33333283	-0.02612277
-43.29999950	-0.02925163
-43.26666616	-0.03241322
-43.23333283	-0.03540477
-43.19999950	-0.03829735
-43.16666616	-0.04101528
-43.13333283	-0.04364481
-43.09999950	-0.04598515
-43.06666616	-0.04819516
-43.03333283	-0.05023034
-42.99999950	-0.05184011
-42.96666616	-0.05330859
-42.93333283	-0.05450489
-42.89999950	-0.05534505
-42.86666617	-0.05599293
-42.83333283	-0.05646745
-42.79999950	-0.05652517
-42.76666617	-0.05633601
-42.73333283	-0.05607661
-42.69999950	-0.05543849
-42.66666617	-0.05459882
-42.63333283	-0.05361445
-42.59999950	-0.05242468
-42.56666617	-0.05094511
-42.53333284	-0.04940154
-42.49999950	-0.04762267
-42.46666617	-0.04573078
-42.43333284	-0.04379329
-42.39999950	-0.04171451
-42.36666617	-0.03944987
-42.33333284	-0.03730353
-42.29999950	-0.03514072
-42.26666617	-0.03287345
-42.23333284	-0.03055810
-42.19999950	-0.02829764
-42.16666617	-0.02600673
-42.13333284	-0.02371792
-42.09999951	-0.02138675
-42.06666617	-0.01927215
-42.03333284	-0.01700468
-41.99999951	-0.01485738
-41.96666617	-0.01260493
-41.93333284	-0.01065232
-41.89999951	-0.00852936
-41.86666617	-0.00651319
-41.83333284	-0.00454997
-41.79999951	-0.00265194
-41.76666618	-0.00064409
-41.73333284	0.00120593
-41.69999951	0.00300712
-41.66666618	0.00478593
-41.63333284	0.00651546
-41.59999951	0.00813435
-41.56666618	0.00972646
-41.53333284	0.01143365
-41.49999951	0.01271120
-41.46666618	0.01419015
-41.43333284	0.01560219
-41.39999951	0.01690170
-41.36666618	0.01819162
-41.33333285	0.01935649
-41.29999951	0.02039751
-41.26666618	0.02136809
-41.23333285	0.02237945
-41.19999951	0.02309740
-41.16666618	0.02381248
-41.13333285	0.02448793
-41.09999951	0.02504647
-41.06666618	0.02552069
-41.03333285	0.02580991
-40.99999951	0.02597757
-40.96666618	0.02607782
-40.93333285	0.02593656
-40.89999952	0.02576871
-40.86666618	0.02552659
-40.83333285	0.02509909
-40.79999952	0.02448365
-40.76666618	0.02389758
-40.73333285	0.02306467
-40.69999952	0.02208165
-40.66666618	0.02109046
-40.63333285	0.02009674
-40.59999952	0.01889645
-40.56666619	0.01752370
-40.53333285	0.01625335
-40.49999952	0.01479999
-40.46666619	0.01341544
-40.43333285	0.01183313
-40.39999952	0.01028501
-40.36666619	0.00885332
-40.33333285	0.00735776
-40.29999952	0.00582962
-40.26666619	0.00440322
-40.23333285	0.00309862
-40.19999952	0.00187705
-40.16666619	0.00052747
-40.13333286	-0.00063108
-40.09999952	-0.00171311
-40.06666619	-0.00257814
-40.03333286	-0.00356924
-39.99999952	-0.00414341
-39.96666619	-0.00479798
-39.93333286	-0.00535070
-39.89999952	-0.00579272
-39.86666619	-0.00604168
-39.83333286	-0.00615144
-39.79999953	-0.00621862
-39.76666619	-0.00623856
-39.73333286	-0.00600720
-39.69999953	-0.00574214
-39.66666619	-0.00532819
-39.63333286	-0.00494242
-39.59999953	-0.00435329
-39.56666619	-0.00377580
-39.53333286	-0.00312372
-39.49999953	-0.00233986
-39.46666619	-0.00166343
-39.43333286	-0.00087347
-39.39999953	-0.00018118
-39.36666620	0.00068347
-39.33333286	0.00143197
-39.29999953	0.00216975
-39.26666620	0.00301330
-39.23333286	0.00367147
-39.19999953	0.00437596
-39.16666620	0.00523042
-39.13333286	0.00586513
-39.09999953	0.00644502
-39.06666620	0.00697080
-39.03333287	0.00752631
-38.99999953	0.00809342
-38.96666620	0.00841144
-38.93333287	0.00894472
-38.89999953	0.00934024
-38.86666620	0.00968443
-38.83333287	0.01006964
-38.79999953	0.01037768
-38.76666620	0.01077352
-38.73333287	0.01092376
-38.69999953	0.01122571
-38.66666620	0.01152292
-38.63333287	0.01169757
-38.59999954	0.01175900
-38.56666620	0.01199645
-38.53333287	0.01218752
-38.49999954	0.01226559
-38.46666620	0.01253989
-38.43333287	0.01269437
-38.39999954	0.01273361
-38.36666620	0.01282732
-38.33333287	0.01295950
-38.29999954	0.01310971
-38.26666621	0.01323189
-38.23333287	0.01338771
-38.19999954	0.01345544
-38.16666621	0.01355458
-38.13333287	0.01355920
-38.09999954	0.01380586
-38.06666621	0.01382167
-38.03333287	0.01390684
-37.99999954	0.01397847
-37.96666621	0.01384532
-37.93333287	0.01386219
-37.89999954	0.01384297
-37.86666621	0.01369359
-37.83333288	0.01351812
-37.79999954	0.01346280
-37.76666621	0.01318070
-37.73333288	0.01294612
-37.69999954	0.01265621
-37.66666621	0.01233223
-37.63333288	0.01191302
-37.59999954	0.01156038
-37.56666621	0.01113793
-37.53333288	0.01059095
-37.49999955	0.01011471
-37.46666621	0.00968308
-37.43333288	0.00911017
-37.39999955	0.00858758
-37.36666621	0.00799434
-37.33333288	0.00743768
-37.29999955	0.00687028
-37.26666621	0.00637625
-37.23333288	0.00573681
-37.19999955	0.00512383
-37.16666621	0.00464390
-37.13333288	0.00408241
-37.09999955	0.00361907
-37.06666622	0.00317714
-37.03333288	0.00268721
-36.99999955	0.00220681
-36.96666622	0.00183904
-36.93333288	0.00142018
-36.89999955	0.00114121
-36.86666622	0.00089272
-36.83333288	0.00069567
-36.79999955	0.00055968
-36.76666622	0.00044346
-36.73333289	0.00038171
-36.69999955	0.00018829
-36.66666622	0.00033849
-36.63333289	0.00033235
-36.59999955	0.00035284
-36.56666622	0.00045124
-36.53333289	0.00058611
-36.49999955	0.00078305
-36.46666622	0.00091687
-36.43333289	0.00114306
-36.39999955	0.00135758
-36.36666622	0.00159884
-36.33333289	0.00176228
-36.29999956	0.00184630
-36.26666622	0.00204410
-36.23333289	0.00226643
-36.19999956	0.00237374
-36.16666622	0.00256112
-36.13333289	0.00253791
-36.09999956	0.00271957
-36.06666622	0.00279511
-36.03333289	0.00281561
-35.99999956	0.00278894
-35.96666623	0.00282063
-35.93333289	0.00277634
-35.89999956	0.00269277
-35.86666623	0.00267581
-35.83333289	0.00259290
-35.79999956	0.00246832
-35.76666623	0.00233886
-35.73333289	0.00215871
-35.69999956	0.00195984
-35.66666623	0.00171141
-35.63333289	0.00150380
-35.59999956	0.00127202
-35.56666623	0.00106839
-35.53333290	0.00082990
-35.49999956	0.00062214
-35.46666623	0.00044812
-35.43333290	0.00019710
-35.39999956	0.00002677
-35.36666623	-0.00023368
-35.33333290	-0.00056146
-35.29999956	-0.00074643
-35.26666623	-0.00097108
-35.23333290	-0.00111534
-35.19999957	-0.00136740
-35.16666623	-0.00153676
-35.13333290	-0.00177445
-35.09999957	-0.00195985
-35.06666623	-0.00215941
-35.03333290	-0.00230753
-34.99999957	-0.00256730
-34.96666623	-0.00282888
-34.93333290	-0.00295328
-34.89999957	-0.00316511
-34.86666623	-0.00337160
-34.83333290	-0.00365382
-34.79999957	-0.00387223
-34.76666624	-0.00415892
-34.73333290	-0.00436261
-34.69999957	-0.00463992
-34.66666624	-0.00489466
-34.63333290	-0.00517591
-34.59999957	-0.00551028
-34.56666624	-0.00582142
-34.53333290	-0.00601381
-34.49999957	-0.00620178
-34.46666624	-0.00644527
-34.43333290	-0.00674802
-34.39999957	-0.00709844
-34.36666624	-0.00742920
-34.33333291	-0.00765596
-34.29999957	-0.00792280
-34.26666624	-0.00813874
-34.23333291	-0.00839071
-34.19999957	-0.00864725
-34.16666624	-0.00882616
-34.13333291	-0.00903299
-34.09999957	-0.00930622
-34.06666624	-0.00946648
-34.03333291	-0.00969810
-33.99999958	-0.00985644
-33.96666624	-0.01016264
-33.93333291	-0.01040668
-33.89999958	-0.01066658
-33.86666624	-0.01080848
-33.83333291	-0.01100922
-33.79999958	-0.01122753
-33.76666624	-0.01135741
-33.73333291	-0.01157713
-33.69999958	-0.01172370
-33.66666624	-0.01182956
-33.63333291	-0.01198995
-33.59999958	-0.01203225
-33.56666625	-0.01210728
-33.53333291	-0.01209423
-33.49999958	-0.01208295
-33.46666625	-0.01212508
-33.43333291	-0.01220761
-33.39999958	-0.01212951
-33.36666625	-0.01207888
-33.33333291	-0.01207382
-33.29999958	-0.01194677
-33.26666625	-0.01189693
-33.23333292	-0.01185591
-33.19999958	-0.01177081
-33.16666625	-0.01164069
-33.13333292	-0.01158398
-33.09999958	-0.01138159
-33.06666625	-0.01128763
-33.03333292	-0.01121038
-32.99999958	-0.01112376
-32.96666625	-0.01099757
-32.93333292	-0.01081852
-32.89999958	-0.01076173
-32.86666625	-0.01054050
-32.83333292	-0.01042433
-32.79999959	-0.01026210
-32.76666625	-0.01022594
-32.73333292	-0.01014391
-32.69999959	-0.00994442
-32.66666625	-0.00991830
-32.63333292	-0.00979156
-32.59999959	-0.00974355
-32.56666625	-0.00959394
-32.53333292	-0.00958442
-32.49999959	-0.00933585
-32.46666626	-0.00925022
-32.43333292	-0.00925605
-32.39999959	-0.00913869
-32.36666626	-0.00907606
-32.33333292	-0.00900612
-32.29999959	-0.00883783
-32.26666626	-0.00889134
-32.23333292	-0.00875896
-32.19999959	-0.00859850
-32.16666626	-0.00856458
-32.13333292	-0.00852268
-32.09999959	-0.00834677
-32.06666626	-0.00832723
-32.03333293	-0.00825673
-31.99999959	-0.00812522
-31.96666626	-0.00807928
-31.93333293	-0.00800784
-31.89999959	-0.00789417
-31.86666626	-0.00778526
-31.83333293	-0.00776923
-31.79999959	-0.00774114
-31.76666626	-0.00755410
-31.73333293	-0.00761243
-31.69999960	-0.00742958
-31.66666626	-0.00741332
-31.63333293	-0.00727135
-31.59999960	-0.00713574
-31.56666626	-0.00705209
-31.53333293	-0.00695744
-31.49999960	-0.00676411
-31.46666626	-0.00661258
-31.43333293	-0.00643518
-31.39999960	-0.00636353
-31.36666626	-0.00619140
-31.33333293	-0.00598404
-31.29999960	-0.00591037
-31.26666627	-0.00573632
-31.23333293	-0.00545145
-31.19999960	-0.00529767
-31.16666627	-0.00501372
-31.13333293	-0.00483183
-31.09999960	-0.00475116
-31.06666627	-0.00452066
-31.03333293	-0.00430865
-30.99999960	-0.00414079
-30.96666627	-0.00395050
-30.93333294	-0.00386853
-30.89999960	-0.00366607
-30.86666627	-0.00351270
-30.83333294	-0.00340905
-30.79999960	-0.00327822
-30.76666627	-0.00317391
-30.73333294	-0.00313294
-30.69999960	-0.00290813
-30.66666627	-0.00290994
-30.63333294	-0.00269516
-30.59999960	-0.00260481
-30.56666627	-0.00257576
-30.53333294	-0.00255074
-30.49999961	-0.00253714
-30.46666627	-0.00239495
-30.43333294	-0.00239019
-30.39999961	-0.00228947
-30.36666627	-0.00232433
-30.33333294	-0.00222630
-30.29999961	-0.00224282
-30.26666627	-0.00219616
-30.23333294	-0.00213976
-30.19999961	-0.00207114
-30.16666628	-0.00204902
-30.13333294	-0.00216272
-30.09999961	-0.00217145
-30.06666628	-0.00210241
-30.03333294	-0.00208277
-29.99999961	-0.00198229
-29.96666628	-0.00200959
-29.93333294	-0.00191196
-29.89999961	-0.00193638
-29.86666628	-0.00194728
-29.83333294	-0.00185129
-29.79999961	-0.00185718
-29.76666628	-0.00187088
-29.73333295	-0.00180332
-29.69999961	-0.00193309
-29.66666628	-0.00175886
-29.63333295	-0.00176739
-29.59999961	-0.00174097
-29.56666628	-0.00167036
-29.53333295	-0.00168838
-29.49999961	-0.00169154
-29.46666628	-0.00167373
-29.43333295	-0.00166115
-29.39999962	-0.00164337
-29.36666628	-0.00173069
-29.33333295	-0.00167873
-29.29999962	-0.00156848
-29.26666628	-0.00158497
-29.23333295	-0.00156075
-29.19999962	-0.00140818
-29.16666628	-0.00147558
-29.13333295	-0.00125546
-29.09999962	-0.00126717
-29.06666628	-0.00119933
-29.03333295	-0.00112054
-28.99999962	-0.00101646
-28.96666629	-0.00106154
-28.93333295	-0.00091664
-28.89999962	-0.00076620
-28.86666629	-0.00068302
-28.83333295	-0.00071288
-28.79999962	-0.00055433
-28.76666629	-0.00061417
-28.73333295	-0.00042103
-28.69999962	-0.00035745
-28.66666629	-0.00019756
-28.63333296	-0.00023937
-28.59999962	-0.00016851
-28.56666629	-0.00014916
-28.53333296	-0.00007651
-28.49999962	-0.00011647
-28.46666629	0.00000961
-28.43333296	0.00010314
-28.39999962	0.00009576
-28.36666629	0.00005770
-28.33333296	0.00000067
-28.29999962	-0.00001445
-28.26666629	-0.00007068
-28.23333296	-0.00009081
-28.19999963	0.00004735
-28.16666629	-0.00007267
-28.13333296	-0.00019747
-28.09999963	-0.00021891
-28.06666629	-0.00020130
-28.03333296	-0.00019136
-27.99999963	-0.00031987
-27.96666629	-0.00035818
-27.93333296	-0.00037828
-27.89999963	-0.00030942
-27.86666629	-0.00039963
-27.83333296	-0.00037107
-27.79999963	-0.00038888
-27.76666630	-0.00039001
-27.73333296	-0.00045681
-27.69999963	-0.00042024
-27.66666630	-0.00038441
-27.63333296	-0.00030453
-27.59999963	-0.00030870
-27.56666630	-0.00030943
-27.53333296	-0.00034065
-27.49999963	-0.00027677
-27.46666630	-0.00026155
-27.43333297	-0.00016690
-27.39999963	-0.00016926
-27.36666630	-0.00018981
-27.33333297	-0.00008862
-27.29999963	0.00001144
-27.26666630	0.00001733
-27.23333297	0.00004145
-27.19999963	0.00010315
-27.16666630	0.00014521
-27.13333297	0.00012602
-27.09999963	0.00022997
-27.06666630	0.00020582
-27.03333297	0.00012700
-26.99999964	0.00008968
-26.96666630	0.00011537
-26.93333297	0.00005843
-26.89999964	0.00010620
-26.86666630	0.00012350
-26.83333297	0.00005559
-26.79999964	-0.00004485
-26.76666630	-0.00021277
-26.73333297	-0.00017013
-26.69999964	-0.00038172
-26.66666631	-0.00047261
-26.63333297	-0.00048631
-26.59999964	-0.00057393
-26.56666631	-0.00078839
-26.53333297	-0.00077805
-26.49999964	-0.00098691
-26.46666631	-0.00092035
-26.43333297	-0.00117527
-26.39999964	-0.00126489
-26.36666631	-0.00131269
-26.33333297	-0.00151362
-26.29999964	-0.00164106
-26.26666631	-0.00168639
-26.23333298	-0.00170679
-26.19999964	-0.00184399
-26.16666631	-0.00190497
-26.13333298	-0.00197133
-26.09999964	-0.00198809
-26.06666631	-0.00196311
-26.03333298	-0.00202666
-25.99999964	-0.00206574
-25.96666631	-0.00210164
-25.93333298	-0.00211013
-25.89999965	-0.00211385
-25.86666631	-0.00216260
-25.83333298	-0.00213478
-25.79999965	-0.00201737
-25.76666631	-0.00219302
-25.73333298	-0.00214021
-25.69999965	-0.00218044
-25.66666631	-0.00207387
-25.63333298	-0.00208652
-25.59999965	-0.00216676
-25.56666631	-0.00219286
-25.53333298	-0.00230673
-25.49999965	-0.00231302
-25.46666632	-0.00224601
-25.43333298	-0.00227344
-25.39999965	-0.00224073
-25.36666632	-0.00212571
-25.33333298	-0.00223478
-25.29999965	-0.00228564
-25.26666632	-0.00223918
-25.23333298	-0.00239403
-25.19999965	-0.00232522
-25.16666632	-0.00214081
-25.13333299	-0.00237331
-25.09999965	-0.00243350
-25.06666632	-0.00236693
-25.03333299	-0.00249160
-24.99999965	-0.00241676
-24.96666632	-0.00256479
-24.93333299	-0.00265705
-24.89999965	-0.00262425
-24.86666632	-0.00260833
-24.83333299	-0.00263030
-24.79999965	-0.00268909
-24.76666632	-0.00266967
-24.73333299	-0.00273430
-24.69999966	-0.00274934
-24.66666632	-0.00275731
-24.63333299	-0.00273871
-24.59999966	-0.00273281
-24.56666632	-0.00273411
-24.53333299	-0.00277480
-24.49999966	-0.00288544
-24.46666632	-0.00277984
-24.43333299	-0.00281485
-24.39999966	-0.00282716
-24.36666633	-0.00287298
-24.33333299	-0.00292643
-24.29999966	-0.00296309
-24.26666633	-0.00292750
-24.23333299	-0.00296758
-24.19999966	-0.00309140
-24.16666633	-0.00300920
-24.13333299	-0.00295977
-24.09999966	-0.00306285
-24.06666633	-0.00307029
-24.03333299	-0.00304176
-23.99999966	-0.00304874
-23.96666633	-0.00300339
-23.93333300	-0.00292832
-23.89999966	-0.00298880
-23.86666633	-0.00290187
-23.83333300	-0.00278437
-23.79999966	-0.00273133
-23.76666633	-0.00253546
-23.73333300	-0.00254109
-23.69999966	-0.00258873
-23.66666633	-0.00247126
-23.63333300	-0.00240895
-23.59999967	-0.00234782
-23.56666633	-0.00229329
-23.53333300	-0.00221130
-23.49999967	-0.00201911
-23.46666633	-0.00200358
-23.43333300	-0.00195309
-23.39999967	-0.00180792
-23.36666633	-0.00189880
-23.33333300	-0.00184725
-23.29999967	-0.00178743
-23.26666633	-0.00185406
-23.23333300	-0.00187049
-23.19999967	-0.00187838
-23.16666634	-0.00168356
-23.13333300	-0.00173914
-23.09999967	-0.00179163
-23.06666634	-0.00180541
-23.03333300	-0.00185829
-22.99999967	-0.00196654
-22.96666634	-0.00197644
-22.93333300	-0.00203872
-22.89999967	-0.00203287
-22.86666634	-0.00220693
-22.83333301	-0.00225285
-22.79999967	-0.00231253
-22.76666634	-0.00236781
-22.73333301	-0.00246864
-22.69999967	-0.00258334
-22.66666634	-0.00262690
-22.63333301	-0.00267977
-22.59999967	-0.00284030
-22.56666634	-0.00291267
-22.53333301	-0.00295882
-22.49999967	-0.00303302
-22.46666634	-0.00307828
-22.43333301	-0.00316130
-22.39999968	-0.00322978
-22.36666634	-0.00336086
-22.33333301	-0.00335828
-22.29999968	-0.00339879
-22.26666634	-0.00339166
-22.23333301	-0.00349045
-22.19999968	-0.00360867
-22.16666634	-0.00360754
-22.13333301	-0.00359649
-22.09999968	-0.00362297
-22.06666635	-0.00369987
-22.03333301	-0.00375231
-21.99999968	-0.00379275
-21.96666635	-0.00377539
-21.93333301	-0.00398375
-21.89999968	-0.00395219
-21.86666635	-0.00398380
-21.83333301	-0.00407712
-21.79999968	-0.00414124
-21.76666635	-0.00412772
-21.73333301	-0.00419449
-21.69999968	-0.00415706
-21.66666635	-0.00417098
-21.63333302	-0.00428344
-21.59999968	-0.00427071
-21.56666635	-0.00431399
-21.53333302	-0.00441364
-21.49999968	-0.00446235
-21.46666635	-0.00450306
-21.43333302	-0.00453649
-21.39999968	-0.00462537
-21.36666635	-0.00454458
-21.33333302	-0.00455903
-21.29999968	-0.00454727
-21.26666635	-0.00472752
-21.23333302	-0.00477641
-21.19999969	-0.00474949
-21.16666635	-0.00486556
-21.13333302	-0.00491203
-21.09999969	-0.00492867
-21.06666635	-0.00493703
-21.03333302	-0.00493429
-20.99999969	-0.00507191
-20.96666635	-0.00501009
-20.93333302	-0.00504290
-20.89999969	-0.00509270
-20.86666636	-0.00503292
-20.83333302	-0.00498731
-20.79999969	-0.00510235
-20.76666636	-0.00508237
-20.73333302	-0.00503598
-20.69999969	-0.00500236
-20.66666636	-0.00501717
-20.63333302	-0.00493604
-20.59999969	-0.00499216
-20.56666636	-0.00486344
-20.53333302	-0.00487480
-20.49999969	-0.00466133
-20.46666636	-0.00462603
-20.43333303	-0.00454423
-20.39999969	-0.00443546
-20.36666636	-0.00432235
-20.33333303	-0.00418569
-20.29999969	-0.00415182
-20.26666636	-0.00413840
-20.23333303	-0.00400870
-20.19999969	-0.00384482
-20.16666636	-0.00383227
-20.13333303	-0.00378533
-20.09999970	-0.00357183
-20.06666636	-0.00342803
-20.03333303	-0.00333685
-19.99999970	-0.00323979
-19.96666636	-0.00315854
-19.93333303	-0.00308544
-19.89999970	-0.00293563
-19.86666636	-0.00286772
-19.83333303	-0.00279366
-19.79999970	-0.00272479
-19.76666636	-0.00265504
-19.73333303	-0.00258975
-19.69999970	-0.00253842
-19.66666637	-0.00249558
-19.63333303	-0.00253591
-19.59999970	-0.00253451
-19.56666637	-0.00249610
-19.53333303	-0.00238245
-19.49999970	-0.00230265
-19.46666637	-0.00223630
-19.43333303	-0.00232855
-19.39999970	-0.00222335
-19.36666637	-0.00222357
-19.33333304	-0.00223732
-19.29999970	-0.00225650
-19.26666637	-0.00226515
-19.23333304	-0.00210255
-19.19999970	-0.00209327
-19.16666637	-0.00215920
-19.13333304	-0.00211804
-19.09999970	-0.00197123
-19.06666637	-0.00209089
-19.03333304	-0.00202119
-18.99999970	-0.00190999
-18.96666637	-0.00194869
-18.93333304	-0.00189425
-18.89999971	-0.00200461
-18.86666637	-0.00191328
-18.83333304	-0.00190371
-18.79999971	-0.00187001
-18.76666637	-0.00174191
-18.73333304	-0.00178214
-18.69999971	-0.00165404
-18.66666637	-0.00172588
-18.63333304	-0.00162669
-18.59999971	-0.00159696
-18.56666638	-0.00162346
-18.53333304	-0.00156475
-18.49999971	-0.00144170
-18.46666638	-0.00121111
-18.43333304	-0.00126308
-18.39999971	-0.00116466
-18.36666638	-0.00106315
-18.33333304	-0.00093586
-18.29999971	-0.00086346
-18.26666638	-0.00077906
-18.23333304	-0.00076189
-18.19999971	-0.00066446
-18.16666638	-0.00056387
-18.13333305	-0.00037607
-18.09999971	-0.00041049
-18.06666638	-0.00025365
-18.03333305	-0.00021810
-17.99999971	-0.00009576
-17.96666638	-0.00007265
-17.93333305	0.00005540
-17.89999971	0.00007346
-17.86666638	0.00021379
-17.83333305	0.00019895
-17.79999972	0.00037178
-17.76666638	0.00045272
-17.73333305	0.00048074
-17.69999972	0.00056621
-17.66666638	0.00050799
-17.63333305	0.00055125
-17.59999972	0.00059921
-17.56666638	0.00067165
-17.53333305	0.00068255
-17.49999972	0.00077991
-17.46666638	0.00088901
-17.43333305	0.00090349
-17.39999972	0.00104375
-17.36666639	0.00112945
-17.33333305	0.00111233
-17.29999972	0.00116193
-17.26666639	0.00129178
-17.23333305	0.00137555
-17.19999972	0.00143720
-17.16666639	0.00139738
-17.13333305	0.00155368
-17.09999972	0.00165836
-17.06666639	0.00175519
-17.03333306	0.00184675
-16.99999972	0.00190566
-16.96666639	0.00215235
-16.93333306	0.00219401
-16.89999972	0.00233432
-16.86666639	0.00233854
-16.83333306	0.00242095
-16.79999972	0.00260563
-16.76666639	0.00267521
-16.73333306	0.00272934
-16.69999972	0.00292348
-16.66666639	0.00297912
-16.63333306	0.00301577
-16.59999973	0.00304472
-16.56666639	0.00325769
-16.53333306	0.00326051
-16.49999973	0.00339924
-16.46666639	0.00349155
-16.43333306	0.00350870
-16.39999973	0.00350974
-16.36666639	0.00369124
-16.33333306	0.00374402
-16.29999973	0.00382749
-16.26666640	0.00381106
-16.23333306	0.00388845
-16.19999973	0.00402394
-16.16666640	0.00410045
-16.13333306	0.00413841
-16.09999973	0.00410688
-16.06666640	0.00422442
-16.03333306	0.00434827
-15.99999973	0.00439211
-15.96666640	0.00437030
-15.93333306	0.00439083
-15.89999973	0.00447268
-15.86666640	0.00449587
-15.83333307	0.00450287
-15.79999973	0.00461486
-15.76666640	0.00456514
-15.73333307	0.00461256
-15.69999973	0.00458565
-15.66666640	0.00472753
-15.63333307	0.00469715
-15.59999973	0.00461889
-15.56666640	0.00463534
-15.53333307	0.00462319
-15.49999974	0.00462858
-15.46666640	0.00462637
-15.43333307	0.00465280
-15.39999974	0.00467716
-15.36666640	0.00468960
-15.33333307	0.00472660
-15.29999974	0.00470561
-15.26666640	0.00480684
-15.23333307	0.00477888
-15.19999974	0.00486891
-15.16666640	0.00482156
-15.13333307	0.00477279
-15.09999974	0.00504370
-15.06666641	0.00498264
-15.03333307	0.00507343
-14.99999974	0.00506789
-14.96666641	0.00508733
-14.93333307	0.00513303
-14.89999974	0.00511058
-14.86666641	0.00526780
-14.83333307	0.00528728
-14.79999974	0.00523403
-14.76666641	0.00534716
-14.73333307	0.00538605
-14.69999974	0.00551712
-14.66666641	0.00546525
-14.63333308	0.00549843
-14.59999974	0.00560858
-14.56666641	0.00561206
-14.53333308	0.00564872
-14.49999974	0.00573157
-14.46666641	0.00576992
-14.43333308	0.00586262
-14.39999974	0.00575914
-14.36666641	0.00595001
-14.33333308	0.00587029
-14.29999975	0.00592192
-14.26666641	0.00597667
-14.23333308	0.00598749
-14.19999975	0.00593536
-14.16666641	0.00594841
-14.13333308	0.00584566
-14.09999975	0.00593101
-14.06666641	0.00596681
-14.03333308	0.00605952
-13.99999975	0.00604970
-13.96666641	0.00588084
-13.93333308	0.00595832
-13.89999975	0.00593111
-13.86666642	0.00586904
-13.83333308	0.00593657
-13.79999975	0.00587425
-13.76666642	0.00588067
-13.73333308	0.00589686
-13.69999975	0.00587012
-13.66666642	0.00586066
-13.63333308	0.00578264
-13.59999975	0.00585605
-13.56666642	0.00583010
-13.53333309	0.00580475
-13.49999975	0.00579248
-13.46666642	0.00585483
-13.43333309	0.00581271
-13.39999975	0.00587184
-13.36666642	0.00582565
-13.33333309	0.00591551
-13.29999975	0.00584201
-13.26666642	0.00578040
-13.23333309	0.00580953
-13.19999975	0.00581036
-13.16666642	0.00571237
-13.13333309	0.00564491
-13.09999976	0.00568993
-13.06666642	0.00565216
-13.03333309	0.00558320
-12.99999976	0.00565364
-12.96666642	0.00563125
-12.93333309	0.00559561
-12.89999976	0.00557569
-12.86666642	0.00561036
-12.83333309	0.00555012
-12.79999976	0.00565634
-12.76666643	0.00555622
-12.73333309	0.00551107
-12.69999976	0.00555764
-12.66666643	0.00554980
-12.63333309	0.00547686
-12.59999976	0.00546609
-12.56666643	0.00541191
-12.53333309	0.00526339
-12.49999976	0.00532760
-12.46666643	0.00528673
-12.43333309	0.00522740
-12.39999976	0.00516967
-12.36666643	0.00513505
-12.33333310	0.00513771
-12.29999976	0.00508535
-12.26666643	0.00492055
-12.23333310	0.00490516
-12.19999976	0.00476192
-12.16666643	0.00478623
-12.13333310	0.00464729
-12.09999976	0.00461189
-12.06666643	0.00447430
-12.03333310	0.00437930
-11.99999977	0.00428962
-11.96666643	0.00415737
-11.93333310	0.00416424
-11.89999977	0.00414028
-11.86666643	0.00405822
-11.83333310	0.00404968
-11.79999977	0.00398234
-11.76666643	0.00394964
-11.73333310	0.00393558
-11.69999977	0.00399463
-11.66666643	0.00398801
-11.63333310	0.00395571
-11.59999977	0.00391065
-11.56666644	0.00397588
-11.53333310	0.00402394
-11.49999977	0.00403568
-11.46666644	0.00400402
-11.43333310	0.00394591
-11.39999977	0.00402587
-11.36666644	0.00411789
-11.33333310	0.00417789
-11.29999977	0.00416136
-11.26666644	0.00412511
-11.23333311	0.00420665
-11.19999977	0.00423140
-11.16666644	0.00419940
-11.13333311	0.00414031
-11.09999977	0.00410216
-11.06666644	0.00416677
-11.03333311	0.00412658
-10.99999977	0.00411747
-10.96666644	0.00410475
-10.93333311	0.00401682
-10.89999977	0.00396753
-10.86666644	0.00387043
-10.83333311	0.00378384
-10.79999978	0.00372386
-10.76666644	0.00366467
-10.73333311	0.00356999
-10.69999978	0.00337469
-10.66666644	0.00335267
-10.63333311	0.00316219
-10.59999978	0.00308138
-10.56666644	0.00295012
-10.53333311	0.00287441
-10.49999978	0.00277995
-10.46666645	0.00260768
-10.43333311	0.00241987
-10.39999978	0.00231170
-10.36666645	0.00215531
-10.33333311	0.00207378
-10.29999978	0.00193493
-10.26666645	0.00178561
-10.23333311	0.00158757
-10.19999978	0.00144703
-10.16666645	0.00127758
-10.13333311	0.00111103
-10.09999978	0.00094303
-10.06666645	0.00083772
-10.03333312	0.00071923
-9.99999978	0.00051084
-9.96666645	0.00040064
-9.93333312	0.00018406
-9.89999978	0.00011399
-9.86666645	-0.00010210
-9.83333312	-0.00022891
-9.79999978	-0.00039627
-9.76666645	-0.00056551
-9.73333312	-0.00063454
-9.69999979	-0.00091965
-9.66666645	-0.00113527
-9.63333312	-0.00122099
-9.59999979	-0.00130993
-9.56666645	-0.00157076
-9.53333312	-0.00167523
-9.49999979	-0.00182712
-9.46666645	-0.00196040
-9.43333312	-0.00200342
-9.39999979	-0.00216702
-9.36666645	-0.00242345
-9.33333312	-0.00239800
-9.29999979	-0.00258181
-9.26666646	-0.00276105
-9.23333312	-0.00283809
-9.19999979	-0.00293606
-9.16666646	-0.00305078
-9.13333312	-0.00315431
-9.09999979	-0.00333977
-9.06666646	-0.00350000
-9.03333312	-0.00364813
-8.99999979	-0.00372060
-8.96666646	-0.00389555
-8.93333313	-0.00400963
-8.89999979	-0.00411698
-8.86666646	-0.00429369
-8.83333313	-0.00430578
-8.79999979	-0.00439776
-8.76666646	-0.00450367
-8.73333313	-0.00459067
-8.69999979	-0.00476007
-8.66666646	-0.00496453
-8.63333313	-0.00519367
-8.59999979	-0.00524593
-8.56666646	-0.00527173
-8.53333313	-0.00541090
-8.49999980	-0.00554516
-8.46666646	-0.00559441
-8.43333313	-0.00580395
-8.39999980	-0.00591342
-8.36666646	-0.00605656
-8.33333313	-0.00623699
-8.29999980	-0.00635472
-8.26666646	-0.00632901
-8.23333313	-0.00651947
-8.19999980	-0.00653369
-8.16666646	-0.00672794
-8.13333313	-0.00680425
-8.09999980	-0.00688646
-8.06666647	-0.00700100
-8.03333313	-0.00694738
-7.99999980	-0.00703446
-7.96666647	-0.00713777
-7.93333313	-0.00711239
-7.89999980	-0.00715109
-7.86666647	-0.00728191
-7.83333313	-0.00729169
-7.79999980	-0.00743942
-7.76666647	-0.00747178
-7.73333314	-0.00744178
-7.69999980	-0.00745206
-7.66666647	-0.00749694
-7.63333314	-0.00754553
-7.59999980	-0.00762336
-7.56666647	-0.00760054
-7.53333314	-0.00770435
-7.49999980	-0.00766748
-7.46666647	-0.00778620
-7.43333314	-0.00780743
-7.39999980	-0.00780100
-7.36666647	-0.00783633
-7.33333314	-0.00779732
-7.29999981	-0.00779654
-7.26666647	-0.00780897
-7.23333314	-0.00776781
-7.19999981	-0.00791888
-7.16666647	-0.00791330
-7.13333314	-0.00787637
-7.09999981	-0.00781100
-7.06666647	-0.00793514
-7.03333314	-0.00803189
-6.99999981	-0.00801273
-6.96666648	-0.00808471
-6.93333314	-0.00809096
-6.89999981	-0.00812110
-6.86666648	-0.00823424
-6.83333314	-0.00817568
-6.79999981	-0.00820375
-6.76666648	-0.00824095
-6.73333314	-0.00823877
-6.69999981	-0.00819609
-6.66666648	-0.00829441
-6.63333314	-0.00826294
-6.59999981	-0.00817444
-6.56666648	-0.00819217
-6.53333315	-0.00821786
-6.49999981	-0.00814595
-6.46666648	-0.00821556
-6.43333315	-0.00822897
-6.39999981	-0.00815152
-6.36666648	-0.00816240
-6.33333315	-0.00814674
-6.29999981	-0.00809059
-6.26666648	-0.00790236
-6.23333315	-0.00800933
-6.19999982	-0.00792025
-6.16666648	-0.00780886
-6.13333315	-0.00769133
-6.09999982	-0.00757704
-6.06666648	-0.00746305
-6.03333315	-0.00733875
-5.99999982	-0.00717525
-5.96666648	-0.00701796
-5.93333315	-0.00704842
-5.89999982	-0.00691054
-5.86666648	-0.00676503
-5.83333315	-0.00658202
-5.79999982	-0.00649303
-5.76666649	-0.00633431
-5.73333315	-0.00619432
-5.69999982	-0.00612233
-5.66666649	-0.00593622
-5.63333315	-0.00576678
-5.59999982	-0.00569893
-5.56666649	-0.00555180
-5.53333315	-0.00539135
-5.49999982	-0.00529606
-5.46666649	-0.00525922
-5.43333316	-0.00516763
-5.39999982	-0.00496635
-5.36666649	-0.00492403
-5.33333316	-0.00488212
-5.29999982	-0.00478894
-5.26666649	-0.00478516
-5.23333316	-0.00470781
-5.19999982	-0.00460698
-5.16666649	-0.00452302
-5.13333316	-0.00451941
-5.09999982	-0.00442124
-5.06666649	-0.00438061
-5.03333316	-0.00434740
-4.99999983	-0.00437898
-4.96666649	-0.00425743
-4.93333316	-0.00437478
-4.89999983	-0.00432933
-4.86666649	-0.00436711
-4.83333316	-0.00440309
-4.79999983	-0.00447399
-4.76666649	-0.00459054
-4.73333316	-0.00464276
-4.69999983	-0.00467212
-4.66666650	-0.00465858
-4.63333316	-0.00479424
-4.59999983	-0.00487759
-4.56666650	-0.00499902
-4.53333316	-0.00494761
-4.49999983	-0.00503144
-4.46666650	-0.00526833
-4.43333316	-0.00529783
-4.39999983	-0.00550810
-4.36666650	-0.00552786
-4.33333316	-0.00572244
-4.29999983	-0.00580113
-4.26666650	-0.00592650
-4.23333317	-0.00611583
-4.19999983	-0.00622236
-4.16666650	-0.00631259
-4.13333317	-0.00648981
-4.09999983	-0.00669541
-4.06666650	-0.00675839
-4.03333317	-0.00691218
-3.99999983	-0.00701097
-3.96666650	-0.00717238
-3.93333317	-0.00723655
-3.89999984	-0.00750496
-3.86666650	-0.00753152
-3.83333317	-0.00782707
-3.79999984	-0.00787138
-3.76666650	-0.00800344
-3.73333317	-0.00809614
-3.69999984	-0.00825216
-3.66666650	-0.00836201
-3.63333317	-0.00843187
-3.59999984	-0.00856760
-3.56666650	-0.00865763
-3.53333317	-0.00881667
-3.49999984	-0.00889466
-3.46666651	-0.00902643
-3.43333317	-0.00904808
-3.39999984	-0.00909561
-3.36666651	-0.00922581
-3.33333317	-0.00918563
-3.29999984	-0.00930554
-3.26666651	-0.00929718
-3.23333317	-0.00931011
-3.19999984	-0.00923764
-3.16666651	-0.00930491
-3.13333318	-0.00917791
-3.09999984	-0.00923340
-3.06666651	-0.00912600
-3.03333318	-0.00902926
-2.99999984	-0.00891547
-2.96666651	-0.00879309
-2.93333318	-0.00868647
-2.89999984	-0.00848770
-2.86666651	-0.00831836
-2.83333318	-0.00825054
-2.79999984	-0.00799775
-2.76666651	-0.00778246
-2.73333318	-0.00756914
-2.69999985	-0.00736457
-2.66666651	-0.00710750
-2.63333318	-0.00681670
-2.59999985	-0.00653225
-2.56666651	-0.00637224
-2.53333318	-0.00603090
-2.49999985	-0.00572763
-2.46666651	-0.00541451
-2.43333318	-0.00521205
-2.39999985	-0.00477707
-2.36666652	-0.00440270
-2.33333318	-0.00410590
-2.29999985	-0.00360729
-2.26666652	-0.00333437
-2.23333318	-0.00298889
-2.19999985	-0.00261228
-2.16666652	-0.00217521
-2.13333318	-0.00172223
-2.09999985	-0.00150591
-2.06666652	-0.00112474
-2.03333318	-0.00068377
-1.99999985	-0.00029901
-1.96666652	0.00024333
-1.93333319	0.00063310
-1.89999985	0.00094590
-1.86666652	0.00140900
-1.83333319	0.00178513
-1.79999985	0.00221289
-1.76666652	0.00258621
-1.73333319	0.00289886
-1.69999985	0.00331395
-1.66666652	0.00372787
-1.63333319	0.00394577
-1.59999985	0.00427068
-1.56666652	0.00451923
-1.53333319	0.00499661
-1.49999986	0.00528202
-1.46666652	0.00562869
-1.43333319	0.00591548
-1.39999986	0.00615452
-1.36666652	0.00646006
-1.33333319	0.00676148
-1.29999986	0.00702033
-1.26666652	0.00727520
-1.23333319	0.00755700
-1.19999986	0.00788077
-1.16666653	0.00815310
-1.13333319	0.00838271
-1.09999986	0.00864141
-1.06666653	0.00890550
-1.03333319	0.00916069
-0.99999986	0.00944476
-0.96666653	0.00964195
-0.93333319	0.00988962
-0.89999986	0.01015504
-0.86666653	0.01044871
-0.83333319	0.01063263
-0.79999986	0.01073421
-0.76666653	0.01100570
-0.73333320	0.01113861
-0.69999986	0.01139053
-0.66666653	0.01156893
-0.63333320	0.01181376
-0.59999986	0.01197929
-0.56666653	0.01209008
-0.53333320	0.01222453
-0.49999986	0.01249370
-0.46666653	0.01265887
-0.43333320	0.01274923
-0.39999987	0.01291126
-0.36666653	0.01310846
-0.33333320	0.01319253
-0.29999987	0.01337799
-0.26666653	0.01353175
-0.23333320	0.01364870
-0.19999987	0.01379401
-0.16666653	0.01388398
-0.13333320	0.01412075
-0.09999987	0.01426718
-0.06666653	0.01436304
-0.03333320	0.01455564
0.00000013	0.01459678
0.03333346	0.01476683
0.06666680	0.01502252
0.10000013	0.01501447
0.13333346	0.01524145
0.16666680	0.01519944
0.20000013	0.01533131
0.23333346	0.01553675
0.26666680	0.01575055
0.30000013	0.01582606
0.33333346	0.01592491
0.36666679	0.01608753
0.40000013	0.01614507
0.43333346	0.01636689
0.46666679	0.01627775
0.50000013	0.01641286
0.53333346	0.01652707
0.56666679	0.01667224
0.60000013	0.01664828
0.63333346	0.01688700
0.66666679	0.01703095
0.70000013	0.01706400
0.73333346	0.01709064
0.76666679	0.01715961
0.80000012	0.01716579
0.83333346	0.01724931
0.86666679	0.01730173
0.90000012	0.01730941
0.93333346	0.01741070
0.96666679	0.01754447
1.00000012	0.01748765
1.03333346	0.01753976
1.06666679	0.01751258
1.10000012	0.01747740
1.13333345	0.01751020
1.16666679	0.01751459
1.20000012	0.01745911
1.23333345	0.01738350
1.26666679	0.01730415
1.30000012	0.01736687
1.33333345	0.01722527
1.36666679	0.01718624
1.40000012	0.01711598
1.43333345	0.01710668
1.46666679	0.01698540
1.50000012	0.01698699
1.53333345	0.01682026
1.56666678	0.01667599
1.60000012	0.01659772
1.63333345	0.01645153
1.66666678	0.01638995
1.70000012	0.01627124
1.73333345	0.01614641
1.76666678	0.01607897
1.80000012	0.01596293
1.83333345	0.01575048
1.86666678	0.01553934
1.90000011	0.01542290
1.93333345	0.01526285
1.96666678	0.01511165
2.00000011	0.01490203
2.03333345	0.01459558
2.06666678	0.01442996
2.10000011	0.01440310
2.13333345	0.01408301
2.16666678	0.01387594
2.20000011	0.01360322
2.23333345	0.01338995
2.26666678	0.01320182
2.30000011	0.01302467
2.33333344	0.01280211
2.36666678	0.01255229
2.40000011	0.01219629
2.43333344	0.01192954
2.46666678	0.01171188
2.50000011	0.01151404
2.53333344	0.01118617
2.56666678	0.01085565
2.60000011	0.01062616
2.63333344	0.01042502
2.66666677	0.01020040
2.70000011	0.00996000
2.73333344	0.00970170
2.76666677	0.00949986
2.80000011	0.00934523
2.83333344	0.00913043
2.86666677	0.00890709
2.90000011	0.00872607
2.93333344	0.00866259
2.96666677	0.00837393
3.00000011	0.00811540
3.03333344	0.00803637
3.06666677	0.00781087
3.10000010	0.00765210
3.13333344	0.00760849
3.16666677	0.00742576
3.20000010	0.00730210
3.23333344	0.00708853
3.26666677	0.00695632
3.30000010	0.00676144
3.33333344	0.00676545
3.36666677	0.00665972
3.40000010	0.00653074
3.43333343	0.00639888
3.46666677	0.00629505
3.50000010	0.00623265
3.53333343	0.00625735
3.56666677	0.00614887
3.60000010	0.00600929
3.63333343	0.00583979
3.66666677	0.00584623
3.70000010	0.00570050
3.73333343	0.00566660
3.76666677	0.00563974
3.80000010	0.00558382
3.83333343	0.00537315
3.86666676	0.00537122
3.90000010	0.00518065
3.93333343	0.00511860
3.96666676	0.00501233
4.00000010	0.00488465
4.03333343	0.00487826
4.06666676	0.00471981
4.10000010	0.00462804
4.13333343	0.00451404
4.16666676	0.00439191
4.20000009	0.00428178
4.23333343	0.00415377
4.26666676	0.00397030
4.30000009	0.00391906
4.33333343	0.00378202
4.36666676	0.00375829
4.40000009	0.00355599
4.43333343	0.00341496
4.46666676	0.00329777
4.50000009	0.00325886
4.53333343	0.00303888
4.56666676	0.00295794
4.60000009	0.00274153
4.63333342	0.00259330
4.66666676	0.00246294
4.70000009	0.00241763
4.73333342	0.00235734
4.76666676	0.00222383
4.80000009	0.00208610
4.83333342	0.00194686
4.86666676	0.00175089
4.90000009	0.00158609
4.93333342	0.00159319
4.96666676	0.00140525
5.00000009	0.00120383
5.03333342	0.00100783
5.06666675	0.00089488
5.10000009	0.00069896
5.13333342	0.00050760
5.16666675	0.00050989
5.20000009	0.00025728
5.23333342	0.00014722
5.26666675	-0.00012809
5.30000009	-0.00017115
5.33333342	-0.00037738
5.36666675	-0.00049078
5.40000008	-0.00064019
5.43333342	-0.00085833
5.46666675	-0.00089177
5.50000008	-0.00098423
5.53333342	-0.00113997
5.56666675	-0.00120075
5.60000008	-0.00132924
5.63333342	-0.00151209
5.66666675	-0.00152477
5.70000008	-0.00157229
5.73333342	-0.00176893
5.76666675	-0.00191855
5.80000008	-0.00192825
5.83333341	-0.00196104
5.86666675	-0.00214445
5.90000008	-0.00214511
5.93333341	-0.00217735
5.96666675	-0.00223244
6.00000008	-0.00221420
6.03333341	-0.00229721
6.06666675	-0.00234872
6.10000008	-0.00234327
6.13333341	-0.00231099
6.16666674	-0.00234380
6.20000008	-0.00246788
6.23333341	-0.00240891
6.26666674	-0.00230817
6.30000008	-0.00228513
6.33333341	-0.00237191
6.36666674	-0.00238032
6.40000008	-0.00240559
6.43333341	-0.00227000
6.46666674	-0.00235302
6.50000008	-0.00233078
6.53333341	-0.00238161
6.56666674	-0.00236516
6.60000007	-0.00232216
6.63333341	-0.00224791
6.66666674	-0.00231096
6.70000007	-0.00247041
6.73333341	-0.00242059
6.76666674	-0.00244335
6.80000007	-0.00257013
6.83333341	-0.00247715
6.86666674	-0.00254879
6.90000007	-0.00256298
6.93333340	-0.00263600
6.96666674	-0.00272853
7.00000007	-0.00280841
7.03333340	-0.00283622
7.06666674	-0.00292458
7.10000007	-0.00301620
7.13333340	-0.00308321
7.16666674	-0.00311834
7.20000007	-0.00312646
7.23333340	-0.00322350
7.26666674	-0.00328998
7.30000007	-0.00325325
7.33333340	-0.00332586
7.36666673	-0.00339234
7.40000007	-0.00345616
7.43333340	-0.00349838
7.46666673	-0.00351835
7.50000007	-0.00365913
7.53333340	-0.00367503
7.56666673	-0.00373770
7.60000007	-0.00380798
7.63333340	-0.00384335
7.66666673	-0.00388122
7.70000006	-0.00389941
7.73333340	-0.00400985
7.76666673	-0.00401195
7.80000006	-0.00413543
7.83333340	-0.00427607
7.86666673	-0.00438809
7.90000006	-0.00436388
7.93333340	-0.00439128
7.96666673	-0.00448798
8.00000006	-0.00452843
8.03333340	-0.00461470
8.06666673	-0.00466734
8.10000006	-0.00476088
8.13333339	-0.00490306
8.16666673	-0.00499337
8.20000006	-0.00507496
8.23333339	-0.00505774
8.26666673	-0.00511980
8.30000006	-0.00514690
8.33333339	-0.00514833
8.36666673	-0.00532080
8.40000006	-0.00525076
8.43333339	-0.00540509
8.46666672	-0.00546753
8.50000006	-0.00554404
8.53333339	-0.00564129
8.56666672	-0.00558443
8.60000006	-0.00570382
8.63333339	-0.00578066
8.66666672	-0.00588723
8.70000006	-0.00581871
8.73333339	-0.00582346
8.76666672	-0.00589981
8.80000006	-0.00590836
8.83333339	-0.00596204
8.86666672	-0.00596664
8.90000005	-0.00603151
8.93333339	-0.00601071
8.96666672	-0.00604171
9.00000005	-0.00605700
9.03333339	-0.00606805
9.06666672	-0.00611555
9.10000005	-0.00619005
9.13333339	-0.00617240
9.16666672	-0.00614786
9.20000005	-0.00619482
9.23333338	-0.00619021
9.26666672	-0.00625318
9.30000005	-0.00614845
9.33333338	-0.00619286
9.36666672	-0.00624286
9.40000005	-0.00627766
9.43333338	-0.00627250
9.46666672	-0.00626515
9.50000005	-0.00622667
9.53333338	-0.00622843
9.56666672	-0.00620511
9.60000005	-0.00622114
9.63333338	-0.00615489
9.66666671	-0.00619933
9.70000005	-0.00626841
9.73333338	-0.00626459
9.76666671	-0.00621661
9.80000005	-0.00622415
9.83333338	-0.00624484
9.86666671	-0.00620484
9.90000005	-0.00621138
9.93333338	-0.00622877
9.96666671	-0.00616385
10.00000004	-0.00610023
10.03333338	-0.00607098
10.06666671	-0.00602672
10.10000004	-0.00602447
10.13333338	-0.00602429
10.16666671	-0.00596334
10.20000004	-0.00601030
10.23333338	-0.00587417
10.26666671	-0.00581559
10.30000004	-0.00584270
10.33333338	-0.00578504
10.36666671	-0.00573195
10.40000004	-0.00565892
10.43333337	-0.00560640
10.46666671	-0.00556196
10.50000004	-0.00554666
10.53333337	-0.00549233
10.56666671	-0.00552132
10.60000004	-0.00538777
10.63333337	-0.00531693
10.66666671	-0.00532479
10.70000004	-0.00527280
10.73333337	-0.00516432
10.76666670	-0.00507539
10.80000004	-0.00509404
10.83333337	-0.00501243
10.86666670	-0.00493984
10.90000004	-0.00486959
10.93333337	-0.00480806
10.96666670	-0.00480584
11.00000004	-0.00464448
11.03333337	-0.00458404
11.06666670	-0.00453003
11.10000004	-0.00444511
11.13333337	-0.00435237
11.16666670	-0.00431432
11.20000003	-0.00418853
11.23333337	-0.00410458
11.26666670	-0.00401679
11.30000003	-0.00397847
11.33333337	-0.00392151
11.36666670	-0.00385276
11.40000003	-0.00377095
11.43333337	-0.00368605
11.46666670	-0.00365735
11.50000003	-0.00355772
11.53333337	-0.00349219
11.56666670	-0.00339053
11.60000003	-0.00333287
11.63333336	-0.00327772
11.66666670	-0.00317680
11.70000003	-0.00311174
11.73333336	-0.00306753
11.76666670	-0.00301313
11.80000003	-0.00296717
11.83333336	-0.00286846
11.86666670	-0.00278915
11.90000003	-0.00272966
11.93333336	-0.00269894
11.96666669	-0.00262804
12.00000003	-0.00253346
12.03333336	-0.00247970
12.06666669	-0.00241155
12.10000003	-0.00239289
12.13333336	-0.00228966
12.16666669	-0.00223731
12.20000003	-0.00214720
12.23333336	-0.00209559
12.26666669	-0.00206018
12.30000003	-0.00201657
12.33333336	-0.00193893
12.36666669	-0.00189384
12.40000002	-0.00184760
12.43333336	-0.00178574
12.46666669	-0.00171867
12.50000002	-0.00167238
12.53333336	-0.00163434
12.56666669	-0.00160471
12.60000002	-0.00155949
12.63333336	-0.00149396
12.66666669	-0.00145705
12.70000002	-0.00142679
12.73333335	-0.00137297
12.76666669	-0.00133578
12.80000002	-0.00129674
12.83333335	-0.00127127
12.86666669	-0.00122269
12.90000002	-0.00119213
12.93333335	-0.00114322
12.96666669	-0.00112131
13.00000002	-0.00107519
13.03333335	-0.00104108
13.06666669	-0.00101463
13.10000002	-0.00097659
13.13333335	-0.00094764
13.16666668	-0.00091030
13.20000002	-0.00087810
13.23333335	-0.00084403
13.26666668	-0.00082300
13.30000002	-0.00080080
13.33333335	-0.00076286
13.36666668	-0.00073789
13.40000002	-0.00070112
13.43333335	-0.00067563
13.46666668	-0.00065620
13.50000001	-0.00061795
13.53333335	-0.00059412
13.56666668	-0.00055685
13.60000001	-0.00052918
13.63333335	-0.00050800
13.66666668	-0.00047990
13.70000001	-0.00045905
13.73333335	-0.00043257
13.76666668	-0.00040533
13.80000001	-0.00038426
13.83333335	-0.00035780
13.86666668	-0.00033817
13.90000001	-0.00031306
13.93333334	-0.00029361
13.96666668	-0.00027031
14.00000001	-0.00025670
14.03333334	-0.00023755
14.06666668	-0.00021691
14.10000001	-0.00020002
14.13333334	-0.00018656
14.16666668	-0.00017010
14.20000001	-0.00015515
14.23333334	-0.00013928
14.26666667	-0.00012546
14.30000001	-0.00011290
14.33333334	-0.00009992
14.36666667	-0.00008831
14.40000001	-0.00007739
14.43333334	-0.00006778
14.46666667	-0.00005772
14.50000001	-0.00004911
14.53333334	-0.00004219
14.56666667	-0.00003421
14.60000001	-0.00002799
14.63333334	-0.00002170
14.66666667	-0.00001670
14.70000000	-0.00001219
14.73333334	-0.00000852
14.76666667	-0.00000536
14.80000000	-0.00000306
14.83333334	-0.00000135
14.86666667	-0.00000034
14.90000000	0.00000000
