# Menlo Systems GmbH ScanControl
# Program Version 1.3.3
# Start: -65.00000000 ps, Average over 1000 waveforms. Timestamp: 2020-01-10T20:37:44
# Time [ps]	THz Signal [a.u.]
-65.06666599	0.00000000
-65.03333266	0.00000002
-64.99999933	0.00000009
-64.96666599	0.00000016
-64.93333266	0.00000030
-64.89999933	0.00000033
-64.86666599	0.00000046
-64.83333266	0.00000072
-64.79999933	0.00000067
-64.76666600	0.00000048
-64.73333266	0.00000047
-64.69999933	0.00000046
-64.66666600	-0.00000005
-64.63333266	0.00000003
-64.59999933	-0.00000029
-64.56666600	0.00000015
-64.53333266	-0.00000141
-64.49999933	-0.00000144
-64.46666600	-0.00000157
-64.43333266	-0.00000132
-64.39999933	-0.00000326
-64.36666600	-0.00000380
-64.33333267	-0.00000360
-64.29999933	-0.00000715
-64.26666600	-0.00000771
-64.23333267	-0.00001251
-64.19999933	-0.00001055
-64.16666600	-0.00001333
-64.13333267	-0.00001510
-64.09999933	-0.00001654
-64.06666600	-0.00001851
-64.03333267	-0.00001859
-63.99999934	-0.00002389
-63.96666600	-0.00002570
-63.93333267	-0.00002956
-63.89999934	-0.00003314
-63.86666600	-0.00003546
-63.83333267	-0.00003233
-63.79999934	-0.00003871
-63.76666600	-0.00004189
-63.73333267	-0.00004882
-63.69999934	-0.00005365
-63.66666600	-0.00004672
-63.63333267	-0.00005232
-63.59999934	-0.00005531
-63.56666601	-0.00006548
-63.53333267	-0.00007316
-63.49999934	-0.00007396
-63.46666601	-0.00008177
-63.43333267	-0.00008846
-63.39999934	-0.00007874
-63.36666601	-0.00009078
-63.33333267	-0.00008563
-63.29999934	-0.00010148
-63.26666601	-0.00008951
-63.23333267	-0.00009241
-63.19999934	-0.00008496
-63.16666601	-0.00009408
-63.13333268	-0.00008801
-63.09999934	-0.00010618
-63.06666601	-0.00008861
-63.03333268	-0.00007758
-62.99999934	-0.00005801
-62.96666601	-0.00006044
-62.93333268	-0.00004818
-62.89999934	-0.00004571
-62.86666601	-0.00004247
-62.83333268	-0.00003176
-62.79999935	-0.00001681
-62.76666601	-0.00000948
-62.73333268	-0.00000891
-62.69999935	0.00002175
-62.66666601	0.00002305
-62.63333268	0.00004249
-62.59999935	0.00005644
-62.56666601	0.00008821
-62.53333268	0.00011649
-62.49999935	0.00012643
-62.46666601	0.00014409
-62.43333268	0.00015158
-62.39999935	0.00016870
-62.36666602	0.00020774
-62.33333268	0.00023974
-62.29999935	0.00026474
-62.26666602	0.00032590
-62.23333268	0.00035492
-62.19999935	0.00036959
-62.16666602	0.00036482
-62.13333268	0.00044194
-62.09999935	0.00046785
-62.06666602	0.00049310
-62.03333268	0.00053530
-61.99999935	0.00058299
-61.96666602	0.00061730
-61.93333269	0.00063193
-61.89999935	0.00064021
-61.86666602	0.00070667
-61.83333269	0.00076446
-61.79999935	0.00078328
-61.76666602	0.00080995
-61.73333269	0.00089997
-61.69999935	0.00090800
-61.66666602	0.00096766
-61.63333269	0.00102225
-61.59999936	0.00102947
-61.56666602	0.00112403
-61.53333269	0.00115829
-61.49999936	0.00119124
-61.46666602	0.00120844
-61.43333269	0.00128472
-61.39999936	0.00132260
-61.36666602	0.00134667
-61.33333269	0.00142704
-61.29999936	0.00147429
-61.26666602	0.00152354
-61.23333269	0.00152668
-61.19999936	0.00160307
-61.16666603	0.00166191
-61.13333269	0.00170195
-61.09999936	0.00170050
-61.06666603	0.00171297
-61.03333269	0.00176243
-60.99999936	0.00170738
-60.96666603	0.00179021
-60.93333269	0.00184351
-60.89999936	0.00183978
-60.86666603	0.00182756
-60.83333270	0.00188926
-60.79999936	0.00192734
-60.76666603	0.00188595
-60.73333270	0.00187495
-60.69999936	0.00187552
-60.66666603	0.00189724
-60.63333270	0.00185253
-60.59999936	0.00185581
-60.56666603	0.00180946
-60.53333270	0.00176496
-60.49999936	0.00178436
-60.46666603	0.00172365
-60.43333270	0.00165411
-60.39999937	0.00151200
-60.36666603	0.00143265
-60.33333270	0.00138184
-60.29999937	0.00137262
-60.26666603	0.00126937
-60.23333270	0.00119833
-60.19999937	0.00099393
-60.16666603	0.00095071
-60.13333270	0.00083360
-60.09999937	0.00075296
-60.06666603	0.00057765
-60.03333270	0.00049014
-59.99999937	0.00037863
-59.96666604	0.00025075
-59.93333270	0.00012919
-59.89999937	0.00005932
-59.86666604	-0.00011620
-59.83333270	-0.00027107
-59.79999937	-0.00038344
-59.76666604	-0.00052172
-59.73333270	-0.00052533
-59.69999937	-0.00065379
-59.66666604	-0.00072341
-59.63333271	-0.00080223
-59.59999937	-0.00084432
-59.56666604	-0.00095790
-59.53333271	-0.00103644
-59.49999937	-0.00104632
-59.46666604	-0.00101606
-59.43333271	-0.00105869
-59.39999937	-0.00113073
-59.36666604	-0.00124618
-59.33333271	-0.00132445
-59.29999937	-0.00125186
-59.26666604	-0.00128887
-59.23333271	-0.00125404
-59.19999938	-0.00128433
-59.16666604	-0.00123917
-59.13333271	-0.00127172
-59.09999938	-0.00126034
-59.06666604	-0.00115007
-59.03333271	-0.00106926
-58.99999938	-0.00098868
-58.96666604	-0.00102038
-58.93333271	-0.00089297
-58.89999938	-0.00083815
-58.86666604	-0.00079601
-58.83333271	-0.00080554
-58.79999938	-0.00068331
-58.76666605	-0.00056012
-58.73333271	-0.00041572
-58.69999938	-0.00045720
-58.66666605	-0.00039990
-58.63333271	-0.00042360
-58.59999938	-0.00036130
-58.56666605	-0.00024624
-58.53333271	-0.00023200
-58.49999938	-0.00026414
-58.46666605	-0.00020234
-58.43333272	-0.00015737
-58.39999938	-0.00005149
-58.36666605	-0.00010363
-58.33333272	-0.00000588
-58.29999938	0.00001577
-58.26666605	0.00001163
-58.23333272	0.00007595
-58.19999938	-0.00006852
-58.16666605	0.00010857
-58.13333272	0.00011002
-58.09999938	0.00012853
-58.06666605	0.00005810
-58.03333272	0.00010717
-57.99999939	0.00004541
-57.96666605	0.00004849
-57.93333272	0.00011880
-57.89999939	0.00005324
-57.86666605	-0.00002237
-57.83333272	0.00002508
-57.79999939	0.00000083
-57.76666605	-0.00005172
-57.73333272	-0.00004257
-57.69999939	-0.00001016
-57.66666605	0.00003091
-57.63333272	0.00009143
-57.59999939	0.00005655
-57.56666606	0.00010824
-57.53333272	0.00004651
-57.49999939	0.00017068
-57.46666606	0.00021142
-57.43333272	0.00026260
-57.39999939	0.00036607
-57.36666606	0.00035360
-57.33333272	0.00041911
-57.29999939	0.00037027
-57.26666606	0.00046852
-57.23333273	0.00048984
-57.19999939	0.00049147
-57.16666606	0.00057172
-57.13333273	0.00070674
-57.09999939	0.00073128
-57.06666606	0.00088223
-57.03333273	0.00099586
-56.99999939	0.00101927
-56.96666606	0.00111946
-56.93333273	0.00115202
-56.89999939	0.00119875
-56.86666606	0.00129625
-56.83333273	0.00136405
-56.79999940	0.00136482
-56.76666606	0.00147603
-56.73333273	0.00150931
-56.69999940	0.00155219
-56.66666606	0.00166838
-56.63333273	0.00177029
-56.59999940	0.00155243
-56.56666606	0.00169273
-56.53333273	0.00180419
-56.49999940	0.00177863
-56.46666607	0.00176782
-56.43333273	0.00178365
-56.39999940	0.00177512
-56.36666607	0.00177679
-56.33333273	0.00185920
-56.29999940	0.00191092
-56.26666607	0.00178844
-56.23333273	0.00177308
-56.19999940	0.00182108
-56.16666607	0.00183071
-56.13333273	0.00192837
-56.09999940	0.00190550
-56.06666607	0.00185326
-56.03333274	0.00190832
-55.99999940	0.00203147
-55.96666607	0.00195433
-55.93333274	0.00194947
-55.89999940	0.00200251
-55.86666607	0.00199225
-55.83333274	0.00181045
-55.79999940	0.00203825
-55.76666607	0.00198138
-55.73333274	0.00201335
-55.69999940	0.00188915
-55.66666607	0.00184128
-55.63333274	0.00186601
-55.59999941	0.00194772
-55.56666607	0.00180174
-55.53333274	0.00188947
-55.49999941	0.00189675
-55.46666607	0.00185841
-55.43333274	0.00180586
-55.39999941	0.00189252
-55.36666607	0.00193363
-55.33333274	0.00184070
-55.29999941	0.00189999
-55.26666608	0.00180305
-55.23333274	0.00187702
-55.19999941	0.00181745
-55.16666608	0.00183069
-55.13333274	0.00186341
-55.09999941	0.00190952
-55.06666608	0.00180271
-55.03333274	0.00182556
-54.99999941	0.00191665
-54.96666608	0.00200206
-54.93333274	0.00185832
-54.89999941	0.00183963
-54.86666608	0.00175893
-54.83333275	0.00192947
-54.79999941	0.00185226
-54.76666608	0.00184781
-54.73333275	0.00175644
-54.69999941	0.00175799
-54.66666608	0.00170259
-54.63333275	0.00168245
-54.59999941	0.00172614
-54.56666608	0.00172143
-54.53333275	0.00162913
-54.49999941	0.00162051
-54.46666608	0.00168460
-54.43333275	0.00176012
-54.39999942	0.00179872
-54.36666608	0.00183259
-54.33333275	0.00179920
-54.29999942	0.00187023
-54.26666608	0.00183798
-54.23333275	0.00190390
-54.19999942	0.00187883
-54.16666608	0.00182183
-54.13333275	0.00184411
-54.09999942	0.00172624
-54.06666609	0.00186486
-54.03333275	0.00187372
-53.99999942	0.00180283
-53.96666609	0.00171686
-53.93333275	0.00179405
-53.89999942	0.00173237
-53.86666609	0.00175494
-53.83333275	0.00170160
-53.79999942	0.00157645
-53.76666609	0.00165306
-53.73333275	0.00165548
-53.69999942	0.00156490
-53.66666609	0.00147380
-53.63333276	0.00151778
-53.59999942	0.00142948
-53.56666609	0.00145937
-53.53333276	0.00137190
-53.49999942	0.00139922
-53.46666609	0.00132914
-53.43333276	0.00126145
-53.39999942	0.00136210
-53.36666609	0.00126685
-53.33333276	0.00118122
-53.29999943	0.00115639
-53.26666609	0.00110540
-53.23333276	0.00108227
-53.19999943	0.00103192
-53.16666609	0.00118203
-53.13333276	0.00097513
-53.09999943	0.00105577
-53.06666609	0.00096370
-53.03333276	0.00091579
-52.99999943	0.00078300
-52.96666609	0.00089581
-52.93333276	0.00085880
-52.89999943	0.00081091
-52.86666610	0.00080413
-52.83333276	0.00087014
-52.79999943	0.00076580
-52.76666610	0.00080464
-52.73333276	0.00088352
-52.69999943	0.00082269
-52.66666610	0.00078228
-52.63333276	0.00088095
-52.59999943	0.00086574
-52.56666610	0.00090367
-52.53333276	0.00090467
-52.49999943	0.00080984
-52.46666610	0.00094754
-52.43333277	0.00094918
-52.39999943	0.00102556
-52.36666610	0.00101736
-52.33333277	0.00093341
-52.29999943	0.00088677
-52.26666610	0.00090287
-52.23333277	0.00095857
-52.19999943	0.00084543
-52.16666610	0.00078889
-52.13333277	0.00085527
-52.09999944	0.00079062
-52.06666610	0.00078445
-52.03333277	0.00062011
-51.99999944	0.00057823
-51.96666610	0.00054237
-51.93333277	0.00050793
-51.89999944	0.00042637
-51.86666610	0.00037739
-51.83333277	0.00033372
-51.79999944	0.00020135
-51.76666610	0.00023776
-51.73333277	0.00017466
-51.69999944	0.00000127
-51.66666611	0.00010532
-51.63333277	0.00015884
-51.59999944	0.00009048
-51.56666611	0.00008641
-51.53333277	-0.00002596
-51.49999944	0.00005862
-51.46666611	0.00004778
-51.43333277	0.00011433
-51.39999944	0.00004958
-51.36666611	0.00006540
-51.33333277	0.00005280
-51.29999944	0.00016283
-51.26666611	0.00014806
-51.23333278	0.00013364
-51.19999944	0.00025276
-51.16666611	0.00029195
-51.13333278	0.00038700
-51.09999944	0.00039185
-51.06666611	0.00036993
-51.03333278	0.00042771
-50.99999944	0.00052045
-50.96666611	0.00051158
-50.93333278	0.00065646
-50.89999945	0.00075573
-50.86666611	0.00090522
-50.83333278	0.00086335
-50.79999945	0.00107546
-50.76666611	0.00116137
-50.73333278	0.00129237
-50.69999945	0.00147960
-50.66666611	0.00144995
-50.63333278	0.00158949
-50.59999945	0.00178851
-50.56666611	0.00197473
-50.53333278	0.00210251
-50.49999945	0.00217561
-50.46666612	0.00235481
-50.43333278	0.00239746
-50.39999945	0.00257700
-50.36666612	0.00271896
-50.33333278	0.00272481
-50.29999945	0.00285126
-50.26666612	0.00301774
-50.23333278	0.00319904
-50.19999945	0.00326979
-50.16666612	0.00335217
-50.13333279	0.00342159
-50.09999945	0.00367399
-50.06666612	0.00381085
-50.03333279	0.00373614
-49.99999945	0.00379651
-49.96666612	0.00385292
-49.93333279	0.00396278
-49.89999945	0.00404741
-49.86666612	0.00403492
-49.83333279	0.00412892
-49.79999945	0.00405393
-49.76666612	0.00421016
-49.73333279	0.00414781
-49.69999946	0.00418079
-49.66666612	0.00412435
-49.63333279	0.00424516
-49.59999946	0.00428297
-49.56666612	0.00433427
-49.53333279	0.00434509
-49.49999946	0.00428324
-49.46666612	0.00424390
-49.43333279	0.00425227
-49.39999946	0.00421579
-49.36666612	0.00424354
-49.33333279	0.00422817
-49.29999946	0.00420258
-49.26666613	0.00405278
-49.23333279	0.00401945
-49.19999946	0.00387899
-49.16666613	0.00386352
-49.13333279	0.00380514
-49.09999946	0.00376368
-49.06666613	0.00374217
-49.03333279	0.00359940
-48.99999946	0.00350535
-48.96666613	0.00335755
-48.93333280	0.00322908
-48.89999946	0.00311792
-48.86666613	0.00304683
-48.83333280	0.00297705
-48.79999946	0.00287605
-48.76666613	0.00282617
-48.73333280	0.00270134
-48.69999946	0.00269650
-48.66666613	0.00253621
-48.63333280	0.00253935
-48.59999946	0.00243298
-48.56666613	0.00237184
-48.53333280	0.00223234
-48.49999947	0.00213763
-48.46666613	0.00218282
-48.43333280	0.00217180
-48.39999947	0.00210635
-48.36666613	0.00200405
-48.33333280	0.00199361
-48.29999947	0.00191832
-48.26666613	0.00188847
-48.23333280	0.00186478
-48.19999947	0.00189528
-48.16666613	0.00165922
-48.13333280	0.00173013
-48.09999947	0.00168707
-48.06666614	0.00159064
-48.03333280	0.00156491
-47.99999947	0.00154291
-47.96666614	0.00142943
-47.93333280	0.00134733
-47.89999947	0.00132084
-47.86666614	0.00130169
-47.83333280	0.00130231
-47.79999947	0.00128307
-47.76666614	0.00117416
-47.73333281	0.00118684
-47.69999947	0.00109594
-47.66666614	0.00102634
-47.63333281	0.00101472
-47.59999947	0.00093700
-47.56666614	0.00093456
-47.53333281	0.00098386
-47.49999947	0.00102850
-47.46666614	0.00100588
-47.43333281	0.00094079
-47.39999947	0.00093821
-47.36666614	0.00097737
-47.33333281	0.00103121
-47.29999948	0.00109222
-47.26666614	0.00110318
-47.23333281	0.00114480
-47.19999948	0.00122704
-47.16666614	0.00126679
-47.13333281	0.00122194
-47.09999948	0.00131923
-47.06666614	0.00142779
-47.03333281	0.00133484
-46.99999948	0.00141647
-46.96666614	0.00144131
-46.93333281	0.00140401
-46.89999948	0.00152541
-46.86666615	0.00158894
-46.83333281	0.00150936
-46.79999948	0.00164489
-46.76666615	0.00168667
-46.73333281	0.00166916
-46.69999948	0.00170473
-46.66666615	0.00182774
-46.63333281	0.00190285
-46.59999948	0.00200943
-46.56666615	0.00199469
-46.53333282	0.00215998
-46.49999948	0.00225351
-46.46666615	0.00225916
-46.43333282	0.00248676
-46.39999948	0.00256652
-46.36666615	0.00250019
-46.33333282	0.00261172
-46.29999948	0.00263569
-46.26666615	0.00268621
-46.23333282	0.00272464
-46.19999948	0.00275614
-46.16666615	0.00294615
-46.13333282	0.00291879
-46.09999949	0.00297711
-46.06666615	0.00299145
-46.03333282	0.00306059
-45.99999949	0.00295897
-45.96666615	0.00306596
-45.93333282	0.00297049
-45.89999949	0.00302932
-45.86666615	0.00292419
-45.83333282	0.00292696
-45.79999949	0.00290100
-45.76666616	0.00288129
-45.73333282	0.00281831
-45.69999949	0.00275787
-45.66666616	0.00269507
-45.63333282	0.00273429
-45.59999949	0.00278426
-45.56666616	0.00263575
-45.53333282	0.00273670
-45.49999949	0.00258601
-45.46666616	0.00251612
-45.43333282	0.00253354
-45.39999949	0.00251716
-45.36666616	0.00248348
-45.33333283	0.00243440
-45.29999949	0.00240033
-45.26666616	0.00237068
-45.23333283	0.00235764
-45.19999949	0.00217276
-45.16666616	0.00215391
-45.13333283	0.00217980
-45.09999949	0.00191022
-45.06666616	0.00182974
-45.03333283	0.00170790
-44.99999949	0.00159155
-44.96666616	0.00155722
-44.93333283	0.00144473
-44.89999950	0.00132130
-44.86666616	0.00111898
-44.83333283	0.00096195
-44.79999950	0.00089219
-44.76666616	0.00086345
-44.73333283	0.00072502
-44.69999950	0.00062039
-44.66666616	0.00059368
-44.63333283	0.00046131
-44.59999950	0.00048887
-44.56666617	0.00054881
-44.53333283	0.00029583
-44.49999950	0.00036244
-44.46666617	0.00029693
-44.43333283	0.00024601
-44.39999950	0.00011928
-44.36666617	0.00006371
-44.33333283	0.00012068
-44.29999950	0.00015150
-44.26666617	0.00005561
-44.23333283	0.00009773
-44.19999950	-0.00000351
-44.16666617	-0.00010686
-44.13333284	-0.00016168
-44.09999950	-0.00015909
-44.06666617	-0.00022239
-44.03333284	-0.00030674
-43.99999950	-0.00034534
-43.96666617	-0.00047698
-43.93333284	-0.00047769
-43.89999950	-0.00062373
-43.86666617	-0.00063027
-43.83333284	-0.00066621
-43.79999950	-0.00074642
-43.76666617	-0.00086809
-43.73333284	-0.00100853
-43.69999951	-0.00103430
-43.66666617	-0.00103973
-43.63333284	-0.00105890
-43.59999951	-0.00105061
-43.56666617	-0.00097233
-43.53333284	-0.00109533
-43.49999951	-0.00102895
-43.46666617	-0.00100591
-43.43333284	-0.00079789
-43.39999951	-0.00064682
-43.36666618	-0.00053871
-43.33333284	-0.00057222
-43.29999951	-0.00032287
-43.26666618	-0.00020668
-43.23333284	0.00001147
-43.19999951	0.00024420
-43.16666618	0.00037047
-43.13333284	0.00051151
-43.09999951	0.00064320
-43.06666618	0.00090616
-43.03333284	0.00101948
-42.99999951	0.00111753
-42.96666618	0.00134318
-42.93333285	0.00144910
-42.89999951	0.00155434
-42.86666618	0.00166562
-42.83333285	0.00169735
-42.79999951	0.00179154
-42.76666618	0.00180685
-42.73333285	0.00192450
-42.69999951	0.00185436
-42.66666618	0.00190187
-42.63333285	0.00187477
-42.59999952	0.00189570
-42.56666618	0.00190036
-42.53333285	0.00185144
-42.49999952	0.00185497
-42.46666618	0.00184368
-42.43333285	0.00169694
-42.39999952	0.00160399
-42.36666618	0.00153051
-42.33333285	0.00159418
-42.29999952	0.00150828
-42.26666618	0.00139419
-42.23333285	0.00132297
-42.19999952	0.00134572
-42.16666619	0.00127924
-42.13333285	0.00115254
-42.09999952	0.00131458
-42.06666619	0.00128628
-42.03333285	0.00125983
-41.99999952	0.00124997
-41.96666619	0.00130293
-41.93333285	0.00115919
-41.89999952	0.00123387
-41.86666619	0.00121556
-41.83333285	0.00130667
-41.79999952	0.00127773
-41.76666619	0.00130556
-41.73333286	0.00127176
-41.69999952	0.00138577
-41.66666619	0.00129256
-41.63333286	0.00139232
-41.59999952	0.00128738
-41.56666619	0.00137028
-41.53333286	0.00140665
-41.49999952	0.00141957
-41.46666619	0.00142410
-41.43333286	0.00144198
-41.39999953	0.00144044
-41.36666619	0.00142780
-41.33333286	0.00129474
-41.29999953	0.00130594
-41.26666619	0.00138178
-41.23333286	0.00127463
-41.19999953	0.00117675
-41.16666619	0.00117739
-41.13333286	0.00115412
-41.09999953	0.00108792
-41.06666619	0.00105997
-41.03333286	0.00101400
-40.99999953	0.00092043
-40.96666620	0.00088933
-40.93333286	0.00079000
-40.89999953	0.00079533
-40.86666620	0.00073033
-40.83333286	0.00067087
-40.79999953	0.00070708
-40.76666620	0.00059982
-40.73333286	0.00065722
-40.69999953	0.00049788
-40.66666620	0.00050369
-40.63333286	0.00043151
-40.59999953	0.00045841
-40.56666620	0.00036190
-40.53333287	0.00040170
-40.49999953	0.00020308
-40.46666620	0.00023970
-40.43333287	0.00023832
-40.39999953	0.00024433
-40.36666620	0.00012792
-40.33333287	0.00029472
-40.29999953	0.00007231
-40.26666620	0.00020650
-40.23333287	0.00010201
-40.19999954	0.00006730
-40.16666620	0.00009272
-40.13333287	-0.00009929
-40.09999954	-0.00006743
-40.06666620	0.00002694
-40.03333287	-0.00007274
-39.99999954	-0.00004905
-39.96666620	-0.00016095
-39.93333287	-0.00022358
-39.89999954	-0.00018493
-39.86666620	-0.00033619
-39.83333287	-0.00030525
-39.79999954	-0.00038639
-39.76666621	-0.00044768
-39.73333287	-0.00052778
-39.69999954	-0.00059103
-39.66666621	-0.00063173
-39.63333287	-0.00076489
-39.59999954	-0.00074343
-39.56666621	-0.00078313
-39.53333287	-0.00077780
-39.49999954	-0.00084381
-39.46666621	-0.00102483
-39.43333288	-0.00110014
-39.39999954	-0.00117970
-39.36666621	-0.00119630
-39.33333288	-0.00127406
-39.29999954	-0.00126716
-39.26666621	-0.00133342
-39.23333288	-0.00138408
-39.19999954	-0.00137209
-39.16666621	-0.00156493
-39.13333288	-0.00152204
-39.09999954	-0.00165024
-39.06666621	-0.00165591
-39.03333288	-0.00166279
-38.99999955	-0.00163516
-38.96666621	-0.00175524
-38.93333288	-0.00175277
-38.89999955	-0.00180396
-38.86666621	-0.00195562
-38.83333288	-0.00184054
-38.79999955	-0.00193381
-38.76666621	-0.00186841
-38.73333288	-0.00187707
-38.69999955	-0.00184748
-38.66666621	-0.00188538
-38.63333288	-0.00187681
-38.59999955	-0.00179221
-38.56666622	-0.00182277
-38.53333288	-0.00177086
-38.49999955	-0.00167042
-38.46666622	-0.00181330
-38.43333288	-0.00169444
-38.39999955	-0.00173841
-38.36666622	-0.00168519
-38.33333288	-0.00161477
-38.29999955	-0.00151552
-38.26666622	-0.00165266
-38.23333289	-0.00156625
-38.19999955	-0.00148471
-38.16666622	-0.00156457
-38.13333289	-0.00148694
-38.09999955	-0.00146505
-38.06666622	-0.00144806
-38.03333289	-0.00145401
-37.99999955	-0.00146078
-37.96666622	-0.00148181
-37.93333289	-0.00139261
-37.89999955	-0.00127226
-37.86666622	-0.00137578
-37.83333289	-0.00142432
-37.79999956	-0.00134788
-37.76666622	-0.00126442
-37.73333289	-0.00136093
-37.69999956	-0.00153764
-37.66666622	-0.00128548
-37.63333289	-0.00139918
-37.59999956	-0.00142925
-37.56666622	-0.00149044
-37.53333289	-0.00139244
-37.49999956	-0.00147608
-37.46666622	-0.00140371
-37.43333289	-0.00149938
-37.39999956	-0.00149902
-37.36666623	-0.00145627
-37.33333289	-0.00155433
-37.29999956	-0.00154708
-37.26666623	-0.00152920
-37.23333289	-0.00151359
-37.19999956	-0.00160177
-37.16666623	-0.00158567
-37.13333289	-0.00152929
-37.09999956	-0.00155357
-37.06666623	-0.00151736
-37.03333290	-0.00140702
-36.99999956	-0.00137074
-36.96666623	-0.00140140
-36.93333290	-0.00137761
-36.89999956	-0.00139532
-36.86666623	-0.00134147
-36.83333290	-0.00135043
-36.79999956	-0.00136049
-36.76666623	-0.00135352
-36.73333290	-0.00134076
-36.69999956	-0.00134262
-36.66666623	-0.00133212
-36.63333290	-0.00132825
-36.59999957	-0.00140514
-36.56666623	-0.00129747
-36.53333290	-0.00121298
-36.49999957	-0.00129518
-36.46666623	-0.00134794
-36.43333290	-0.00135418
-36.39999957	-0.00140407
-36.36666623	-0.00145752
-36.33333290	-0.00152772
-36.29999957	-0.00159764
-36.26666623	-0.00162478
-36.23333290	-0.00160299
-36.19999957	-0.00160455
-36.16666624	-0.00173225
-36.13333290	-0.00169110
-36.09999957	-0.00177061
-36.06666624	-0.00174564
-36.03333290	-0.00186292
-35.99999957	-0.00197307
-35.96666624	-0.00198864
-35.93333290	-0.00203921
-35.89999957	-0.00200395
-35.86666624	-0.00204376
-35.83333291	-0.00206886
-35.79999957	-0.00203794
-35.76666624	-0.00201183
-35.73333291	-0.00193798
-35.69999957	-0.00201851
-35.66666624	-0.00190545
-35.63333291	-0.00200875
-35.59999957	-0.00209991
-35.56666624	-0.00195523
-35.53333291	-0.00201845
-35.49999957	-0.00202696
-35.46666624	-0.00198608
-35.43333291	-0.00203246
-35.39999958	-0.00194174
-35.36666624	-0.00188434
-35.33333291	-0.00183781
-35.29999958	-0.00191658
-35.26666624	-0.00186272
-35.23333291	-0.00191805
-35.19999958	-0.00193181
-35.16666624	-0.00198886
-35.13333291	-0.00199060
-35.09999958	-0.00197150
-35.06666625	-0.00190282
-35.03333291	-0.00184312
-34.99999958	-0.00188082
-34.96666625	-0.00193813
-34.93333291	-0.00189254
-34.89999958	-0.00188623
-34.86666625	-0.00190850
-34.83333291	-0.00197966
-34.79999958	-0.00200476
-34.76666625	-0.00196001
-34.73333291	-0.00197790
-34.69999958	-0.00201551
-34.66666625	-0.00199183
-34.63333292	-0.00203923
-34.59999958	-0.00212994
-34.56666625	-0.00207211
-34.53333292	-0.00208494
-34.49999958	-0.00213113
-34.46666625	-0.00216972
-34.43333292	-0.00208362
-34.39999958	-0.00212533
-34.36666625	-0.00210894
-34.33333292	-0.00223114
-34.29999958	-0.00210927
-34.26666625	-0.00214421
-34.23333292	-0.00212315
-34.19999959	-0.00215235
-34.16666625	-0.00224657
-34.13333292	-0.00207750
-34.09999959	-0.00221473
-34.06666625	-0.00217622
-34.03333292	-0.00225617
-33.99999959	-0.00226180
-33.96666625	-0.00231417
-33.93333292	-0.00232532
-33.89999959	-0.00235417
-33.86666626	-0.00241110
-33.83333292	-0.00251831
-33.79999959	-0.00245012
-33.76666626	-0.00247420
-33.73333292	-0.00232882
-33.69999959	-0.00232736
-33.66666626	-0.00244952
-33.63333292	-0.00254074
-33.59999959	-0.00235798
-33.56666626	-0.00251376
-33.53333292	-0.00250203
-33.49999959	-0.00242666
-33.46666626	-0.00242217
-33.43333293	-0.00263586
-33.39999959	-0.00251746
-33.36666626	-0.00255443
-33.33333293	-0.00260747
-33.29999959	-0.00263934
-33.26666626	-0.00259918
-33.23333293	-0.00261794
-33.19999959	-0.00262177
-33.16666626	-0.00259023
-33.13333293	-0.00261208
-33.09999959	-0.00265350
-33.06666626	-0.00271309
-33.03333293	-0.00262177
-32.99999960	-0.00259754
-32.96666626	-0.00264668
-32.93333293	-0.00264837
-32.89999960	-0.00267272
-32.86666626	-0.00270371
-32.83333293	-0.00257603
-32.79999960	-0.00268867
-32.76666626	-0.00264008
-32.73333293	-0.00267590
-32.69999960	-0.00258670
-32.66666627	-0.00274146
-32.63333293	-0.00270111
-32.59999960	-0.00271755
-32.56666627	-0.00272988
-32.53333293	-0.00267813
-32.49999960	-0.00270274
-32.46666627	-0.00267821
-32.43333293	-0.00264624
-32.39999960	-0.00266601
-32.36666627	-0.00271316
-32.33333293	-0.00271632
-32.29999960	-0.00272797
-32.26666627	-0.00269820
-32.23333294	-0.00274440
-32.19999960	-0.00272082
-32.16666627	-0.00274405
-32.13333294	-0.00272586
-32.09999960	-0.00270123
-32.06666627	-0.00264544
-32.03333294	-0.00261762
-31.99999960	-0.00272559
-31.96666627	-0.00278706
-31.93333294	-0.00269584
-31.89999961	-0.00259514
-31.86666627	-0.00263915
-31.83333294	-0.00259191
-31.79999961	-0.00266921
-31.76666627	-0.00262176
-31.73333294	-0.00272012
-31.69999961	-0.00276168
-31.66666627	-0.00270089
-31.63333294	-0.00261798
-31.59999961	-0.00263790
-31.56666627	-0.00256685
-31.53333294	-0.00260919
-31.49999961	-0.00273311
-31.46666628	-0.00265592
-31.43333294	-0.00266424
-31.39999961	-0.00254249
-31.36666628	-0.00259436
-31.33333294	-0.00252365
-31.29999961	-0.00261800
-31.26666628	-0.00260110
-31.23333294	-0.00245480
-31.19999961	-0.00252618
-31.16666628	-0.00238685
-31.13333294	-0.00235070
-31.09999961	-0.00236459
-31.06666628	-0.00234784
-31.03333295	-0.00227889
-30.99999961	-0.00235090
-30.96666628	-0.00232418
-30.93333295	-0.00232024
-30.89999961	-0.00236626
-30.86666628	-0.00225171
-30.83333295	-0.00218573
-30.79999961	-0.00214491
-30.76666628	-0.00221519
-30.73333295	-0.00216719
-30.69999962	-0.00221031
-30.66666628	-0.00220145
-30.63333295	-0.00214236
-30.59999962	-0.00215276
-30.56666628	-0.00212339
-30.53333295	-0.00219812
-30.49999962	-0.00216129
-30.46666628	-0.00214029
-30.43333295	-0.00214199
-30.39999962	-0.00211876
-30.36666628	-0.00197800
-30.33333295	-0.00207081
-30.29999962	-0.00213593
-30.26666629	-0.00211187
-30.23333295	-0.00207339
-30.19999962	-0.00211932
-30.16666629	-0.00197630
-30.13333295	-0.00204562
-30.09999962	-0.00199392
-30.06666629	-0.00193043
-30.03333295	-0.00193460
-29.99999962	-0.00194929
-29.96666629	-0.00181441
-29.93333295	-0.00179936
-29.89999962	-0.00178514
-29.86666629	-0.00174612
-29.83333296	-0.00178338
-29.79999962	-0.00170948
-29.76666629	-0.00167587
-29.73333296	-0.00167444
-29.69999962	-0.00163220
-29.66666629	-0.00174172
-29.63333296	-0.00162906
-29.59999962	-0.00159557
-29.56666629	-0.00151493
-29.53333296	-0.00160497
-29.49999963	-0.00170638
-29.46666629	-0.00169744
-29.43333296	-0.00169873
-29.39999963	-0.00178325
-29.36666629	-0.00176643
-29.33333296	-0.00181462
-29.29999963	-0.00181817
-29.26666629	-0.00185112
-29.23333296	-0.00183954
-29.19999963	-0.00185502
-29.16666629	-0.00181179
-29.13333296	-0.00187313
-29.09999963	-0.00188256
-29.06666630	-0.00189388
-29.03333296	-0.00194438
-28.99999963	-0.00185184
-28.96666630	-0.00174033
-28.93333296	-0.00185999
-28.89999963	-0.00176706
-28.86666630	-0.00166800
-28.83333296	-0.00174245
-28.79999963	-0.00170454
-28.76666630	-0.00163003
-28.73333297	-0.00171524
-28.69999963	-0.00153160
-28.66666630	-0.00155716
-28.63333297	-0.00153915
-28.59999963	-0.00143030
-28.56666630	-0.00143769
-28.53333297	-0.00135092
-28.49999963	-0.00127618
-28.46666630	-0.00128125
-28.43333297	-0.00127616
-28.39999963	-0.00111847
-28.36666630	-0.00106164
-28.33333297	-0.00113728
-28.29999964	-0.00109455
-28.26666630	-0.00100316
-28.23333297	-0.00102005
-28.19999964	-0.00100657
-28.16666630	-0.00088115
-28.13333297	-0.00095582
-28.09999964	-0.00091734
-28.06666630	-0.00082970
-28.03333297	-0.00083327
-27.99999964	-0.00078897
-27.96666630	-0.00078470
-27.93333297	-0.00063951
-27.89999964	-0.00057166
-27.86666631	-0.00057431
-27.83333297	-0.00051508
-27.79999964	-0.00045690
-27.76666631	-0.00053697
-27.73333297	-0.00039548
-27.69999964	-0.00036869
-27.66666631	-0.00032823
-27.63333297	-0.00024082
-27.59999964	-0.00028165
-27.56666631	-0.00016231
-27.53333298	-0.00003787
-27.49999964	-0.00001901
-27.46666631	0.00009518
-27.43333298	0.00014596
-27.39999964	0.00006979
-27.36666631	0.00003222
-27.33333298	0.00009318
-27.29999964	0.00005030
-27.26666631	0.00006430
-27.23333298	0.00004302
-27.19999964	-0.00000424
-27.16666631	0.00003881
-27.13333298	0.00003687
-27.09999965	0.00005679
-27.06666631	-0.00004907
-27.03333298	-0.00010846
-26.99999965	-0.00003662
-26.96666631	-0.00010161
-26.93333298	-0.00008493
-26.89999965	0.00003455
-26.86666631	-0.00003005
-26.83333298	0.00002074
-26.79999965	0.00001126
-26.76666631	-0.00004786
-26.73333298	-0.00008809
-26.69999965	-0.00003023
-26.66666632	0.00000868
-26.63333298	-0.00006951
-26.59999965	0.00011489
-26.56666632	0.00011124
-26.53333298	0.00018994
-26.49999965	0.00013144
-26.46666632	0.00029013
-26.43333298	0.00032341
-26.39999965	0.00037847
-26.36666632	0.00034656
-26.33333299	0.00027430
-26.29999965	0.00027590
-26.26666632	0.00036706
-26.23333299	0.00031595
-26.19999965	0.00031252
-26.16666632	0.00034064
-26.13333299	0.00027474
-26.09999965	0.00034227
-26.06666632	0.00025460
-26.03333299	0.00027048
-25.99999965	0.00030461
-25.96666632	0.00031180
-25.93333299	0.00030031
-25.89999966	0.00025257
-25.86666632	0.00031039
-25.83333299	0.00020672
-25.79999966	0.00019886
-25.76666632	0.00014784
-25.73333299	0.00019488
-25.69999966	0.00010530
-25.66666632	0.00010039
-25.63333299	0.00023551
-25.59999966	0.00029052
-25.56666632	0.00022922
-25.53333299	0.00024736
-25.49999966	0.00025292
-25.46666633	0.00031199
-25.43333299	0.00041926
-25.39999966	0.00038966
-25.36666633	0.00038622
-25.33333299	0.00033504
-25.29999966	0.00034254
-25.26666633	0.00044718
-25.23333299	0.00042368
-25.19999966	0.00044362
-25.16666633	0.00035067
-25.13333300	0.00047751
-25.09999966	0.00046611
-25.06666633	0.00050683
-25.03333300	0.00041195
-24.99999966	0.00033349
-24.96666633	0.00041414
-24.93333300	0.00042122
-24.89999966	0.00033768
-24.86666633	0.00031863
-24.83333300	0.00029917
-24.79999966	0.00022291
-24.76666633	0.00024184
-24.73333300	0.00018966
-24.69999967	0.00023960
-24.66666633	0.00015413
-24.63333300	0.00009212
-24.59999967	0.00003242
-24.56666633	-0.00003209
-24.53333300	-0.00002498
-24.49999967	-0.00005501
-24.46666633	-0.00014833
-24.43333300	-0.00022586
-24.39999967	-0.00031163
-24.36666634	-0.00028435
-24.33333300	-0.00030086
-24.29999967	-0.00033706
-24.26666634	-0.00035963
-24.23333300	-0.00047576
-24.19999967	-0.00044533
-24.16666634	-0.00047991
-24.13333300	-0.00044974
-24.09999967	-0.00044533
-24.06666634	-0.00051946
-24.03333300	-0.00056786
-23.99999967	-0.00062307
-23.96666634	-0.00066859
-23.93333301	-0.00066152
-23.89999967	-0.00058142
-23.86666634	-0.00068791
-23.83333301	-0.00070672
-23.79999967	-0.00074429
-23.76666634	-0.00075309
-23.73333301	-0.00085425
-23.69999967	-0.00081900
-23.66666634	-0.00086625
-23.63333301	-0.00087098
-23.59999967	-0.00086724
-23.56666634	-0.00087524
-23.53333301	-0.00077171
-23.49999968	-0.00086948
-23.46666634	-0.00096868
-23.43333301	-0.00080368
-23.39999968	-0.00096049
-23.36666634	-0.00092002
-23.33333301	-0.00089485
-23.29999968	-0.00100743
-23.26666634	-0.00100888
-23.23333301	-0.00092140
-23.19999968	-0.00072092
-23.16666635	-0.00086254
-23.13333301	-0.00084282
-23.09999968	-0.00077238
-23.06666635	-0.00080332
-23.03333301	-0.00086320
-22.99999968	-0.00074216
-22.96666635	-0.00090210
-22.93333301	-0.00092230
-22.89999968	-0.00091583
-22.86666635	-0.00091366
-22.83333301	-0.00090178
-22.79999968	-0.00092823
-22.76666635	-0.00092743
-22.73333302	-0.00095020
-22.69999968	-0.00100443
-22.66666635	-0.00095169
-22.63333302	-0.00100587
-22.59999968	-0.00100959
-22.56666635	-0.00097655
-22.53333302	-0.00101546
-22.49999968	-0.00108556
-22.46666635	-0.00102854
-22.43333302	-0.00097212
-22.39999968	-0.00108076
-22.36666635	-0.00117050
-22.33333302	-0.00116173
-22.29999969	-0.00110243
-22.26666635	-0.00107370
-22.23333302	-0.00102919
-22.19999969	-0.00121129
-22.16666635	-0.00113975
-22.13333302	-0.00118709
-22.09999969	-0.00118118
-22.06666635	-0.00102667
-22.03333302	-0.00105014
-21.99999969	-0.00109741
-21.96666636	-0.00106025
-21.93333302	-0.00121867
-21.89999969	-0.00114506
-21.86666636	-0.00113449
-21.83333302	-0.00117133
-21.79999969	-0.00106176
-21.76666636	-0.00107231
-21.73333302	-0.00118792
-21.69999969	-0.00126382
-21.66666636	-0.00126794
-21.63333302	-0.00130926
-21.59999969	-0.00127294
-21.56666636	-0.00139024
-21.53333303	-0.00137478
-21.49999969	-0.00145815
-21.46666636	-0.00148762
-21.43333303	-0.00162430
-21.39999969	-0.00153096
-21.36666636	-0.00164185
-21.33333303	-0.00172753
-21.29999969	-0.00179483
-21.26666636	-0.00181296
-21.23333303	-0.00193171
-21.19999970	-0.00196860
-21.16666636	-0.00193600
-21.13333303	-0.00189754
-21.09999970	-0.00188236
-21.06666636	-0.00192157
-21.03333303	-0.00190383
-20.99999970	-0.00188926
-20.96666636	-0.00185735
-20.93333303	-0.00193699
-20.89999970	-0.00192984
-20.86666636	-0.00193685
-20.83333303	-0.00195655
-20.79999970	-0.00196822
-20.76666637	-0.00191425
-20.73333303	-0.00189686
-20.69999970	-0.00187046
-20.66666637	-0.00190366
-20.63333303	-0.00176634
-20.59999970	-0.00184129
-20.56666637	-0.00185592
-20.53333303	-0.00181537
-20.49999970	-0.00181315
-20.46666637	-0.00177183
-20.43333303	-0.00180616
-20.39999970	-0.00183203
-20.36666637	-0.00180837
-20.33333304	-0.00187375
-20.29999970	-0.00183545
-20.26666637	-0.00190393
-20.23333304	-0.00194722
-20.19999970	-0.00193428
-20.16666637	-0.00181141
-20.13333304	-0.00176304
-20.09999970	-0.00173612
-20.06666637	-0.00173806
-20.03333304	-0.00170708
-19.99999971	-0.00167046
-19.96666637	-0.00164364
-19.93333304	-0.00160207
-19.89999971	-0.00160870
-19.86666637	-0.00153084
-19.83333304	-0.00152407
-19.79999971	-0.00136504
-19.76666637	-0.00128873
-19.73333304	-0.00123271
-19.69999971	-0.00119022
-19.66666637	-0.00107568
-19.63333304	-0.00101962
-19.59999971	-0.00095867
-19.56666638	-0.00094190
-19.53333304	-0.00090893
-19.49999971	-0.00097128
-19.46666638	-0.00086942
-19.43333304	-0.00076741
-19.39999971	-0.00074298
-19.36666638	-0.00076271
-19.33333304	-0.00068999
-19.29999971	-0.00072355
-19.26666638	-0.00064252
-19.23333304	-0.00059629
-19.19999971	-0.00064070
-19.16666638	-0.00054257
-19.13333305	-0.00052505
-19.09999971	-0.00046215
-19.06666638	-0.00050333
-19.03333305	-0.00045538
-18.99999971	-0.00053386
-18.96666638	-0.00050989
-18.93333305	-0.00039112
-18.89999971	-0.00034455
-18.86666638	-0.00036665
-18.83333305	-0.00031217
-18.79999972	-0.00022427
-18.76666638	-0.00012530
-18.73333305	-0.00016213
-18.69999972	-0.00005454
-18.66666638	0.00004223
-18.63333305	0.00006319
-18.59999972	0.00013778
-18.56666638	0.00011825
-18.53333305	0.00016938
-18.49999972	0.00024466
-18.46666638	0.00026208
-18.43333305	0.00018395
-18.39999972	0.00032027
-18.36666639	0.00032340
-18.33333305	0.00039286
-18.29999972	0.00040900
-18.26666639	0.00038391
-18.23333305	0.00036642
-18.19999972	0.00038309
-18.16666639	0.00041808
-18.13333305	0.00038893
-18.09999972	0.00034489
-18.06666639	0.00040221
-18.03333306	0.00041350
-17.99999972	0.00039795
-17.96666639	0.00042116
-17.93333306	0.00040458
-17.89999972	0.00040219
-17.86666639	0.00033064
-17.83333306	0.00034227
-17.79999972	0.00023248
-17.76666639	0.00037169
-17.73333306	0.00028723
-17.69999972	0.00031158
-17.66666639	0.00038712
-17.63333306	0.00040626
-17.59999973	0.00043988
-17.56666639	0.00050647
-17.53333306	0.00039670
-17.49999973	0.00049637
-17.46666639	0.00051052
-17.43333306	0.00036896
-17.39999973	0.00052981
-17.36666639	0.00058212
-17.33333306	0.00051747
-17.29999973	0.00049575
-17.26666639	0.00051406
-17.23333306	0.00044872
-17.19999973	0.00034043
-17.16666640	0.00034441
-17.13333306	0.00016615
-17.09999973	0.00003169
-17.06666640	-0.00000906
-17.03333306	-0.00010589
-16.99999973	-0.00031437
-16.96666640	-0.00046043
-16.93333306	-0.00065110
-16.89999973	-0.00082378
-16.86666640	-0.00104035
-16.83333307	-0.00107145
-16.79999973	-0.00125661
-16.76666640	-0.00139205
-16.73333307	-0.00154564
-16.69999973	-0.00165805
-16.66666640	-0.00187424
-16.63333307	-0.00203090
-16.59999973	-0.00220889
-16.56666640	-0.00231616
-16.53333307	-0.00240685
-16.49999973	-0.00251088
-16.46666640	-0.00247978
-16.43333307	-0.00252358
-16.39999974	-0.00271220
-16.36666640	-0.00265617
-16.33333307	-0.00263148
-16.29999974	-0.00271485
-16.26666640	-0.00264175
-16.23333307	-0.00263483
-16.19999974	-0.00253969
-16.16666640	-0.00254286
-16.13333307	-0.00249561
-16.09999974	-0.00248253
-16.06666640	-0.00237454
-16.03333307	-0.00228091
-15.99999974	-0.00226537
-15.96666641	-0.00218164
-15.93333307	-0.00204710
-15.89999974	-0.00198542
-15.86666641	-0.00187037
-15.83333307	-0.00178965
-15.79999974	-0.00167568
-15.76666641	-0.00169832
-15.73333307	-0.00157679
-15.69999974	-0.00142661
-15.66666641	-0.00142343
-15.63333308	-0.00134408
-15.59999974	-0.00127073
-15.56666641	-0.00106925
-15.53333308	-0.00108814
-15.49999974	-0.00100922
-15.46666641	-0.00094682
-15.43333308	-0.00082673
-15.39999974	-0.00079639
-15.36666641	-0.00085251
-15.33333308	-0.00070753
-15.29999974	-0.00068394
-15.26666641	-0.00056009
-15.23333308	-0.00051490
-15.19999975	-0.00032456
-15.16666641	-0.00032103
-15.13333308	-0.00024838
-15.09999975	-0.00016813
-15.06666641	-0.00001296
-15.03333308	0.00006547
-14.99999975	0.00011466
-14.96666641	0.00026543
-14.93333308	0.00044482
-14.89999975	0.00041347
-14.86666641	0.00059748
-14.83333308	0.00070669
-14.79999975	0.00082852
-14.76666642	0.00083886
-14.73333308	0.00087334
-14.69999975	0.00095474
-14.66666642	0.00107070
-14.63333308	0.00109107
-14.59999975	0.00116506
-14.56666642	0.00123899
-14.53333308	0.00131446
-14.49999975	0.00128888
-14.46666642	0.00137875
-14.43333309	0.00148118
-14.39999975	0.00158734
-14.36666642	0.00166957
-14.33333309	0.00171842
-14.29999975	0.00178895
-14.26666642	0.00181971
-14.23333309	0.00193137
-14.19999975	0.00195319
-14.16666642	0.00214558
-14.13333309	0.00214002
-14.09999975	0.00212866
-14.06666642	0.00226304
-14.03333309	0.00231758
-13.99999976	0.00228662
-13.96666642	0.00245724
-13.93333309	0.00250438
-13.89999976	0.00259897
-13.86666642	0.00264946
-13.83333309	0.00285846
-13.79999976	0.00288737
-13.76666642	0.00297045
-13.73333309	0.00307887
-13.69999976	0.00314726
-13.66666643	0.00327634
-13.63333309	0.00338361
-13.59999976	0.00343338
-13.56666643	0.00358067
-13.53333309	0.00366454
-13.49999976	0.00376603
-13.46666643	0.00380842
-13.43333309	0.00395153
-13.39999976	0.00407534
-13.36666643	0.00416968
-13.33333309	0.00444847
-13.29999976	0.00446642
-13.26666643	0.00450527
-13.23333310	0.00463096
-13.19999976	0.00487301
-13.16666643	0.00496523
-13.13333310	0.00512018
-13.09999976	0.00518878
-13.06666643	0.00535406
-13.03333310	0.00541970
-12.99999976	0.00548245
-12.96666643	0.00561778
-12.93333310	0.00572303
-12.89999976	0.00588376
-12.86666643	0.00596343
-12.83333310	0.00603473
-12.79999977	0.00613393
-12.76666643	0.00615783
-12.73333310	0.00616724
-12.69999977	0.00616482
-12.66666643	0.00619924
-12.63333310	0.00613912
-12.59999977	0.00605720
-12.56666643	0.00601599
-12.53333310	0.00605149
-12.49999977	0.00599658
-12.46666644	0.00604395
-12.43333310	0.00592940
-12.39999977	0.00586366
-12.36666644	0.00592178
-12.33333310	0.00575119
-12.29999977	0.00570793
-12.26666644	0.00577877
-12.23333310	0.00566550
-12.19999977	0.00574028
-12.16666644	0.00570636
-12.13333310	0.00582842
-12.09999977	0.00579707
-12.06666644	0.00585014
-12.03333311	0.00588152
-11.99999977	0.00598227
-11.96666644	0.00596253
-11.93333311	0.00623503
-11.89999977	0.00631749
-11.86666644	0.00644607
-11.83333311	0.00660980
-11.79999977	0.00679099
-11.76666644	0.00691177
-11.73333311	0.00709285
-11.69999977	0.00744277
-11.66666644	0.00774748
-11.63333311	0.00788644
-11.59999978	0.00845534
-11.56666644	0.00869124
-11.53333311	0.00902407
-11.49999978	0.00947651
-11.46666644	0.00992610
-11.43333311	0.01033761
-11.39999978	0.01091134
-11.36666644	0.01145916
-11.33333311	0.01203452
-11.29999978	0.01269301
-11.26666645	0.01327888
-11.23333311	0.01390594
-11.19999978	0.01459412
-11.16666645	0.01541246
-11.13333311	0.01623679
-11.09999978	0.01699095
-11.06666645	0.01782858
-11.03333311	0.01886399
-10.99999978	0.01982670
-10.96666645	0.02080041
-10.93333311	0.02188514
-10.89999978	0.02300713
-10.86666645	0.02414963
-10.83333312	0.02541853
-10.79999978	0.02665578
-10.76666645	0.02800931
-10.73333312	0.02944309
-10.69999978	0.03084024
-10.66666645	0.03231520
-10.63333312	0.03392132
-10.59999978	0.03549115
-10.56666645	0.03717390
-10.53333312	0.03890000
-10.49999979	0.04059316
-10.46666645	0.04248657
-10.43333312	0.04423645
-10.39999979	0.04621831
-10.36666645	0.04804907
-10.33333312	0.05013857
-10.29999979	0.05196130
-10.26666645	0.05397913
-10.23333312	0.05582538
-10.19999979	0.05761267
-10.16666645	0.05927200
-10.13333312	0.06093453
-10.09999979	0.06235642
-10.06666646	0.06360014
-10.03333312	0.06456849
-9.99999979	0.06527353
-9.96666646	0.06537485
-9.93333312	0.06534436
-9.89999979	0.06467148
-9.86666646	0.06353543
-9.83333312	0.06183651
-9.79999979	0.05940540
-9.76666646	0.05636659
-9.73333312	0.05251889
-9.69999979	0.04785376
-9.66666646	0.04236030
-9.63333313	0.03612449
-9.59999979	0.02894783
-9.56666646	0.02099361
-9.53333313	0.01219492
-9.49999979	0.00267960
-9.46666646	-0.00773541
-9.43333313	-0.01865774
-9.39999979	-0.03022934
-9.36666646	-0.04236441
-9.33333313	-0.05484720
-9.29999980	-0.06769437
-9.26666646	-0.08063819
-9.23333313	-0.09376389
-9.19999980	-0.10663275
-9.16666646	-0.11934853
-9.13333313	-0.13170500
-9.09999980	-0.14352275
-9.06666646	-0.15470953
-9.03333313	-0.16524614
-8.99999980	-0.17496789
-8.96666646	-0.18369499
-8.93333313	-0.19145439
-8.89999980	-0.19804458
-8.86666647	-0.20359024
-8.83333313	-0.20806444
-8.79999980	-0.21101303
-8.76666647	-0.21290030
-8.73333313	-0.21348307
-8.69999980	-0.21298842
-8.66666647	-0.21142779
-8.63333313	-0.20850652
-8.59999980	-0.20444920
-8.56666647	-0.19951175
-8.53333313	-0.19367425
-8.49999980	-0.18683150
-8.46666647	-0.17918165
-8.43333314	-0.17104571
-8.39999980	-0.16208609
-8.36666647	-0.15274749
-8.33333314	-0.14297060
-8.29999980	-0.13274556
-8.26666647	-0.12222629
-8.23333314	-0.11167836
-8.19999980	-0.10096614
-8.16666647	-0.09019707
-8.13333314	-0.07946910
-8.09999981	-0.06882366
-8.06666647	-0.05851214
-8.03333314	-0.04833710
-7.99999981	-0.03833881
-7.96666647	-0.02876466
-7.93333314	-0.01947608
-7.89999981	-0.01052998
-7.86666647	-0.00209791
-7.83333314	0.00603696
-7.79999981	0.01372469
-7.76666647	0.02108823
-7.73333314	0.02788514
-7.69999981	0.03428495
-7.66666648	0.04009515
-7.63333314	0.04575842
-7.59999981	0.05084288
-7.56666648	0.05560437
-7.53333314	0.05995428
-7.49999981	0.06387169
-7.46666648	0.06749576
-7.43333314	0.07080005
-7.39999981	0.07367168
-7.36666648	0.07636902
-7.33333314	0.07861740
-7.29999981	0.08055718
-7.26666648	0.08228736
-7.23333315	0.08376947
-7.19999981	0.08522223
-7.16666648	0.08624049
-7.13333315	0.08716490
-7.09999981	0.08788842
-7.06666648	0.08829370
-7.03333315	0.08869728
-6.99999981	0.08888063
-6.96666648	0.08890802
-6.93333315	0.08896003
-6.89999982	0.08878401
-6.86666648	0.08857312
-6.83333315	0.08811127
-6.79999982	0.08753160
-6.76666648	0.08706044
-6.73333315	0.08633959
-6.69999982	0.08563274
-6.66666648	0.08479067
-6.63333315	0.08370286
-6.59999982	0.08276945
-6.56666648	0.08161131
-6.53333315	0.08038216
-6.49999982	0.07907563
-6.46666649	0.07770251
-6.43333315	0.07626452
-6.39999982	0.07465284
-6.36666649	0.07306205
-6.33333315	0.07140000
-6.29999982	0.06963121
-6.26666649	0.06784071
-6.23333315	0.06598284
-6.19999982	0.06409026
-6.16666649	0.06211287
-6.13333316	0.06023126
-6.09999982	0.05813388
-6.06666649	0.05635670
-6.03333316	0.05442020
-5.99999982	0.05250530
-5.96666649	0.05071483
-5.93333316	0.04893532
-5.89999982	0.04708823
-5.86666649	0.04536217
-5.83333316	0.04382197
-5.79999982	0.04212368
-5.76666649	0.04054847
-5.73333316	0.03913151
-5.69999983	0.03775209
-5.66666649	0.03642352
-5.63333316	0.03533194
-5.59999983	0.03415439
-5.56666649	0.03307654
-5.53333316	0.03209511
-5.49999983	0.03105991
-5.46666649	0.03020611
-5.43333316	0.02941707
-5.39999983	0.02865725
-5.36666649	0.02775519
-5.33333316	0.02704871
-5.29999983	0.02630443
-5.26666650	0.02583411
-5.23333316	0.02518531
-5.19999983	0.02466139
-5.16666650	0.02408772
-5.13333316	0.02354616
-5.09999983	0.02285446
-5.06666650	0.02223373
-5.03333316	0.02174407
-4.99999983	0.02113411
-4.96666650	0.02068119
-4.93333317	0.01994429
-4.89999983	0.01937338
-4.86666650	0.01874437
-4.83333317	0.01820668
-4.79999983	0.01751883
-4.76666650	0.01678503
-4.73333317	0.01613614
-4.69999983	0.01555565
-4.66666650	0.01484109
-4.63333317	0.01411599
-4.59999983	0.01327469
-4.56666650	0.01270027
-4.53333317	0.01185575
-4.49999984	0.01121892
-4.46666650	0.01043393
-4.43333317	0.00977201
-4.39999984	0.00914262
-4.36666650	0.00843431
-4.33333317	0.00773916
-4.29999984	0.00710724
-4.26666650	0.00645502
-4.23333317	0.00589861
-4.19999984	0.00527098
-4.16666650	0.00476083
-4.13333317	0.00416566
-4.09999984	0.00374530
-4.06666651	0.00323719
-4.03333317	0.00279409
-3.99999984	0.00240459
-3.96666651	0.00192168
-3.93333317	0.00150958
-3.89999984	0.00115725
-3.86666651	0.00086252
-3.83333317	0.00055196
-3.79999984	0.00020841
-3.76666651	-0.00001439
-3.73333318	-0.00034285
-3.69999984	-0.00057123
-3.66666651	-0.00077061
-3.63333318	-0.00098112
-3.59999984	-0.00115876
-3.56666651	-0.00140751
-3.53333318	-0.00165779
-3.49999984	-0.00204013
-3.46666651	-0.00218955
-3.43333318	-0.00229762
-3.39999984	-0.00251857
-3.36666651	-0.00283512
-3.33333318	-0.00304652
-3.29999985	-0.00317111
-3.26666651	-0.00334601
-3.23333318	-0.00358905
-3.19999985	-0.00379536
-3.16666651	-0.00401574
-3.13333318	-0.00417509
-3.09999985	-0.00426697
-3.06666651	-0.00452459
-3.03333318	-0.00458396
-2.99999985	-0.00459098
-2.96666652	-0.00475638
-2.93333318	-0.00494288
-2.89999985	-0.00499399
-2.86666652	-0.00500877
-2.83333318	-0.00511488
-2.79999985	-0.00518787
-2.76666652	-0.00513445
-2.73333318	-0.00509897
-2.69999985	-0.00518397
-2.66666652	-0.00509380
-2.63333318	-0.00506032
-2.59999985	-0.00496389
-2.56666652	-0.00495738
-2.53333319	-0.00490975
-2.49999985	-0.00472372
-2.46666652	-0.00460457
-2.43333319	-0.00451891
-2.39999985	-0.00426529
-2.36666652	-0.00411882
-2.33333319	-0.00398168
-2.29999985	-0.00382094
-2.26666652	-0.00359056
-2.23333319	-0.00343669
-2.19999985	-0.00337927
-2.16666652	-0.00326409
-2.13333319	-0.00309967
-2.09999986	-0.00299267
-2.06666652	-0.00293593
-2.03333319	-0.00290769
-1.99999986	-0.00287258
-1.96666652	-0.00281073
-1.93333319	-0.00288845
-1.89999986	-0.00280942
-1.86666652	-0.00274817
-1.83333319	-0.00275540
-1.79999986	-0.00276254
-1.76666653	-0.00280400
-1.73333319	-0.00291409
-1.69999986	-0.00294734
-1.66666653	-0.00303896
-1.63333319	-0.00300737
-1.59999986	-0.00325561
-1.56666653	-0.00326220
-1.53333319	-0.00336115
-1.49999986	-0.00344008
-1.46666653	-0.00356925
-1.43333319	-0.00378500
-1.39999986	-0.00374921
-1.36666653	-0.00390257
-1.33333320	-0.00395500
-1.29999986	-0.00408369
-1.26666653	-0.00409814
-1.23333320	-0.00429640
-1.19999986	-0.00444831
-1.16666653	-0.00457349
-1.13333320	-0.00451375
-1.09999986	-0.00475358
-1.06666653	-0.00483534
-1.03333320	-0.00472532
-0.99999986	-0.00491718
-0.96666653	-0.00498730
-0.93333320	-0.00505869
-0.89999987	-0.00524747
-0.86666653	-0.00528222
-0.83333320	-0.00540465
-0.79999987	-0.00544882
-0.76666653	-0.00550287
-0.73333320	-0.00553275
-0.69999987	-0.00552963
-0.66666653	-0.00544109
-0.63333320	-0.00556058
-0.59999987	-0.00539324
-0.56666654	-0.00544858
-0.53333320	-0.00542475
-0.49999987	-0.00536261
-0.46666654	-0.00523728
-0.43333320	-0.00503308
-0.39999987	-0.00504389
-0.36666654	-0.00492488
-0.33333320	-0.00472935
-0.29999987	-0.00466336
-0.26666654	-0.00454852
-0.23333320	-0.00441497
-0.19999987	-0.00420703
-0.16666654	-0.00403731
-0.13333321	-0.00394351
-0.09999987	-0.00381580
-0.06666654	-0.00378275
-0.03333321	-0.00382455
0.00000013	-0.00356330
0.03333346	-0.00339328
0.06666679	-0.00330310
0.10000013	-0.00315851
0.13333346	-0.00308447
0.16666679	-0.00298684
0.20000012	-0.00279577
0.23333346	-0.00280421
0.26666679	-0.00269598
0.30000012	-0.00269393
0.33333346	-0.00264699
0.36666679	-0.00254415
0.40000012	-0.00256847
0.43333346	-0.00247175
0.46666679	-0.00244237
0.50000012	-0.00253427
0.53333346	-0.00252990
0.56666679	-0.00240805
0.60000012	-0.00247627
0.63333345	-0.00245868
0.66666679	-0.00246666
0.70000012	-0.00257907
0.73333345	-0.00260929
0.76666679	-0.00263063
0.80000012	-0.00253859
0.83333345	-0.00262279
0.86666679	-0.00266647
0.90000012	-0.00269709
0.93333345	-0.00271778
0.96666679	-0.00273627
1.00000012	-0.00282409
1.03333345	-0.00277016
1.06666678	-0.00275989
1.10000012	-0.00276272
1.13333345	-0.00281982
1.16666678	-0.00276368
1.20000012	-0.00278791
1.23333345	-0.00272241
1.26666678	-0.00256934
1.30000012	-0.00261589
1.33333345	-0.00242047
1.36666678	-0.00238280
1.40000011	-0.00222067
1.43333345	-0.00211647
1.46666678	-0.00198678
1.50000011	-0.00178199
1.53333345	-0.00138916
1.56666678	-0.00114571
1.60000011	-0.00088676
1.63333345	-0.00073566
1.66666678	-0.00037335
1.70000011	-0.00013986
1.73333345	0.00003646
1.76666678	0.00022485
1.80000011	0.00048165
1.83333344	0.00063370
1.86666678	0.00093589
1.90000011	0.00115848
1.93333344	0.00137639
1.96666678	0.00144451
2.00000011	0.00171347
2.03333344	0.00182961
2.06666678	0.00204669
2.10000011	0.00207422
2.13333344	0.00220805
2.16666678	0.00223998
2.20000011	0.00232697
2.23333344	0.00240069
2.26666677	0.00239233
2.30000011	0.00236579
2.33333344	0.00232258
2.36666677	0.00241711
2.40000011	0.00235959
2.43333344	0.00229641
2.46666677	0.00226220
2.50000011	0.00213127
2.53333344	0.00203019
2.56666677	0.00201394
2.60000010	0.00188963
2.63333344	0.00188824
2.66666677	0.00185759
2.70000010	0.00167567
2.73333344	0.00153455
2.76666677	0.00137888
2.80000010	0.00134914
2.83333344	0.00133085
2.86666677	0.00123380
2.90000010	0.00117137
2.93333344	0.00103210
2.96666677	0.00106517
3.00000010	0.00106162
3.03333343	0.00104205
3.06666677	0.00102377
3.10000010	0.00096847
3.13333343	0.00083587
3.16666677	0.00085248
3.20000010	0.00078690
3.23333343	0.00080095
3.26666677	0.00083299
3.30000010	0.00078999
3.33333343	0.00084949
3.36666677	0.00090736
3.40000010	0.00086775
3.43333343	0.00082010
3.46666676	0.00084755
3.50000010	0.00091896
3.53333343	0.00083105
3.56666676	0.00089456
3.60000010	0.00070735
3.63333343	0.00090552
3.66666676	0.00085341
3.70000010	0.00090815
3.73333343	0.00094767
3.76666676	0.00086506
3.80000009	0.00092733
3.83333343	0.00100280
3.86666676	0.00102864
3.90000009	0.00094804
3.93333343	0.00118339
3.96666676	0.00115166
4.00000009	0.00111340
4.03333343	0.00096976
4.06666676	0.00105478
4.10000009	0.00108101
4.13333343	0.00107101
4.16666676	0.00109057
4.20000009	0.00116455
4.23333342	0.00104906
4.26666676	0.00121218
4.30000009	0.00112654
4.33333342	0.00115877
4.36666676	0.00118605
4.40000009	0.00116634
4.43333342	0.00127679
4.46666676	0.00130724
4.50000009	0.00131430
4.53333342	0.00129655
4.56666675	0.00136041
4.60000009	0.00130043
4.63333342	0.00138585
4.66666675	0.00141940
4.70000009	0.00146441
4.73333342	0.00158181
4.76666675	0.00164512
4.80000009	0.00164331
4.83333342	0.00182151
4.86666675	0.00184028
4.90000009	0.00190494
4.93333342	0.00196003
4.96666675	0.00204858
5.00000008	0.00222289
5.03333342	0.00226849
5.06666675	0.00241217
5.10000008	0.00247142
5.13333342	0.00267868
5.16666675	0.00276587
5.20000008	0.00295928
5.23333342	0.00301616
5.26666675	0.00310777
5.30000008	0.00312949
5.33333342	0.00329665
5.36666675	0.00334638
5.40000008	0.00344223
5.43333341	0.00344756
5.46666675	0.00343067
5.50000008	0.00333578
5.53333341	0.00341363
5.56666675	0.00343466
5.60000008	0.00329390
5.63333341	0.00329326
5.66666675	0.00325534
5.70000008	0.00314949
5.73333341	0.00312447
5.76666674	0.00286169
5.80000008	0.00272848
5.83333341	0.00269072
5.86666674	0.00258644
5.90000008	0.00237943
5.93333341	0.00229139
5.96666674	0.00216173
6.00000008	0.00195482
6.03333341	0.00192496
6.06666674	0.00176119
6.10000008	0.00168047
6.13333341	0.00150095
6.16666674	0.00135977
6.20000007	0.00127934
6.23333341	0.00109895
6.26666674	0.00099337
6.30000007	0.00090532
6.33333341	0.00087538
6.36666674	0.00063579
6.40000007	0.00064944
6.43333341	0.00054364
6.46666674	0.00051307
6.50000007	0.00044256
6.53333341	0.00031669
6.56666674	0.00021667
6.60000007	0.00025605
6.63333340	0.00026876
6.66666674	0.00010978
6.70000007	0.00010315
6.73333340	0.00012071
6.76666674	0.00011179
6.80000007	0.00018182
6.83333340	0.00012381
6.86666674	0.00024511
6.90000007	0.00029756
6.93333340	0.00036827
6.96666673	0.00038385
7.00000007	0.00045379
7.03333340	0.00047488
7.06666673	0.00056799
7.10000007	0.00053820
7.13333340	0.00060294
7.16666673	0.00052299
7.20000007	0.00058521
7.23333340	0.00051671
7.26666673	0.00049862
7.30000007	0.00047332
7.33333340	0.00042379
7.36666673	0.00030265
7.40000006	0.00018552
7.43333340	0.00004089
7.46666673	-0.00004295
7.50000006	-0.00015356
7.53333340	-0.00014904
7.56666673	-0.00040112
7.60000006	-0.00044177
7.63333340	-0.00061464
7.66666673	-0.00072328
7.70000006	-0.00075638
7.73333339	-0.00097365
7.76666673	-0.00104781
7.80000006	-0.00114578
7.83333339	-0.00135394
7.86666673	-0.00147861
7.90000006	-0.00159125
7.93333339	-0.00168928
7.96666673	-0.00171790
8.00000006	-0.00196545
8.03333339	-0.00198156
8.06666673	-0.00213404
8.10000006	-0.00222242
8.13333339	-0.00229886
8.16666672	-0.00235415
8.20000006	-0.00245398
8.23333339	-0.00254949
8.26666672	-0.00253513
8.30000006	-0.00262509
8.33333339	-0.00261896
8.36666672	-0.00259801
8.40000006	-0.00259997
8.43333339	-0.00270226
8.46666672	-0.00261432
8.50000006	-0.00274425
8.53333339	-0.00276219
8.56666672	-0.00277510
8.60000005	-0.00277257
8.63333339	-0.00281916
8.66666672	-0.00279979
8.70000005	-0.00287283
8.73333339	-0.00282041
8.76666672	-0.00291114
8.80000005	-0.00289404
8.83333339	-0.00292431
8.86666672	-0.00286023
8.90000005	-0.00283866
8.93333338	-0.00287317
8.96666672	-0.00289354
9.00000005	-0.00291909
9.03333338	-0.00294240
9.06666672	-0.00294351
9.10000005	-0.00294105
9.13333338	-0.00287041
9.16666672	-0.00298901
9.20000005	-0.00295348
9.23333338	-0.00287873
9.26666672	-0.00288160
9.30000005	-0.00287810
9.33333338	-0.00294605
9.36666671	-0.00287428
9.40000005	-0.00293776
9.43333338	-0.00302568
9.46666671	-0.00299877
9.50000005	-0.00295222
9.53333338	-0.00294345
9.56666671	-0.00295948
9.60000005	-0.00294606
9.63333338	-0.00289542
9.66666671	-0.00291875
9.70000005	-0.00292466
9.73333338	-0.00294018
9.76666671	-0.00283476
9.80000004	-0.00290888
9.83333338	-0.00285314
9.86666671	-0.00278329
9.90000004	-0.00281144
9.93333338	-0.00279209
9.96666671	-0.00268841
10.00000004	-0.00264309
10.03333338	-0.00267733
10.06666671	-0.00264469
10.10000004	-0.00260641
10.13333337	-0.00256950
10.16666671	-0.00245564
10.20000004	-0.00236212
10.23333337	-0.00237602
10.26666671	-0.00225026
10.30000004	-0.00210315
10.33333337	-0.00205441
10.36666671	-0.00198317
10.40000004	-0.00182474
10.43333337	-0.00169419
10.46666671	-0.00165578
10.50000004	-0.00154692
10.53333337	-0.00143150
10.56666670	-0.00133638
10.60000004	-0.00120936
10.63333337	-0.00110903
10.66666670	-0.00104407
10.70000004	-0.00097342
10.73333337	-0.00084251
10.76666670	-0.00076567
10.80000004	-0.00072735
10.83333337	-0.00068067
10.86666670	-0.00059813
10.90000003	-0.00053533
10.93333337	-0.00046516
10.96666670	-0.00045659
11.00000003	-0.00032270
11.03333337	-0.00034852
11.06666670	-0.00025957
11.10000003	-0.00025431
11.13333337	-0.00024276
11.16666670	-0.00026030
11.20000003	-0.00026067
11.23333337	-0.00026702
11.26666670	-0.00025024
11.30000003	-0.00025130
11.33333336	-0.00026826
11.36666670	-0.00028168
11.40000003	-0.00031669
11.43333336	-0.00032938
11.46666670	-0.00036648
11.50000003	-0.00039713
11.53333336	-0.00039325
11.56666670	-0.00042754
11.60000003	-0.00043856
11.63333336	-0.00048177
11.66666670	-0.00051081
11.70000003	-0.00058257
11.73333336	-0.00055686
11.76666669	-0.00058921
11.80000003	-0.00062453
11.83333336	-0.00062147
11.86666669	-0.00064471
11.90000003	-0.00064665
11.93333336	-0.00064204
11.96666669	-0.00066954
12.00000003	-0.00068328
12.03333336	-0.00068228
12.06666669	-0.00065725
12.10000002	-0.00066213
12.13333336	-0.00065759
12.16666669	-0.00066443
12.20000002	-0.00064418
12.23333336	-0.00063924
12.26666669	-0.00065064
12.30000002	-0.00062752
12.33333336	-0.00059533
12.36666669	-0.00061689
12.40000002	-0.00060752
12.43333336	-0.00059019
12.46666669	-0.00058481
12.50000002	-0.00054575
12.53333335	-0.00055532
12.56666669	-0.00055585
12.60000002	-0.00052325
12.63333335	-0.00051162
12.66666669	-0.00052365
12.70000002	-0.00051414
12.73333335	-0.00050033
12.76666669	-0.00047932
12.80000002	-0.00048376
12.83333335	-0.00047980
12.86666669	-0.00047491
12.90000002	-0.00045985
12.93333335	-0.00044966
12.96666668	-0.00045527
13.00000002	-0.00044375
13.03333335	-0.00043170
13.06666668	-0.00042248
13.10000002	-0.00041505
13.13333335	-0.00039708
13.16666668	-0.00040021
13.20000002	-0.00038462
13.23333335	-0.00037553
13.26666668	-0.00036188
13.30000001	-0.00035467
13.33333335	-0.00034415
13.36666668	-0.00033422
13.40000001	-0.00032081
13.43333335	-0.00031218
13.46666668	-0.00029523
13.50000001	-0.00028908
13.53333335	-0.00027806
13.56666668	-0.00026189
13.60000001	-0.00024839
13.63333335	-0.00024189
13.66666668	-0.00022290
13.70000001	-0.00021408
13.73333334	-0.00020157
13.76666668	-0.00019046
13.80000001	-0.00017496
13.83333334	-0.00016344
13.86666668	-0.00014981
13.90000001	-0.00014200
13.93333334	-0.00012993
13.96666668	-0.00011968
14.00000001	-0.00010917
14.03333334	-0.00009962
14.06666668	-0.00009283
14.10000001	-0.00008507
14.13333334	-0.00007800
14.16666667	-0.00007005
14.20000001	-0.00006235
14.23333334	-0.00005654
14.26666667	-0.00005043
14.30000001	-0.00004366
14.33333334	-0.00003897
14.36666667	-0.00003339
14.40000001	-0.00002847
14.43333334	-0.00002487
14.46666667	-0.00002075
14.50000000	-0.00001721
14.53333334	-0.00001501
14.56666667	-0.00001220
14.60000000	-0.00000964
14.63333334	-0.00000746
14.66666667	-0.00000560
14.70000000	-0.00000411
14.73333334	-0.00000287
14.76666667	-0.00000183
14.80000000	-0.00000103
14.83333334	-0.00000044
14.86666667	-0.00000011
14.90000000	0.00000000
