# Menlo Systems GmbH ScanControl
# Program Version 1.3.3
# Start: -65.00000000 ps, Average over 1000 waveforms. Timestamp: 2020-01-10T20:56:02
# Window type: Tukey, parameters: alpha = 0.2
# User time axis shift: 0 ps
# Frequency [THz]	THz Signal [a.u.]
0.00000000	-18.36811931
0.00732601	-25.20380507
0.01465201	-14.93941805
0.02197802	-11.76338245
0.02930403	-17.45489383
0.03663004	-20.04515842
0.04395604	-14.68299142
0.05128205	-15.81024336
0.05860806	-16.88710340
0.06593407	-15.08077052
0.07326007	-12.37955608
0.08058608	-8.91233959
0.08791209	-6.66655908
0.09523810	-5.64729081
0.10256410	-4.39707096
0.10989011	-3.79847971
0.11721612	-3.47483111
0.12454213	-2.88257576
0.13186813	-2.51217216
0.13919414	-1.98968198
0.14652015	-1.68355330
0.15384616	-1.23737380
0.16117216	-0.67610855
0.16849817	-0.71012214
0.17582418	-0.39634057
0.18315018	-0.34869237
0.19047619	-0.79573001
0.19780220	-0.28159376
0.20512821	-0.11983091
0.21245421	-0.54027229
0.21978022	-0.19726669
0.22710623	0.00000000
0.23443224	-0.26684889
0.24175824	-0.32483396
0.24908425	-0.25571944
0.25641026	-0.46755492
0.26373627	-0.76971056
0.27106227	-0.62237910
0.27838828	-0.74957837
0.28571429	-1.23992727
0.29304030	-1.32673978
0.30036630	-1.59674022
0.30769231	-1.97684541
0.31501832	-2.10150811
0.32234433	-2.47206744
0.32967033	-2.78250979
0.33699634	-2.99365797
0.34432235	-3.32215350
0.35164835	-3.57541899
0.35897436	-3.85428603
0.36630037	-3.90352608
0.37362638	-3.95678705
0.38095238	-4.24726438
0.38827839	-4.23074496
0.39560440	-4.42036785
0.40293041	-4.89835403
0.41025641	-5.05505073
0.41758242	-5.43416144
0.42490843	-5.91265798
0.43223444	-6.17309975
0.43956044	-6.62810392
0.44688645	-6.90568721
0.45421246	-7.10800839
0.46153847	-7.46686084
0.46886447	-7.61288690
0.47619048	-7.94624944
0.48351649	-8.26377803
0.49084250	-8.38948446
0.49816850	-8.95356596
0.50549451	-9.27483699
0.51282052	-9.27119574
0.52014652	-9.76054149
0.52747253	-10.22103927
0.53479854	-10.61161552
0.54212455	-11.21881864
0.54945055	-11.72392369
0.55677656	-12.32122198
0.56410257	-12.61420772
0.57142858	-12.50901760
0.57875458	-12.76174153
0.58608059	-13.04678835
0.59340660	-13.32776692
0.60073261	-13.93753520
0.60805861	-14.52546835
0.61538462	-15.22050237
0.62271063	-15.65535744
0.63003664	-15.59580528
0.63736264	-15.89221850
0.64468865	-16.23113339
0.65201466	-16.28115107
0.65934066	-16.72027897
0.66666667	-17.25582962
0.67399268	-17.69347569
0.68131869	-18.30322701
0.68864469	-18.67741716
0.69597070	-19.23977926
0.70329671	-20.38144751
0.71062272	-21.08576597
0.71794872	-21.48577694
0.72527473	-22.55642720
0.73260074	-23.78582894
0.73992675	-24.44747326
0.74725275	-25.08640473
0.75457876	-26.10051640
0.76190477	-26.86811766
0.76923078	-26.59379464
0.77655678	-26.19351421
0.78388279	-26.74095133
0.79120880	-27.79594176
0.79853481	-28.20683644
0.80586081	-28.44794879
0.81318682	-29.25099165
0.82051283	-30.05611748
0.82783883	-30.34184723
0.83516484	-30.49628807
0.84249085	-30.94867930
0.84981686	-31.79704556
0.85714286	-32.16510242
0.86446887	-32.13816602
0.87179488	-33.03621391
0.87912089	-33.90468451
0.88644689	-33.31787737
0.89377290	-32.83968864
0.90109891	-33.37841402
0.90842492	-34.65664934
0.91575092	-34.86784281
0.92307693	-34.37842616
0.93040294	-35.28874846
0.93772895	-36.35264632
0.94505495	-37.02640570
0.95238096	-38.70003441
0.95970697	-38.80187894
0.96703298	-38.92614654
0.97435898	-40.94124708
0.98168499	-40.94822884
0.98901100	-40.27395548
0.99633700	-41.19474347
1.00366301	-41.38001076
1.01098902	-41.50610631
1.01831503	-42.57679176
1.02564103	-42.93327381
1.03296704	-43.34872684
1.04029305	-43.75015478
1.04761906	-44.06120069
1.05494506	-45.14570816
1.06227107	-45.51560355
1.06959708	-45.67071552
1.07692309	-47.36990932
1.08424909	-49.70555301
1.09157510	-50.37412073
1.09890111	-51.03955856
1.10622712	-52.59961145
1.11355312	-52.55713847
1.12087913	-49.18403858
1.12820514	-49.98534634
1.13553115	-52.68143414
1.14285715	-52.50243425
1.15018316	-55.64929748
1.15750917	-57.10426252
1.16483517	-55.88600013
1.17216118	-55.49866128
1.17948719	-54.76872224
1.18681320	-56.29284778
1.19413920	-58.52945689
1.20146521	-58.17843411
1.20879122	-61.69015135
1.21611723	-62.84782788
1.22344323	-59.71264635
1.23076924	-58.97242236
1.23809525	-57.17236347
1.24542126	-55.99792195
1.25274726	-58.50271081
1.26007327	-61.64105059
1.26739928	-58.15596177
1.27472529	-57.90939121
1.28205129	-60.23555656
1.28937730	-58.61380186
1.29670331	-58.58954866
1.30402932	-58.44355237
1.31135532	-60.15686387
1.31868133	-66.78174584
1.32600734	-65.38834116
1.33333334	-66.91688452
1.34065935	-76.04744527
1.34798536	-78.71000866
1.35531137	-70.60696540
1.36263737	-70.21874236
1.36996338	-82.85411672
1.37728939	-68.34925613
1.38461540	-62.74053143
1.39194140	-62.96804490
1.39926741	-64.39460696
1.40659342	-63.19656923
1.41391943	-66.49148768
1.42124543	-69.45590596
1.42857144	-74.12415169
1.43589745	-76.34273326
1.44322346	-67.75608177
1.45054946	-72.05116040
1.45787547	-71.07941538
1.46520148	-67.93273142
1.47252749	-71.52766229
1.47985349	-68.19215824
1.48717950	-68.82517022
1.49450551	-94.96356699
1.50183151	-67.36909960
1.50915752	-65.78960310
1.51648353	-73.48065497
1.52380954	-68.60311291
1.53113554	-63.04138631
1.53846155	-69.42512874
1.54578756	-68.91510711
1.55311357	-68.17942895
1.56043957	-71.44281223
1.56776558	-66.60457860
1.57509159	-73.05402498
1.58241760	-67.77732072
1.58974360	-64.67244829
1.59706961	-68.02934713
1.60439562	-71.81434365
1.61172163	-75.20373419
1.61904763	-69.05450328
1.62637364	-64.33716750
1.63369965	-68.57285854
1.64102565	-68.05026153
1.64835166	-68.59333721
1.65567767	-68.52476696
1.66300368	-67.43836175
1.67032968	-70.11717611
1.67765569	-65.07060850
1.68498170	-68.44704311
1.69230771	-84.57628317
1.69963371	-76.62610089
1.70695972	-90.28935275
1.71428573	-77.76831157
1.72161174	-63.96314616
1.72893774	-62.81992916
1.73626375	-78.32027258
1.74358976	-68.31611233
1.75091577	-72.70102015
1.75824177	-66.86288549
1.76556778	-68.68158243
1.77289379	-64.03436886
1.78021980	-63.78920485
1.78754580	-72.53014201
1.79487181	-74.86147398
1.80219782	-71.89489301
1.80952382	-65.11219074
1.81684983	-69.19827405
1.82417584	-71.64367009
1.83150185	-66.41893590
1.83882785	-69.96166846
1.84615386	-84.96779160
1.85347987	-76.50176145
1.86080588	-85.38316907
1.86813188	-76.13256259
1.87545789	-82.37701623
1.88278390	-74.09272295
1.89010991	-82.37276450
1.89743591	-83.72874352
1.90476192	-74.52109538
1.91208793	-79.23502867
1.91941394	-70.13591092
1.92673994	-65.68804908
1.93406595	-71.34591396
1.94139196	-70.00931217
1.94871797	-73.58855109
1.95604397	-73.43214667
1.96336998	-74.37916850
1.97069599	-81.26176119
1.97802199	-77.11299535
1.98534800	-66.88770101
1.99267401	-62.33867257
2.00000002	-63.82716336
2.00732602	-70.28132866
2.01465203	-67.13598087
2.02197804	-70.75556670
2.02930405	-64.98529233
2.03663005	-66.02150101
2.04395606	-76.25309752
2.05128207	-80.87283398
2.05860808	-76.41999241
2.06593408	-75.88626570
2.07326009	-69.45364678
2.08058610	-71.13436296
2.08791211	-72.11325339
2.09523811	-70.98580835
2.10256412	-70.58964676
2.10989013	-66.94791970
2.11721614	-80.87231877
2.12454214	-67.11101276
2.13186815	-66.30502799
2.13919416	-71.39425246
2.14652016	-69.49940926
2.15384617	-69.60330753
2.16117218	-70.04116431
2.16849819	-69.94871961
2.17582419	-70.93708574
2.18315020	-69.86844662
2.19047621	-73.60207455
2.19780222	-81.58355668
2.20512822	-76.75032227
2.21245423	-77.47704768
2.21978024	-69.10100922
2.22710625	-66.78257732
2.23443225	-71.55606494
2.24175826	-79.98916889
2.24908427	-74.89843139
2.25641028	-76.24514049
2.26373628	-70.18170639
2.27106229	-73.49179098
2.27838830	-74.77943291
2.28571431	-67.91689226
2.29304031	-73.18058110
2.30036632	-84.62077639
2.30769233	-76.81124413
2.31501833	-103.44927074
2.32234434	-70.08448819
2.32967035	-68.48562324
2.33699636	-74.02565310
2.34432236	-71.01404353
2.35164837	-63.57675228
2.35897438	-62.82271935
2.36630039	-68.59939257
2.37362639	-68.86125419
2.38095240	-72.48504039
2.38827841	-79.38654685
2.39560442	-81.25555427
2.40293042	-74.33877015
2.41025643	-72.18076869
2.41758244	-69.39741646
2.42490845	-67.90423928
2.43223445	-77.01853522
2.43956046	-72.63852784
2.44688647	-69.93391860
2.45421248	-73.64490856
2.46153848	-80.22992610
2.46886449	-76.02908973
2.47619050	-75.46470686
2.48351650	-78.61626823
2.49084251	-69.04645942
2.49816852	-69.03357874
2.50549453	-68.25693203
2.51282053	-66.95193827
2.52014654	-84.70701250
2.52747255	-70.84934357
2.53479856	-76.59565193
2.54212456	-72.30473716
2.54945057	-72.98764037
2.55677658	-96.61447827
2.56410259	-75.15020337
2.57142859	-71.73523828
2.57875460	-69.16397979
2.58608061	-70.74999571
2.59340662	-76.65014487
2.60073262	-66.75632947
2.60805863	-64.49106737
2.61538464	-69.57813954
2.62271065	-64.87096263
2.63003665	-65.95405863
2.63736266	-67.03919273
2.64468867	-67.03126846
2.65201467	-77.05452995
2.65934068	-70.43502256
2.66666669	-75.84005456
2.67399270	-87.72976292
2.68131870	-81.64584667
2.68864471	-76.38261909
2.69597072	-74.40244967
2.70329673	-72.04333225
2.71062273	-76.53325944
2.71794874	-80.16273168
2.72527475	-81.03376950
2.73260076	-72.41683555
2.73992676	-70.83810433
2.74725277	-75.45984692
2.75457878	-71.57226638
2.76190479	-82.64710744
2.76923079	-72.36036450
2.77655680	-70.78538289
2.78388281	-77.73440606
2.79120881	-78.52604491
2.79853482	-72.78055453
2.80586083	-68.76741865
2.81318684	-71.02686502
2.82051284	-74.27623017
2.82783885	-69.00429174
2.83516486	-71.00914711
2.84249087	-80.63303602
2.84981687	-79.92380995
2.85714288	-79.27477155
2.86446889	-70.83076687
2.87179490	-69.87910984
2.87912090	-74.92200873
2.88644691	-82.71616922
2.89377292	-71.16426910
2.90109893	-72.13228201
2.90842493	-77.73357537
2.91575094	-72.38224079
2.92307695	-75.35377197
2.93040296	-78.55149105
2.93772896	-83.13525798
2.94505497	-77.88467316
2.95238098	-79.74317189
2.95970698	-90.21584036
2.96703299	-83.49850909
2.97435900	-75.97231307
2.98168501	-75.19427736
2.98901101	-78.03059815
2.99633702	-73.21192220
3.00366303	-69.68715075
3.01098904	-70.55095461
3.01831504	-82.60850197
3.02564105	-77.01816873
3.03296706	-74.90713802
3.04029307	-77.27341575
3.04761907	-77.17408959
3.05494508	-76.78845803
3.06227109	-73.96733920
3.06959710	-75.62581602
3.07692310	-85.77558652
3.08424911	-82.26288937
3.09157512	-86.20259560
3.09890113	-78.13058239
3.10622713	-70.55221848
3.11355314	-70.11124597
3.12087915	-73.66201289
3.12820515	-75.35581737
3.13553116	-74.63993635
3.14285717	-71.76138168
3.15018318	-67.17434535
3.15750918	-68.48267844
3.16483519	-74.49133125
3.17216120	-74.06281273
3.17948721	-69.47475597
3.18681321	-68.94163053
3.19413922	-70.94770951
3.20146523	-73.74400119
3.20879124	-82.22827242
3.21611724	-76.49259903
3.22344325	-74.39691708
3.23076926	-74.02669474
3.23809527	-72.11629493
3.24542127	-70.02493328
3.25274728	-69.85091966
3.26007329	-76.97772535
3.26739930	-76.16988011
3.27472530	-75.17751743
3.28205131	-73.80549305
3.28937732	-70.74089609
3.29670332	-71.47706046
3.30402933	-73.43420406
3.31135534	-72.80761398
3.31868135	-74.93876245
3.32600735	-78.16225296
3.33333336	-72.27373333
3.34065937	-76.43966255
3.34798538	-79.49184307
3.35531138	-83.29982214
3.36263739	-74.92935199
3.36996340	-71.89795702
3.37728941	-67.10361580
3.38461541	-65.41035363
3.39194142	-68.88847887
3.39926743	-73.17664829
3.40659344	-72.87456670
3.41391944	-71.61024790
3.42124545	-76.65121668
3.42857146	-71.61291071
3.43589747	-75.39300765
3.44322347	-75.68757938
3.45054948	-73.91506990
3.45787549	-81.96552121
3.46520149	-71.82988176
3.47252750	-70.40718789
3.47985351	-71.27936928
3.48717952	-71.24234475
3.49450552	-73.87269925
3.50183153	-73.86059269
3.50915754	-70.06566449
3.51648355	-71.83110747
3.52380955	-81.98736586
3.53113556	-78.52408343
3.53846157	-70.14418650
3.54578758	-68.44349404
3.55311358	-76.08883453
3.56043959	-75.63628642
3.56776560	-70.80994308
3.57509161	-65.57182550
3.58241761	-65.25840980
3.58974362	-74.21397184
3.59706963	-74.85751178
3.60439564	-87.58745014
3.61172164	-77.36979682
3.61904765	-77.80817510
3.62637366	-73.89729274
3.63369966	-80.46140978
3.64102567	-90.10343102
3.64835168	-74.62813051
3.65567769	-71.81486153
3.66300369	-81.22321512
3.67032970	-69.32926356
3.67765571	-71.30611237
3.68498172	-69.59876842
3.69230772	-66.61365803
3.69963373	-66.94410575
3.70695974	-68.90942606
3.71428575	-69.11096444
3.72161175	-69.54115125
3.72893776	-74.29752948
3.73626377	-78.73084077
3.74358978	-76.72183841
3.75091578	-73.84110189
3.75824179	-69.33101922
3.76556780	-69.91653649
3.77289380	-79.19980749
3.78021981	-72.48287125
3.78754582	-71.02999278
3.79487183	-80.80481543
3.80219783	-68.30380856
3.80952384	-69.70489310
3.81684985	-81.34335611
3.82417586	-71.01138097
3.83150186	-69.99393258
3.83882787	-68.35800009
3.84615388	-75.90792570
3.85347989	-77.02565046
3.86080589	-86.99860062
3.86813190	-72.59423869
3.87545791	-69.60308704
3.88278392	-67.06693486
3.89010992	-69.36390557
3.89743593	-91.02766134
3.90476194	-74.77196895
3.91208795	-83.64957753
3.91941395	-90.31867269
3.92673996	-73.34578595
3.93406597	-68.70962183
3.94139197	-69.40613301
3.94871798	-76.35587247
3.95604399	-72.86044715
3.96337000	-71.89142307
3.97069600	-77.40613972
3.97802201	-71.11086813
3.98534802	-70.53046276
3.99267403	-72.25465459
4.00000003	-70.43820187
4.00732604	-70.46235011
4.01465205	-84.08826750
4.02197806	-71.54824086
4.02930406	-67.44283030
4.03663007	-68.35200186
4.04395608	-72.31233298
4.05128209	-71.75012878
4.05860809	-68.43476813
4.06593410	-68.80887190
4.07326011	-75.58735334
4.08058612	-78.75941682
4.08791212	-72.16363591
4.09523813	-84.12327057
4.10256414	-68.39251971
4.10989014	-65.54441783
4.11721615	-71.79258074
4.12454216	-77.08855702
4.13186817	-70.72780507
4.13919417	-76.56619152
4.14652018	-72.64290926
4.15384619	-69.42715110
4.16117220	-72.38937281
4.16849820	-76.05609872
4.17582421	-72.60380887
4.18315022	-76.12688556
4.19047623	-88.85866133
4.19780223	-76.21844131
4.20512824	-83.67428478
4.21245425	-71.69120843
4.21978026	-66.45135776
4.22710626	-67.80843834
4.23443227	-71.37451573
4.24175828	-77.84346748
4.24908429	-73.58113892
4.25641029	-71.08394882
4.26373630	-80.17607732
4.27106231	-78.09910457
4.27838831	-80.32250603
4.28571432	-81.98595157
4.29304033	-81.49200895
4.30036634	-75.50172002
4.30769234	-71.32843552
4.31501835	-64.82345006
4.32234436	-66.23674985
4.32967037	-79.85964965
4.33699637	-74.64357416
4.34432238	-75.06415323
4.35164839	-84.87446018
4.35897440	-75.02609577
4.36630040	-80.13964751
4.37362641	-72.47316415
4.38095242	-68.14511673
4.38827843	-75.49999336
4.39560443	-80.19573446
4.40293044	-83.95497764
4.41025645	-69.17273085
4.41758246	-68.50562433
4.42490846	-74.60455956
4.43223447	-77.95221057
4.43956048	-68.15583882
4.44688648	-68.11480717
4.45421249	-77.29760993
4.46153850	-75.15871166
4.46886451	-77.63168800
4.47619051	-95.09896858
4.48351652	-72.29404180
4.49084253	-69.89823970
4.49816854	-74.74941893
4.50549454	-79.80020909
4.51282055	-69.27820159
4.52014656	-72.88407221
4.52747257	-72.12390986
4.53479857	-69.00533762
4.54212458	-84.21024830
4.54945059	-69.98083073
4.55677660	-69.84639779
4.56410260	-69.82025159
4.57142861	-71.03137660
4.57875462	-74.01853006
4.58608063	-72.83199756
4.59340663	-75.55192936
4.60073264	-88.08268870
4.60805865	-72.65480037
4.61538465	-70.81070244
4.62271066	-75.39991753
4.63003667	-77.41525779
4.63736268	-73.76510111
4.64468868	-75.69357338
4.65201469	-72.55251748
4.65934070	-71.96344341
4.66666671	-71.32693274
4.67399271	-72.89664357
4.68131872	-87.06183816
4.68864473	-82.28543587
4.69597074	-75.46793257
4.70329674	-75.06666956
4.71062275	-80.94165211
4.71794876	-74.59931265
4.72527477	-74.55638545
4.73260077	-78.69187998
4.73992678	-96.01151188
4.74725279	-79.11299179
4.75457880	-74.93606156
4.76190480	-72.17154246
4.76923081	-73.06324417
4.77655682	-79.56171663
4.78388282	-79.73590773
4.79120883	-80.54493721
4.79853484	-72.03652956
4.80586085	-75.22610259
4.81318685	-80.68266090
4.82051286	-73.57373487
4.82783887	-70.71449076
4.83516488	-69.42754932
4.84249088	-74.60504390
4.84981689	-71.20793708
4.85714290	-74.95054314
4.86446891	-85.65390589
4.87179491	-77.14667844
4.87912092	-84.26755944
4.88644693	-78.14758064
4.89377294	-75.47104795
4.90109894	-81.99997134
4.90842495	-76.32581447
4.91575096	-74.46811931
4.92307696	-74.21252287
4.93040297	-71.44293286
4.93772898	-80.10157215
4.94505499	-73.74911508
4.95238099	-71.48598202
4.95970700	-72.13906153
4.96703301	-72.60126894
4.97435902	-84.76107994
4.98168502	-72.50594414
4.98901103	-74.47127041
4.99633704	-74.55994731
5.00366305	-83.05495324
5.01098905	-74.96012904
5.01831506	-69.56848009
5.02564107	-70.64817061
5.03296708	-72.05855084
5.04029308	-69.35666380
5.04761909	-73.36550606
5.05494510	-82.08795262
5.06227111	-70.46492904
5.06959711	-66.37199326
5.07692312	-67.58306387
5.08424913	-67.50058131
5.09157513	-69.55597974
5.09890114	-79.33476937
5.10622715	-80.85383695
5.11355316	-79.69239581
5.12087916	-71.44652877
5.12820517	-71.35677322
5.13553118	-76.04534263
5.14285719	-72.00923139
5.15018319	-68.65902977
5.15750920	-69.93588532
5.16483521	-66.66508305
5.17216122	-67.88475358
5.17948722	-76.60239934
5.18681323	-74.72129427
5.19413924	-74.41438701
5.20146525	-70.29772819
5.20879125	-80.85871531
5.21611726	-71.53444774
5.22344327	-77.85280068
5.23076928	-73.21015386
5.23809528	-78.05978028
5.24542129	-70.88953431
5.25274730	-70.45374451
5.26007330	-81.33171390
5.26739931	-71.24655619
5.27472532	-87.36783673
5.28205133	-73.84920807
5.28937733	-70.42622149
5.29670334	-65.40197571
5.30402935	-70.73628229
5.31135536	-69.60277727
5.31868136	-68.89230990
5.32600737	-83.35291406
5.33333338	-73.42377622
5.34065939	-76.83734166
5.34798539	-70.20970023
5.35531140	-81.22821588
5.36263741	-69.22471055
5.36996342	-76.42779429
5.37728942	-68.15498827
5.38461543	-73.58707175
5.39194144	-72.20551210
5.39926745	-73.30270256
5.40659345	-71.07732454
5.41391946	-75.24521412
5.42124547	-72.86351726
5.42857147	-67.83766164
5.43589748	-69.74663356
5.44322349	-73.01530801
5.45054950	-70.44993034
5.45787550	-69.89141161
5.46520151	-72.89335446
5.47252752	-74.21653740
5.47985353	-78.01574838
5.48717953	-92.34056127
5.49450554	-90.30485438
5.50183155	-77.48015765
5.50915756	-81.00238199
5.51648356	-74.84227841
5.52380957	-74.93111037
5.53113558	-97.15967628
5.53846159	-86.68649592
5.54578759	-80.50462755
5.55311360	-75.36719643
5.56043961	-72.68593619
5.56776562	-83.60740661
5.57509162	-71.42656288
5.58241763	-82.37367153
5.58974364	-70.25761612
5.59706964	-79.94088306
5.60439565	-68.77977248
5.61172166	-68.46258708
5.61904767	-84.17053779
5.62637367	-72.49688578
5.63369968	-70.30212921
5.64102569	-71.01362499
5.64835170	-83.46397353
5.65567770	-72.79374023
5.66300371	-70.87309609
5.67032972	-76.66960650
5.67765573	-71.95204146
5.68498173	-72.40206635
5.69230774	-73.01709280
5.69963375	-71.32122771
5.70695976	-67.88364590
5.71428576	-69.37214004
5.72161177	-75.15359230
5.72893778	-77.68132540
5.73626379	-74.63005011
5.74358979	-73.89004873
5.75091580	-73.57343361
5.75824181	-66.45517961
5.76556781	-68.09628910
5.77289382	-69.54320173
5.78021983	-72.84451965
5.78754584	-78.39599671
5.79487184	-84.26416721
5.80219785	-80.84789245
5.80952386	-77.98929877
5.81684987	-73.40454185
5.82417587	-72.44307173
5.83150188	-79.21209054
5.83882789	-83.08877771
5.84615390	-76.11831806
5.85347990	-70.70747564
5.86080591	-69.89912884
5.86813192	-76.79131498
5.87545793	-76.55227089
5.88278393	-69.02643015
5.89010994	-70.16077574
5.89743595	-80.17851682
5.90476195	-75.38605204
5.91208796	-72.79718543
5.91941397	-75.46177441
5.92673998	-80.53650420
5.93406598	-82.33793095
5.94139199	-80.21841918
5.94871800	-73.66650054
5.95604401	-76.88952141
5.96337001	-81.41273309
5.97069602	-79.49024817
5.97802203	-77.30885023
5.98534804	-86.98728741
5.99267404	-71.80864579
6.00000005	-67.99669773
6.00732606	-71.90048391
6.01465207	-74.55396341
6.02197807	-92.79031172
6.02930408	-71.09295083
6.03663009	-68.19926588
6.04395610	-75.53982415
6.05128210	-73.29861334
6.05860811	-73.52390594
6.06593412	-77.46292606
6.07326012	-72.69528459
6.08058613	-67.98504270
6.08791214	-65.85728183
6.09523815	-81.71588755
6.10256415	-71.73987043
6.10989016	-74.21384326
6.11721617	-64.50503910
6.12454218	-68.07373246
6.13186818	-75.48569186
6.13919419	-72.60985596
6.14652020	-79.25090920
6.15384621	-69.34506935
6.16117221	-68.84177428
6.16849822	-73.40172330
6.17582423	-83.21707411
6.18315024	-78.99494145
6.19047624	-72.64387840
6.19780225	-71.50469561
6.20512826	-78.36809651
6.21245427	-69.26603531
6.21978027	-84.10337318
6.22710628	-70.77036570
6.23443229	-72.09190735
6.24175829	-77.55893704
6.24908430	-78.21479163
6.25641031	-74.47876743
6.26373632	-82.98298825
6.27106232	-75.75748623
6.27838833	-85.41025803
6.28571434	-68.84087530
6.29304035	-66.98422974
6.30036635	-73.44090651
6.30769236	-86.47695885
6.31501837	-74.63224445
6.32234438	-68.39307615
6.32967038	-70.50339834
6.33699639	-79.48974268
6.34432240	-71.58970245
6.35164841	-75.53967343
6.35897441	-77.29181460
6.36630042	-75.44870699
6.37362643	-77.90094335
6.38095244	-76.82077515
6.38827844	-69.54013310
6.39560445	-71.04954328
6.40293046	-78.20140914
6.41025646	-70.98414421
6.41758247	-70.89486053
6.42490848	-73.57135549
6.43223449	-76.64699376
6.43956049	-83.58139981
6.44688650	-75.64618598
6.45421251	-80.58332910
6.46153852	-82.39919128
6.46886452	-82.38570324
6.47619053	-76.41285730
6.48351654	-71.88073178
6.49084255	-78.96186127
6.49816855	-74.81976057
6.50549456	-72.78383462
6.51282057	-78.53740459
6.52014658	-69.59298249
6.52747258	-75.06477188
6.53479859	-75.79262457
6.54212460	-79.44561209
6.54945061	-77.27985629
6.55677661	-76.94705112
6.56410262	-81.10770188
6.57142863	-74.67424578
6.57875463	-78.33129241
6.58608064	-80.39067708
6.59340665	-82.97304617
6.60073266	-76.39620912
6.60805866	-74.50124220
6.61538467	-74.74021352
6.62271068	-75.57216931
6.63003669	-79.60972117
6.63736269	-83.76694308
6.64468870	-92.06002276
6.65201471	-86.19430055
6.65934072	-81.08252165
6.66666672	-75.15832835
6.67399273	-70.86633015
6.68131874	-68.48844710
6.68864475	-71.29769043
6.69597075	-85.06188099
6.70329676	-70.08700823
6.71062277	-72.68766002
6.71794878	-84.08532909
6.72527478	-72.27834781
6.73260079	-74.59449176
6.73992680	-94.11709833
6.74725280	-78.80235356
6.75457881	-76.85440704
6.76190482	-73.37924384
6.76923083	-71.19935258
6.77655683	-79.48890233
6.78388284	-73.93038871
6.79120885	-72.11301860
6.79853486	-79.57539213
6.80586086	-79.36507911
6.81318687	-87.26605131
6.82051288	-78.21003292
6.82783889	-69.26650326
6.83516489	-66.94100608
6.84249090	-70.52508425
6.84981691	-73.07743690
6.85714292	-79.03256433
6.86446892	-81.69535216
6.87179493	-78.35509498
6.87912094	-71.97895779
6.88644695	-80.91534943
6.89377295	-68.49846270
6.90109896	-67.63079308
6.90842497	-70.20479263
6.91575097	-67.29728986
6.92307698	-71.79112597
6.93040299	-73.33172781
6.93772900	-66.56085377
6.94505500	-70.53007469
6.95238101	-76.57158770
6.95970702	-78.84296161
6.96703303	-92.37064591
6.97435903	-84.50324543
6.98168504	-86.89583715
6.98901105	-88.77722990
6.99633706	-78.16458330
7.00366306	-74.72228784
7.01098907	-72.24702940
7.01831508	-71.64439668
7.02564109	-75.23874494
7.03296709	-74.52249762
7.04029310	-76.52969169
7.04761911	-84.13257358
7.05494511	-70.70294843
7.06227112	-69.29646441
7.06959713	-73.20060107
7.07692314	-71.50249997
7.08424914	-74.61144272
7.09157515	-79.20553217
7.09890116	-77.50060617
7.10622717	-71.98496470
7.11355317	-70.01703176
7.12087918	-85.40158059
7.12820519	-69.81187680
7.13553120	-77.25104767
7.14285720	-69.62933434
7.15018321	-70.75566536
7.15750922	-75.85820013
7.16483523	-68.84530223
7.17216123	-71.10917097
7.17948724	-69.33858715
7.18681325	-79.70887366
7.19413926	-70.34180922
7.20146526	-71.08013667
7.20879127	-75.37478538
7.21611728	-75.63289511
7.22344328	-77.51121827
7.23076929	-74.11392529
7.23809530	-73.67683992
7.24542131	-79.71917556
7.25274731	-76.68777309
7.26007332	-81.07998070
7.26739933	-79.13341765
7.27472534	-89.44679634
7.28205134	-73.09922505
7.28937735	-73.38553103
7.29670336	-85.36559724
7.30402937	-70.59655195
7.31135537	-70.69030162
7.31868138	-87.32584115
7.32600739	-73.93236736
7.33333340	-72.82272947
7.34065940	-83.36415791
7.34798541	-74.70290920
7.35531142	-68.35756892
7.36263743	-70.61078690
7.36996343	-89.20600775
7.37728944	-75.92033537
7.38461545	-77.15172029
7.39194145	-72.03104445
7.39926746	-80.52397420
7.40659347	-74.36337330
7.41391948	-82.40746394
7.42124548	-73.20084788
7.42857149	-69.81407918
7.43589750	-72.14215132
7.44322351	-80.38504359
7.45054951	-72.92375456
7.45787552	-67.18224166
7.46520153	-67.80228745
7.47252754	-72.78472463
7.47985354	-79.39700918
7.48717955	-73.58725068
7.49450556	-69.69552036
7.50183157	-74.21339349
7.50915757	-78.01420057
7.51648358	-74.13259050
7.52380959	-71.66039728
7.53113560	-70.60171590
7.53846160	-74.46666223
7.54578761	-76.67114853
7.55311362	-72.52186506
7.56043962	-71.62297346
7.56776563	-73.25116725
7.57509164	-77.76506146
7.58241765	-74.96629136
7.58974365	-68.09174504
7.59706966	-70.99912645
7.60439567	-94.79322862
7.61172168	-79.02874195
7.61904768	-82.13720853
7.62637369	-82.17403209
7.63369970	-72.81046390
7.64102571	-70.06992648
7.64835171	-71.82497329
7.65567772	-72.72218658
7.66300373	-67.41348808
7.67032974	-67.24683019
7.67765574	-73.74566822
7.68498175	-80.49015992
7.69230776	-81.47587916
7.69963377	-93.66285909
7.70695977	-80.38476411
7.71428578	-72.05511543
7.72161179	-70.72437063
7.72893779	-73.67456356
7.73626380	-76.33668602
7.74358981	-92.57883531
7.75091582	-76.39324664
7.75824182	-72.30391508
7.76556783	-71.03699133
7.77289384	-69.75226206
7.78021985	-71.08973105
7.78754585	-81.39384475
7.79487186	-71.26909523
7.80219787	-78.72407716
7.80952388	-76.48526844
7.81684988	-81.57598884
7.82417589	-71.94672992
7.83150190	-72.28078285
7.83882791	-67.00129200
7.84615391	-68.61618415
7.85347992	-83.17761976
7.86080593	-81.83331810
7.86813194	-73.33647238
7.87545794	-69.49073881
7.88278395	-73.29856672
7.89010996	-71.63076495
7.89743596	-70.87396581
7.90476197	-78.25811873
7.91208798	-66.51443314
7.91941399	-66.69681418
7.92673999	-71.78300290
7.93406600	-73.60736639
7.94139201	-74.42139378
7.94871802	-75.78209884
7.95604402	-80.38554123
7.96337003	-72.01106991
7.97069604	-67.73464667
7.97802205	-78.21045947
7.98534805	-68.70256057
7.99267406	-65.53232194
8.00000007	-70.34137948
8.00732608	-79.61704442
8.01465208	-72.20361204
8.02197809	-75.76493778
8.02930410	-74.96296273
8.03663010	-80.50151717
8.04395611	-74.77023961
8.05128212	-69.35753971
8.05860813	-74.66789124
8.06593413	-83.12301501
8.07326014	-82.64300278
8.08058615	-74.78583732
8.08791216	-74.36385296
8.09523816	-75.98833804
8.10256417	-72.23501052
8.10989018	-67.58571908
8.11721619	-69.97521642
8.12454219	-78.75450361
8.13186820	-69.89738161
8.13919421	-73.22464763
8.14652022	-80.45755464
8.15384622	-68.16011070
8.16117223	-66.62828407
8.16849824	-73.46267699
8.17582425	-75.70073075
8.18315025	-73.10632185
8.19047626	-86.25407605
8.19780227	-71.07229317
8.20512827	-71.82960631
8.21245428	-82.35233048
8.21978029	-77.79608935
8.22710630	-77.25020614
8.23443230	-76.42565781
8.24175831	-70.95713137
8.24908432	-78.54445562
8.25641033	-76.36302750
8.26373633	-71.07442666
8.27106234	-68.14960840
8.27838835	-70.80074299
8.28571436	-81.37396121
8.29304036	-70.68210115
8.30036637	-71.33050337
8.30769238	-88.67745042
8.31501839	-75.16942122
8.32234439	-74.54285034
8.32967040	-74.06206617
8.33699641	-86.44435199
8.34432242	-81.03910282
8.35164842	-78.67287532
8.35897443	-68.56739588
8.36630044	-69.73653980
8.37362644	-78.22640188
8.38095245	-78.39480795
8.38827846	-74.49034922
8.39560447	-77.03655344
8.40293047	-74.58836231
8.41025648	-76.43331252
8.41758249	-76.85913693
8.42490850	-74.28404792
8.43223450	-88.04136257
8.43956051	-68.68224745
8.44688652	-66.55014712
8.45421253	-72.73109810
8.46153853	-77.15618875
8.46886454	-70.98098736
8.47619055	-66.65537343
8.48351656	-74.16777270
8.49084256	-79.45613386
8.49816857	-82.07608524
8.50549458	-72.81118490
8.51282059	-75.10196103
8.52014659	-80.49715020
8.52747260	-75.75471052
8.53479861	-75.43231935
8.54212461	-72.13188299
8.54945062	-69.75274739
8.55677663	-71.15069120
8.56410264	-71.27125622
8.57142864	-74.70521654
8.57875465	-76.01550693
8.58608066	-72.44891334
8.59340667	-69.74601712
8.60073267	-71.65806179
8.60805868	-75.84091496
8.61538469	-72.50783105
8.62271070	-69.63876696
8.63003670	-70.06165717
8.63736271	-71.15883372
8.64468872	-75.36235321
8.65201473	-75.13261866
8.65934073	-66.85093898
8.66666674	-65.62441479
8.67399275	-71.80778131
8.68131876	-77.78868614
8.68864476	-77.31013302
8.69597077	-68.32250809
8.70329678	-67.25570329
8.71062278	-67.63897986
8.71794879	-76.47082100
8.72527480	-77.15187165
8.73260081	-80.30901854
8.73992681	-81.44063573
8.74725282	-80.30817225
8.75457883	-70.23839984
8.76190484	-73.21426555
8.76923084	-76.09789573
8.77655685	-70.95590964
8.78388286	-69.12552053
8.79120887	-71.55815782
8.79853487	-87.06625426
8.80586088	-77.10805630
8.81318689	-80.45413077
8.82051290	-81.60423277
8.82783890	-73.46985499
8.83516491	-72.03141731
8.84249092	-82.04155616
8.84981693	-76.52083030
8.85714293	-72.93652438
8.86446894	-76.91559757
8.87179495	-81.91588610
8.87912095	-88.75597873
8.88644696	-86.53307940
8.89377297	-82.88772557
8.90109898	-81.67560578
8.90842498	-74.93784487
8.91575099	-72.69166094
8.92307700	-76.97138737
8.93040301	-79.30172164
8.93772901	-69.63994897
8.94505502	-68.83333506
8.95238103	-75.19536641
8.95970704	-66.55311419
8.96703304	-65.92293186
8.97435905	-76.13974930
8.98168506	-75.95548146
8.98901107	-73.64020801
8.99633707	-74.30087911
9.00366308	-77.92816080
9.01098909	-71.46872961
9.01831510	-73.91151332
9.02564110	-78.89917253
9.03296711	-73.64229814
9.04029312	-86.43520516
9.04761912	-75.82549714
9.05494513	-76.03969703
9.06227114	-74.65483572
9.06959715	-76.60447092
9.07692315	-75.10686634
9.08424916	-71.96456697
9.09157517	-68.72785383
9.09890118	-73.05621727
9.10622718	-77.11740775
9.11355319	-76.50725411
9.12087920	-79.83827694
9.12820521	-81.12031593
9.13553121	-95.67588230
9.14285722	-77.07034959
9.15018323	-69.41074694
9.15750924	-71.19346913
9.16483524	-79.53729317
9.17216125	-75.69154405
9.17948726	-72.53370334
9.18681326	-77.15175665
9.19413927	-78.74395921
9.20146528	-69.33875686
9.20879129	-69.34337188
9.21611729	-74.71436604
9.22344330	-72.04121466
9.23076931	-68.17806482
9.23809532	-72.07602813
9.24542132	-71.97083020
9.25274733	-67.28770704
9.26007334	-72.11800665
9.26739935	-70.19697351
9.27472535	-73.13145843
9.28205136	-73.73729755
9.28937737	-73.95085986
9.29670338	-74.49035173
9.30402938	-79.40889939
9.31135539	-77.97749194
9.31868140	-73.63347285
9.32600741	-78.66701912
9.33333341	-77.51335416
9.34065942	-71.57539444
9.34798543	-76.34893311
9.35531143	-82.15214732
9.36263744	-75.46269391
9.36996345	-73.27938311
9.37728946	-73.83147066
9.38461546	-71.66420266
9.39194147	-72.98373147
9.39926748	-88.59982204
9.40659349	-83.95507886
9.41391949	-79.32769413
9.42124550	-74.49340971
9.42857151	-75.28865518
9.43589752	-77.94546071
9.44322352	-73.26784427
9.45054953	-69.05545062
9.45787554	-81.26373183
9.46520155	-69.97733511
9.47252755	-67.70633802
9.47985356	-71.72828587
9.48717957	-84.22964088
9.49450558	-75.77830415
9.50183158	-76.94842101
9.50915759	-72.10845096
9.51648360	-69.66962480
9.52380960	-74.09134761
9.53113561	-75.98902432
9.53846162	-71.73451844
9.54578763	-76.44926172
9.55311363	-90.88959717
9.56043964	-75.17821718
9.56776565	-77.27578116
9.57509166	-72.16484117
9.58241766	-67.47873131
9.58974367	-73.33011844
9.59706968	-75.24486787
9.60439569	-71.24335118
9.61172169	-72.35218362
9.61904770	-69.76245880
9.62637371	-69.74115088
9.63369972	-69.33425177
9.64102572	-70.90619503
9.64835173	-74.13441478
9.65567774	-76.65181868
9.66300375	-91.65896490
9.67032975	-83.84923222
9.67765576	-79.88307829
9.68498177	-77.42726796
9.69230777	-79.12539728
9.69963378	-71.56318571
9.70695979	-73.27991594
9.71428580	-74.56433344
9.72161180	-76.59095352
9.72893781	-74.65376338
9.73626382	-75.58152858
9.74358983	-70.72372103
9.75091583	-69.36157043
9.75824184	-70.33567858
9.76556785	-69.28814247
9.77289386	-69.25901622
9.78021986	-74.02491202
9.78754587	-75.91497298
9.79487188	-70.05571903
9.80219789	-76.78491545
9.80952389	-75.38853463
9.81684990	-83.10305577
9.82417591	-71.23749515
9.83150192	-69.48399741
9.83882792	-74.17445116
9.84615393	-75.28148484
9.85347994	-76.38402145
9.86080594	-73.35033087
9.86813195	-73.15667450
9.87545796	-76.03613613
9.88278397	-80.18421697
9.89010997	-92.18893598
9.89743598	-77.82326837
9.90476199	-75.05818918
9.91208800	-75.29320205
9.91941400	-72.46189612
9.92674001	-75.03278214
9.93406602	-68.61895442
9.94139203	-67.47533085
9.94871803	-69.75320307
9.95604404	-74.98423384
9.96337005	-90.87616341
9.97069606	-73.43054449
9.97802206	-70.09257868
9.98534807	-73.26835648
9.99267408	-69.61415803
10.00000009	-69.06102976
10.00732609	-84.34931204
10.01465210	-72.35039044
10.02197811	-75.01939225
10.02930411	-81.83913140
10.03663012	-74.64261720
10.04395613	-71.55302333
10.05128214	-81.64690741
10.05860814	-75.97378483
10.06593415	-76.55436150
10.07326016	-77.52789603
10.08058617	-77.91630970
10.08791217	-79.61580988
10.09523818	-85.12902449
10.10256419	-74.78473517
10.10989020	-75.45544724
10.11721620	-81.67154066
10.12454221	-84.61343559
10.13186822	-70.52771433
10.13919423	-69.66215385
10.14652023	-79.49588937
10.15384624	-72.12779498
10.16117225	-72.02226023
10.16849825	-78.45335988
10.17582426	-68.83501928
10.18315027	-72.89079502
10.19047628	-74.00082068
10.19780228	-78.30956766
10.20512829	-74.99045912
10.21245430	-70.24891254
10.21978031	-72.47659897
10.22710631	-76.74036100
10.23443232	-73.01815252
10.24175833	-74.12738921
10.24908434	-83.45995736
10.25641034	-81.02840748
10.26373635	-73.03467215
10.27106236	-77.88709696
10.27838837	-68.82630836
10.28571437	-66.11821313
10.29304038	-70.06048172
10.30036639	-79.29896630
10.30769240	-98.87347688
10.31501840	-78.99782604
10.32234441	-74.23995005
10.32967042	-77.59835344
10.33699642	-72.12036474
10.34432243	-72.67513100
10.35164844	-74.03053102
10.35897445	-74.59675146
10.36630045	-87.62699159
10.37362646	-72.30370031
10.38095247	-73.48508364
10.38827848	-73.62847466
10.39560448	-66.84322631
10.40293049	-68.62371140
10.41025650	-73.46074831
10.41758251	-81.89924512
10.42490851	-71.18988710
10.43223452	-69.92360374
10.43956053	-78.47543286
10.44688654	-86.33714396
10.45421254	-88.32877409
10.46153855	-80.83950336
10.46886456	-79.67412744
10.47619057	-70.58712808
10.48351657	-71.35958245
10.49084258	-98.21691980
10.49816859	-74.55828234
10.50549459	-72.09795487
10.51282060	-74.70717313
10.52014661	-79.67006758
10.52747262	-71.73715236
10.53479862	-72.47089903
10.54212463	-74.03596258
10.54945064	-100.87416557
10.55677665	-74.28851094
10.56410265	-73.38561379
10.57142866	-73.50396232
10.57875467	-80.80934344
10.58608068	-72.53477978
10.59340668	-72.92253708
10.60073269	-82.12274498
10.60805870	-80.66126514
10.61538471	-73.15397914
10.62271071	-70.01552521
10.63003672	-75.29162795
10.63736273	-80.27085353
10.64468874	-77.63190524
10.65201474	-86.50868401
10.65934075	-80.98449143
10.66666676	-80.25424690
10.67399276	-79.61724357
10.68131877	-76.18113948
10.68864478	-74.13491545
10.69597079	-75.16393017
10.70329679	-90.92117491
10.71062280	-76.57190848
10.71794881	-74.32693443
10.72527482	-80.78006496
10.73260082	-74.22094550
10.73992683	-68.26188765
10.74725284	-71.57195442
10.75457885	-73.55700647
10.76190485	-68.23526143
10.76923086	-80.99964395
10.77655687	-69.06065414
10.78388288	-69.38123125
10.79120888	-79.35134186
10.79853489	-74.29477232
10.80586090	-73.69746664
10.81318691	-67.45717788
10.82051291	-72.04846654
10.82783892	-80.62622029
10.83516493	-75.91754726
10.84249093	-70.18297622
10.84981694	-72.46210578
10.85714295	-71.23495049
10.86446896	-71.53847798
10.87179496	-83.46273388
10.87912097	-73.44005028
10.88644698	-71.17255370
10.89377299	-73.32060106
10.90109899	-76.78343430
10.90842500	-74.21426864
10.91575101	-72.09030261
10.92307702	-73.60858181
10.93040302	-77.15237827
10.93772903	-74.84052795
10.94505504	-71.19677923
10.95238105	-69.23528024
10.95970705	-69.99565100
10.96703306	-71.44771286
10.97435907	-71.22897127
10.98168508	-76.81573064
10.98901108	-80.16340838
10.99633709	-93.16788829
11.00366310	-68.83805294
11.01098910	-64.55501746
11.01831511	-66.63195505
11.02564112	-77.44934565
11.03296713	-71.83163091
11.04029313	-71.64454065
11.04761914	-74.19893995
11.05494515	-76.19983848
11.06227116	-71.20735060
11.06959716	-69.07419609
11.07692317	-80.65384074
11.08424918	-71.32154347
11.09157519	-65.39096495
11.09890119	-66.77731618
11.10622720	-75.85165659
11.11355321	-71.32738998
11.12087922	-71.84670934
11.12820522	-71.98234857
11.13553123	-70.14518448
11.14285724	-71.98467026
11.15018324	-74.56252387
11.15750925	-76.48359215
11.16483526	-79.11800043
11.17216127	-77.71021118
11.17948727	-71.82475667
11.18681328	-75.53735692
11.19413929	-93.87122829
11.20146530	-77.07791356
11.20879130	-73.53597111
11.21611731	-91.93335784
11.22344332	-73.29860592
11.23076933	-72.73332836
11.23809533	-77.41071401
11.24542134	-82.31455460
11.25274735	-75.49209386
11.26007336	-77.61735403
11.26739936	-74.83347797
11.27472537	-82.48537002
11.28205138	-86.75076094
11.28937739	-79.69249719
11.29670339	-83.08743463
11.30402940	-75.29963321
11.31135541	-73.24820471
11.31868141	-72.94849062
11.32600742	-70.52254806
11.33333343	-71.91557762
11.34065944	-74.64954654
11.34798544	-78.05777551
11.35531145	-71.52046557
11.36263746	-87.09002854
11.36996347	-71.78819049
11.37728947	-76.51764127
11.38461548	-76.97837000
11.39194149	-75.40874636
11.39926750	-73.23148090
11.40659350	-76.94423640
11.41391951	-83.74097162
11.42124552	-79.89284719
11.42857153	-88.35636983
11.43589753	-83.53029746
11.44322354	-96.00364641
11.45054955	-81.14471817
11.45787556	-78.43744140
11.46520156	-77.49468045
11.47252757	-74.20397764
11.47985358	-73.49595053
11.48717958	-83.76750962
11.49450559	-81.33833015
11.50183160	-77.66396022
11.50915761	-72.13641255
11.51648361	-73.51443344
11.52380962	-77.38838846
11.53113563	-82.67459939
11.53846164	-78.21773685
11.54578764	-77.15430217
11.55311365	-78.37494434
11.56043966	-75.65150896
11.56776567	-81.17304064
11.57509167	-82.94685915
11.58241768	-74.53723521
11.58974369	-76.74630130
11.59706970	-86.29076198
11.60439570	-80.52946867
11.61172171	-76.62140042
11.61904772	-72.02505814
11.62637373	-76.17133675
11.63369973	-90.50391337
11.64102574	-88.25484123
11.64835175	-82.95540552
11.65567775	-74.75628871
11.66300376	-90.88780579
11.67032977	-68.78347867
11.67765578	-66.20961178
11.68498178	-73.74529471
11.69230779	-72.72062933
11.69963380	-72.62869788
11.70695981	-78.40516704
11.71428581	-81.87810039
11.72161182	-72.87996795
11.72893783	-72.52646742
11.73626384	-91.97928488
11.74358984	-73.21272304
11.75091585	-80.65819028
11.75824186	-71.90581949
11.76556787	-68.04152445
11.77289387	-71.60393804
11.78021988	-75.59504978
11.78754589	-75.70392210
11.79487190	-79.03325925
11.80219790	-77.99588914
11.80952391	-79.73892659
11.81684992	-88.61142276
11.82417592	-78.24780496
11.83150193	-78.13618445
11.83882794	-86.69449896
11.84615395	-72.78196304
11.85347995	-69.78522365
11.86080596	-72.54628659
11.86813197	-83.42035777
11.87545798	-83.78709832
11.88278398	-75.82815795
11.89010999	-78.05982291
11.89743600	-71.66068105
11.90476201	-67.93441960
11.91208801	-77.41450840
11.91941402	-71.80966690
11.92674003	-73.92973120
11.93406604	-73.86230764
11.94139204	-70.06054032
11.94871805	-72.52875488
11.95604406	-81.98631855
11.96337007	-66.30439953
11.97069607	-66.28999022
11.97802208	-84.33441009
11.98534809	-70.27454554
11.99267409	-80.69166448
12.00000010	-70.72938854
12.00732611	-70.90909749
12.01465212	-77.01155782
12.02197812	-82.98073662
12.02930413	-73.61280612
12.03663014	-76.95864653
12.04395615	-73.46471943
12.05128215	-70.72265158
12.05860816	-86.90417312
12.06593417	-78.46112712
12.07326018	-86.54049909
12.08058618	-78.46987336
12.08791219	-85.57873237
12.09523820	-76.61664996
12.10256421	-83.86798724
12.10989021	-79.35518061
12.11721622	-72.65441035
12.12454223	-71.78343982
12.13186824	-80.03838587
12.13919424	-72.41734391
12.14652025	-71.89326884
12.15384626	-76.89407321
12.16117226	-80.49027603
12.16849827	-77.28241000
12.17582428	-73.06974479
12.18315029	-74.26475716
12.19047629	-74.58908157
12.19780230	-81.46812960
12.20512831	-77.43263735
12.21245432	-70.82990830
12.21978032	-71.11261021
12.22710633	-77.99931781
12.23443234	-77.69860307
12.24175835	-74.20847769
12.24908435	-86.72571585
12.25641036	-72.40906112
12.26373637	-73.89453654
12.27106238	-83.52491825
12.27838838	-80.64448062
12.28571439	-72.44622585
12.29304040	-68.45501861
12.30036640	-72.94613491
12.30769241	-70.98006761
12.31501842	-68.74939512
12.32234443	-71.84218041
12.32967043	-70.25506453
12.33699644	-82.24010627
12.34432245	-76.04814112
12.35164846	-85.26544758
12.35897446	-78.02870768
12.36630047	-77.75771334
12.37362648	-75.62011871
12.38095249	-78.86093637
12.38827849	-84.92121659
12.39560450	-81.47559465
12.40293051	-73.78253763
12.41025652	-77.29290005
12.41758252	-77.56576605
12.42490853	-76.69189478
12.43223454	-77.09488633
12.43956055	-72.22318531
12.44688655	-87.75053282
12.45421256	-74.31368308
12.46153857	-74.34769451
12.46886457	-69.15989716
12.47619058	-69.74261876
12.48351659	-76.53621136
12.49084260	-89.19413331
12.49816860	-74.32646123
12.50549461	-70.88033683
12.51282062	-70.61104618
12.52014663	-75.08719672
12.52747263	-88.86108310
12.53479864	-75.71779347
12.54212465	-73.86299694
12.54945066	-74.53167359
12.55677666	-82.95034164
12.56410267	-81.33496059
12.57142868	-80.93401094
12.57875469	-78.07922817
12.58608069	-100.75948252
12.59340670	-79.82078779
12.60073271	-73.06651782
12.60805872	-67.39712301
12.61538472	-69.64864368
12.62271073	-83.39140352
12.63003674	-79.17831008
12.63736274	-86.48424365
12.64468875	-82.23088784
12.65201476	-77.12524938
12.65934077	-72.80575304
12.66666677	-73.45508084
12.67399278	-81.52847358
12.68131879	-76.71563114
12.68864480	-71.37293458
12.69597080	-67.74767544
12.70329681	-70.25358442
12.71062282	-81.60898790
12.71794883	-81.57793344
12.72527483	-85.67124322
12.73260084	-93.34738123
12.73992685	-83.99440714
12.74725286	-73.63484562
12.75457886	-70.60115654
12.76190487	-76.58154790
12.76923088	-76.75962365
12.77655689	-74.92629117
12.78388289	-85.47943022
12.79120890	-78.14702995
12.79853491	-90.91652442
12.80586091	-74.21419434
12.81318692	-72.79343653
12.82051293	-75.07563458
12.82783894	-70.34875258
12.83516494	-73.71479720
12.84249095	-86.31865850
12.84981696	-75.06613586
12.85714297	-76.17388901
12.86446897	-75.53611912
12.87179498	-75.75519223
12.87912099	-75.14250521
12.88644700	-69.92755350
12.89377300	-71.15406332
12.90109901	-79.67038346
12.90842502	-67.51141536
12.91575103	-69.45675731
12.92307703	-83.77806343
12.93040304	-77.67452840
12.93772905	-84.50228592
12.94505506	-78.85413703
12.95238106	-74.52413468
12.95970707	-77.42133519
12.96703308	-69.41679336
12.97435908	-69.49745281
12.98168509	-86.87524781
12.98901110	-70.93257414
12.99633711	-77.90485275
13.00366311	-72.89074660
13.01098912	-72.55595293
13.01831513	-72.36735162
13.02564114	-74.27837477
13.03296714	-80.43673344
13.04029315	-84.28226299
13.04761916	-71.64308279
13.05494517	-70.75511184
13.06227117	-76.38396368
13.06959718	-77.83302479
13.07692319	-74.57927258
13.08424920	-73.93658665
13.09157520	-73.36121239
13.09890121	-78.71950693
13.10622722	-78.02500054
13.11355323	-72.45910763
13.12087923	-77.03246577
13.12820524	-96.81174220
13.13553125	-72.31016847
13.14285725	-67.07121881
13.15018326	-71.74026244
13.15750927	-74.94375669
13.16483528	-69.72795837
13.17216128	-68.18557648
13.17948729	-69.00310582
13.18681330	-79.93683187
13.19413931	-74.41227605
13.20146531	-79.54134557
13.20879132	-72.30679456
13.21611733	-69.36268728
13.22344334	-73.36895385
13.23076934	-83.20086714
13.23809535	-83.65422589
13.24542136	-71.48837067
13.25274737	-72.25831866
13.26007337	-80.47386919
13.26739938	-88.11567134
13.27472539	-74.31142794
13.28205139	-71.64321836
13.28937740	-74.78633941
13.29670341	-75.54220224
13.30402942	-83.75125364
13.31135542	-76.60317340
13.31868143	-69.98425452
13.32600744	-71.55096983
13.33333345	-82.13187837
13.34065945	-88.17864013
13.34798546	-79.84907413
13.35531147	-78.75572796
13.36263748	-94.47576085
13.36996348	-82.46852664
13.37728949	-82.79610171
13.38461550	-82.46584886
13.39194151	-71.74857084
13.39926751	-72.11640049
13.40659352	-87.14986121
13.41391953	-77.32273535
13.42124554	-74.69292453
13.42857154	-71.23222797
13.43589755	-70.81094259
13.44322356	-80.40657710
13.45054956	-76.60069757
13.45787557	-77.72159410
13.46520158	-86.38402922
13.47252759	-79.92552171
13.47985359	-76.56191474
13.48717960	-77.54216409
13.49450561	-75.19579488
13.50183162	-72.76738762
13.50915762	-73.55119445
13.51648363	-90.77096811
13.52380964	-75.04736860
13.53113565	-75.43619376
13.53846165	-70.09529379
13.54578766	-67.29622192
13.55311367	-70.54079205
13.56043968	-73.76358690
13.56776568	-72.71332781
13.57509169	-70.36520788
13.58241770	-74.84929038
13.58974371	-74.31302060
13.59706971	-71.03850279
13.60439572	-67.28850528
13.61172173	-69.40943906
13.61904773	-76.15450980
13.62637374	-71.05893837
13.63369975	-68.20129243
13.64102576	-81.15066311
13.64835176	-71.93828776
13.65567777	-73.54655060
13.66300378	-72.70646454
13.67032979	-76.45066523
13.67765579	-77.68589357
13.68498180	-72.45460530
13.69230781	-76.66217662
13.69963382	-82.48963943
13.70695982	-78.72260723
13.71428583	-82.39369562
13.72161184	-76.45859732
13.72893785	-77.70007911
13.73626385	-91.49825520
13.74358986	-79.40456958
13.75091587	-80.31329471
13.75824188	-71.52731024
13.76556788	-69.48032691
13.77289389	-73.54854519
13.78021990	-77.26779168
13.78754590	-72.05093422
13.79487191	-69.51521689
13.80219792	-76.41774017
13.80952393	-71.15182756
13.81684993	-66.18372544
13.82417594	-68.73432304
13.83150195	-74.28406829
13.83882796	-73.61773199
13.84615396	-71.17399199
13.85347997	-77.01407583
13.86080598	-73.90618589
13.86813199	-73.98807396
13.87545799	-77.72546363
13.88278400	-83.03586483
13.89011001	-75.52494012
13.89743602	-85.37460366
13.90476202	-74.60706211
13.91208803	-71.27780621
13.91941404	-70.10688269
13.92674005	-77.78627368
13.93406605	-67.66013282
13.94139206	-69.61459044
13.94871807	-72.62957511
13.95604407	-69.15191246
13.96337008	-69.91774595
13.97069609	-79.97315405
13.97802210	-75.34046682
13.98534810	-75.34721054
13.99267411	-75.15318544
14.00000012	-69.15976447
14.00732613	-66.83529463
14.01465213	-69.82873201
14.02197814	-77.28371998
14.02930415	-77.96934610
14.03663016	-72.81690593
14.04395616	-82.01595510
14.05128217	-68.20424024
14.05860818	-67.50546904
14.06593419	-79.01687203
14.07326019	-76.24265862
14.08058620	-77.59123591
14.08791221	-78.95883362
14.09523822	-74.21818714
14.10256422	-71.93030670
14.10989023	-74.04609201
14.11721624	-79.30659029
14.12454224	-71.60512709
14.13186825	-68.27584786
14.13919426	-70.19335733
14.14652027	-76.06641184
14.15384627	-77.01609053
14.16117228	-69.93673457
14.16849829	-66.73644459
14.17582430	-68.36895711
14.18315030	-77.13978450
14.19047631	-73.17426249
14.19780232	-73.22064225
14.20512833	-76.38016752
14.21245433	-81.20260689
14.21978034	-76.53006936
14.22710635	-85.64164458
14.23443236	-76.73852396
14.24175836	-78.48597592
14.24908437	-73.70921468
14.25641038	-86.09337467
14.26373639	-74.99446668
14.27106239	-71.57614476
14.27838840	-65.63587426
14.28571441	-68.50498942
14.29304041	-71.04250367
14.30036642	-69.17886973
14.30769243	-75.95380934
14.31501844	-80.85311990
14.32234444	-73.12142557
14.32967045	-71.73048139
14.33699646	-73.98575098
14.34432247	-75.81055140
14.35164847	-76.75646865
14.35897448	-74.35677031
14.36630049	-72.97441429
14.37362650	-74.24880580
14.38095250	-78.27705091
14.38827851	-76.19701531
14.39560452	-68.02098476
14.40293053	-69.74270630
14.41025653	-89.38928585
14.41758254	-75.51447372
14.42490855	-69.17222884
14.43223455	-68.95712542
14.43956056	-80.11266209
14.44688657	-70.44430139
14.45421258	-69.98205067
14.46153858	-76.11668822
14.46886459	-77.02963076
14.47619060	-76.70654002
14.48351661	-76.49003073
14.49084261	-96.02768511
14.49816862	-73.57868796
14.50549463	-72.29295244
14.51282064	-74.23402726
14.52014664	-77.46434483
14.52747265	-86.95665148
14.53479866	-73.85440705
14.54212467	-74.10188126
14.54945067	-86.69654416
14.55677668	-82.06726469
14.56410269	-75.51668315
14.57142870	-69.55977847
14.57875470	-69.47934519
14.58608071	-73.27733485
14.59340672	-79.33567125
14.60073272	-75.34873679
14.60805873	-76.25673911
14.61538474	-76.55543538
14.62271075	-78.00105408
14.63003675	-69.13280587
14.63736276	-70.85006705
14.64468877	-72.96017793
14.65201478	-71.41315047
14.65934078	-74.26670115
14.66666679	-80.71902725
14.67399280	-78.36717797
14.68131881	-77.31307963
14.68864481	-83.32361983
14.69597082	-74.85914328
14.70329683	-74.56057067
14.71062284	-86.31359096
14.71794884	-81.49545415
14.72527485	-80.85201330
14.73260086	-71.64447181
14.73992687	-69.63722402
14.74725287	-75.78232096
14.75457888	-80.26796065
14.76190489	-74.26124011
14.76923089	-80.76208077
14.77655690	-80.89073706
14.78388291	-78.19390822
14.79120892	-76.16789042
14.79853492	-75.42857092
14.80586093	-74.51958421
14.81318694	-74.85269909
14.82051295	-71.63005298
14.82783895	-68.72329928
14.83516496	-72.17587334
14.84249097	-72.64168760
14.84981698	-83.41707941
14.85714298	-73.01999666
14.86446899	-82.40866269
14.87179500	-71.62276099
14.87912101	-77.34989256
14.88644701	-70.61293627
14.89377302	-84.79026219
14.90109903	-70.21874014
14.90842504	-79.15511127
14.91575104	-69.02010135
14.92307705	-75.43794937
14.93040306	-71.28329162
14.93772906	-77.45798369
14.94505507	-69.23505440
14.95238108	-67.64284593
14.95970709	-69.62761200
14.96703309	-72.55239972
14.97435910	-85.38259587
14.98168511	-73.68351935
14.98901112	-74.63154104
14.99633712	-80.99361050
