# Menlo Systems GmbH ScanControl
# Program Version 1.3.3
# Start: -65.00000000 ps, Average over 1000 waveforms. Timestamp: 2020-01-12T20:44:29
# Time [ps]	THz Signal [a.u.]
-65.06666589	0.00000000
-65.03333256	0.00000002
-64.99999923	0.00000008
-64.96666589	0.00000011
-64.93333256	0.00000029
-64.89999923	0.00000040
-64.86666589	0.00000044
-64.83333256	0.00000048
-64.79999923	0.00000049
-64.76666590	0.00000068
-64.73333256	0.00000096
-64.69999923	0.00000054
-64.66666590	0.00000065
-64.63333256	0.00000041
-64.59999923	-0.00000071
-64.56666590	-0.00000108
-64.53333256	-0.00000290
-64.49999923	-0.00000179
-64.46666590	-0.00000382
-64.43333257	-0.00000345
-64.39999923	-0.00000436
-64.36666590	-0.00000440
-64.33333257	-0.00000426
-64.29999923	-0.00000456
-64.26666590	-0.00000488
-64.23333257	-0.00000679
-64.19999923	-0.00000992
-64.16666590	-0.00000715
-64.13333257	-0.00001219
-64.09999924	-0.00001375
-64.06666590	-0.00001800
-64.03333257	-0.00001934
-63.99999924	-0.00002124
-63.96666590	-0.00002561
-63.93333257	-0.00002613
-63.89999924	-0.00002866
-63.86666590	-0.00002847
-63.83333257	-0.00003139
-63.79999924	-0.00003906
-63.76666591	-0.00003416
-63.73333257	-0.00003532
-63.69999924	-0.00004242
-63.66666591	-0.00004651
-63.63333257	-0.00004728
-63.59999924	-0.00004869
-63.56666591	-0.00004914
-63.53333257	-0.00005148
-63.49999924	-0.00005215
-63.46666591	-0.00005799
-63.43333258	-0.00006821
-63.39999924	-0.00007310
-63.36666591	-0.00007527
-63.33333258	-0.00007532
-63.29999924	-0.00007033
-63.26666591	-0.00008100
-63.23333258	-0.00008490
-63.19999924	-0.00008482
-63.16666591	-0.00008691
-63.13333258	-0.00007520
-63.09999925	-0.00008524
-63.06666591	-0.00006560
-63.03333258	-0.00006726
-62.99999925	-0.00006029
-62.96666591	-0.00005381
-62.93333258	-0.00002682
-62.89999925	-0.00002889
-62.86666591	0.00000323
-62.83333258	0.00001444
-62.79999925	0.00001331
-62.76666592	0.00002723
-62.73333258	0.00005719
-62.69999925	0.00007120
-62.66666592	0.00005879
-62.63333258	0.00011064
-62.59999925	0.00008376
-62.56666592	0.00014503
-62.53333258	0.00014265
-62.49999925	0.00016253
-62.46666592	0.00018221
-62.43333259	0.00021049
-62.39999925	0.00023961
-62.36666592	0.00025912
-62.33333259	0.00029483
-62.29999925	0.00031147
-62.26666592	0.00035616
-62.23333259	0.00039950
-62.19999925	0.00042896
-62.16666592	0.00044912
-62.13333259	0.00052887
-62.09999925	0.00052213
-62.06666592	0.00057767
-62.03333259	0.00061948
-61.99999926	0.00065163
-61.96666592	0.00068834
-61.93333259	0.00075371
-61.89999926	0.00076939
-61.86666592	0.00075995
-61.83333259	0.00085702
-61.79999926	0.00090147
-61.76666592	0.00092327
-61.73333259	0.00096756
-61.69999926	0.00101098
-61.66666593	0.00098838
-61.63333259	0.00108399
-61.59999926	0.00112347
-61.56666593	0.00115769
-61.53333259	0.00120909
-61.49999926	0.00124882
-61.46666593	0.00128199
-61.43333259	0.00136190
-61.39999926	0.00142485
-61.36666593	0.00142499
-61.33333260	0.00146102
-61.29999926	0.00155733
-61.26666593	0.00155588
-61.23333260	0.00158356
-61.19999926	0.00167285
-61.16666593	0.00166984
-61.13333260	0.00170047
-61.09999926	0.00172416
-61.06666593	0.00174746
-61.03333260	0.00172872
-60.99999927	0.00179551
-60.96666593	0.00183595
-60.93333260	0.00180347
-60.89999927	0.00183574
-60.86666593	0.00183403
-60.83333260	0.00180652
-60.79999927	0.00181895
-60.76666593	0.00181161
-60.73333260	0.00177108
-60.69999927	0.00173342
-60.66666594	0.00175668
-60.63333260	0.00174287
-60.59999927	0.00166444
-60.56666594	0.00160822
-60.53333260	0.00155664
-60.49999927	0.00148215
-60.46666594	0.00149613
-60.43333260	0.00130607
-60.39999927	0.00120308
-60.36666594	0.00114568
-60.33333261	0.00115273
-60.29999927	0.00102689
-60.26666594	0.00092807
-60.23333261	0.00078766
-60.19999927	0.00069334
-60.16666594	0.00058350
-60.13333261	0.00049473
-60.09999927	0.00043654
-60.06666594	0.00030182
-60.03333261	0.00022160
-59.99999928	0.00007430
-59.96666594	-0.00009663
-59.93333261	-0.00011743
-59.89999928	-0.00026963
-59.86666594	-0.00039898
-59.83333261	-0.00058188
-59.79999928	-0.00070321
-59.76666594	-0.00071458
-59.73333261	-0.00080342
-59.69999928	-0.00095473
-59.66666595	-0.00110340
-59.63333261	-0.00114006
-59.59999928	-0.00122606
-59.56666595	-0.00132987
-59.53333261	-0.00135890
-59.49999928	-0.00140599
-59.46666595	-0.00144694
-59.43333261	-0.00154055
-59.39999928	-0.00149176
-59.36666595	-0.00152583
-59.33333262	-0.00151851
-59.29999928	-0.00150359
-59.26666595	-0.00151740
-59.23333262	-0.00152552
-59.19999928	-0.00141245
-59.16666595	-0.00142182
-59.13333262	-0.00142874
-59.09999928	-0.00134291
-59.06666595	-0.00129629
-59.03333262	-0.00126673
-58.99999928	-0.00123638
-58.96666595	-0.00112579
-58.93333262	-0.00098112
-58.89999929	-0.00100638
-58.86666595	-0.00083228
-58.83333262	-0.00093268
-58.79999929	-0.00085848
-58.76666595	-0.00084034
-58.73333262	-0.00074080
-58.69999929	-0.00072639
-58.66666595	-0.00063521
-58.63333262	-0.00060061
-58.59999929	-0.00055787
-58.56666596	-0.00047138
-58.53333262	-0.00042768
-58.49999929	-0.00038185
-58.46666596	-0.00032254
-58.43333262	-0.00029718
-58.39999929	-0.00012876
-58.36666596	-0.00014686
-58.33333262	-0.00025737
-58.29999929	-0.00017027
-58.26666596	-0.00017571
-58.23333263	-0.00019088
-58.19999929	-0.00022710
-58.16666596	-0.00016010
-58.13333263	-0.00018129
-58.09999929	-0.00017512
-58.06666596	-0.00032002
-58.03333263	-0.00008158
-57.99999929	-0.00021609
-57.96666596	-0.00023568
-57.93333263	-0.00016584
-57.89999930	-0.00023912
-57.86666596	-0.00031800
-57.83333263	-0.00021777
-57.79999930	-0.00027504
-57.76666596	-0.00014181
-57.73333263	-0.00020552
-57.69999930	-0.00015845
-57.66666596	-0.00020139
-57.63333263	-0.00016008
-57.59999930	-0.00006072
-57.56666597	-0.00003843
-57.53333263	-0.00003444
-57.49999930	0.00008241
-57.46666597	0.00004867
-57.43333263	0.00018149
-57.39999930	0.00013991
-57.36666597	0.00017753
-57.33333263	0.00028214
-57.29999930	0.00024026
-57.26666597	0.00038655
-57.23333264	0.00041580
-57.19999930	0.00053421
-57.16666597	0.00048656
-57.13333264	0.00055187
-57.09999930	0.00057611
-57.06666597	0.00069581
-57.03333264	0.00077049
-56.99999930	0.00077178
-56.96666597	0.00091091
-56.93333264	0.00105615
-56.89999931	0.00116430
-56.86666597	0.00117344
-56.83333264	0.00110270
-56.79999931	0.00110548
-56.76666597	0.00121953
-56.73333264	0.00120412
-56.69999931	0.00124146
-56.66666597	0.00117802
-56.63333264	0.00122182
-56.59999931	0.00128292
-56.56666598	0.00137457
-56.53333264	0.00132364
-56.49999931	0.00122575
-56.46666598	0.00128536
-56.43333264	0.00117326
-56.39999931	0.00129130
-56.36666598	0.00118182
-56.33333264	0.00123256
-56.29999931	0.00136190
-56.26666598	0.00144118
-56.23333265	0.00144256
-56.19999931	0.00131208
-56.16666598	0.00138386
-56.13333265	0.00139684
-56.09999931	0.00143406
-56.06666598	0.00148789
-56.03333265	0.00142180
-55.99999931	0.00147535
-55.96666598	0.00147091
-55.93333265	0.00144213
-55.89999931	0.00152210
-55.86666598	0.00154642
-55.83333265	0.00149498
-55.79999932	0.00152565
-55.76666598	0.00142469
-55.73333265	0.00154600
-55.69999932	0.00141472
-55.66666598	0.00143414
-55.63333265	0.00143164
-55.59999932	0.00141350
-55.56666598	0.00146147
-55.53333265	0.00145652
-55.49999932	0.00143807
-55.46666599	0.00148060
-55.43333265	0.00154231
-55.39999932	0.00151151
-55.36666599	0.00158304
-55.33333265	0.00156725
-55.29999932	0.00151089
-55.26666599	0.00156638
-55.23333265	0.00159609
-55.19999932	0.00152301
-55.16666599	0.00156421
-55.13333266	0.00160808
-55.09999932	0.00161975
-55.06666599	0.00166330
-55.03333266	0.00161026
-54.99999932	0.00143273
-54.96666599	0.00139943
-54.93333266	0.00149287
-54.89999932	0.00139006
-54.86666599	0.00141796
-54.83333266	0.00133888
-54.79999933	0.00133295
-54.76666599	0.00126192
-54.73333266	0.00133577
-54.69999933	0.00134432
-54.66666599	0.00145865
-54.63333266	0.00136346
-54.59999933	0.00137990
-54.56666599	0.00135886
-54.53333266	0.00135554
-54.49999933	0.00142796
-54.46666600	0.00141664
-54.43333266	0.00143046
-54.39999933	0.00141974
-54.36666600	0.00146830
-54.33333266	0.00148024
-54.29999933	0.00148877
-54.26666600	0.00156096
-54.23333266	0.00155841
-54.19999933	0.00165469
-54.16666600	0.00165367
-54.13333267	0.00162262
-54.09999933	0.00161214
-54.06666600	0.00161574
-54.03333267	0.00151392
-53.99999933	0.00144960
-53.96666600	0.00150070
-53.93333267	0.00138769
-53.89999933	0.00133128
-53.86666600	0.00132951
-53.83333267	0.00137027
-53.79999934	0.00127909
-53.76666600	0.00126978
-53.73333267	0.00128877
-53.69999934	0.00112186
-53.66666600	0.00122939
-53.63333267	0.00103748
-53.59999934	0.00106483
-53.56666600	0.00099731
-53.53333267	0.00096087
-53.49999934	0.00091993
-53.46666601	0.00090039
-53.43333267	0.00088530
-53.39999934	0.00078018
-53.36666601	0.00072600
-53.33333267	0.00072242
-53.29999934	0.00073500
-53.26666601	0.00065806
-53.23333267	0.00068723
-53.19999934	0.00067513
-53.16666601	0.00055919
-53.13333268	0.00056966
-53.09999934	0.00048158
-53.06666601	0.00056342
-53.03333268	0.00047559
-52.99999934	0.00037646
-52.96666601	0.00043436
-52.93333268	0.00037565
-52.89999934	0.00031404
-52.86666601	0.00042066
-52.83333268	0.00036284
-52.79999934	0.00032200
-52.76666601	0.00026620
-52.73333268	0.00020447
-52.69999935	0.00024959
-52.66666601	0.00031718
-52.63333268	0.00025470
-52.59999935	0.00030677
-52.56666601	0.00028037
-52.53333268	0.00030477
-52.49999935	0.00042819
-52.46666601	0.00041913
-52.43333268	0.00034291
-52.39999935	0.00034596
-52.36666602	0.00036320
-52.33333268	0.00036802
-52.29999935	0.00049607
-52.26666602	0.00037007
-52.23333268	0.00034159
-52.19999935	0.00030104
-52.16666602	0.00039134
-52.13333268	0.00032696
-52.09999935	0.00028156
-52.06666602	0.00024669
-52.03333269	0.00025518
-51.99999935	0.00023917
-51.96666602	0.00020952
-51.93333269	0.00020264
-51.89999935	0.00023707
-51.86666602	0.00020062
-51.83333269	0.00018662
-51.79999935	0.00017426
-51.76666602	0.00017503
-51.73333269	0.00025536
-51.69999936	0.00015265
-51.66666602	0.00016243
-51.63333269	0.00010810
-51.59999936	0.00014537
-51.56666602	0.00014482
-51.53333269	0.00015091
-51.49999936	0.00010504
-51.46666602	0.00021197
-51.43333269	0.00022653
-51.39999936	0.00031493
-51.36666603	0.00036202
-51.33333269	0.00046645
-51.29999936	0.00047324
-51.26666603	0.00054075
-51.23333269	0.00075070
-51.19999936	0.00085182
-51.16666603	0.00095980
-51.13333269	0.00104323
-51.09999936	0.00112162
-51.06666603	0.00118001
-51.03333270	0.00129771
-50.99999936	0.00146553
-50.96666603	0.00154014
-50.93333270	0.00162846
-50.89999936	0.00178309
-50.86666603	0.00190268
-50.83333270	0.00195084
-50.79999936	0.00217687
-50.76666603	0.00229611
-50.73333270	0.00257099
-50.69999937	0.00275900
-50.66666603	0.00275647
-50.63333270	0.00287950
-50.59999937	0.00305756
-50.56666603	0.00312413
-50.53333270	0.00333543
-50.49999937	0.00350055
-50.46666603	0.00352238
-50.43333270	0.00372466
-50.39999937	0.00373401
-50.36666604	0.00380353
-50.33333270	0.00390917
-50.29999937	0.00407477
-50.26666604	0.00412382
-50.23333270	0.00429214
-50.19999937	0.00436035
-50.16666604	0.00434322
-50.13333270	0.00421392
-50.09999937	0.00431560
-50.06666604	0.00440017
-50.03333271	0.00436651
-49.99999937	0.00436663
-49.96666604	0.00421758
-49.93333271	0.00415386
-49.89999937	0.00414996
-49.86666604	0.00407393
-49.83333271	0.00408135
-49.79999937	0.00387459
-49.76666604	0.00378240
-49.73333271	0.00390682
-49.69999937	0.00366625
-49.66666604	0.00362637
-49.63333271	0.00350146
-49.59999938	0.00343242
-49.56666604	0.00338577
-49.53333271	0.00325088
-49.49999938	0.00321463
-49.46666604	0.00308275
-49.43333271	0.00298765
-49.39999938	0.00290595
-49.36666604	0.00279207
-49.33333271	0.00271122
-49.29999938	0.00270905
-49.26666605	0.00264900
-49.23333271	0.00252943
-49.19999938	0.00235067
-49.16666605	0.00237493
-49.13333271	0.00223666
-49.09999938	0.00230719
-49.06666605	0.00211029
-49.03333271	0.00209046
-48.99999938	0.00198601
-48.96666605	0.00182697
-48.93333272	0.00178236
-48.89999938	0.00175284
-48.86666605	0.00177459
-48.83333272	0.00174629
-48.79999938	0.00159025
-48.76666605	0.00153882
-48.73333272	0.00144042
-48.69999938	0.00145819
-48.66666605	0.00138216
-48.63333272	0.00132871
-48.59999939	0.00123248
-48.56666605	0.00129137
-48.53333272	0.00122928
-48.49999939	0.00121610
-48.46666605	0.00115722
-48.43333272	0.00127810
-48.39999939	0.00122392
-48.36666605	0.00117602
-48.33333272	0.00115293
-48.29999939	0.00110275
-48.26666606	0.00110295
-48.23333272	0.00100605
-48.19999939	0.00101135
-48.16666606	0.00108794
-48.13333272	0.00093502
-48.09999939	0.00106300
-48.06666606	0.00100873
-48.03333272	0.00085565
-47.99999939	0.00074683
-47.96666606	0.00084308
-47.93333273	0.00088596
-47.89999939	0.00078282
-47.86666606	0.00084191
-47.83333273	0.00074473
-47.79999939	0.00077386
-47.76666606	0.00078443
-47.73333273	0.00064261
-47.69999939	0.00078040
-47.66666606	0.00085082
-47.63333273	0.00090255
-47.59999940	0.00079201
-47.56666606	0.00076518
-47.53333273	0.00091645
-47.49999940	0.00087467
-47.46666606	0.00093152
-47.43333273	0.00098650
-47.39999940	0.00112703
-47.36666606	0.00108084
-47.33333273	0.00110011
-47.29999940	0.00118793
-47.26666607	0.00110071
-47.23333273	0.00123510
-47.19999940	0.00125435
-47.16666607	0.00134162
-47.13333273	0.00136453
-47.09999940	0.00136220
-47.06666607	0.00149919
-47.03333273	0.00155023
-46.99999940	0.00162252
-46.96666607	0.00166708
-46.93333274	0.00170562
-46.89999940	0.00176423
-46.86666607	0.00187723
-46.83333274	0.00187742
-46.79999940	0.00198363
-46.76666607	0.00201985
-46.73333274	0.00209563
-46.69999940	0.00203689
-46.66666607	0.00216370
-46.63333274	0.00225135
-46.59999940	0.00236526
-46.56666607	0.00231389
-46.53333274	0.00248915
-46.49999941	0.00247995
-46.46666607	0.00253263
-46.43333274	0.00268416
-46.39999941	0.00278718
-46.36666607	0.00281474
-46.33333274	0.00291982
-46.29999941	0.00298204
-46.26666607	0.00291659
-46.23333274	0.00300146
-46.19999941	0.00306014
-46.16666608	0.00316398
-46.13333274	0.00303157
-46.09999941	0.00313251
-46.06666608	0.00315286
-46.03333274	0.00301223
-45.99999941	0.00310619
-45.96666608	0.00309225
-45.93333274	0.00299645
-45.89999941	0.00295998
-45.86666608	0.00299213
-45.83333275	0.00294567
-45.79999941	0.00287011
-45.76666608	0.00279039
-45.73333275	0.00283735
-45.69999941	0.00281734
-45.66666608	0.00271278
-45.63333275	0.00265463
-45.59999941	0.00253751
-45.56666608	0.00253099
-45.53333275	0.00243025
-45.49999942	0.00241454
-45.46666608	0.00219218
-45.43333275	0.00222650
-45.39999942	0.00212810
-45.36666608	0.00192978
-45.33333275	0.00176206
-45.29999942	0.00178683
-45.26666608	0.00156271
-45.23333275	0.00149260
-45.19999942	0.00121925
-45.16666609	0.00119455
-45.13333275	0.00107705
-45.09999942	0.00096661
-45.06666609	0.00080730
-45.03333275	0.00064404
-44.99999942	0.00052590
-44.96666609	0.00037271
-44.93333275	0.00031528
-44.89999942	0.00024047
-44.86666609	0.00011853
-44.83333276	0.00007893
-44.79999942	-0.00011846
-44.76666609	-0.00011602
-44.73333276	-0.00025646
-44.69999942	-0.00029626
-44.66666609	-0.00034884
-44.63333276	-0.00052387
-44.59999942	-0.00048792
-44.56666609	-0.00058334
-44.53333276	-0.00063077
-44.49999943	-0.00068655
-44.46666609	-0.00068907
-44.43333276	-0.00064644
-44.39999943	-0.00063579
-44.36666609	-0.00067035
-44.33333276	-0.00058939
-44.29999943	-0.00065043
-44.26666609	-0.00069001
-44.23333276	-0.00073298
-44.19999943	-0.00069392
-44.16666610	-0.00062041
-44.13333276	-0.00068618
-44.09999943	-0.00071213
-44.06666610	-0.00069066
-44.03333276	-0.00082929
-43.99999943	-0.00069475
-43.96666610	-0.00084164
-43.93333276	-0.00073628
-43.89999943	-0.00088356
-43.86666610	-0.00075646
-43.83333276	-0.00075579
-43.79999943	-0.00088526
-43.76666610	-0.00072868
-43.73333277	-0.00079177
-43.69999943	-0.00071417
-43.66666610	-0.00056538
-43.63333277	-0.00068138
-43.59999943	-0.00051935
-43.56666610	-0.00051812
-43.53333277	-0.00041524
-43.49999943	-0.00031141
-43.46666610	-0.00024124
-43.43333277	-0.00014966
-43.39999944	0.00008780
-43.36666610	0.00025799
-43.33333277	0.00039673
-43.29999944	0.00053858
-43.26666610	0.00070288
-43.23333277	0.00071665
-43.19999944	0.00084459
-43.16666610	0.00100932
-43.13333277	0.00106927
-43.09999944	0.00125085
-43.06666611	0.00136879
-43.03333277	0.00138180
-42.99999944	0.00140511
-42.96666611	0.00149817
-42.93333277	0.00145356
-42.89999944	0.00151072
-42.86666611	0.00145976
-42.83333277	0.00140657
-42.79999944	0.00139567
-42.76666611	0.00143053
-42.73333278	0.00130360
-42.69999944	0.00131397
-42.66666611	0.00129405
-42.63333278	0.00125396
-42.59999944	0.00121696
-42.56666611	0.00116041
-42.53333278	0.00106994
-42.49999944	0.00096527
-42.46666611	0.00098341
-42.43333278	0.00083869
-42.39999945	0.00083819
-42.36666611	0.00082703
-42.33333278	0.00081565
-42.29999945	0.00072087
-42.26666611	0.00075283
-42.23333278	0.00062007
-42.19999945	0.00060026
-42.16666611	0.00062411
-42.13333278	0.00058438
-42.09999945	0.00057979
-42.06666612	0.00077408
-42.03333278	0.00072050
-41.99999945	0.00077386
-41.96666612	0.00065032
-41.93333278	0.00070138
-41.89999945	0.00073128
-41.86666612	0.00067180
-41.83333278	0.00086043
-41.79999945	0.00079321
-41.76666612	0.00092310
-41.73333279	0.00084851
-41.69999945	0.00084924
-41.66666612	0.00088755
-41.63333279	0.00088016
-41.59999945	0.00096146
-41.56666612	0.00089261
-41.53333279	0.00092256
-41.49999945	0.00089062
-41.46666612	0.00079608
-41.43333279	0.00080088
-41.39999946	0.00071984
-41.36666612	0.00076025
-41.33333279	0.00071527
-41.29999946	0.00059720
-41.26666612	0.00053540
-41.23333279	0.00056868
-41.19999946	0.00038618
-41.16666612	0.00033519
-41.13333279	0.00034030
-41.09999946	0.00034963
-41.06666613	0.00022254
-41.03333279	0.00027988
-40.99999946	0.00024376
-40.96666613	0.00019505
-40.93333279	0.00013187
-40.89999946	0.00014717
-40.86666613	0.00001624
-40.83333279	0.00006179
-40.79999946	0.00003244
-40.76666613	-0.00002157
-40.73333279	0.00006973
-40.69999946	0.00008788
-40.66666613	0.00008782
-40.63333280	0.00001484
-40.59999946	0.00002537
-40.56666613	0.00002298
-40.53333280	0.00000240
-40.49999946	-0.00018317
-40.46666613	-0.00017187
-40.43333280	-0.00026878
-40.39999946	-0.00021074
-40.36666613	-0.00023353
-40.33333280	-0.00021084
-40.29999947	-0.00029148
-40.26666613	-0.00029812
-40.23333280	-0.00039133
-40.19999947	-0.00048104
-40.16666613	-0.00054369
-40.13333280	-0.00048343
-40.09999947	-0.00062084
-40.06666613	-0.00064590
-40.03333280	-0.00068086
-39.99999947	-0.00066577
-39.96666614	-0.00087022
-39.93333280	-0.00081287
-39.89999947	-0.00082528
-39.86666614	-0.00095048
-39.83333280	-0.00093561
-39.79999947	-0.00106921
-39.76666614	-0.00096888
-39.73333280	-0.00100728
-39.69999947	-0.00115776
-39.66666614	-0.00121870
-39.63333281	-0.00125670
-39.59999947	-0.00135473
-39.56666614	-0.00146903
-39.53333281	-0.00142395
-39.49999947	-0.00149957
-39.46666614	-0.00162413
-39.43333281	-0.00165853
-39.39999947	-0.00169493
-39.36666614	-0.00176666
-39.33333281	-0.00188782
-39.29999948	-0.00199659
-39.26666614	-0.00206027
-39.23333281	-0.00215102
-39.19999948	-0.00214267
-39.16666614	-0.00222709
-39.13333281	-0.00228769
-39.09999948	-0.00241958
-39.06666614	-0.00251365
-39.03333281	-0.00255266
-38.99999948	-0.00269136
-38.96666615	-0.00261075
-38.93333281	-0.00261397
-38.89999948	-0.00264800
-38.86666615	-0.00264009
-38.83333281	-0.00264263
-38.79999948	-0.00270144
-38.76666615	-0.00265742
-38.73333281	-0.00267644
-38.69999948	-0.00260515
-38.66666615	-0.00273873
-38.63333282	-0.00259544
-38.59999948	-0.00250470
-38.56666615	-0.00248946
-38.53333282	-0.00241761
-38.49999948	-0.00238117
-38.46666615	-0.00235864
-38.43333282	-0.00229788
-38.39999948	-0.00221114
-38.36666615	-0.00228708
-38.33333282	-0.00221574
-38.29999949	-0.00214930
-38.26666615	-0.00212791
-38.23333282	-0.00223947
-38.19999949	-0.00214918
-38.16666615	-0.00210252
-38.13333282	-0.00229020
-38.09999949	-0.00219793
-38.06666615	-0.00226101
-38.03333282	-0.00222823
-37.99999949	-0.00206772
-37.96666616	-0.00217778
-37.93333282	-0.00211607
-37.89999949	-0.00207163
-37.86666616	-0.00219727
-37.83333282	-0.00217057
-37.79999949	-0.00211215
-37.76666616	-0.00226766
-37.73333282	-0.00217519
-37.69999949	-0.00216585
-37.66666616	-0.00223277
-37.63333282	-0.00213790
-37.59999949	-0.00212237
-37.56666616	-0.00216130
-37.53333283	-0.00221868
-37.49999949	-0.00209177
-37.46666616	-0.00211174
-37.43333283	-0.00208362
-37.39999949	-0.00208679
-37.36666616	-0.00216464
-37.33333283	-0.00198401
-37.29999949	-0.00206754
-37.26666616	-0.00199206
-37.23333283	-0.00200170
-37.19999950	-0.00194831
-37.16666616	-0.00203090
-37.13333283	-0.00199502
-37.09999950	-0.00204505
-37.06666616	-0.00206014
-37.03333283	-0.00206160
-36.99999950	-0.00198170
-36.96666616	-0.00209084
-36.93333283	-0.00200967
-36.89999950	-0.00204709
-36.86666617	-0.00200446
-36.83333283	-0.00212083
-36.79999950	-0.00210300
-36.76666617	-0.00205776
-36.73333283	-0.00204074
-36.69999950	-0.00215951
-36.66666617	-0.00208073
-36.63333283	-0.00213788
-36.59999950	-0.00201293
-36.56666617	-0.00208386
-36.53333284	-0.00208368
-36.49999950	-0.00206292
-36.46666617	-0.00190547
-36.43333284	-0.00205588
-36.39999950	-0.00205199
-36.36666617	-0.00214081
-36.33333284	-0.00211425
-36.29999950	-0.00203765
-36.26666617	-0.00219251
-36.23333284	-0.00229660
-36.19999951	-0.00219611
-36.16666617	-0.00222058
-36.13333284	-0.00226622
-36.09999951	-0.00229964
-36.06666617	-0.00234008
-36.03333284	-0.00229731
-35.99999951	-0.00228830
-35.96666617	-0.00233326
-35.93333284	-0.00236679
-35.89999951	-0.00241354
-35.86666618	-0.00243301
-35.83333284	-0.00255953
-35.79999951	-0.00246864
-35.76666618	-0.00250691
-35.73333284	-0.00248840
-35.69999951	-0.00251698
-35.66666618	-0.00246654
-35.63333284	-0.00242076
-35.59999951	-0.00247597
-35.56666618	-0.00239806
-35.53333285	-0.00243760
-35.49999951	-0.00233840
-35.46666618	-0.00245293
-35.43333285	-0.00236500
-35.39999951	-0.00242659
-35.36666618	-0.00233171
-35.33333285	-0.00221503
-35.29999951	-0.00231641
-35.26666618	-0.00223172
-35.23333285	-0.00231592
-35.19999952	-0.00223888
-35.16666618	-0.00222886
-35.13333285	-0.00228559
-35.09999952	-0.00230348
-35.06666618	-0.00221087
-35.03333285	-0.00224875
-34.99999952	-0.00238408
-34.96666618	-0.00230443
-34.93333285	-0.00235015
-34.89999952	-0.00229086
-34.86666619	-0.00232725
-34.83333285	-0.00230471
-34.79999952	-0.00245839
-34.76666619	-0.00242511
-34.73333285	-0.00256315
-34.69999952	-0.00254195
-34.66666619	-0.00250909
-34.63333285	-0.00249999
-34.59999952	-0.00257138
-34.56666619	-0.00256009
-34.53333285	-0.00258594
-34.49999952	-0.00250066
-34.46666619	-0.00268566
-34.43333286	-0.00269796
-34.39999952	-0.00277454
-34.36666619	-0.00270570
-34.33333286	-0.00254760
-34.29999952	-0.00267720
-34.26666619	-0.00263860
-34.23333286	-0.00257419
-34.19999952	-0.00266090
-34.16666619	-0.00268440
-34.13333286	-0.00270034
-34.09999953	-0.00274355
-34.06666619	-0.00281942
-34.03333286	-0.00273022
-33.99999953	-0.00268317
-33.96666619	-0.00280184
-33.93333286	-0.00282338
-33.89999953	-0.00284979
-33.86666619	-0.00280134
-33.83333286	-0.00271753
-33.79999953	-0.00277298
-33.76666620	-0.00270663
-33.73333286	-0.00272013
-33.69999953	-0.00284693
-33.66666620	-0.00277672
-33.63333286	-0.00286980
-33.59999953	-0.00283569
-33.56666620	-0.00288515
-33.53333286	-0.00290088
-33.49999953	-0.00298148
-33.46666620	-0.00303071
-33.43333287	-0.00297548
-33.39999953	-0.00291755
-33.36666620	-0.00298120
-33.33333287	-0.00294401
-33.29999953	-0.00307288
-33.26666620	-0.00297270
-33.23333287	-0.00305324
-33.19999953	-0.00310355
-33.16666620	-0.00312706
-33.13333287	-0.00323192
-33.09999954	-0.00309730
-33.06666620	-0.00318260
-33.03333287	-0.00306977
-32.99999954	-0.00301176
-32.96666620	-0.00306894
-32.93333287	-0.00301532
-32.89999954	-0.00301368
-32.86666620	-0.00301330
-32.83333287	-0.00298975
-32.79999954	-0.00303646
-32.76666621	-0.00292539
-32.73333287	-0.00288702
-32.69999954	-0.00296896
-32.66666621	-0.00295166
-32.63333287	-0.00300835
-32.59999954	-0.00302113
-32.56666621	-0.00302850
-32.53333287	-0.00302225
-32.49999954	-0.00296107
-32.46666621	-0.00298050
-32.43333288	-0.00306133
-32.39999954	-0.00303322
-32.36666621	-0.00304713
-32.33333288	-0.00308142
-32.29999954	-0.00312192
-32.26666621	-0.00307779
-32.23333288	-0.00317960
-32.19999954	-0.00305001
-32.16666621	-0.00311810
-32.13333288	-0.00328498
-32.09999955	-0.00314728
-32.06666621	-0.00314640
-32.03333288	-0.00317250
-31.99999955	-0.00304275
-31.96666621	-0.00295218
-31.93333288	-0.00303677
-31.89999955	-0.00302805
-31.86666621	-0.00293938
-31.83333288	-0.00292512
-31.79999955	-0.00291061
-31.76666622	-0.00277441
-31.73333288	-0.00277616
-31.69999955	-0.00281263
-31.66666622	-0.00269546
-31.63333288	-0.00280585
-31.59999955	-0.00281763
-31.56666622	-0.00284162
-31.53333288	-0.00280350
-31.49999955	-0.00269203
-31.46666622	-0.00276525
-31.43333288	-0.00272815
-31.39999955	-0.00273656
-31.36666622	-0.00268157
-31.33333289	-0.00272543
-31.29999955	-0.00276337
-31.26666622	-0.00273440
-31.23333289	-0.00268121
-31.19999955	-0.00266339
-31.16666622	-0.00263369
-31.13333289	-0.00254912
-31.09999955	-0.00262055
-31.06666622	-0.00259118
-31.03333289	-0.00251871
-30.99999956	-0.00254637
-30.96666622	-0.00250201
-30.93333289	-0.00247915
-30.89999956	-0.00228469
-30.86666622	-0.00238054
-30.83333289	-0.00240520
-30.79999956	-0.00241923
-30.76666622	-0.00234611
-30.73333289	-0.00226970
-30.69999956	-0.00228441
-30.66666623	-0.00235505
-30.63333289	-0.00225714
-30.59999956	-0.00224123
-30.56666623	-0.00214864
-30.53333289	-0.00207031
-30.49999956	-0.00212953
-30.46666623	-0.00210570
-30.43333289	-0.00211645
-30.39999956	-0.00212807
-30.36666623	-0.00198082
-30.33333290	-0.00198968
-30.29999956	-0.00201789
-30.26666623	-0.00206784
-30.23333290	-0.00204472
-30.19999956	-0.00193909
-30.16666623	-0.00202252
-30.13333290	-0.00195523
-30.09999956	-0.00209171
-30.06666623	-0.00203709
-30.03333290	-0.00210213
-29.99999957	-0.00212980
-29.96666623	-0.00213402
-29.93333290	-0.00203092
-29.89999957	-0.00206132
-29.86666623	-0.00203748
-29.83333290	-0.00212418
-29.79999957	-0.00203989
-29.76666623	-0.00208757
-29.73333290	-0.00200342
-29.69999957	-0.00195124
-29.66666624	-0.00197721
-29.63333290	-0.00190792
-29.59999957	-0.00192070
-29.56666624	-0.00194750
-29.53333290	-0.00189272
-29.49999957	-0.00191467
-29.46666624	-0.00190293
-29.43333290	-0.00188303
-29.39999957	-0.00188953
-29.36666624	-0.00194657
-29.33333291	-0.00194743
-29.29999957	-0.00197198
-29.26666624	-0.00194060
-29.23333291	-0.00199097
-29.19999957	-0.00194822
-29.16666624	-0.00192340
-29.13333291	-0.00193374
-29.09999957	-0.00193766
-29.06666624	-0.00195441
-29.03333291	-0.00196053
-28.99999958	-0.00199378
-28.96666624	-0.00186390
-28.93333291	-0.00182798
-28.89999958	-0.00180938
-28.86666624	-0.00179814
-28.83333291	-0.00176685
-28.79999958	-0.00179912
-28.76666624	-0.00158080
-28.73333291	-0.00165701
-28.69999958	-0.00163895
-28.66666625	-0.00157301
-28.63333291	-0.00154009
-28.59999958	-0.00156809
-28.56666625	-0.00143971
-28.53333291	-0.00142698
-28.49999958	-0.00128697
-28.46666625	-0.00133742
-28.43333291	-0.00120473
-28.39999958	-0.00118634
-28.36666625	-0.00113024
-28.33333291	-0.00106270
-28.29999958	-0.00099949
-28.26666625	-0.00093185
-28.23333292	-0.00093214
-28.19999958	-0.00087269
-28.16666625	-0.00068606
-28.13333292	-0.00087437
-28.09999958	-0.00070273
-28.06666625	-0.00073052
-28.03333292	-0.00069914
-27.99999958	-0.00064414
-27.96666625	-0.00062638
-27.93333292	-0.00049346
-27.89999959	-0.00043851
-27.86666625	-0.00042230
-27.83333292	-0.00038460
-27.79999959	-0.00035857
-27.76666625	-0.00030764
-27.73333292	-0.00024775
-27.69999959	-0.00015556
-27.66666625	-0.00016174
-27.63333292	-0.00007197
-27.59999959	-0.00010040
-27.56666626	0.00002615
-27.53333292	0.00005558
-27.49999959	-0.00001010
-27.46666626	0.00008605
-27.43333292	-0.00003722
-27.39999959	-0.00011504
-27.36666626	-0.00000089
-27.33333292	0.00003245
-27.29999959	0.00005190
-27.26666626	-0.00002960
-27.23333293	-0.00012374
-27.19999959	-0.00004354
-27.16666626	-0.00008722
-27.13333293	-0.00013347
-27.09999959	-0.00019285
-27.06666626	-0.00017734
-27.03333293	-0.00017591
-26.99999959	-0.00013758
-26.96666626	-0.00017991
-26.93333293	-0.00007312
-26.89999960	-0.00012949
-26.86666626	-0.00018503
-26.83333293	-0.00011890
-26.79999960	-0.00007920
-26.76666626	-0.00007206
-26.73333293	-0.00005410
-26.69999960	-0.00002933
-26.66666626	0.00000896
-26.63333293	-0.00010899
-26.59999960	-0.00016579
-26.56666627	-0.00008777
-26.53333293	-0.00000394
-26.49999960	-0.00003984
-26.46666627	0.00002707
-26.43333293	0.00008928
-26.39999960	-0.00008845
-26.36666627	-0.00003772
-26.33333293	0.00001133
-26.29999960	0.00002111
-26.26666627	-0.00001065
-26.23333294	0.00005089
-26.19999960	0.00008307
-26.16666627	-0.00001568
-26.13333294	0.00005938
-26.09999960	0.00002173
-26.06666627	0.00019965
-26.03333294	0.00009310
-25.99999960	0.00009052
-25.96666627	0.00001864
-25.93333294	0.00010395
-25.89999961	0.00012221
-25.86666627	0.00019335
-25.83333294	0.00013304
-25.79999961	0.00023082
-25.76666627	0.00005296
-25.73333294	0.00018948
-25.69999961	0.00016273
-25.66666627	0.00011550
-25.63333294	0.00008543
-25.59999961	0.00008366
-25.56666628	0.00014617
-25.53333294	0.00021342
-25.49999961	0.00010650
-25.46666628	0.00016580
-25.43333294	0.00022118
-25.39999961	0.00028076
-25.36666628	0.00023330
-25.33333294	0.00014728
-25.29999961	0.00029318
-25.26666628	0.00029492
-25.23333294	0.00034810
-25.19999961	0.00033408
-25.16666628	0.00034743
-25.13333295	0.00026126
-25.09999961	0.00017707
-25.06666628	0.00031856
-25.03333295	0.00027187
-24.99999961	0.00020716
-24.96666628	0.00015398
-24.93333295	0.00008438
-24.89999961	0.00017398
-24.86666628	0.00022413
-24.83333295	0.00020207
-24.79999962	0.00020208
-24.76666628	0.00022551
-24.73333295	0.00026469
-24.69999962	0.00013875
-24.66666628	0.00003092
-24.63333295	0.00011701
-24.59999962	0.00005740
-24.56666628	0.00000459
-24.53333295	-0.00004235
-24.49999962	-0.00015358
-24.46666629	-0.00019994
-24.43333295	-0.00018256
-24.39999962	-0.00028205
-24.36666629	-0.00041198
-24.33333295	-0.00051337
-24.29999962	-0.00051905
-24.26666629	-0.00063718
-24.23333295	-0.00059848
-24.19999962	-0.00072932
-24.16666629	-0.00067852
-24.13333296	-0.00070886
-24.09999962	-0.00072758
-24.06666629	-0.00069005
-24.03333296	-0.00074234
-23.99999962	-0.00083646
-23.96666629	-0.00086215
-23.93333296	-0.00077171
-23.89999962	-0.00088494
-23.86666629	-0.00082171
-23.83333296	-0.00073365
-23.79999963	-0.00075049
-23.76666629	-0.00079198
-23.73333296	-0.00081377
-23.69999963	-0.00085792
-23.66666629	-0.00081625
-23.63333296	-0.00087564
-23.59999963	-0.00084270
-23.56666629	-0.00077395
-23.53333296	-0.00077642
-23.49999963	-0.00081820
-23.46666630	-0.00086633
-23.43333296	-0.00094173
-23.39999963	-0.00097284
-23.36666630	-0.00094209
-23.33333296	-0.00095806
-23.29999963	-0.00083257
-23.26666630	-0.00084324
-23.23333296	-0.00084315
-23.19999963	-0.00096411
-23.16666630	-0.00089842
-23.13333297	-0.00104497
-23.09999963	-0.00081386
-23.06666630	-0.00097799
-23.03333297	-0.00111498
-22.99999963	-0.00105476
-22.96666630	-0.00100949
-22.93333297	-0.00110893
-22.89999963	-0.00104688
-22.86666630	-0.00102559
-22.83333297	-0.00108296
-22.79999964	-0.00112419
-22.76666630	-0.00099564
-22.73333297	-0.00108288
-22.69999964	-0.00115840
-22.66666630	-0.00110451
-22.63333297	-0.00096383
-22.59999964	-0.00094380
-22.56666630	-0.00098078
-22.53333297	-0.00095399
-22.49999964	-0.00090825
-22.46666631	-0.00085292
-22.43333297	-0.00086542
-22.39999964	-0.00098754
-22.36666631	-0.00088014
-22.33333297	-0.00082974
-22.29999964	-0.00093761
-22.26666631	-0.00103173
-22.23333297	-0.00099376
-22.19999964	-0.00097785
-22.16666631	-0.00109304
-22.13333297	-0.00104277
-22.09999964	-0.00103613
-22.06666631	-0.00100742
-22.03333298	-0.00116709
-21.99999964	-0.00119609
-21.96666631	-0.00126387
-21.93333298	-0.00114315
-21.89999964	-0.00125384
-21.86666631	-0.00130684
-21.83333298	-0.00139142
-21.79999964	-0.00143763
-21.76666631	-0.00136391
-21.73333298	-0.00148138
-21.69999965	-0.00142756
-21.66666631	-0.00146545
-21.63333298	-0.00146684
-21.59999965	-0.00155986
-21.56666631	-0.00156321
-21.53333298	-0.00166937
-21.49999965	-0.00155700
-21.46666631	-0.00169549
-21.43333298	-0.00170216
-21.39999965	-0.00178836
-21.36666632	-0.00193364
-21.33333298	-0.00186009
-21.29999965	-0.00180965
-21.26666632	-0.00192658
-21.23333298	-0.00195704
-21.19999965	-0.00198279
-21.16666632	-0.00205098
-21.13333298	-0.00206388
-21.09999965	-0.00206698
-21.06666632	-0.00210813
-21.03333299	-0.00208734
-20.99999965	-0.00216746
-20.96666632	-0.00221514
-20.93333299	-0.00217845
-20.89999965	-0.00231059
-20.86666632	-0.00220852
-20.83333299	-0.00223483
-20.79999965	-0.00219446
-20.76666632	-0.00229174
-20.73333299	-0.00226880
-20.69999966	-0.00234244
-20.66666632	-0.00226200
-20.63333299	-0.00227555
-20.59999966	-0.00224140
-20.56666632	-0.00211794
-20.53333299	-0.00223188
-20.49999966	-0.00214931
-20.46666632	-0.00218643
-20.43333299	-0.00225313
-20.39999966	-0.00223184
-20.36666633	-0.00211863
-20.33333299	-0.00216787
-20.29999966	-0.00218831
-20.26666633	-0.00226865
-20.23333299	-0.00217247
-20.19999966	-0.00221848
-20.16666633	-0.00220829
-20.13333299	-0.00221878
-20.09999966	-0.00229082
-20.06666633	-0.00226402
-20.03333300	-0.00222262
-19.99999966	-0.00213264
-19.96666633	-0.00222629
-19.93333300	-0.00215523
-19.89999966	-0.00212480
-19.86666633	-0.00227867
-19.83333300	-0.00206815
-19.79999966	-0.00203725
-19.76666633	-0.00205439
-19.73333300	-0.00200776
-19.69999967	-0.00198632
-19.66666633	-0.00202194
-19.63333300	-0.00194152
-19.59999967	-0.00194971
-19.56666633	-0.00191300
-19.53333300	-0.00187548
-19.49999967	-0.00187025
-19.46666633	-0.00175243
-19.43333300	-0.00166139
-19.39999967	-0.00168080
-19.36666633	-0.00162423
-19.33333300	-0.00161656
-19.29999967	-0.00145286
-19.26666634	-0.00151157
-19.23333300	-0.00146562
-19.19999967	-0.00129075
-19.16666634	-0.00120788
-19.13333300	-0.00125705
-19.09999967	-0.00125294
-19.06666634	-0.00112844
-19.03333300	-0.00102988
-18.99999967	-0.00101252
-18.96666634	-0.00095446
-18.93333301	-0.00100751
-18.89999967	-0.00087864
-18.86666634	-0.00086489
-18.83333301	-0.00082123
-18.79999967	-0.00091548
-18.76666634	-0.00090283
-18.73333301	-0.00087926
-18.69999967	-0.00078712
-18.66666634	-0.00082668
-18.63333301	-0.00075281
-18.59999968	-0.00080808
-18.56666634	-0.00089931
-18.53333301	-0.00078771
-18.49999968	-0.00089108
-18.46666634	-0.00079145
-18.43333301	-0.00076798
-18.39999968	-0.00070265
-18.36666634	-0.00080048
-18.33333301	-0.00073334
-18.29999968	-0.00077177
-18.26666635	-0.00073109
-18.23333301	-0.00075847
-18.19999968	-0.00065722
-18.16666635	-0.00058637
-18.13333301	-0.00069536
-18.09999968	-0.00063989
-18.06666635	-0.00059794
-18.03333301	-0.00048020
-17.99999968	-0.00039596
-17.96666635	-0.00043705
-17.93333302	-0.00038582
-17.89999968	-0.00029433
-17.86666635	-0.00028004
-17.83333302	-0.00017351
-17.79999968	-0.00008682
-17.76666635	-0.00009982
-17.73333302	0.00001700
-17.69999968	-0.00003714
-17.66666635	-0.00003443
-17.63333302	0.00006060
-17.59999969	0.00011967
-17.56666635	0.00025883
-17.53333302	0.00032893
-17.49999969	0.00024053
-17.46666635	0.00026099
-17.43333302	0.00033053
-17.39999969	0.00027481
-17.36666635	0.00034753
-17.33333302	0.00038800
-17.29999969	0.00036799
-17.26666636	0.00034397
-17.23333302	0.00032487
-17.19999969	0.00028160
-17.16666636	0.00039918
-17.13333302	0.00046945
-17.09999969	0.00039126
-17.06666636	0.00033393
-17.03333302	0.00027412
-16.99999969	0.00032289
-16.96666636	0.00028932
-16.93333303	0.00019975
-16.89999969	0.00015093
-16.86666636	0.00006970
-16.83333303	-0.00008947
-16.79999969	-0.00022055
-16.76666636	-0.00030018
-16.73333303	-0.00048072
-16.69999969	-0.00055288
-16.66666636	-0.00069646
-16.63333303	-0.00072575
-16.59999970	-0.00101581
-16.56666636	-0.00105356
-16.53333303	-0.00121319
-16.49999970	-0.00130592
-16.46666636	-0.00154668
-16.43333303	-0.00167533
-16.39999970	-0.00180970
-16.36666636	-0.00184130
-16.33333303	-0.00202915
-16.29999970	-0.00212537
-16.26666636	-0.00228682
-16.23333303	-0.00220208
-16.19999970	-0.00224779
-16.16666637	-0.00229305
-16.13333303	-0.00239683
-16.09999970	-0.00232373
-16.06666637	-0.00240319
-16.03333303	-0.00238048
-15.99999970	-0.00232834
-15.96666637	-0.00238401
-15.93333303	-0.00237716
-15.89999970	-0.00235026
-15.86666637	-0.00216709
-15.83333304	-0.00224986
-15.79999970	-0.00211008
-15.76666637	-0.00212021
-15.73333304	-0.00199800
-15.69999970	-0.00195704
-15.66666637	-0.00196046
-15.63333304	-0.00185389
-15.59999970	-0.00180679
-15.56666637	-0.00179847
-15.53333304	-0.00172166
-15.49999971	-0.00173898
-15.46666637	-0.00159669
-15.43333304	-0.00157065
-15.39999971	-0.00154050
-15.36666637	-0.00148010
-15.33333304	-0.00143438
-15.29999971	-0.00126016
-15.26666637	-0.00127861
-15.23333304	-0.00128953
-15.19999971	-0.00118948
-15.16666638	-0.00110917
-15.13333304	-0.00106647
-15.09999971	-0.00095747
-15.06666638	-0.00076269
-15.03333304	-0.00072398
-14.99999971	-0.00064523
-14.96666638	-0.00059252
-14.93333304	-0.00043207
-14.89999971	-0.00040683
-14.86666638	-0.00037249
-14.83333305	-0.00018898
-14.79999971	-0.00020785
-14.76666638	-0.00016034
-14.73333305	-0.00000182
-14.69999971	0.00016014
-14.66666638	0.00021337
-14.63333305	0.00033448
-14.59999971	0.00037521
-14.56666638	0.00054555
-14.53333305	0.00058463
-14.49999972	0.00068145
-14.46666638	0.00076002
-14.43333305	0.00078892
-14.39999972	0.00093789
-14.36666638	0.00088489
-14.33333305	0.00097578
-14.29999972	0.00102112
-14.26666638	0.00107788
-14.23333305	0.00114893
-14.19999972	0.00115178
-14.16666639	0.00124471
-14.13333305	0.00128033
-14.09999972	0.00126237
-14.06666639	0.00131589
-14.03333305	0.00144699
-13.99999972	0.00147573
-13.96666639	0.00159838
-13.93333305	0.00158170
-13.89999972	0.00155455
-13.86666639	0.00175599
-13.83333306	0.00174978
-13.79999972	0.00185552
-13.76666639	0.00204703
-13.73333306	0.00203418
-13.69999972	0.00223266
-13.66666639	0.00225346
-13.63333306	0.00243175
-13.59999972	0.00253123
-13.56666639	0.00264436
-13.53333306	0.00262050
-13.49999973	0.00282910
-13.46666639	0.00288822
-13.43333306	0.00304916
-13.39999973	0.00308975
-13.36666639	0.00323495
-13.33333306	0.00336067
-13.29999973	0.00343093
-13.26666639	0.00348130
-13.23333306	0.00363679
-13.19999973	0.00377581
-13.16666639	0.00380104
-13.13333306	0.00393709
-13.09999973	0.00403070
-13.06666640	0.00416310
-13.03333306	0.00423170
-12.99999973	0.00441127
-12.96666640	0.00446355
-12.93333306	0.00460371
-12.89999973	0.00467802
-12.86666640	0.00486279
-12.83333306	0.00489543
-12.79999973	0.00504801
-12.76666640	0.00513017
-12.73333307	0.00525410
-12.69999973	0.00528532
-12.66666640	0.00533654
-12.63333307	0.00534270
-12.59999973	0.00545458
-12.56666640	0.00557314
-12.53333307	0.00548702
-12.49999973	0.00554854
-12.46666640	0.00553497
-12.43333307	0.00555626
-12.39999974	0.00552946
-12.36666640	0.00554000
-12.33333307	0.00547877
-12.29999974	0.00545053
-12.26666640	0.00538921
-12.23333307	0.00543014
-12.19999974	0.00530892
-12.16666640	0.00525689
-12.13333307	0.00506364
-12.09999974	0.00500074
-12.06666641	0.00495599
-12.03333307	0.00478698
-11.99999974	0.00474324
-11.96666641	0.00456499
-11.93333307	0.00456105
-11.89999974	0.00444674
-11.86666641	0.00447394
-11.83333307	0.00446873
-11.79999974	0.00439307
-11.76666641	0.00426245
-11.73333308	0.00428663
-11.69999974	0.00433220
-11.66666641	0.00436104
-11.63333308	0.00437937
-11.59999974	0.00464868
-11.56666641	0.00466389
-11.53333308	0.00483455
-11.49999974	0.00497124
-11.46666641	0.00513487
-11.43333308	0.00531400
-11.39999975	0.00568661
-11.36666641	0.00604320
-11.33333308	0.00622181
-11.29999975	0.00669236
-11.26666641	0.00706324
-11.23333308	0.00738626
-11.19999975	0.00785180
-11.16666641	0.00825526
-11.13333308	0.00879184
-11.09999975	0.00925623
-11.06666642	0.00978829
-11.03333308	0.01030698
-10.99999975	0.01085818
-10.96666642	0.01157133
-10.93333308	0.01221606
-10.89999975	0.01291718
-10.86666642	0.01370593
-10.83333308	0.01439105
-10.79999975	0.01525932
-10.76666642	0.01613393
-10.73333309	0.01711634
-10.69999975	0.01801349
-10.66666642	0.01910265
-10.63333309	0.02018572
-10.59999975	0.02128696
-10.56666642	0.02263569
-10.53333309	0.02394585
-10.49999975	0.02516797
-10.46666642	0.02657904
-10.43333309	0.02832737
-10.39999976	0.02974438
-10.36666642	0.03139035
-10.33333309	0.03307984
-10.29999976	0.03485338
-10.26666642	0.03678351
-10.23333309	0.03878236
-10.19999976	0.04072212
-10.16666642	0.04279272
-10.13333309	0.04494084
-10.09999976	0.04701466
-10.06666642	0.04927074
-10.03333309	0.05124416
-9.99999976	0.05344130
-9.96666643	0.05536277
-9.93333309	0.05721777
-9.89999976	0.05898454
-9.86666643	0.06067150
-9.83333309	0.06196099
-9.79999976	0.06306463
-9.76666643	0.06375650
-9.73333309	0.06420873
-9.69999976	0.06405551
-9.66666643	0.06346730
-9.63333310	0.06240828
-9.59999976	0.06068588
-9.56666643	0.05833048
-9.53333310	0.05527886
-9.49999976	0.05152362
-9.46666643	0.04707289
-9.43333310	0.04181432
-9.39999976	0.03581365
-9.36666643	0.02884182
-9.33333310	0.02126177
-9.29999977	0.01289471
-9.26666643	0.00384200
-9.23333310	-0.00597487
-9.19999977	-0.01637674
-9.16666643	-0.02741627
-9.13333310	-0.03881647
-9.09999977	-0.05052814
-9.06666643	-0.06252998
-9.03333310	-0.07455564
-8.99999977	-0.08671848
-8.96666644	-0.09873929
-8.93333310	-0.11059861
-8.89999977	-0.12194319
-8.86666644	-0.13286577
-8.83333310	-0.14326381
-8.79999977	-0.15309530
-8.76666644	-0.16196287
-8.73333310	-0.17001595
-8.69999977	-0.17703489
-8.66666644	-0.18314803
-8.63333311	-0.18815409
-8.59999977	-0.19195121
-8.56666644	-0.19472920
-8.53333311	-0.19613833
-8.49999977	-0.19654881
-8.46666644	-0.19575456
-8.43333311	-0.19401176
-8.39999977	-0.19099546
-8.36666644	-0.18699387
-8.33333311	-0.18197775
-8.29999978	-0.17610138
-8.26666644	-0.16942350
-8.23333311	-0.16200202
-8.19999978	-0.15385899
-8.16666644	-0.14518728
-8.13333311	-0.13595391
-8.09999978	-0.12641688
-8.06666644	-0.11648910
-8.03333311	-0.10633913
-7.99999978	-0.09616326
-7.96666645	-0.08582983
-7.93333311	-0.07549075
-7.89999978	-0.06531441
-7.86666645	-0.05537269
-7.83333311	-0.04556859
-7.79999978	-0.03594127
-7.76666645	-0.02675529
-7.73333311	-0.01782297
-7.69999978	-0.00933195
-7.66666645	-0.00139710
-7.63333312	0.00615634
-7.59999978	0.01325625
-7.56666645	0.01996107
-7.53333312	0.02614938
-7.49999978	0.03191052
-7.46666645	0.03712753
-7.43333312	0.04203000
-7.39999978	0.04648087
-7.36666645	0.05040805
-7.33333312	0.05400128
-7.29999979	0.05722653
-7.26666645	0.06018439
-7.23333312	0.06278451
-7.19999979	0.06508211
-7.16666645	0.06706805
-7.13333312	0.06881545
-7.09999979	0.07050942
-7.06666645	0.07176717
-7.03333312	0.07294957
-6.99999979	0.07399858
-6.96666645	0.07491406
-6.93333312	0.07570036
-6.89999979	0.07621304
-6.86666646	0.07681123
-6.83333312	0.07729180
-6.79999979	0.07762792
-6.76666646	0.07785621
-6.73333312	0.07819517
-6.69999979	0.07836383
-6.66666646	0.07851312
-6.63333312	0.07859610
-6.59999979	0.07874362
-6.56666646	0.07870941
-6.53333313	0.07840266
-6.49999979	0.07833337
-6.46666646	0.07796674
-6.43333313	0.07782126
-6.39999979	0.07732336
-6.36666646	0.07692707
-6.33333313	0.07622174
-6.29999979	0.07563928
-6.26666646	0.07492283
-6.23333313	0.07402671
-6.19999980	0.07312364
-6.16666646	0.07212190
-6.13333313	0.07090929
-6.09999980	0.06979994
-6.06666646	0.06847752
-6.03333313	0.06706754
-5.99999980	0.06559509
-5.96666646	0.06409044
-5.93333313	0.06250086
-5.89999980	0.06088957
-5.86666647	0.05923332
-5.83333313	0.05743521
-5.79999980	0.05569902
-5.76666647	0.05388239
-5.73333313	0.05201307
-5.69999980	0.05016772
-5.66666647	0.04837896
-5.63333313	0.04655339
-5.59999980	0.04487053
-5.56666647	0.04298418
-5.53333314	0.04131768
-5.49999980	0.03959973
-5.46666647	0.03802930
-5.43333314	0.03645266
-5.39999980	0.03474444
-5.36666647	0.03328658
-5.33333314	0.03178966
-5.29999980	0.03039515
-5.26666647	0.02916285
-5.23333314	0.02785247
-5.19999981	0.02666760
-5.16666647	0.02548864
-5.13333314	0.02443662
-5.09999981	0.02343365
-5.06666647	0.02248096
-5.03333314	0.02154308
-4.99999981	0.02062228
-4.96666647	0.01987109
-4.93333314	0.01902048
-4.89999981	0.01836084
-4.86666648	0.01766444
-4.83333314	0.01704975
-4.79999981	0.01629022
-4.76666648	0.01573963
-4.73333314	0.01515064
-4.69999981	0.01461849
-4.66666648	0.01407253
-4.63333314	0.01358747
-4.59999981	0.01292450
-4.56666648	0.01241043
-4.53333315	0.01192409
-4.49999981	0.01141595
-4.46666648	0.01092725
-4.43333315	0.01038048
-4.39999981	0.00980411
-4.36666648	0.00927184
-4.33333315	0.00868886
-4.29999981	0.00819112
-4.26666648	0.00763511
-4.23333315	0.00710272
-4.19999982	0.00661771
-4.16666648	0.00599189
-4.13333315	0.00547670
-4.09999982	0.00482023
-4.06666648	0.00434912
-4.03333315	0.00369717
-3.99999982	0.00307850
-3.96666648	0.00241760
-3.93333315	0.00195363
-3.89999982	0.00147227
-3.86666648	0.00079872
-3.83333315	0.00026430
-3.79999982	-0.00024762
-3.76666649	-0.00071805
-3.73333315	-0.00119567
-3.69999982	-0.00172898
-3.66666649	-0.00217942
-3.63333315	-0.00256951
-3.59999982	-0.00293635
-3.56666649	-0.00343484
-3.53333315	-0.00365188
-3.49999982	-0.00400813
-3.46666649	-0.00443003
-3.43333316	-0.00478147
-3.39999982	-0.00493390
-3.36666649	-0.00513684
-3.33333316	-0.00533048
-3.29999982	-0.00548027
-3.26666649	-0.00559110
-3.23333316	-0.00560201
-3.19999982	-0.00571157
-3.16666649	-0.00576740
-3.13333316	-0.00570875
-3.09999983	-0.00564287
-3.06666649	-0.00561696
-3.03333316	-0.00564901
-2.99999983	-0.00546665
-2.96666649	-0.00541725
-2.93333316	-0.00541022
-2.89999983	-0.00530853
-2.86666649	-0.00519643
-2.83333316	-0.00508756
-2.79999983	-0.00492129
-2.76666650	-0.00487936
-2.73333316	-0.00472185
-2.69999983	-0.00466890
-2.66666650	-0.00463553
-2.63333316	-0.00459424
-2.59999983	-0.00449037
-2.56666650	-0.00450866
-2.53333316	-0.00441789
-2.49999983	-0.00433459
-2.46666650	-0.00430845
-2.43333317	-0.00441201
-2.39999983	-0.00441886
-2.36666650	-0.00439761
-2.33333317	-0.00440378
-2.29999983	-0.00442316
-2.26666650	-0.00461110
-2.23333317	-0.00459394
-2.19999983	-0.00461160
-2.16666650	-0.00454495
-2.13333317	-0.00455119
-2.09999984	-0.00471869
-2.06666650	-0.00473716
-2.03333317	-0.00470457
-1.99999984	-0.00479818
-1.96666650	-0.00475311
-1.93333317	-0.00470233
-1.89999984	-0.00468784
-1.86666650	-0.00450065
-1.83333317	-0.00451643
-1.79999984	-0.00440236
-1.76666651	-0.00417200
-1.73333317	-0.00415318
-1.69999984	-0.00405559
-1.66666651	-0.00389687
-1.63333317	-0.00382603
-1.59999984	-0.00369244
-1.56666651	-0.00345188
-1.53333317	-0.00339142
-1.49999984	-0.00317639
-1.46666651	-0.00307727
-1.43333318	-0.00307771
-1.39999984	-0.00295250
-1.36666651	-0.00285443
-1.33333318	-0.00272907
-1.29999984	-0.00271376
-1.26666651	-0.00274810
-1.23333318	-0.00267265
-1.19999984	-0.00254024
-1.16666651	-0.00262119
-1.13333318	-0.00264894
-1.09999985	-0.00264497
-1.06666651	-0.00265474
-1.03333318	-0.00264050
-0.99999985	-0.00268614
-0.96666651	-0.00268493
-0.93333318	-0.00281984
-0.89999985	-0.00290686
-0.86666651	-0.00289854
-0.83333318	-0.00290092
-0.79999985	-0.00300103
-0.76666651	-0.00304074
-0.73333318	-0.00316285
-0.69999985	-0.00326082
-0.66666652	-0.00332253
-0.63333318	-0.00332274
-0.59999985	-0.00348985
-0.56666652	-0.00347426
-0.53333318	-0.00356832
-0.49999985	-0.00359602
-0.46666652	-0.00362755
-0.43333318	-0.00363066
-0.39999985	-0.00369075
-0.36666652	-0.00368318
-0.33333319	-0.00363791
-0.29999985	-0.00358449
-0.26666652	-0.00354081
-0.23333319	-0.00349696
-0.19999985	-0.00336940
-0.16666652	-0.00322893
-0.13333319	-0.00311058
-0.09999985	-0.00296752
-0.06666652	-0.00279006
-0.03333319	-0.00258519
0.00000014	-0.00223301
0.03333348	-0.00206860
0.06666681	-0.00174054
0.10000014	-0.00145977
0.13333348	-0.00122615
0.16666681	-0.00092065
0.20000014	-0.00052479
0.23333348	-0.00025164
0.26666681	-0.00001219
0.30000014	0.00027323
0.33333347	0.00066557
0.36666681	0.00075441
0.40000014	0.00102560
0.43333347	0.00111929
0.46666681	0.00130748
0.50000014	0.00143361
0.53333347	0.00161763
0.56666681	0.00157504
0.60000014	0.00165860
0.63333347	0.00161544
0.66666680	0.00148352
0.70000014	0.00142873
0.73333347	0.00123434
0.76666680	0.00128473
0.80000014	0.00109216
0.83333347	0.00084782
0.86666680	0.00077522
0.90000014	0.00046276
0.93333347	0.00032223
0.96666680	0.00003784
1.00000013	-0.00019445
1.03333347	-0.00056483
1.06666680	-0.00084499
1.10000013	-0.00114448
1.13333347	-0.00135782
1.16666680	-0.00166233
1.20000013	-0.00190543
1.23333347	-0.00211994
1.26666680	-0.00232052
1.30000013	-0.00254656
1.33333346	-0.00271330
1.36666680	-0.00284456
1.40000013	-0.00282538
1.43333346	-0.00288704
1.46666680	-0.00287636
1.50000013	-0.00297694
1.53333346	-0.00291719
1.56666680	-0.00279835
1.60000013	-0.00284144
1.63333346	-0.00275659
1.66666679	-0.00243871
1.70000013	-0.00225530
1.73333346	-0.00213064
1.76666679	-0.00198767
1.80000013	-0.00174665
1.83333346	-0.00145657
1.86666679	-0.00114960
1.90000013	-0.00085298
1.93333346	-0.00068181
1.96666679	-0.00043753
2.00000012	-0.00009285
2.03333346	0.00018656
2.06666679	0.00053590
2.10000012	0.00066677
2.13333346	0.00082060
2.16666679	0.00097155
2.20000012	0.00119328
2.23333346	0.00134426
2.26666679	0.00142523
2.30000012	0.00143709
2.33333346	0.00160802
2.36666679	0.00165921
2.40000012	0.00169400
2.43333345	0.00172129
2.46666679	0.00164916
2.50000012	0.00174464
2.53333345	0.00167642
2.56666679	0.00145127
2.60000012	0.00137570
2.63333345	0.00125176
2.66666679	0.00106860
2.70000012	0.00105243
2.73333345	0.00084688
2.76666678	0.00073988
2.80000012	0.00058324
2.83333345	0.00050808
2.86666678	0.00036852
2.90000012	0.00024026
2.93333345	0.00004932
2.96666678	-0.00018450
3.00000012	-0.00020168
3.03333345	-0.00030873
3.06666678	-0.00037181
3.10000011	-0.00042075
3.13333345	-0.00047684
3.16666678	-0.00053871
3.20000011	-0.00048341
3.23333345	-0.00055791
3.26666678	-0.00054867
3.30000011	-0.00056148
3.33333345	-0.00053948
3.36666678	-0.00056913
3.40000011	-0.00040830
3.43333344	-0.00025401
3.46666678	-0.00024785
3.50000011	-0.00027747
3.53333344	-0.00024454
3.56666678	-0.00002126
3.60000011	0.00000560
3.63333344	0.00001103
3.66666678	0.00026382
3.70000011	0.00027653
3.73333344	0.00033177
3.76666677	0.00046487
3.80000011	0.00044764
3.83333344	0.00056531
3.86666677	0.00070405
3.90000011	0.00071498
3.93333344	0.00086383
3.96666677	0.00098687
4.00000011	0.00098947
4.03333344	0.00115718
4.06666677	0.00121392
4.10000010	0.00126573
4.13333344	0.00135155
4.16666677	0.00132942
4.20000010	0.00140414
4.23333344	0.00130678
4.26666677	0.00136784
4.30000010	0.00132625
4.33333344	0.00133136
4.36666677	0.00144700
4.40000010	0.00141616
4.43333343	0.00151624
4.46666677	0.00136952
4.50000010	0.00135569
4.53333343	0.00140437
4.56666677	0.00140755
4.60000010	0.00128121
4.63333343	0.00130215
4.66666677	0.00129394
4.70000010	0.00128530
4.73333343	0.00122710
4.76666676	0.00123146
4.80000010	0.00132060
4.83333343	0.00129812
4.86666676	0.00123583
4.90000010	0.00121771
4.93333343	0.00136214
4.96666676	0.00144863
5.00000010	0.00134322
5.03333343	0.00133975
5.06666676	0.00140813
5.10000009	0.00140917
5.13333343	0.00159761
5.16666676	0.00167362
5.20000009	0.00177096
5.23333343	0.00199159
5.26666676	0.00192376
5.30000009	0.00211013
5.33333343	0.00222321
5.36666676	0.00230013
5.40000009	0.00246231
5.43333343	0.00262624
5.46666676	0.00278236
5.50000009	0.00295862
5.53333342	0.00291605
5.56666676	0.00306560
5.60000009	0.00306682
5.63333342	0.00314006
5.66666676	0.00318142
5.70000009	0.00329884
5.73333342	0.00330068
5.76666676	0.00322071
5.80000009	0.00312980
5.83333342	0.00325013
5.86666675	0.00312680
5.90000009	0.00303115
5.93333342	0.00296381
5.96666675	0.00295172
6.00000009	0.00277910
6.03333342	0.00267618
6.06666675	0.00252058
6.10000009	0.00241560
6.13333342	0.00221800
6.16666675	0.00212405
6.20000008	0.00200571
6.23333342	0.00187717
6.26666675	0.00168925
6.30000008	0.00158441
6.33333342	0.00135862
6.36666675	0.00120706
6.40000008	0.00111620
6.43333342	0.00090934
6.46666675	0.00089192
6.50000008	0.00080865
6.53333341	0.00069246
6.56666675	0.00058454
6.60000008	0.00050877
6.63333341	0.00039978
6.66666675	0.00032618
6.70000008	0.00025774
6.73333341	0.00020942
6.76666675	0.00022726
6.80000008	0.00013111
6.83333341	0.00014843
6.86666674	0.00023733
6.90000008	0.00018192
6.93333341	0.00017886
6.96666674	0.00017312
7.00000008	0.00037859
7.03333341	0.00037440
7.06666674	0.00042041
7.10000008	0.00051204
7.13333341	0.00045900
7.16666674	0.00038117
7.20000007	0.00053396
7.23333341	0.00055389
7.26666674	0.00052935
7.30000007	0.00051487
7.33333341	0.00055449
7.36666674	0.00051096
7.40000007	0.00050434
7.43333341	0.00051673
7.46666674	0.00043820
7.50000007	0.00034628
7.53333340	0.00029417
7.56666674	0.00024905
7.60000007	0.00015607
7.63333340	0.00010671
7.66666674	-0.00002870
7.70000007	-0.00019166
7.73333340	-0.00018566
7.76666674	-0.00040674
7.80000007	-0.00049915
7.83333340	-0.00067825
7.86666673	-0.00095085
7.90000007	-0.00091696
7.93333340	-0.00109457
7.96666673	-0.00114436
8.00000007	-0.00123813
8.03333340	-0.00133211
8.06666673	-0.00162469
8.10000007	-0.00166590
8.13333340	-0.00178827
8.16666673	-0.00202623
8.20000007	-0.00199662
8.23333340	-0.00211956
8.26666673	-0.00228524
8.30000006	-0.00238714
8.33333340	-0.00240820
8.36666673	-0.00245006
8.40000006	-0.00255221
8.43333340	-0.00254585
8.46666673	-0.00258442
8.50000006	-0.00250232
8.53333340	-0.00263629
8.56666673	-0.00256766
8.60000006	-0.00256286
8.63333339	-0.00261792
8.66666673	-0.00257437
8.70000006	-0.00261872
8.73333339	-0.00253984
8.76666673	-0.00249769
8.80000006	-0.00260879
8.83333339	-0.00253521
8.86666673	-0.00242950
8.90000006	-0.00244894
8.93333339	-0.00243693
8.96666672	-0.00241464
9.00000006	-0.00238238
9.03333339	-0.00237275
9.06666672	-0.00232184
9.10000006	-0.00222156
9.13333339	-0.00225569
9.16666672	-0.00229563
9.20000006	-0.00230645
9.23333339	-0.00222645
9.26666672	-0.00230736
9.30000005	-0.00226370
9.33333339	-0.00228997
9.36666672	-0.00229772
9.40000005	-0.00226502
9.43333339	-0.00230433
9.46666672	-0.00218615
9.50000005	-0.00239118
9.53333339	-0.00243591
9.56666672	-0.00241722
9.60000005	-0.00246720
9.63333338	-0.00242741
9.66666672	-0.00242328
9.70000005	-0.00245211
9.73333338	-0.00252417
9.76666672	-0.00249000
9.80000005	-0.00249658
9.83333338	-0.00250831
9.86666672	-0.00258348
9.90000005	-0.00252467
9.93333338	-0.00241575
9.96666671	-0.00241105
10.00000005	-0.00243620
10.03333338	-0.00236632
10.06666671	-0.00229405
10.10000005	-0.00232566
10.13333338	-0.00224493
10.16666671	-0.00231870
10.20000005	-0.00221237
10.23333338	-0.00217550
10.26666671	-0.00211564
10.30000004	-0.00212371
10.33333338	-0.00197632
10.36666671	-0.00189970
10.40000004	-0.00183040
10.43333338	-0.00176154
10.46666671	-0.00168749
10.50000004	-0.00164383
10.53333338	-0.00151850
10.56666671	-0.00151769
10.60000004	-0.00136950
10.63333337	-0.00130095
10.66666671	-0.00120143
10.70000004	-0.00112683
10.73333337	-0.00099356
10.76666671	-0.00095059
10.80000004	-0.00090231
10.83333337	-0.00081934
10.86666671	-0.00070060
10.90000004	-0.00067291
10.93333337	-0.00061363
10.96666670	-0.00050380
11.00000004	-0.00049716
11.03333337	-0.00045346
11.06666670	-0.00044476
11.10000004	-0.00039733
11.13333337	-0.00034056
11.16666670	-0.00032738
11.20000004	-0.00036426
11.23333337	-0.00030859
11.26666670	-0.00027238
11.30000004	-0.00026730
11.33333337	-0.00029070
11.36666670	-0.00031627
11.40000003	-0.00030978
11.43333337	-0.00032334
11.46666670	-0.00031106
11.50000003	-0.00030809
11.53333337	-0.00034832
11.56666670	-0.00031385
11.60000003	-0.00037886
11.63333337	-0.00037947
11.66666670	-0.00042332
11.70000003	-0.00043656
11.73333336	-0.00046818
11.76666670	-0.00048452
11.80000003	-0.00053438
11.83333336	-0.00051172
11.86666670	-0.00058110
11.90000003	-0.00060144
11.93333336	-0.00059239
11.96666670	-0.00059884
12.00000003	-0.00057940
12.03333336	-0.00061322
12.06666669	-0.00060807
12.10000003	-0.00062684
12.13333336	-0.00061048
12.16666669	-0.00056841
12.20000003	-0.00058944
12.23333336	-0.00059803
12.26666669	-0.00061915
12.30000003	-0.00060238
12.33333336	-0.00057311
12.36666669	-0.00058754
12.40000002	-0.00058757
12.43333336	-0.00058925
12.46666669	-0.00055968
12.50000002	-0.00054646
12.53333336	-0.00055117
12.56666669	-0.00053830
12.60000002	-0.00052259
12.63333336	-0.00048812
12.66666669	-0.00048370
12.70000002	-0.00049000
12.73333335	-0.00047378
12.76666669	-0.00046577
12.80000002	-0.00045658
12.83333335	-0.00045363
12.86666669	-0.00044952
12.90000002	-0.00043003
12.93333335	-0.00042764
12.96666669	-0.00042475
13.00000002	-0.00042505
13.03333335	-0.00041283
13.06666668	-0.00041820
13.10000002	-0.00039542
13.13333335	-0.00038467
13.16666668	-0.00038604
13.20000002	-0.00037461
13.23333335	-0.00037477
13.26666668	-0.00036086
13.30000002	-0.00034987
13.33333335	-0.00033389
13.36666668	-0.00032842
13.40000001	-0.00031294
13.43333335	-0.00030113
13.46666668	-0.00029046
13.50000001	-0.00028302
13.53333335	-0.00027234
13.56666668	-0.00026383
13.60000001	-0.00025548
13.63333335	-0.00023476
13.66666668	-0.00022796
13.70000001	-0.00021219
13.73333334	-0.00020668
13.76666668	-0.00019249
13.80000001	-0.00018318
13.83333334	-0.00016930
13.86666668	-0.00016101
13.90000001	-0.00014736
13.93333334	-0.00013866
13.96666668	-0.00012843
14.00000001	-0.00011508
14.03333334	-0.00010674
14.06666667	-0.00009639
14.10000001	-0.00008734
14.13333334	-0.00007944
14.16666667	-0.00007285
14.20000001	-0.00006397
14.23333334	-0.00005709
14.26666667	-0.00005005
14.30000001	-0.00004332
14.33333334	-0.00003951
14.36666667	-0.00003352
14.40000001	-0.00002803
14.43333334	-0.00002527
14.46666667	-0.00002134
14.50000000	-0.00001792
14.53333334	-0.00001472
14.56666667	-0.00001158
14.60000000	-0.00000952
14.63333334	-0.00000729
14.66666667	-0.00000543
14.70000000	-0.00000400
14.73333334	-0.00000272
14.76666667	-0.00000170
14.80000000	-0.00000094
14.83333333	-0.00000041
14.86666667	-0.00000010
14.90000000	0.00000000
