# Menlo Systems GmbH ScanControl
# Program Version 1.3.3
# Start: -65.00000000 ps, Average over 1000 waveforms. Timestamp: 2020-01-12T20:49:35
# Time [ps]	THz Signal [a.u.]
-65.06666595	0.00000000
-65.03333262	0.00000002
-64.99999929	0.00000008
-64.96666595	0.00000017
-64.93333262	0.00000028
-64.89999929	0.00000032
-64.86666595	0.00000057
-64.83333262	0.00000056
-64.79999929	0.00000088
-64.76666595	0.00000063
-64.73333262	0.00000106
-64.69999929	0.00000043
-64.66666596	0.00000063
-64.63333262	0.00000038
-64.59999929	-0.00000035
-64.56666596	-0.00000171
-64.53333262	-0.00000171
-64.49999929	-0.00000168
-64.46666596	-0.00000366
-64.43333262	-0.00000408
-64.39999929	-0.00000592
-64.36666596	-0.00000399
-64.33333263	-0.00000510
-64.29999929	-0.00000505
-64.26666596	-0.00000723
-64.23333263	-0.00001017
-64.19999929	-0.00000977
-64.16666596	-0.00001348
-64.13333263	-0.00001391
-64.09999929	-0.00001252
-64.06666596	-0.00001435
-64.03333263	-0.00002163
-63.99999929	-0.00002490
-63.96666596	-0.00002182
-63.93333263	-0.00003209
-63.89999930	-0.00003149
-63.86666596	-0.00003562
-63.83333263	-0.00004180
-63.79999930	-0.00003935
-63.76666596	-0.00004603
-63.73333263	-0.00004423
-63.69999930	-0.00005162
-63.66666596	-0.00005482
-63.63333263	-0.00006196
-63.59999930	-0.00006378
-63.56666597	-0.00006390
-63.53333263	-0.00006026
-63.49999930	-0.00007224
-63.46666597	-0.00007631
-63.43333263	-0.00008614
-63.39999930	-0.00008741
-63.36666597	-0.00009386
-63.33333263	-0.00009593
-63.29999930	-0.00010839
-63.26666597	-0.00009275
-63.23333263	-0.00011062
-63.19999930	-0.00011000
-63.16666597	-0.00011188
-63.13333264	-0.00012825
-63.09999930	-0.00011329
-63.06666597	-0.00011846
-63.03333264	-0.00011819
-62.99999930	-0.00010709
-62.96666597	-0.00009748
-62.93333264	-0.00008366
-62.89999930	-0.00007854
-62.86666597	-0.00005860
-62.83333264	-0.00004704
-62.79999931	-0.00005760
-62.76666597	-0.00004296
-62.73333264	-0.00003835
-62.69999931	-0.00002220
-62.66666597	-0.00003135
-62.63333264	0.00001901
-62.59999931	0.00001793
-62.56666597	0.00006246
-62.53333264	0.00008009
-62.49999931	0.00007653
-62.46666598	0.00011163
-62.43333264	0.00013126
-62.39999931	0.00015795
-62.36666598	0.00018701
-62.33333264	0.00017650
-62.29999931	0.00023891
-62.26666598	0.00026189
-62.23333264	0.00026043
-62.19999931	0.00030097
-62.16666598	0.00034831
-62.13333264	0.00040807
-62.09999931	0.00039570
-62.06666598	0.00042373
-62.03333265	0.00048996
-61.99999931	0.00050754
-61.96666598	0.00051837
-61.93333265	0.00053704
-61.89999931	0.00060460
-61.86666598	0.00062438
-61.83333265	0.00067882
-61.79999931	0.00071109
-61.76666598	0.00076459
-61.73333265	0.00079800
-61.69999932	0.00082006
-61.66666598	0.00084336
-61.63333265	0.00092962
-61.59999932	0.00098945
-61.56666598	0.00102798
-61.53333265	0.00106197
-61.49999932	0.00116486
-61.46666598	0.00115290
-61.43333265	0.00120750
-61.39999932	0.00121719
-61.36666598	0.00128556
-61.33333265	0.00137203
-61.29999932	0.00139389
-61.26666599	0.00141710
-61.23333265	0.00149405
-61.19999932	0.00145844
-61.16666599	0.00149733
-61.13333265	0.00158874
-61.09999932	0.00157789
-61.06666599	0.00164134
-61.03333265	0.00167078
-60.99999932	0.00167042
-60.96666599	0.00173502
-60.93333266	0.00176777
-60.89999932	0.00182510
-60.86666599	0.00183552
-60.83333266	0.00184685
-60.79999932	0.00182849
-60.76666599	0.00181359
-60.73333266	0.00179481
-60.69999932	0.00183302
-60.66666599	0.00186285
-60.63333266	0.00180552
-60.59999933	0.00181959
-60.56666599	0.00175420
-60.53333266	0.00172700
-60.49999933	0.00160225
-60.46666599	0.00159916
-60.43333266	0.00147592
-60.39999933	0.00144005
-60.36666599	0.00138946
-60.33333266	0.00132328
-60.29999933	0.00125120
-60.26666599	0.00113680
-60.23333266	0.00111757
-60.19999933	0.00096970
-60.16666600	0.00084715
-60.13333266	0.00078122
-60.09999933	0.00067002
-60.06666600	0.00050883
-60.03333266	0.00036315
-59.99999933	0.00028618
-59.96666600	0.00017768
-59.93333266	0.00009100
-59.89999933	-0.00000767
-59.86666600	-0.00023606
-59.83333267	-0.00026979
-59.79999933	-0.00040730
-59.76666600	-0.00056295
-59.73333267	-0.00055543
-59.69999933	-0.00070138
-59.66666600	-0.00087775
-59.63333267	-0.00098648
-59.59999933	-0.00112380
-59.56666600	-0.00121825
-59.53333267	-0.00131929
-59.49999933	-0.00142407
-59.46666600	-0.00148302
-59.43333267	-0.00162528
-59.39999934	-0.00157726
-59.36666600	-0.00155398
-59.33333267	-0.00160827
-59.29999934	-0.00165999
-59.26666600	-0.00167631
-59.23333267	-0.00162666
-59.19999934	-0.00163306
-59.16666600	-0.00161784
-59.13333267	-0.00164287
-59.09999934	-0.00158289
-59.06666601	-0.00156043
-59.03333267	-0.00156801
-58.99999934	-0.00151728
-58.96666601	-0.00148845
-58.93333267	-0.00137069
-58.89999934	-0.00137957
-58.86666601	-0.00132882
-58.83333267	-0.00116436
-58.79999934	-0.00109319
-58.76666601	-0.00100581
-58.73333268	-0.00094770
-58.69999934	-0.00094512
-58.66666601	-0.00082946
-58.63333268	-0.00074232
-58.59999934	-0.00071292
-58.56666601	-0.00071916
-58.53333268	-0.00063952
-58.49999934	-0.00053893
-58.46666601	-0.00054143
-58.43333268	-0.00040464
-58.39999934	-0.00036410
-58.36666601	-0.00038264
-58.33333268	-0.00044523
-58.29999935	-0.00030615
-58.26666601	-0.00019605
-58.23333268	-0.00026364
-58.19999935	-0.00028160
-58.16666601	-0.00035263
-58.13333268	-0.00031360
-58.09999935	-0.00034812
-58.06666601	-0.00029591
-58.03333268	-0.00038039
-57.99999935	-0.00031689
-57.96666602	-0.00043435
-57.93333268	-0.00040144
-57.89999935	-0.00034152
-57.86666602	-0.00034862
-57.83333268	-0.00027898
-57.79999935	-0.00026323
-57.76666602	-0.00033108
-57.73333268	-0.00038039
-57.69999935	-0.00032529
-57.66666602	-0.00027551
-57.63333268	-0.00024959
-57.59999935	-0.00016337
-57.56666602	-0.00023023
-57.53333269	-0.00022072
-57.49999935	-0.00016861
-57.46666602	-0.00010267
-57.43333269	-0.00022301
-57.39999935	-0.00008607
-57.36666602	-0.00007062
-57.33333269	-0.00000677
-57.29999935	-0.00003645
-57.26666602	0.00014756
-57.23333269	0.00010454
-57.19999936	0.00029973
-57.16666602	0.00026569
-57.13333269	0.00037024
-57.09999936	0.00042056
-57.06666602	0.00039724
-57.03333269	0.00047406
-56.99999936	0.00064092
-56.96666602	0.00071854
-56.93333269	0.00074125
-56.89999936	0.00080057
-56.86666603	0.00098973
-56.83333269	0.00099965
-56.79999936	0.00103281
-56.76666603	0.00096340
-56.73333269	0.00104094
-56.69999936	0.00103346
-56.66666603	0.00111614
-56.63333269	0.00112672
-56.59999936	0.00110427
-56.56666603	0.00108769
-56.53333269	0.00114922
-56.49999936	0.00105922
-56.46666603	0.00108531
-56.43333270	0.00113682
-56.39999936	0.00110584
-56.36666603	0.00114837
-56.33333270	0.00108802
-56.29999936	0.00123924
-56.26666603	0.00121309
-56.23333270	0.00124544
-56.19999936	0.00123270
-56.16666603	0.00127395
-56.13333270	0.00134810
-56.09999937	0.00134861
-56.06666603	0.00142017
-56.03333270	0.00139687
-55.99999937	0.00139415
-55.96666603	0.00147604
-55.93333270	0.00138129
-55.89999937	0.00145264
-55.86666603	0.00136362
-55.83333270	0.00143465
-55.79999937	0.00151316
-55.76666603	0.00149774
-55.73333270	0.00147268
-55.69999937	0.00150045
-55.66666604	0.00152051
-55.63333270	0.00153036
-55.59999937	0.00151945
-55.56666604	0.00144175
-55.53333270	0.00145509
-55.49999937	0.00149354
-55.46666604	0.00144256
-55.43333270	0.00146408
-55.39999937	0.00142835
-55.36666604	0.00147717
-55.33333271	0.00152755
-55.29999937	0.00155705
-55.26666604	0.00165303
-55.23333271	0.00157407
-55.19999937	0.00148851
-55.16666604	0.00152423
-55.13333271	0.00155551
-55.09999937	0.00148442
-55.06666604	0.00148489
-55.03333271	0.00148826
-54.99999938	0.00148234
-54.96666604	0.00137045
-54.93333271	0.00148604
-54.89999938	0.00141879
-54.86666604	0.00136776
-54.83333271	0.00142911
-54.79999938	0.00139710
-54.76666604	0.00138754
-54.73333271	0.00129540
-54.69999938	0.00123554
-54.66666604	0.00135871
-54.63333271	0.00134314
-54.59999938	0.00130128
-54.56666605	0.00121378
-54.53333271	0.00129799
-54.49999938	0.00130503
-54.46666605	0.00120327
-54.43333271	0.00124805
-54.39999938	0.00134158
-54.36666605	0.00143133
-54.33333271	0.00136908
-54.29999938	0.00139975
-54.26666605	0.00138893
-54.23333272	0.00143457
-54.19999938	0.00141439
-54.16666605	0.00143548
-54.13333272	0.00147772
-54.09999938	0.00146160
-54.06666605	0.00141670
-54.03333272	0.00136006
-53.99999938	0.00138168
-53.96666605	0.00138847
-53.93333272	0.00134849
-53.89999939	0.00135908
-53.86666605	0.00128675
-53.83333272	0.00131200
-53.79999939	0.00119979
-53.76666605	0.00115657
-53.73333272	0.00123122
-53.69999939	0.00118347
-53.66666605	0.00111966
-53.63333272	0.00108698
-53.59999939	0.00101585
-53.56666605	0.00099208
-53.53333272	0.00099338
-53.49999939	0.00101784
-53.46666606	0.00097911
-53.43333272	0.00090954
-53.39999939	0.00086878
-53.36666606	0.00081977
-53.33333272	0.00082699
-53.29999939	0.00073292
-53.26666606	0.00073888
-53.23333272	0.00066575
-53.19999939	0.00062393
-53.16666606	0.00063594
-53.13333273	0.00061240
-53.09999939	0.00048598
-53.06666606	0.00044257
-53.03333273	0.00043790
-52.99999939	0.00036451
-52.96666606	0.00035554
-52.93333273	0.00031114
-52.89999939	0.00033993
-52.86666606	0.00027583
-52.83333273	0.00024901
-52.79999939	0.00023076
-52.76666606	0.00019424
-52.73333273	0.00027392
-52.69999940	0.00014581
-52.66666606	0.00015601
-52.63333273	0.00028723
-52.59999940	0.00013494
-52.56666606	0.00022205
-52.53333273	0.00023455
-52.49999940	0.00017882
-52.46666606	0.00018523
-52.43333273	0.00031092
-52.39999940	0.00032358
-52.36666607	0.00027268
-52.33333273	0.00020885
-52.29999940	0.00021172
-52.26666607	0.00013173
-52.23333273	0.00022163
-52.19999940	0.00012083
-52.16666607	0.00024202
-52.13333273	0.00020532
-52.09999940	0.00018302
-52.06666607	0.00025393
-52.03333274	0.00017751
-51.99999940	0.00022613
-51.96666607	0.00022025
-51.93333274	0.00014156
-51.89999940	0.00009210
-51.86666607	0.00006622
-51.83333274	0.00000678
-51.79999940	0.00004112
-51.76666607	0.00005320
-51.73333274	-0.00003962
-51.69999940	-0.00005974
-51.66666607	-0.00004021
-51.63333274	0.00002635
-51.59999941	-0.00007376
-51.56666607	0.00002719
-51.53333274	0.00003476
-51.49999941	0.00002748
-51.46666607	0.00006584
-51.43333274	0.00009576
-51.39999941	0.00019097
-51.36666607	0.00026775
-51.33333274	0.00025171
-51.29999941	0.00025518
-51.26666608	0.00035410
-51.23333274	0.00029372
-51.19999941	0.00036557
-51.16666608	0.00050046
-51.13333274	0.00068567
-51.09999941	0.00074094
-51.06666608	0.00074469
-51.03333274	0.00085244
-50.99999941	0.00096797
-50.96666608	0.00109031
-50.93333274	0.00113672
-50.89999941	0.00126052
-50.86666608	0.00138157
-50.83333275	0.00146103
-50.79999941	0.00161200
-50.76666608	0.00177154
-50.73333275	0.00191557
-50.69999941	0.00208081
-50.66666608	0.00212213
-50.63333275	0.00243440
-50.59999941	0.00254193
-50.56666608	0.00270591
-50.53333275	0.00290805
-50.49999942	0.00305404
-50.46666608	0.00319663
-50.43333275	0.00319580
-50.39999942	0.00324663
-50.36666608	0.00338017
-50.33333275	0.00356214
-50.29999942	0.00380987
-50.26666608	0.00385108
-50.23333275	0.00388480
-50.19999942	0.00404688
-50.16666609	0.00402871
-50.13333275	0.00409537
-50.09999942	0.00409522
-50.06666609	0.00414223
-50.03333275	0.00422071
-49.99999942	0.00421770
-49.96666609	0.00414536
-49.93333275	0.00422672
-49.89999942	0.00415808
-49.86666609	0.00417244
-49.83333275	0.00404398
-49.79999942	0.00399449
-49.76666609	0.00390229
-49.73333276	0.00387250
-49.69999942	0.00379214
-49.66666609	0.00370122
-49.63333276	0.00373198
-49.59999942	0.00362589
-49.56666609	0.00346702
-49.53333276	0.00332118
-49.49999942	0.00333203
-49.46666609	0.00312615
-49.43333276	0.00315541
-49.39999943	0.00304980
-49.36666609	0.00298874
-49.33333276	0.00295057
-49.29999943	0.00288750
-49.26666609	0.00273836
-49.23333276	0.00260685
-49.19999943	0.00256088
-49.16666609	0.00243747
-49.13333276	0.00241136
-49.09999943	0.00228549
-49.06666609	0.00226061
-49.03333276	0.00214321
-48.99999943	0.00199505
-48.96666610	0.00187285
-48.93333276	0.00187438
-48.89999943	0.00184995
-48.86666610	0.00172296
-48.83333276	0.00182037
-48.79999943	0.00174188
-48.76666610	0.00168448
-48.73333276	0.00166716
-48.69999943	0.00152434
-48.66666610	0.00155860
-48.63333277	0.00145498
-48.59999943	0.00136964
-48.56666610	0.00135258
-48.53333277	0.00135762
-48.49999943	0.00128907
-48.46666610	0.00135916
-48.43333277	0.00126504
-48.39999943	0.00126912
-48.36666610	0.00120782
-48.33333277	0.00126181
-48.29999944	0.00112891
-48.26666610	0.00117695
-48.23333277	0.00115019
-48.19999944	0.00111576
-48.16666610	0.00109107
-48.13333277	0.00104047
-48.09999944	0.00106925
-48.06666610	0.00109646
-48.03333277	0.00114469
-47.99999944	0.00106740
-47.96666610	0.00102133
-47.93333277	0.00102683
-47.89999944	0.00095455
-47.86666611	0.00099928
-47.83333277	0.00090719
-47.79999944	0.00083972
-47.76666611	0.00086450
-47.73333277	0.00090352
-47.69999944	0.00089096
-47.66666611	0.00075063
-47.63333277	0.00083251
-47.59999944	0.00080980
-47.56666611	0.00080691
-47.53333278	0.00089265
-47.49999944	0.00084742
-47.46666611	0.00082669
-47.43333278	0.00093826
-47.39999944	0.00098461
-47.36666611	0.00107520
-47.33333278	0.00113011
-47.29999944	0.00106055
-47.26666611	0.00112271
-47.23333278	0.00110196
-47.19999944	0.00113731
-47.16666611	0.00126212
-47.13333278	0.00128305
-47.09999945	0.00141472
-47.06666611	0.00131718
-47.03333278	0.00130656
-46.99999945	0.00141001
-46.96666611	0.00149765
-46.93333278	0.00157004
-46.89999945	0.00152379
-46.86666611	0.00163800
-46.83333278	0.00164975
-46.79999945	0.00170804
-46.76666612	0.00171893
-46.73333278	0.00172210
-46.69999945	0.00181057
-46.66666612	0.00183897
-46.63333278	0.00189862
-46.59999945	0.00180884
-46.56666612	0.00211409
-46.53333278	0.00214362
-46.49999945	0.00216029
-46.46666612	0.00227714
-46.43333279	0.00243753
-46.39999945	0.00235209
-46.36666612	0.00237923
-46.33333279	0.00253218
-46.29999945	0.00261274
-46.26666612	0.00263803
-46.23333279	0.00274988
-46.19999945	0.00282420
-46.16666612	0.00290843
-46.13333279	0.00293667
-46.09999945	0.00301460
-46.06666612	0.00297603
-46.03333279	0.00303004
-45.99999946	0.00299366
-45.96666612	0.00295955
-45.93333279	0.00295539
-45.89999946	0.00291016
-45.86666612	0.00283679
-45.83333279	0.00287118
-45.79999946	0.00287350
-45.76666612	0.00283312
-45.73333279	0.00285605
-45.69999946	0.00286171
-45.66666613	0.00269037
-45.63333279	0.00268839
-45.59999946	0.00262531
-45.56666613	0.00254355
-45.53333279	0.00251231
-45.49999946	0.00242519
-45.46666613	0.00244133
-45.43333279	0.00231832
-45.39999946	0.00227054
-45.36666613	0.00225222
-45.33333279	0.00200089
-45.29999946	0.00197961
-45.26666613	0.00173507
-45.23333280	0.00175975
-45.19999946	0.00166232
-45.16666613	0.00147225
-45.13333280	0.00125999
-45.09999946	0.00109472
-45.06666613	0.00103125
-45.03333280	0.00091972
-44.99999946	0.00084631
-44.96666613	0.00068511
-44.93333280	0.00038270
-44.89999947	0.00034982
-44.86666613	0.00026468
-44.83333280	0.00017020
-44.79999947	0.00007039
-44.76666613	-0.00011982
-44.73333280	-0.00015465
-44.69999947	-0.00023708
-44.66666613	-0.00039250
-44.63333280	-0.00052375
-44.59999947	-0.00056379
-44.56666614	-0.00058243
-44.53333280	-0.00069069
-44.49999947	-0.00070841
-44.46666614	-0.00077534
-44.43333280	-0.00070317
-44.39999947	-0.00080099
-44.36666614	-0.00088917
-44.33333280	-0.00076725
-44.29999947	-0.00085179
-44.26666614	-0.00071413
-44.23333280	-0.00073224
-44.19999947	-0.00072854
-44.16666614	-0.00068977
-44.13333281	-0.00086081
-44.09999947	-0.00077306
-44.06666614	-0.00081111
-44.03333281	-0.00081118
-43.99999947	-0.00082282
-43.96666614	-0.00096343
-43.93333281	-0.00096506
-43.89999947	-0.00092879
-43.86666614	-0.00101302
-43.83333281	-0.00099463
-43.79999948	-0.00093507
-43.76666614	-0.00102291
-43.73333281	-0.00099192
-43.69999948	-0.00106410
-43.66666614	-0.00095091
-43.63333281	-0.00093948
-43.59999948	-0.00084076
-43.56666614	-0.00082322
-43.53333281	-0.00077725
-43.49999948	-0.00064298
-43.46666614	-0.00057686
-43.43333281	-0.00041412
-43.39999948	-0.00037421
-43.36666615	-0.00032309
-43.33333281	-0.00010592
-43.29999948	0.00000768
-43.26666615	0.00019897
-43.23333281	0.00032364
-43.19999948	0.00039210
-43.16666615	0.00063454
-43.13333281	0.00077713
-43.09999948	0.00088875
-43.06666615	0.00096190
-43.03333282	0.00118176
-42.99999948	0.00122561
-42.96666615	0.00137143
-42.93333282	0.00140242
-42.89999948	0.00136903
-42.86666615	0.00146443
-42.83333282	0.00145121
-42.79999948	0.00148187
-42.76666615	0.00142341
-42.73333282	0.00150131
-42.69999949	0.00140878
-42.66666615	0.00130929
-42.63333282	0.00124260
-42.59999949	0.00124174
-42.56666615	0.00112189
-42.53333282	0.00101204
-42.49999949	0.00089058
-42.46666615	0.00095861
-42.43333282	0.00079342
-42.39999949	0.00087035
-42.36666615	0.00081646
-42.33333282	0.00069873
-42.29999949	0.00069989
-42.26666616	0.00065689
-42.23333282	0.00073509
-42.19999949	0.00060031
-42.16666616	0.00065391
-42.13333282	0.00068601
-42.09999949	0.00062713
-42.06666616	0.00053974
-42.03333282	0.00048241
-41.99999949	0.00059310
-41.96666616	0.00054810
-41.93333283	0.00050308
-41.89999949	0.00061883
-41.86666616	0.00059911
-41.83333283	0.00069542
-41.79999949	0.00080444
-41.76666616	0.00064279
-41.73333283	0.00071084
-41.69999949	0.00071548
-41.66666616	0.00080988
-41.63333283	0.00083963
-41.59999949	0.00072148
-41.56666616	0.00077254
-41.53333283	0.00082240
-41.49999950	0.00077896
-41.46666616	0.00075911
-41.43333283	0.00074705
-41.39999950	0.00071778
-41.36666616	0.00061975
-41.33333283	0.00058651
-41.29999950	0.00061078
-41.26666616	0.00060838
-41.23333283	0.00063874
-41.19999950	0.00055074
-41.16666617	0.00047830
-41.13333283	0.00040391
-41.09999950	0.00034832
-41.06666617	0.00046813
-41.03333283	0.00032051
-40.99999950	0.00034079
-40.96666617	0.00021288
-40.93333283	0.00016087
-40.89999950	0.00024012
-40.86666617	0.00026348
-40.83333284	0.00024023
-40.79999950	0.00022335
-40.76666617	0.00009354
-40.73333284	0.00009882
-40.69999950	0.00014077
-40.66666617	-0.00002198
-40.63333284	0.00004716
-40.59999950	0.00003297
-40.56666617	-0.00002335
-40.53333284	-0.00007043
-40.49999950	-0.00017144
-40.46666617	-0.00024863
-40.43333284	-0.00017159
-40.39999951	-0.00025392
-40.36666617	-0.00034130
-40.33333284	-0.00034777
-40.29999951	-0.00033270
-40.26666617	-0.00040520
-40.23333284	-0.00044280
-40.19999951	-0.00034449
-40.16666617	-0.00055733
-40.13333284	-0.00052178
-40.09999951	-0.00062670
-40.06666618	-0.00056105
-40.03333284	-0.00060845
-39.99999951	-0.00069275
-39.96666618	-0.00071072
-39.93333284	-0.00071373
-39.89999951	-0.00074171
-39.86666618	-0.00077892
-39.83333284	-0.00081652
-39.79999951	-0.00092747
-39.76666618	-0.00098408
-39.73333285	-0.00110576
-39.69999951	-0.00109087
-39.66666618	-0.00118836
-39.63333285	-0.00116652
-39.59999951	-0.00128283
-39.56666618	-0.00132476
-39.53333285	-0.00143393
-39.49999951	-0.00152296
-39.46666618	-0.00158148
-39.43333285	-0.00168109
-39.39999951	-0.00173303
-39.36666618	-0.00176247
-39.33333285	-0.00184078
-39.29999952	-0.00193365
-39.26666618	-0.00191395
-39.23333285	-0.00200968
-39.19999952	-0.00209149
-39.16666618	-0.00209827
-39.13333285	-0.00227789
-39.09999952	-0.00226527
-39.06666618	-0.00239614
-39.03333285	-0.00240538
-38.99999952	-0.00242190
-38.96666619	-0.00261718
-38.93333285	-0.00261410
-38.89999952	-0.00265174
-38.86666619	-0.00272081
-38.83333285	-0.00271579
-38.79999952	-0.00267095
-38.76666619	-0.00268537
-38.73333285	-0.00265788
-38.69999952	-0.00269670
-38.66666619	-0.00272233
-38.63333285	-0.00261926
-38.59999952	-0.00258548
-38.56666619	-0.00256437
-38.53333286	-0.00260381
-38.49999952	-0.00258855
-38.46666619	-0.00255841
-38.43333286	-0.00246072
-38.39999952	-0.00252347
-38.36666619	-0.00243748
-38.33333286	-0.00243595
-38.29999952	-0.00234213
-38.26666619	-0.00237187
-38.23333286	-0.00236619
-38.19999953	-0.00236771
-38.16666619	-0.00232696
-38.13333286	-0.00230671
-38.09999953	-0.00224940
-38.06666619	-0.00230933
-38.03333286	-0.00224001
-37.99999953	-0.00222154
-37.96666619	-0.00227062
-37.93333286	-0.00221256
-37.89999953	-0.00226676
-37.86666620	-0.00228212
-37.83333286	-0.00232298
-37.79999953	-0.00228789
-37.76666620	-0.00229110
-37.73333286	-0.00231054
-37.69999953	-0.00228060
-37.66666620	-0.00226572
-37.63333286	-0.00227291
-37.59999953	-0.00238881
-37.56666620	-0.00241524
-37.53333286	-0.00229677
-37.49999953	-0.00236676
-37.46666620	-0.00231774
-37.43333287	-0.00223100
-37.39999953	-0.00228482
-37.36666620	-0.00227608
-37.33333287	-0.00233847
-37.29999953	-0.00223510
-37.26666620	-0.00230355
-37.23333287	-0.00232193
-37.19999953	-0.00231016
-37.16666620	-0.00227274
-37.13333287	-0.00230419
-37.09999954	-0.00226109
-37.06666620	-0.00221771
-37.03333287	-0.00234141
-36.99999954	-0.00227692
-36.96666620	-0.00237138
-36.93333287	-0.00239239
-36.89999954	-0.00241270
-36.86666620	-0.00225793
-36.83333287	-0.00226574
-36.79999954	-0.00240322
-36.76666620	-0.00218757
-36.73333287	-0.00218826
-36.69999954	-0.00225589
-36.66666621	-0.00227066
-36.63333287	-0.00228737
-36.59999954	-0.00221061
-36.56666621	-0.00226649
-36.53333287	-0.00235351
-36.49999954	-0.00227734
-36.46666621	-0.00223747
-36.43333287	-0.00229181
-36.39999954	-0.00218728
-36.36666621	-0.00228876
-36.33333288	-0.00239152
-36.29999954	-0.00232487
-36.26666621	-0.00229484
-36.23333288	-0.00233637
-36.19999954	-0.00233445
-36.16666621	-0.00231588
-36.13333288	-0.00240317
-36.09999954	-0.00242396
-36.06666621	-0.00256108
-36.03333288	-0.00257014
-35.99999955	-0.00266832
-35.96666621	-0.00266729
-35.93333288	-0.00278170
-35.89999955	-0.00276046
-35.86666621	-0.00267662
-35.83333288	-0.00268424
-35.79999955	-0.00271877
-35.76666621	-0.00267295
-35.73333288	-0.00267301
-35.69999955	-0.00267475
-35.66666621	-0.00267032
-35.63333288	-0.00268682
-35.59999955	-0.00271169
-35.56666622	-0.00260835
-35.53333288	-0.00266272
-35.49999955	-0.00267681
-35.46666622	-0.00261184
-35.43333288	-0.00253884
-35.39999955	-0.00248589
-35.36666622	-0.00249654
-35.33333288	-0.00257082
-35.29999955	-0.00246069
-35.26666622	-0.00248388
-35.23333289	-0.00250754
-35.19999955	-0.00252863
-35.16666622	-0.00242317
-35.13333289	-0.00236920
-35.09999955	-0.00236912
-35.06666622	-0.00238938
-35.03333289	-0.00236231
-34.99999955	-0.00251104
-34.96666622	-0.00256527
-34.93333289	-0.00238758
-34.89999955	-0.00250344
-34.86666622	-0.00244732
-34.83333289	-0.00262574
-34.79999956	-0.00272156
-34.76666622	-0.00276413
-34.73333289	-0.00270352
-34.69999956	-0.00266919
-34.66666622	-0.00275330
-34.63333289	-0.00277141
-34.59999956	-0.00285041
-34.56666622	-0.00279137
-34.53333289	-0.00274872
-34.49999956	-0.00281350
-34.46666623	-0.00276749
-34.43333289	-0.00282498
-34.39999956	-0.00286960
-34.36666623	-0.00295846
-34.33333289	-0.00294136
-34.29999956	-0.00280535
-34.26666623	-0.00295421
-34.23333289	-0.00291956
-34.19999956	-0.00283174
-34.16666623	-0.00282772
-34.13333290	-0.00293150
-34.09999956	-0.00293564
-34.06666623	-0.00302200
-34.03333290	-0.00302077
-33.99999956	-0.00285062
-33.96666623	-0.00290674
-33.93333290	-0.00285964
-33.89999956	-0.00301567
-33.86666623	-0.00306867
-33.83333290	-0.00300642
-33.79999956	-0.00294950
-33.76666623	-0.00297685
-33.73333290	-0.00300519
-33.69999957	-0.00315612
-33.66666623	-0.00312089
-33.63333290	-0.00312876
-33.59999957	-0.00313165
-33.56666623	-0.00318929
-33.53333290	-0.00320344
-33.49999957	-0.00311636
-33.46666623	-0.00321643
-33.43333290	-0.00314664
-33.39999957	-0.00315133
-33.36666624	-0.00325501
-33.33333290	-0.00324333
-33.29999957	-0.00326414
-33.26666624	-0.00324993
-33.23333290	-0.00327735
-33.19999957	-0.00333725
-33.16666624	-0.00333308
-33.13333290	-0.00336953
-33.09999957	-0.00330609
-33.06666624	-0.00340312
-33.03333290	-0.00342323
-32.99999957	-0.00334916
-32.96666624	-0.00342350
-32.93333291	-0.00337852
-32.89999957	-0.00343886
-32.86666624	-0.00329144
-32.83333291	-0.00338458
-32.79999957	-0.00335359
-32.76666624	-0.00328103
-32.73333291	-0.00325729
-32.69999957	-0.00334874
-32.66666624	-0.00326662
-32.63333291	-0.00335241
-32.59999958	-0.00329370
-32.56666624	-0.00331748
-32.53333291	-0.00337089
-32.49999958	-0.00342534
-32.46666624	-0.00333192
-32.43333291	-0.00327471
-32.39999958	-0.00333776
-32.36666624	-0.00326976
-32.33333291	-0.00330667
-32.29999958	-0.00329741
-32.26666625	-0.00335846
-32.23333291	-0.00332371
-32.19999958	-0.00328895
-32.16666625	-0.00331330
-32.13333291	-0.00329604
-32.09999958	-0.00341867
-32.06666625	-0.00331559
-32.03333291	-0.00327472
-31.99999958	-0.00332683
-31.96666625	-0.00333265
-31.93333291	-0.00324885
-31.89999958	-0.00316464
-31.86666625	-0.00329108
-31.83333292	-0.00317648
-31.79999958	-0.00316523
-31.76666625	-0.00324253
-31.73333292	-0.00314734
-31.69999958	-0.00316459
-31.66666625	-0.00314515
-31.63333292	-0.00313362
-31.59999958	-0.00301100
-31.56666625	-0.00300024
-31.53333292	-0.00302800
-31.49999959	-0.00300901
-31.46666625	-0.00296877
-31.43333292	-0.00295874
-31.39999959	-0.00295739
-31.36666625	-0.00302642
-31.33333292	-0.00299369
-31.29999959	-0.00288746
-31.26666625	-0.00291902
-31.23333292	-0.00291697
-31.19999959	-0.00290709
-31.16666625	-0.00294505
-31.13333292	-0.00290428
-31.09999959	-0.00289031
-31.06666626	-0.00282872
-31.03333292	-0.00276260
-30.99999959	-0.00276663
-30.96666626	-0.00276688
-30.93333292	-0.00272715
-30.89999959	-0.00272487
-30.86666626	-0.00271943
-30.83333292	-0.00268562
-30.79999959	-0.00265044
-30.76666626	-0.00257962
-30.73333293	-0.00256520
-30.69999959	-0.00256853
-30.66666626	-0.00254243
-30.63333293	-0.00246540
-30.59999959	-0.00254833
-30.56666626	-0.00248874
-30.53333293	-0.00251243
-30.49999959	-0.00248142
-30.46666626	-0.00247868
-30.43333293	-0.00231104
-30.39999960	-0.00236030
-30.36666626	-0.00232014
-30.33333293	-0.00239068
-30.29999960	-0.00235918
-30.26666626	-0.00237303
-30.23333293	-0.00235930
-30.19999960	-0.00238535
-30.16666626	-0.00228922
-30.13333293	-0.00229554
-30.09999960	-0.00234555
-30.06666626	-0.00231181
-30.03333293	-0.00234546
-29.99999960	-0.00238206
-29.96666627	-0.00243071
-29.93333293	-0.00233065
-29.89999960	-0.00232445
-29.86666627	-0.00232666
-29.83333293	-0.00231801
-29.79999960	-0.00238333
-29.76666627	-0.00224817
-29.73333293	-0.00226245
-29.69999960	-0.00212007
-29.66666627	-0.00224960
-29.63333294	-0.00221268
-29.59999960	-0.00222425
-29.56666627	-0.00219322
-29.53333294	-0.00216928
-29.49999960	-0.00215812
-29.46666627	-0.00225395
-29.43333294	-0.00220212
-29.39999960	-0.00227600
-29.36666627	-0.00215348
-29.33333294	-0.00230030
-29.29999960	-0.00227003
-29.26666627	-0.00236022
-29.23333294	-0.00220787
-29.19999961	-0.00228779
-29.16666627	-0.00231425
-29.13333294	-0.00228862
-29.09999961	-0.00218041
-29.06666627	-0.00232206
-29.03333294	-0.00231566
-28.99999961	-0.00229975
-28.96666627	-0.00226715
-28.93333294	-0.00234665
-28.89999961	-0.00225526
-28.86666628	-0.00222557
-28.83333294	-0.00220400
-28.79999961	-0.00211090
-28.76666628	-0.00215574
-28.73333294	-0.00210909
-28.69999961	-0.00197955
-28.66666628	-0.00200573
-28.63333294	-0.00190757
-28.59999961	-0.00183354
-28.56666628	-0.00185560
-28.53333295	-0.00202257
-28.49999961	-0.00181114
-28.46666628	-0.00170951
-28.43333295	-0.00180951
-28.39999961	-0.00170624
-28.36666628	-0.00161227
-28.33333295	-0.00158050
-28.29999961	-0.00152199
-28.26666628	-0.00149164
-28.23333295	-0.00141413
-28.19999961	-0.00138776
-28.16666628	-0.00136451
-28.13333295	-0.00127348
-28.09999962	-0.00116643
-28.06666628	-0.00115053
-28.03333295	-0.00112495
-27.99999962	-0.00107698
-27.96666628	-0.00105841
-27.93333295	-0.00100946
-27.89999962	-0.00093268
-27.86666628	-0.00086001
-27.83333295	-0.00078765
-27.79999962	-0.00077842
-27.76666629	-0.00069695
-27.73333295	-0.00075520
-27.69999962	-0.00058171
-27.66666629	-0.00056110
-27.63333295	-0.00062490
-27.59999962	-0.00048230
-27.56666629	-0.00046412
-27.53333295	-0.00042317
-27.49999962	-0.00041842
-27.46666629	-0.00034556
-27.43333295	-0.00035745
-27.39999962	-0.00029637
-27.36666629	-0.00030547
-27.33333296	-0.00025760
-27.29999962	-0.00028381
-27.26666629	-0.00026037
-27.23333296	-0.00031049
-27.19999962	-0.00032896
-27.16666629	-0.00033231
-27.13333296	-0.00035830
-27.09999962	-0.00041770
-27.06666629	-0.00039087
-27.03333296	-0.00037082
-26.99999963	-0.00042116
-26.96666629	-0.00040426
-26.93333296	-0.00043597
-26.89999963	-0.00047790
-26.86666629	-0.00052822
-26.83333296	-0.00051145
-26.79999963	-0.00036104
-26.76666629	-0.00037689
-26.73333296	-0.00038971
-26.69999963	-0.00037101
-26.66666630	-0.00038574
-26.63333296	-0.00031381
-26.59999963	-0.00032974
-26.56666630	-0.00026458
-26.53333296	-0.00036848
-26.49999963	-0.00029682
-26.46666630	-0.00017317
-26.43333296	-0.00022750
-26.39999963	-0.00021405
-26.36666630	-0.00017488
-26.33333296	-0.00021315
-26.29999963	-0.00014650
-26.26666630	-0.00022344
-26.23333297	-0.00014214
-26.19999963	-0.00017915
-26.16666630	-0.00009169
-26.13333297	-0.00010929
-26.09999963	-0.00010201
-26.06666630	-0.00015897
-26.03333297	-0.00008887
-25.99999963	-0.00013533
-25.96666630	-0.00012621
-25.93333297	-0.00008638
-25.89999964	-0.00010108
-25.86666630	-0.00016865
-25.83333297	-0.00012192
-25.79999964	-0.00011775
-25.76666630	-0.00011309
-25.73333297	-0.00017788
-25.69999964	-0.00022197
-25.66666630	-0.00005375
-25.63333297	-0.00010931
-25.59999964	-0.00011766
-25.56666630	-0.00006123
-25.53333297	-0.00000671
-25.49999964	-0.00009366
-25.46666631	-0.00006316
-25.43333297	-0.00014178
-25.39999964	0.00001756
-25.36666631	0.00002184
-25.33333297	0.00007547
-25.29999964	0.00000555
-25.26666631	0.00007163
-25.23333297	0.00003579
-25.19999964	0.00004788
-25.16666631	0.00009507
-25.13333298	0.00011114
-25.09999964	0.00007537
-25.06666631	0.00008763
-25.03333298	0.00005983
-24.99999964	0.00002431
-24.96666631	0.00000454
-24.93333298	0.00005653
-24.89999964	0.00005683
-24.86666631	0.00010299
-24.83333298	0.00002763
-24.79999965	-0.00010166
-24.76666631	-0.00004565
-24.73333298	0.00006029
-24.69999965	-0.00006560
-24.66666631	-0.00010355
-24.63333298	-0.00011543
-24.59999965	-0.00013174
-24.56666631	-0.00014164
-24.53333298	-0.00025516
-24.49999965	-0.00023323
-24.46666631	-0.00031986
-24.43333298	-0.00019985
-24.39999965	-0.00042790
-24.36666632	-0.00037827
-24.33333298	-0.00045984
-24.29999965	-0.00057285
-24.26666632	-0.00070288
-24.23333298	-0.00071476
-24.19999965	-0.00072434
-24.16666632	-0.00070631
-24.13333298	-0.00080022
-24.09999965	-0.00082028
-24.06666632	-0.00086007
-24.03333299	-0.00084840
-23.99999965	-0.00094887
-23.96666632	-0.00088726
-23.93333299	-0.00095520
-23.89999965	-0.00105698
-23.86666632	-0.00104995
-23.83333299	-0.00097409
-23.79999965	-0.00108554
-23.76666632	-0.00106809
-23.73333299	-0.00108452
-23.69999966	-0.00114247
-23.66666632	-0.00102083
-23.63333299	-0.00107586
-23.59999966	-0.00108079
-23.56666632	-0.00101491
-23.53333299	-0.00109219
-23.49999966	-0.00115879
-23.46666632	-0.00107872
-23.43333299	-0.00120722
-23.39999966	-0.00121351
-23.36666632	-0.00116847
-23.33333299	-0.00117357
-23.29999966	-0.00113841
-23.26666633	-0.00119724
-23.23333299	-0.00130903
-23.19999966	-0.00124182
-23.16666633	-0.00128172
-23.13333299	-0.00117987
-23.09999966	-0.00124953
-23.06666633	-0.00123710
-23.03333299	-0.00136947
-22.99999966	-0.00127093
-22.96666633	-0.00125197
-22.93333300	-0.00121312
-22.89999966	-0.00128814
-22.86666633	-0.00134039
-22.83333300	-0.00127255
-22.79999966	-0.00129019
-22.76666633	-0.00128480
-22.73333300	-0.00130738
-22.69999966	-0.00119540
-22.66666633	-0.00118914
-22.63333300	-0.00117999
-22.59999966	-0.00122916
-22.56666633	-0.00128416
-22.53333300	-0.00121212
-22.49999967	-0.00123796
-22.46666633	-0.00116697
-22.43333300	-0.00114615
-22.39999967	-0.00119881
-22.36666633	-0.00116347
-22.33333300	-0.00127346
-22.29999967	-0.00124468
-22.26666633	-0.00118133
-22.23333300	-0.00127447
-22.19999967	-0.00124894
-22.16666634	-0.00124091
-22.13333300	-0.00125181
-22.09999967	-0.00126940
-22.06666634	-0.00125388
-22.03333300	-0.00141043
-21.99999967	-0.00141494
-21.96666634	-0.00142693
-21.93333300	-0.00140874
-21.89999967	-0.00140478
-21.86666634	-0.00153514
-21.83333301	-0.00168161
-21.79999967	-0.00157928
-21.76666634	-0.00163092
-21.73333301	-0.00158913
-21.69999967	-0.00156838
-21.66666634	-0.00173434
-21.63333301	-0.00161048
-21.59999967	-0.00157163
-21.56666634	-0.00171462
-21.53333301	-0.00167379
-21.49999967	-0.00173258
-21.46666634	-0.00176046
-21.43333301	-0.00171016
-21.39999968	-0.00180650
-21.36666634	-0.00176701
-21.33333301	-0.00182934
-21.29999968	-0.00195494
-21.26666634	-0.00191113
-21.23333301	-0.00204053
-21.19999968	-0.00207294
-21.16666634	-0.00207165
-21.13333301	-0.00207196
-21.09999968	-0.00215531
-21.06666635	-0.00223634
-21.03333301	-0.00214394
-20.99999968	-0.00234916
-20.96666635	-0.00220623
-20.93333301	-0.00233923
-20.89999968	-0.00238656
-20.86666635	-0.00232148
-20.83333301	-0.00239035
-20.79999968	-0.00229650
-20.76666635	-0.00240627
-20.73333301	-0.00237429
-20.69999968	-0.00234717
-20.66666635	-0.00239125
-20.63333302	-0.00239728
-20.59999968	-0.00240575
-20.56666635	-0.00234806
-20.53333302	-0.00237565
-20.49999968	-0.00228922
-20.46666635	-0.00231509
-20.43333302	-0.00235483
-20.39999968	-0.00233937
-20.36666635	-0.00230315
-20.33333302	-0.00224266
-20.29999969	-0.00229314
-20.26666635	-0.00221146
-20.23333302	-0.00226653
-20.19999969	-0.00222624
-20.16666635	-0.00236771
-20.13333302	-0.00225455
-20.09999969	-0.00221298
-20.06666635	-0.00228750
-20.03333302	-0.00224007
-19.99999969	-0.00218488
-19.96666636	-0.00219021
-19.93333302	-0.00231103
-19.89999969	-0.00222816
-19.86666636	-0.00227807
-19.83333302	-0.00231727
-19.79999969	-0.00227463
-19.76666636	-0.00226743
-19.73333302	-0.00212631
-19.69999969	-0.00223911
-19.66666636	-0.00210217
-19.63333302	-0.00203919
-19.59999969	-0.00201307
-19.56666636	-0.00205733
-19.53333303	-0.00206039
-19.49999969	-0.00192169
-19.46666636	-0.00190461
-19.43333303	-0.00187577
-19.39999969	-0.00183787
-19.36666636	-0.00195710
-19.33333303	-0.00176002
-19.29999969	-0.00174438
-19.26666636	-0.00174682
-19.23333303	-0.00165009
-19.19999970	-0.00156274
-19.16666636	-0.00146829
-19.13333303	-0.00146684
-19.09999970	-0.00138296
-19.06666636	-0.00133287
-19.03333303	-0.00125717
-18.99999970	-0.00113629
-18.96666636	-0.00119273
-18.93333303	-0.00106581
-18.89999970	-0.00104343
-18.86666636	-0.00109092
-18.83333303	-0.00099762
-18.79999970	-0.00090102
-18.76666637	-0.00092243
-18.73333303	-0.00107371
-18.69999970	-0.00088026
-18.66666637	-0.00095261
-18.63333303	-0.00090072
-18.59999970	-0.00088697
-18.56666637	-0.00089532
-18.53333303	-0.00088515
-18.49999970	-0.00089363
-18.46666637	-0.00091744
-18.43333304	-0.00086965
-18.39999970	-0.00091790
-18.36666637	-0.00095590
-18.33333304	-0.00083288
-18.29999970	-0.00086629
-18.26666637	-0.00081774
-18.23333304	-0.00086989
-18.19999970	-0.00077667
-18.16666637	-0.00089870
-18.13333304	-0.00079445
-18.09999971	-0.00073378
-18.06666637	-0.00072061
-18.03333304	-0.00064584
-17.99999971	-0.00055014
-17.96666637	-0.00057824
-17.93333304	-0.00047246
-17.89999971	-0.00051299
-17.86666637	-0.00048078
-17.83333304	-0.00035066
-17.79999971	-0.00029493
-17.76666637	-0.00016728
-17.73333304	-0.00022208
-17.69999971	-0.00015246
-17.66666638	-0.00001612
-17.63333304	-0.00004239
-17.59999971	-0.00003964
-17.56666638	0.00006369
-17.53333304	0.00016657
-17.49999971	0.00021068
-17.46666638	0.00025111
-17.43333304	0.00024456
-17.39999971	0.00028505
-17.36666638	0.00034224
-17.33333305	0.00034157
-17.29999971	0.00043170
-17.26666638	0.00038536
-17.23333305	0.00044454
-17.19999971	0.00042197
-17.16666638	0.00046534
-17.13333305	0.00047312
-17.09999971	0.00049418
-17.06666638	0.00043454
-17.03333305	0.00038360
-16.99999971	0.00031856
-16.96666638	0.00029793
-16.93333305	0.00017607
-16.89999972	0.00009834
-16.86666638	0.00000447
-16.83333305	-0.00008667
-16.79999972	-0.00016128
-16.76666638	-0.00021959
-16.73333305	-0.00025859
-16.69999972	-0.00053213
-16.66666638	-0.00067630
-16.63333305	-0.00090015
-16.59999972	-0.00095936
-16.56666639	-0.00104216
-16.53333305	-0.00130069
-16.49999972	-0.00132332
-16.46666639	-0.00146145
-16.43333305	-0.00162990
-16.39999972	-0.00181164
-16.36666639	-0.00185069
-16.33333305	-0.00202789
-16.29999972	-0.00210477
-16.26666639	-0.00231311
-16.23333306	-0.00234201
-16.19999972	-0.00243377
-16.16666639	-0.00250306
-16.13333306	-0.00256879
-16.09999972	-0.00243577
-16.06666639	-0.00247820
-16.03333306	-0.00244197
-15.99999972	-0.00249178
-15.96666639	-0.00241130
-15.93333306	-0.00238182
-15.89999972	-0.00230496
-15.86666639	-0.00226242
-15.83333306	-0.00216206
-15.79999973	-0.00220855
-15.76666639	-0.00206303
-15.73333306	-0.00190488
-15.69999973	-0.00196231
-15.66666639	-0.00195440
-15.63333306	-0.00182004
-15.59999973	-0.00179319
-15.56666639	-0.00176979
-15.53333306	-0.00166908
-15.49999973	-0.00159465
-15.46666640	-0.00157383
-15.43333306	-0.00151520
-15.39999973	-0.00146848
-15.36666640	-0.00150663
-15.33333306	-0.00138539
-15.29999973	-0.00128495
-15.26666640	-0.00122552
-15.23333306	-0.00123645
-15.19999973	-0.00108815
-15.16666640	-0.00106404
-15.13333306	-0.00093217
-15.09999973	-0.00089993
-15.06666640	-0.00091581
-15.03333307	-0.00075546
-14.99999973	-0.00063909
-14.96666640	-0.00061672
-14.93333307	-0.00053287
-14.89999973	-0.00034515
-14.86666640	-0.00037511
-14.83333307	-0.00026113
-14.79999973	-0.00023824
-14.76666640	-0.00002719
-14.73333307	0.00001711
-14.69999974	0.00001046
-14.66666640	0.00016074
-14.63333307	0.00029838
-14.59999974	0.00024336
-14.56666640	0.00036910
-14.53333307	0.00055845
-14.49999974	0.00055547
-14.46666640	0.00066152
-14.43333307	0.00064306
-14.39999974	0.00079215
-14.36666641	0.00083843
-14.33333307	0.00094039
-14.29999974	0.00093620
-14.26666641	0.00105001
-14.23333307	0.00103885
-14.19999974	0.00109165
-14.16666641	0.00111693
-14.13333307	0.00116151
-14.09999974	0.00117124
-14.06666641	0.00121068
-14.03333307	0.00132019
-13.99999974	0.00132332
-13.96666641	0.00140139
-13.93333308	0.00143115
-13.89999974	0.00156855
-13.86666641	0.00152781
-13.83333308	0.00155462
-13.79999974	0.00175402
-13.76666641	0.00182453
-13.73333308	0.00182213
-13.69999974	0.00199161
-13.66666641	0.00205092
-13.63333308	0.00204678
-13.59999975	0.00231566
-13.56666641	0.00240263
-13.53333308	0.00253552
-13.49999975	0.00245454
-13.46666641	0.00258160
-13.43333308	0.00264010
-13.39999975	0.00270645
-13.36666641	0.00278537
-13.33333308	0.00279018
-13.29999975	0.00296583
-13.26666641	0.00303503
-13.23333308	0.00314874
-13.19999975	0.00332900
-13.16666642	0.00337424
-13.13333308	0.00350109
-13.09999975	0.00356232
-13.06666642	0.00353187
-13.03333308	0.00373457
-12.99999975	0.00381293
-12.96666642	0.00376909
-12.93333308	0.00391525
-12.89999975	0.00392745
-12.86666642	0.00414296
-12.83333309	0.00425939
-12.79999975	0.00431297
-12.76666642	0.00443120
-12.73333309	0.00452963
-12.69999975	0.00448898
-12.66666642	0.00459149
-12.63333309	0.00466824
-12.59999975	0.00478629
-12.56666642	0.00479796
-12.53333309	0.00477801
-12.49999976	0.00484741
-12.46666642	0.00483091
-12.43333309	0.00486769
-12.39999976	0.00477536
-12.36666642	0.00481099
-12.33333309	0.00473484
-12.29999976	0.00474580
-12.26666642	0.00462463
-12.23333309	0.00469030
-12.19999976	0.00460334
-12.16666642	0.00444100
-12.13333309	0.00431243
-12.09999976	0.00421315
-12.06666643	0.00407052
-12.03333309	0.00399083
-11.99999976	0.00394824
-11.96666643	0.00379321
-11.93333309	0.00385261
-11.89999976	0.00372469
-11.86666643	0.00365077
-11.83333309	0.00357612
-11.79999976	0.00362720
-11.76666643	0.00352473
-11.73333310	0.00357252
-11.69999976	0.00365283
-11.66666643	0.00364994
-11.63333310	0.00385313
-11.59999976	0.00386418
-11.56666643	0.00397864
-11.53333310	0.00417219
-11.49999976	0.00429961
-11.46666643	0.00452612
-11.43333310	0.00481732
-11.39999976	0.00509068
-11.36666643	0.00544114
-11.33333310	0.00577128
-11.29999977	0.00613346
-11.26666643	0.00646302
-11.23333310	0.00694603
-11.19999977	0.00736616
-11.16666643	0.00783807
-11.13333310	0.00838380
-11.09999977	0.00885954
-11.06666643	0.00945750
-11.03333310	0.01016683
-10.99999977	0.01082145
-10.96666644	0.01156535
-10.93333310	0.01232088
-10.89999977	0.01313982
-10.86666644	0.01401779
-10.83333310	0.01485706
-10.79999977	0.01580400
-10.76666644	0.01679676
-10.73333310	0.01780662
-10.69999977	0.01896865
-10.66666644	0.02004210
-10.63333311	0.02120660
-10.59999977	0.02253090
-10.56666644	0.02390093
-10.53333311	0.02525555
-10.49999977	0.02675245
-10.46666644	0.02830846
-10.43333311	0.02998322
-10.39999977	0.03169423
-10.36666644	0.03353199
-10.33333311	0.03547172
-10.29999977	0.03740338
-10.26666644	0.03947848
-10.23333311	0.04156300
-10.19999978	0.04379850
-10.16666644	0.04604855
-10.13333311	0.04834524
-10.09999978	0.05070121
-10.06666644	0.05305824
-10.03333311	0.05534369
-9.99999978	0.05770040
-9.96666644	0.06008916
-9.93333311	0.06228870
-9.89999978	0.06449718
-9.86666645	0.06654028
-9.83333311	0.06826489
-9.79999978	0.06971583
-9.76666645	0.07092144
-9.73333311	0.07183173
-9.69999978	0.07236900
-9.66666645	0.07219355
-9.63333311	0.07164403
-9.59999978	0.07051207
-9.56666645	0.06867027
-9.53333311	0.06609622
-9.49999978	0.06278598
-9.46666645	0.05860835
-9.43333312	0.05366155
-9.39999978	0.04784997
-9.36666645	0.04104209
-9.33333312	0.03339811
-9.29999978	0.02496241
-9.26666645	0.01545180
-9.23333312	0.00547199
-9.19999978	-0.00542353
-9.16666645	-0.01695166
-9.13333312	-0.02916122
-9.09999979	-0.04164354
-9.06666645	-0.05468069
-9.03333312	-0.06781086
-8.99999979	-0.08122043
-8.96666645	-0.09459264
-8.93333312	-0.10778942
-8.89999979	-0.12080514
-8.86666645	-0.13318145
-8.83333312	-0.14523619
-8.79999979	-0.15639359
-8.76666646	-0.16689930
-8.73333312	-0.17640608
-8.69999979	-0.18498736
-8.66666646	-0.19242831
-8.63333312	-0.19877049
-8.59999979	-0.20384256
-8.56666646	-0.20777738
-8.53333312	-0.21040445
-8.49999979	-0.21188037
-8.46666646	-0.21191873
-8.43333312	-0.21074292
-8.39999979	-0.20839562
-8.36666646	-0.20493244
-8.33333313	-0.20035661
-8.29999979	-0.19469974
-8.26666646	-0.18818617
-8.23333313	-0.18073491
-8.19999979	-0.17255633
-8.16666646	-0.16373493
-8.13333313	-0.15432203
-8.09999979	-0.14433735
-8.06666646	-0.13407314
-8.03333313	-0.12353146
-7.99999980	-0.11262875
-7.96666646	-0.10175742
-7.93333313	-0.09076621
-7.89999980	-0.07993342
-7.86666646	-0.06909160
-7.83333313	-0.05853365
-7.79999980	-0.04807325
-7.76666646	-0.03802722
-7.73333313	-0.02831303
-7.69999980	-0.01902701
-7.66666647	-0.00996983
-7.63333313	-0.00145431
-7.59999980	0.00664475
-7.56666647	0.01420755
-7.53333313	0.02138402
-7.49999980	0.02798988
-7.46666647	0.03424060
-7.43333313	0.04001938
-7.39999980	0.04522746
-7.36666647	0.05013374
-7.33333313	0.05440529
-7.29999980	0.05854625
-7.26666647	0.06225454
-7.23333314	0.06530275
-7.19999980	0.06836101
-7.16666647	0.07089267
-7.13333314	0.07312037
-7.09999980	0.07528294
-7.06666647	0.07691074
-7.03333314	0.07841972
-6.99999980	0.07960525
-6.96666647	0.08062698
-6.93333314	0.08162803
-6.89999981	0.08222304
-6.86666647	0.08285382
-6.83333314	0.08330826
-6.79999981	0.08358131
-6.76666647	0.08369368
-6.73333314	0.08380878
-6.69999981	0.08383157
-6.66666647	0.08365002
-6.63333314	0.08349192
-6.59999981	0.08321286
-6.56666647	0.08291850
-6.53333314	0.08237926
-6.49999981	0.08200052
-6.46666648	0.08136862
-6.43333314	0.08082044
-6.39999981	0.07997111
-6.36666648	0.07930198
-6.33333314	0.07846270
-6.29999981	0.07747333
-6.26666648	0.07644910
-6.23333314	0.07538805
-6.19999981	0.07419267
-6.16666648	0.07279495
-6.13333315	0.07152584
-6.09999981	0.07015557
-6.06666648	0.06864588
-6.03333315	0.06706262
-5.99999981	0.06545905
-5.96666648	0.06380437
-5.93333315	0.06222965
-5.89999981	0.06038319
-5.86666648	0.05858575
-5.83333315	0.05678906
-5.79999982	0.05504425
-5.76666648	0.05318611
-5.73333315	0.05147236
-5.69999982	0.04958348
-5.66666648	0.04783987
-5.63333315	0.04606725
-5.59999982	0.04440028
-5.56666648	0.04286348
-5.53333315	0.04128184
-5.49999982	0.03968661
-5.46666648	0.03813569
-5.43333315	0.03680456
-5.39999982	0.03542363
-5.36666649	0.03411121
-5.33333315	0.03284628
-5.29999982	0.03150343
-5.26666649	0.03038805
-5.23333315	0.02930002
-5.19999982	0.02824728
-5.16666649	0.02726557
-5.13333315	0.02642527
-5.09999982	0.02551869
-5.06666649	0.02457528
-5.03333316	0.02391428
-4.99999982	0.02306437
-4.96666649	0.02236498
-4.93333316	0.02169354
-4.89999982	0.02092201
-4.86666649	0.02022321
-4.83333316	0.01961112
-4.79999982	0.01895035
-4.76666649	0.01829549
-4.73333316	0.01764402
-4.69999982	0.01703080
-4.66666649	0.01635044
-4.63333316	0.01571415
-4.59999983	0.01510322
-4.56666649	0.01445867
-4.53333316	0.01391031
-4.49999983	0.01326657
-4.46666649	0.01254027
-4.43333316	0.01203059
-4.39999983	0.01136807
-4.36666649	0.01074133
-4.33333316	0.01011113
-4.29999983	0.00951882
-4.26666650	0.00885866
-4.23333316	0.00821535
-4.19999983	0.00768960
-4.16666650	0.00691511
-4.13333316	0.00643894
-4.09999983	0.00587641
-4.06666650	0.00533509
-4.03333316	0.00464886
-3.99999983	0.00423471
-3.96666650	0.00359694
-3.93333317	0.00302213
-3.89999983	0.00254320
-3.86666650	0.00210895
-3.83333317	0.00156348
-3.79999983	0.00114029
-3.76666650	0.00069966
-3.73333317	0.00024836
-3.69999983	-0.00008659
-3.66666650	-0.00062558
-3.63333317	-0.00087161
-3.59999983	-0.00118523
-3.56666650	-0.00146391
-3.53333317	-0.00181112
-3.49999984	-0.00209511
-3.46666650	-0.00235991
-3.43333317	-0.00257350
-3.39999984	-0.00278942
-3.36666650	-0.00309323
-3.33333317	-0.00326160
-3.29999984	-0.00337387
-3.26666650	-0.00365196
-3.23333317	-0.00377451
-3.19999984	-0.00389935
-3.16666651	-0.00402772
-3.13333317	-0.00404881
-3.09999984	-0.00408104
-3.06666651	-0.00418181
-3.03333317	-0.00425655
-2.99999984	-0.00431043
-2.96666651	-0.00421165
-2.93333317	-0.00446079
-2.89999984	-0.00440707
-2.86666651	-0.00440070
-2.83333317	-0.00439098
-2.79999984	-0.00437974
-2.76666651	-0.00445510
-2.73333318	-0.00447080
-2.69999984	-0.00437745
-2.66666651	-0.00441347
-2.63333318	-0.00442986
-2.59999984	-0.00434774
-2.56666651	-0.00447351
-2.53333318	-0.00431432
-2.49999984	-0.00428951
-2.46666651	-0.00422255
-2.43333318	-0.00426892
-2.39999985	-0.00430271
-2.36666651	-0.00431252
-2.33333318	-0.00440950
-2.29999985	-0.00433275
-2.26666651	-0.00435848
-2.23333318	-0.00429261
-2.19999985	-0.00432218
-2.16666651	-0.00430389
-2.13333318	-0.00431087
-2.09999985	-0.00425219
-2.06666652	-0.00420465
-2.03333318	-0.00411894
-1.99999985	-0.00397218
-1.96666652	-0.00394767
-1.93333318	-0.00373761
-1.89999985	-0.00364634
-1.86666652	-0.00360771
-1.83333318	-0.00343742
-1.79999985	-0.00336021
-1.76666652	-0.00312942
-1.73333318	-0.00301431
-1.69999985	-0.00285074
-1.66666652	-0.00284499
-1.63333319	-0.00261666
-1.59999985	-0.00250984
-1.56666652	-0.00244359
-1.53333319	-0.00234025
-1.49999985	-0.00223075
-1.46666652	-0.00216827
-1.43333319	-0.00217137
-1.39999985	-0.00209605
-1.36666652	-0.00209467
-1.33333319	-0.00216501
-1.29999986	-0.00208465
-1.26666652	-0.00213412
-1.23333319	-0.00219653
-1.19999986	-0.00227278
-1.16666652	-0.00230143
-1.13333319	-0.00253335
-1.09999986	-0.00256759
-1.06666652	-0.00257350
-1.03333319	-0.00268661
-0.99999986	-0.00275612
-0.96666652	-0.00292575
-0.93333319	-0.00291754
-0.89999986	-0.00308149
-0.86666653	-0.00326629
-0.83333319	-0.00335294
-0.79999986	-0.00355428
-0.76666653	-0.00371736
-0.73333319	-0.00363146
-0.69999986	-0.00388303
-0.66666653	-0.00394143
-0.63333319	-0.00406440
-0.59999986	-0.00421409
-0.56666653	-0.00416984
-0.53333320	-0.00419754
-0.49999986	-0.00420121
-0.46666653	-0.00426006
-0.43333320	-0.00423632
-0.39999986	-0.00427909
-0.36666653	-0.00430876
-0.33333320	-0.00426313
-0.29999986	-0.00412185
-0.26666653	-0.00406286
-0.23333320	-0.00392059
-0.19999987	-0.00387865
-0.16666653	-0.00373638
-0.13333320	-0.00376798
-0.09999987	-0.00365645
-0.06666653	-0.00348952
-0.03333320	-0.00320735
0.00000013	-0.00309133
0.03333347	-0.00295135
0.06666680	-0.00276693
0.10000013	-0.00247732
0.13333347	-0.00249074
0.16666680	-0.00226938
0.20000013	-0.00203101
0.23333346	-0.00171734
0.26666680	-0.00147766
0.30000013	-0.00141448
0.33333346	-0.00131676
0.36666680	-0.00112361
0.40000013	-0.00091304
0.43333346	-0.00086810
0.46666680	-0.00070584
0.50000013	-0.00057554
0.53333346	-0.00049424
0.56666679	-0.00057594
0.60000013	-0.00052002
0.63333346	-0.00052480
0.66666679	-0.00054252
0.70000013	-0.00052429
0.73333346	-0.00066746
0.76666679	-0.00084573
0.80000013	-0.00092418
0.83333346	-0.00096083
0.86666679	-0.00111177
0.90000013	-0.00115767
0.93333346	-0.00140111
0.96666679	-0.00156988
1.00000012	-0.00168729
1.03333346	-0.00173984
1.06666679	-0.00199090
1.10000012	-0.00207962
1.13333346	-0.00235555
1.16666679	-0.00231710
1.20000012	-0.00248312
1.23333346	-0.00248643
1.26666679	-0.00263191
1.30000012	-0.00264687
1.33333345	-0.00270141
1.36666679	-0.00267834
1.40000012	-0.00271404
1.43333345	-0.00255205
1.46666679	-0.00258351
1.50000012	-0.00256997
1.53333345	-0.00239700
1.56666679	-0.00221212
1.60000012	-0.00199852
1.63333345	-0.00185251
1.66666678	-0.00167201
1.70000012	-0.00150236
1.73333345	-0.00123339
1.76666678	-0.00109210
1.80000012	-0.00086726
1.83333345	-0.00048341
1.86666678	-0.00018589
1.90000012	0.00003978
1.93333345	0.00025556
1.96666678	0.00046431
2.00000012	0.00075979
2.03333345	0.00098163
2.06666678	0.00107541
2.10000011	0.00127747
2.13333345	0.00148014
2.16666678	0.00164337
2.20000011	0.00180498
2.23333345	0.00192249
2.26666678	0.00197855
2.30000011	0.00196214
2.33333345	0.00197208
2.36666678	0.00197068
2.40000011	0.00192327
2.43333344	0.00193380
2.46666678	0.00184123
2.50000011	0.00183153
2.53333344	0.00172566
2.56666678	0.00163698
2.60000011	0.00150308
2.63333344	0.00137740
2.66666678	0.00128800
2.70000011	0.00123675
2.73333344	0.00107652
2.76666678	0.00096525
2.80000011	0.00078706
2.83333344	0.00068715
2.86666677	0.00055171
2.90000011	0.00044808
2.93333344	0.00050826
2.96666677	0.00035238
3.00000011	0.00022739
3.03333344	0.00021330
3.06666677	0.00004756
3.10000011	-0.00000227
3.13333344	0.00000724
3.16666677	-0.00005470
3.20000010	-0.00005328
3.23333344	-0.00010976
3.26666677	-0.00008175
3.30000010	-0.00010289
3.33333344	-0.00012656
3.36666677	-0.00002723
3.40000010	-0.00005602
3.43333344	0.00010731
3.46666677	0.00014377
3.50000010	0.00015716
3.53333343	0.00015452
3.56666677	0.00021223
3.60000010	0.00035574
3.63333343	0.00044638
3.66666677	0.00041584
3.70000010	0.00039398
3.73333343	0.00043548
3.76666677	0.00053325
3.80000010	0.00057297
3.83333343	0.00066629
3.86666677	0.00053780
3.90000010	0.00063985
3.93333343	0.00085146
3.96666676	0.00081464
4.00000010	0.00087251
4.03333343	0.00095354
4.06666676	0.00095346
4.10000010	0.00102283
4.13333343	0.00098151
4.16666676	0.00102996
4.20000010	0.00109412
4.23333343	0.00105148
4.26666676	0.00113698
4.30000009	0.00101318
4.33333343	0.00111310
4.36666676	0.00112492
4.40000009	0.00121428
4.43333343	0.00124493
4.46666676	0.00113211
4.50000009	0.00114647
4.53333343	0.00122749
4.56666676	0.00121173
4.60000009	0.00115716
4.63333343	0.00120445
4.66666676	0.00121448
4.70000009	0.00121685
4.73333342	0.00131437
4.76666676	0.00132874
4.80000009	0.00118448
4.83333342	0.00126231
4.86666676	0.00123549
4.90000009	0.00129489
4.93333342	0.00132121
4.96666676	0.00135953
5.00000009	0.00141629
5.03333342	0.00135775
5.06666675	0.00133579
5.10000009	0.00149220
5.13333342	0.00158053
5.16666675	0.00171651
5.20000009	0.00164283
5.23333342	0.00175339
5.26666675	0.00195105
5.30000009	0.00212358
5.33333342	0.00207346
5.36666675	0.00217697
5.40000008	0.00228018
5.43333342	0.00245584
5.46666675	0.00251217
5.50000008	0.00261799
5.53333342	0.00277217
5.56666675	0.00277766
5.60000008	0.00279354
5.63333342	0.00286857
5.66666675	0.00295056
5.70000008	0.00294849
5.73333342	0.00303238
5.76666675	0.00303505
5.80000008	0.00293807
5.83333341	0.00291608
5.86666675	0.00277595
5.90000008	0.00269951
5.93333341	0.00261389
5.96666675	0.00259942
6.00000008	0.00248139
6.03333341	0.00236077
6.06666675	0.00227966
6.10000008	0.00218553
6.13333341	0.00209898
6.16666674	0.00190980
6.20000008	0.00171661
6.23333341	0.00170903
6.26666674	0.00148261
6.30000008	0.00135212
6.33333341	0.00112711
6.36666674	0.00103808
6.40000008	0.00080343
6.43333341	0.00069095
6.46666674	0.00058555
6.50000008	0.00040328
6.53333341	0.00025376
6.56666674	0.00023764
6.60000007	0.00008236
6.63333341	-0.00002637
6.66666674	-0.00002373
6.70000007	-0.00013954
6.73333341	-0.00026884
6.76666674	-0.00038774
6.80000007	-0.00038011
6.83333341	-0.00038145
6.86666674	-0.00047909
6.90000007	-0.00036675
6.93333340	-0.00043820
6.96666674	-0.00040598
7.00000007	-0.00051825
7.03333340	-0.00037089
7.06666674	-0.00040140
7.10000007	-0.00028443
7.13333340	-0.00024685
7.16666674	-0.00015046
7.20000007	-0.00023095
7.23333340	-0.00012995
7.26666673	0.00001051
7.30000007	0.00000549
7.33333340	-0.00002878
7.36666673	0.00002798
7.40000007	0.00007384
7.43333340	-0.00007692
7.46666673	-0.00005285
7.50000007	-0.00002778
7.53333340	-0.00014439
7.56666673	-0.00017698
7.60000007	-0.00032670
7.63333340	-0.00034340
7.66666673	-0.00043207
7.70000006	-0.00060232
7.73333340	-0.00059709
7.76666673	-0.00065857
7.80000006	-0.00086262
7.83333340	-0.00085166
7.86666673	-0.00096679
7.90000006	-0.00123802
7.93333340	-0.00134520
7.96666673	-0.00140388
8.00000006	-0.00163332
8.03333339	-0.00174606
8.06666673	-0.00186032
8.10000006	-0.00192121
8.13333339	-0.00210605
8.16666673	-0.00227807
8.20000006	-0.00234311
8.23333339	-0.00252885
8.26666673	-0.00254085
8.30000006	-0.00260128
8.33333339	-0.00272001
8.36666672	-0.00275642
8.40000006	-0.00271074
8.43333339	-0.00286856
8.46666672	-0.00284980
8.50000006	-0.00289666
8.53333339	-0.00301241
8.56666672	-0.00304690
8.60000006	-0.00303992
8.63333339	-0.00296575
8.66666672	-0.00312024
8.70000006	-0.00306836
8.73333339	-0.00310900
8.76666672	-0.00306242
8.80000005	-0.00299313
8.83333339	-0.00296528
8.86666672	-0.00298240
8.90000005	-0.00298393
8.93333339	-0.00295354
8.96666672	-0.00294134
9.00000005	-0.00291319
9.03333339	-0.00301096
9.06666672	-0.00282876
9.10000005	-0.00299061
9.13333338	-0.00293037
9.16666672	-0.00295028
9.20000005	-0.00288194
9.23333338	-0.00290585
9.26666672	-0.00280384
9.30000005	-0.00288453
9.33333338	-0.00288141
9.36666672	-0.00282882
9.40000005	-0.00282640
9.43333338	-0.00278386
9.46666672	-0.00273967
9.50000005	-0.00269386
9.53333338	-0.00274255
9.56666671	-0.00276120
9.60000005	-0.00280058
9.63333338	-0.00278966
9.66666671	-0.00284877
9.70000005	-0.00282529
9.73333338	-0.00278899
9.76666671	-0.00279480
9.80000005	-0.00281769
9.83333338	-0.00277694
9.86666671	-0.00270260
9.90000004	-0.00270625
9.93333338	-0.00270517
9.96666671	-0.00259943
10.00000004	-0.00257069
10.03333338	-0.00256087
10.06666671	-0.00247016
10.10000004	-0.00249713
10.13333338	-0.00245170
10.16666671	-0.00242016
10.20000004	-0.00231074
10.23333337	-0.00232038
10.26666671	-0.00225640
10.30000004	-0.00228222
10.33333337	-0.00216472
10.36666671	-0.00203349
10.40000004	-0.00201094
10.43333337	-0.00196386
10.46666671	-0.00181503
10.50000004	-0.00170604
10.53333337	-0.00162705
10.56666671	-0.00147748
10.60000004	-0.00139269
10.63333337	-0.00133871
10.66666670	-0.00130150
10.70000004	-0.00116035
10.73333337	-0.00107560
10.76666670	-0.00095873
10.80000004	-0.00082589
10.83333337	-0.00077340
10.86666670	-0.00068753
10.90000004	-0.00062191
10.93333337	-0.00055595
10.96666670	-0.00051249
11.00000003	-0.00038183
11.03333337	-0.00041477
11.06666670	-0.00028725
11.10000003	-0.00030749
11.13333337	-0.00025018
11.16666670	-0.00021512
11.20000003	-0.00019434
11.23333337	-0.00018473
11.26666670	-0.00014174
11.30000003	-0.00015208
11.33333337	-0.00017534
11.36666670	-0.00014583
11.40000003	-0.00018804
11.43333336	-0.00019615
11.46666670	-0.00023621
11.50000003	-0.00024910
11.53333336	-0.00030537
11.56666670	-0.00034632
11.60000003	-0.00037115
11.63333336	-0.00032827
11.66666670	-0.00043916
11.70000003	-0.00046455
11.73333336	-0.00047393
11.76666669	-0.00053436
11.80000003	-0.00055762
11.83333336	-0.00057710
11.86666669	-0.00063190
11.90000003	-0.00063961
11.93333336	-0.00066572
11.96666669	-0.00067816
12.00000003	-0.00071252
12.03333336	-0.00071925
12.06666669	-0.00071422
12.10000002	-0.00070431
12.13333336	-0.00071150
12.16666669	-0.00070738
12.20000002	-0.00073173
12.23333336	-0.00070953
12.26666669	-0.00070431
12.30000002	-0.00069303
12.33333336	-0.00070729
12.36666669	-0.00068199
12.40000002	-0.00067776
12.43333336	-0.00066069
12.46666669	-0.00065232
12.50000002	-0.00065106
12.53333335	-0.00063689
12.56666669	-0.00062416
12.60000002	-0.00061971
12.63333335	-0.00060416
12.66666669	-0.00059703
12.70000002	-0.00057838
12.73333335	-0.00054573
12.76666669	-0.00054992
12.80000002	-0.00053608
12.83333335	-0.00053235
12.86666668	-0.00051143
12.90000002	-0.00050181
12.93333335	-0.00049995
12.96666668	-0.00049131
13.00000002	-0.00048552
13.03333335	-0.00048095
13.06666668	-0.00046588
13.10000002	-0.00045440
13.13333335	-0.00045151
13.16666668	-0.00044667
13.20000002	-0.00043174
13.23333335	-0.00043041
13.26666668	-0.00040208
13.30000001	-0.00040245
13.33333335	-0.00038974
13.36666668	-0.00037313
13.40000001	-0.00037124
13.43333335	-0.00034547
13.46666668	-0.00033887
13.50000001	-0.00031922
13.53333335	-0.00031721
13.56666668	-0.00028952
13.60000001	-0.00027620
13.63333334	-0.00027340
13.66666668	-0.00025604
13.70000001	-0.00024528
13.73333334	-0.00023231
13.76666668	-0.00022095
13.80000001	-0.00020810
13.83333334	-0.00019340
13.86666668	-0.00017898
13.90000001	-0.00016586
13.93333334	-0.00015488
13.96666667	-0.00014096
14.00000001	-0.00012587
14.03333334	-0.00011702
14.06666667	-0.00010595
14.10000001	-0.00009765
14.13333334	-0.00008518
14.16666667	-0.00007666
14.20000001	-0.00006851
14.23333334	-0.00006137
14.26666667	-0.00005511
14.30000001	-0.00004916
14.33333334	-0.00004307
14.36666667	-0.00003779
14.40000000	-0.00003241
14.43333334	-0.00002800
14.46666667	-0.00002294
14.50000000	-0.00001942
14.53333334	-0.00001608
14.56666667	-0.00001299
14.60000000	-0.00001013
14.63333334	-0.00000776
14.66666667	-0.00000587
14.70000000	-0.00000416
14.73333333	-0.00000279
14.76666667	-0.00000181
14.80000000	-0.00000096
14.83333333	-0.00000041
14.86666667	-0.00000010
14.90000000	0.00000000
