# Menlo Systems GmbH ScanControl
# Program Version 1.3.3
# Start: -65.00000000 ps, Average over 1000 waveforms. Timestamp: 2020-01-12T20:51:38
# Time [ps]	THz Signal [a.u.]
-65.06666596	0.00000000
-65.03333263	0.00000002
-64.99999930	0.00000007
-64.96666597	0.00000016
-64.93333263	0.00000024
-64.89999930	0.00000042
-64.86666597	0.00000046
-64.83333263	0.00000061
-64.79999930	0.00000067
-64.76666597	0.00000096
-64.73333263	0.00000113
-64.69999930	0.00000098
-64.66666597	0.00000064
-64.63333263	0.00000056
-64.59999930	-0.00000014
-64.56666597	-0.00000058
-64.53333264	-0.00000090
-64.49999930	-0.00000133
-64.46666597	-0.00000405
-64.43333264	-0.00000233
-64.39999930	-0.00000328
-64.36666597	-0.00000299
-64.33333264	-0.00000625
-64.29999930	-0.00000895
-64.26666597	-0.00000996
-64.23333264	-0.00001099
-64.19999931	-0.00000984
-64.16666597	-0.00001255
-64.13333264	-0.00001553
-64.09999931	-0.00001456
-64.06666597	-0.00002016
-64.03333264	-0.00001728
-63.99999931	-0.00002299
-63.96666597	-0.00002741
-63.93333264	-0.00003396
-63.89999931	-0.00003647
-63.86666597	-0.00004032
-63.83333264	-0.00003931
-63.79999931	-0.00004616
-63.76666598	-0.00004907
-63.73333264	-0.00005130
-63.69999931	-0.00005131
-63.66666598	-0.00005589
-63.63333264	-0.00005850
-63.59999931	-0.00006613
-63.56666598	-0.00006079
-63.53333264	-0.00007603
-63.49999931	-0.00007289
-63.46666598	-0.00008140
-63.43333265	-0.00008273
-63.39999931	-0.00010029
-63.36666598	-0.00011566
-63.33333265	-0.00010636
-63.29999931	-0.00010198
-63.26666598	-0.00010475
-63.23333265	-0.00012237
-63.19999931	-0.00012851
-63.16666598	-0.00011631
-63.13333265	-0.00013065
-63.09999931	-0.00012005
-63.06666598	-0.00011189
-63.03333265	-0.00010940
-62.99999932	-0.00010683
-62.96666598	-0.00010876
-62.93333265	-0.00009365
-62.89999932	-0.00010265
-62.86666598	-0.00008584
-62.83333265	-0.00004845
-62.79999932	-0.00004995
-62.76666598	-0.00004882
-62.73333265	-0.00003301
-62.69999932	-0.00000299
-62.66666599	0.00000034
-62.63333265	-0.00001243
-62.59999932	0.00003261
-62.56666599	0.00004738
-62.53333265	0.00007026
-62.49999932	0.00007225
-62.46666599	0.00012399
-62.43333265	0.00011461
-62.39999932	0.00013816
-62.36666599	0.00016883
-62.33333265	0.00020492
-62.29999932	0.00021560
-62.26666599	0.00027323
-62.23333266	0.00032403
-62.19999932	0.00033249
-62.16666599	0.00037611
-62.13333266	0.00042549
-62.09999932	0.00043583
-62.06666599	0.00046602
-62.03333266	0.00047079
-61.99999932	0.00051342
-61.96666599	0.00053019
-61.93333266	0.00060381
-61.89999933	0.00063047
-61.86666599	0.00064893
-61.83333266	0.00068469
-61.79999933	0.00072082
-61.76666599	0.00075535
-61.73333266	0.00080487
-61.69999933	0.00086226
-61.66666599	0.00091741
-61.63333266	0.00099774
-61.59999933	0.00098467
-61.56666599	0.00106261
-61.53333266	0.00109435
-61.49999933	0.00113406
-61.46666600	0.00119141
-61.43333266	0.00123899
-61.39999933	0.00124695
-61.36666600	0.00130468
-61.33333266	0.00138339
-61.29999933	0.00136364
-61.26666600	0.00142732
-61.23333266	0.00146916
-61.19999933	0.00150234
-61.16666600	0.00157242
-61.13333267	0.00158758
-61.09999933	0.00165692
-61.06666600	0.00166048
-61.03333267	0.00171672
-60.99999933	0.00173094
-60.96666600	0.00170711
-60.93333267	0.00173582
-60.89999933	0.00181735
-60.86666600	0.00181220
-60.83333267	0.00177447
-60.79999933	0.00188646
-60.76666600	0.00181715
-60.73333267	0.00184873
-60.69999934	0.00180899
-60.66666600	0.00178441
-60.63333267	0.00173892
-60.59999934	0.00179332
-60.56666600	0.00181237
-60.53333267	0.00171932
-60.49999934	0.00169848
-60.46666600	0.00161562
-60.43333267	0.00159050
-60.39999934	0.00152154
-60.36666601	0.00141928
-60.33333267	0.00135726
-60.29999934	0.00123834
-60.26666601	0.00123467
-60.23333267	0.00101403
-60.19999934	0.00099372
-60.16666601	0.00092444
-60.13333267	0.00077687
-60.09999934	0.00066069
-60.06666601	0.00058083
-60.03333268	0.00042621
-59.99999934	0.00034215
-59.96666601	0.00018049
-59.93333268	0.00008939
-59.89999934	-0.00003250
-59.86666601	-0.00020197
-59.83333268	-0.00033100
-59.79999934	-0.00034918
-59.76666601	-0.00053451
-59.73333268	-0.00061922
-59.69999934	-0.00070157
-59.66666601	-0.00085720
-59.63333268	-0.00093571
-59.59999935	-0.00105994
-59.56666601	-0.00119090
-59.53333268	-0.00121970
-59.49999935	-0.00139041
-59.46666601	-0.00142463
-59.43333268	-0.00152563
-59.39999935	-0.00159673
-59.36666601	-0.00158179
-59.33333268	-0.00162133
-59.29999935	-0.00164855
-59.26666602	-0.00167931
-59.23333268	-0.00170507
-59.19999935	-0.00162712
-59.16666602	-0.00168633
-59.13333268	-0.00167748
-59.09999935	-0.00168095
-59.06666602	-0.00162805
-59.03333268	-0.00158011
-58.99999935	-0.00151231
-58.96666602	-0.00146681
-58.93333268	-0.00142246
-58.89999935	-0.00140820
-58.86666602	-0.00133931
-58.83333269	-0.00120195
-58.79999935	-0.00111478
-58.76666602	-0.00112229
-58.73333269	-0.00100632
-58.69999935	-0.00106800
-58.66666602	-0.00095994
-58.63333269	-0.00087305
-58.59999935	-0.00079703
-58.56666602	-0.00074465
-58.53333269	-0.00077877
-58.49999936	-0.00071017
-58.46666602	-0.00064330
-58.43333269	-0.00056983
-58.39999936	-0.00041623
-58.36666602	-0.00050748
-58.33333269	-0.00034279
-58.29999936	-0.00036930
-58.26666602	-0.00033108
-58.23333269	-0.00048578
-58.19999936	-0.00042270
-58.16666602	-0.00048067
-58.13333269	-0.00046172
-58.09999936	-0.00047554
-58.06666603	-0.00053582
-58.03333269	-0.00048704
-57.99999936	-0.00044843
-57.96666603	-0.00046875
-57.93333269	-0.00043328
-57.89999936	-0.00040179
-57.86666603	-0.00035270
-57.83333269	-0.00037806
-57.79999936	-0.00046356
-57.76666603	-0.00043166
-57.73333270	-0.00036733
-57.69999936	-0.00041990
-57.66666603	-0.00037667
-57.63333270	-0.00035238
-57.59999936	-0.00037521
-57.56666603	-0.00029498
-57.53333270	-0.00028340
-57.49999936	-0.00030192
-57.46666603	-0.00016784
-57.43333270	-0.00017377
-57.39999936	-0.00017666
-57.36666603	-0.00010865
-57.33333270	-0.00006251
-57.29999937	-0.00011271
-57.26666603	-0.00009178
-57.23333270	-0.00007916
-57.19999937	-0.00003121
-57.16666603	0.00007346
-57.13333270	0.00021029
-57.09999937	0.00022633
-57.06666603	0.00033863
-57.03333270	0.00046742
-56.99999937	0.00043175
-56.96666604	0.00055779
-56.93333270	0.00066619
-56.89999937	0.00067012
-56.86666604	0.00083338
-56.83333270	0.00086336
-56.79999937	0.00089080
-56.76666604	0.00084262
-56.73333270	0.00089937
-56.69999937	0.00093695
-56.66666604	0.00102241
-56.63333270	0.00101190
-56.59999937	0.00096607
-56.56666604	0.00101870
-56.53333271	0.00104124
-56.49999937	0.00107664
-56.46666604	0.00106945
-56.43333271	0.00113991
-56.39999937	0.00106770
-56.36666604	0.00100808
-56.33333271	0.00115567
-56.29999937	0.00109342
-56.26666604	0.00111377
-56.23333271	0.00117284
-56.19999938	0.00112780
-56.16666604	0.00116125
-56.13333271	0.00122367
-56.09999938	0.00130082
-56.06666604	0.00124026
-56.03333271	0.00126952
-55.99999938	0.00119297
-55.96666604	0.00138556
-55.93333271	0.00137064
-55.89999938	0.00128095
-55.86666604	0.00144644
-55.83333271	0.00134214
-55.79999938	0.00136443
-55.76666605	0.00137817
-55.73333271	0.00142800
-55.69999938	0.00135989
-55.66666605	0.00136677
-55.63333271	0.00128968
-55.59999938	0.00142928
-55.56666605	0.00132446
-55.53333271	0.00129049
-55.49999938	0.00140096
-55.46666605	0.00130801
-55.43333272	0.00142837
-55.39999938	0.00136926
-55.36666605	0.00137839
-55.33333272	0.00139736
-55.29999938	0.00138744
-55.26666605	0.00141229
-55.23333272	0.00135131
-55.19999938	0.00138240
-55.16666605	0.00136512
-55.13333272	0.00148124
-55.09999938	0.00152427
-55.06666605	0.00145388
-55.03333272	0.00142055
-54.99999939	0.00141636
-54.96666605	0.00147310
-54.93333272	0.00153617
-54.89999939	0.00148486
-54.86666605	0.00138998
-54.83333272	0.00128412
-54.79999939	0.00120930
-54.76666605	0.00129800
-54.73333272	0.00125534
-54.69999939	0.00133563
-54.66666606	0.00125083
-54.63333272	0.00120932
-54.59999939	0.00123200
-54.56666606	0.00122210
-54.53333272	0.00130624
-54.49999939	0.00128804
-54.46666606	0.00124589
-54.43333272	0.00124087
-54.39999939	0.00123527
-54.36666606	0.00129838
-54.33333273	0.00130189
-54.29999939	0.00135898
-54.26666606	0.00134180
-54.23333273	0.00132879
-54.19999939	0.00141961
-54.16666606	0.00131220
-54.13333273	0.00138447
-54.09999939	0.00135915
-54.06666606	0.00143225
-54.03333273	0.00138889
-53.99999939	0.00136155
-53.96666606	0.00133109
-53.93333273	0.00138750
-53.89999940	0.00136150
-53.86666606	0.00130484
-53.83333273	0.00124215
-53.79999940	0.00117583
-53.76666606	0.00119628
-53.73333273	0.00113837
-53.69999940	0.00111476
-53.66666606	0.00116231
-53.63333273	0.00107653
-53.59999940	0.00103163
-53.56666607	0.00096741
-53.53333273	0.00094901
-53.49999940	0.00084046
-53.46666607	0.00093186
-53.43333273	0.00090959
-53.39999940	0.00072533
-53.36666607	0.00072925
-53.33333273	0.00073858
-53.29999940	0.00069619
-53.26666607	0.00055522
-53.23333273	0.00062160
-53.19999940	0.00057772
-53.16666607	0.00050449
-53.13333274	0.00051290
-53.09999940	0.00045111
-53.06666607	0.00041928
-53.03333274	0.00028268
-52.99999940	0.00032676
-52.96666607	0.00034533
-52.93333274	0.00028732
-52.89999940	0.00024133
-52.86666607	0.00019389
-52.83333274	0.00021169
-52.79999941	0.00016510
-52.76666607	0.00015200
-52.73333274	0.00011936
-52.69999941	0.00008908
-52.66666607	0.00019725
-52.63333274	0.00007455
-52.59999941	0.00010715
-52.56666607	0.00014937
-52.53333274	0.00021448
-52.49999941	0.00019430
-52.46666607	0.00013616
-52.43333274	0.00012468
-52.39999941	0.00013732
-52.36666608	0.00024860
-52.33333274	0.00015814
-52.29999941	0.00017939
-52.26666608	0.00012427
-52.23333274	0.00019880
-52.19999941	0.00007897
-52.16666608	0.00009346
-52.13333274	0.00005621
-52.09999941	0.00015750
-52.06666608	0.00012822
-52.03333275	0.00017213
-51.99999941	0.00006704
-51.96666608	0.00011680
-51.93333275	-0.00002130
-51.89999941	-0.00001340
-51.86666608	-0.00003113
-51.83333275	-0.00000453
-51.79999941	-0.00000784
-51.76666608	-0.00000642
-51.73333275	-0.00003683
-51.69999941	-0.00010708
-51.66666608	-0.00021344
-51.63333275	-0.00020955
-51.59999942	-0.00014950
-51.56666608	-0.00010008
-51.53333275	-0.00014912
-51.49999942	-0.00006997
-51.46666608	-0.00011372
-51.43333275	-0.00006525
-51.39999942	0.00001611
-51.36666608	-0.00006842
-51.33333275	0.00003676
-51.29999942	0.00016063
-51.26666609	0.00010080
-51.23333275	0.00024832
-51.19999942	0.00041289
-51.16666609	0.00041848
-51.13333275	0.00057732
-51.09999942	0.00057324
-51.06666609	0.00062021
-51.03333275	0.00076631
-50.99999942	0.00090284
-50.96666609	0.00107279
-50.93333275	0.00103355
-50.89999942	0.00123043
-50.86666609	0.00142463
-50.83333276	0.00146466
-50.79999942	0.00147752
-50.76666609	0.00165728
-50.73333276	0.00186753
-50.69999942	0.00191260
-50.66666609	0.00217547
-50.63333276	0.00226394
-50.59999942	0.00240220
-50.56666609	0.00252290
-50.53333276	0.00263191
-50.49999943	0.00286762
-50.46666609	0.00282932
-50.43333276	0.00302446
-50.39999943	0.00324705
-50.36666609	0.00337888
-50.33333276	0.00343366
-50.29999943	0.00362383
-50.26666609	0.00370673
-50.23333276	0.00371469
-50.19999943	0.00389132
-50.16666609	0.00380645
-50.13333276	0.00397994
-50.09999943	0.00399557
-50.06666610	0.00403605
-50.03333276	0.00402975
-49.99999943	0.00404917
-49.96666610	0.00393447
-49.93333276	0.00400324
-49.89999943	0.00394023
-49.86666610	0.00389010
-49.83333276	0.00381888
-49.79999943	0.00374297
-49.76666610	0.00375418
-49.73333277	0.00364850
-49.69999943	0.00366833
-49.66666610	0.00355858
-49.63333277	0.00352337
-49.59999943	0.00341738
-49.56666610	0.00330865
-49.53333277	0.00325719
-49.49999943	0.00314790
-49.46666610	0.00304070
-49.43333277	0.00301303
-49.39999943	0.00283985
-49.36666610	0.00289986
-49.33333277	0.00268880
-49.29999944	0.00269463
-49.26666610	0.00254566
-49.23333277	0.00239987
-49.19999944	0.00234348
-49.16666610	0.00229046
-49.13333277	0.00221204
-49.09999944	0.00207949
-49.06666610	0.00207188
-49.03333277	0.00196370
-48.99999944	0.00184367
-48.96666611	0.00184236
-48.93333277	0.00182109
-48.89999944	0.00170217
-48.86666611	0.00167540
-48.83333277	0.00159567
-48.79999944	0.00154494
-48.76666611	0.00149266
-48.73333277	0.00141373
-48.69999944	0.00135450
-48.66666611	0.00122428
-48.63333278	0.00122223
-48.59999944	0.00124636
-48.56666611	0.00124772
-48.53333278	0.00127846
-48.49999944	0.00125292
-48.46666611	0.00121842
-48.43333278	0.00134001
-48.39999944	0.00127871
-48.36666611	0.00113295
-48.33333278	0.00108407
-48.29999944	0.00104674
-48.26666611	0.00100163
-48.23333278	0.00114544
-48.19999945	0.00110740
-48.16666611	0.00100153
-48.13333278	0.00099252
-48.09999945	0.00092978
-48.06666611	0.00090141
-48.03333278	0.00081838
-47.99999945	0.00082363
-47.96666611	0.00079807
-47.93333278	0.00080587
-47.89999945	0.00081517
-47.86666612	0.00077769
-47.83333278	0.00070954
-47.79999945	0.00065056
-47.76666612	0.00066717
-47.73333278	0.00071076
-47.69999945	0.00060692
-47.66666612	0.00073998
-47.63333278	0.00062610
-47.59999945	0.00065300
-47.56666612	0.00074969
-47.53333278	0.00070009
-47.49999945	0.00084542
-47.46666612	0.00078905
-47.43333279	0.00083362
-47.39999945	0.00083678
-47.36666612	0.00091938
-47.33333279	0.00088310
-47.29999945	0.00099129
-47.26666612	0.00107005
-47.23333279	0.00103416
-47.19999945	0.00113665
-47.16666612	0.00111590
-47.13333279	0.00123935
-47.09999946	0.00124454
-47.06666612	0.00120977
-47.03333279	0.00131166
-46.99999946	0.00135367
-46.96666612	0.00135253
-46.93333279	0.00137917
-46.89999946	0.00136142
-46.86666612	0.00150665
-46.83333279	0.00153945
-46.79999946	0.00155985
-46.76666612	0.00165533
-46.73333279	0.00158718
-46.69999946	0.00175595
-46.66666613	0.00176786
-46.63333279	0.00183307
-46.59999946	0.00184222
-46.56666613	0.00194531
-46.53333279	0.00201782
-46.49999946	0.00202369
-46.46666613	0.00221846
-46.43333279	0.00233003
-46.39999946	0.00234957
-46.36666613	0.00245698
-46.33333280	0.00255584
-46.29999946	0.00264125
-46.26666613	0.00266957
-46.23333280	0.00278855
-46.19999946	0.00273251
-46.16666613	0.00286645
-46.13333280	0.00279720
-46.09999946	0.00290452
-46.06666613	0.00283556
-46.03333280	0.00290817
-45.99999946	0.00293528
-45.96666613	0.00288416
-45.93333280	0.00282757
-45.89999947	0.00292291
-45.86666613	0.00278237
-45.83333280	0.00285381
-45.79999947	0.00281885
-45.76666613	0.00274740
-45.73333280	0.00274099
-45.69999947	0.00266008
-45.66666613	0.00259808
-45.63333280	0.00252189
-45.59999947	0.00252112
-45.56666614	0.00244931
-45.53333280	0.00243243
-45.49999947	0.00228593
-45.46666614	0.00229826
-45.43333280	0.00222022
-45.39999947	0.00208880
-45.36666614	0.00193584
-45.33333280	0.00177961
-45.29999947	0.00177635
-45.26666614	0.00170102
-45.23333280	0.00169532
-45.19999947	0.00153274
-45.16666614	0.00144244
-45.13333281	0.00135514
-45.09999947	0.00114910
-45.06666614	0.00098760
-45.03333281	0.00085712
-44.99999947	0.00075760
-44.96666614	0.00062677
-44.93333281	0.00044013
-44.89999947	0.00029252
-44.86666614	0.00013174
-44.83333281	0.00006833
-44.79999948	-0.00014737
-44.76666614	-0.00024431
-44.73333281	-0.00040487
-44.69999948	-0.00049810
-44.66666614	-0.00053557
-44.63333281	-0.00074233
-44.59999948	-0.00084787
-44.56666614	-0.00090346
-44.53333281	-0.00084615
-44.49999948	-0.00084624
-44.46666614	-0.00096039
-44.43333281	-0.00086213
-44.39999948	-0.00096170
-44.36666615	-0.00091727
-44.33333281	-0.00089564
-44.29999948	-0.00093878
-44.26666615	-0.00081347
-44.23333281	-0.00091819
-44.19999948	-0.00090097
-44.16666615	-0.00089407
-44.13333281	-0.00088855
-44.09999948	-0.00086864
-44.06666615	-0.00088838
-44.03333282	-0.00082787
-43.99999948	-0.00087646
-43.96666615	-0.00081260
-43.93333282	-0.00097127
-43.89999948	-0.00093681
-43.86666615	-0.00101502
-43.83333282	-0.00097662
-43.79999948	-0.00102125
-43.76666615	-0.00105571
-43.73333282	-0.00105539
-43.69999948	-0.00107570
-43.66666615	-0.00104903
-43.63333282	-0.00098523
-43.59999949	-0.00089376
-43.56666615	-0.00085542
-43.53333282	-0.00084343
-43.49999949	-0.00076438
-43.46666615	-0.00071321
-43.43333282	-0.00043015
-43.39999949	-0.00042840
-43.36666615	-0.00022708
-43.33333282	-0.00006103
-43.29999949	-0.00000965
-43.26666616	0.00019445
-43.23333282	0.00029613
-43.19999949	0.00051417
-43.16666616	0.00058611
-43.13333282	0.00076711
-43.09999949	0.00089927
-43.06666616	0.00093348
-43.03333282	0.00102470
-42.99999949	0.00128905
-42.96666616	0.00135907
-42.93333283	0.00122449
-42.89999949	0.00145162
-42.86666616	0.00146321
-42.83333283	0.00133985
-42.79999949	0.00140581
-42.76666616	0.00141074
-42.73333283	0.00142443
-42.69999949	0.00130989
-42.66666616	0.00117735
-42.63333283	0.00119539
-42.59999949	0.00113874
-42.56666616	0.00107430
-42.53333283	0.00105625
-42.49999950	0.00097602
-42.46666616	0.00092230
-42.43333283	0.00094531
-42.39999950	0.00081178
-42.36666616	0.00071306
-42.33333283	0.00074381
-42.29999950	0.00057865
-42.26666616	0.00069555
-42.23333283	0.00061876
-42.19999950	0.00057221
-42.16666617	0.00058419
-42.13333283	0.00056450
-42.09999950	0.00053916
-42.06666617	0.00053784
-42.03333283	0.00058978
-41.99999950	0.00057825
-41.96666617	0.00060970
-41.93333283	0.00058500
-41.89999950	0.00057119
-41.86666617	0.00065368
-41.83333283	0.00063419
-41.79999950	0.00065397
-41.76666617	0.00070247
-41.73333284	0.00068441
-41.69999950	0.00074092
-41.66666617	0.00075237
-41.63333284	0.00080073
-41.59999950	0.00082217
-41.56666617	0.00075482
-41.53333284	0.00071586
-41.49999950	0.00076313
-41.46666617	0.00078445
-41.43333284	0.00070435
-41.39999951	0.00078901
-41.36666617	0.00075135
-41.33333284	0.00059002
-41.29999951	0.00055347
-41.26666617	0.00062523
-41.23333284	0.00051728
-41.19999951	0.00049493
-41.16666617	0.00047054
-41.13333284	0.00027274
-41.09999951	0.00029069
-41.06666617	0.00032695
-41.03333284	0.00031691
-40.99999951	0.00028539
-40.96666618	0.00019710
-40.93333284	0.00026908
-40.89999951	0.00018635
-40.86666618	0.00016880
-40.83333284	0.00007760
-40.79999951	0.00007566
-40.76666618	0.00010382
-40.73333284	-0.00001543
-40.69999951	0.00000955
-40.66666618	-0.00005262
-40.63333285	-0.00018285
-40.59999951	-0.00008320
-40.56666618	-0.00026643
-40.53333285	-0.00016618
-40.49999951	-0.00011682
-40.46666618	-0.00021830
-40.43333285	-0.00030269
-40.39999951	-0.00033403
-40.36666618	-0.00028297
-40.33333285	-0.00029274
-40.29999951	-0.00031554
-40.26666618	-0.00035569
-40.23333285	-0.00048044
-40.19999952	-0.00043222
-40.16666618	-0.00054941
-40.13333285	-0.00050430
-40.09999952	-0.00060900
-40.06666618	-0.00070237
-40.03333285	-0.00060167
-39.99999952	-0.00080245
-39.96666618	-0.00076362
-39.93333285	-0.00077772
-39.89999952	-0.00085054
-39.86666619	-0.00081293
-39.83333285	-0.00093421
-39.79999952	-0.00096472
-39.76666619	-0.00096238
-39.73333285	-0.00105433
-39.69999952	-0.00121126
-39.66666619	-0.00122570
-39.63333285	-0.00130681
-39.59999952	-0.00122427
-39.56666619	-0.00140377
-39.53333285	-0.00141193
-39.49999952	-0.00154519
-39.46666619	-0.00158798
-39.43333286	-0.00169772
-39.39999952	-0.00168699
-39.36666619	-0.00193562
-39.33333286	-0.00189821
-39.29999952	-0.00197227
-39.26666619	-0.00203797
-39.23333286	-0.00220102
-39.19999952	-0.00217051
-39.16666619	-0.00230153
-39.13333286	-0.00228395
-39.09999953	-0.00245464
-39.06666619	-0.00242498
-39.03333286	-0.00246665
-38.99999953	-0.00248033
-38.96666619	-0.00257458
-38.93333286	-0.00267499
-38.89999953	-0.00263677
-38.86666619	-0.00259671
-38.83333286	-0.00267111
-38.79999953	-0.00265128
-38.76666619	-0.00271068
-38.73333286	-0.00274188
-38.69999953	-0.00265779
-38.66666620	-0.00270844
-38.63333286	-0.00273725
-38.59999953	-0.00271398
-38.56666620	-0.00262027
-38.53333286	-0.00264245
-38.49999953	-0.00260742
-38.46666620	-0.00263761
-38.43333286	-0.00260189
-38.39999953	-0.00256744
-38.36666620	-0.00258828
-38.33333287	-0.00250578
-38.29999953	-0.00253842
-38.26666620	-0.00251894
-38.23333287	-0.00247719
-38.19999953	-0.00243882
-38.16666620	-0.00242457
-38.13333287	-0.00244016
-38.09999953	-0.00237234
-38.06666620	-0.00240745
-38.03333287	-0.00233207
-37.99999953	-0.00244831
-37.96666620	-0.00234324
-37.93333287	-0.00234512
-37.89999954	-0.00229846
-37.86666620	-0.00239807
-37.83333287	-0.00238774
-37.79999954	-0.00234308
-37.76666620	-0.00224481
-37.73333287	-0.00228452
-37.69999954	-0.00236451
-37.66666620	-0.00239452
-37.63333287	-0.00228038
-37.59999954	-0.00238565
-37.56666621	-0.00240536
-37.53333287	-0.00234883
-37.49999954	-0.00232289
-37.46666621	-0.00223300
-37.43333287	-0.00226807
-37.39999954	-0.00229972
-37.36666621	-0.00239416
-37.33333287	-0.00225537
-37.29999954	-0.00232268
-37.26666621	-0.00237364
-37.23333288	-0.00238633
-37.19999954	-0.00236528
-37.16666621	-0.00230107
-37.13333288	-0.00236576
-37.09999954	-0.00241881
-37.06666621	-0.00231552
-37.03333288	-0.00229292
-36.99999954	-0.00232284
-36.96666621	-0.00245484
-36.93333288	-0.00241673
-36.89999954	-0.00237785
-36.86666621	-0.00247766
-36.83333288	-0.00238525
-36.79999955	-0.00243303
-36.76666621	-0.00236028
-36.73333288	-0.00244092
-36.69999955	-0.00242377
-36.66666621	-0.00232502
-36.63333288	-0.00223924
-36.59999955	-0.00229318
-36.56666621	-0.00226959
-36.53333288	-0.00223046
-36.49999955	-0.00221083
-36.46666622	-0.00220914
-36.43333288	-0.00229577
-36.39999955	-0.00228436
-36.36666622	-0.00238336
-36.33333288	-0.00224438
-36.29999955	-0.00232881
-36.26666622	-0.00223467
-36.23333288	-0.00238365
-36.19999955	-0.00234238
-36.16666622	-0.00236534
-36.13333288	-0.00246752
-36.09999955	-0.00238045
-36.06666622	-0.00249086
-36.03333289	-0.00257121
-35.99999955	-0.00252521
-35.96666622	-0.00258376
-35.93333289	-0.00267977
-35.89999955	-0.00246922
-35.86666622	-0.00250815
-35.83333289	-0.00254951
-35.79999955	-0.00262159
-35.76666622	-0.00266163
-35.73333289	-0.00267042
-35.69999956	-0.00272954
-35.66666622	-0.00270425
-35.63333289	-0.00262024
-35.59999956	-0.00255285
-35.56666622	-0.00255626
-35.53333289	-0.00256534
-35.49999956	-0.00256460
-35.46666622	-0.00262112
-35.43333289	-0.00259689
-35.39999956	-0.00253844
-35.36666622	-0.00256346
-35.33333289	-0.00249325
-35.29999956	-0.00243467
-35.26666623	-0.00237179
-35.23333289	-0.00229698
-35.19999956	-0.00234814
-35.16666623	-0.00246278
-35.13333289	-0.00239357
-35.09999956	-0.00242431
-35.06666623	-0.00233249
-35.03333289	-0.00232957
-34.99999956	-0.00235857
-34.96666623	-0.00238007
-34.93333290	-0.00238643
-34.89999956	-0.00246339
-34.86666623	-0.00249529
-34.83333290	-0.00255000
-34.79999956	-0.00263692
-34.76666623	-0.00256552
-34.73333290	-0.00262611
-34.69999956	-0.00265247
-34.66666623	-0.00273458
-34.63333290	-0.00270365
-34.59999956	-0.00275518
-34.56666623	-0.00277262
-34.53333290	-0.00286992
-34.49999957	-0.00288092
-34.46666623	-0.00283187
-34.43333290	-0.00278611
-34.39999957	-0.00296576
-34.36666623	-0.00296340
-34.33333290	-0.00287417
-34.29999957	-0.00289022
-34.26666623	-0.00291818
-34.23333290	-0.00295589
-34.19999957	-0.00280925
-34.16666624	-0.00281006
-34.13333290	-0.00293081
-34.09999957	-0.00289491
-34.06666624	-0.00289366
-34.03333290	-0.00301200
-33.99999957	-0.00300461
-33.96666624	-0.00297278
-33.93333290	-0.00299178
-33.89999957	-0.00297668
-33.86666624	-0.00299273
-33.83333290	-0.00308030
-33.79999957	-0.00305597
-33.76666624	-0.00303068
-33.73333291	-0.00312474
-33.69999957	-0.00306730
-33.66666624	-0.00319875
-33.63333291	-0.00311098
-33.59999957	-0.00310025
-33.56666624	-0.00306825
-33.53333291	-0.00315185
-33.49999957	-0.00313935
-33.46666624	-0.00321979
-33.43333291	-0.00312706
-33.39999958	-0.00324384
-33.36666624	-0.00320905
-33.33333291	-0.00320941
-33.29999958	-0.00319001
-33.26666624	-0.00329442
-33.23333291	-0.00328647
-33.19999958	-0.00339628
-33.16666624	-0.00339784
-33.13333291	-0.00340124
-33.09999958	-0.00344560
-33.06666624	-0.00339358
-33.03333291	-0.00338577
-32.99999958	-0.00345584
-32.96666625	-0.00346339
-32.93333291	-0.00346548
-32.89999958	-0.00343360
-32.86666625	-0.00334240
-32.83333291	-0.00335354
-32.79999958	-0.00333749
-32.76666625	-0.00339878
-32.73333291	-0.00335892
-32.69999958	-0.00343524
-32.66666625	-0.00341741
-32.63333292	-0.00328288
-32.59999958	-0.00314408
-32.56666625	-0.00325035
-32.53333292	-0.00319348
-32.49999958	-0.00320261
-32.46666625	-0.00319804
-32.43333292	-0.00327382
-32.39999958	-0.00324231
-32.36666625	-0.00324195
-32.33333292	-0.00317621
-32.29999958	-0.00319289
-32.26666625	-0.00327172
-32.23333292	-0.00324031
-32.19999959	-0.00331085
-32.16666625	-0.00330428
-32.13333292	-0.00328315
-32.09999959	-0.00332679
-32.06666625	-0.00334196
-32.03333292	-0.00334238
-31.99999959	-0.00342985
-31.96666625	-0.00340546
-31.93333292	-0.00328727
-31.89999959	-0.00335233
-31.86666626	-0.00318531
-31.83333292	-0.00322226
-31.79999959	-0.00322793
-31.76666626	-0.00315839
-31.73333292	-0.00318889
-31.69999959	-0.00318675
-31.66666626	-0.00316686
-31.63333292	-0.00314156
-31.59999959	-0.00314145
-31.56666626	-0.00309563
-31.53333293	-0.00317387
-31.49999959	-0.00307615
-31.46666626	-0.00315066
-31.43333293	-0.00318236
-31.39999959	-0.00318900
-31.36666626	-0.00309056
-31.33333293	-0.00310483
-31.29999959	-0.00304986
-31.26666626	-0.00305524
-31.23333293	-0.00301719
-31.19999959	-0.00302536
-31.16666626	-0.00299468
-31.13333293	-0.00300632
-31.09999960	-0.00298685
-31.06666626	-0.00293232
-31.03333293	-0.00287352
-30.99999960	-0.00289292
-30.96666626	-0.00295103
-30.93333293	-0.00278244
-30.89999960	-0.00278355
-30.86666626	-0.00270075
-30.83333293	-0.00274445
-30.79999960	-0.00287650
-30.76666627	-0.00288110
-30.73333293	-0.00275246
-30.69999960	-0.00276987
-30.66666627	-0.00268803
-30.63333293	-0.00262181
-30.59999960	-0.00261822
-30.56666627	-0.00251359
-30.53333293	-0.00256308
-30.49999960	-0.00251203
-30.46666627	-0.00244493
-30.43333293	-0.00248900
-30.39999960	-0.00245023
-30.36666627	-0.00244158
-30.33333294	-0.00244311
-30.29999960	-0.00235923
-30.26666627	-0.00240034
-30.23333294	-0.00231282
-30.19999960	-0.00239946
-30.16666627	-0.00237030
-30.13333294	-0.00244677
-30.09999960	-0.00240498
-30.06666627	-0.00242537
-30.03333294	-0.00237935
-29.99999961	-0.00248970
-29.96666627	-0.00244853
-29.93333294	-0.00246338
-29.89999961	-0.00245170
-29.86666627	-0.00235366
-29.83333294	-0.00236693
-29.79999961	-0.00249671
-29.76666627	-0.00238781
-29.73333294	-0.00255211
-29.69999961	-0.00250923
-29.66666627	-0.00247781
-29.63333294	-0.00240796
-29.59999961	-0.00252618
-29.56666628	-0.00244665
-29.53333294	-0.00239238
-29.49999961	-0.00236972
-29.46666628	-0.00240277
-29.43333294	-0.00230153
-29.39999961	-0.00240548
-29.36666628	-0.00238846
-29.33333294	-0.00240826
-29.29999961	-0.00250488
-29.26666628	-0.00252997
-29.23333295	-0.00243769
-29.19999961	-0.00252395
-29.16666628	-0.00254847
-29.13333295	-0.00246158
-29.09999961	-0.00247056
-29.06666628	-0.00246400
-29.03333295	-0.00246726
-28.99999961	-0.00249568
-28.96666628	-0.00248868
-28.93333295	-0.00239855
-28.89999961	-0.00236444
-28.86666628	-0.00239914
-28.83333295	-0.00240446
-28.79999962	-0.00236358
-28.76666628	-0.00242614
-28.73333295	-0.00235263
-28.69999962	-0.00231040
-28.66666628	-0.00223276
-28.63333295	-0.00221121
-28.59999962	-0.00221967
-28.56666628	-0.00210823
-28.53333295	-0.00197679
-28.49999962	-0.00192489
-28.46666629	-0.00190684
-28.43333295	-0.00191555
-28.39999962	-0.00186639
-28.36666629	-0.00184399
-28.33333295	-0.00174894
-28.29999962	-0.00168032
-28.26666629	-0.00158094
-28.23333295	-0.00163254
-28.19999962	-0.00161429
-28.16666629	-0.00149598
-28.13333295	-0.00137169
-28.09999962	-0.00130671
-28.06666629	-0.00136004
-28.03333296	-0.00126378
-27.99999962	-0.00117643
-27.96666629	-0.00123642
-27.93333296	-0.00110392
-27.89999962	-0.00115251
-27.86666629	-0.00107911
-27.83333296	-0.00099172
-27.79999962	-0.00098890
-27.76666629	-0.00092443
-27.73333296	-0.00089035
-27.69999963	-0.00088991
-27.66666629	-0.00071218
-27.63333296	-0.00065708
-27.59999963	-0.00063271
-27.56666629	-0.00072926
-27.53333296	-0.00059826
-27.49999963	-0.00055229
-27.46666629	-0.00054665
-27.43333296	-0.00054761
-27.39999963	-0.00053163
-27.36666629	-0.00046867
-27.33333296	-0.00034071
-27.29999963	-0.00029148
-27.26666630	-0.00036440
-27.23333296	-0.00041756
-27.19999963	-0.00041323
-27.16666630	-0.00036620
-27.13333296	-0.00055367
-27.09999963	-0.00047900
-27.06666630	-0.00053276
-27.03333296	-0.00057429
-26.99999963	-0.00051373
-26.96666630	-0.00055520
-26.93333297	-0.00052682
-26.89999963	-0.00039231
-26.86666630	-0.00045040
-26.83333297	-0.00055471
-26.79999963	-0.00046491
-26.76666630	-0.00045252
-26.73333297	-0.00046421
-26.69999963	-0.00035982
-26.66666630	-0.00038668
-26.63333297	-0.00036534
-26.59999963	-0.00034706
-26.56666630	-0.00033363
-26.53333297	-0.00029587
-26.49999964	-0.00033219
-26.46666630	-0.00027116
-26.43333297	-0.00031478
-26.39999964	-0.00022823
-26.36666630	-0.00035025
-26.33333297	-0.00036111
-26.29999964	-0.00031582
-26.26666630	-0.00028946
-26.23333297	-0.00029347
-26.19999964	-0.00028234
-26.16666631	-0.00019938
-26.13333297	-0.00017038
-26.09999964	-0.00011466
-26.06666631	-0.00016777
-26.03333297	-0.00021773
-25.99999964	-0.00023005
-25.96666631	-0.00009601
-25.93333297	-0.00008461
-25.89999964	-0.00017692
-25.86666631	-0.00024100
-25.83333298	-0.00015214
-25.79999964	-0.00019744
-25.76666631	-0.00022544
-25.73333298	-0.00016910
-25.69999964	-0.00019798
-25.66666631	-0.00013040
-25.63333298	-0.00014927
-25.59999964	-0.00018280
-25.56666631	-0.00015425
-25.53333298	-0.00012876
-25.49999964	-0.00017912
-25.46666631	-0.00011290
-25.43333298	-0.00019120
-25.39999965	-0.00017522
-25.36666631	-0.00011293
-25.33333298	-0.00015181
-25.29999965	-0.00005569
-25.26666631	-0.00003642
-25.23333298	-0.00004883
-25.19999965	-0.00004672
-25.16666631	-0.00005383
-25.13333298	-0.00007915
-25.09999965	-0.00006569
-25.06666632	-0.00010803
-25.03333298	-0.00004768
-24.99999965	0.00006329
-24.96666632	-0.00008476
-24.93333298	0.00004422
-24.89999965	-0.00003655
-24.86666632	-0.00008049
-24.83333298	-0.00003971
-24.79999965	0.00001079
-24.76666632	-0.00007140
-24.73333298	-0.00004350
-24.69999965	-0.00005371
-24.66666632	-0.00006424
-24.63333299	-0.00017433
-24.59999965	-0.00017498
-24.56666632	-0.00027100
-24.53333299	-0.00025466
-24.49999965	-0.00035441
-24.46666632	-0.00040800
-24.43333299	-0.00047154
-24.39999965	-0.00051162
-24.36666632	-0.00057108
-24.33333299	-0.00064762
-24.29999966	-0.00071431
-24.26666632	-0.00068935
-24.23333299	-0.00064805
-24.19999966	-0.00075227
-24.16666632	-0.00073674
-24.13333299	-0.00073275
-24.09999966	-0.00083348
-24.06666632	-0.00093046
-24.03333299	-0.00086327
-23.99999966	-0.00084394
-23.96666632	-0.00092671
-23.93333299	-0.00092636
-23.89999966	-0.00088817
-23.86666633	-0.00093907
-23.83333299	-0.00100041
-23.79999966	-0.00110106
-23.76666633	-0.00107905
-23.73333299	-0.00106016
-23.69999966	-0.00114519
-23.66666633	-0.00114635
-23.63333299	-0.00109865
-23.59999966	-0.00113581
-23.56666633	-0.00108414
-23.53333300	-0.00104979
-23.49999966	-0.00108077
-23.46666633	-0.00115093
-23.43333300	-0.00116335
-23.39999966	-0.00113221
-23.36666633	-0.00118994
-23.33333300	-0.00120499
-23.29999966	-0.00123234
-23.26666633	-0.00116755
-23.23333300	-0.00126067
-23.19999966	-0.00132270
-23.16666633	-0.00127350
-23.13333300	-0.00127683
-23.09999967	-0.00132021
-23.06666633	-0.00130014
-23.03333300	-0.00133301
-22.99999967	-0.00137218
-22.96666633	-0.00132431
-22.93333300	-0.00140213
-22.89999967	-0.00141492
-22.86666633	-0.00136451
-22.83333300	-0.00135112
-22.79999967	-0.00147513
-22.76666634	-0.00144835
-22.73333300	-0.00137654
-22.69999967	-0.00141514
-22.66666634	-0.00144634
-22.63333300	-0.00134655
-22.59999967	-0.00132140
-22.56666634	-0.00127239
-22.53333300	-0.00132746
-22.49999967	-0.00127546
-22.46666634	-0.00123724
-22.43333300	-0.00125074
-22.39999967	-0.00126316
-22.36666634	-0.00125315
-22.33333301	-0.00131456
-22.29999967	-0.00125419
-22.26666634	-0.00127249
-22.23333301	-0.00135292
-22.19999967	-0.00130719
-22.16666634	-0.00139807
-22.13333301	-0.00140735
-22.09999967	-0.00140066
-22.06666634	-0.00141979
-22.03333301	-0.00140508
-21.99999968	-0.00148306
-21.96666634	-0.00153605
-21.93333301	-0.00144681
-21.89999968	-0.00133435
-21.86666634	-0.00149367
-21.83333301	-0.00150643
-21.79999968	-0.00151762
-21.76666634	-0.00158920
-21.73333301	-0.00165777
-21.69999968	-0.00171387
-21.66666634	-0.00164976
-21.63333301	-0.00169167
-21.59999968	-0.00167129
-21.56666635	-0.00173834
-21.53333301	-0.00183575
-21.49999968	-0.00182624
-21.46666635	-0.00185124
-21.43333301	-0.00185056
-21.39999968	-0.00181411
-21.36666635	-0.00190263
-21.33333301	-0.00194496
-21.29999968	-0.00196547
-21.26666635	-0.00202640
-21.23333302	-0.00207136
-21.19999968	-0.00200067
-21.16666635	-0.00201147
-21.13333302	-0.00205011
-21.09999968	-0.00224554
-21.06666635	-0.00222998
-21.03333302	-0.00230521
-20.99999968	-0.00220053
-20.96666635	-0.00226728
-20.93333302	-0.00218341
-20.89999968	-0.00229718
-20.86666635	-0.00227914
-20.83333302	-0.00228384
-20.79999969	-0.00231546
-20.76666635	-0.00238944
-20.73333302	-0.00224974
-20.69999969	-0.00235530
-20.66666635	-0.00229690
-20.63333302	-0.00232439
-20.59999969	-0.00234336
-20.56666635	-0.00237088
-20.53333302	-0.00231887
-20.49999969	-0.00228132
-20.46666636	-0.00234273
-20.43333302	-0.00229138
-20.39999969	-0.00213294
-20.36666636	-0.00220938
-20.33333302	-0.00218612
-20.29999969	-0.00202814
-20.26666636	-0.00221749
-20.23333302	-0.00222973
-20.19999969	-0.00225684
-20.16666636	-0.00225540
-20.13333303	-0.00223841
-20.09999969	-0.00232077
-20.06666636	-0.00214837
-20.03333303	-0.00209966
-19.99999969	-0.00221156
-19.96666636	-0.00212168
-19.93333303	-0.00220458
-19.89999969	-0.00207769
-19.86666636	-0.00213851
-19.83333303	-0.00214046
-19.79999969	-0.00220330
-19.76666636	-0.00214137
-19.73333303	-0.00220501
-19.69999970	-0.00206216
-19.66666636	-0.00194380
-19.63333303	-0.00198532
-19.59999970	-0.00199836
-19.56666636	-0.00194089
-19.53333303	-0.00188454
-19.49999970	-0.00188591
-19.46666636	-0.00183980
-19.43333303	-0.00188098
-19.39999970	-0.00177328
-19.36666637	-0.00170148
-19.33333303	-0.00165528
-19.29999970	-0.00166452
-19.26666637	-0.00160571
-19.23333303	-0.00146112
-19.19999970	-0.00147807
-19.16666637	-0.00137452
-19.13333303	-0.00143509
-19.09999970	-0.00132248
-19.06666637	-0.00124131
-19.03333303	-0.00116464
-18.99999970	-0.00108057
-18.96666637	-0.00109314
-18.93333304	-0.00108700
-18.89999970	-0.00102846
-18.86666637	-0.00107779
-18.83333304	-0.00096551
-18.79999970	-0.00086035
-18.76666637	-0.00082430
-18.73333304	-0.00082782
-18.69999970	-0.00084896
-18.66666637	-0.00082386
-18.63333304	-0.00085224
-18.59999971	-0.00081608
-18.56666637	-0.00070110
-18.53333304	-0.00084179
-18.49999971	-0.00083776
-18.46666637	-0.00082965
-18.43333304	-0.00090124
-18.39999971	-0.00081495
-18.36666637	-0.00086607
-18.33333304	-0.00077948
-18.29999971	-0.00087207
-18.26666637	-0.00076980
-18.23333304	-0.00080814
-18.19999971	-0.00082617
-18.16666638	-0.00074099
-18.13333304	-0.00080093
-18.09999971	-0.00084760
-18.06666638	-0.00064167
-18.03333304	-0.00071862
-17.99999971	-0.00063540
-17.96666638	-0.00059944
-17.93333304	-0.00043223
-17.89999971	-0.00039100
-17.86666638	-0.00029467
-17.83333305	-0.00026233
-17.79999971	-0.00020430
-17.76666638	-0.00018397
-17.73333305	-0.00005940
-17.69999971	-0.00005962
-17.66666638	-0.00006541
-17.63333305	-0.00007279
-17.59999971	0.00008131
-17.56666638	0.00011938
-17.53333305	0.00017122
-17.49999971	0.00016566
-17.46666638	0.00022435
-17.43333305	0.00025216
-17.39999972	0.00037570
-17.36666638	0.00033727
-17.33333305	0.00033989
-17.29999972	0.00036785
-17.26666638	0.00029822
-17.23333305	0.00037883
-17.19999972	0.00035602
-17.16666638	0.00042805
-17.13333305	0.00045662
-17.09999972	0.00029978
-17.06666639	0.00032687
-17.03333305	0.00029023
-16.99999972	0.00020256
-16.96666639	0.00018881
-16.93333305	0.00008489
-16.89999972	-0.00007537
-16.86666639	-0.00001058
-16.83333305	-0.00016398
-16.79999972	-0.00033687
-16.76666639	-0.00050368
-16.73333305	-0.00051547
-16.69999972	-0.00071833
-16.66666639	-0.00071475
-16.63333306	-0.00089790
-16.59999972	-0.00108625
-16.56666639	-0.00118847
-16.53333306	-0.00148349
-16.49999972	-0.00148251
-16.46666639	-0.00169231
-16.43333306	-0.00183575
-16.39999972	-0.00198164
-16.36666639	-0.00210440
-16.33333306	-0.00227898
-16.29999973	-0.00234257
-16.26666639	-0.00244192
-16.23333306	-0.00255207
-16.19999973	-0.00260724
-16.16666639	-0.00254445
-16.13333306	-0.00271085
-16.09999973	-0.00271465
-16.06666639	-0.00267231
-16.03333306	-0.00270082
-15.99999973	-0.00268565
-15.96666639	-0.00258739
-15.93333306	-0.00252596
-15.89999973	-0.00259467
-15.86666640	-0.00244448
-15.83333306	-0.00237141
-15.79999973	-0.00222693
-15.76666640	-0.00218196
-15.73333306	-0.00212124
-15.69999973	-0.00195189
-15.66666640	-0.00186273
-15.63333306	-0.00201837
-15.59999973	-0.00186186
-15.56666640	-0.00182825
-15.53333307	-0.00174437
-15.49999973	-0.00176485
-15.46666640	-0.00173317
-15.43333307	-0.00166390
-15.39999973	-0.00155048
-15.36666640	-0.00155339
-15.33333307	-0.00141822
-15.29999973	-0.00138271
-15.26666640	-0.00128246
-15.23333307	-0.00142115
-15.19999973	-0.00127923
-15.16666640	-0.00112990
-15.13333307	-0.00114125
-15.09999974	-0.00104668
-15.06666640	-0.00103815
-15.03333307	-0.00091916
-14.99999974	-0.00086141
-14.96666640	-0.00084437
-14.93333307	-0.00072950
-14.89999974	-0.00059603
-14.86666640	-0.00062872
-14.83333307	-0.00052739
-14.79999974	-0.00031604
-14.76666641	-0.00031004
-14.73333307	-0.00024643
-14.69999974	-0.00014245
-14.66666641	0.00006733
-14.63333307	0.00022898
-14.59999974	0.00022478
-14.56666641	0.00025245
-14.53333307	0.00044484
-14.49999974	0.00055017
-14.46666641	0.00062522
-14.43333308	0.00068644
-14.39999974	0.00065362
-14.36666641	0.00071687
-14.33333308	0.00082605
-14.29999974	0.00086954
-14.26666641	0.00091134
-14.23333308	0.00092490
-14.19999974	0.00097861
-14.16666641	0.00106498
-14.13333308	0.00100083
-14.09999974	0.00094054
-14.06666641	0.00109594
-14.03333308	0.00110257
-13.99999975	0.00106913
-13.96666641	0.00116176
-13.93333308	0.00118457
-13.89999975	0.00126940
-13.86666641	0.00129993
-13.83333308	0.00136113
-13.79999975	0.00142315
-13.76666641	0.00156177
-13.73333308	0.00168445
-13.69999975	0.00174395
-13.66666642	0.00183065
-13.63333308	0.00200052
-13.59999975	0.00202934
-13.56666642	0.00202728
-13.53333308	0.00215856
-13.49999975	0.00225992
-13.46666642	0.00245462
-13.43333308	0.00249657
-13.39999975	0.00261142
-13.36666642	0.00273873
-13.33333308	0.00282402
-13.29999975	0.00289710
-13.26666642	0.00302372
-13.23333309	0.00327421
-13.19999975	0.00332008
-13.16666642	0.00335328
-13.13333309	0.00339327
-13.09999975	0.00349949
-13.06666642	0.00362520
-13.03333309	0.00371088
-12.99999975	0.00386546
-12.96666642	0.00392101
-12.93333309	0.00402737
-12.89999976	0.00406766
-12.86666642	0.00419492
-12.83333309	0.00430743
-12.79999976	0.00431231
-12.76666642	0.00441772
-12.73333309	0.00447126
-12.69999976	0.00443097
-12.66666642	0.00461477
-12.63333309	0.00468652
-12.59999976	0.00464143
-12.56666642	0.00466180
-12.53333309	0.00471366
-12.49999976	0.00469769
-12.46666643	0.00473583
-12.43333309	0.00468324
-12.39999976	0.00453093
-12.36666643	0.00464679
-12.33333309	0.00449957
-12.29999976	0.00450032
-12.26666643	0.00448463
-12.23333309	0.00437889
-12.19999976	0.00435020
-12.16666643	0.00428212
-12.13333310	0.00413178
-12.09999976	0.00406985
-12.06666643	0.00393936
-12.03333310	0.00390439
-11.99999976	0.00380448
-11.96666643	0.00361248
-11.93333310	0.00357850
-11.89999976	0.00362527
-11.86666643	0.00347879
-11.83333310	0.00342213
-11.79999976	0.00343529
-11.76666643	0.00349124
-11.73333310	0.00358032
-11.69999977	0.00360694
-11.66666643	0.00361554
-11.63333310	0.00367143
-11.59999977	0.00396511
-11.56666643	0.00403766
-11.53333310	0.00422961
-11.49999977	0.00442970
-11.46666643	0.00462576
-11.43333310	0.00486246
-11.39999977	0.00527805
-11.36666644	0.00567810
-11.33333310	0.00606130
-11.29999977	0.00651382
-11.26666644	0.00690248
-11.23333310	0.00740437
-11.19999977	0.00784514
-11.16666644	0.00840662
-11.13333310	0.00907902
-11.09999977	0.00956848
-11.06666644	0.01028558
-11.03333310	0.01102817
-10.99999977	0.01171203
-10.96666644	0.01247006
-10.93333311	0.01326184
-10.89999977	0.01413782
-10.86666644	0.01514161
-10.83333311	0.01604425
-10.79999977	0.01691003
-10.76666644	0.01808381
-10.73333311	0.01929675
-10.69999977	0.02048982
-10.66666644	0.02177343
-10.63333311	0.02302684
-10.59999978	0.02437746
-10.56666644	0.02594690
-10.53333311	0.02750016
-10.49999978	0.02912614
-10.46666644	0.03086383
-10.43333311	0.03268410
-10.39999978	0.03444947
-10.36666644	0.03644741
-10.33333311	0.03837167
-10.29999978	0.04055990
-10.26666644	0.04270867
-10.23333311	0.04507462
-10.19999978	0.04721620
-10.16666645	0.04963320
-10.13333311	0.05207054
-10.09999978	0.05454968
-10.06666645	0.05707260
-10.03333311	0.05945087
-9.99999978	0.06175679
-9.96666645	0.06405093
-9.93333311	0.06639272
-9.89999978	0.06848197
-9.86666645	0.07029402
-9.83333312	0.07182906
-9.79999978	0.07314424
-9.76666645	0.07420166
-9.73333312	0.07466873
-9.69999978	0.07480121
-9.66666645	0.07431408
-9.63333312	0.07324611
-9.59999978	0.07151670
-9.56666645	0.06914236
-9.53333312	0.06589829
-9.49999978	0.06195115
-9.46666645	0.05700915
-9.43333312	0.05134198
-9.39999979	0.04474698
-9.36666645	0.03704159
-9.33333312	0.02859610
-9.29999979	0.01926227
-9.26666645	0.00911017
-9.23333312	-0.00184336
-9.19999979	-0.01346602
-9.16666645	-0.02576858
-9.13333312	-0.03866443
-9.09999979	-0.05192903
-9.06666646	-0.06544093
-9.03333312	-0.07913367
-8.99999979	-0.09282383
-8.96666646	-0.10653131
-8.93333312	-0.11983962
-8.89999979	-0.13295027
-8.86666646	-0.14534063
-8.83333312	-0.15725447
-8.79999979	-0.16820592
-8.76666646	-0.17848780
-8.73333313	-0.18762008
-8.69999979	-0.19559023
-8.66666646	-0.20255658
-8.63333313	-0.20827148
-8.59999979	-0.21266737
-8.56666646	-0.21566441
-8.53333313	-0.21768946
-8.49999979	-0.21825417
-8.46666646	-0.21742348
-8.43333313	-0.21547993
-8.39999979	-0.21220935
-8.36666646	-0.20788635
-8.33333313	-0.20240087
-8.29999980	-0.19606942
-8.26666646	-0.18878062
-8.23333313	-0.18055292
-8.19999980	-0.17158845
-8.16666646	-0.16216794
-8.13333313	-0.15197277
-8.09999980	-0.14165530
-8.06666646	-0.13077280
-8.03333313	-0.11960733
-7.99999980	-0.10834873
-7.96666647	-0.09711252
-7.93333313	-0.08583345
-7.89999980	-0.07467747
-7.86666647	-0.06365145
-7.83333313	-0.05289118
-7.79999980	-0.04237625
-7.76666647	-0.03228363
-7.73333313	-0.02253344
-7.69999980	-0.01304820
-7.66666647	-0.00407969
-7.63333313	0.00443821
-7.59999980	0.01243046
-7.56666647	0.02000613
-7.53333314	0.02708276
-7.49999980	0.03363002
-7.46666647	0.03965206
-7.43333314	0.04538800
-7.39999980	0.05051005
-7.36666647	0.05518146
-7.33333314	0.05939806
-7.29999980	0.06339429
-7.26666647	0.06671254
-7.23333314	0.06981345
-7.19999981	0.07264449
-7.16666647	0.07504552
-7.13333314	0.07711405
-7.09999981	0.07900130
-7.06666647	0.08055296
-7.03333314	0.08188656
-6.99999981	0.08294212
-6.96666647	0.08387175
-6.93333314	0.08461284
-6.89999981	0.08518875
-6.86666647	0.08563941
-6.83333314	0.08580287
-6.79999981	0.08594386
-6.76666648	0.08606676
-6.73333314	0.08598277
-6.69999981	0.08593186
-6.66666648	0.08567773
-6.63333314	0.08525389
-6.59999981	0.08502392
-6.56666648	0.08441411
-6.53333314	0.08379168
-6.49999981	0.08327733
-6.46666648	0.08258049
-6.43333315	0.08177921
-6.39999981	0.08095155
-6.36666648	0.08012020
-6.33333315	0.07901984
-6.29999981	0.07798878
-6.26666648	0.07684610
-6.23333315	0.07558242
-6.19999981	0.07427972
-6.16666648	0.07289279
-6.13333315	0.07142952
-6.09999981	0.06992757
-6.06666648	0.06828345
-6.03333315	0.06663103
-5.99999982	0.06494151
-5.96666648	0.06308492
-5.93333315	0.06143404
-5.89999982	0.05950242
-5.86666648	0.05767386
-5.83333315	0.05591077
-5.79999982	0.05398724
-5.76666648	0.05215560
-5.73333315	0.05041194
-5.69999982	0.04863315
-5.66666649	0.04684520
-5.63333315	0.04519551
-5.59999982	0.04353700
-5.56666649	0.04198824
-5.53333315	0.04021299
-5.49999982	0.03875360
-5.46666649	0.03726221
-5.43333315	0.03579539
-5.39999982	0.03449190
-5.36666649	0.03327499
-5.33333315	0.03199919
-5.29999982	0.03086247
-5.26666649	0.02979000
-5.23333316	0.02877250
-5.19999982	0.02786867
-5.16666649	0.02685300
-5.13333316	0.02593480
-5.09999982	0.02520116
-5.06666649	0.02442154
-5.03333316	0.02366980
-4.99999982	0.02292018
-4.96666649	0.02223624
-4.93333316	0.02156857
-4.89999983	0.02093627
-4.86666649	0.02028691
-4.83333316	0.01971107
-4.79999983	0.01914058
-4.76666649	0.01839706
-4.73333316	0.01787841
-4.69999983	0.01705603
-4.66666649	0.01650953
-4.63333316	0.01575280
-4.59999983	0.01514308
-4.56666649	0.01458098
-4.53333316	0.01383061
-4.49999983	0.01323479
-4.46666650	0.01267658
-4.43333316	0.01199935
-4.39999983	0.01133894
-4.36666650	0.01076931
-4.33333316	0.01002677
-4.29999983	0.00943201
-4.26666650	0.00873811
-4.23333316	0.00809281
-4.19999983	0.00749843
-4.16666650	0.00676865
-4.13333317	0.00620450
-4.09999983	0.00557467
-4.06666650	0.00497024
-4.03333317	0.00439702
-3.99999983	0.00385771
-3.96666650	0.00320157
-3.93333317	0.00270820
-3.89999983	0.00221971
-3.86666650	0.00177834
-3.83333317	0.00110317
-3.79999984	0.00077712
-3.76666650	0.00039994
-3.73333317	-0.00001365
-3.69999984	-0.00038269
-3.66666650	-0.00073026
-3.63333317	-0.00114052
-3.59999984	-0.00132175
-3.56666650	-0.00162470
-3.53333317	-0.00188727
-3.49999984	-0.00221334
-3.46666650	-0.00238764
-3.43333317	-0.00258488
-3.39999984	-0.00281034
-3.36666651	-0.00298826
-3.33333317	-0.00315784
-3.29999984	-0.00328443
-3.26666651	-0.00343908
-3.23333317	-0.00350736
-3.19999984	-0.00356995
-3.16666651	-0.00382700
-3.13333317	-0.00389381
-3.09999984	-0.00393470
-3.06666651	-0.00394305
-3.03333318	-0.00406825
-2.99999984	-0.00417760
-2.96666651	-0.00423629
-2.93333318	-0.00419882
-2.89999984	-0.00418951
-2.86666651	-0.00430179
-2.83333318	-0.00432019
-2.79999984	-0.00438734
-2.76666651	-0.00442091
-2.73333318	-0.00444841
-2.69999984	-0.00440445
-2.66666651	-0.00440130
-2.63333318	-0.00453728
-2.59999985	-0.00445986
-2.56666651	-0.00453179
-2.53333318	-0.00450995
-2.49999985	-0.00443688
-2.46666651	-0.00450457
-2.43333318	-0.00443926
-2.39999985	-0.00458254
-2.36666651	-0.00447587
-2.33333318	-0.00451219
-2.29999985	-0.00453174
-2.26666652	-0.00453977
-2.23333318	-0.00451658
-2.19999985	-0.00450816
-2.16666652	-0.00447153
-2.13333318	-0.00442814
-2.09999985	-0.00437269
-2.06666652	-0.00432521
-2.03333318	-0.00422502
-1.99999985	-0.00408312
-1.96666652	-0.00402982
-1.93333318	-0.00392166
-1.89999985	-0.00378159
-1.86666652	-0.00361468
-1.83333319	-0.00343534
-1.79999985	-0.00334111
-1.76666652	-0.00308495
-1.73333319	-0.00301992
-1.69999985	-0.00282134
-1.66666652	-0.00271361
-1.63333319	-0.00252866
-1.59999985	-0.00235498
-1.56666652	-0.00217008
-1.53333319	-0.00201524
-1.49999986	-0.00190309
-1.46666652	-0.00179112
-1.43333319	-0.00171433
-1.39999986	-0.00164327
-1.36666652	-0.00149892
-1.33333319	-0.00156981
-1.29999986	-0.00156573
-1.26666652	-0.00157737
-1.23333319	-0.00165867
-1.19999986	-0.00167499
-1.16666652	-0.00167150
-1.13333319	-0.00175490
-1.09999986	-0.00185917
-1.06666653	-0.00189812
-1.03333319	-0.00205025
-0.99999986	-0.00210697
-0.96666653	-0.00238813
-0.93333319	-0.00253666
-0.89999986	-0.00271738
-0.86666653	-0.00276830
-0.83333319	-0.00294359
-0.79999986	-0.00306795
-0.76666653	-0.00333223
-0.73333320	-0.00342311
-0.69999986	-0.00355097
-0.66666653	-0.00369121
-0.63333320	-0.00370578
-0.59999986	-0.00401671
-0.56666653	-0.00407060
-0.53333320	-0.00417516
-0.49999986	-0.00422639
-0.46666653	-0.00429058
-0.43333320	-0.00429153
-0.39999986	-0.00433665
-0.36666653	-0.00442136
-0.33333320	-0.00429899
-0.29999987	-0.00432858
-0.26666653	-0.00426901
-0.23333320	-0.00433428
-0.19999987	-0.00431256
-0.16666653	-0.00409180
-0.13333320	-0.00407270
-0.09999987	-0.00394874
-0.06666653	-0.00385527
-0.03333320	-0.00367116
0.00000013	-0.00348144
0.03333346	-0.00331801
0.06666680	-0.00316442
0.10000013	-0.00300316
0.13333346	-0.00285494
0.16666680	-0.00269298
0.20000013	-0.00261744
0.23333346	-0.00246019
0.26666680	-0.00229243
0.30000013	-0.00198756
0.33333346	-0.00190236
0.36666680	-0.00175836
0.40000013	-0.00175053
0.43333346	-0.00161930
0.46666679	-0.00147670
0.50000013	-0.00157070
0.53333346	-0.00145524
0.56666679	-0.00137116
0.60000013	-0.00143448
0.63333346	-0.00142605
0.66666679	-0.00153239
0.70000013	-0.00141353
0.73333346	-0.00151246
0.76666679	-0.00162845
0.80000012	-0.00172091
0.83333346	-0.00192364
0.86666679	-0.00188585
0.90000012	-0.00199869
0.93333346	-0.00219420
0.96666679	-0.00221861
1.00000012	-0.00228069
1.03333346	-0.00248351
1.06666679	-0.00249456
1.10000012	-0.00262370
1.13333346	-0.00278608
1.16666679	-0.00272045
1.20000012	-0.00282767
1.23333345	-0.00281804
1.26666679	-0.00277696
1.30000012	-0.00276526
1.33333345	-0.00279076
1.36666679	-0.00273640
1.40000012	-0.00266542
1.43333345	-0.00251364
1.46666679	-0.00237473
1.50000012	-0.00212286
1.53333345	-0.00197792
1.56666678	-0.00184752
1.60000012	-0.00161067
1.63333345	-0.00136414
1.66666678	-0.00126824
1.70000012	-0.00098393
1.73333345	-0.00071774
1.76666678	-0.00054390
1.80000012	-0.00033910
1.83333345	-0.00002609
1.86666678	0.00014636
1.90000011	0.00027650
1.93333345	0.00073387
1.96666678	0.00074291
2.00000011	0.00109685
2.03333345	0.00125744
2.06666678	0.00129716
2.10000011	0.00167996
2.13333345	0.00171351
2.16666678	0.00178497
2.20000011	0.00183950
2.23333345	0.00185647
2.26666678	0.00192858
2.30000011	0.00195207
2.33333344	0.00202738
2.36666678	0.00198553
2.40000011	0.00193014
2.43333344	0.00196874
2.46666678	0.00182810
2.50000011	0.00175798
2.53333344	0.00163006
2.56666678	0.00155971
2.60000011	0.00133966
2.63333344	0.00124240
2.66666677	0.00112432
2.70000011	0.00100931
2.73333344	0.00098130
2.76666677	0.00082509
2.80000011	0.00064172
2.83333344	0.00061270
2.86666677	0.00048416
2.90000011	0.00041856
2.93333344	0.00040499
2.96666677	0.00031610
3.00000011	0.00025124
3.03333344	0.00027593
3.06666677	0.00015320
3.10000010	0.00022255
3.13333344	0.00019662
3.16666677	0.00010370
3.20000010	0.00012613
3.23333344	0.00007905
3.26666677	0.00007329
3.30000010	0.00012980
3.33333344	0.00012350
3.36666677	0.00013012
3.40000010	0.00010964
3.43333343	0.00020053
3.46666677	0.00037023
3.50000010	0.00033456
3.53333343	0.00044171
3.56666677	0.00040318
3.60000010	0.00052412
3.63333343	0.00055370
3.66666677	0.00067330
3.70000010	0.00068200
3.73333343	0.00080008
3.76666677	0.00084218
3.80000010	0.00089499
3.83333343	0.00081900
3.86666676	0.00097358
3.90000010	0.00099194
3.93333343	0.00100992
3.96666676	0.00101042
4.00000010	0.00108222
4.03333343	0.00104248
4.06666676	0.00114998
4.10000010	0.00117165
4.13333343	0.00115346
4.16666676	0.00113228
4.20000009	0.00116736
4.23333343	0.00123445
4.26666676	0.00133027
4.30000009	0.00129642
4.33333343	0.00120313
4.36666676	0.00115774
4.40000009	0.00113751
4.43333343	0.00131429
4.46666676	0.00127427
4.50000009	0.00124856
4.53333343	0.00133972
4.56666676	0.00128185
4.60000009	0.00126307
4.63333342	0.00127888
4.66666676	0.00128229
4.70000009	0.00131847
4.73333342	0.00129411
4.76666676	0.00139536
4.80000009	0.00132253
4.83333342	0.00141715
4.86666676	0.00136785
4.90000009	0.00136605
4.93333342	0.00138397
4.96666675	0.00147914
5.00000009	0.00136380
5.03333342	0.00147448
5.06666675	0.00156742
5.10000009	0.00150066
5.13333342	0.00160379
5.16666675	0.00171539
5.20000009	0.00176798
5.23333342	0.00181505
5.26666675	0.00198628
5.30000009	0.00196897
5.33333342	0.00210284
5.36666675	0.00221548
5.40000008	0.00222270
5.43333342	0.00231763
5.46666675	0.00246491
5.50000008	0.00251859
5.53333342	0.00255473
5.56666675	0.00253725
5.60000008	0.00269905
5.63333342	0.00266281
5.66666675	0.00275935
5.70000008	0.00275118
5.73333341	0.00270137
5.76666675	0.00273038
5.80000008	0.00267305
5.83333341	0.00268745
5.86666675	0.00266401
5.90000008	0.00246204
5.93333341	0.00249024
5.96666675	0.00235357
6.00000008	0.00216726
6.03333341	0.00211274
6.06666675	0.00207054
6.10000008	0.00184687
6.13333341	0.00180469
6.16666674	0.00169871
6.20000008	0.00152549
6.23333341	0.00140675
6.26666674	0.00123100
6.30000008	0.00110670
6.33333341	0.00095117
6.36666674	0.00086314
6.40000008	0.00073429
6.43333341	0.00063020
6.46666674	0.00044676
6.50000007	0.00030815
6.53333341	0.00023927
6.56666674	0.00021167
6.60000007	0.00001460
6.63333341	-0.00016653
6.66666674	-0.00012610
6.70000007	-0.00013530
6.73333341	-0.00019640
6.76666674	-0.00022430
6.80000007	-0.00022229
6.83333341	-0.00041415
6.86666674	-0.00039727
6.90000007	-0.00032935
6.93333340	-0.00028753
6.96666674	-0.00043626
7.00000007	-0.00043770
7.03333340	-0.00040914
7.06666674	-0.00037422
7.10000007	-0.00029586
7.13333340	-0.00023616
7.16666674	-0.00031707
7.20000007	-0.00019727
7.23333340	-0.00020309
7.26666673	-0.00019350
7.30000007	-0.00011609
7.33333340	-0.00019985
7.36666673	-0.00024117
7.40000007	-0.00005714
7.43333340	-0.00014681
7.46666673	-0.00019785
7.50000007	-0.00019597
7.53333340	-0.00029456
7.56666673	-0.00048611
7.60000006	-0.00048792
7.63333340	-0.00059323
7.66666673	-0.00065455
7.70000006	-0.00075634
7.73333340	-0.00089196
7.76666673	-0.00109870
7.80000006	-0.00128842
7.83333340	-0.00133667
7.86666673	-0.00148556
7.90000006	-0.00167862
7.93333340	-0.00182795
7.96666673	-0.00204613
8.00000006	-0.00209800
8.03333339	-0.00220835
8.06666673	-0.00226564
8.10000006	-0.00248256
8.13333339	-0.00261169
8.16666673	-0.00262788
8.20000006	-0.00281586
8.23333339	-0.00299220
8.26666673	-0.00294799
8.30000006	-0.00303787
8.33333339	-0.00300456
8.36666672	-0.00314993
8.40000006	-0.00309752
8.43333339	-0.00310787
8.46666672	-0.00322146
8.50000006	-0.00319230
8.53333339	-0.00324020
8.56666672	-0.00326345
8.60000006	-0.00320999
8.63333339	-0.00323277
8.66666672	-0.00323377
8.70000006	-0.00328524
8.73333339	-0.00335485
8.76666672	-0.00337567
8.80000005	-0.00329444
8.83333339	-0.00328505
8.86666672	-0.00339759
8.90000005	-0.00329324
8.93333339	-0.00325852
8.96666672	-0.00330868
9.00000005	-0.00333146
9.03333339	-0.00326060
9.06666672	-0.00322861
9.10000005	-0.00321826
9.13333338	-0.00316325
9.16666672	-0.00324482
9.20000005	-0.00316034
9.23333338	-0.00311835
9.26666672	-0.00311310
9.30000005	-0.00308800
9.33333338	-0.00308431
9.36666672	-0.00305309
9.40000005	-0.00306440
9.43333338	-0.00311025
9.46666672	-0.00300527
9.50000005	-0.00304293
9.53333338	-0.00299663
9.56666671	-0.00307577
9.60000005	-0.00301766
9.63333338	-0.00313097
9.66666671	-0.00302146
9.70000005	-0.00304095
9.73333338	-0.00299565
9.76666671	-0.00301933
9.80000005	-0.00303406
9.83333338	-0.00294176
9.86666671	-0.00296524
9.90000004	-0.00292192
9.93333338	-0.00290273
9.96666671	-0.00286264
10.00000004	-0.00285131
10.03333338	-0.00284756
10.06666671	-0.00271270
10.10000004	-0.00269919
10.13333338	-0.00266242
10.16666671	-0.00261568
10.20000004	-0.00256816
10.23333338	-0.00245109
10.26666671	-0.00238988
10.30000004	-0.00232823
10.33333337	-0.00228481
10.36666671	-0.00215805
10.40000004	-0.00208448
10.43333337	-0.00201120
10.46666671	-0.00190811
10.50000004	-0.00181608
10.53333337	-0.00166329
10.56666671	-0.00164673
10.60000004	-0.00148108
10.63333337	-0.00137865
10.66666670	-0.00126216
10.70000004	-0.00122606
10.73333337	-0.00105914
10.76666670	-0.00102236
10.80000004	-0.00096352
10.83333337	-0.00080986
10.86666670	-0.00079341
10.90000004	-0.00068627
10.93333337	-0.00063958
10.96666670	-0.00056988
11.00000004	-0.00050681
11.03333337	-0.00042638
11.06666670	-0.00041066
11.10000003	-0.00036410
11.13333337	-0.00027462
11.16666670	-0.00027762
11.20000003	-0.00025878
11.23333337	-0.00023369
11.26666670	-0.00023803
11.30000003	-0.00025229
11.33333337	-0.00024719
11.36666670	-0.00025606
11.40000003	-0.00023282
11.43333336	-0.00025209
11.46666670	-0.00031186
11.50000003	-0.00031798
11.53333336	-0.00037563
11.56666670	-0.00041027
11.60000003	-0.00041959
11.63333336	-0.00048328
11.66666670	-0.00051051
11.70000003	-0.00053847
11.73333336	-0.00059439
11.76666670	-0.00062689
11.80000003	-0.00062790
11.83333336	-0.00063342
11.86666669	-0.00066319
11.90000003	-0.00070248
11.93333336	-0.00070489
11.96666669	-0.00073582
12.00000003	-0.00074321
12.03333336	-0.00076882
12.06666669	-0.00074821
12.10000003	-0.00077372
12.13333336	-0.00074976
12.16666669	-0.00072951
12.20000002	-0.00074585
12.23333336	-0.00072173
12.26666669	-0.00074524
12.30000002	-0.00075046
12.33333336	-0.00071794
12.36666669	-0.00072883
12.40000002	-0.00071334
12.43333336	-0.00070970
12.46666669	-0.00070721
12.50000002	-0.00069561
12.53333336	-0.00070146
12.56666669	-0.00065130
12.60000002	-0.00065649
12.63333335	-0.00063603
12.66666669	-0.00062244
12.70000002	-0.00059687
12.73333335	-0.00058211
12.76666669	-0.00059403
12.80000002	-0.00055526
12.83333335	-0.00055010
12.86666669	-0.00055360
12.90000002	-0.00053378
12.93333335	-0.00052874
12.96666668	-0.00051764
13.00000002	-0.00051225
13.03333335	-0.00049636
13.06666668	-0.00047956
13.10000002	-0.00047355
13.13333335	-0.00046290
13.16666668	-0.00046221
13.20000002	-0.00045265
13.23333335	-0.00044150
13.26666668	-0.00044505
13.30000001	-0.00041450
13.33333335	-0.00040734
13.36666668	-0.00037995
13.40000001	-0.00037013
13.43333335	-0.00035427
13.46666668	-0.00034156
13.50000001	-0.00032355
13.53333335	-0.00031275
13.56666668	-0.00030045
13.60000001	-0.00028337
13.63333335	-0.00026953
13.66666668	-0.00024942
13.70000001	-0.00024417
13.73333334	-0.00023404
13.76666668	-0.00022018
13.80000001	-0.00020515
13.83333334	-0.00019296
13.86666668	-0.00017955
13.90000001	-0.00016647
13.93333334	-0.00015292
13.96666668	-0.00014152
14.00000001	-0.00012935
14.03333334	-0.00011718
14.06666667	-0.00010540
14.10000001	-0.00009949
14.13333334	-0.00008979
14.16666667	-0.00008042
14.20000001	-0.00007232
14.23333334	-0.00006429
14.26666667	-0.00005507
14.30000001	-0.00005006
14.33333334	-0.00004393
14.36666667	-0.00003773
14.40000001	-0.00003277
14.43333334	-0.00002816
14.46666667	-0.00002353
14.50000000	-0.00002006
14.53333334	-0.00001596
14.56666667	-0.00001312
14.60000000	-0.00001065
14.63333334	-0.00000843
14.66666667	-0.00000643
14.70000000	-0.00000461
14.73333334	-0.00000305
14.76666667	-0.00000186
14.80000000	-0.00000108
14.83333333	-0.00000047
14.86666667	-0.00000012
14.90000000	0.00000000
