# Menlo Systems GmbH ScanControl
# Program Version 1.3.3
# Start: -65.00000000 ps, Average over 1000 waveforms. Timestamp: 2020-01-10T20:22:08
# Time [ps]	THz Signal [a.u.]
-65.06666601	0.00000000
-65.03333267	0.00000002
-64.99999934	0.00000007
-64.96666601	0.00000014
-64.93333267	0.00000023
-64.89999934	0.00000029
-64.86666601	0.00000051
-64.83333267	0.00000044
-64.79999934	0.00000041
-64.76666601	0.00000073
-64.73333268	0.00000097
-64.69999934	0.00000085
-64.66666601	0.00000024
-64.63333268	0.00000032
-64.59999934	-0.00000061
-64.56666601	-0.00000051
-64.53333268	-0.00000089
-64.49999934	-0.00000064
-64.46666601	-0.00000198
-64.43333268	-0.00000273
-64.39999934	-0.00000281
-64.36666601	-0.00000487
-64.33333268	-0.00000526
-64.29999935	-0.00000720
-64.26666601	-0.00000527
-64.23333268	-0.00000987
-64.19999935	-0.00000989
-64.16666601	-0.00001087
-64.13333268	-0.00001386
-64.09999935	-0.00001595
-64.06666601	-0.00001787
-64.03333268	-0.00001585
-63.99999935	-0.00001988
-63.96666601	-0.00002170
-63.93333268	-0.00002007
-63.89999935	-0.00002494
-63.86666602	-0.00003044
-63.83333268	-0.00002896
-63.79999935	-0.00002732
-63.76666602	-0.00003311
-63.73333268	-0.00004039
-63.69999935	-0.00004070
-63.66666602	-0.00004103
-63.63333268	-0.00004766
-63.59999935	-0.00005423
-63.56666602	-0.00006368
-63.53333269	-0.00006828
-63.49999935	-0.00007489
-63.46666602	-0.00007296
-63.43333269	-0.00008042
-63.39999935	-0.00008997
-63.36666602	-0.00008775
-63.33333269	-0.00008413
-63.29999935	-0.00008966
-63.26666602	-0.00008967
-63.23333269	-0.00010202
-63.19999935	-0.00009499
-63.16666602	-0.00010032
-63.13333269	-0.00008455
-63.09999936	-0.00009436
-63.06666602	-0.00009131
-63.03333269	-0.00009294
-62.99999936	-0.00009193
-62.96666602	-0.00008674
-62.93333269	-0.00008656
-62.89999936	-0.00008749
-62.86666602	-0.00007469
-62.83333269	-0.00007699
-62.79999936	-0.00006630
-62.76666602	-0.00004958
-62.73333269	-0.00003522
-62.69999936	-0.00001470
-62.66666603	-0.00002175
-62.63333269	0.00000756
-62.59999936	0.00002313
-62.56666603	0.00004891
-62.53333269	0.00007742
-62.49999936	0.00007902
-62.46666603	0.00010304
-62.43333269	0.00013642
-62.39999936	0.00015359
-62.36666603	0.00016292
-62.33333270	0.00019450
-62.29999936	0.00022053
-62.26666603	0.00024548
-62.23333270	0.00029213
-62.19999936	0.00028722
-62.16666603	0.00031751
-62.13333270	0.00034898
-62.09999936	0.00041148
-62.06666603	0.00039466
-62.03333270	0.00046574
-61.99999936	0.00046678
-61.96666603	0.00054504
-61.93333270	0.00055016
-61.89999937	0.00060758
-61.86666603	0.00064353
-61.83333270	0.00066786
-61.79999937	0.00071867
-61.76666603	0.00072094
-61.73333270	0.00075581
-61.69999937	0.00083146
-61.66666603	0.00090540
-61.63333270	0.00088659
-61.59999937	0.00092939
-61.56666603	0.00100111
-61.53333270	0.00105630
-61.49999937	0.00109588
-61.46666604	0.00115929
-61.43333270	0.00126124
-61.39999937	0.00127345
-61.36666604	0.00125654
-61.33333270	0.00132136
-61.29999937	0.00137211
-61.26666604	0.00138382
-61.23333270	0.00144798
-61.19999937	0.00146158
-61.16666604	0.00150919
-61.13333270	0.00155008
-61.09999937	0.00157087
-61.06666604	0.00162486
-61.03333271	0.00164682
-60.99999937	0.00167858
-60.96666604	0.00173432
-60.93333271	0.00167131
-60.89999937	0.00171605
-60.86666604	0.00180155
-60.83333271	0.00184143
-60.79999937	0.00177365
-60.76666604	0.00175178
-60.73333271	0.00175364
-60.69999938	0.00175715
-60.66666604	0.00172066
-60.63333271	0.00169878
-60.59999938	0.00173048
-60.56666604	0.00162435
-60.53333271	0.00161107
-60.49999938	0.00156646
-60.46666604	0.00151984
-60.43333271	0.00146158
-60.39999938	0.00139523
-60.36666604	0.00131324
-60.33333271	0.00126351
-60.29999938	0.00118050
-60.26666605	0.00109158
-60.23333271	0.00102027
-60.19999938	0.00090751
-60.16666605	0.00075826
-60.13333271	0.00065101
-60.09999938	0.00060423
-60.06666605	0.00053245
-60.03333271	0.00045621
-59.99999938	0.00030016
-59.96666605	0.00017628
-59.93333271	0.00003654
-59.89999938	-0.00001456
-59.86666605	-0.00015607
-59.83333272	-0.00027533
-59.79999938	-0.00034652
-59.76666605	-0.00045781
-59.73333272	-0.00053035
-59.69999938	-0.00065186
-59.66666605	-0.00072102
-59.63333272	-0.00082724
-59.59999938	-0.00089414
-59.56666605	-0.00099541
-59.53333272	-0.00106330
-59.49999939	-0.00111540
-59.46666605	-0.00117299
-59.43333272	-0.00131552
-59.39999939	-0.00134241
-59.36666605	-0.00132934
-59.33333272	-0.00142073
-59.29999939	-0.00135898
-59.26666605	-0.00127927
-59.23333272	-0.00137301
-59.19999939	-0.00140943
-59.16666605	-0.00133112
-59.13333272	-0.00130377
-59.09999939	-0.00121184
-59.06666606	-0.00121168
-59.03333272	-0.00110336
-58.99999939	-0.00108727
-58.96666606	-0.00108486
-58.93333272	-0.00099544
-58.89999939	-0.00096788
-58.86666606	-0.00078282
-58.83333272	-0.00082420
-58.79999939	-0.00069790
-58.76666606	-0.00073329
-58.73333272	-0.00062884
-58.69999939	-0.00066106
-58.66666606	-0.00053952
-58.63333273	-0.00052497
-58.59999939	-0.00050286
-58.56666606	-0.00038351
-58.53333273	-0.00033550
-58.49999939	-0.00032206
-58.46666606	-0.00016807
-58.43333273	-0.00024444
-58.39999939	-0.00017138
-58.36666606	0.00000285
-58.33333273	-0.00005173
-58.29999939	0.00002015
-58.26666606	-0.00000518
-58.23333273	-0.00001820
-58.19999940	0.00000790
-58.16666606	0.00008859
-58.13333273	0.00004634
-58.09999940	0.00008298
-58.06666606	0.00002793
-58.03333273	-0.00001611
-57.99999940	0.00005798
-57.96666606	-0.00001562
-57.93333273	-0.00005130
-57.89999940	-0.00004105
-57.86666607	-0.00001422
-57.83333273	-0.00001412
-57.79999940	-0.00004150
-57.76666607	-0.00012094
-57.73333273	-0.00009041
-57.69999940	-0.00009517
-57.66666607	-0.00001098
-57.63333273	-0.00001122
-57.59999940	-0.00008361
-57.56666607	-0.00000304
-57.53333273	0.00009100
-57.49999940	0.00006045
-57.46666607	0.00017947
-57.43333274	0.00031208
-57.39999940	0.00024452
-57.36666607	0.00022183
-57.33333274	0.00034493
-57.29999940	0.00031900
-57.26666607	0.00042786
-57.23333274	0.00049576
-57.19999940	0.00046313
-57.16666607	0.00048349
-57.13333274	0.00069719
-57.09999940	0.00068016
-57.06666607	0.00083492
-57.03333274	0.00082366
-56.99999941	0.00084890
-56.96666607	0.00109134
-56.93333274	0.00099583
-56.89999941	0.00119266
-56.86666607	0.00128383
-56.83333274	0.00125224
-56.79999941	0.00136160
-56.76666607	0.00129775
-56.73333274	0.00140012
-56.69999941	0.00151946
-56.66666608	0.00147994
-56.63333274	0.00157704
-56.59999941	0.00170121
-56.56666608	0.00169256
-56.53333274	0.00179071
-56.49999941	0.00173229
-56.46666608	0.00177377
-56.43333274	0.00186576
-56.39999941	0.00192904
-56.36666608	0.00194038
-56.33333274	0.00188402
-56.29999941	0.00196849
-56.26666608	0.00209212
-56.23333275	0.00215199
-56.19999941	0.00215729
-56.16666608	0.00218605
-56.13333275	0.00221985
-56.09999941	0.00221123
-56.06666608	0.00219218
-56.03333275	0.00229069
-55.99999941	0.00233696
-55.96666608	0.00234119
-55.93333275	0.00230655
-55.89999941	0.00236293
-55.86666608	0.00233570
-55.83333275	0.00241338
-55.79999942	0.00239119
-55.76666608	0.00239511
-55.73333275	0.00251450
-55.69999942	0.00244957
-55.66666608	0.00249801
-55.63333275	0.00250304
-55.59999942	0.00250791
-55.56666608	0.00247906
-55.53333275	0.00239586
-55.49999942	0.00232323
-55.46666609	0.00234338
-55.43333275	0.00233347
-55.39999942	0.00227472
-55.36666609	0.00225796
-55.33333275	0.00219092
-55.29999942	0.00213347
-55.26666609	0.00211843
-55.23333275	0.00207029
-55.19999942	0.00199226
-55.16666609	0.00208771
-55.13333275	0.00195285
-55.09999942	0.00195987
-55.06666609	0.00199065
-55.03333276	0.00187235
-54.99999942	0.00195277
-54.96666609	0.00199400
-54.93333276	0.00187758
-54.89999942	0.00179915
-54.86666609	0.00170805
-54.83333276	0.00169271
-54.79999942	0.00163709
-54.76666609	0.00161390
-54.73333276	0.00155405
-54.69999942	0.00162180
-54.66666609	0.00158302
-54.63333276	0.00151565
-54.59999943	0.00158242
-54.56666609	0.00161200
-54.53333276	0.00160530
-54.49999943	0.00159380
-54.46666609	0.00164682
-54.43333276	0.00162336
-54.39999943	0.00160120
-54.36666609	0.00161946
-54.33333276	0.00157012
-54.29999943	0.00156954
-54.26666609	0.00163987
-54.23333276	0.00163078
-54.19999943	0.00165134
-54.16666610	0.00172146
-54.13333276	0.00165039
-54.09999943	0.00167637
-54.06666610	0.00160986
-54.03333276	0.00166504
-53.99999943	0.00157293
-53.96666610	0.00155818
-53.93333276	0.00168098
-53.89999943	0.00152233
-53.86666610	0.00156669
-53.83333277	0.00158511
-53.79999943	0.00151386
-53.76666610	0.00149354
-53.73333277	0.00156049
-53.69999943	0.00143027
-53.66666610	0.00159658
-53.63333277	0.00154628
-53.59999943	0.00167010
-53.56666610	0.00151919
-53.53333277	0.00150510
-53.49999943	0.00152195
-53.46666610	0.00153479
-53.43333277	0.00152872
-53.39999944	0.00155281
-53.36666610	0.00145556
-53.33333277	0.00139448
-53.29999944	0.00146690
-53.26666610	0.00150721
-53.23333277	0.00143174
-53.19999944	0.00145352
-53.16666610	0.00139676
-53.13333277	0.00132335
-53.09999944	0.00139995
-53.06666610	0.00142890
-53.03333277	0.00132620
-52.99999944	0.00138000
-52.96666611	0.00137208
-52.93333277	0.00130363
-52.89999944	0.00137654
-52.86666611	0.00134872
-52.83333277	0.00135546
-52.79999944	0.00120402
-52.76666611	0.00122368
-52.73333277	0.00117899
-52.69999944	0.00117870
-52.66666611	0.00111989
-52.63333278	0.00120800
-52.59999944	0.00115919
-52.56666611	0.00117856
-52.53333278	0.00096833
-52.49999944	0.00093067
-52.46666611	0.00102843
-52.43333278	0.00104167
-52.39999944	0.00091058
-52.36666611	0.00086090
-52.33333278	0.00075160
-52.29999944	0.00068011
-52.26666611	0.00066792
-52.23333278	0.00061347
-52.19999945	0.00058852
-52.16666611	0.00046370
-52.13333278	0.00038380
-52.09999945	0.00035546
-52.06666611	0.00040105
-52.03333278	0.00026002
-51.99999945	0.00023888
-51.96666611	0.00016295
-51.93333278	0.00014213
-51.89999945	0.00018057
-51.86666611	0.00025244
-51.83333278	0.00028280
-51.79999945	0.00013329
-51.76666612	0.00003440
-51.73333278	0.00006574
-51.69999945	-0.00002126
-51.66666612	-0.00007523
-51.63333278	0.00000624
-51.59999945	0.00004010
-51.56666612	0.00001374
-51.53333278	-0.00002350
-51.49999945	-0.00004732
-51.46666612	-0.00006164
-51.43333278	-0.00007136
-51.39999945	-0.00017036
-51.36666612	-0.00013557
-51.33333279	-0.00019843
-51.29999945	-0.00020786
-51.26666612	-0.00029018
-51.23333279	-0.00044404
-51.19999945	-0.00043068
-51.16666612	-0.00065073
-51.13333279	-0.00063509
-51.09999945	-0.00062864
-51.06666612	-0.00062217
-51.03333279	-0.00058243
-50.99999946	-0.00061681
-50.96666612	-0.00074841
-50.93333279	-0.00077335
-50.89999946	-0.00079541
-50.86666612	-0.00075469
-50.83333279	-0.00067985
-50.79999946	-0.00076001
-50.76666612	-0.00070245
-50.73333279	-0.00077418
-50.69999946	-0.00074030
-50.66666612	-0.00074719
-50.63333279	-0.00054028
-50.59999946	-0.00054531
-50.56666613	-0.00051907
-50.53333279	-0.00043723
-50.49999946	-0.00042160
-50.46666613	-0.00028479
-50.43333279	-0.00036654
-50.39999946	-0.00020027
-50.36666613	-0.00010938
-50.33333279	-0.00001853
-50.29999946	0.00003980
-50.26666613	0.00007601
-50.23333279	0.00010107
-50.19999946	0.00032272
-50.16666613	0.00036131
-50.13333280	0.00045030
-50.09999946	0.00061987
-50.06666613	0.00059650
-50.03333280	0.00073674
-49.99999946	0.00091898
-49.96666613	0.00109487
-49.93333280	0.00118882
-49.89999946	0.00137637
-49.86666613	0.00149054
-49.83333280	0.00165299
-49.79999947	0.00176951
-49.76666613	0.00191792
-49.73333280	0.00212980
-49.69999947	0.00233500
-49.66666613	0.00258215
-49.63333280	0.00266775
-49.59999947	0.00271761
-49.56666613	0.00290848
-49.53333280	0.00319329
-49.49999947	0.00325789
-49.46666613	0.00347482
-49.43333280	0.00366387
-49.39999947	0.00376920
-49.36666614	0.00396155
-49.33333280	0.00408434
-49.29999947	0.00433383
-49.26666614	0.00447403
-49.23333280	0.00453932
-49.19999947	0.00471066
-49.16666614	0.00485954
-49.13333280	0.00494596
-49.09999947	0.00506323
-49.06666614	0.00520877
-49.03333280	0.00535765
-48.99999947	0.00535438
-48.96666614	0.00548455
-48.93333281	0.00556200
-48.89999947	0.00560182
-48.86666614	0.00578131
-48.83333281	0.00573527
-48.79999947	0.00578254
-48.76666614	0.00582854
-48.73333281	0.00585481
-48.69999947	0.00588501
-48.66666614	0.00587645
-48.63333281	0.00586661
-48.59999948	0.00587030
-48.56666614	0.00582100
-48.53333281	0.00571851
-48.49999948	0.00564706
-48.46666614	0.00565569
-48.43333281	0.00553340
-48.39999948	0.00541653
-48.36666614	0.00540035
-48.33333281	0.00520565
-48.29999948	0.00510597
-48.26666614	0.00495282
-48.23333281	0.00476945
-48.19999948	0.00458732
-48.16666615	0.00441126
-48.13333281	0.00422674
-48.09999948	0.00402289
-48.06666615	0.00382558
-48.03333281	0.00368996
-47.99999948	0.00343740
-47.96666615	0.00324128
-47.93333281	0.00302092
-47.89999948	0.00281555
-47.86666615	0.00273525
-47.83333281	0.00253173
-47.79999948	0.00228434
-47.76666615	0.00207276
-47.73333282	0.00193557
-47.69999948	0.00163243
-47.66666615	0.00167793
-47.63333282	0.00150637
-47.59999948	0.00133152
-47.56666615	0.00123696
-47.53333282	0.00118269
-47.49999948	0.00098956
-47.46666615	0.00095070
-47.43333282	0.00090200
-47.39999948	0.00085628
-47.36666615	0.00075886
-47.33333282	0.00069119
-47.29999949	0.00060589
-47.26666615	0.00062950
-47.23333282	0.00049216
-47.19999949	0.00058643
-47.16666615	0.00053708
-47.13333282	0.00043658
-47.09999949	0.00053374
-47.06666615	0.00042151
-47.03333282	0.00034065
-46.99999949	0.00038919
-46.96666616	0.00036226
-46.93333282	0.00033281
-46.89999949	0.00044341
-46.86666616	0.00039972
-46.83333282	0.00038474
-46.79999949	0.00038277
-46.76666616	0.00027247
-46.73333282	0.00042204
-46.69999949	0.00045672
-46.66666616	0.00050133
-46.63333282	0.00042946
-46.59999949	0.00051280
-46.56666616	0.00054064
-46.53333283	0.00057388
-46.49999949	0.00066599
-46.46666616	0.00072693
-46.43333283	0.00079499
-46.39999949	0.00083598
-46.36666616	0.00089291
-46.33333283	0.00092096
-46.29999949	0.00104239
-46.26666616	0.00097735
-46.23333283	0.00110217
-46.19999949	0.00125827
-46.16666616	0.00133312
-46.13333283	0.00141696
-46.09999950	0.00152251
-46.06666616	0.00147183
-46.03333283	0.00161268
-45.99999950	0.00166776
-45.96666616	0.00187510
-45.93333283	0.00195574
-45.89999950	0.00191723
-45.86666616	0.00208982
-45.83333283	0.00218724
-45.79999950	0.00217408
-45.76666617	0.00235272
-45.73333283	0.00240299
-45.69999950	0.00245969
-45.66666617	0.00253293
-45.63333283	0.00259595
-45.59999950	0.00270701
-45.56666617	0.00288382
-45.53333283	0.00293505
-45.49999950	0.00284078
-45.46666617	0.00297905
-45.43333283	0.00305108
-45.39999950	0.00309941
-45.36666617	0.00310383
-45.33333284	0.00313978
-45.29999950	0.00317574
-45.26666617	0.00324537
-45.23333284	0.00326193
-45.19999950	0.00320816
-45.16666617	0.00319977
-45.13333284	0.00312703
-45.09999950	0.00308497
-45.06666617	0.00301135
-45.03333284	0.00306295
-44.99999950	0.00294390
-44.96666617	0.00283394
-44.93333284	0.00274728
-44.89999951	0.00258245
-44.86666617	0.00256456
-44.83333284	0.00245734
-44.79999951	0.00233983
-44.76666617	0.00219905
-44.73333284	0.00225286
-44.69999951	0.00218560
-44.66666617	0.00208030
-44.63333284	0.00200194
-44.59999951	0.00189056
-44.56666617	0.00184010
-44.53333284	0.00176859
-44.49999951	0.00174920
-44.46666618	0.00176186
-44.43333284	0.00170004
-44.39999951	0.00158775
-44.36666618	0.00147575
-44.33333284	0.00151101
-44.29999951	0.00136119
-44.26666618	0.00121761
-44.23333284	0.00118577
-44.19999951	0.00106360
-44.16666618	0.00098917
-44.13333285	0.00078829
-44.09999951	0.00070101
-44.06666618	0.00056165
-44.03333285	0.00040577
-43.99999951	0.00024369
-43.96666618	-0.00000303
-43.93333285	-0.00018907
-43.89999951	-0.00034371
-43.86666618	-0.00041732
-43.83333285	-0.00070347
-43.79999951	-0.00088114
-43.76666618	-0.00113158
-43.73333285	-0.00137938
-43.69999952	-0.00153375
-43.66666618	-0.00163723
-43.63333285	-0.00183220
-43.59999952	-0.00198930
-43.56666618	-0.00214663
-43.53333285	-0.00212995
-43.49999952	-0.00220907
-43.46666618	-0.00219520
-43.43333285	-0.00216728
-43.39999952	-0.00218842
-43.36666618	-0.00210282
-43.33333285	-0.00210808
-43.29999952	-0.00198168
-43.26666619	-0.00193883
-43.23333285	-0.00175024
-43.19999952	-0.00170546
-43.16666619	-0.00160899
-43.13333285	-0.00140220
-43.09999952	-0.00117657
-43.06666619	-0.00105496
-43.03333285	-0.00088198
-42.99999952	-0.00062749
-42.96666619	-0.00049447
-42.93333286	-0.00038773
-42.89999952	-0.00009393
-42.86666619	0.00011114
-42.83333286	0.00030430
-42.79999952	0.00050305
-42.76666619	0.00068292
-42.73333286	0.00079665
-42.69999952	0.00102218
-42.66666619	0.00108574
-42.63333286	0.00122694
-42.59999952	0.00125237
-42.56666619	0.00141895
-42.53333286	0.00149748
-42.49999953	0.00150380
-42.46666619	0.00161875
-42.43333286	0.00159769
-42.39999953	0.00167027
-42.36666619	0.00171882
-42.33333286	0.00175102
-42.29999953	0.00182890
-42.26666619	0.00181989
-42.23333286	0.00181356
-42.19999953	0.00182221
-42.16666619	0.00176384
-42.13333286	0.00176263
-42.09999953	0.00163505
-42.06666620	0.00153431
-42.03333286	0.00154009
-41.99999953	0.00152489
-41.96666620	0.00149173
-41.93333286	0.00142451
-41.89999953	0.00149947
-41.86666620	0.00143608
-41.83333286	0.00141828
-41.79999953	0.00137272
-41.76666620	0.00139465
-41.73333287	0.00137948
-41.69999953	0.00134291
-41.66666620	0.00121478
-41.63333287	0.00123327
-41.59999953	0.00133961
-41.56666620	0.00130636
-41.53333287	0.00114496
-41.49999953	0.00121974
-41.46666620	0.00125642
-41.43333287	0.00127417
-41.39999953	0.00125164
-41.36666620	0.00113921
-41.33333287	0.00128871
-41.29999954	0.00124914
-41.26666620	0.00133017
-41.23333287	0.00116438
-41.19999954	0.00124655
-41.16666620	0.00123707
-41.13333287	0.00125335
-41.09999954	0.00130185
-41.06666620	0.00123477
-41.03333287	0.00132079
-40.99999954	0.00125317
-40.96666620	0.00132849
-40.93333287	0.00112224
-40.89999954	0.00120883
-40.86666621	0.00104901
-40.83333287	0.00113979
-40.79999954	0.00109174
-40.76666621	0.00099646
-40.73333287	0.00102191
-40.69999954	0.00103210
-40.66666621	0.00090400
-40.63333287	0.00072279
-40.59999954	0.00065006
-40.56666621	0.00062911
-40.53333287	0.00058602
-40.49999954	0.00052088
-40.46666621	0.00043133
-40.43333288	0.00038904
-40.39999954	0.00027256
-40.36666621	0.00025361
-40.33333288	0.00023988
-40.29999954	0.00024429
-40.26666621	0.00018467
-40.23333288	0.00001913
-40.19999954	0.00003489
-40.16666621	-0.00006233
-40.13333288	-0.00008416
-40.09999955	-0.00018574
-40.06666621	-0.00023195
-40.03333288	-0.00030249
-39.99999955	-0.00026999
-39.96666621	-0.00030489
-39.93333288	-0.00051369
-39.89999955	-0.00044052
-39.86666621	-0.00052984
-39.83333288	-0.00057687
-39.79999955	-0.00056603
-39.76666621	-0.00068112
-39.73333288	-0.00068362
-39.69999955	-0.00069181
-39.66666622	-0.00086679
-39.63333288	-0.00090781
-39.59999955	-0.00088458
-39.56666622	-0.00094158
-39.53333288	-0.00107966
-39.49999955	-0.00116504
-39.46666622	-0.00121480
-39.43333288	-0.00125065
-39.39999955	-0.00129181
-39.36666622	-0.00126715
-39.33333288	-0.00140915
-39.29999955	-0.00143889
-39.26666622	-0.00147155
-39.23333289	-0.00161398
-39.19999955	-0.00164887
-39.16666622	-0.00178544
-39.13333289	-0.00188830
-39.09999955	-0.00190448
-39.06666622	-0.00197099
-39.03333289	-0.00199818
-38.99999955	-0.00208786
-38.96666622	-0.00212030
-38.93333289	-0.00222010
-38.89999956	-0.00226443
-38.86666622	-0.00228979
-38.83333289	-0.00225657
-38.79999956	-0.00219347
-38.76666622	-0.00231126
-38.73333289	-0.00243200
-38.69999956	-0.00237601
-38.66666622	-0.00249964
-38.63333289	-0.00243709
-38.59999956	-0.00223745
-38.56666622	-0.00230613
-38.53333289	-0.00235410
-38.49999956	-0.00226398
-38.46666623	-0.00221469
-38.43333289	-0.00221729
-38.39999956	-0.00214629
-38.36666623	-0.00214087
-38.33333289	-0.00208704
-38.29999956	-0.00208949
-38.26666623	-0.00187663
-38.23333289	-0.00195228
-38.19999956	-0.00190609
-38.16666623	-0.00181989
-38.13333289	-0.00188077
-38.09999956	-0.00179221
-38.06666623	-0.00179890
-38.03333290	-0.00173751
-37.99999956	-0.00170814
-37.96666623	-0.00177903
-37.93333290	-0.00175608
-37.89999956	-0.00172114
-37.86666623	-0.00169981
-37.83333290	-0.00177548
-37.79999956	-0.00171401
-37.76666623	-0.00167449
-37.73333290	-0.00177484
-37.69999956	-0.00178199
-37.66666623	-0.00174940
-37.63333290	-0.00178257
-37.59999957	-0.00175099
-37.56666623	-0.00179316
-37.53333290	-0.00175174
-37.49999957	-0.00183873
-37.46666623	-0.00184581
-37.43333290	-0.00175641
-37.39999957	-0.00185904
-37.36666623	-0.00185930
-37.33333290	-0.00189340
-37.29999957	-0.00191203
-37.26666624	-0.00198783
-37.23333290	-0.00188876
-37.19999957	-0.00196550
-37.16666624	-0.00194646
-37.13333290	-0.00188176
-37.09999957	-0.00195815
-37.06666624	-0.00190597
-37.03333290	-0.00195672
-36.99999957	-0.00183709
-36.96666624	-0.00178249
-36.93333290	-0.00165998
-36.89999957	-0.00172475
-36.86666624	-0.00164075
-36.83333291	-0.00157154
-36.79999957	-0.00152581
-36.76666624	-0.00145663
-36.73333291	-0.00140013
-36.69999957	-0.00128428
-36.66666624	-0.00122935
-36.63333291	-0.00126799
-36.59999957	-0.00131372
-36.56666624	-0.00113528
-36.53333291	-0.00119196
-36.49999957	-0.00110353
-36.46666624	-0.00116580
-36.43333291	-0.00111808
-36.39999958	-0.00109610
-36.36666624	-0.00109865
-36.33333291	-0.00110213
-36.29999958	-0.00114598
-36.26666624	-0.00127704
-36.23333291	-0.00131967
-36.19999958	-0.00134653
-36.16666624	-0.00146320
-36.13333291	-0.00139753
-36.09999958	-0.00138261
-36.06666625	-0.00145755
-36.03333291	-0.00143574
-35.99999958	-0.00161740
-35.96666625	-0.00165727
-35.93333291	-0.00165457
-35.89999958	-0.00169541
-35.86666625	-0.00177515
-35.83333291	-0.00181688
-35.79999958	-0.00189038
-35.76666625	-0.00200170
-35.73333291	-0.00195008
-35.69999958	-0.00194224
-35.66666625	-0.00200201
-35.63333292	-0.00205922
-35.59999958	-0.00209620
-35.56666625	-0.00221496
-35.53333292	-0.00212147
-35.49999958	-0.00206735
-35.46666625	-0.00204407
-35.43333292	-0.00215316
-35.39999958	-0.00217875
-35.36666625	-0.00224634
-35.33333292	-0.00222565
-35.29999958	-0.00206526
-35.26666625	-0.00221251
-35.23333292	-0.00224412
-35.19999959	-0.00225995
-35.16666625	-0.00219085
-35.13333292	-0.00219274
-35.09999959	-0.00221854
-35.06666625	-0.00216030
-35.03333292	-0.00226270
-34.99999959	-0.00223927
-34.96666625	-0.00226904
-34.93333292	-0.00235628
-34.89999959	-0.00237801
-34.86666625	-0.00227010
-34.83333292	-0.00237195
-34.79999959	-0.00233773
-34.76666626	-0.00229003
-34.73333292	-0.00229020
-34.69999959	-0.00224808
-34.66666626	-0.00242217
-34.63333292	-0.00229277
-34.59999959	-0.00234772
-34.56666626	-0.00241394
-34.53333292	-0.00229085
-34.49999959	-0.00232493
-34.46666626	-0.00228615
-34.43333293	-0.00227363
-34.39999959	-0.00229163
-34.36666626	-0.00222051
-34.33333293	-0.00230928
-34.29999959	-0.00228981
-34.26666626	-0.00213372
-34.23333293	-0.00210324
-34.19999959	-0.00216851
-34.16666626	-0.00208945
-34.13333293	-0.00219716
-34.09999959	-0.00211502
-34.06666626	-0.00218305
-34.03333293	-0.00220109
-33.99999960	-0.00219835
-33.96666626	-0.00214001
-33.93333293	-0.00213756
-33.89999960	-0.00220503
-33.86666626	-0.00219421
-33.83333293	-0.00210417
-33.79999960	-0.00218797
-33.76666626	-0.00218123
-33.73333293	-0.00220230
-33.69999960	-0.00216254
-33.66666626	-0.00218697
-33.63333293	-0.00207427
-33.59999960	-0.00222478
-33.56666627	-0.00208931
-33.53333293	-0.00210347
-33.49999960	-0.00216255
-33.46666627	-0.00215295
-33.43333293	-0.00212915
-33.39999960	-0.00218329
-33.36666627	-0.00214005
-33.33333293	-0.00219538
-33.29999960	-0.00216424
-33.26666627	-0.00216324
-33.23333294	-0.00218508
-33.19999960	-0.00217034
-33.16666627	-0.00225134
-33.13333294	-0.00230608
-33.09999960	-0.00236248
-33.06666627	-0.00237088
-33.03333294	-0.00237099
-32.99999960	-0.00238437
-32.96666627	-0.00238892
-32.93333294	-0.00252532
-32.89999960	-0.00248571
-32.86666627	-0.00255900
-32.83333294	-0.00267953
-32.79999961	-0.00269662
-32.76666627	-0.00268917
-32.73333294	-0.00274245
-32.69999961	-0.00270781
-32.66666627	-0.00275896
-32.63333294	-0.00280291
-32.59999961	-0.00276432
-32.56666627	-0.00274677
-32.53333294	-0.00274640
-32.49999961	-0.00272461
-32.46666627	-0.00270013
-32.43333294	-0.00282619
-32.39999961	-0.00281172
-32.36666628	-0.00279235
-32.33333294	-0.00273066
-32.29999961	-0.00277381
-32.26666628	-0.00274909
-32.23333294	-0.00274928
-32.19999961	-0.00267873
-32.16666628	-0.00274920
-32.13333294	-0.00274773
-32.09999961	-0.00273145
-32.06666628	-0.00276966
-32.03333295	-0.00272554
-31.99999961	-0.00270191
-31.96666628	-0.00258216
-31.93333295	-0.00256719
-31.89999961	-0.00267353
-31.86666628	-0.00274770
-31.83333295	-0.00262947
-31.79999961	-0.00258812
-31.76666628	-0.00269682
-31.73333295	-0.00267845
-31.69999961	-0.00269671
-31.66666628	-0.00258460
-31.63333295	-0.00261859
-31.59999962	-0.00278269
-31.56666628	-0.00274300
-31.53333295	-0.00274808
-31.49999962	-0.00276464
-31.46666628	-0.00271616
-31.43333295	-0.00278858
-31.39999962	-0.00271499
-31.36666628	-0.00267693
-31.33333295	-0.00258169
-31.29999962	-0.00267534
-31.26666628	-0.00259389
-31.23333295	-0.00256732
-31.19999962	-0.00250584
-31.16666629	-0.00249686
-31.13333295	-0.00239588
-31.09999962	-0.00241154
-31.06666629	-0.00225428
-31.03333295	-0.00232266
-30.99999962	-0.00233318
-30.96666629	-0.00226004
-30.93333295	-0.00220016
-30.89999962	-0.00226396
-30.86666629	-0.00227294
-30.83333295	-0.00226892
-30.79999962	-0.00224407
-30.76666629	-0.00221989
-30.73333296	-0.00228748
-30.69999962	-0.00227524
-30.66666629	-0.00224981
-30.63333296	-0.00218908
-30.59999962	-0.00213205
-30.56666629	-0.00219238
-30.53333296	-0.00212153
-30.49999962	-0.00219663
-30.46666629	-0.00218147
-30.43333296	-0.00206356
-30.39999963	-0.00208308
-30.36666629	-0.00202695
-30.33333296	-0.00210204
-30.29999963	-0.00199271
-30.26666629	-0.00201491
-30.23333296	-0.00199266
-30.19999963	-0.00199077
-30.16666629	-0.00193593
-30.13333296	-0.00193856
-30.09999963	-0.00193631
-30.06666629	-0.00176969
-30.03333296	-0.00180990
-29.99999963	-0.00180507
-29.96666630	-0.00182005
-29.93333296	-0.00181391
-29.89999963	-0.00177929
-29.86666630	-0.00177248
-29.83333296	-0.00172801
-29.79999963	-0.00173017
-29.76666630	-0.00174404
-29.73333296	-0.00172942
-29.69999963	-0.00172219
-29.66666630	-0.00159887
-29.63333296	-0.00163488
-29.59999963	-0.00175798
-29.56666630	-0.00168177
-29.53333297	-0.00179811
-29.49999963	-0.00178910
-29.46666630	-0.00184466
-29.43333297	-0.00184133
-29.39999963	-0.00191242
-29.36666630	-0.00198233
-29.33333297	-0.00204678
-29.29999963	-0.00200338
-29.26666630	-0.00199242
-29.23333297	-0.00202461
-29.19999964	-0.00199250
-29.16666630	-0.00199237
-29.13333297	-0.00205723
-29.09999964	-0.00200711
-29.06666630	-0.00202955
-29.03333297	-0.00197420
-28.99999964	-0.00184577
-28.96666630	-0.00192067
-28.93333297	-0.00188634
-28.89999964	-0.00166956
-28.86666630	-0.00174297
-28.83333297	-0.00190049
-28.79999964	-0.00169833
-28.76666631	-0.00167183
-28.73333297	-0.00155402
-28.69999964	-0.00159234
-28.66666631	-0.00158149
-28.63333297	-0.00147418
-28.59999964	-0.00141958
-28.56666631	-0.00139858
-28.53333297	-0.00137518
-28.49999964	-0.00134052
-28.46666631	-0.00122285
-28.43333297	-0.00124083
-28.39999964	-0.00121316
-28.36666631	-0.00110035
-28.33333298	-0.00117902
-28.29999964	-0.00106164
-28.26666631	-0.00097680
-28.23333298	-0.00099618
-28.19999964	-0.00099317
-28.16666631	-0.00102984
-28.13333298	-0.00094987
-28.09999964	-0.00087247
-28.06666631	-0.00086138
-28.03333298	-0.00082714
-27.99999964	-0.00079841
-27.96666631	-0.00072269
-27.93333298	-0.00072125
-27.89999965	-0.00055949
-27.86666631	-0.00054898
-27.83333298	-0.00049044
-27.79999965	-0.00038098
-27.76666631	-0.00028769
-27.73333298	-0.00021077
-27.69999965	-0.00016740
-27.66666631	-0.00014584
-27.63333298	-0.00014620
-27.59999965	-0.00010954
-27.56666632	0.00011124
-27.53333298	0.00009832
-27.49999965	-0.00000441
-27.46666632	0.00011123
-27.43333298	0.00002160
-27.39999965	0.00012589
-27.36666632	0.00003568
-27.33333298	0.00011607
-27.29999965	0.00016875
-27.26666632	0.00018972
-27.23333298	0.00011871
-27.19999965	0.00011930
-27.16666632	0.00017809
-27.13333299	0.00010052
-27.09999965	0.00005462
-27.06666632	0.00014067
-27.03333299	0.00010360
-26.99999965	0.00009550
-26.96666632	0.00004833
-26.93333299	0.00014582
-26.89999965	0.00013162
-26.86666632	0.00011997
-26.83333299	0.00017876
-26.79999965	0.00019884
-26.76666632	0.00030983
-26.73333299	0.00024117
-26.69999966	0.00028829
-26.66666632	0.00035883
-26.63333299	0.00028914
-26.59999966	0.00047537
-26.56666632	0.00041732
-26.53333299	0.00042449
-26.49999966	0.00043965
-26.46666632	0.00039282
-26.43333299	0.00036129
-26.39999966	0.00037652
-26.36666633	0.00043228
-26.33333299	0.00043731
-26.29999966	0.00048168
-26.26666633	0.00048366
-26.23333299	0.00048574
-26.19999966	0.00046117
-26.16666633	0.00057876
-26.13333299	0.00039950
-26.09999966	0.00048177
-26.06666633	0.00041170
-26.03333299	0.00047555
-25.99999966	0.00040965
-25.96666633	0.00036095
-25.93333300	0.00047356
-25.89999966	0.00057695
-25.86666633	0.00048938
-25.83333300	0.00048251
-25.79999966	0.00049440
-25.76666633	0.00038094
-25.73333300	0.00047056
-25.69999966	0.00043256
-25.66666633	0.00050218
-25.63333300	0.00040914
-25.59999966	0.00038419
-25.56666633	0.00043788
-25.53333300	0.00048911
-25.49999967	0.00048737
-25.46666633	0.00045190
-25.43333300	0.00049943
-25.39999967	0.00036476
-25.36666633	0.00044699
-25.33333300	0.00048964
-25.29999967	0.00046438
-25.26666633	0.00046113
-25.23333300	0.00044983
-25.19999967	0.00038531
-25.16666634	0.00039894
-25.13333300	0.00045132
-25.09999967	0.00037517
-25.06666634	0.00045450
-25.03333300	0.00036683
-24.99999967	0.00042107
-24.96666634	0.00033350
-24.93333300	0.00028247
-24.89999967	0.00021561
-24.86666634	0.00021993
-24.83333300	0.00012196
-24.79999967	0.00017291
-24.76666634	0.00009764
-24.73333301	-0.00003097
-24.69999967	-0.00003069
-24.66666634	-0.00000685
-24.63333301	-0.00007818
-24.59999967	-0.00011240
-24.56666634	-0.00007889
-24.53333301	-0.00007565
-24.49999967	-0.00023408
-24.46666634	-0.00016593
-24.43333301	-0.00022826
-24.39999967	-0.00020591
-24.36666634	-0.00029816
-24.33333301	-0.00019559
-24.29999968	-0.00029632
-24.26666634	-0.00034730
-24.23333301	-0.00044002
-24.19999968	-0.00041256
-24.16666634	-0.00039997
-24.13333301	-0.00042833
-24.09999968	-0.00044166
-24.06666634	-0.00041735
-24.03333301	-0.00039423
-23.99999968	-0.00044706
-23.96666634	-0.00035905
-23.93333301	-0.00038821
-23.89999968	-0.00041546
-23.86666635	-0.00049357
-23.83333301	-0.00036045
-23.79999968	-0.00046504
-23.76666635	-0.00044401
-23.73333301	-0.00046485
-23.69999968	-0.00050252
-23.66666635	-0.00064200
-23.63333301	-0.00060949
-23.59999968	-0.00081248
-23.56666635	-0.00057264
-23.53333302	-0.00065332
-23.49999968	-0.00073245
-23.46666635	-0.00074162
-23.43333302	-0.00075553
-23.39999968	-0.00072417
-23.36666635	-0.00090569
-23.33333302	-0.00083718
-23.29999968	-0.00082749
-23.26666635	-0.00087280
-23.23333302	-0.00087706
-23.19999968	-0.00081660
-23.16666635	-0.00089420
-23.13333302	-0.00094901
-23.09999969	-0.00085836
-23.06666635	-0.00086576
-23.03333302	-0.00081639
-22.99999969	-0.00080800
-22.96666635	-0.00075524
-22.93333302	-0.00078767
-22.89999969	-0.00080135
-22.86666635	-0.00077071
-22.83333302	-0.00084760
-22.79999969	-0.00078361
-22.76666635	-0.00085956
-22.73333302	-0.00084782
-22.69999969	-0.00086219
-22.66666636	-0.00085289
-22.63333302	-0.00087076
-22.59999969	-0.00093094
-22.56666636	-0.00095173
-22.53333302	-0.00097356
-22.49999969	-0.00094745
-22.46666636	-0.00104495
-22.43333302	-0.00107161
-22.39999969	-0.00105583
-22.36666636	-0.00101941
-22.33333303	-0.00105447
-22.29999969	-0.00104434
-22.26666636	-0.00101168
-22.23333303	-0.00105779
-22.19999969	-0.00102380
-22.16666636	-0.00101177
-22.13333303	-0.00100425
-22.09999969	-0.00098481
-22.06666636	-0.00104174
-22.03333303	-0.00094154
-21.99999969	-0.00097221
-21.96666636	-0.00094489
-21.93333303	-0.00104639
-21.89999970	-0.00096705
-21.86666636	-0.00099528
-21.83333303	-0.00097074
-21.79999970	-0.00093384
-21.76666636	-0.00091210
-21.73333303	-0.00091913
-21.69999970	-0.00098974
-21.66666636	-0.00089520
-21.63333303	-0.00095072
-21.59999970	-0.00094330
-21.56666636	-0.00106656
-21.53333303	-0.00114987
-21.49999970	-0.00121910
-21.46666637	-0.00125050
-21.43333303	-0.00125914
-21.39999970	-0.00129712
-21.36666637	-0.00133299
-21.33333303	-0.00139291
-21.29999970	-0.00148766
-21.26666637	-0.00160084
-21.23333303	-0.00153120
-21.19999970	-0.00171780
-21.16666637	-0.00173683
-21.13333303	-0.00173341
-21.09999970	-0.00182384
-21.06666637	-0.00183766
-21.03333304	-0.00192648
-20.99999970	-0.00195241
-20.96666637	-0.00202499
-20.93333304	-0.00191684
-20.89999970	-0.00194104
-20.86666637	-0.00207335
-20.83333304	-0.00203538
-20.79999970	-0.00194531
-20.76666637	-0.00196277
-20.73333304	-0.00192116
-20.69999971	-0.00185836
-20.66666637	-0.00195938
-20.63333304	-0.00176487
-20.59999971	-0.00182766
-20.56666637	-0.00181930
-20.53333304	-0.00178247
-20.49999971	-0.00172450
-20.46666637	-0.00170857
-20.43333304	-0.00177551
-20.39999971	-0.00175324
-20.36666637	-0.00171038
-20.33333304	-0.00181449
-20.29999971	-0.00184218
-20.26666638	-0.00183359
-20.23333304	-0.00188867
-20.19999971	-0.00192748
-20.16666638	-0.00193841
-20.13333304	-0.00191014
-20.09999971	-0.00186049
-20.06666638	-0.00185116
-20.03333304	-0.00198466
-19.99999971	-0.00184335
-19.96666638	-0.00182975
-19.93333304	-0.00181462
-19.89999971	-0.00169646
-19.86666638	-0.00175490
-19.83333305	-0.00174314
-19.79999971	-0.00162533
-19.76666638	-0.00146610
-19.73333305	-0.00144619
-19.69999971	-0.00131909
-19.66666638	-0.00137445
-19.63333305	-0.00131944
-19.59999971	-0.00119010
-19.56666638	-0.00113875
-19.53333305	-0.00106551
-19.49999972	-0.00103581
-19.46666638	-0.00088675
-19.43333305	-0.00086673
-19.39999972	-0.00088358
-19.36666638	-0.00075333
-19.33333305	-0.00069990
-19.29999972	-0.00059585
-19.26666638	-0.00052181
-19.23333305	-0.00056435
-19.19999972	-0.00049316
-19.16666638	-0.00051715
-19.13333305	-0.00047149
-19.09999972	-0.00038796
-19.06666639	-0.00037337
-19.03333305	-0.00042301
-18.99999972	-0.00034925
-18.96666639	-0.00026214
-18.93333305	-0.00026387
-18.89999972	-0.00023916
-18.86666639	-0.00009680
-18.83333305	-0.00017385
-18.79999972	-0.00013906
-18.76666639	-0.00004563
-18.73333305	-0.00007880
-18.69999972	0.00006165
-18.66666639	0.00008245
-18.63333306	0.00010204
-18.59999972	0.00015975
-18.56666639	0.00018381
-18.53333306	0.00032703
-18.49999972	0.00033052
-18.46666639	0.00036360
-18.43333306	0.00037022
-18.39999972	0.00049778
-18.36666639	0.00051835
-18.33333306	0.00054911
-18.29999973	0.00058341
-18.26666639	0.00051832
-18.23333306	0.00048988
-18.19999973	0.00047894
-18.16666639	0.00048969
-18.13333306	0.00049340
-18.09999973	0.00054278
-18.06666639	0.00057173
-18.03333306	0.00048966
-17.99999973	0.00049240
-17.96666639	0.00056200
-17.93333306	0.00049375
-17.89999973	0.00054179
-17.86666640	0.00054332
-17.83333306	0.00057508
-17.79999973	0.00056942
-17.76666640	0.00050971
-17.73333306	0.00046245
-17.69999973	0.00052393
-17.66666640	0.00045661
-17.63333306	0.00050944
-17.59999973	0.00050524
-17.56666640	0.00060168
-17.53333306	0.00063734
-17.49999973	0.00055567
-17.46666640	0.00062140
-17.43333307	0.00060416
-17.39999973	0.00070702
-17.36666640	0.00061398
-17.33333307	0.00050748
-17.29999973	0.00045614
-17.26666640	0.00042729
-17.23333307	0.00034591
-17.19999973	0.00020320
-17.16666640	0.00011553
-17.13333307	0.00003958
-17.09999973	-0.00004765
-17.06666640	-0.00030074
-17.03333307	-0.00038259
-16.99999974	-0.00063882
-16.96666640	-0.00070600
-16.93333307	-0.00085131
-16.89999974	-0.00106556
-16.86666640	-0.00115638
-16.83333307	-0.00132165
-16.79999974	-0.00157633
-16.76666640	-0.00177859
-16.73333307	-0.00195081
-16.69999974	-0.00199286
-16.66666641	-0.00212722
-16.63333307	-0.00228228
-16.59999974	-0.00238274
-16.56666641	-0.00252222
-16.53333307	-0.00258595
-16.49999974	-0.00283311
-16.46666641	-0.00286961
-16.43333307	-0.00297380
-16.39999974	-0.00292212
-16.36666641	-0.00291294
-16.33333307	-0.00294650
-16.29999974	-0.00299182
-16.26666641	-0.00297534
-16.23333308	-0.00303857
-16.19999974	-0.00301351
-16.16666641	-0.00293148
-16.13333308	-0.00296154
-16.09999974	-0.00288061
-16.06666641	-0.00282069
-16.03333308	-0.00287393
-15.99999974	-0.00276059
-15.96666641	-0.00252322
-15.93333308	-0.00247603
-15.89999974	-0.00244813
-15.86666641	-0.00240703
-15.83333308	-0.00228479
-15.79999975	-0.00234561
-15.76666641	-0.00207575
-15.73333308	-0.00202930
-15.69999975	-0.00197548
-15.66666641	-0.00195635
-15.63333308	-0.00179826
-15.59999975	-0.00178495
-15.56666641	-0.00166766
-15.53333308	-0.00162562
-15.49999975	-0.00161130
-15.46666642	-0.00142068
-15.43333308	-0.00142010
-15.39999975	-0.00127272
-15.36666642	-0.00110550
-15.33333308	-0.00106127
-15.29999975	-0.00099129
-15.26666642	-0.00096203
-15.23333308	-0.00085307
-15.19999975	-0.00075194
-15.16666642	-0.00071653
-15.13333308	-0.00059900
-15.09999975	-0.00047434
-15.06666642	-0.00034704
-15.03333309	-0.00026727
-14.99999975	-0.00023455
-14.96666642	-0.00007710
-14.93333309	-0.00000564
-14.89999975	0.00010094
-14.86666642	0.00014387
-14.83333309	0.00022322
-14.79999975	0.00021959
-14.76666642	0.00045254
-14.73333309	0.00044415
-14.69999975	0.00049323
-14.66666642	0.00055849
-14.63333309	0.00068617
-14.59999976	0.00078312
-14.56666642	0.00093585
-14.53333309	0.00083380
-14.49999976	0.00098812
-14.46666642	0.00103719
-14.43333309	0.00115403
-14.39999976	0.00116884
-14.36666642	0.00123507
-14.33333309	0.00142857
-14.29999976	0.00147994
-14.26666642	0.00148790
-14.23333309	0.00158655
-14.19999976	0.00163971
-14.16666643	0.00170597
-14.13333309	0.00179535
-14.09999976	0.00203730
-14.06666643	0.00198610
-14.03333309	0.00209997
-13.99999976	0.00214191
-13.96666643	0.00224465
-13.93333309	0.00227493
-13.89999976	0.00240014
-13.86666643	0.00256566
-13.83333310	0.00264178
-13.79999976	0.00254976
-13.76666643	0.00272858
-13.73333310	0.00276781
-13.69999976	0.00283257
-13.66666643	0.00288961
-13.63333310	0.00297050
-13.59999976	0.00296536
-13.56666643	0.00297499
-13.53333310	0.00310491
-13.49999976	0.00320976
-13.46666643	0.00326379
-13.43333310	0.00329760
-13.39999977	0.00340047
-13.36666643	0.00351218
-13.33333310	0.00354735
-13.29999977	0.00368220
-13.26666643	0.00365730
-13.23333310	0.00380990
-13.19999977	0.00392682
-13.16666643	0.00394593
-13.13333310	0.00404759
-13.09999977	0.00412135
-13.06666643	0.00419416
-13.03333310	0.00431371
-12.99999977	0.00441253
-12.96666644	0.00445621
-12.93333310	0.00462005
-12.89999977	0.00461479
-12.86666644	0.00468923
-12.83333310	0.00477750
-12.79999977	0.00487783
-12.76666644	0.00500327
-12.73333310	0.00499820
-12.69999977	0.00510380
-12.66666644	0.00516608
-12.63333311	0.00522157
-12.59999977	0.00529333
-12.56666644	0.00531204
-12.53333311	0.00528262
-12.49999977	0.00528838
-12.46666644	0.00528347
-12.43333311	0.00522346
-12.39999977	0.00531805
-12.36666644	0.00522389
-12.33333311	0.00511431
-12.29999977	0.00518268
-12.26666644	0.00510079
-12.23333311	0.00516807
-12.19999978	0.00524045
-12.16666644	0.00508859
-12.13333311	0.00521997
-12.09999978	0.00527881
-12.06666644	0.00543544
-12.03333311	0.00556225
-11.99999978	0.00551978
-11.96666644	0.00564312
-11.93333311	0.00571492
-11.89999978	0.00589054
-11.86666644	0.00607511
-11.83333311	0.00631149
-11.79999978	0.00665927
-11.76666645	0.00685226
-11.73333311	0.00699043
-11.69999978	0.00733923
-11.66666645	0.00764055
-11.63333311	0.00793361
-11.59999978	0.00834789
-11.56666645	0.00865244
-11.53333311	0.00906143
-11.49999978	0.00954293
-11.46666645	0.01010820
-11.43333312	0.01059028
-11.39999978	0.01104492
-11.36666645	0.01156528
-11.33333312	0.01206953
-11.29999978	0.01286241
-11.26666645	0.01353159
-11.23333312	0.01413902
-11.19999978	0.01491288
-11.16666645	0.01572994
-11.13333312	0.01653340
-11.09999978	0.01734097
-11.06666645	0.01828252
-11.03333312	0.01927830
-10.99999979	0.02026115
-10.96666645	0.02145415
-10.93333312	0.02266017
-10.89999979	0.02381282
-10.86666645	0.02507607
-10.83333312	0.02644214
-10.79999979	0.02789743
-10.76666645	0.02932013
-10.73333312	0.03084447
-10.69999979	0.03246344
-10.66666645	0.03410631
-10.63333312	0.03582886
-10.59999979	0.03772608
-10.56666646	0.03959960
-10.53333312	0.04148878
-10.49999979	0.04356064
-10.46666646	0.04562758
-10.43333312	0.04780131
-10.39999979	0.04996369
-10.36666646	0.05219322
-10.33333312	0.05434401
-10.29999979	0.05665946
-10.26666646	0.05884842
-10.23333312	0.06104402
-10.19999979	0.06307428
-10.16666646	0.06504728
-10.13333313	0.06696781
-10.09999979	0.06867156
-10.06666646	0.07017425
-10.03333313	0.07131898
-9.99999979	0.07211662
-9.96666646	0.07261155
-9.93333313	0.07267982
-9.89999979	0.07213228
-9.86666646	0.07116964
-9.83333313	0.06948511
-9.79999980	0.06714765
-9.76666646	0.06417450
-9.73333313	0.06021633
-9.69999980	0.05547319
-9.66666646	0.04996735
-9.63333313	0.04356428
-9.59999980	0.03625822
-9.56666646	0.02794768
-9.53333313	0.01887463
-9.49999980	0.00899059
-9.46666646	-0.00174294
-9.43333313	-0.01311083
-9.39999980	-0.02530705
-9.36666647	-0.03795687
-9.33333313	-0.05114086
-9.29999980	-0.06444071
-9.26666647	-0.07817064
-9.23333313	-0.09200560
-9.19999980	-0.10569424
-9.16666647	-0.11912912
-9.13333313	-0.13235106
-9.09999980	-0.14490488
-9.06666647	-0.15709914
-9.03333313	-0.16849019
-8.99999980	-0.17895289
-8.96666647	-0.18855747
-8.93333314	-0.19717858
-8.89999980	-0.20464566
-8.86666647	-0.21090531
-8.83333314	-0.21594920
-8.79999980	-0.21965573
-8.76666647	-0.22234393
-8.73333314	-0.22359034
-8.69999980	-0.22348865
-8.66666647	-0.22222855
-8.63333314	-0.21976759
-8.59999981	-0.21618995
-8.56666647	-0.21144526
-8.53333314	-0.20570654
-8.49999981	-0.19910368
-8.46666647	-0.19166234
-8.43333314	-0.18319467
-8.39999981	-0.17418469
-8.36666647	-0.16464527
-8.33333314	-0.15454242
-8.29999981	-0.14400638
-8.26666647	-0.13331508
-8.23333314	-0.12230777
-8.19999981	-0.11132868
-8.16666648	-0.09999218
-8.13333314	-0.08896892
-8.09999981	-0.07786774
-8.06666648	-0.06699320
-8.03333314	-0.05631401
-7.99999981	-0.04590748
-7.96666648	-0.03598772
-7.93333314	-0.02619715
-7.89999981	-0.01691772
-7.86666648	-0.00807080
-7.83333314	0.00038567
-7.79999981	0.00840071
-7.76666648	0.01585410
-7.73333315	0.02297794
-7.69999981	0.02945821
-7.66666648	0.03558496
-7.63333315	0.04115269
-7.59999981	0.04630406
-7.56666648	0.05100856
-7.53333315	0.05543630
-7.49999981	0.05928129
-7.46666648	0.06284077
-7.43333315	0.06606261
-7.39999981	0.06892139
-7.36666648	0.07140324
-7.33333315	0.07355814
-7.29999982	0.07557947
-7.26666648	0.07729274
-7.23333315	0.07869648
-7.19999982	0.07980955
-7.16666648	0.08100056
-7.13333315	0.08182293
-7.09999982	0.08254836
-7.06666648	0.08312894
-7.03333315	0.08358783
-6.99999982	0.08391698
-6.96666649	0.08412691
-6.93333315	0.08428779
-6.89999982	0.08439633
-6.86666649	0.08428703
-6.83333315	0.08435126
-6.79999982	0.08416446
-6.76666649	0.08396280
-6.73333315	0.08372579
-6.69999982	0.08340164
-6.66666649	0.08313773
-6.63333315	0.08270713
-6.59999982	0.08206085
-6.56666649	0.08147148
-6.53333316	0.08080334
-6.49999982	0.08013974
-6.46666649	0.07919789
-6.43333316	0.07839719
-6.39999982	0.07736873
-6.36666649	0.07622103
-6.33333316	0.07506628
-6.29999982	0.07391644
-6.26666649	0.07261616
-6.23333316	0.07119372
-6.19999982	0.06957304
-6.16666649	0.06800691
-6.13333316	0.06649085
-6.09999983	0.06480668
-6.06666649	0.06310869
-6.03333316	0.06132550
-5.99999983	0.05966112
-5.96666649	0.05794428
-5.93333316	0.05617896
-5.89999983	0.05439637
-5.86666649	0.05266706
-5.83333316	0.05105853
-5.79999983	0.04939000
-5.76666650	0.04768687
-5.73333316	0.04615643
-5.69999983	0.04467713
-5.66666650	0.04317486
-5.63333316	0.04177552
-5.59999983	0.04039637
-5.56666650	0.03911826
-5.53333316	0.03792596
-5.49999983	0.03667034
-5.46666650	0.03566841
-5.43333316	0.03444436
-5.39999983	0.03352672
-5.36666650	0.03259491
-5.33333317	0.03158515
-5.29999983	0.03064553
-5.26666650	0.02981890
-5.23333317	0.02897953
-5.19999983	0.02804236
-5.16666650	0.02742921
-5.13333317	0.02657000
-5.09999983	0.02568922
-5.06666650	0.02493398
-5.03333317	0.02417221
-4.99999983	0.02331040
-4.96666650	0.02244373
-4.93333317	0.02171697
-4.89999984	0.02094585
-4.86666650	0.02009705
-4.83333317	0.01924341
-4.79999984	0.01843584
-4.76666650	0.01753653
-4.73333317	0.01660800
-4.69999984	0.01586841
-4.66666650	0.01502831
-4.63333317	0.01398731
-4.59999984	0.01321591
-4.56666651	0.01234545
-4.53333317	0.01162774
-4.49999984	0.01081490
-4.46666651	0.01010929
-4.43333317	0.00931358
-4.39999984	0.00847479
-4.36666651	0.00785631
-4.33333317	0.00716373
-4.29999984	0.00654164
-4.26666651	0.00589792
-4.23333317	0.00532877
-4.19999984	0.00483346
-4.16666651	0.00429833
-4.13333318	0.00383731
-4.09999984	0.00328658
-4.06666651	0.00294418
-4.03333318	0.00265462
-3.99999984	0.00219407
-3.96666651	0.00185888
-3.93333318	0.00156290
-3.89999984	0.00124533
-3.86666651	0.00095825
-3.83333318	0.00072623
-3.79999984	0.00049116
-3.76666651	0.00014630
-3.73333318	-0.00008083
-3.69999985	-0.00039363
-3.66666651	-0.00069772
-3.63333318	-0.00107344
-3.59999985	-0.00149824
-3.56666651	-0.00184586
-3.53333318	-0.00216013
-3.49999985	-0.00263851
-3.46666651	-0.00294029
-3.43333318	-0.00328199
-3.39999985	-0.00374319
-3.36666651	-0.00425309
-3.33333318	-0.00460622
-3.29999985	-0.00490819
-3.26666652	-0.00528731
-3.23333318	-0.00570211
-3.19999985	-0.00592108
-3.16666652	-0.00635728
-3.13333318	-0.00654840
-3.09999985	-0.00687345
-3.06666652	-0.00720758
-3.03333318	-0.00737297
-2.99999985	-0.00754969
-2.96666652	-0.00765723
-2.93333319	-0.00775647
-2.89999985	-0.00792153
-2.86666652	-0.00789650
-2.83333319	-0.00785730
-2.79999985	-0.00785284
-2.76666652	-0.00781182
-2.73333319	-0.00770131
-2.69999985	-0.00756715
-2.66666652	-0.00752579
-2.63333319	-0.00727536
-2.59999985	-0.00706579
-2.56666652	-0.00684782
-2.53333319	-0.00650645
-2.49999986	-0.00629111
-2.46666652	-0.00603925
-2.43333319	-0.00572061
-2.39999986	-0.00527581
-2.36666652	-0.00506446
-2.33333319	-0.00482859
-2.29999986	-0.00455053
-2.26666652	-0.00421350
-2.23333319	-0.00396221
-2.19999986	-0.00378067
-2.16666652	-0.00352221
-2.13333319	-0.00330350
-2.09999986	-0.00312882
-2.06666653	-0.00299215
-2.03333319	-0.00295487
-1.99999986	-0.00282650
-1.96666653	-0.00268170
-1.93333319	-0.00271035
-1.89999986	-0.00277989
-1.86666653	-0.00288128
-1.83333319	-0.00280168
-1.79999986	-0.00282923
-1.76666653	-0.00297350
-1.73333320	-0.00318191
-1.69999986	-0.00334868
-1.66666653	-0.00355986
-1.63333320	-0.00374558
-1.59999986	-0.00386025
-1.56666653	-0.00417113
-1.53333320	-0.00443630
-1.49999986	-0.00461512
-1.46666653	-0.00483161
-1.43333320	-0.00506667
-1.39999986	-0.00519316
-1.36666653	-0.00541815
-1.33333320	-0.00558280
-1.29999987	-0.00584369
-1.26666653	-0.00583920
-1.23333320	-0.00601104
-1.19999987	-0.00616301
-1.16666653	-0.00627936
-1.13333320	-0.00631146
-1.09999987	-0.00643754
-1.06666653	-0.00651109
-1.03333320	-0.00658701
-0.99999987	-0.00650976
-0.96666653	-0.00666579
-0.93333320	-0.00674359
-0.89999987	-0.00677409
-0.86666654	-0.00673836
-0.83333320	-0.00683743
-0.79999987	-0.00676580
-0.76666654	-0.00680296
-0.73333320	-0.00681249
-0.69999987	-0.00681677
-0.66666654	-0.00686675
-0.63333320	-0.00683500
-0.59999987	-0.00688110
-0.56666654	-0.00689508
-0.53333320	-0.00691238
-0.49999987	-0.00691768
-0.46666654	-0.00685782
-0.43333321	-0.00658063
-0.39999987	-0.00664648
-0.36666654	-0.00652770
-0.33333321	-0.00643812
-0.29999987	-0.00632006
-0.26666654	-0.00623502
-0.23333321	-0.00602249
-0.19999987	-0.00583920
-0.16666654	-0.00562535
-0.13333321	-0.00543656
-0.09999988	-0.00522521
-0.06666654	-0.00500083
-0.03333321	-0.00480822
0.00000012	-0.00445506
0.03333346	-0.00423172
0.06666679	-0.00413783
0.10000012	-0.00381344
0.13333346	-0.00360012
0.16666679	-0.00336874
0.20000012	-0.00317451
0.23333346	-0.00297404
0.26666679	-0.00278324
0.30000012	-0.00262810
0.33333345	-0.00240605
0.36666679	-0.00218594
0.40000012	-0.00203782
0.43333345	-0.00192497
0.46666679	-0.00173599
0.50000012	-0.00162542
0.53333345	-0.00149069
0.56666679	-0.00135849
0.60000012	-0.00120885
0.63333345	-0.00122394
0.66666679	-0.00116427
0.70000012	-0.00122358
0.73333345	-0.00109256
0.76666678	-0.00117617
0.80000012	-0.00116493
0.83333345	-0.00121683
0.86666678	-0.00125598
0.90000012	-0.00134673
0.93333345	-0.00136052
0.96666678	-0.00159430
1.00000012	-0.00157318
1.03333345	-0.00175961
1.06666678	-0.00179772
1.10000011	-0.00193173
1.13333345	-0.00194650
1.16666678	-0.00203960
1.20000011	-0.00211537
1.23333345	-0.00226842
1.26666678	-0.00221334
1.30000011	-0.00229110
1.33333345	-0.00239160
1.36666678	-0.00229480
1.40000011	-0.00228120
1.43333345	-0.00226343
1.46666678	-0.00213920
1.50000011	-0.00214592
1.53333344	-0.00198155
1.56666678	-0.00186614
1.60000011	-0.00172408
1.63333344	-0.00154556
1.66666678	-0.00139784
1.70000011	-0.00116695
1.73333344	-0.00104616
1.76666678	-0.00087865
1.80000011	-0.00069425
1.83333344	-0.00053763
1.86666678	-0.00013090
1.90000011	-0.00003208
1.93333344	0.00011095
1.96666677	0.00037140
2.00000011	0.00060433
2.03333344	0.00072095
2.06666677	0.00081650
2.10000011	0.00105040
2.13333344	0.00121148
2.16666677	0.00112480
2.20000011	0.00130788
2.23333344	0.00137417
2.26666677	0.00136145
2.30000011	0.00140903
2.33333344	0.00152575
2.36666677	0.00161377
2.40000010	0.00153544
2.43333344	0.00158126
2.46666677	0.00157592
2.50000010	0.00145476
2.53333344	0.00151691
2.56666677	0.00142378
2.60000010	0.00143972
2.63333344	0.00141222
2.66666677	0.00133431
2.70000010	0.00113720
2.73333343	0.00109678
2.76666677	0.00102756
2.80000010	0.00100579
2.83333343	0.00094986
2.86666677	0.00077275
2.90000010	0.00072920
2.93333343	0.00056970
2.96666677	0.00069080
3.00000010	0.00056596
3.03333343	0.00046907
3.06666677	0.00040648
3.10000010	0.00033640
3.13333343	0.00018594
3.16666676	0.00018674
3.20000010	0.00018990
3.23333343	0.00021894
3.26666676	0.00027750
3.30000010	0.00010424
3.33333343	0.00011881
3.36666676	0.00008338
3.40000010	0.00010842
3.43333343	0.00006315
3.46666676	0.00014096
3.50000010	0.00011993
3.53333343	0.00016008
3.56666676	0.00010817
3.60000009	0.00008858
3.63333343	0.00019744
3.66666676	0.00034689
3.70000009	0.00030101
3.73333343	0.00027247
3.76666676	0.00030231
3.80000009	0.00035864
3.83333343	0.00036189
3.86666676	0.00033505
3.90000009	0.00037060
3.93333342	0.00050019
3.96666676	0.00034893
4.00000009	0.00044326
4.03333342	0.00052318
4.06666676	0.00054157
4.10000009	0.00061135
4.13333342	0.00063165
4.16666676	0.00074719
4.20000009	0.00075531
4.23333342	0.00083729
4.26666676	0.00085118
4.30000009	0.00092915
4.33333342	0.00095569
4.36666675	0.00099630
4.40000009	0.00094942
4.43333342	0.00105300
4.46666675	0.00110169
4.50000009	0.00107518
4.53333342	0.00116241
4.56666675	0.00116099
4.60000009	0.00114879
4.63333342	0.00116627
4.66666675	0.00134256
4.70000009	0.00125923
4.73333342	0.00129108
4.76666675	0.00140237
4.80000008	0.00146312
4.83333342	0.00137987
4.86666675	0.00145805
4.90000008	0.00140237
4.93333342	0.00148845
4.96666675	0.00159802
5.00000008	0.00171022
5.03333342	0.00172686
5.06666675	0.00181527
5.10000008	0.00197444
5.13333341	0.00208098
5.16666675	0.00219264
5.20000008	0.00230100
5.23333341	0.00242453
5.26666675	0.00238813
5.30000008	0.00251679
5.33333341	0.00268156
5.36666675	0.00280425
5.40000008	0.00289171
5.43333341	0.00288523
5.46666675	0.00303962
5.50000008	0.00305712
5.53333341	0.00306750
5.56666674	0.00313432
5.60000008	0.00311024
5.63333341	0.00313700
5.66666674	0.00315671
5.70000008	0.00302514
5.73333341	0.00299871
5.76666674	0.00280799
5.80000008	0.00282836
5.83333341	0.00275762
5.86666674	0.00258140
5.90000008	0.00246507
5.93333341	0.00244469
5.96666674	0.00232688
6.00000007	0.00220326
6.03333341	0.00207915
6.06666674	0.00198472
6.10000007	0.00177163
6.13333341	0.00168108
6.16666674	0.00158582
6.20000007	0.00143755
6.23333341	0.00132667
6.26666674	0.00122665
6.30000007	0.00112793
6.33333341	0.00102790
6.36666674	0.00095071
6.40000007	0.00077026
6.43333340	0.00081838
6.46666674	0.00074077
6.50000007	0.00065319
6.53333340	0.00063667
6.56666674	0.00060750
6.60000007	0.00058260
6.63333340	0.00051990
6.66666674	0.00045337
6.70000007	0.00050258
6.73333340	0.00037062
6.76666673	0.00050714
6.80000007	0.00050465
6.83333340	0.00046646
6.86666673	0.00053665
6.90000007	0.00053980
6.93333340	0.00056010
6.96666673	0.00062567
7.00000007	0.00063967
7.03333340	0.00068507
7.06666673	0.00070329
7.10000007	0.00072022
7.13333340	0.00074957
7.16666673	0.00072239
7.20000006	0.00080856
7.23333340	0.00077268
7.26666673	0.00068193
7.30000006	0.00068031
7.33333340	0.00059416
7.36666673	0.00046037
7.40000006	0.00036714
7.43333340	0.00032286
7.46666673	0.00018530
7.50000006	0.00005799
7.53333340	0.00008043
7.56666673	-0.00000303
7.60000006	-0.00018704
7.63333339	-0.00038448
7.66666673	-0.00048745
7.70000006	-0.00059394
7.73333339	-0.00085645
7.76666673	-0.00090932
7.80000006	-0.00100179
7.83333339	-0.00111858
7.86666673	-0.00132524
7.90000006	-0.00152394
7.93333339	-0.00158756
7.96666672	-0.00173301
8.00000006	-0.00189069
8.03333339	-0.00200683
8.06666672	-0.00204707
8.10000006	-0.00206395
8.13333339	-0.00233410
8.16666672	-0.00234989
8.20000006	-0.00246734
8.23333339	-0.00248129
8.26666672	-0.00255085
8.30000006	-0.00274521
8.33333339	-0.00280100
8.36666672	-0.00276094
8.40000005	-0.00285260
8.43333339	-0.00282763
8.46666672	-0.00288405
8.50000005	-0.00284511
8.53333339	-0.00294370
8.56666672	-0.00281486
8.60000005	-0.00286895
8.63333339	-0.00286662
8.66666672	-0.00275471
8.70000005	-0.00276594
8.73333339	-0.00284218
8.76666672	-0.00274653
8.80000005	-0.00278396
8.83333338	-0.00277194
8.86666672	-0.00259104
8.90000005	-0.00259804
8.93333338	-0.00259112
8.96666672	-0.00263436
9.00000005	-0.00253355
9.03333338	-0.00260821
9.06666672	-0.00262255
9.10000005	-0.00263807
9.13333338	-0.00264522
9.16666672	-0.00273272
9.20000005	-0.00269665
9.23333338	-0.00274806
9.26666671	-0.00281463
9.30000005	-0.00293652
9.33333338	-0.00293667
9.36666671	-0.00295446
9.40000005	-0.00289233
9.43333338	-0.00298841
9.46666671	-0.00300472
9.50000005	-0.00299447
9.53333338	-0.00306116
9.56666671	-0.00305874
9.60000004	-0.00309879
9.63333338	-0.00309222
9.66666671	-0.00314681
9.70000004	-0.00309602
9.73333338	-0.00307775
9.76666671	-0.00317208
9.80000004	-0.00313933
9.83333338	-0.00314640
9.86666671	-0.00323607
9.90000004	-0.00316658
9.93333338	-0.00315435
9.96666671	-0.00306556
10.00000004	-0.00306048
10.03333337	-0.00298604
10.06666671	-0.00288087
10.10000004	-0.00285992
10.13333337	-0.00279287
10.16666671	-0.00274419
10.20000004	-0.00271794
10.23333337	-0.00264692
10.26666671	-0.00255856
10.30000004	-0.00246094
10.33333337	-0.00246560
10.36666671	-0.00232086
10.40000004	-0.00224732
10.43333337	-0.00220340
10.46666670	-0.00206508
10.50000004	-0.00197540
10.53333337	-0.00184174
10.56666670	-0.00178027
10.60000004	-0.00161340
10.63333337	-0.00151001
10.66666670	-0.00136308
10.70000004	-0.00129395
10.73333337	-0.00115393
10.76666670	-0.00106760
10.80000003	-0.00101743
10.83333337	-0.00091525
10.86666670	-0.00080478
10.90000003	-0.00075588
10.93333337	-0.00071654
10.96666670	-0.00059733
11.00000003	-0.00058740
11.03333337	-0.00054549
11.06666670	-0.00057191
11.10000003	-0.00053663
11.13333337	-0.00052396
11.16666670	-0.00055815
11.20000003	-0.00055812
11.23333336	-0.00054663
11.26666670	-0.00054872
11.30000003	-0.00061122
11.33333336	-0.00060517
11.36666670	-0.00062400
11.40000003	-0.00065963
11.43333336	-0.00069985
11.46666670	-0.00074231
11.50000003	-0.00073484
11.53333336	-0.00078052
11.56666670	-0.00081786
11.60000003	-0.00082844
11.63333336	-0.00083484
11.66666669	-0.00085570
11.70000003	-0.00084720
11.73333336	-0.00086606
11.76666669	-0.00089246
11.80000003	-0.00092256
11.83333336	-0.00090232
11.86666669	-0.00090963
11.90000003	-0.00090018
11.93333336	-0.00085475
11.96666669	-0.00086187
12.00000002	-0.00082067
12.03333336	-0.00081504
12.06666669	-0.00080285
12.10000002	-0.00078069
12.13333336	-0.00077328
12.16666669	-0.00075916
12.20000002	-0.00073289
12.23333336	-0.00071885
12.26666669	-0.00071605
12.30000002	-0.00068189
12.33333336	-0.00067194
12.36666669	-0.00065452
12.40000002	-0.00064530
12.43333335	-0.00062357
12.46666669	-0.00063046
12.50000002	-0.00060643
12.53333335	-0.00058829
12.56666669	-0.00057770
12.60000002	-0.00057015
12.63333335	-0.00054907
12.66666669	-0.00056689
12.70000002	-0.00055418
12.73333335	-0.00054701
12.76666669	-0.00053955
12.80000002	-0.00053195
12.83333335	-0.00052259
12.86666668	-0.00051758
12.90000002	-0.00050530
12.93333335	-0.00050324
12.96666668	-0.00051162
13.00000002	-0.00048157
13.03333335	-0.00048186
13.06666668	-0.00046756
13.10000002	-0.00046157
13.13333335	-0.00044700
13.16666668	-0.00044858
13.20000002	-0.00043388
13.23333335	-0.00042002
13.26666668	-0.00040294
13.30000001	-0.00039772
13.33333335	-0.00038905
13.36666668	-0.00036364
13.40000001	-0.00035649
13.43333335	-0.00034014
13.46666668	-0.00033174
13.50000001	-0.00031367
13.53333335	-0.00029832
13.56666668	-0.00028318
13.60000001	-0.00027885
13.63333334	-0.00025378
13.66666668	-0.00023611
13.70000001	-0.00022545
13.73333334	-0.00020980
13.76666668	-0.00019890
13.80000001	-0.00018424
13.83333334	-0.00016773
13.86666668	-0.00015353
13.90000001	-0.00014652
13.93333334	-0.00013195
13.96666668	-0.00012332
14.00000001	-0.00011421
14.03333334	-0.00010123
14.06666667	-0.00009179
14.10000001	-0.00008250
14.13333334	-0.00007481
14.16666667	-0.00006751
14.20000001	-0.00005890
14.23333334	-0.00005304
14.26666667	-0.00004654
14.30000001	-0.00004268
14.33333334	-0.00003546
14.36666667	-0.00003166
14.40000001	-0.00002735
14.43333334	-0.00002408
14.46666667	-0.00002038
14.50000000	-0.00001717
14.53333334	-0.00001406
14.56666667	-0.00001130
14.60000000	-0.00000921
14.63333334	-0.00000755
14.66666667	-0.00000559
14.70000000	-0.00000407
14.73333334	-0.00000284
14.76666667	-0.00000187
14.80000000	-0.00000106
14.83333333	-0.00000049
14.86666667	-0.00000012
14.90000000	0.00000000
