# Menlo Systems GmbH ScanControl
# Program Version 1.3.3
# Start: -65.00000000 ps, Average over 1000 waveforms. Timestamp: 2020-06-19T15:30:20
# Time [ps]	THz Signal [a.u.]
-65.06666738	0.00000000
-65.03333404	0.00000001
-65.00000071	0.00000004
-64.96666738	0.00000010
-64.93333404	0.00000011
-64.90000071	0.00000021
-64.86666738	0.00000007
-64.83333404	0.00000019
-64.80000071	0.00000016
-64.76666737	0.00000029
-64.73333404	0.00000018
-64.70000071	0.00000056
-64.66666737	0.00000032
-64.63333404	0.00000004
-64.60000071	-0.00000038
-64.56666737	-0.00000082
-64.53333404	-0.00000134
-64.50000071	-0.00000136
-64.46666737	-0.00000089
-64.43333404	-0.00000097
-64.40000070	-0.00000164
-64.36666737	-0.00000100
-64.33333404	-0.00000310
-64.30000070	-0.00000367
-64.26666737	-0.00000413
-64.23333404	0.00000025
-64.20000070	-0.00000649
-64.16666737	-0.00000916
-64.13333404	-0.00000949
-64.10000070	-0.00000643
-64.06666737	-0.00000785
-64.03333403	-0.00001180
-64.00000070	-0.00000552
-63.96666737	-0.00001469
-63.93333403	-0.00001167
-63.90000070	-0.00001629
-63.86666737	-0.00001095
-63.83333403	-0.00001494
-63.80000070	-0.00001654
-63.76666737	-0.00000852
-63.73333403	-0.00001139
-63.70000070	-0.00001866
-63.66666736	-0.00002173
-63.63333403	-0.00002110
-63.60000070	-0.00001468
-63.56666736	-0.00003035
-63.53333403	-0.00002200
-63.50000070	-0.00002649
-63.46666736	-0.00002981
-63.43333403	-0.00003173
-63.40000070	-0.00003448
-63.36666736	-0.00002540
-63.33333403	-0.00002656
-63.30000069	-0.00003689
-63.26666736	-0.00002520
-63.23333403	-0.00004817
-63.20000069	-0.00004688
-63.16666736	-0.00004154
-63.13333403	-0.00004533
-63.10000069	-0.00004107
-63.06666736	-0.00005149
-63.03333403	-0.00003961
-63.00000069	-0.00003175
-62.96666736	-0.00004473
-62.93333402	-0.00002823
-62.90000069	-0.00003025
-62.86666736	-0.00002684
-62.83333402	-0.00002403
-62.80000069	-0.00002288
-62.76666736	0.00000511
-62.73333402	-0.00002083
-62.70000069	0.00000648
-62.66666736	0.00001173
-62.63333402	0.00002436
-62.60000069	0.00006729
-62.56666735	0.00004146
-62.53333402	0.00009879
-62.50000069	0.00007526
-62.46666735	0.00008319
-62.43333402	0.00012444
-62.40000069	0.00015226
-62.36666735	0.00014559
-62.33333402	0.00017177
-62.30000069	0.00021349
-62.26666735	0.00023229
-62.23333402	0.00023051
-62.20000068	0.00028332
-62.16666735	0.00030326
-62.13333402	0.00029951
-62.10000068	0.00031769
-62.06666735	0.00038798
-62.03333402	0.00038803
-62.00000068	0.00043071
-61.96666735	0.00048053
-61.93333402	0.00053746
-61.90000068	0.00053571
-61.86666735	0.00054614
-61.83333401	0.00058469
-61.80000068	0.00062378
-61.76666735	0.00069952
-61.73333401	0.00069609
-61.70000068	0.00075295
-61.66666735	0.00080838
-61.63333401	0.00080865
-61.60000068	0.00088054
-61.56666735	0.00089648
-61.53333401	0.00095039
-61.50000068	0.00096952
-61.46666734	0.00100908
-61.43333401	0.00106816
-61.40000068	0.00106186
-61.36666734	0.00111286
-61.33333401	0.00112220
-61.30000068	0.00118418
-61.26666734	0.00115127
-61.23333401	0.00124998
-61.20000068	0.00127912
-61.16666734	0.00130981
-61.13333401	0.00132800
-61.10000068	0.00131747
-61.06666734	0.00134836
-61.03333401	0.00141060
-61.00000067	0.00139852
-60.96666734	0.00138169
-60.93333401	0.00142522
-60.90000067	0.00139763
-60.86666734	0.00142260
-60.83333401	0.00143812
-60.80000067	0.00142927
-60.76666734	0.00141136
-60.73333401	0.00138368
-60.70000067	0.00139938
-60.66666734	0.00136452
-60.63333400	0.00132713
-60.60000067	0.00127804
-60.56666734	0.00126028
-60.53333400	0.00125608
-60.50000067	0.00126797
-60.46666734	0.00122005
-60.43333400	0.00117625
-60.40000067	0.00117563
-60.36666734	0.00113884
-60.33333400	0.00107013
-60.30000067	0.00102422
-60.26666733	0.00092200
-60.23333400	0.00095696
-60.20000067	0.00088730
-60.16666733	0.00078964
-60.13333400	0.00077541
-60.10000067	0.00073019
-60.06666733	0.00063417
-60.03333400	0.00058403
-60.00000067	0.00045718
-59.96666733	0.00046419
-59.93333400	0.00037598
-59.90000066	0.00029161
-59.86666733	0.00018010
-59.83333400	0.00017889
-59.80000066	0.00005796
-59.76666733	-0.00004414
-59.73333400	0.00001797
-59.70000066	-0.00016367
-59.66666733	-0.00021631
-59.63333400	-0.00034518
-59.60000066	-0.00031561
-59.56666733	-0.00036731
-59.53333399	-0.00049731
-59.50000066	-0.00050251
-59.46666733	-0.00056686
-59.43333399	-0.00061365
-59.40000066	-0.00067498
-59.36666733	-0.00080724
-59.33333399	-0.00086981
-59.30000066	-0.00087877
-59.26666733	-0.00081738
-59.23333399	-0.00093894
-59.20000066	-0.00094779
-59.16666732	-0.00098860
-59.13333399	-0.00105909
-59.10000066	-0.00110752
-59.06666732	-0.00111477
-59.03333399	-0.00113065
-59.00000066	-0.00112216
-58.96666732	-0.00105505
-58.93333399	-0.00119622
-58.90000066	-0.00109828
-58.86666732	-0.00114787
-58.83333399	-0.00114391
-58.80000065	-0.00112733
-58.76666732	-0.00110152
-58.73333399	-0.00100081
-58.70000065	-0.00106909
-58.66666732	-0.00112642
-58.63333399	-0.00105460
-58.60000065	-0.00111242
-58.56666732	-0.00110975
-58.53333399	-0.00110925
-58.50000065	-0.00124405
-58.46666732	-0.00109227
-58.43333398	-0.00108411
-58.40000065	-0.00116850
-58.36666732	-0.00113108
-58.33333398	-0.00110619
-58.30000065	-0.00100685
-58.26666732	-0.00110369
-58.23333398	-0.00101153
-58.20000065	-0.00109759
-58.16666732	-0.00112718
-58.13333398	-0.00111503
-58.10000065	-0.00107923
-58.06666731	-0.00102261
-58.03333398	-0.00107488
-58.00000065	-0.00102200
-57.96666731	-0.00114914
-57.93333398	-0.00103068
-57.90000065	-0.00108419
-57.86666731	-0.00110344
-57.83333398	-0.00112955
-57.80000065	-0.00104497
-57.76666731	-0.00105550
-57.73333398	-0.00113106
-57.70000064	-0.00100164
-57.66666731	-0.00105054
-57.63333398	-0.00106843
-57.60000064	-0.00102911
-57.56666731	-0.00104416
-57.53333398	-0.00097948
-57.50000064	-0.00093916
-57.46666731	-0.00087822
-57.43333398	-0.00080073
-57.40000064	-0.00090555
-57.36666731	-0.00079062
-57.33333397	-0.00087101
-57.30000064	-0.00082550
-57.26666731	-0.00071386
-57.23333397	-0.00060881
-57.20000064	-0.00061683
-57.16666731	-0.00053954
-57.13333397	-0.00058211
-57.10000064	-0.00048744
-57.06666731	-0.00046822
-57.03333397	-0.00040273
-57.00000064	-0.00039657
-56.96666731	-0.00036230
-56.93333397	-0.00030203
-56.90000064	-0.00021217
-56.86666730	-0.00027859
-56.83333397	-0.00020481
-56.80000064	-0.00009350
-56.76666730	-0.00009069
-56.73333397	-0.00004124
-56.70000064	-0.00009242
-56.66666730	-0.00007121
-56.63333397	-0.00004993
-56.60000064	-0.00005014
-56.56666730	0.00013234
-56.53333397	0.00015385
-56.50000063	0.00009490
-56.46666730	0.00014601
-56.43333397	0.00015698
-56.40000063	0.00016730
-56.36666730	0.00014511
-56.33333397	0.00032330
-56.30000063	0.00016646
-56.26666730	0.00024704
-56.23333397	0.00032728
-56.20000063	0.00039788
-56.16666730	0.00039361
-56.13333396	0.00037127
-56.10000063	0.00050590
-56.06666730	0.00043415
-56.03333396	0.00051688
-56.00000063	0.00051278
-55.96666730	0.00047401
-55.93333396	0.00059264
-55.90000063	0.00059529
-55.86666730	0.00055509
-55.83333396	0.00052522
-55.80000063	0.00062196
-55.76666729	0.00065369
-55.73333396	0.00051660
-55.70000063	0.00048318
-55.66666729	0.00059039
-55.63333396	0.00055286
-55.60000063	0.00061423
-55.56666729	0.00073984
-55.53333396	0.00057883
-55.50000063	0.00069014
-55.46666729	0.00068570
-55.43333396	0.00068903
-55.40000062	0.00071407
-55.36666729	0.00066264
-55.33333396	0.00070007
-55.30000062	0.00076079
-55.26666729	0.00066584
-55.23333396	0.00070485
-55.20000062	0.00069730
-55.16666729	0.00075103
-55.13333396	0.00071466
-55.10000062	0.00074103
-55.06666729	0.00078126
-55.03333395	0.00070245
-55.00000062	0.00072124
-54.96666729	0.00078383
-54.93333395	0.00075882
-54.90000062	0.00077119
-54.86666729	0.00069829
-54.83333395	0.00072840
-54.80000062	0.00078074
-54.76666729	0.00066309
-54.73333395	0.00075432
-54.70000062	0.00069339
-54.66666728	0.00079986
-54.63333395	0.00081535
-54.60000062	0.00083657
-54.56666728	0.00084227
-54.53333395	0.00089310
-54.50000062	0.00089034
-54.46666728	0.00079535
-54.43333395	0.00081643
-54.40000062	0.00089004
-54.36666728	0.00098071
-54.33333395	0.00096031
-54.30000061	0.00106468
-54.26666728	0.00111993
-54.23333395	0.00111017
-54.20000061	0.00114660
-54.16666728	0.00122607
-54.13333395	0.00113160
-54.10000061	0.00121763
-54.06666728	0.00126421
-54.03333395	0.00120412
-54.00000061	0.00133092
-53.96666728	0.00132106
-53.93333394	0.00135032
-53.90000061	0.00144500
-53.86666728	0.00140638
-53.83333394	0.00134109
-53.80000061	0.00144330
-53.76666728	0.00145939
-53.73333394	0.00145837
-53.70000061	0.00145170
-53.66666728	0.00150360
-53.63333394	0.00148326
-53.60000061	0.00147657
-53.56666727	0.00148661
-53.53333394	0.00151100
-53.50000061	0.00157045
-53.46666727	0.00167808
-53.43333394	0.00160752
-53.40000061	0.00163956
-53.36666727	0.00167661
-53.33333394	0.00179756
-53.30000061	0.00179750
-53.26666727	0.00189081
-53.23333394	0.00186831
-53.20000060	0.00195731
-53.16666727	0.00199159
-53.13333394	0.00206509
-53.10000060	0.00201332
-53.06666727	0.00207666
-53.03333394	0.00216944
-53.00000060	0.00211029
-52.96666727	0.00227797
-52.93333394	0.00228975
-52.90000060	0.00234015
-52.86666727	0.00252575
-52.83333394	0.00249997
-52.80000060	0.00253154
-52.76666727	0.00270806
-52.73333393	0.00270530
-52.70000060	0.00286946
-52.66666727	0.00296043
-52.63333393	0.00297420
-52.60000060	0.00307528
-52.56666727	0.00316342
-52.53333393	0.00315818
-52.50000060	0.00320482
-52.46666727	0.00326267
-52.43333393	0.00324987
-52.40000060	0.00331132
-52.36666726	0.00333971
-52.33333393	0.00328906
-52.30000060	0.00333416
-52.26666726	0.00330554
-52.23333393	0.00323741
-52.20000060	0.00318831
-52.16666726	0.00303061
-52.13333393	0.00296651
-52.10000060	0.00269912
-52.06666726	0.00267466
-52.03333393	0.00251099
-52.00000059	0.00242231
-51.96666726	0.00214006
-51.93333393	0.00202835
-51.90000059	0.00165312
-51.86666726	0.00170394
-51.83333393	0.00140380
-51.80000059	0.00113765
-51.76666726	0.00099658
-51.73333393	0.00072140
-51.70000059	0.00045371
-51.66666726	0.00029840
-51.63333392	0.00005719
-51.60000059	-0.00005416
-51.56666726	-0.00024934
-51.53333392	-0.00045315
-51.50000059	-0.00055035
-51.46666726	-0.00063355
-51.43333392	-0.00080152
-51.40000059	-0.00086501
-51.36666726	-0.00087263
-51.33333392	-0.00084500
-51.30000059	-0.00071720
-51.26666725	-0.00069256
-51.23333392	-0.00070574
-51.20000059	-0.00051282
-51.16666725	-0.00053516
-51.13333392	-0.00025944
-51.10000059	-0.00024775
-51.06666725	0.00006799
-51.03333392	0.00021110
-51.00000059	0.00041339
-50.96666725	0.00069211
-50.93333392	0.00091040
-50.90000058	0.00109748
-50.86666725	0.00133160
-50.83333392	0.00155983
-50.80000058	0.00185383
-50.76666725	0.00215650
-50.73333392	0.00227414
-50.70000058	0.00258491
-50.66666725	0.00273678
-50.63333392	0.00301868
-50.60000058	0.00316383
-50.56666725	0.00332296
-50.53333391	0.00343958
-50.50000058	0.00355698
-50.46666725	0.00379430
-50.43333391	0.00394797
-50.40000058	0.00393939
-50.36666725	0.00405697
-50.33333391	0.00424651
-50.30000058	0.00440775
-50.26666725	0.00432433
-50.23333391	0.00447350
-50.20000058	0.00458551
-50.16666724	0.00477550
-50.13333391	0.00478874
-50.10000058	0.00487205
-50.06666724	0.00500084
-50.03333391	0.00503020
-50.00000058	0.00509378
-49.96666724	0.00520172
-49.93333391	0.00525956
-49.90000058	0.00543050
-49.86666724	0.00535468
-49.83333391	0.00546625
-49.80000057	0.00555508
-49.76666724	0.00553170
-49.73333391	0.00557174
-49.70000057	0.00550336
-49.66666724	0.00554275
-49.63333391	0.00559777
-49.60000057	0.00575469
-49.56666724	0.00571845
-49.53333391	0.00576637
-49.50000057	0.00579140
-49.46666724	0.00583733
-49.43333390	0.00574428
-49.40000057	0.00576601
-49.36666724	0.00583785
-49.33333390	0.00583881
-49.30000057	0.00583842
-49.26666724	0.00579498
-49.23333390	0.00577148
-49.20000057	0.00580729
-49.16666724	0.00575113
-49.13333390	0.00583432
-49.10000057	0.00576222
-49.06666723	0.00578129
-49.03333390	0.00577267
-49.00000057	0.00565849
-48.96666723	0.00570070
-48.93333390	0.00564935
-48.90000057	0.00549125
-48.86666723	0.00552583
-48.83333390	0.00557917
-48.80000057	0.00547878
-48.76666723	0.00547856
-48.73333390	0.00543661
-48.70000057	0.00530355
-48.66666723	0.00529032
-48.63333390	0.00532191
-48.60000056	0.00530970
-48.56666723	0.00524344
-48.53333390	0.00525441
-48.50000056	0.00528214
-48.46666723	0.00512162
-48.43333390	0.00517411
-48.40000056	0.00523737
-48.36666723	0.00502031
-48.33333390	0.00516159
-48.30000056	0.00508775
-48.26666723	0.00512132
-48.23333389	0.00522913
-48.20000056	0.00517561
-48.16666723	0.00515704
-48.13333389	0.00523671
-48.10000056	0.00526116
-48.06666723	0.00517322
-48.03333389	0.00523045
-48.00000056	0.00525828
-47.96666723	0.00514430
-47.93333389	0.00530314
-47.90000056	0.00533887
-47.86666722	0.00530322
-47.83333389	0.00527872
-47.80000056	0.00528361
-47.76666722	0.00522544
-47.73333389	0.00518363
-47.70000056	0.00509257
-47.66666722	0.00498100
-47.63333389	0.00489949
-47.60000056	0.00456730
-47.56666722	0.00449641
-47.53333389	0.00418906
-47.50000055	0.00390023
-47.46666722	0.00358863
-47.43333389	0.00337170
-47.40000055	0.00304956
-47.36666722	0.00273594
-47.33333389	0.00234537
-47.30000055	0.00197060
-47.26666722	0.00150535
-47.23333389	0.00100247
-47.20000055	0.00057449
-47.16666722	0.00019115
-47.13333388	-0.00026886
-47.10000055	-0.00071488
-47.06666722	-0.00117592
-47.03333388	-0.00159329
-47.00000055	-0.00199335
-46.96666722	-0.00226050
-46.93333388	-0.00252667
-46.90000055	-0.00272129
-46.86666722	-0.00304761
-46.83333388	-0.00323131
-46.80000055	-0.00340439
-46.76666721	-0.00352245
-46.73333388	-0.00347773
-46.70000055	-0.00357770
-46.66666721	-0.00366627
-46.63333388	-0.00359724
-46.60000055	-0.00356275
-46.56666721	-0.00351918
-46.53333388	-0.00320215
-46.50000055	-0.00305334
-46.46666721	-0.00291184
-46.43333388	-0.00264018
-46.40000054	-0.00235543
-46.36666721	-0.00208664
-46.33333388	-0.00174386
-46.30000054	-0.00121763
-46.26666721	-0.00082837
-46.23333388	-0.00044667
-46.20000054	0.00002385
-46.16666721	0.00044037
-46.13333388	0.00103353
-46.10000054	0.00155311
-46.06666721	0.00213662
-46.03333387	0.00279695
-46.00000054	0.00366765
-45.96666721	0.00446934
-45.93333387	0.00533573
-45.90000054	0.00625140
-45.86666721	0.00733868
-45.83333387	0.00829582
-45.80000054	0.00956264
-45.76666721	0.01091786
-45.73333387	0.01235680
-45.70000054	0.01378417
-45.66666720	0.01575768
-45.63333387	0.01748270
-45.60000054	0.01948588
-45.56666720	0.02151853
-45.53333387	0.02386039
-45.50000054	0.02625835
-45.46666720	0.02896605
-45.43333387	0.03183360
-45.40000054	0.03468035
-45.36666720	0.03802084
-45.33333387	0.04141363
-45.30000053	0.04497118
-45.26666720	0.04873554
-45.23333387	0.05267569
-45.20000053	0.05697724
-45.16666720	0.06125834
-45.13333387	0.06561385
-45.10000053	0.07042197
-45.06666720	0.07507548
-45.03333387	0.07981735
-45.00000053	0.08474366
-44.96666720	0.08960949
-44.93333386	0.09429433
-44.90000053	0.09891587
-44.86666720	0.10319146
-44.83333386	0.10701862
-44.80000053	0.11031915
-44.76666720	0.11280784
-44.73333386	0.11452483
-44.70000053	0.11485032
-44.66666720	0.11397850
-44.63333386	0.11133737
-44.60000053	0.10699255
-44.56666720	0.10059058
-44.53333386	0.09191737
-44.50000053	0.08067137
-44.46666719	0.06704714
-44.43333386	0.05082346
-44.40000053	0.03178749
-44.36666719	0.01012070
-44.33333386	-0.01385088
-44.30000053	-0.04022020
-44.26666719	-0.06865570
-44.23333386	-0.09863812
-44.20000053	-0.12984470
-44.16666719	-0.16184662
-44.13333386	-0.19416652
-44.10000052	-0.22606453
-44.06666719	-0.25704055
-44.03333386	-0.28651501
-44.00000052	-0.31417078
-43.96666719	-0.33907902
-43.93333386	-0.36101381
-43.90000052	-0.37940867
-43.86666719	-0.39394826
-43.83333386	-0.40454178
-43.80000052	-0.41090074
-43.76666719	-0.41282882
-43.73333385	-0.41060565
-43.70000052	-0.40409350
-43.66666719	-0.39361369
-43.63333385	-0.37949536
-43.60000052	-0.36181495
-43.56666719	-0.34107080
-43.53333385	-0.31782134
-43.50000052	-0.29232977
-43.46666719	-0.26507411
-43.43333385	-0.23656813
-43.40000052	-0.20731544
-43.36666718	-0.17754743
-43.33333385	-0.14790082
-43.30000052	-0.11875257
-43.26666718	-0.09006508
-43.23333385	-0.06252046
-43.20000052	-0.03622415
-43.16666718	-0.01147183
-43.13333385	0.01155735
-43.10000052	0.03294105
-43.06666718	0.05238247
-43.03333385	0.06982490
-43.00000051	0.08535190
-42.96666718	0.09894402
-42.93333385	0.11081324
-42.90000051	0.12079255
-42.86666718	0.12929281
-42.83333385	0.13607456
-42.80000051	0.14156240
-42.76666718	0.14578635
-42.73333385	0.14894076
-42.70000051	0.15111030
-42.66666718	0.15269929
-42.63333384	0.15354233
-42.60000051	0.15385926
-42.56666718	0.15389153
-42.53333384	0.15363044
-42.50000051	0.15316857
-42.46666718	0.15255353
-42.43333384	0.15200529
-42.40000051	0.15139209
-42.36666718	0.15075294
-42.33333384	0.15008492
-42.30000051	0.14934853
-42.26666717	0.14867034
-42.23333384	0.14802375
-42.20000051	0.14713026
-42.16666717	0.14627700
-42.13333384	0.14523931
-42.10000051	0.14423887
-42.06666717	0.14302814
-42.03333384	0.14150575
-42.00000051	0.13987663
-41.96666717	0.13817914
-41.93333384	0.13642288
-41.90000050	0.13429030
-41.86666717	0.13207820
-41.83333384	0.12982178
-41.80000050	0.12719296
-41.76666717	0.12468172
-41.73333384	0.12191845
-41.70000050	0.11907316
-41.66666717	0.11602326
-41.63333384	0.11291595
-41.60000050	0.10944707
-41.56666717	0.10576233
-41.53333383	0.10178840
-41.50000050	0.09756276
-41.46666717	0.09308081
-41.43333383	0.08810052
-41.40000050	0.08282266
-41.36666717	0.07705337
-41.33333383	0.07093051
-41.30000050	0.06438092
-41.26666717	0.05749234
-41.23333383	0.05014962
-41.20000050	0.04256374
-41.16666716	0.03452060
-41.13333383	0.02630395
-41.10000050	0.01796709
-41.06666716	0.00949099
-41.03333383	0.00099900
-41.00000050	-0.00741033
-40.96666716	-0.01558286
-40.93333383	-0.02339652
-40.90000050	-0.03074389
-40.86666716	-0.03750252
-40.83333383	-0.04360646
-40.80000049	-0.04898769
-40.76666716	-0.05384381
-40.73333383	-0.05760122
-40.70000049	-0.06047723
-40.66666716	-0.06282786
-40.63333383	-0.06392192
-40.60000049	-0.06439441
-40.56666716	-0.06394683
-40.53333383	-0.06273318
-40.50000049	-0.06079296
-40.46666716	-0.05828725
-40.43333382	-0.05504456
-40.40000049	-0.05148970
-40.36666716	-0.04749112
-40.33333382	-0.04325320
-40.30000049	-0.03872589
-40.26666716	-0.03398096
-40.23333382	-0.02921647
-40.20000049	-0.02437931
-40.16666716	-0.01960256
-40.13333382	-0.01474492
-40.10000049	-0.00996469
-40.06666716	-0.00556938
-40.03333382	-0.00130480
-40.00000049	0.00270373
-39.96666715	0.00644191
-39.93333382	0.01003916
-39.90000049	0.01308552
-39.86666715	0.01600737
-39.83333382	0.01851333
-39.80000049	0.02072769
-39.76666715	0.02252944
-39.73333382	0.02390336
-39.70000049	0.02484329
-39.66666715	0.02573754
-39.63333382	0.02622617
-39.60000048	0.02630405
-39.56666715	0.02636169
-39.53333382	0.02600851
-39.50000048	0.02543866
-39.46666715	0.02475919
-39.43333382	0.02389977
-39.40000048	0.02299021
-39.36666715	0.02200866
-39.33333382	0.02108488
-39.30000048	0.02002074
-39.26666715	0.01910943
-39.23333381	0.01821928
-39.20000048	0.01743475
-39.16666715	0.01674155
-39.13333381	0.01608419
-39.10000048	0.01581832
-39.06666715	0.01561067
-39.03333381	0.01543638
-39.00000048	0.01538777
-38.96666715	0.01551701
-38.93333381	0.01561415
-38.90000048	0.01609839
-38.86666714	0.01647561
-38.83333381	0.01688271
-38.80000048	0.01729997
-38.76666714	0.01779958
-38.73333381	0.01829952
-38.70000048	0.01857540
-38.66666714	0.01893436
-38.63333381	0.01904614
-38.60000048	0.01910649
-38.56666714	0.01898238
-38.53333381	0.01871359
-38.50000047	0.01831380
-38.46666714	0.01756211
-38.43333381	0.01670128
-38.40000047	0.01549905
-38.36666714	0.01419223
-38.33333381	0.01258300
-38.30000047	0.01092090
-38.26666714	0.00892634
-38.23333381	0.00673290
-38.20000047	0.00446923
-38.16666714	0.00203490
-38.13333380	-0.00049353
-38.10000047	-0.00307904
-38.06666714	-0.00576446
-38.03333380	-0.00837957
-38.00000047	-0.01096574
-37.96666714	-0.01357882
-37.93333380	-0.01606520
-37.90000047	-0.01845940
-37.86666714	-0.02053394
-37.83333380	-0.02264710
-37.80000047	-0.02442750
-37.76666713	-0.02602799
-37.73333380	-0.02742114
-37.70000047	-0.02860932
-37.66666713	-0.02952024
-37.63333380	-0.03018328
-37.60000047	-0.03080410
-37.56666713	-0.03101963
-37.53333380	-0.03099609
-37.50000047	-0.03081298
-37.46666713	-0.03044162
-37.43333380	-0.02981113
-37.40000046	-0.02898439
-37.36666713	-0.02804535
-37.33333380	-0.02695633
-37.30000046	-0.02563056
-37.26666713	-0.02398895
-37.23333380	-0.02251232
-37.20000046	-0.02078023
-37.16666713	-0.01893717
-37.13333380	-0.01698948
-37.10000046	-0.01504711
-37.06666713	-0.01302797
-37.03333379	-0.01097361
-37.00000046	-0.00907892
-36.96666713	-0.00700632
-36.93333379	-0.00508989
-36.90000046	-0.00312421
-36.86666713	-0.00143718
-36.83333379	0.00030665
-36.80000046	0.00183051
-36.76666713	0.00325071
-36.73333379	0.00437236
-36.70000046	0.00528513
-36.66666712	0.00613815
-36.63333379	0.00675098
-36.60000046	0.00705951
-36.56666712	0.00736637
-36.53333379	0.00731214
-36.50000046	0.00727164
-36.46666712	0.00698654
-36.43333379	0.00638159
-36.40000046	0.00584289
-36.36666712	0.00506856
-36.33333379	0.00427045
-36.30000045	0.00327157
-36.26666712	0.00224357
-36.23333379	0.00109522
-36.20000045	0.00004607
-36.16666712	-0.00113260
-36.13333379	-0.00229686
-36.10000045	-0.00351581
-36.06666712	-0.00461535
-36.03333379	-0.00571927
-36.00000045	-0.00671789
-35.96666712	-0.00776764
-35.93333379	-0.00860834
-35.90000045	-0.00940573
-35.86666712	-0.01018897
-35.83333378	-0.01092650
-35.80000045	-0.01154004
-35.76666712	-0.01214415
-35.73333378	-0.01271574
-35.70000045	-0.01329626
-35.66666712	-0.01373194
-35.63333378	-0.01405407
-35.60000045	-0.01423227
-35.56666712	-0.01446361
-35.53333378	-0.01472586
-35.50000045	-0.01478983
-35.46666711	-0.01477570
-35.43333378	-0.01474340
-35.40000045	-0.01457072
-35.36666711	-0.01431378
-35.33333378	-0.01395055
-35.30000045	-0.01335755
-35.26666711	-0.01270548
-35.23333378	-0.01188994
-35.20000045	-0.01084099
-35.16666711	-0.00984932
-35.13333378	-0.00860188
-35.10000044	-0.00713678
-35.06666711	-0.00569667
-35.03333378	-0.00402011
-35.00000044	-0.00239074
-34.96666711	-0.00068205
-34.93333378	0.00093188
-34.90000044	0.00258865
-34.86666711	0.00421703
-34.83333378	0.00577669
-34.80000044	0.00726107
-34.76666711	0.00839131
-34.73333377	0.00954642
-34.70000044	0.01037846
-34.66666711	0.01103098
-34.63333377	0.01156229
-34.60000044	0.01166183
-34.56666711	0.01177757
-34.53333377	0.01159757
-34.50000044	0.01117343
-34.46666711	0.01061913
-34.43333377	0.00971471
-34.40000044	0.00869468
-34.36666710	0.00771226
-34.33333377	0.00653422
-34.30000044	0.00528503
-34.26666710	0.00403044
-34.23333377	0.00273509
-34.20000044	0.00137435
-34.16666710	0.00010081
-34.13333377	-0.00117838
-34.10000044	-0.00259071
-34.06666710	-0.00383222
-34.03333377	-0.00512196
-34.00000043	-0.00632964
-33.96666710	-0.00724893
-33.93333377	-0.00821134
-33.90000043	-0.00903518
-33.86666710	-0.00980085
-33.83333377	-0.01050108
-33.80000043	-0.01112489
-33.76666710	-0.01150176
-33.73333377	-0.01192942
-33.70000043	-0.01227363
-33.66666710	-0.01232583
-33.63333376	-0.01248739
-33.60000043	-0.01246524
-33.56666710	-0.01241533
-33.53333376	-0.01214348
-33.50000043	-0.01194506
-33.46666710	-0.01158211
-33.43333376	-0.01107352
-33.40000043	-0.01043169
-33.36666710	-0.00996313
-33.33333376	-0.00927309
-33.30000043	-0.00863879
-33.26666709	-0.00797251
-33.23333376	-0.00723757
-33.20000043	-0.00647545
-33.16666709	-0.00581373
-33.13333376	-0.00510131
-33.10000043	-0.00454815
-33.06666709	-0.00399441
-33.03333376	-0.00344110
-33.00000043	-0.00295178
-32.96666709	-0.00264959
-32.93333376	-0.00240729
-32.90000042	-0.00219676
-32.86666709	-0.00236206
-32.83333376	-0.00228503
-32.80000042	-0.00264506
-32.76666709	-0.00304966
-32.73333376	-0.00349887
-32.70000042	-0.00395929
-32.66666709	-0.00465969
-32.63333376	-0.00546868
-32.60000042	-0.00614454
-32.56666709	-0.00704934
-32.53333375	-0.00778059
-32.50000042	-0.00869263
-32.46666709	-0.00953342
-32.43333375	-0.01027718
-32.40000042	-0.01094736
-32.36666709	-0.01149110
-32.33333375	-0.01188748
-32.30000042	-0.01228845
-32.26666709	-0.01247755
-32.23333375	-0.01251774
-32.20000042	-0.01246024
-32.16666708	-0.01228161
-32.13333375	-0.01205051
-32.10000042	-0.01171381
-32.06666708	-0.01116541
-32.03333375	-0.01079531
-32.00000042	-0.01035924
-31.96666708	-0.00984845
-31.93333375	-0.00941284
-31.90000042	-0.00903727
-31.86666708	-0.00871904
-31.83333375	-0.00854531
-31.80000042	-0.00829395
-31.76666708	-0.00807230
-31.73333375	-0.00819284
-31.70000041	-0.00816695
-31.66666708	-0.00828260
-31.63333375	-0.00827577
-31.60000041	-0.00837144
-31.56666708	-0.00845188
-31.53333375	-0.00848342
-31.50000041	-0.00842468
-31.46666708	-0.00847842
-31.43333375	-0.00848580
-31.40000041	-0.00841369
-31.36666708	-0.00830938
-31.33333374	-0.00807915
-31.30000041	-0.00777243
-31.26666708	-0.00759133
-31.23333374	-0.00719473
-31.20000041	-0.00696895
-31.16666708	-0.00669928
-31.13333374	-0.00629666
-31.10000041	-0.00606005
-31.06666708	-0.00578101
-31.03333374	-0.00551475
-31.00000041	-0.00541380
-30.96666707	-0.00512460
-30.93333374	-0.00509137
-30.90000041	-0.00499079
-30.86666707	-0.00495058
-30.83333374	-0.00483843
-30.80000041	-0.00476566
-30.76666707	-0.00467106
-30.73333374	-0.00448082
-30.70000041	-0.00435242
-30.66666707	-0.00429042
-30.63333374	-0.00408702
-30.60000040	-0.00383274
-30.56666707	-0.00329156
-30.53333374	-0.00292205
-30.50000040	-0.00236982
-30.46666707	-0.00185233
-30.43333374	-0.00120148
-30.40000040	-0.00054776
-30.36666707	0.00017551
-30.33333374	0.00082123
-30.30000040	0.00165516
-30.26666707	0.00231661
-30.23333373	0.00314732
-30.20000040	0.00372856
-30.16666707	0.00436730
-30.13333373	0.00496177
-30.10000040	0.00547212
-30.06666707	0.00586248
-30.03333373	0.00629835
-30.00000040	0.00679831
-29.96666707	0.00719799
-29.93333373	0.00753393
-29.90000040	0.00783216
-29.86666706	0.00818617
-29.83333373	0.00850417
-29.80000040	0.00896116
-29.76666706	0.00928737
-29.73333373	0.00963177
-29.70000040	0.01010527
-29.66666706	0.01051816
-29.63333373	0.01102942
-29.60000040	0.01135329
-29.56666706	0.01168399
-29.53333373	0.01208147
-29.50000039	0.01238615
-29.46666706	0.01252704
-29.43333373	0.01261095
-29.40000039	0.01264761
-29.36666706	0.01234675
-29.33333373	0.01216676
-29.30000039	0.01183321
-29.26666706	0.01123704
-29.23333373	0.01054963
-29.20000039	0.00977712
-29.16666706	0.00879984
-29.13333372	0.00766027
-29.10000039	0.00648412
-29.06666706	0.00534269
-29.03333372	0.00406461
-29.00000039	0.00267352
-28.96666706	0.00138300
-28.93333372	0.00001430
-28.90000039	-0.00117787
-28.86666706	-0.00222554
-28.83333372	-0.00329709
-28.80000039	-0.00417499
-28.76666705	-0.00487511
-28.73333372	-0.00552481
-28.70000039	-0.00592091
-28.66666705	-0.00636365
-28.63333372	-0.00641589
-28.60000039	-0.00666032
-28.56666705	-0.00659981
-28.53333372	-0.00651283
-28.50000039	-0.00637382
-28.46666705	-0.00598736
-28.43333372	-0.00582782
-28.40000038	-0.00542283
-28.36666705	-0.00519948
-28.33333372	-0.00492602
-28.30000038	-0.00461846
-28.26666705	-0.00417854
-28.23333372	-0.00383777
-28.20000038	-0.00357193
-28.16666705	-0.00304553
-28.13333372	-0.00262836
-28.10000038	-0.00213060
-28.06666705	-0.00165944
-28.03333371	-0.00101127
-28.00000038	-0.00038720
-27.96666705	0.00025954
-27.93333371	0.00099821
-27.90000038	0.00180046
-27.86666705	0.00251146
-27.83333371	0.00336841
-27.80000038	0.00407756
-27.76666705	0.00477566
-27.73333371	0.00529973
-27.70000038	0.00591652
-27.66666705	0.00621925
-27.63333371	0.00655444
-27.60000038	0.00662174
-27.56666704	0.00648852
-27.53333371	0.00627451
-27.50000038	0.00604739
-27.46666704	0.00539510
-27.43333371	0.00472354
-27.40000038	0.00396500
-27.36666704	0.00304718
-27.33333371	0.00220258
-27.30000038	0.00129242
-27.26666704	0.00038702
-27.23333371	-0.00061927
-27.20000037	-0.00143275
-27.16666704	-0.00225923
-27.13333371	-0.00286050
-27.10000037	-0.00341845
-27.06666704	-0.00385056
-27.03333371	-0.00414779
-27.00000037	-0.00429839
-26.96666704	-0.00439011
-26.93333371	-0.00433416
-26.90000037	-0.00402316
-26.86666704	-0.00392616
-26.83333370	-0.00357474
-26.80000037	-0.00321427
-26.76666704	-0.00263485
-26.73333370	-0.00222354
-26.70000037	-0.00181542
-26.66666704	-0.00142784
-26.63333370	-0.00102951
-26.60000037	-0.00084710
-26.56666704	-0.00048005
-26.53333370	-0.00030212
-26.50000037	-0.00008428
-26.46666703	-0.00003057
-26.43333370	-0.00002361
-26.40000037	0.00007512
-26.36666703	-0.00001768
-26.33333370	-0.00004222
-26.30000037	-0.00007948
-26.26666703	-0.00013067
-26.23333370	-0.00013764
-26.20000037	-0.00006484
-26.16666703	-0.00020758
-26.13333370	-0.00018544
-26.10000036	0.00001726
-26.06666703	0.00002257
-26.03333370	0.00010722
-26.00000036	0.00021050
-25.96666703	0.00041328
-25.93333370	0.00040903
-25.90000036	0.00045155
-25.86666703	0.00062002
-25.83333370	0.00043217
-25.80000036	0.00037174
-25.76666703	0.00025670
-25.73333369	0.00003086
-25.70000036	-0.00026258
-25.66666703	-0.00064715
-25.63333369	-0.00109059
-25.60000036	-0.00170150
-25.56666703	-0.00221004
-25.53333369	-0.00292168
-25.50000036	-0.00344473
-25.46666703	-0.00419097
-25.43333369	-0.00487332
-25.40000036	-0.00550888
-25.36666702	-0.00621800
-25.33333369	-0.00685151
-25.30000036	-0.00742348
-25.26666702	-0.00807440
-25.23333369	-0.00846654
-25.20000036	-0.00878996
-25.16666702	-0.00916624
-25.13333369	-0.00952767
-25.10000036	-0.00980021
-25.06666702	-0.00991013
-25.03333369	-0.00991912
-25.00000035	-0.01010602
-24.96666702	-0.01003463
-24.93333369	-0.00996636
-24.90000035	-0.00982696
-24.86666702	-0.00983463
-24.83333369	-0.00974909
-24.80000035	-0.00959176
-24.76666702	-0.00932101
-24.73333369	-0.00922078
-24.70000035	-0.00899476
-24.66666702	-0.00881124
-24.63333368	-0.00855925
-24.60000035	-0.00817047
-24.56666702	-0.00775562
-24.53333368	-0.00738535
-24.50000035	-0.00704747
-24.46666702	-0.00650402
-24.43333368	-0.00590955
-24.40000035	-0.00530251
-24.36666702	-0.00478729
-24.33333368	-0.00411765
-24.30000035	-0.00344725
-24.26666701	-0.00286936
-24.23333368	-0.00228116
-24.20000035	-0.00171047
-24.16666701	-0.00109891
-24.13333368	-0.00059724
-24.10000035	-0.00018599
-24.06666701	0.00012202
-24.03333368	0.00042408
-24.00000035	0.00042632
-23.96666701	0.00050240
-23.93333368	0.00045492
-23.90000034	0.00014986
-23.86666701	-0.00009733
-23.83333368	-0.00044231
-23.80000034	-0.00088491
-23.76666701	-0.00136971
-23.73333368	-0.00183268
-23.70000034	-0.00243775
-23.66666701	-0.00306112
-23.63333368	-0.00371036
-23.60000034	-0.00432265
-23.56666701	-0.00500943
-23.53333368	-0.00568549
-23.50000034	-0.00623282
-23.46666701	-0.00679414
-23.43333367	-0.00736147
-23.40000034	-0.00794827
-23.36666701	-0.00834626
-23.33333367	-0.00865002
-23.30000034	-0.00890719
-23.26666701	-0.00910852
-23.23333367	-0.00925695
-23.20000034	-0.00941240
-23.16666701	-0.00938161
-23.13333367	-0.00946678
-23.10000034	-0.00929431
-23.06666700	-0.00918362
-23.03333367	-0.00889106
-23.00000034	-0.00863248
-22.96666700	-0.00814839
-22.93333367	-0.00776124
-22.90000034	-0.00728022
-22.86666700	-0.00674696
-22.83333367	-0.00630213
-22.80000034	-0.00569306
-22.76666700	-0.00507071
-22.73333367	-0.00454270
-22.70000033	-0.00396429
-22.66666700	-0.00343002
-22.63333367	-0.00295910
-22.60000033	-0.00261123
-22.56666700	-0.00219609
-22.53333367	-0.00183747
-22.50000033	-0.00168728
-22.46666700	-0.00154458
-22.43333367	-0.00149444
-22.40000033	-0.00154110
-22.36666700	-0.00164550
-22.33333366	-0.00165641
-22.30000033	-0.00189419
-22.26666700	-0.00220615
-22.23333366	-0.00258980
-22.20000033	-0.00290347
-22.16666700	-0.00344095
-22.13333366	-0.00392283
-22.10000033	-0.00434749
-22.06666700	-0.00477347
-22.03333366	-0.00531191
-22.00000033	-0.00585926
-21.96666699	-0.00637976
-21.93333366	-0.00688010
-21.90000033	-0.00732502
-21.86666699	-0.00783070
-21.83333366	-0.00805168
-21.80000033	-0.00851133
-21.76666699	-0.00884232
-21.73333366	-0.00893841
-21.70000033	-0.00915481
-21.66666699	-0.00932232
-21.63333366	-0.00931679
-21.60000032	-0.00935801
-21.56666699	-0.00933168
-21.53333366	-0.00928519
-21.50000032	-0.00931228
-21.46666699	-0.00911177
-21.43333366	-0.00898769
-21.40000032	-0.00889461
-21.36666699	-0.00858703
-21.33333366	-0.00842836
-21.30000032	-0.00809901
-21.26666699	-0.00770249
-21.23333365	-0.00748514
-21.20000032	-0.00734625
-21.16666699	-0.00705743
-21.13333365	-0.00662811
-21.10000032	-0.00626199
-21.06666699	-0.00590776
-21.03333365	-0.00573440
-21.00000032	-0.00526980
-20.96666699	-0.00498459
-20.93333365	-0.00465133
-20.90000032	-0.00441307
-20.86666698	-0.00420015
-20.83333365	-0.00388188
-20.80000032	-0.00354442
-20.76666698	-0.00327047
-20.73333365	-0.00304067
-20.70000032	-0.00288158
-20.66666698	-0.00284146
-20.63333365	-0.00274447
-20.60000032	-0.00275461
-20.56666698	-0.00260850
-20.53333365	-0.00267659
-20.50000031	-0.00269221
-20.46666698	-0.00283499
-20.43333365	-0.00287970
-20.40000031	-0.00298167
-20.36666698	-0.00310137
-20.33333365	-0.00334438
-20.30000031	-0.00344360
-20.26666698	-0.00349063
-20.23333365	-0.00378456
-20.20000031	-0.00383675
-20.16666698	-0.00398429
-20.13333364	-0.00423860
-20.10000031	-0.00434612
-20.06666698	-0.00449509
-20.03333364	-0.00463801
-20.00000031	-0.00475229
-19.96666698	-0.00494131
-19.93333364	-0.00512890
-19.90000031	-0.00532565
-19.86666698	-0.00546703
-19.83333364	-0.00564066
-19.80000031	-0.00586237
-19.76666697	-0.00607157
-19.73333364	-0.00626819
-19.70000031	-0.00649179
-19.66666697	-0.00664414
-19.63333364	-0.00674497
-19.60000031	-0.00679777
-19.56666697	-0.00693522
-19.53333364	-0.00700361
-19.50000031	-0.00688300
-19.46666697	-0.00688969
-19.43333364	-0.00671519
-19.40000031	-0.00654145
-19.36666697	-0.00626453
-19.33333364	-0.00593165
-19.30000030	-0.00560056
-19.26666697	-0.00515795
-19.23333364	-0.00458313
-19.20000030	-0.00397951
-19.16666697	-0.00345551
-19.13333364	-0.00296794
-19.10000030	-0.00243650
-19.06666697	-0.00186781
-19.03333364	-0.00133032
-19.00000030	-0.00096402
-18.96666697	-0.00032337
-18.93333363	0.00017407
-18.90000030	0.00052952
-18.86666697	0.00096731
-18.83333363	0.00133774
-18.80000030	0.00165479
-18.76666697	0.00198944
-18.73333363	0.00216875
-18.70000030	0.00236058
-18.66666697	0.00248574
-18.63333363	0.00260594
-18.60000030	0.00268877
-18.56666696	0.00259929
-18.53333363	0.00255966
-18.50000030	0.00254133
-18.46666696	0.00230846
-18.43333363	0.00219894
-18.40000030	0.00187532
-18.36666696	0.00165580
-18.33333363	0.00138028
-18.30000030	0.00105018
-18.26666696	0.00069649
-18.23333363	0.00026582
-18.20000029	-0.00023924
-18.16666696	-0.00061953
-18.13333363	-0.00092782
-18.10000029	-0.00125838
-18.06666696	-0.00155188
-18.03333363	-0.00183065
-18.00000029	-0.00203912
-17.96666696	-0.00211551
-17.93333363	-0.00214306
-17.90000029	-0.00207087
-17.86666696	-0.00187762
-17.83333362	-0.00174327
-17.80000029	-0.00143155
-17.76666696	-0.00106960
-17.73333362	-0.00052685
-17.70000029	0.00001859
-17.66666696	0.00071518
-17.63333362	0.00145791
-17.60000029	0.00222958
-17.56666696	0.00300956
-17.53333362	0.00386819
-17.50000029	0.00470979
-17.46666695	0.00548681
-17.43333362	0.00638030
-17.40000029	0.00710745
-17.36666695	0.00780248
-17.33333362	0.00846848
-17.30000029	0.00914954
-17.26666695	0.00966785
-17.23333362	0.01013695
-17.20000029	0.01056141
-17.16666695	0.01083292
-17.13333362	0.01105189
-17.10000028	0.01113295
-17.06666695	0.01129773
-17.03333362	0.01131301
-17.00000028	0.01121611
-16.96666695	0.01116697
-16.93333362	0.01105035
-16.90000028	0.01087310
-16.86666695	0.01067749
-16.83333362	0.01052779
-16.80000028	0.01029441
-16.76666695	0.00999276
-16.73333361	0.00975298
-16.70000028	0.00954051
-16.66666695	0.00922229
-16.63333361	0.00909823
-16.60000028	0.00873653
-16.56666695	0.00837717
-16.53333361	0.00821609
-16.50000028	0.00792572
-16.46666695	0.00744180
-16.43333361	0.00716630
-16.40000028	0.00688129
-16.36666694	0.00645426
-16.33333361	0.00609886
-16.30000028	0.00566290
-16.26666694	0.00541130
-16.23333361	0.00494571
-16.20000028	0.00465813
-16.16666694	0.00450012
-16.13333361	0.00424570
-16.10000028	0.00406416
-16.06666694	0.00404928
-16.03333361	0.00410222
-16.00000027	0.00415733
-15.96666694	0.00423557
-15.93333361	0.00444443
-15.90000027	0.00469957
-15.86666694	0.00497006
-15.83333361	0.00545427
-15.80000027	0.00590326
-15.76666694	0.00633151
-15.73333361	0.00666503
-15.70000027	0.00703369
-15.66666694	0.00747518
-15.63333360	0.00787118
-15.60000027	0.00817695
-15.56666694	0.00858110
-15.53333360	0.00880069
-15.50000027	0.00917450
-15.46666694	0.00909730
-15.43333360	0.00941417
-15.40000027	0.00940951
-15.36666694	0.00940068
-15.33333360	0.00930478
-15.30000027	0.00939432
-15.26666694	0.00935800
-15.23333360	0.00928183
-15.20000027	0.00913596
-15.16666693	0.00913419
-15.13333360	0.00918268
-15.10000027	0.00922529
-15.06666693	0.00905329
-15.03333360	0.00901072
-15.00000027	0.00911464
-14.96666693	0.00915160
-14.93333360	0.00909380
-14.90000027	0.00901994
-14.86666693	0.00895980
-14.83333360	0.00899690
-14.80000026	0.00879061
-14.76666693	0.00879991
-14.73333360	0.00854699
-14.70000026	0.00823588
-14.66666693	0.00806803
-14.63333360	0.00771288
-14.60000026	0.00734227
-14.56666693	0.00695072
-14.53333360	0.00648180
-14.50000026	0.00607596
-14.46666693	0.00557156
-14.43333359	0.00507791
-14.40000026	0.00463265
-14.36666693	0.00410117
-14.33333359	0.00376035
-14.30000026	0.00329078
-14.26666693	0.00279220
-14.23333359	0.00258095
-14.20000026	0.00244732
-14.16666693	0.00218556
-14.13333359	0.00207124
-14.10000026	0.00191961
-14.06666692	0.00188845
-14.03333359	0.00203099
-14.00000026	0.00214231
-13.96666692	0.00229100
-13.93333359	0.00262516
-13.90000026	0.00284620
-13.86666692	0.00311323
-13.83333359	0.00338159
-13.80000026	0.00388957
-13.76666692	0.00417527
-13.73333359	0.00454118
-13.70000025	0.00493522
-13.66666692	0.00534216
-13.63333359	0.00566500
-13.60000025	0.00608427
-13.56666692	0.00640226
-13.53333359	0.00666054
-13.50000025	0.00694187
-13.46666692	0.00717409
-13.43333359	0.00740001
-13.40000025	0.00740390
-13.36666692	0.00748313
-13.33333358	0.00751527
-13.30000025	0.00745028
-13.26666692	0.00735458
-13.23333358	0.00718873
-13.20000025	0.00697625
-13.16666692	0.00685147
-13.13333358	0.00668142
-13.10000025	0.00636449
-13.06666692	0.00610941
-13.03333358	0.00569548
-13.00000025	0.00522994
-12.96666691	0.00486964
-12.93333358	0.00447636
-12.90000025	0.00394805
-12.86666691	0.00365482
-12.83333358	0.00313891
-12.80000025	0.00279388
-12.76666691	0.00231600
-12.73333358	0.00199902
-12.70000025	0.00160416
-12.66666691	0.00130331
-12.63333358	0.00110481
-12.60000024	0.00100823
-12.56666691	0.00102549
-12.53333358	0.00090347
-12.50000024	0.00110652
-12.46666691	0.00132675
-12.43333358	0.00148885
-12.40000024	0.00171431
-12.36666691	0.00213675
-12.33333358	0.00257770
-12.30000024	0.00310291
-12.26666691	0.00363631
-12.23333357	0.00421837
-12.20000024	0.00490024
-12.16666691	0.00561170
-12.13333357	0.00626263
-12.10000024	0.00684498
-12.06666691	0.00754624
-12.03333357	0.00821554
-12.00000024	0.00883883
-11.96666691	0.00947275
-11.93333357	0.00999024
-11.90000024	0.01049567
-11.86666690	0.01099862
-11.83333357	0.01145902
-11.80000024	0.01174407
-11.76666690	0.01203834
-11.73333357	0.01239782
-11.70000024	0.01264822
-11.66666690	0.01278893
-11.63333357	0.01279719
-11.60000024	0.01272562
-11.56666690	0.01274195
-11.53333357	0.01249996
-11.50000023	0.01232524
-11.46666690	0.01204186
-11.43333357	0.01177664
-11.40000023	0.01140386
-11.36666690	0.01113983
-11.33333357	0.01067820
-11.30000023	0.01019388
-11.26666690	0.00975704
-11.23333357	0.00909572
-11.20000023	0.00864737
-11.16666690	0.00807638
-11.13333356	0.00755922
-11.10000023	0.00707490
-11.06666690	0.00651138
-11.03333356	0.00607024
-11.00000023	0.00559521
-10.96666690	0.00507554
-10.93333356	0.00469318
-10.90000023	0.00427336
-10.86666690	0.00398506
-10.83333356	0.00382196
-10.80000023	0.00350471
-10.76666690	0.00323348
-10.73333356	0.00308008
-10.70000023	0.00299533
-10.66666689	0.00275383
-10.63333356	0.00257049
-10.60000023	0.00244930
-10.56666689	0.00250114
-10.53333356	0.00247734
-10.50000023	0.00251512
-10.46666689	0.00254777
-10.43333356	0.00260825
-10.40000023	0.00277329
-10.36666689	0.00279623
-10.33333356	0.00293371
-10.30000022	0.00305149
-10.26666689	0.00339296
-10.23333356	0.00349121
-10.20000022	0.00379271
-10.16666689	0.00387312
-10.13333356	0.00420100
-10.10000022	0.00439270
-10.06666689	0.00447472
-10.03333356	0.00471900
-10.00000022	0.00496626
-9.96666689	0.00498103
-9.93333355	0.00518881
-9.90000022	0.00531749
-9.86666689	0.00545233
-9.83333355	0.00549955
-9.80000022	0.00567840
-9.76666689	0.00560338
-9.73333355	0.00558062
-9.70000022	0.00572586
-9.66666689	0.00574128
-9.63333355	0.00565265
-9.60000022	0.00561473
-9.56666688	0.00537011
-9.53333355	0.00519506
-9.50000022	0.00501074
-9.46666688	0.00478004
-9.43333355	0.00456029
-9.40000022	0.00424393
-9.36666688	0.00390045
-9.33333355	0.00336051
-9.30000022	0.00292863
-9.26666688	0.00250012
-9.23333355	0.00199840
-9.20000021	0.00127043
-9.16666688	0.00061951
-9.13333355	-0.00001568
-9.10000021	-0.00068515
-9.06666688	-0.00138968
-9.03333355	-0.00217781
-9.00000021	-0.00279750
-8.96666688	-0.00345512
-8.93333355	-0.00412557
-8.90000021	-0.00476548
-8.86666688	-0.00541769
-8.83333354	-0.00603991
-8.80000021	-0.00646264
-8.76666688	-0.00692966
-8.73333354	-0.00739502
-8.70000021	-0.00762678
-8.66666688	-0.00790217
-8.63333354	-0.00815660
-8.60000021	-0.00832090
-8.56666688	-0.00839431
-8.53333354	-0.00839961
-8.50000021	-0.00853584
-8.46666687	-0.00842611
-8.43333354	-0.00829689
-8.40000021	-0.00824217
-8.36666687	-0.00822558
-8.33333354	-0.00817319
-8.30000021	-0.00809548
-8.26666687	-0.00801767
-8.23333354	-0.00809282
-8.20000021	-0.00812680
-8.16666687	-0.00817590
-8.13333354	-0.00816368
-8.10000020	-0.00838893
-8.06666687	-0.00845727
-8.03333354	-0.00871701
-8.00000020	-0.00892621
-7.96666687	-0.00916728
-7.93333354	-0.00941254
-7.90000020	-0.00977718
-7.86666687	-0.01017824
-7.83333354	-0.01047212
-7.80000020	-0.01079286
-7.76666687	-0.01125856
-7.73333353	-0.01167324
-7.70000020	-0.01202751
-7.66666687	-0.01240235
-7.63333353	-0.01278765
-7.60000020	-0.01315771
-7.56666687	-0.01361351
-7.53333353	-0.01390900
-7.50000020	-0.01425150
-7.46666687	-0.01453101
-7.43333353	-0.01480607
-7.40000020	-0.01503595
-7.36666686	-0.01532679
-7.33333353	-0.01549980
-7.30000020	-0.01554643
-7.26666686	-0.01557034
-7.23333353	-0.01553256
-7.20000020	-0.01538638
-7.16666686	-0.01521282
-7.13333353	-0.01506118
-7.10000020	-0.01467056
-7.06666686	-0.01424825
-7.03333353	-0.01371540
-7.00000019	-0.01313116
-6.96666686	-0.01239895
-6.93333353	-0.01160806
-6.90000019	-0.01079735
-6.86666686	-0.00986746
-6.83333353	-0.00899771
-6.80000019	-0.00805292
-6.76666686	-0.00687225
-6.73333353	-0.00574613
-6.70000019	-0.00463816
-6.66666686	-0.00354264
-6.63333353	-0.00251228
-6.60000019	-0.00127738
-6.56666686	-0.00029625
-6.53333352	0.00079835
-6.50000019	0.00184135
-6.46666686	0.00283147
-6.43333352	0.00362822
-6.40000019	0.00451911
-6.36666686	0.00525061
-6.33333352	0.00579769
-6.30000019	0.00651216
-6.26666686	0.00706066
-6.23333352	0.00741979
-6.20000019	0.00785588
-6.16666685	0.00814074
-6.13333352	0.00837832
-6.10000019	0.00854030
-6.06666685	0.00881662
-6.03333352	0.00892972
-6.00000019	0.00905200
-5.96666685	0.00894492
-5.93333352	0.00902711
-5.90000019	0.00884416
-5.86666685	0.00875197
-5.83333352	0.00848668
-5.80000018	0.00832899
-5.76666685	0.00815773
-5.73333352	0.00786328
-5.70000018	0.00757926
-5.66666685	0.00719441
-5.63333352	0.00677361
-5.60000018	0.00639653
-5.56666685	0.00587291
-5.53333352	0.00529653
-5.50000018	0.00464685
-5.46666685	0.00391716
-5.43333351	0.00323777
-5.40000018	0.00233587
-5.36666685	0.00148466
-5.33333351	0.00056777
-5.30000018	-0.00042576
-5.26666685	-0.00141922
-5.23333351	-0.00247278
-5.20000018	-0.00358907
-5.16666685	-0.00472847
-5.13333351	-0.00596027
-5.10000018	-0.00709162
-5.06666684	-0.00832239
-5.03333351	-0.00942772
-5.00000018	-0.01085436
-4.96666684	-0.01196452
-4.93333351	-0.01312997
-4.90000018	-0.01429405
-4.86666684	-0.01547879
-4.83333351	-0.01665930
-4.80000018	-0.01780694
-4.76666684	-0.01890274
-4.73333351	-0.01999091
-4.70000017	-0.02101527
-4.66666684	-0.02202539
-4.63333351	-0.02300741
-4.60000017	-0.02403647
-4.56666684	-0.02503111
-4.53333351	-0.02594050
-4.50000017	-0.02678197
-4.46666684	-0.02774714
-4.43333351	-0.02868625
-4.40000017	-0.02947511
-4.36666684	-0.03036822
-4.33333350	-0.03127178
-4.30000017	-0.03205960
-4.26666684	-0.03283865
-4.23333350	-0.03355183
-4.20000017	-0.03450002
-4.16666684	-0.03514493
-4.13333350	-0.03587247
-4.10000017	-0.03643680
-4.06666684	-0.03707447
-4.03333350	-0.03765100
-4.00000017	-0.03819577
-3.96666683	-0.03879928
-3.93333350	-0.03917099
-3.90000017	-0.03964953
-3.86666683	-0.04005254
-3.83333350	-0.04022980
-3.80000017	-0.04041893
-3.76666683	-0.04051468
-3.73333350	-0.04062392
-3.70000017	-0.04068516
-3.66666683	-0.04059898
-3.63333350	-0.04053414
-3.60000016	-0.04035021
-3.56666683	-0.04012065
-3.53333350	-0.03983599
-3.50000016	-0.03954214
-3.46666683	-0.03921033
-3.43333350	-0.03876891
-3.40000016	-0.03822974
-3.36666683	-0.03769634
-3.33333350	-0.03702078
-3.30000016	-0.03626506
-3.26666683	-0.03541864
-3.23333349	-0.03451151
-3.20000016	-0.03353478
-3.16666683	-0.03235976
-3.13333349	-0.03100611
-3.10000016	-0.02983136
-3.06666683	-0.02839662
-3.03333349	-0.02705174
-3.00000016	-0.02539008
-2.96666683	-0.02387928
-2.93333349	-0.02222898
-2.90000016	-0.02054313
-2.86666682	-0.01889808
-2.83333349	-0.01715637
-2.80000016	-0.01535461
-2.76666682	-0.01365437
-2.73333349	-0.01188426
-2.70000016	-0.01015665
-2.66666682	-0.00843130
-2.63333349	-0.00680358
-2.60000016	-0.00529678
-2.56666682	-0.00380584
-2.53333349	-0.00220066
-2.50000016	-0.00076234
-2.46666682	0.00056664
-2.43333349	0.00194976
-2.40000015	0.00315588
-2.36666682	0.00438033
-2.33333349	0.00554142
-2.30000015	0.00676448
-2.26666682	0.00781446
-2.23333349	0.00880404
-2.20000015	0.00995724
-2.16666682	0.01098823
-2.13333349	0.01210814
-2.10000015	0.01299891
-2.06666682	0.01410885
-2.03333348	0.01504238
-2.00000015	0.01612260
-1.96666682	0.01708616
-1.93333348	0.01810186
-1.90000015	0.01914957
-1.86666682	0.02014326
-1.83333348	0.02099900
-1.80000015	0.02216157
-1.76666682	0.02294412
-1.73333348	0.02387022
-1.70000015	0.02484242
-1.66666681	0.02562490
-1.63333348	0.02660221
-1.60000015	0.02750358
-1.56666681	0.02832892
-1.53333348	0.02910111
-1.50000015	0.02983162
-1.46666681	0.03064598
-1.43333348	0.03138359
-1.40000015	0.03218016
-1.36666681	0.03276202
-1.33333348	0.03334310
-1.30000014	0.03411990
-1.26666681	0.03466932
-1.23333348	0.03518614
-1.20000014	0.03572027
-1.16666681	0.03616386
-1.13333348	0.03642869
-1.10000014	0.03679787
-1.06666681	0.03700200
-1.03333348	0.03718888
-1.00000014	0.03721816
-0.96666681	0.03719452
-0.93333347	0.03713017
-0.90000014	0.03688796
-0.86666681	0.03661485
-0.83333347	0.03626975
-0.80000014	0.03592002
-0.76666681	0.03539759
-0.73333347	0.03487250
-0.70000014	0.03424878
-0.66666681	0.03374696
-0.63333347	0.03310621
-0.60000014	0.03253775
-0.56666680	0.03182909
-0.53333347	0.03116735
-0.50000014	0.03051378
-0.46666680	0.02993876
-0.43333347	0.02938263
-0.40000014	0.02879443
-0.36666680	0.02830174
-0.33333347	0.02783685
-0.30000014	0.02723382
-0.26666680	0.02686580
-0.23333347	0.02639345
-0.20000013	0.02599908
-0.16666680	0.02558514
-0.13333347	0.02518569
-0.10000013	0.02488457
-0.06666680	0.02437188
-0.03333347	0.02398158
-0.00000013	0.02366269
0.03333320	0.02326398
0.06666653	0.02283802
0.09999987	0.02253961
0.13333320	0.02229655
0.16666654	0.02185659
0.19999987	0.02178205
0.23333320	0.02162543
0.26666654	0.02138870
0.29999987	0.02131808
0.33333320	0.02131313
0.36666654	0.02137593
0.39999987	0.02162724
0.43333320	0.02182478
0.46666654	0.02192709
0.49999987	0.02228021
0.53333321	0.02264006
0.56666654	0.02296521
0.59999987	0.02325295
0.63333321	0.02357575
0.66666654	0.02400310
0.69999987	0.02428348
0.73333321	0.02465519
0.76666654	0.02495713
0.79999987	0.02519147
0.83333321	0.02524317
0.86666654	0.02538204
0.89999988	0.02551366
0.93333321	0.02556510
0.96666654	0.02555647
0.99999988	0.02555166
1.03333321	0.02542464
1.06666654	0.02530002
1.09999988	0.02520592
1.13333321	0.02502181
1.16666654	0.02484927
1.19999988	0.02454442
1.23333321	0.02436869
1.26666655	0.02411960
1.29999988	0.02377866
1.33333321	0.02361262
1.36666655	0.02334099
1.39999988	0.02301667
1.43333321	0.02268611
1.46666655	0.02241500
1.49999988	0.02203607
1.53333321	0.02168858
1.56666655	0.02129614
1.59999988	0.02094030
1.63333321	0.02049020
1.66666655	0.02018274
1.69999988	0.01958735
1.73333322	0.01909448
1.76666655	0.01864638
1.79999988	0.01814340
1.83333322	0.01765230
1.86666655	0.01724293
1.89999988	0.01697893
1.93333322	0.01662185
1.96666655	0.01636131
1.99999988	0.01606119
2.03333322	0.01585540
2.06666655	0.01582766
2.09999989	0.01570369
2.13333322	0.01566710
2.16666655	0.01586263
2.19999989	0.01594116
2.23333322	0.01605643
2.26666655	0.01625236
2.29999989	0.01648262
2.33333322	0.01679767
2.36666655	0.01710926
2.39999989	0.01738276
2.43333322	0.01776599
2.46666656	0.01800213
2.49999989	0.01823883
2.53333322	0.01845692
2.56666656	0.01864697
2.59999989	0.01874086
2.63333322	0.01875544
2.66666656	0.01891297
2.69999989	0.01879198
2.73333322	0.01866608
2.76666656	0.01849849
2.79999989	0.01838979
2.83333323	0.01804623
2.86666656	0.01777507
2.89999989	0.01733696
2.93333323	0.01698302
2.96666656	0.01648012
2.99999989	0.01612386
3.03333323	0.01559052
3.06666656	0.01516608
3.09999989	0.01455086
3.13333323	0.01407996
3.16666656	0.01356089
3.19999990	0.01311762
3.23333323	0.01270615
3.26666656	0.01224501
3.29999990	0.01188768
3.33333323	0.01122138
3.36666656	0.01094231
3.39999990	0.01048741
3.43333323	0.01004799
3.46666656	0.00982650
3.49999990	0.00952613
3.53333323	0.00935663
3.56666657	0.00892697
3.59999990	0.00869553
3.63333323	0.00841601
3.66666657	0.00814400
3.69999990	0.00804337
3.73333323	0.00778812
3.76666657	0.00769460
3.79999990	0.00759381
3.83333323	0.00753602
3.86666657	0.00740310
3.89999990	0.00727859
3.93333324	0.00722926
3.96666657	0.00715906
3.99999990	0.00703018
4.03333324	0.00690699
4.06666657	0.00669045
4.09999990	0.00661214
4.13333324	0.00637248
4.16666657	0.00621608
4.19999990	0.00599060
4.23333324	0.00574160
4.26666657	0.00544403
4.29999991	0.00513461
4.33333324	0.00469470
4.36666657	0.00432876
4.39999991	0.00397601
4.43333324	0.00341304
4.46666657	0.00294459
4.49999991	0.00239754
4.53333324	0.00184081
4.56666657	0.00139866
4.59999991	0.00080586
4.63333324	0.00022368
4.66666658	-0.00042922
4.69999991	-0.00103082
4.73333324	-0.00171522
4.76666658	-0.00228902
4.79999991	-0.00285335
4.83333324	-0.00338473
4.86666658	-0.00394398
4.89999991	-0.00446945
4.93333324	-0.00501450
4.96666658	-0.00550758
4.99999991	-0.00587373
5.03333325	-0.00633862
5.06666658	-0.00663431
5.09999991	-0.00692843
5.13333325	-0.00714696
5.16666658	-0.00729403
5.19999991	-0.00735528
5.23333325	-0.00750313
5.26666658	-0.00749049
5.29999991	-0.00755808
5.33333325	-0.00753820
5.36666658	-0.00737404
5.39999992	-0.00715462
5.43333325	-0.00690476
5.46666658	-0.00675246
5.49999992	-0.00655738
5.53333325	-0.00636042
5.56666658	-0.00605945
5.59999992	-0.00588112
5.63333325	-0.00567011
5.66666658	-0.00545988
5.69999992	-0.00516472
5.73333325	-0.00509076
5.76666658	-0.00482150
5.79999992	-0.00471697
5.83333325	-0.00456253
5.86666659	-0.00453192
5.89999992	-0.00437525
5.93333325	-0.00433473
5.96666659	-0.00429479
5.99999992	-0.00413207
6.03333325	-0.00415672
6.06666659	-0.00415391
6.09999992	-0.00406677
6.13333325	-0.00416043
6.16666659	-0.00413490
6.19999992	-0.00410195
6.23333326	-0.00420542
6.26666659	-0.00429162
6.29999992	-0.00438757
6.33333326	-0.00456818
6.36666659	-0.00473778
6.39999992	-0.00486409
6.43333326	-0.00497715
6.46666659	-0.00518668
6.49999992	-0.00534757
6.53333326	-0.00549932
6.56666659	-0.00584289
6.59999993	-0.00590568
6.63333326	-0.00618614
6.66666659	-0.00649339
6.69999993	-0.00664697
6.73333326	-0.00682980
6.76666659	-0.00709646
6.79999993	-0.00720176
6.83333326	-0.00739651
6.86666659	-0.00746470
6.89999993	-0.00771105
6.93333326	-0.00767949
6.96666660	-0.00771310
6.99999993	-0.00773498
7.03333326	-0.00777758
7.06666660	-0.00778515
7.09999993	-0.00763147
7.13333326	-0.00770545
7.16666660	-0.00783971
7.19999993	-0.00778733
7.23333326	-0.00782629
7.26666660	-0.00774776
7.29999993	-0.00778449
7.33333327	-0.00779872
7.36666660	-0.00766890
7.39999993	-0.00776802
7.43333327	-0.00774437
7.46666660	-0.00772404
7.49999993	-0.00771769
7.53333327	-0.00782052
7.56666660	-0.00773557
7.59999993	-0.00771196
7.63333327	-0.00775880
7.66666660	-0.00769484
7.69999994	-0.00767319
7.73333327	-0.00769635
7.76666660	-0.00751346
7.79999994	-0.00747436
7.83333327	-0.00751360
7.86666660	-0.00745285
7.89999994	-0.00744553
7.93333327	-0.00739746
7.96666660	-0.00752072
7.99999994	-0.00758769
8.03333327	-0.00755039
8.06666661	-0.00760808
8.09999994	-0.00784947
8.13333327	-0.00790837
8.16666661	-0.00809986
8.19999994	-0.00835845
8.23333327	-0.00848750
8.26666661	-0.00886680
8.29999994	-0.00914695
8.33333327	-0.00948738
8.36666661	-0.00977032
8.39999994	-0.00991256
8.43333328	-0.01015232
8.46666661	-0.01036738
8.49999994	-0.01052811
8.53333328	-0.01067855
8.56666661	-0.01077032
8.59999994	-0.01082481
8.63333328	-0.01072150
8.66666661	-0.01054668
8.69999994	-0.01054405
8.73333328	-0.01036377
8.76666661	-0.01017166
8.79999995	-0.00991168
8.83333328	-0.00976592
8.86666661	-0.00953933
8.89999995	-0.00932943
8.93333328	-0.00900656
8.96666661	-0.00882868
8.99999995	-0.00857232
9.03333328	-0.00822780
9.06666661	-0.00803558
9.09999995	-0.00772369
9.13333328	-0.00764723
9.16666662	-0.00751618
9.19999995	-0.00733858
9.23333328	-0.00721668
9.26666662	-0.00713369
9.29999995	-0.00708094
9.33333328	-0.00689442
9.36666662	-0.00681274
9.39999995	-0.00667620
9.43333328	-0.00659605
9.46666662	-0.00646316
9.49999995	-0.00645970
9.53333329	-0.00635182
9.56666662	-0.00621320
9.59999995	-0.00609337
9.63333329	-0.00599412
9.66666662	-0.00590552
9.69999995	-0.00569130
9.73333329	-0.00561089
9.76666662	-0.00546213
9.79999995	-0.00536024
9.83333329	-0.00540094
9.86666662	-0.00522525
9.89999995	-0.00521495
9.93333329	-0.00518229
9.96666662	-0.00516829
9.99999996	-0.00517304
10.03333329	-0.00514202
10.06666662	-0.00513670
10.09999996	-0.00515131
10.13333329	-0.00520064
10.16666662	-0.00523510
10.19999996	-0.00524709
10.23333329	-0.00525522
10.26666662	-0.00527279
10.29999996	-0.00521843
10.33333329	-0.00515882
10.36666663	-0.00525333
10.39999996	-0.00518935
10.43333329	-0.00522557
10.46666663	-0.00509451
10.49999996	-0.00515753
10.53333329	-0.00518498
10.56666663	-0.00516658
10.59999996	-0.00509624
10.63333329	-0.00509137
10.66666663	-0.00506620
10.69999996	-0.00515521
10.73333330	-0.00516179
10.76666663	-0.00519526
10.79999996	-0.00522929
10.83333330	-0.00519583
10.86666663	-0.00525847
10.89999996	-0.00525548
10.93333330	-0.00528709
10.96666663	-0.00528497
10.99999996	-0.00532763
11.03333330	-0.00529526
11.06666663	-0.00529810
11.09999997	-0.00526094
11.13333330	-0.00524674
11.16666663	-0.00520185
11.19999997	-0.00510700
11.23333330	-0.00502866
11.26666663	-0.00483480
11.29999997	-0.00477109
11.33333330	-0.00457861
11.36666663	-0.00443521
11.39999997	-0.00421890
11.43333330	-0.00408363
11.46666664	-0.00385965
11.49999997	-0.00369160
11.53333330	-0.00345670
11.56666664	-0.00329322
11.59999997	-0.00310882
11.63333330	-0.00291007
11.66666664	-0.00274627
11.69999997	-0.00256295
11.73333330	-0.00241884
11.76666664	-0.00229244
11.79999997	-0.00216318
11.83333331	-0.00204563
11.86666664	-0.00194719
11.89999997	-0.00187084
11.93333331	-0.00182671
11.96666664	-0.00178957
11.99999997	-0.00174195
12.03333331	-0.00171158
12.06666664	-0.00165840
12.09999997	-0.00164467
12.13333331	-0.00163703
12.16666664	-0.00163180
12.19999998	-0.00160588
12.23333331	-0.00157041
12.26666664	-0.00158203
12.29999998	-0.00154663
12.33333331	-0.00153072
12.36666664	-0.00150104
12.39999998	-0.00146862
12.43333331	-0.00145200
12.46666664	-0.00143183
12.49999998	-0.00140369
12.53333331	-0.00135481
12.56666665	-0.00130905
12.59999998	-0.00128188
12.63333331	-0.00124544
12.66666665	-0.00117381
12.69999998	-0.00116141
12.73333331	-0.00108033
12.76666665	-0.00104081
12.79999998	-0.00100228
12.83333331	-0.00093665
12.86666665	-0.00090841
12.89999998	-0.00086114
12.93333332	-0.00081019
12.96666665	-0.00076691
12.99999998	-0.00072658
13.03333332	-0.00068150
13.06666665	-0.00064879
13.09999998	-0.00062236
13.13333332	-0.00057168
13.16666665	-0.00054031
13.19999998	-0.00050364
13.23333332	-0.00047366
13.26666665	-0.00043512
13.29999999	-0.00041391
13.33333332	-0.00039421
13.36666665	-0.00036599
13.39999999	-0.00034926
13.43333332	-0.00033741
13.46666665	-0.00032084
13.49999999	-0.00030447
13.53333332	-0.00029041
13.56666665	-0.00028432
13.59999999	-0.00027841
13.63333332	-0.00027132
13.66666666	-0.00026836
13.69999999	-0.00026457
13.73333332	-0.00025536
13.76666666	-0.00025506
13.79999999	-0.00025624
13.83333332	-0.00025163
13.86666666	-0.00024547
13.89999999	-0.00024102
13.93333332	-0.00023491
13.96666666	-0.00022852
13.99999999	-0.00022136
14.03333332	-0.00021136
14.06666666	-0.00020154
14.09999999	-0.00019007
14.13333333	-0.00018164
14.16666666	-0.00016956
14.19999999	-0.00015768
14.23333333	-0.00014464
14.26666666	-0.00013343
14.29999999	-0.00012202
14.33333333	-0.00010760
14.36666666	-0.00009634
14.39999999	-0.00008552
14.43333333	-0.00007406
14.46666666	-0.00006451
14.50000000	-0.00005411
14.53333333	-0.00004562
14.56666666	-0.00003754
14.60000000	-0.00003063
14.63333333	-0.00002395
14.66666666	-0.00001808
14.70000000	-0.00001348
14.73333333	-0.00000934
14.76666666	-0.00000596
14.80000000	-0.00000336
14.83333333	-0.00000146
14.86666667	-0.00000037
14.90000000	0.00000000
