# Menlo Systems GmbH ScanControl
# Program Version 1.3.3
# Start: -65.00000000 ps, Average over 1000 waveforms. Timestamp: 2020-01-12T18:39:52
# Window type: Tukey, parameters: alpha = 0.2
# User time axis shift: 0 ps
# Frequency [THz]	THz Signal [a.u.]
0.00000000	-10.22226819
0.00732601	-15.35143913
0.01465201	-2.27092662
0.02197802	0.00000000
0.02930403	-6.77837126
0.03663004	-7.15748103
0.04395604	-2.35946433
0.05128205	-4.81185993
0.05860806	-14.18631759
0.06593407	-23.24984326
0.07326007	-21.91513473
0.08058608	-27.77127517
0.08791209	-10.42729383
0.09523810	-8.49464951
0.10256410	-9.65127341
0.10989011	-6.93063606
0.11721612	-8.26709185
0.12454213	-11.12725215
0.13186813	-11.32651269
0.13919414	-9.50355267
0.14652015	-8.83306988
0.15384616	-14.20544696
0.16117216	-11.62073177
0.16849817	-13.81461701
0.17582418	-15.34270695
0.18315019	-9.36277058
0.19047619	-14.31057461
0.19780220	-17.22581156
0.20512821	-9.18373901
0.21245421	-10.73565172
0.21978022	-27.57162063
0.22710623	-14.93433319
0.23443224	-13.69355800
0.24175824	-22.89574259
0.24908425	-19.18976750
0.25641026	-13.30862328
0.26373627	-15.68639450
0.27106227	-21.68608378
0.27838828	-18.94054564
0.28571429	-19.04944869
0.29304030	-19.63280709
0.30036630	-35.35412034
0.30769231	-21.62646400
0.31501832	-25.62414904
0.32234433	-23.19127359
0.32967033	-21.66791077
0.33699634	-29.02850387
0.34432235	-22.86775942
0.35164836	-22.43791100
0.35897436	-20.15118948
0.36630037	-21.66419232
0.37362638	-19.63272822
0.38095239	-20.97056105
0.38827839	-28.53700788
0.39560440	-20.55238917
0.40293041	-32.80056713
0.41025641	-23.37733934
0.41758242	-32.27260440
0.42490843	-22.77627709
0.43223444	-22.81581565
0.43956044	-23.55953476
0.44688645	-22.05239059
0.45421246	-26.94458121
0.46153847	-22.14655451
0.46886447	-25.12618637
0.47619048	-22.91849812
0.48351649	-24.09566707
0.49084250	-28.27282545
0.49816850	-24.80515418
0.50549451	-34.09137354
0.51282052	-25.73261053
0.52014653	-23.16248901
0.52747253	-29.53842660
0.53479854	-26.48712049
0.54212455	-26.68455835
0.54945056	-29.81535981
0.55677656	-27.14552994
0.56410257	-30.88257930
0.57142858	-27.36692542
0.57875459	-30.51901289
0.58608059	-27.89077522
0.59340660	-27.62222839
0.60073261	-28.22135839
0.60805861	-25.39610377
0.61538462	-24.93886195
0.62271063	-24.82987540
0.63003664	-28.84070226
0.63736264	-28.78136647
0.64468865	-30.69513437
0.65201466	-27.90402669
0.65934067	-25.83583822
0.66666667	-29.69978903
0.67399268	-26.53099856
0.68131869	-26.72720043
0.68864470	-33.06071239
0.69597070	-27.02401283
0.70329671	-28.33018566
0.71062272	-36.79943597
0.71794873	-30.28958636
0.72527473	-32.63484336
0.73260074	-49.27207388
0.73992675	-36.12283874
0.74725276	-34.93104769
0.75457876	-40.31893662
0.76190477	-43.02707147
0.76923078	-35.06068484
0.77655678	-36.55344046
0.78388279	-45.38089034
0.79120880	-38.07628448
0.79853481	-37.40350541
0.80586081	-42.59167081
0.81318682	-49.86940604
0.82051283	-48.56659494
0.82783884	-51.89565463
0.83516484	-36.37757661
0.84249085	-32.05738186
0.84981686	-33.51604513
0.85714287	-41.42647607
0.86446887	-34.96363301
0.87179488	-34.65039540
0.87912089	-40.06168591
0.88644690	-38.29960948
0.89377290	-39.99932133
0.90109891	-44.28731458
0.90842492	-41.88642529
0.91575093	-41.66274192
0.92307693	-41.05572445
0.93040294	-40.64103062
0.93772895	-44.91626221
0.94505496	-48.71667357
0.95238096	-39.59458454
0.95970697	-38.44730624
0.96703298	-42.41591136
0.97435898	-43.55937787
0.98168499	-41.75328811
0.98901100	-46.66718992
0.99633701	-53.78310453
1.00366301	-47.61324149
1.01098902	-39.80249151
1.01831503	-39.03887094
1.02564104	-46.63969284
1.03296704	-40.96354175
1.04029305	-40.92334788
1.04761906	-58.11044229
1.05494507	-42.53927510
1.06227107	-44.58000389
1.06959708	-55.69157526
1.07692309	-48.85177901
1.08424910	-54.43832582
1.09157510	-43.96691648
1.09890111	-47.31650158
1.10622712	-51.80825075
1.11355313	-48.17629174
1.12087913	-54.96108374
1.12820514	-43.38896998
1.13553115	-48.74281109
1.14285716	-48.14227214
1.15018316	-44.10418156
1.15750917	-53.44056860
1.16483518	-53.28444947
1.17216118	-52.82023024
1.17948719	-50.19342084
1.18681320	-52.21201075
1.19413921	-48.02742417
1.20146521	-63.56847892
1.20879122	-48.87375604
1.21611723	-64.66528968
1.22344324	-46.52593188
1.23076924	-50.84768857
1.23809525	-46.57001312
1.24542126	-43.49690591
1.25274727	-56.68578985
1.26007327	-49.58326281
1.26739928	-52.43329021
1.27472529	-51.52299398
1.28205130	-55.09676867
1.28937730	-56.84862619
1.29670331	-54.59623662
1.30402932	-61.56838153
1.31135533	-63.31280056
1.31868133	-67.73542035
1.32600734	-51.54017737
1.33333335	-54.38214316
1.34065936	-62.29633046
1.34798536	-59.42084746
1.35531137	-47.92683500
1.36263738	-49.80238944
1.36996338	-46.39312760
1.37728939	-44.47860601
1.38461540	-53.98069993
1.39194141	-49.48988437
1.39926741	-52.42369344
1.40659342	-64.94298171
1.41391943	-63.91085070
1.42124544	-57.62864079
1.42857144	-50.59849845
1.43589745	-54.34366735
1.44322346	-64.70058124
1.45054947	-57.79001193
1.45787547	-53.27903533
1.46520148	-49.17886881
1.47252749	-49.30981045
1.47985350	-55.59614293
1.48717950	-47.78096952
1.49450551	-47.47557745
1.50183152	-53.97392722
1.50915753	-70.79663000
1.51648353	-52.08543644
1.52380954	-49.73520528
1.53113555	-51.89172483
1.53846156	-52.02360389
1.54578756	-55.99036799
1.55311357	-56.25274748
1.56043958	-56.84071629
1.56776558	-62.43996318
1.57509159	-59.67084688
1.58241760	-63.48802683
1.58974361	-60.96462601
1.59706961	-53.73244866
1.60439562	-54.10456219
1.61172163	-58.50075939
1.61904764	-64.09756095
1.62637364	-55.87391049
1.63369965	-51.99095810
1.64102566	-56.27216747
1.64835167	-55.41436971
1.65567767	-48.90781209
1.66300368	-51.18413689
1.67032969	-72.65461872
1.67765570	-55.42042867
1.68498170	-51.83296157
1.69230771	-46.65549234
1.69963372	-50.98474939
1.70695973	-65.03782495
1.71428573	-58.98824505
1.72161174	-52.07004253
1.72893775	-52.89554880
1.73626376	-53.45560868
1.74358976	-53.30403613
1.75091577	-70.93670578
1.75824178	-56.79900226
1.76556778	-60.11518994
1.77289379	-56.00676026
1.78021980	-50.74767505
1.78754581	-48.99374446
1.79487181	-57.31249715
1.80219782	-50.68976302
1.80952383	-52.76930102
1.81684984	-57.32522812
1.82417584	-55.24353461
1.83150185	-59.38217501
1.83882786	-52.66777765
1.84615387	-58.99389833
1.85347987	-54.53177912
1.86080588	-53.37657586
1.86813189	-55.26107396
1.87545790	-58.71187644
1.88278390	-64.08287541
1.89010991	-57.79148855
1.89743592	-61.09288315
1.90476193	-58.85241654
1.91208793	-69.48589322
1.91941394	-53.01225163
1.92673995	-51.99614339
1.93406595	-67.36481510
1.94139196	-61.67941018
1.94871797	-75.01086052
1.95604398	-64.77844598
1.96336998	-56.98937808
1.97069599	-53.41056098
1.97802200	-61.57490805
1.98534801	-56.24894493
1.99267401	-58.88239719
2.00000002	-56.77922441
2.00732603	-54.37799978
2.01465204	-63.02726725
2.02197804	-56.48989467
2.02930405	-57.18908479
2.03663006	-50.14618856
2.04395607	-54.91876574
2.05128207	-56.23401202
2.05860808	-53.77420991
2.06593409	-57.83399757
2.07326010	-52.99409918
2.08058610	-51.61010449
2.08791211	-56.50413159
2.09523812	-55.38353898
2.10256413	-56.30944275
2.10989013	-56.41217313
2.11721614	-53.90483841
2.12454215	-59.34890834
2.13186815	-65.61043282
2.13919416	-56.94783832
2.14652017	-56.43019463
2.15384618	-57.66791909
2.16117218	-53.22582922
2.16849819	-53.21553275
2.17582420	-63.95588545
2.18315021	-60.13213839
2.19047621	-68.77743523
2.19780222	-56.76548218
2.20512823	-51.96006764
2.21245424	-54.80875016
2.21978024	-66.71464962
2.22710625	-56.52596141
2.23443226	-55.27435464
2.24175827	-55.22270829
2.24908427	-55.16818875
2.25641028	-57.56048493
2.26373629	-65.39896055
2.27106230	-70.79863843
2.27838830	-56.62250701
2.28571431	-52.53058998
2.29304032	-60.42066200
2.30036633	-62.68020461
2.30769233	-56.14289432
2.31501834	-51.26290966
2.32234435	-53.02167064
2.32967035	-56.44654590
2.33699636	-56.23106416
2.34432237	-63.10435104
2.35164838	-63.92940435
2.35897438	-58.69397692
2.36630039	-58.65217837
2.37362640	-60.21874048
2.38095241	-58.94488718
2.38827841	-58.79115889
2.39560442	-64.22501678
2.40293043	-53.61522182
2.41025644	-53.14519837
2.41758244	-56.67030148
2.42490845	-55.17309421
2.43223446	-56.69865406
2.43956047	-61.09420734
2.44688647	-60.75092621
2.45421248	-57.66119351
2.46153849	-57.12477834
2.46886450	-57.51791816
2.47619050	-57.26938294
2.48351651	-60.95999233
2.49084252	-55.55137094
2.49816853	-53.58489793
2.50549453	-62.73407855
2.51282054	-64.37211581
2.52014655	-64.41718857
2.52747255	-64.32693362
2.53479856	-61.35263748
2.54212457	-54.58344914
2.54945058	-62.13857713
2.55677658	-55.51825499
2.56410259	-60.09105690
2.57142860	-56.50764479
2.57875461	-56.90546265
2.58608061	-64.98847367
2.59340662	-58.26531229
2.60073263	-57.01312224
2.60805864	-57.29563583
2.61538464	-58.86328448
2.62271065	-61.60724718
2.63003666	-62.91711128
2.63736267	-57.21882776
2.64468867	-61.55999659
2.65201468	-63.39285486
2.65934069	-58.16670689
2.66666670	-61.97094379
2.67399270	-59.69024873
2.68131871	-62.67084254
2.68864472	-55.38364322
2.69597073	-52.55580122
2.70329673	-64.86136902
2.71062274	-57.31657539
2.71794875	-56.41303111
2.72527475	-61.06890775
2.73260076	-58.55707332
2.73992677	-57.48272963
2.74725278	-58.00143569
2.75457878	-51.62300507
2.76190479	-55.45215636
2.76923080	-55.10035707
2.77655681	-59.85007084
2.78388281	-61.48938243
2.79120882	-58.84100904
2.79853483	-56.48197655
2.80586084	-63.00143876
2.81318684	-57.16142261
2.82051285	-55.01160746
2.82783886	-77.36972896
2.83516487	-57.17459453
2.84249087	-68.32188282
2.84981688	-55.67238999
2.85714289	-56.63272980
2.86446890	-61.68647503
2.87179490	-57.74350795
2.87912091	-58.82168008
2.88644692	-61.45639112
2.89377293	-62.11314540
2.90109893	-53.45194694
2.90842494	-52.07412690
2.91575095	-54.04424178
2.92307695	-58.36267603
2.93040296	-56.27966388
2.93772897	-51.27948641
2.94505498	-54.71043290
2.95238098	-63.67051435
2.95970699	-52.55973686
2.96703300	-49.43558828
2.97435901	-54.47858666
2.98168501	-56.85003357
2.98901102	-53.58383426
2.99633703	-61.47574330
3.00366304	-60.55362470
3.01098904	-61.32136388
3.01831505	-58.00154857
3.02564106	-54.63540950
3.03296707	-54.87995670
3.04029307	-59.78058874
3.04761908	-84.02830007
3.05494509	-56.86141858
3.06227110	-59.20817062
3.06959710	-59.11824912
3.07692311	-61.63923882
3.08424912	-54.82820109
3.09157512	-56.89024474
3.09890113	-57.37347928
3.10622714	-60.40955859
3.11355315	-59.33831457
3.12087915	-57.31581116
3.12820516	-58.76085471
3.13553117	-61.70053958
3.14285718	-55.17985629
3.15018318	-61.18752514
3.15750919	-65.10260814
3.16483520	-66.88176653
3.17216121	-57.07052604
3.17948721	-59.57576009
3.18681322	-58.88198479
3.19413923	-58.33717518
3.20146524	-68.81682658
3.20879124	-73.14787838
3.21611725	-64.82323698
3.22344326	-57.86135181
3.23076927	-61.12040533
3.23809527	-66.23026647
3.24542128	-62.56724181
3.25274729	-54.78094830
3.26007330	-59.04343871
3.26739930	-65.53156509
3.27472531	-56.51987770
3.28205132	-54.33645822
3.28937732	-61.40648951
3.29670333	-63.04813826
3.30402934	-61.59333526
3.31135535	-65.68157399
3.31868135	-62.26527701
3.32600736	-55.37174402
3.33333337	-63.05752880
3.34065938	-57.27257367
3.34798538	-53.73948214
3.35531139	-53.62627701
3.36263740	-66.07005461
3.36996341	-54.62435225
3.37728941	-54.38201890
3.38461542	-56.24840447
3.39194143	-54.60424991
3.39926744	-67.23769460
3.40659344	-58.01903801
3.41391945	-76.97604269
3.42124546	-54.87818876
3.42857147	-61.54582191
3.43589747	-54.95302885
3.44322348	-52.49963929
3.45054949	-58.80095760
3.45787550	-53.46654613
3.46520150	-52.42760169
3.47252751	-55.62426189
3.47985352	-55.09138920
3.48717952	-54.72283004
3.49450553	-53.40998287
3.50183154	-54.24850417
3.50915755	-57.46336719
3.51648355	-57.92484078
3.52380956	-60.11708170
3.53113557	-64.92809160
3.53846158	-68.79310247
3.54578758	-67.21083363
3.55311359	-63.46399790
3.56043960	-61.21450220
3.56776561	-56.56137087
3.57509161	-56.96583577
3.58241762	-57.65191282
3.58974363	-56.59236882
3.59706964	-57.72577598
3.60439564	-65.85442941
3.61172165	-62.96948108
3.61904766	-59.63883569
3.62637367	-53.27408191
3.63369967	-54.11824230
3.64102568	-59.74415700
3.64835169	-53.10729242
3.65567770	-55.01991928
3.66300370	-49.79303647
3.67032971	-52.22642435
3.67765572	-66.65965348
3.68498172	-54.87628481
3.69230773	-63.68278963
3.69963374	-64.51799806
3.70695975	-63.99974246
3.71428575	-76.10447708
3.72161176	-59.88722572
3.72893777	-58.25722008
3.73626378	-65.63219237
3.74358978	-67.42426032
3.75091579	-59.81436226
3.75824180	-52.83898561
3.76556781	-56.80862558
3.77289381	-60.62015159
3.78021982	-57.09919265
3.78754583	-63.00865109
3.79487184	-53.37019509
3.80219784	-57.66062591
3.80952385	-63.06073316
3.81684986	-61.75826504
3.82417587	-59.24290651
3.83150187	-50.75751060
3.83882788	-53.76506913
3.84615389	-60.03387692
3.85347990	-52.55924957
3.86080590	-63.27047960
3.86813191	-53.92253097
3.87545792	-54.52815872
3.88278392	-64.06255239
3.89010993	-59.25415977
3.89743594	-60.35892276
3.90476195	-57.88883778
3.91208795	-52.02959981
3.91941396	-54.44599514
3.92673997	-51.63536317
3.93406598	-53.01455547
3.94139198	-58.85520865
3.94871799	-74.67288642
3.95604400	-60.88251900
3.96337001	-56.55733472
3.97069601	-53.58599084
3.97802202	-55.87588903
3.98534803	-68.49950583
3.99267404	-66.10906675
4.00000004	-62.34233168
4.00732605	-55.04406014
4.01465206	-57.94315911
4.02197807	-66.35786256
4.02930407	-64.88268921
4.03663008	-68.73669916
4.04395609	-57.46917042
4.05128210	-53.14200109
4.05860810	-59.16900569
4.06593411	-54.86975240
4.07326012	-51.52071326
4.08058612	-53.31694986
4.08791213	-50.79628067
4.09523814	-58.36043611
4.10256415	-56.47415434
4.10989015	-56.71245786
4.11721616	-59.12449634
4.12454217	-52.76551839
4.13186818	-60.82030449
4.13919418	-59.93155516
4.14652019	-62.39489411
4.15384620	-54.11635648
4.16117221	-60.56326000
4.16849821	-58.74330207
4.17582422	-55.58031632
4.18315023	-59.66323277
4.19047624	-63.87424997
4.19780224	-67.33832224
4.20512825	-66.05315408
4.21245426	-68.87947575
4.21978027	-56.94362201
4.22710627	-50.79872187
4.23443228	-54.59252438
4.24175829	-65.22291502
4.24908429	-58.95234757
4.25641030	-85.51011305
4.26373631	-58.28284203
4.27106232	-54.47678888
4.27838832	-55.54674629
4.28571433	-61.57063886
4.29304034	-70.79502221
4.30036635	-58.70513561
4.30769235	-56.56017070
4.31501836	-60.03930347
4.32234437	-57.05338208
4.32967038	-61.33301752
4.33699638	-61.71882008
4.34432239	-60.70006851
4.35164840	-66.76163099
4.35897441	-59.23472593
4.36630041	-68.93518275
4.37362642	-60.85637955
4.38095243	-54.52473486
4.38827844	-50.12522868
4.39560444	-49.82105637
4.40293045	-51.65376942
4.41025646	-49.11322326
4.41758247	-50.64932493
4.42490847	-54.88094488
4.43223448	-59.24913892
4.43956049	-52.77870979
4.44688649	-60.62978425
4.45421250	-54.91934754
4.46153851	-52.32416032
4.46886452	-58.50605637
4.47619052	-59.11293826
4.48351653	-53.76900615
4.49084254	-52.01724964
4.49816855	-53.98153415
4.50549455	-57.96802757
4.51282056	-61.14272195
4.52014657	-62.04645399
4.52747258	-60.00236923
4.53479858	-60.25692496
4.54212459	-77.31473932
4.54945060	-63.62918097
4.55677661	-66.55428633
4.56410261	-55.11424140
4.57142862	-57.14353616
4.57875463	-73.07704610
4.58608064	-67.45036037
4.59340664	-55.75489976
4.60073265	-52.45690173
4.60805866	-55.55363387
4.61538467	-57.64273183
4.62271067	-57.06726038
4.63003668	-61.68646778
4.63736269	-58.48841377
4.64468869	-52.79855792
4.65201470	-55.50345052
4.65934071	-65.81445729
4.66666672	-57.17266742
4.67399272	-63.50894446
4.68131873	-59.60241576
4.68864474	-54.25642452
4.69597075	-54.70796715
4.70329675	-72.17532661
4.71062276	-55.62432008
4.71794877	-53.96862148
4.72527478	-57.53245962
4.73260078	-59.13132470
4.73992679	-61.96962611
4.74725280	-62.44678549
4.75457881	-57.60366580
4.76190481	-56.90698061
4.76923082	-58.19890585
4.77655683	-58.05662001
4.78388284	-52.95928835
4.79120884	-54.49516566
4.79853485	-62.41795782
4.80586086	-60.89196467
4.81318687	-57.33141554
4.82051287	-57.94507178
4.82783888	-57.85046928
4.83516489	-57.15002156
4.84249089	-58.23461798
4.84981690	-69.15577007
4.85714291	-60.66985092
4.86446892	-59.27812540
4.87179492	-58.45962985
4.87912093	-64.56804902
4.88644694	-61.99722334
4.89377295	-57.89653707
4.90109895	-65.46412943
4.90842496	-74.54786851
4.91575097	-67.55843221
4.92307698	-59.26412733
4.93040298	-54.76822220
4.93772899	-52.21005938
4.94505500	-55.84654776
4.95238101	-65.47844399
4.95970701	-67.93117623
4.96703302	-61.96363629
4.97435903	-57.22679376
4.98168504	-62.22009338
4.98901104	-65.04293896
4.99633705	-61.12606388
5.00366306	-56.36601857
5.01098907	-57.29481404
5.01831507	-62.26560616
5.02564108	-52.07505159
5.03296709	-53.54227397
5.04029309	-67.43393096
5.04761910	-67.16416298
5.05494511	-57.45549186
5.06227112	-54.46781665
5.06959712	-59.87735451
5.07692313	-63.05413435
5.08424914	-56.67890768
5.09157515	-61.55043737
5.09890115	-63.85890609
5.10622716	-68.39713806
5.11355317	-57.32853935
5.12087918	-59.29646751
5.12820518	-79.02331211
5.13553119	-63.09437253
5.14285720	-63.60748086
5.15018321	-60.79297190
5.15750921	-58.79660078
5.16483522	-71.62860138
5.17216123	-62.92237016
5.17948724	-78.80621352
5.18681324	-58.30717114
5.19413925	-59.00296014
5.20146526	-65.15595261
5.20879127	-54.18012779
5.21611727	-58.30271551
5.22344328	-58.85748126
5.23076929	-53.63733640
5.23809529	-59.21904590
5.24542130	-60.42712135
5.25274731	-58.93199837
5.26007332	-62.56365871
5.26739932	-59.31096897
5.27472533	-57.20691153
5.28205134	-58.17702159
5.28937735	-51.80716967
5.29670335	-54.80674078
5.30402936	-50.55281072
5.31135537	-53.70754845
5.31868138	-55.22721214
5.32600738	-60.54714700
5.33333339	-53.21010109
5.34065940	-53.33654746
5.34798541	-58.53534154
5.35531141	-55.59381493
5.36263742	-53.69495226
5.36996343	-59.38843361
5.37728944	-61.61399821
5.38461544	-62.34591639
5.39194145	-56.25083671
5.39926746	-50.59083267
5.40659346	-54.34839218
5.41391947	-66.09302425
5.42124548	-55.92070185
5.42857149	-60.19667449
5.43589749	-61.53837494
5.44322350	-62.83444311
5.45054951	-61.75981318
5.45787552	-55.68905614
5.46520152	-62.65114168
5.47252753	-61.38213552
5.47985354	-59.14034025
5.48717955	-67.63962826
5.49450555	-63.22004714
5.50183156	-61.31875423
5.50915757	-65.68761358
5.51648358	-66.97434408
5.52380958	-67.28597640
5.53113559	-78.45679896
5.53846160	-74.49129068
5.54578761	-65.53496892
5.55311361	-60.10375297
5.56043962	-60.22203144
5.56776563	-66.22012738
5.57509164	-55.28768725
5.58241764	-54.59767588
5.58974365	-68.98562032
5.59706966	-59.40741380
5.60439566	-70.10378875
5.61172167	-55.21691460
5.61904768	-58.16523921
5.62637369	-63.33227345
5.63369969	-61.67768305
5.64102570	-73.27175909
5.64835171	-74.20936293
5.65567772	-60.53692216
5.66300372	-61.16444429
5.67032973	-63.69468618
5.67765574	-62.48395728
5.68498175	-61.74752269
5.69230775	-56.05620257
5.69963376	-61.88847826
5.70695977	-53.15342103
5.71428578	-52.63411634
5.72161178	-56.14014471
5.72893779	-58.48059705
5.73626380	-60.32198192
5.74358981	-53.79381350
5.75091581	-51.10146165
5.75824182	-55.72487210
5.76556783	-61.00447959
5.77289384	-59.48404177
5.78021984	-62.41410262
5.78754585	-59.15417342
5.79487186	-73.63213867
5.80219786	-57.55614801
5.80952387	-61.92014897
5.81684988	-67.62819632
5.82417589	-60.54939996
5.83150189	-53.64433978
5.83882790	-51.65165256
5.84615391	-55.23979026
5.85347992	-64.61051560
5.86080592	-63.73072935
5.86813193	-57.88918848
5.87545794	-59.38806052
5.88278395	-67.13826937
5.89010995	-83.88034070
5.89743596	-70.10387259
5.90476197	-62.81613125
5.91208798	-61.66114342
5.91941398	-63.08088398
5.92673999	-75.31387780
5.93406600	-61.84028758
5.94139201	-59.85582122
5.94871801	-62.95439128
5.95604402	-61.56972005
5.96337003	-65.88576375
5.97069604	-67.81768810
5.97802204	-58.33687665
5.98534805	-53.48616822
5.99267406	-56.42961192
6.00000006	-61.74026130
6.00732607	-60.12570452
6.01465208	-64.28876105
6.02197809	-60.91920208
6.02930409	-60.48524174
6.03663010	-63.73229281
6.04395611	-65.74552517
6.05128212	-57.52842364
6.05860812	-53.82962429
6.06593413	-58.37442025
6.07326014	-72.04613080
6.08058615	-63.12752926
6.08791215	-64.16120631
6.09523816	-57.49270773
6.10256417	-52.25666626
6.10989018	-52.85891045
6.11721618	-54.96996051
6.12454219	-52.97758444
6.13186820	-56.32469744
6.13919421	-78.87985462
6.14652021	-62.13334844
6.15384622	-57.95841140
6.16117223	-53.68205758
6.16849824	-55.79571312
6.17582424	-64.00407993
6.18315025	-55.42715305
6.19047626	-63.95718007
6.19780226	-56.79197104
6.20512827	-53.61439963
6.21245428	-54.17133748
6.21978029	-62.40544676
6.22710629	-65.16270219
6.23443230	-60.41004462
6.24175831	-63.32575715
6.24908432	-59.74796543
6.25641032	-56.94005787
6.26373633	-59.46296882
6.27106234	-58.31397599
6.27838835	-79.63294686
6.28571435	-57.56187644
6.29304036	-58.61456592
6.30036637	-59.84433314
6.30769238	-57.31444980
6.31501838	-55.51996926
6.32234439	-59.41123374
6.32967040	-62.83401199
6.33699641	-57.36621939
6.34432241	-55.19389136
6.35164842	-54.66583927
6.35897443	-58.08411670
6.36630044	-70.16594507
6.37362644	-60.34034715
6.38095245	-57.15973362
6.38827846	-57.87160962
6.39560446	-60.50304684
6.40293047	-60.47819089
6.41025648	-65.69575422
6.41758249	-55.83328367
6.42490849	-52.40452373
6.43223450	-57.80468950
6.43956051	-57.54840541
6.44688652	-57.11734730
6.45421252	-64.85171955
6.46153853	-66.22033657
6.46886454	-59.12189458
6.47619055	-60.14808321
6.48351655	-73.21433417
6.49084256	-61.65801104
6.49816857	-61.50019354
6.50549458	-60.57994275
6.51282058	-58.07873123
6.52014659	-58.04747801
6.52747260	-61.80183580
6.53479861	-58.64253099
6.54212461	-56.49158702
6.54945062	-66.20282047
6.55677663	-58.17931905
6.56410263	-57.72196969
6.57142864	-67.21945071
6.57875465	-68.58226139
6.58608066	-55.84629145
6.59340666	-53.71548360
6.60073267	-61.50778534
6.60805868	-56.00290906
6.61538469	-59.22210498
6.62271069	-62.76040039
6.63003670	-60.08128428
6.63736271	-59.89466840
6.64468872	-61.08818226
6.65201472	-67.59656926
6.65934073	-64.44310496
6.66666674	-60.09813028
6.67399275	-63.56128214
6.68131875	-69.47991586
6.68864476	-62.50403273
6.69597077	-54.27398266
6.70329678	-54.57185299
6.71062278	-70.03584740
6.71794879	-58.53167275
6.72527480	-58.68771516
6.73260081	-81.18740346
6.73992681	-61.60697413
6.74725282	-60.34632846
6.75457883	-63.86628820
6.76190483	-60.57607671
6.76923084	-60.42854948
6.77655685	-67.50421985
6.78388286	-69.34737778
6.79120886	-59.75846639
6.79853487	-53.86878931
6.80586088	-53.41318409
6.81318689	-56.28362283
6.82051289	-56.73408222
6.82783890	-59.49917122
6.83516491	-74.52924579
6.84249092	-59.84317620
6.84981692	-52.93897774
6.85714293	-51.82223161
6.86446894	-58.12617456
6.87179495	-60.31203947
6.87912095	-58.55595988
6.88644696	-55.31874302
6.89377297	-55.52032899
6.90109898	-67.73204724
6.90842498	-64.13144373
6.91575099	-61.23033860
6.92307700	-59.07636357
6.93040301	-56.42527036
6.93772901	-57.75405269
6.94505502	-63.37530398
6.95238103	-74.82708710
6.95970703	-57.62898380
6.96703304	-54.25327134
6.97435905	-58.18683669
6.98168506	-70.13828377
6.98901106	-63.38732746
6.99633707	-74.26136193
7.00366308	-56.68036564
7.01098909	-52.71962567
7.01831509	-55.08605054
7.02564110	-70.72722066
7.03296711	-60.62702121
7.04029312	-56.72278087
7.04761912	-56.45944834
7.05494513	-56.65900783
7.06227114	-55.85879142
7.06959715	-57.73729975
7.07692315	-71.35399349
7.08424916	-61.08476942
7.09157517	-62.59325468
7.09890118	-57.07948136
7.10622718	-59.60455444
7.11355319	-66.33935810
7.12087920	-55.68330681
7.12820521	-56.30092712
7.13553121	-68.03444098
7.14285722	-66.47667860
7.15018323	-60.51590992
7.15750923	-57.74873465
7.16483524	-67.68738699
7.17216125	-60.35951845
7.17948726	-56.07047998
7.18681326	-55.92268686
7.19413927	-57.72783769
7.20146528	-55.48928095
7.20879129	-55.43946009
7.21611729	-57.26547246
7.22344330	-60.76517641
7.23076931	-65.42827879
7.23809532	-55.33559077
7.24542132	-51.78450487
7.25274733	-54.47338013
7.26007334	-61.40991469
7.26739935	-65.01055200
7.27472535	-57.48684361
7.28205136	-60.16326430
7.28937737	-64.12394567
7.29670338	-55.89096317
7.30402938	-59.90146176
7.31135539	-59.90517037
7.31868140	-60.10509462
7.32600741	-63.05411454
7.33333341	-55.75041616
7.34065942	-56.86815093
7.34798543	-61.69063666
7.35531143	-58.78052254
7.36263744	-62.96289322
7.36996345	-55.55727274
7.37728946	-57.89030145
7.38461546	-57.12475724
7.39194147	-53.33718221
7.39926748	-60.22083822
7.40659349	-62.27329316
7.41391949	-55.85870750
7.42124550	-52.78043430
7.42857151	-67.81030760
7.43589752	-60.53272196
7.44322352	-62.07579234
7.45054953	-54.59617603
7.45787554	-78.49153765
7.46520155	-55.33354409
7.47252755	-69.50217921
7.47985356	-52.91544524
7.48717957	-57.43073696
7.49450558	-59.81131841
7.50183158	-65.61480744
7.50915759	-58.66588171
7.51648360	-57.20008708
7.52380961	-53.51635253
7.53113561	-56.59620583
7.53846162	-63.81923759
7.54578763	-55.35104193
7.55311363	-56.90249231
7.56043964	-61.25186352
7.56776565	-67.40534818
7.57509166	-62.66955914
7.58241766	-60.59471784
7.58974367	-69.33364604
7.59706968	-55.40861308
7.60439569	-54.79619198
7.61172169	-58.18417689
7.61904770	-56.91421530
7.62637371	-59.47827125
7.63369972	-67.87378548
7.64102572	-55.98003067
7.64835173	-55.09157165
7.65567774	-65.62204283
7.66300375	-57.53458280
7.67032975	-56.11527196
7.67765576	-67.28008167
7.68498177	-63.10196344
7.69230778	-59.14601220
7.69963378	-56.88919288
7.70695979	-53.81721004
7.71428580	-52.96593338
7.72161180	-59.19410531
7.72893781	-61.01372471
7.73626382	-58.22505489
7.74358983	-66.84011575
7.75091583	-60.22578533
7.75824184	-58.40260701
7.76556785	-60.58602172
7.77289386	-61.05263784
7.78021986	-63.61316781
7.78754587	-61.85202207
7.79487188	-59.79283347
7.80219789	-64.68191463
7.80952389	-69.10252610
7.81684990	-65.16793930
7.82417591	-60.72117309
7.83150192	-57.96907377
7.83882792	-61.14000369
7.84615393	-69.66816465
7.85347994	-64.72811984
7.86080595	-58.79812629
7.86813195	-56.63898638
7.87545796	-56.24762442
7.88278397	-57.37854882
7.89010998	-55.95908025
7.89743598	-61.13284143
7.90476199	-59.22800410
7.91208800	-55.13065947
7.91941400	-60.60049765
7.92674001	-56.47917957
7.93406602	-55.49148814
7.94139203	-56.42696163
7.94871803	-60.71777988
7.95604404	-64.19659384
7.96337005	-53.93378267
7.97069606	-52.88990387
7.97802206	-57.62067398
7.98534807	-69.58434733
7.99267408	-70.46072575
8.00000009	-63.46392996
8.00732609	-58.76020576
8.01465210	-59.06959838
8.02197811	-62.71249700
8.02930412	-67.77366642
8.03663012	-70.53692785
8.04395613	-59.95785773
8.05128214	-55.19973282
8.05860815	-56.28004858
8.06593415	-62.78121434
8.07326016	-57.02148667
8.08058617	-58.83655424
8.08791218	-56.87603774
8.09523818	-55.00137661
8.10256419	-55.63772012
8.10989020	-57.19224474
8.11721620	-61.14972066
8.12454221	-56.18905462
8.13186822	-60.04660123
8.13919423	-65.72531685
8.14652023	-57.46957996
8.15384624	-61.91447846
8.16117225	-64.61504913
8.16849826	-61.05153370
8.17582426	-64.30449023
8.18315027	-63.88046298
8.19047628	-61.05476599
8.19780229	-63.79842782
8.20512829	-65.24571833
8.21245430	-67.60457920
8.21978031	-69.55521566
8.22710632	-65.91556459
8.23443232	-56.29221372
8.24175833	-54.26936697
8.24908434	-56.06291667
8.25641035	-57.97254387
8.26373635	-58.34962329
8.27106236	-65.07544489
8.27838837	-67.58252013
8.28571438	-63.03224554
8.29304038	-73.44817753
8.30036639	-64.88787684
8.30769240	-58.58672579
8.31501840	-59.66812661
8.32234441	-64.70887801
8.32967042	-68.19151601
8.33699643	-59.21386412
8.34432243	-57.97393399
8.35164844	-71.46919077
8.35897445	-60.82688989
8.36630046	-68.39850255
8.37362646	-62.54893886
8.38095247	-59.32041813
8.38827848	-58.75588286
8.39560449	-54.57387173
8.40293049	-62.64797381
8.41025650	-54.58398696
8.41758251	-52.34257981
8.42490852	-60.85509275
8.43223452	-66.66019603
8.43956053	-59.54787512
8.44688654	-56.30298243
8.45421255	-56.51520546
8.46153855	-58.92374358
8.46886456	-57.90673958
8.47619057	-58.35217095
8.48351658	-58.08510522
8.49084258	-55.53959568
8.49816859	-57.82469586
8.50549460	-62.66475196
8.51282060	-61.40478008
8.52014661	-58.63856627
8.52747262	-54.34927036
8.53479863	-55.66740250
8.54212463	-60.13109104
8.54945064	-54.46548315
8.55677665	-55.61594177
8.56410266	-59.23384199
8.57142866	-68.24205732
8.57875467	-60.71592083
8.58608068	-59.78870319
8.59340669	-74.22578301
8.60073269	-57.70235630
8.60805870	-57.76163782
8.61538471	-57.86291004
8.62271072	-55.95813552
8.63003672	-67.11102200
8.63736273	-60.12077857
8.64468874	-64.86151894
8.65201475	-57.92744330
8.65934075	-56.60853546
8.66666676	-69.38581256
8.67399277	-57.72466567
8.68131878	-72.58457721
8.68864478	-57.70057787
8.69597079	-60.15143174
8.70329680	-66.86906647
8.71062280	-66.76893192
8.71794881	-53.19959871
8.72527482	-55.51643606
8.73260083	-61.04969393
8.73992683	-55.27893825
8.74725284	-63.89148728
8.75457885	-53.90125230
8.76190486	-63.60877837
8.76923086	-56.59779056
8.77655687	-57.04717725
8.78388288	-85.79395222
8.79120889	-75.91541669
8.79853489	-60.60189453
8.80586090	-59.38366612
8.81318691	-60.69055162
8.82051292	-53.26315402
8.82783892	-57.92381129
8.83516493	-60.14086814
8.84249094	-54.16314365
8.84981695	-58.34677225
8.85714295	-60.79291152
8.86446896	-72.20588344
8.87179497	-64.00466821
8.87912097	-65.33962954
8.88644698	-59.32745150
8.89377299	-61.64786608
8.90109900	-60.41001568
8.90842500	-56.90536048
8.91575101	-68.10752673
8.92307702	-59.00951013
8.93040303	-56.05604952
8.93772903	-59.69231486
8.94505504	-62.21790315
8.95238105	-56.64864148
8.95970706	-55.11394731
8.96703306	-61.72976238
8.97435907	-63.72564137
8.98168508	-60.54123089
8.98901109	-66.64805742
8.99633709	-55.73707983
9.00366310	-58.59847288
9.01098911	-64.06838453
9.01831512	-63.17273643
9.02564112	-61.18385788
9.03296713	-57.90610148
9.04029314	-74.73172798
9.04761915	-65.19616021
9.05494515	-66.71999475
9.06227116	-57.32483363
9.06959717	-63.91743918
9.07692317	-55.02189774
9.08424918	-55.66008678
9.09157519	-60.31312125
9.09890120	-58.80442169
9.10622720	-55.51703863
9.11355321	-54.28813104
9.12087922	-58.58646098
9.12820523	-64.36184166
9.13553123	-65.56180082
9.14285724	-59.90543862
9.15018325	-53.22721986
9.15750926	-52.20813530
9.16483526	-59.85903183
9.17216127	-60.81176514
9.17948728	-58.19969248
9.18681329	-66.63081573
9.19413929	-70.25527628
9.20146530	-59.77006150
9.20879131	-60.97107336
9.21611732	-60.12977939
9.22344332	-57.40978715
9.23076933	-66.55940822
9.23809534	-68.24724665
9.24542135	-69.10233347
9.25274735	-66.98080345
9.26007336	-62.27882826
9.26739937	-57.48423028
9.27472537	-56.56616082
9.28205138	-68.50797372
9.28937739	-56.69383656
9.29670340	-54.40343586
9.30402940	-58.04970491
9.31135541	-59.35375733
9.31868142	-62.90398411
9.32600743	-65.27854450
9.33333343	-67.26858545
9.34065944	-65.19378734
9.34798545	-55.74661564
9.35531146	-57.47418720
9.36263746	-59.97416825
9.36996347	-58.46090575
9.37728948	-65.15685287
9.38461549	-53.73108674
9.39194149	-57.46593818
9.39926750	-59.56589733
9.40659351	-55.65894324
9.41391952	-70.24502371
9.42124552	-55.18147623
9.42857153	-56.66355712
9.43589754	-59.55597131
9.44322355	-61.19130414
9.45054955	-64.36483267
9.45787556	-59.41583739
9.46520157	-57.17507387
9.47252757	-63.14252158
9.47985358	-63.01498486
9.48717959	-61.74262877
9.49450560	-68.91634484
9.50183160	-72.51585397
9.50915761	-60.24278094
9.51648362	-60.61173288
9.52380963	-62.26848482
9.53113563	-60.86051581
9.53846164	-58.72481665
9.54578765	-60.96905779
9.55311366	-54.76779291
9.56043966	-54.41106996
9.56776567	-59.99709164
9.57509168	-55.98915553
9.58241769	-62.04231985
9.58974369	-59.61253944
9.59706970	-58.45769316
9.60439571	-63.24710441
9.61172172	-72.89627220
9.61904772	-67.03706285
9.62637373	-60.65807418
9.63369974	-60.11972313
9.64102575	-68.59829501
9.64835175	-65.22809803
9.65567776	-60.52354965
9.66300377	-55.41299681
9.67032977	-69.62314715
9.67765578	-57.02937506
9.68498179	-58.23918125
9.69230780	-72.77463822
9.69963380	-60.03621387
9.70695981	-60.97150755
9.71428582	-68.47320150
9.72161183	-63.10502912
9.72893783	-63.99298054
9.73626384	-60.11711731
9.74358985	-58.00564609
9.75091586	-65.02826828
9.75824186	-56.74020559
9.76556787	-57.24296346
9.77289388	-66.33070880
9.78021989	-66.68162977
9.78754589	-60.05683439
9.79487190	-56.68673233
9.80219791	-58.14683815
9.80952392	-58.57626607
9.81684992	-58.43083711
9.82417593	-66.74171997
9.83150194	-57.79623877
9.83882795	-64.58130779
9.84615395	-63.81919669
9.85347996	-61.28826751
9.86080597	-56.74692803
9.86813197	-55.33069610
9.87545798	-55.16956734
9.88278399	-57.84893646
9.89011000	-51.45573844
9.89743600	-58.31000920
9.90476201	-61.29816285
9.91208802	-66.35630871
9.91941403	-57.62146591
9.92674003	-57.03560445
9.93406604	-55.19723961
9.94139205	-54.24697216
9.94871806	-56.87400644
9.95604406	-64.66128607
9.96337007	-59.92366825
9.97069608	-55.84857265
9.97802209	-60.10623402
9.98534809	-67.53179947
9.99267410	-58.20015702
10.00000011	-59.60588374
10.00732612	-72.72681109
10.01465212	-67.72636238
10.02197813	-59.16516188
10.02930414	-54.04068639
10.03663014	-58.52911743
10.04395615	-59.22541429
10.05128216	-55.59855388
10.05860817	-59.37844236
10.06593417	-66.65932618
10.07326018	-58.10093432
10.08058619	-57.69912867
10.08791220	-72.12674357
10.09523820	-59.86278943
10.10256421	-64.32350258
10.10989022	-66.14532517
10.11721623	-62.50787498
10.12454223	-59.09098054
10.13186824	-56.98814332
10.13919425	-57.43262112
10.14652026	-57.67234581
10.15384626	-55.87162581
10.16117227	-55.35152769
10.16849828	-56.77500051
10.17582429	-55.21358092
10.18315029	-55.74942195
10.19047630	-57.71206145
10.19780231	-56.02001166
10.20512832	-58.76001201
10.21245432	-68.73989800
10.21978033	-70.66612729
10.22710634	-57.94305083
10.23443234	-58.56357268
10.24175835	-61.98012058
10.24908436	-56.78713451
10.25641037	-68.07861391
10.26373637	-57.82016333
10.27106238	-68.00210922
10.27838839	-56.18581923
10.28571440	-55.16499196
10.29304040	-64.37917943
10.30036641	-65.76022105
10.30769242	-54.36136023
10.31501843	-52.91420150
10.32234443	-59.49393881
10.32967044	-71.27133662
10.33699645	-74.84165222
10.34432246	-66.55747058
10.35164846	-68.34205526
10.35897447	-62.97798133
10.36630048	-59.52281667
10.37362649	-56.70471484
10.38095249	-57.05019741
10.38827850	-62.15158648
10.39560451	-61.75259082
10.40293052	-58.96697236
10.41025652	-60.95656486
10.41758253	-66.27444198
10.42490854	-76.55777852
10.43223454	-63.16990973
10.43956055	-55.29360678
10.44688656	-55.06769039
10.45421257	-63.29080305
10.46153857	-77.82614689
10.46886458	-67.49025425
10.47619059	-60.71391580
10.48351660	-66.45370765
10.49084260	-66.69695667
10.49816861	-63.52565082
10.50549462	-67.78419821
10.51282063	-70.56464934
10.52014663	-81.40816350
10.52747264	-66.65858257
10.53479865	-61.06619414
10.54212466	-66.72046243
10.54945066	-59.10541127
10.55677667	-55.32512687
10.56410268	-62.16171267
10.57142869	-59.37678405
10.57875469	-56.31049026
10.58608070	-65.35427272
10.59340671	-58.40359520
10.60073272	-61.64080386
10.60805872	-58.68781223
10.61538473	-54.81154434
10.62271074	-53.24952901
10.63003674	-56.03470697
10.63736275	-60.61604990
10.64468876	-52.92933720
10.65201477	-59.01182427
10.65934077	-61.67066627
10.66666678	-59.36060535
10.67399279	-66.47325870
10.68131880	-57.36987231
10.68864480	-59.01176187
10.69597081	-71.10701785
10.70329682	-61.61318733
10.71062283	-74.47993254
10.71794883	-70.55060403
10.72527484	-59.69593460
10.73260085	-54.59638991
10.73992686	-54.99054157
10.74725286	-58.46084402
10.75457887	-59.90717826
10.76190488	-55.20811898
10.76923089	-52.66245000
10.77655689	-56.90992950
10.78388290	-64.74981975
10.79120891	-57.86741006
10.79853492	-60.95108838
10.80586092	-55.46112636
10.81318693	-54.25110968
10.82051294	-57.89644944
10.82783894	-61.79161425
10.83516495	-66.34723440
10.84249096	-62.82816494
10.84981697	-71.40728126
10.85714297	-65.92417586
10.86446898	-64.33279023
10.87179499	-59.32578409
10.87912100	-54.36264226
10.88644700	-53.22930010
10.89377301	-53.78464844
10.90109902	-55.12302381
10.90842503	-58.65404735
10.91575103	-66.55143945
10.92307704	-66.50149011
10.93040305	-67.38890301
10.93772906	-64.75151433
10.94505506	-60.93014600
10.95238107	-62.12095267
10.95970708	-65.65962327
10.96703309	-57.79694605
10.97435909	-54.23520105
10.98168510	-57.08199326
10.98901111	-61.21013210
10.99633712	-61.32500032
11.00366312	-57.51261332
11.01098913	-53.46058519
11.01831514	-61.10007611
11.02564114	-56.01970576
11.03296715	-55.87726007
11.04029316	-63.51815869
11.04761917	-59.77825245
11.05494517	-61.61601715
11.06227118	-55.51112388
11.06959719	-53.12032359
11.07692320	-55.70598586
11.08424920	-59.98878902
11.09157521	-60.01301063
11.09890122	-60.48868048
11.10622723	-58.43117159
11.11355323	-57.98034634
11.12087924	-58.65188018
11.12820525	-60.87855870
11.13553126	-67.13976232
11.14285726	-75.54186360
11.15018327	-79.50308930
11.15750928	-75.26270104
11.16483529	-70.13964045
11.17216129	-61.03330724
11.17948730	-56.85665963
11.18681331	-57.44883110
11.19413931	-59.80479939
11.20146532	-58.91896205
11.20879133	-57.85938635
11.21611734	-59.69591724
11.22344334	-55.36120732
11.23076935	-55.27243398
11.23809536	-60.46425504
11.24542137	-56.94224425
11.25274737	-57.89787868
11.26007338	-57.53322027
11.26739939	-56.60156628
11.27472540	-61.60088336
11.28205140	-66.88213540
11.28937741	-68.18714736
11.29670342	-68.99837224
11.30402943	-74.73783215
11.31135543	-67.93907197
11.31868144	-65.27588556
11.32600745	-58.40089483
11.33333346	-54.14576625
11.34065946	-57.59814566
11.34798547	-72.63336647
11.35531148	-64.09734367
11.36263749	-62.25562275
11.36996349	-87.76893790
11.37728950	-55.05801777
11.38461551	-52.43544043
11.39194151	-55.40078770
11.39926752	-56.56858925
11.40659353	-58.72300117
11.41391954	-57.00451124
11.42124554	-54.38993094
11.42857155	-66.04248862
11.43589756	-53.60429156
11.44322357	-52.95569174
11.45054957	-78.23224162
11.45787558	-59.62715533
11.46520159	-59.25071443
11.47252760	-56.05454561
11.47985360	-65.79823914
11.48717961	-53.79656740
11.49450562	-59.00150828
11.50183163	-55.00209875
11.50915763	-53.93881990
11.51648364	-61.41458623
11.52380965	-58.15503943
11.53113566	-55.66519939
11.53846166	-58.02565442
11.54578767	-62.94202971
11.55311368	-61.41800190
11.56043969	-55.51894246
11.56776569	-55.78784330
11.57509170	-64.60667765
11.58241771	-66.86303094
11.58974371	-59.25737724
11.59706972	-55.38110498
11.60439573	-53.34285557
11.61172174	-54.58777653
11.61904774	-57.90771957
11.62637375	-57.28659241
11.63369976	-56.42750669
11.64102577	-60.55967223
11.64835177	-73.24767881
11.65567778	-63.44171916
11.66300379	-62.82566091
11.67032980	-56.28043100
11.67765580	-56.54327382
11.68498181	-59.91898208
11.69230782	-62.00660418
11.69963383	-62.04267064
11.70695983	-57.00922564
11.71428584	-59.29433071
11.72161185	-65.32850912
11.72893786	-76.41628335
11.73626386	-64.35978679
11.74358987	-61.79147862
11.75091588	-66.21747586
11.75824189	-63.60747423
11.76556789	-68.21175400
11.77289390	-62.95468169
11.78021991	-60.38283199
11.78754591	-61.70821042
11.79487192	-70.15142378
11.80219793	-70.16899086
11.80952394	-67.83447585
11.81684994	-58.15038024
11.82417595	-59.72227841
11.83150196	-62.02701450
11.83882797	-66.04776620
11.84615397	-65.85270719
11.85347998	-60.99719407
11.86080599	-55.95477802
11.86813200	-57.95031923
11.87545800	-63.16070695
11.88278401	-58.13430392
11.89011002	-65.69735017
11.89743603	-59.84926755
11.90476203	-60.11325910
11.91208804	-59.57251576
11.91941405	-68.05463996
11.92674006	-55.16850059
11.93406606	-56.81419542
11.94139207	-56.84905771
11.94871808	-60.62684444
11.95604409	-61.90873111
11.96337009	-59.89438352
11.97069610	-62.59413834
11.97802211	-65.76832748
11.98534811	-73.56050019
11.99267412	-61.48872961
12.00000013	-61.98549544
12.00732614	-60.67509771
12.01465214	-51.45842381
12.02197815	-53.46280024
12.02930416	-60.68730898
12.03663017	-56.87073635
12.04395617	-61.04700049
12.05128218	-65.22188350
12.05860819	-69.45925814
12.06593420	-58.31146253
12.07326020	-56.65412830
12.08058621	-61.89572470
12.08791222	-59.91161185
12.09523823	-59.46998319
12.10256423	-64.47036198
12.10989024	-63.80003532
12.11721625	-72.55678098
12.12454226	-60.66538981
12.13186826	-66.29879512
12.13919427	-70.82176098
12.14652028	-67.10302827
12.15384629	-63.86610028
12.16117229	-67.88960831
12.16849830	-74.23405103
12.17582431	-63.29425325
12.18315031	-68.68303237
12.19047632	-66.38770966
12.19780233	-64.59732818
12.20512834	-60.33124384
12.21245434	-64.07005554
12.21978035	-56.84525791
12.22710636	-54.57841354
12.23443237	-53.90128806
12.24175837	-52.83662899
12.24908438	-63.58534062
12.25641039	-59.86657959
12.26373640	-56.41092567
12.27106240	-57.09880816
12.27838841	-74.24898429
12.28571442	-61.22767982
12.29304043	-64.64740282
12.30036643	-61.64928579
12.30769244	-59.89277501
12.31501845	-63.65296233
12.32234446	-63.81840035
12.32967046	-57.62098169
12.33699647	-61.12474158
12.34432248	-62.95572167
12.35164849	-61.18430843
12.35897449	-62.51395958
12.36630050	-60.70716309
12.37362651	-60.24053646
12.38095251	-64.04228814
12.38827852	-61.99052747
12.39560453	-66.30379029
12.40293054	-57.23337726
12.41025654	-55.43906697
12.41758255	-78.02363359
12.42490856	-54.94175362
12.43223457	-56.20200729
12.43956057	-63.37639458
12.44688658	-54.69284157
12.45421259	-58.71910523
12.46153860	-61.01709448
12.46886460	-60.81394125
12.47619061	-62.35165156
12.48351662	-65.68627226
12.49084263	-60.72371057
12.49816863	-56.77994891
12.50549464	-52.40408813
12.51282065	-51.42399174
12.52014666	-55.47765686
12.52747266	-65.59678839
12.53479867	-68.15031377
12.54212468	-64.40542219
12.54945068	-78.10920440
12.55677669	-65.56135122
12.56410270	-59.93802619
12.57142871	-57.82210296
12.57875471	-56.38061960
12.58608072	-52.31612591
12.59340673	-55.05682402
12.60073274	-79.47301927
12.60805874	-65.97215968
12.61538475	-67.63199287
12.62271076	-63.39422575
12.63003677	-66.57444369
12.63736277	-75.26116186
12.64468878	-59.72904064
12.65201479	-54.84957687
12.65934080	-58.82248451
12.66666680	-59.51925521
12.67399281	-54.87569171
12.68131882	-58.38409040
12.68864483	-63.07329088
12.69597083	-59.64399324
12.70329684	-59.04668427
12.71062285	-63.59824474
12.71794886	-59.11767285
12.72527486	-58.66437407
12.73260087	-57.84637874
12.73992688	-56.66222120
12.74725288	-69.48881003
12.75457889	-59.04586446
12.76190490	-58.86600305
12.76923091	-62.23223099
12.77655691	-58.27495486
12.78388292	-58.48027742
12.79120893	-57.05694972
12.79853494	-57.81081061
12.80586094	-65.77356153
12.81318695	-59.00813861
12.82051296	-55.65874323
12.82783897	-59.97322368
12.83516497	-69.08303711
12.84249098	-66.91879910
12.84981699	-60.39433223
12.85714300	-65.14607994
12.86446900	-61.56463937
12.87179501	-56.88972689
12.87912102	-61.00911773
12.88644703	-57.64092148
12.89377303	-59.57901373
12.90109904	-65.70450378
12.90842505	-64.94053213
12.91575106	-56.78612057
12.92307706	-54.35956165
12.93040307	-53.44999142
12.93772908	-56.40710448
12.94505508	-62.76602875
12.95238109	-56.18031894
12.95970710	-55.50415771
12.96703311	-61.31222689
12.97435911	-65.50449985
12.98168512	-56.61093402
12.98901113	-58.34180722
12.99633714	-65.11498567
13.00366314	-58.96616248
13.01098915	-60.01459449
13.01831516	-61.98628140
13.02564117	-65.14432744
13.03296717	-62.41293913
13.04029318	-64.44324265
13.04761919	-70.66428797
13.05494520	-62.71705454
13.06227120	-64.26005407
13.06959721	-64.58749005
13.07692322	-64.15496092
13.08424923	-62.79577145
13.09157523	-59.92874420
13.09890124	-59.31649379
13.10622725	-66.32836822
13.11355326	-73.13280842
13.12087926	-73.91900978
13.12820527	-73.15467080
13.13553128	-60.30111050
13.14285728	-56.20279211
13.15018329	-59.65585994
13.15750930	-67.17566700
13.16483531	-59.50035054
13.17216131	-54.14196060
13.17948732	-56.69209512
13.18681333	-66.75935489
13.19413934	-72.95012512
13.20146534	-61.30223178
13.20879135	-59.11361149
13.21611736	-65.90675173
13.22344337	-64.14289842
13.23076937	-72.30616525
13.23809538	-62.46743221
13.24542139	-58.12996689
13.25274740	-64.44862504
13.26007340	-58.12954892
13.26739941	-59.94411300
13.27472542	-54.98413563
13.28205143	-55.25593352
13.28937743	-67.68720300
13.29670344	-55.75233327
13.30402945	-60.42165855
13.31135546	-73.35914682
13.31868146	-72.27722940
13.32600747	-72.61607201
13.33333348	-63.54705913
13.34065948	-65.99310972
13.34798549	-60.40886229
13.35531150	-54.09395495
13.36263751	-58.78155349
13.36996351	-54.36964180
13.37728952	-52.52929158
13.38461553	-56.05757905
13.39194154	-53.76459633
13.39926754	-54.65891644
13.40659355	-59.33563869
13.41391956	-59.80004550
13.42124557	-55.51312169
13.42857157	-53.43782066
13.43589758	-53.12433597
13.44322359	-56.85449437
13.45054960	-63.51826425
13.45787560	-57.10266777
13.46520161	-59.71577851
13.47252762	-62.67844295
13.47985363	-62.36247556
13.48717963	-60.41355976
13.49450564	-64.86984925
13.50183165	-68.26443157
13.50915766	-62.07457111
13.51648366	-57.07544060
13.52380967	-68.60603430
13.53113568	-56.36666948
13.53846168	-61.01795593
13.54578769	-60.00945192
13.55311370	-56.52563204
13.56043971	-67.73235275
13.56776571	-64.88698019
13.57509172	-57.84383062
13.58241773	-56.35200010
13.58974374	-58.79913197
13.59706974	-59.93831806
13.60439575	-59.17732482
13.61172176	-61.05875822
13.61904777	-64.22751147
13.62637377	-63.18765385
13.63369978	-69.79259126
13.64102579	-64.32260369
13.64835180	-58.63702100
13.65567780	-57.83342900
13.66300381	-57.38208264
13.67032982	-61.25309744
13.67765583	-60.97253371
13.68498183	-65.00317157
13.69230784	-59.32798725
13.69963385	-54.69629341
13.70695985	-55.53131771
13.71428586	-62.90097847
13.72161187	-61.49616909
13.72893788	-58.95925833
13.73626388	-69.37881597
13.74358989	-62.91850660
13.75091590	-60.70438287
13.75824191	-59.79840057
13.76556791	-63.00969807
13.77289392	-60.71645010
13.78021993	-52.83808519
13.78754594	-55.21109994
13.79487194	-58.15308136
13.80219795	-58.73451573
13.80952396	-62.24825953
13.81684997	-58.34253490
13.82417597	-61.44333770
13.83150198	-66.52687084
13.83882799	-71.84574128
13.84615400	-61.94778161
13.85348000	-59.72841656
13.86080601	-63.26079101
13.86813202	-63.41286982
13.87545803	-59.98240725
13.88278403	-66.85761221
13.89011004	-62.73494137
13.89743605	-74.04615920
13.90476205	-55.87133808
13.91208806	-55.69516616
13.91941407	-57.21369443
13.92674008	-55.49525949
13.93406608	-61.77475152
13.94139209	-70.82017958
13.94871810	-68.80177768
13.95604411	-68.16518846
13.96337011	-64.23153532
13.97069612	-58.80592857
13.97802213	-62.10396816
13.98534814	-77.33228896
13.99267414	-68.97972440
14.00000015	-66.56639750
14.00732616	-67.30509394
14.01465217	-67.48793394
14.02197817	-73.69283110
14.02930418	-70.43397137
14.03663019	-70.88048768
14.04395620	-62.83496483
14.05128220	-56.47945970
14.05860821	-59.45562992
14.06593422	-64.15787964
14.07326023	-54.94544626
14.08058623	-54.98472458
14.08791224	-60.48398437
14.09523825	-64.47171408
14.10256425	-62.43789979
14.10989026	-60.45333747
14.11721627	-60.15766422
14.12454228	-70.35615247
14.13186828	-56.58236127
14.13919429	-54.13888242
14.14652030	-70.12624513
14.15384631	-51.59529929
14.16117231	-52.62635779
14.16849832	-67.71565248
14.17582433	-63.01296146
14.18315034	-59.04679975
14.19047634	-56.67698617
14.19780235	-68.99069015
14.20512836	-56.04004048
14.21245437	-53.86121277
14.21978037	-61.20286764
14.22710638	-62.76126435
14.23443239	-57.49146814
14.24175840	-60.37114726
14.24908440	-59.34488616
14.25641041	-61.32880953
14.26373642	-69.51978988
14.27106243	-57.46075102
14.27838843	-55.18275333
14.28571444	-67.54572387
14.29304045	-59.68825206
14.30036645	-63.62487964
14.30769246	-59.15638341
14.31501847	-59.25959607
14.32234448	-74.21608614
14.32967048	-67.55913630
14.33699649	-64.93539284
14.34432250	-59.96109244
14.35164851	-62.57720581
14.35897451	-60.81825554
14.36630052	-59.85729464
14.37362653	-62.04271765
14.38095254	-73.68923739
14.38827854	-62.62158277
14.39560455	-57.94894943
14.40293056	-61.83677572
14.41025657	-61.68640142
14.41758257	-57.02541429
14.42490858	-57.91778900
14.43223459	-58.95459507
14.43956060	-62.88949498
14.44688660	-71.48210577
14.45421261	-68.65100068
14.46153862	-62.71156496
14.46886463	-69.58917728
14.47619063	-74.83425258
14.48351664	-65.47667643
14.49084265	-60.15911907
14.49816865	-58.98227137
14.50549466	-60.64200482
14.51282067	-72.13161616
14.52014668	-59.10663781
14.52747268	-54.17221239
14.53479869	-55.78633374
14.54212470	-64.39741184
14.54945071	-69.97493545
14.55677671	-61.59610517
14.56410272	-68.81887759
14.57142873	-59.92752007
14.57875474	-55.84224162
14.58608074	-61.65854643
14.59340675	-68.35596127
14.60073276	-61.38976262
14.60805877	-68.43428419
14.61538477	-62.58609910
14.62271078	-54.62490224
14.63003679	-56.34352142
14.63736280	-64.03816265
14.64468880	-56.00980987
14.65201481	-69.31077049
14.65934082	-58.67155295
14.66666683	-62.15792529
14.67399283	-61.34836795
14.68131884	-57.72161357
14.68864485	-70.47664990
14.69597085	-56.63203074
14.70329686	-54.06210976
14.71062287	-59.33171952
14.71794888	-66.04690572
14.72527488	-60.20028154
14.73260089	-71.23092944
14.73992690	-54.49621291
14.74725291	-55.01866904
14.75457891	-56.02686987
14.76190492	-52.41229310
14.76923093	-57.15106741
14.77655694	-74.77653570
14.78388294	-55.89403909
14.79120895	-56.30237185
14.79853496	-61.98219563
14.80586097	-57.08492866
14.81318697	-63.46382471
14.82051298	-57.37397186
14.82783899	-58.73368891
14.83516500	-58.97744189
14.84249100	-56.10726379
14.84981701	-61.64851347
14.85714302	-68.23658030
14.86446902	-62.92201445
14.87179503	-59.40672168
14.87912104	-62.76240770
14.88644705	-62.34028086
14.89377305	-58.20768537
14.90109906	-64.47308875
14.90842507	-60.28949847
14.91575108	-57.43819216
14.92307708	-62.59447967
14.93040309	-57.50555113
14.93772910	-58.31985773
14.94505511	-61.87378612
14.95238111	-62.60892164
14.95970712	-62.31101989
14.96703313	-59.82662857
14.97435914	-58.97412315
14.98168514	-61.37669589
14.98901115	-60.40616697
14.99633716	-58.76747861
