# Menlo Systems GmbH ScanControl
# Program Version 1.3.3
# Start: -65.00000000 ps, Average over 1000 waveforms. Timestamp: 2020-01-12T18:03:20
# Window type: Tukey, parameters: alpha = 0.2
# User time axis shift: 0 ps
# Frequency [THz]	THz Signal [a.u.]
0.00000000	-12.21005826
0.00732601	-12.88799402
0.01465201	-11.13299073
0.02197802	-6.63681230
0.02930403	-10.89042251
0.03663004	-13.76461257
0.04395604	-6.56158576
0.05128205	-7.99363481
0.05860806	-16.03980796
0.06593407	-21.73991076
0.07326007	-15.94348914
0.08058608	-11.36094963
0.08791209	-7.22031224
0.09523810	-5.55287287
0.10256410	-5.09553675
0.10989011	-5.08378022
0.11721612	-4.41867270
0.12454212	-4.68249921
0.13186813	-3.98972976
0.13919414	-1.15397768
0.14652015	-1.39889807
0.15384615	-1.79306851
0.16117216	0.00000000
0.16849817	-0.84221847
0.17582418	-0.79587665
0.18315018	-0.72672399
0.19047619	-2.14222976
0.19780220	-1.18691175
0.20512821	-1.64295401
0.21245421	-3.38993691
0.21978022	-3.00041655
0.22710623	-2.28209492
0.23443223	-2.43148229
0.24175824	-4.10005325
0.24908425	-2.88047250
0.25641026	-1.65257209
0.26373626	-3.92044843
0.27106227	-3.93968680
0.27838828	-2.93103322
0.28571429	-4.58640130
0.29304029	-5.01401279
0.30036630	-4.47434463
0.30769231	-4.98429995
0.31501832	-6.37634826
0.32234432	-6.32889530
0.32967033	-5.90678908
0.33699634	-7.97361083
0.34432234	-9.33287725
0.35164835	-9.34942417
0.35897436	-10.25799607
0.36630037	-9.56369071
0.37362637	-10.02238028
0.38095238	-10.28398441
0.38827839	-8.88383250
0.39560440	-9.85763408
0.40293040	-11.38591209
0.41025641	-11.60452012
0.41758242	-11.71852040
0.42490843	-12.05475487
0.43223443	-14.41654555
0.43956044	-14.64221656
0.44688645	-14.64392742
0.45421246	-18.27193177
0.46153846	-19.09574175
0.46886447	-16.74082589
0.47619048	-16.68295351
0.48351648	-14.57437872
0.49084249	-13.34396559
0.49816850	-13.85411461
0.50549451	-11.98707001
0.51282051	-11.51757541
0.52014652	-12.18869685
0.52747253	-11.63389277
0.53479854	-11.70447359
0.54212454	-12.16828477
0.54945055	-12.80600612
0.55677656	-12.67985150
0.56410257	-11.85889526
0.57142857	-12.22209055
0.57875458	-11.88561196
0.58608059	-10.64121475
0.59340659	-10.61132181
0.60073260	-10.91965901
0.60805861	-11.09854336
0.61538462	-10.88398961
0.62271062	-10.90075099
0.63003663	-12.17698628
0.63736264	-12.71581578
0.64468865	-12.22848992
0.65201465	-12.82545167
0.65934066	-13.95235717
0.66666667	-14.11745613
0.67399268	-13.38360974
0.68131868	-13.28258130
0.68864469	-14.40238329
0.69597070	-14.86836840
0.70329670	-14.44801280
0.71062271	-15.26495432
0.71794872	-16.39305769
0.72527473	-16.22960373
0.73260073	-16.71521912
0.73992674	-18.45272407
0.74725275	-19.26079572
0.75457876	-18.96366256
0.76190476	-19.69670446
0.76923077	-21.13905936
0.77655678	-20.91051103
0.78388279	-19.95800592
0.79120879	-20.18022214
0.79853480	-21.21401866
0.80586081	-21.53794584
0.81318681	-21.00506714
0.82051282	-21.20851400
0.82783883	-22.26021490
0.83516484	-22.40527596
0.84249084	-22.21000559
0.84981685	-23.17215104
0.85714286	-24.33250069
0.86446887	-24.84096021
0.87179487	-25.58956938
0.87912088	-25.81353281
0.88644689	-25.00669536
0.89377290	-24.52886164
0.90109890	-24.76296640
0.90842491	-25.24493797
0.91575092	-25.13541297
0.92307692	-24.32197650
0.93040293	-24.05590166
0.93772894	-25.05481846
0.94505495	-26.42703576
0.95238095	-26.41375213
0.95970696	-26.63697253
0.96703297	-28.47760366
0.97435898	-29.85958839
0.98168498	-29.22384975
0.98901099	-29.24348984
0.99633700	-30.19810182
1.00366301	-30.34287970
1.01098901	-30.02148917
1.01831502	-30.68399694
1.02564103	-31.49643482
1.03296703	-31.24364852
1.04029304	-30.93599616
1.04761905	-31.63820169
1.05494506	-32.74799157
1.06227106	-32.73286697
1.06959707	-33.50072901
1.07692308	-35.38232276
1.08424909	-35.94594656
1.09157509	-37.29465929
1.09890110	-39.42161309
1.10622711	-40.62859852
1.11355312	-41.27186290
1.12087912	-39.77320892
1.12820513	-38.64515495
1.13553114	-39.62708806
1.14285714	-40.16349730
1.15018315	-40.94247264
1.15750916	-44.12547437
1.16483517	-48.00755462
1.17216117	-46.00519194
1.17948718	-44.03512613
1.18681319	-45.45553064
1.19413920	-41.26725376
1.20146520	-40.50240671
1.20879121	-47.55933332
1.21611722	-45.72090825
1.22344323	-45.23160264
1.23076923	-50.18331603
1.23809524	-46.88301861
1.24542125	-45.72026793
1.25274725	-45.65591389
1.26007326	-44.11111528
1.26739927	-48.53939871
1.27472528	-48.70731091
1.28205128	-47.72453178
1.28937729	-50.81903655
1.29670330	-44.42106763
1.30402931	-44.45114849
1.31135531	-48.87186508
1.31868132	-48.28593501
1.32600733	-48.75231571
1.33333334	-48.09966347
1.34065934	-51.39702364
1.34798535	-56.51137428
1.35531136	-52.36880648
1.36263737	-55.46874014
1.36996337	-58.54349495
1.37728938	-53.22044833
1.38461539	-56.85423167
1.39194139	-58.38836009
1.39926740	-55.21065249
1.40659341	-56.54781998
1.41391942	-54.55130273
1.42124542	-52.63710033
1.42857143	-53.33376604
1.43589744	-55.05386031
1.44322345	-54.66666045
1.45054945	-57.42503949
1.45787546	-58.97990476
1.46520147	-52.16016425
1.47252748	-54.53066410
1.47985348	-61.60160993
1.48717949	-59.15919100
1.49450550	-62.93106245
1.50183150	-61.74755395
1.50915751	-61.03755985
1.51648352	-79.14969443
1.52380953	-54.46702746
1.53113553	-55.05923584
1.53846154	-57.63294499
1.54578755	-52.75633280
1.55311356	-58.93298769
1.56043956	-58.37642110
1.56776557	-61.33288154
1.57509158	-63.58859118
1.58241759	-56.20459026
1.58974359	-61.29073648
1.59706960	-62.54532073
1.60439561	-62.21698758
1.61172161	-58.53638190
1.61904762	-54.50414674
1.62637363	-64.34488011
1.63369964	-62.28565243
1.64102564	-60.73270715
1.64835165	-53.65655933
1.65567766	-55.34549502
1.66300367	-63.15960212
1.67032967	-71.28638431
1.67765568	-63.42468135
1.68498169	-69.20282623
1.69230770	-66.04300182
1.69963370	-61.93148060
1.70695971	-55.19496213
1.71428572	-60.79880957
1.72161172	-69.06604536
1.72893773	-78.73511626
1.73626374	-62.85696541
1.74358975	-69.33518938
1.75091575	-62.96137197
1.75824176	-70.34670510
1.76556777	-57.79717350
1.77289378	-58.27219441
1.78021978	-66.43617972
1.78754579	-58.66351356
1.79487180	-62.81128176
1.80219781	-69.05718802
1.80952381	-60.24314046
1.81684982	-63.09099710
1.82417583	-60.31045351
1.83150183	-58.05551463
1.83882784	-66.20745496
1.84615385	-56.32036473
1.85347986	-59.36297949
1.86080586	-53.31517866
1.86813187	-54.95304910
1.87545788	-66.14172776
1.88278389	-56.45206041
1.89010989	-58.51840173
1.89743590	-63.21904453
1.90476191	-60.35732699
1.91208792	-62.39936285
1.91941392	-68.52948818
1.92673993	-66.67712049
1.93406594	-67.79537995
1.94139194	-65.64319420
1.94871795	-73.32490066
1.95604396	-75.38589499
1.96336997	-59.72697422
1.97069597	-55.66787857
1.97802198	-56.60694325
1.98534799	-60.77919326
1.99267400	-61.33048401
2.00000000	-58.37982473
2.00732601	-55.69173790
2.01465202	-53.43119811
2.02197803	-55.77454589
2.02930403	-59.89013214
2.03663004	-61.38270675
2.04395605	-60.49613753
2.05128205	-59.57599700
2.05860806	-57.17003776
2.06593407	-61.23527131
2.07326008	-66.23466456
2.08058608	-65.30908129
2.08791209	-64.37295768
2.09523810	-62.68929643
2.10256411	-66.23405876
2.10989011	-60.64300428
2.11721612	-73.20269018
2.12454213	-63.05032863
2.13186814	-70.55749504
2.13919414	-61.67660168
2.14652015	-60.64319149
2.15384616	-61.23916710
2.16117217	-60.87802301
2.16849817	-66.65052702
2.17582418	-57.58039925
2.18315019	-52.81895706
2.19047619	-56.08919662
2.19780220	-67.76515349
2.20512821	-55.10984543
2.21245422	-56.91213158
2.21978022	-80.86220968
2.22710623	-63.72114072
2.23443224	-63.26856728
2.24175825	-64.36009668
2.24908425	-64.96854561
2.25641026	-75.83135138
2.26373627	-59.56099951
2.27106228	-60.14509048
2.27838828	-74.16924136
2.28571429	-62.15634866
2.29304030	-58.34071778
2.30036630	-57.82260790
2.30769231	-59.44450688
2.31501832	-60.51769138
2.32234433	-62.49750836
2.32967033	-68.70523583
2.33699634	-77.38241503
2.34432235	-74.45942738
2.35164836	-69.76946734
2.35897436	-60.69097537
2.36630037	-58.01402917
2.37362638	-62.88549381
2.38095239	-65.00789215
2.38827839	-67.98328186
2.39560440	-67.67415713
2.40293041	-64.00550981
2.41025641	-58.24777448
2.41758242	-56.87001690
2.42490843	-61.62600851
2.43223444	-59.24107424
2.43956044	-74.22146981
2.44688645	-60.90506609
2.45421246	-66.34039979
2.46153847	-62.86480899
2.46886447	-60.14614242
2.47619048	-65.16945935
2.48351649	-76.34595555
2.49084250	-63.21543121
2.49816850	-61.22140243
2.50549451	-67.40755225
2.51282052	-65.11598028
2.52014652	-59.97498224
2.52747253	-61.34410889
2.53479854	-64.19088030
2.54212455	-66.59885305
2.54945055	-57.94851097
2.55677656	-56.73975879
2.56410257	-66.03819550
2.57142858	-64.32069207
2.57875458	-59.66568585
2.58608059	-57.84765244
2.59340660	-61.64235501
2.60073261	-60.91775662
2.60805861	-60.77914825
2.61538462	-66.57853879
2.62271063	-58.06102967
2.63003663	-54.45571553
2.63736264	-54.98283683
2.64468865	-59.20851942
2.65201466	-62.61016877
2.65934066	-61.86893069
2.66666667	-66.46463884
2.67399268	-66.35982031
2.68131869	-64.73736583
2.68864469	-65.71557040
2.69597070	-71.77354030
2.70329671	-60.22522154
2.71062272	-55.46744397
2.71794872	-58.28147042
2.72527473	-63.91929628
2.73260074	-63.38706420
2.73992674	-70.31688840
2.74725275	-62.00252144
2.75457876	-56.48790213
2.76190477	-61.05945036
2.76923077	-72.84534052
2.77655678	-64.29211963
2.78388279	-65.84937308
2.79120880	-64.80651054
2.79853480	-61.40332090
2.80586081	-66.50348535
2.81318682	-60.30001562
2.82051283	-58.50000688
2.82783883	-61.09400184
2.83516484	-64.74203932
2.84249085	-62.84523623
2.84981685	-61.00008146
2.85714286	-70.09187900
2.86446887	-61.45429719
2.87179488	-75.72124145
2.87912088	-56.47976061
2.88644689	-55.19722408
2.89377290	-58.56291111
2.90109891	-54.73881403
2.90842491	-56.74454013
2.91575092	-73.40129494
2.92307693	-66.95275273
2.93040294	-65.55348865
2.93772894	-56.63550463
2.94505495	-61.28979045
2.95238096	-69.58300411
2.95970696	-64.50551998
2.96703297	-66.16935316
2.97435898	-61.83594233
2.98168499	-56.10783726
2.98901099	-58.62881247
2.99633700	-68.04365019
3.00366301	-66.06243691
3.01098902	-71.53392675
3.01831502	-67.88238997
3.02564103	-63.95578342
3.03296704	-59.73814348
3.04029305	-62.75852279
3.04761905	-62.61097312
3.05494506	-57.68352727
3.06227107	-61.76951473
3.06959708	-72.30161246
3.07692308	-61.51371936
3.08424909	-59.83678528
3.09157510	-60.03172338
3.09890110	-58.98193618
3.10622711	-69.47275206
3.11355312	-66.25744420
3.12087913	-71.17965114
3.12820513	-61.12800123
3.13553114	-58.81472562
3.14285715	-57.31858353
3.15018316	-65.21991349
3.15750916	-58.34441086
3.16483517	-57.96108262
3.17216118	-71.62790390
3.17948719	-66.06788005
3.18681319	-76.43797293
3.19413920	-69.73605870
3.20146521	-65.26782534
3.20879121	-64.59787091
3.21611722	-85.54075006
3.22344323	-75.70257620
3.23076924	-62.48578707
3.23809524	-67.72629926
3.24542125	-63.07343511
3.25274726	-60.43506395
3.26007327	-67.15503150
3.26739927	-70.53988267
3.27472528	-59.28487541
3.28205129	-58.37106232
3.28937730	-68.09606000
3.29670330	-56.66834050
3.30402931	-58.43385079
3.31135532	-62.30819809
3.31868132	-62.36435489
3.32600733	-61.97554921
3.33333334	-66.75757794
3.34065935	-73.09697909
3.34798535	-69.05049398
3.35531136	-63.20453786
3.36263737	-61.47458806
3.36996338	-59.11947571
3.37728938	-57.97281259
3.38461539	-60.83592724
3.39194140	-72.01423496
3.39926741	-75.73837723
3.40659341	-66.25406039
3.41391942	-61.57107200
3.42124543	-58.42110821
3.42857143	-57.69462911
3.43589744	-62.37577876
3.44322345	-75.76319681
3.45054946	-66.62034325
3.45787546	-56.91869308
3.46520147	-55.56207566
3.47252748	-61.32387986
3.47985349	-72.92005478
3.48717949	-66.40845602
3.49450550	-59.79027984
3.50183151	-57.53637081
3.50915752	-58.45818332
3.51648352	-66.96067955
3.52380953	-72.12208186
3.53113554	-81.60093925
3.53846154	-60.70707991
3.54578755	-57.33329482
3.55311356	-58.45407706
3.56043957	-58.76347946
3.56776557	-62.40088541
3.57509158	-64.33596947
3.58241759	-58.27199486
3.58974360	-61.64785260
3.59706960	-76.75396483
3.60439561	-77.69042511
3.61172162	-69.95353777
3.61904763	-75.33527332
3.62637363	-63.95767854
3.63369964	-59.93304340
3.64102565	-61.12311154
3.64835165	-60.88431352
3.65567766	-60.11417386
3.66300367	-60.79236356
3.67032968	-53.62347120
3.67765568	-53.48768184
3.68498169	-64.33796685
3.69230770	-55.13989802
3.69963371	-56.29674284
3.70695971	-62.41841211
3.71428572	-78.30383107
3.72161173	-62.12155976
3.72893774	-64.38814517
3.73626374	-64.76215937
3.74358975	-65.92771874
3.75091576	-77.61932134
3.75824176	-79.71621513
3.76556777	-66.99746675
3.77289378	-62.78994191
3.78021979	-63.63703310
3.78754579	-65.27120186
3.79487180	-68.32474439
3.80219781	-69.67703351
3.80952382	-66.85488086
3.81684982	-64.01614492
3.82417583	-62.58287740
3.83150184	-60.87219472
3.83882785	-57.21264322
3.84615385	-58.32749687
3.85347986	-68.04125560
3.86080587	-67.62363133
3.86813187	-60.23277721
3.87545788	-60.61977217
3.88278389	-81.55417990
3.89010990	-63.78923245
3.89743590	-68.41974418
3.90476191	-64.61483359
3.91208792	-68.26296248
3.91941393	-63.75337108
3.92673993	-63.79761344
3.93406594	-64.57880879
3.94139195	-67.96757159
3.94871796	-66.11212569
3.95604396	-55.32450309
3.96336997	-53.49722181
3.97069598	-57.36151968
3.97802199	-65.34395012
3.98534799	-65.90714257
3.99267400	-62.62028143
4.00000001	-62.04201064
4.00732601	-67.49845347
4.01465202	-73.43037500
4.02197803	-60.79211775
4.02930404	-58.43634302
4.03663004	-64.80667581
4.04395605	-62.43294510
4.05128206	-60.17019404
4.05860807	-67.63892963
4.06593407	-68.66555738
4.07326008	-60.16106573
4.08058609	-58.53956873
4.08791210	-59.42611836
4.09523810	-57.72036418
4.10256411	-57.71400317
4.10989012	-67.42305001
4.11721612	-58.87275428
4.12454213	-54.98669393
4.13186814	-58.52417229
4.13919415	-79.74325763
4.14652015	-65.92717183
4.15384616	-65.47392471
4.16117217	-68.04695094
4.16849818	-65.91597676
4.17582418	-57.63140339
4.18315019	-55.03219119
4.19047620	-59.06309123
4.19780221	-66.07136113
4.20512821	-67.32203424
4.21245422	-58.66295807
4.21978023	-57.27575067
4.22710623	-59.30577208
4.23443224	-63.58317186
4.24175825	-64.93860730
4.24908426	-59.09563722
4.25641026	-64.36965507
4.26373627	-65.57075914
4.27106228	-59.00894563
4.27838829	-58.31665026
4.28571429	-57.39196111
4.29304030	-58.96563120
4.30036631	-69.54466157
4.30769232	-76.20374976
4.31501832	-69.06240230
4.32234433	-71.57716046
4.32967034	-62.17375166
4.33699634	-63.57496509
4.34432235	-71.23434909
4.35164836	-62.27826287
4.35897437	-60.20455554
4.36630037	-63.08714229
4.37362638	-59.99027627
4.38095239	-76.53277300
4.38827840	-57.60670345
4.39560440	-57.39227177
4.40293041	-60.22130467
4.41025642	-59.39415066
4.41758243	-60.30152884
4.42490843	-62.98826927
4.43223444	-64.80873372
4.43956045	-65.97408808
4.44688645	-72.70824238
4.45421246	-63.22671012
4.46153847	-59.39230160
4.46886448	-62.94135812
4.47619048	-69.55804077
4.48351649	-61.34605961
4.49084250	-62.52534431
4.49816851	-61.91061579
4.50549451	-62.25126911
4.51282052	-65.14631259
4.52014653	-63.08515964
4.52747254	-59.39274337
4.53479854	-57.50189072
4.54212455	-57.76957707
4.54945056	-59.22361510
4.55677656	-62.56305322
4.56410257	-59.06465842
4.57142858	-62.06591127
4.57875459	-75.61589831
4.58608059	-68.57122975
4.59340660	-63.95080587
4.60073261	-63.35649355
4.60805862	-60.85837385
4.61538462	-62.92328824
4.62271063	-71.50246328
4.63003664	-59.19516330
4.63736265	-61.55120374
4.64468865	-64.14643262
4.65201466	-65.51015621
4.65934067	-62.23463156
4.66666667	-57.95805799
4.67399268	-56.34917128
4.68131869	-61.89257079
4.68864470	-78.10154898
4.69597070	-74.33126438
4.70329671	-70.16791506
4.71062272	-67.27802380
4.71794873	-60.42316244
4.72527473	-61.70326324
4.73260074	-68.39569124
4.73992675	-67.40694629
4.74725276	-67.60844917
4.75457876	-76.67924610
4.76190477	-69.76854724
4.76923078	-61.37662959
4.77655679	-58.16067074
4.78388279	-59.17704778
4.79120880	-60.60471552
4.79853481	-61.79812954
4.80586081	-68.46201902
4.81318682	-62.52063691
4.82051283	-59.11981981
4.82783884	-57.84024808
4.83516484	-59.86623565
4.84249085	-68.44447597
4.84981686	-66.09593471
4.85714287	-72.14813213
4.86446887	-68.07447325
4.87179488	-67.97876545
4.87912089	-87.54076936
4.88644690	-70.12568142
4.89377290	-66.71251529
4.90109891	-67.10108354
4.90842492	-77.64385325
4.91575092	-65.90184728
4.92307693	-60.64246438
4.93040294	-62.73922994
4.93772895	-67.54726536
4.94505495	-64.86832065
4.95238096	-64.01734388
4.95970697	-66.31385307
4.96703298	-62.70242182
4.97435898	-60.70390749
4.98168499	-63.47268789
4.98901100	-66.14567578
4.99633701	-60.58988366
5.00366301	-59.16794941
5.01098902	-59.13531208
5.01831503	-66.85860384
5.02564103	-67.67733208
5.03296704	-64.30796590
5.04029305	-70.69232768
5.04761906	-76.89108960
5.05494506	-61.38707488
5.06227107	-56.25898514
5.06959708	-59.24645308
5.07692309	-74.60573117
5.08424909	-63.84923370
5.09157510	-69.23914697
5.09890111	-56.43542877
5.10622712	-56.48215617
5.11355312	-64.35362409
5.12087913	-68.08566118
5.12820514	-66.18488861
5.13553114	-64.44667318
5.14285715	-63.12848461
5.15018316	-62.93931092
5.15750917	-64.86525814
5.16483517	-71.40106051
5.17216118	-70.75762659
5.17948719	-62.14437641
5.18681320	-58.89694026
5.19413920	-59.56152598
5.20146521	-60.48579624
5.20879122	-59.83569572
5.21611723	-61.42619774
5.22344323	-64.84371075
5.23076924	-60.64710307
5.23809525	-68.93985440
5.24542125	-57.29657637
5.25274726	-59.57348176
5.26007327	-70.04757126
5.26739928	-65.83744121
5.27472528	-62.48205965
5.28205129	-55.95904252
5.28937730	-60.32674242
5.29670331	-67.21189645
5.30402931	-65.72194138
5.31135532	-72.82554927
5.31868133	-59.52440732
5.32600734	-58.00826692
5.33333334	-60.42926370
5.34065935	-66.76643254
5.34798536	-65.18641842
5.35531136	-60.81495892
5.36263737	-61.06267652
5.36996338	-61.75610165
5.37728939	-62.35349593
5.38461539	-71.42720187
5.39194140	-58.26154539
5.39926741	-55.18508559
5.40659342	-60.58217597
5.41391942	-67.29630942
5.42124543	-74.32605498
5.42857144	-60.11352829
5.43589745	-61.91287793
5.44322345	-63.14101507
5.45054946	-60.33020308
5.45787547	-66.39489640
5.46520147	-84.04674942
5.47252748	-75.45953172
5.47985349	-66.65865885
5.48717950	-62.37747370
5.49450550	-64.06963198
5.50183151	-64.69392052
5.50915752	-65.57437017
5.51648353	-77.42622292
5.52380953	-64.38820501
5.53113554	-64.51306270
5.53846155	-66.77425382
5.54578756	-71.81089279
5.55311356	-69.03525285
5.56043957	-64.20009067
5.56776558	-70.38558706
5.57509158	-68.14708863
5.58241759	-64.43003640
5.58974360	-67.91379189
5.59706961	-64.63419143
5.60439561	-78.05069393
5.61172162	-69.83721460
5.61904763	-66.16314689
5.62637364	-56.42420558
5.63369964	-56.65636522
5.64102565	-64.07583607
5.64835166	-67.76819780
5.65567767	-71.66450395
5.66300367	-63.29814302
5.67032968	-59.92774365
5.67765569	-67.76749462
5.68498170	-64.60048821
5.69230770	-62.68848343
5.69963371	-60.83807003
5.70695972	-55.04521403
5.71428572	-56.34011870
5.72161173	-74.70359048
5.72893774	-60.63890155
5.73626375	-61.21584115
5.74358975	-72.19412856
5.75091576	-64.78254898
5.75824177	-59.87352226
5.76556778	-61.97274597
5.77289378	-58.72539546
5.78021979	-58.97474957
5.78754580	-65.71632570
5.79487181	-67.41073796
5.80219781	-64.68350164
5.80952382	-69.55366093
5.81684983	-62.60823612
5.82417583	-65.17010907
5.83150184	-78.82442528
5.83882785	-65.63508817
5.84615386	-58.07066014
5.85347986	-56.39146364
5.86080587	-59.57841968
5.86813188	-64.97359135
5.87545789	-59.24140574
5.88278389	-58.27795522
5.89010990	-60.72782937
5.89743591	-73.27063973
5.90476192	-59.20947157
5.91208792	-59.02606799
5.91941393	-59.88399837
5.92673994	-68.59408653
5.93406594	-58.02413484
5.94139195	-59.86910923
5.94871796	-61.19872820
5.95604397	-55.90238627
5.96336997	-65.58925740
5.97069598	-58.84006057
5.97802199	-59.26902372
5.98534800	-73.87716407
5.99267400	-60.30695917
6.00000001	-63.12209003
6.00732602	-73.50005410
6.01465203	-70.89490627
6.02197803	-63.00331977
6.02930404	-59.55342293
6.03663005	-61.26593208
6.04395605	-66.68112433
6.05128206	-59.88413119
6.05860807	-60.38625411
6.06593408	-73.06350259
6.07326008	-67.60361555
6.08058609	-73.48386580
6.08791210	-59.49705975
6.09523811	-61.52976464
6.10256411	-62.89390239
6.10989012	-62.87255538
6.11721613	-64.95947506
6.12454214	-56.70199719
6.13186814	-60.48633875
6.13919415	-62.78481827
6.14652016	-61.35614484
6.15384616	-68.98414453
6.16117217	-84.69429829
6.16849818	-68.23265885
6.17582419	-63.07273442
6.18315019	-65.86052057
6.19047620	-67.18372103
6.19780221	-57.74482382
6.20512822	-59.46598936
6.21245422	-68.12825002
6.21978023	-60.45344695
6.22710624	-55.65989371
6.23443225	-53.90356469
6.24175825	-59.53728165
6.24908426	-65.93308757
6.25641027	-59.77995550
6.26373627	-70.13483794
6.27106228	-65.72684980
6.27838829	-64.13729163
6.28571430	-61.15538112
6.29304030	-63.68401748
6.30036631	-71.07655695
6.30769232	-65.76226543
6.31501833	-66.48701828
6.32234433	-72.77770482
6.32967034	-61.04807012
6.33699635	-56.13308509
6.34432236	-57.40079375
6.35164836	-61.23789057
6.35897437	-61.91323901
6.36630038	-57.91856905
6.37362638	-56.31323368
6.38095239	-60.16940693
6.38827840	-72.21672898
6.39560441	-63.38633369
6.40293041	-65.22245282
6.41025642	-64.13392298
6.41758243	-66.78540579
6.42490844	-68.38234193
6.43223444	-61.59722387
6.43956045	-63.50383000
6.44688646	-73.50320839
6.45421247	-61.71563940
6.46153847	-61.41261643
6.46886448	-73.71614272
6.47619049	-67.72642358
6.48351650	-62.91740702
6.49084250	-67.27210159
6.49816851	-66.03359399
6.50549452	-62.09068423
6.51282052	-63.57701134
6.52014653	-62.05504732
6.52747254	-70.31117696
6.53479855	-63.22355210
6.54212455	-60.67388196
6.54945056	-61.46998932
6.55677657	-63.12304522
6.56410258	-70.17524150
6.57142858	-67.11674319
6.57875459	-62.77122217
6.58608060	-62.19094182
6.59340661	-63.25762549
6.60073261	-63.24968289
6.60805862	-65.48988674
6.61538463	-62.92498123
6.62271063	-64.61969003
6.63003664	-69.24640932
6.63736265	-80.38397351
6.64468866	-69.50292524
6.65201466	-63.27809488
6.65934067	-60.08747098
6.66666668	-62.30114337
6.67399269	-75.51455027
6.68131869	-68.84461327
6.68864470	-66.54712590
6.69597071	-67.96345231
6.70329672	-63.13672658
6.71062272	-60.95508151
6.71794873	-66.62179606
6.72527474	-62.70254960
6.73260074	-58.74605030
6.73992675	-58.09185690
6.74725276	-61.88198109
6.75457877	-63.86560937
6.76190477	-59.41475619
6.76923078	-58.85359932
6.77655679	-63.59042816
6.78388280	-63.05633529
6.79120880	-61.90971835
6.79853481	-65.44897031
6.80586082	-92.29570035
6.81318683	-68.86737124
6.82051283	-63.83776109
6.82783884	-59.20919204
6.83516485	-59.69926190
6.84249085	-63.07957587
6.84981686	-66.30605269
6.85714287	-69.57818807
6.86446888	-65.07398549
6.87179488	-62.23799044
6.87912089	-63.99806276
6.88644690	-64.43395909
6.89377291	-60.66758465
6.90109891	-60.79070984
6.90842492	-56.56056063
6.91575093	-62.56048762
6.92307694	-59.16729120
6.93040294	-58.42477253
6.93772895	-73.99677395
6.94505496	-61.85428442
6.95238096	-67.68067876
6.95970697	-65.82952804
6.96703298	-59.41069914
6.97435899	-56.70292455
6.98168499	-60.89763975
6.98901100	-58.21492078
6.99633701	-74.89025364
7.00366302	-58.81601138
7.01098902	-64.36410404
7.01831503	-61.53984092
7.02564104	-60.40980148
7.03296705	-61.79027785
7.04029305	-59.89846178
7.04761906	-69.49523377
7.05494507	-62.43180016
7.06227107	-66.51976932
7.06959708	-64.03397357
7.07692309	-62.08241881
7.08424910	-70.36203543
7.09157510	-62.81657045
7.09890111	-63.58832031
7.10622712	-59.44762861
7.11355313	-60.46692011
7.12087913	-69.19747356
7.12820514	-74.47040974
7.13553115	-71.07300848
7.14285716	-68.73155572
7.15018316	-67.68207281
7.15750917	-60.09740316
7.16483518	-63.62563685
7.17216118	-75.56748255
7.17948719	-67.09920047
7.18681320	-72.14292894
7.19413921	-67.17203913
7.20146521	-70.74888394
7.20879122	-63.33124321
7.21611723	-60.55358457
7.22344324	-66.02516457
7.23076924	-66.59568252
7.23809525	-65.54954809
7.24542126	-72.14484327
7.25274727	-70.22850193
7.26007327	-68.95417885
7.26739928	-70.75776946
7.27472529	-78.72290514
7.28205129	-67.67873528
7.28937730	-72.20628865
7.29670331	-67.31543049
7.30402932	-71.18146922
7.31135532	-69.71919561
7.31868133	-68.34259700
7.32600734	-69.39539484
7.33333335	-61.06275262
7.34065935	-62.37184078
7.34798536	-62.36828103
7.35531137	-62.75629573
7.36263738	-67.46515659
7.36996338	-73.46239878
7.37728939	-74.04796565
7.38461540	-73.81472422
7.39194141	-73.37649897
7.39926741	-61.00285269
7.40659342	-58.56859634
7.41391943	-60.93129039
7.42124543	-67.48094623
7.42857144	-70.73535610
7.43589745	-68.03700121
7.44322346	-64.57546201
7.45054946	-77.61387101
7.45787547	-60.70569285
7.46520148	-64.59573445
7.47252749	-62.22616645
7.47985349	-60.73890171
7.48717950	-70.58957262
7.49450551	-59.08457697
7.50183152	-60.22057224
7.50915752	-63.09032651
7.51648353	-62.50281624
7.52380954	-65.03572145
7.53113554	-62.45241934
7.53846155	-56.91943665
7.54578756	-58.64091947
7.55311357	-62.74896141
7.56043957	-60.81545118
7.56776558	-62.22419005
7.57509159	-74.31574181
7.58241760	-64.43795368
7.58974360	-66.33802723
7.59706961	-55.31837510
7.60439562	-56.07566545
7.61172163	-70.15685920
7.61904763	-68.37589370
7.62637364	-91.43458752
7.63369965	-66.18965588
7.64102565	-64.36313488
7.64835166	-62.86227680
7.65567767	-60.71523829
7.66300368	-59.69894947
7.67032968	-59.42059436
7.67765569	-60.98525482
7.68498170	-63.19846088
7.69230771	-58.86629984
7.69963371	-58.87703895
7.70695972	-65.26728697
7.71428573	-77.49473372
7.72161174	-72.07105940
7.72893774	-71.13470447
7.73626375	-65.18660669
7.74358976	-66.80099118
7.75091576	-72.24907839
7.75824177	-76.00906192
7.76556778	-61.14687965
7.77289379	-60.91085736
7.78021979	-64.41836141
7.78754580	-59.18459265
7.79487181	-59.21702378
7.80219782	-65.54602642
7.80952382	-70.35552817
7.81684983	-69.21116154
7.82417584	-64.47022422
7.83150185	-61.91949910
7.83882785	-78.82248979
7.84615386	-64.15684315
7.85347987	-67.33963712
7.86080587	-80.86794479
7.86813188	-70.09742784
7.87545789	-61.21458449
7.88278390	-60.07625034
7.89010990	-65.15176258
7.89743591	-69.91058248
7.90476192	-60.99477874
7.91208793	-68.96171628
7.91941393	-60.70492533
7.92673994	-56.56809370
7.93406595	-62.35827003
7.94139196	-65.84073921
7.94871796	-60.24465900
7.95604397	-62.84660461
7.96336998	-62.86403603
7.97069598	-65.20367671
7.97802199	-68.08864313
7.98534800	-75.79889976
7.99267401	-74.22021177
8.00000001	-74.58614122
8.00732602	-63.10709573
8.01465203	-65.66923108
8.02197804	-71.28858291
8.02930404	-66.43273370
8.03663005	-84.75114402
8.04395606	-67.11515954
8.05128207	-74.78213388
8.05860807	-61.40509960
8.06593408	-62.24369109
8.07326009	-70.80715202
8.08058609	-59.13179444
8.08791210	-58.50340466
8.09523811	-62.98545227
8.10256412	-79.89213199
8.10989012	-66.01706991
8.11721613	-63.44434581
8.12454214	-61.35711138
8.13186815	-59.62840347
8.13919415	-63.51748890
8.14652016	-62.71306080
8.15384617	-62.44608314
8.16117218	-62.89052141
8.16849818	-59.92315016
8.17582419	-62.44008096
8.18315020	-67.67133086
8.19047620	-68.80201689
8.19780221	-64.34095336
8.20512822	-70.20571536
8.21245423	-66.97472734
8.21978023	-64.37729367
8.22710624	-68.74664743
8.23443225	-77.84015358
8.24175826	-67.17377444
8.24908426	-65.03356882
8.25641027	-66.60003167
8.26373628	-61.11011010
8.27106229	-59.24816408
8.27838829	-62.43346905
8.28571430	-80.83390740
8.29304031	-63.09457540
8.30036632	-60.92108597
8.30769232	-58.42444278
8.31501833	-57.01771138
8.32234434	-59.17372710
8.32967034	-61.23055650
8.33699635	-64.62248565
8.34432236	-69.88912690
8.35164837	-66.90615174
8.35897437	-65.24325978
8.36630038	-80.37678452
8.37362639	-60.99556217
8.38095240	-62.23931940
8.38827840	-73.25824622
8.39560441	-67.31895603
8.40293042	-69.52355803
8.41025643	-64.11095421
8.41758243	-64.73142670
8.42490844	-64.59170486
8.43223445	-68.30293605
8.43956045	-74.98939405
8.44688646	-72.98896679
8.45421247	-64.21765738
8.46153848	-66.17300761
8.46886448	-75.83918362
8.47619049	-74.62494607
8.48351650	-70.71167537
8.49084251	-65.03911039
8.49816851	-65.67190944
8.50549452	-60.70407253
8.51282053	-59.01686206
8.52014654	-60.35583031
8.52747254	-63.43375690
8.53479855	-59.52269101
8.54212456	-58.42040921
8.54945056	-63.77773791
8.55677657	-64.38162959
8.56410258	-58.98508228
8.57142859	-58.09868595
8.57875459	-64.73650388
8.58608060	-69.65300123
8.59340661	-68.25833879
8.60073262	-70.48995256
8.60805862	-70.48173904
8.61538463	-77.10479899
8.62271064	-68.20451234
8.63003665	-63.64468254
8.63736265	-66.64852785
8.64468866	-70.18632962
8.65201467	-71.29036119
8.65934067	-67.29948914
8.66666668	-63.06913787
8.67399269	-68.10142826
8.68131870	-68.94588220
8.68864470	-65.41972688
8.69597071	-63.03058275
8.70329672	-63.37516529
8.71062273	-70.45312398
8.71794873	-65.44604999
8.72527474	-67.87429911
8.73260075	-86.70337338
8.73992676	-72.97960821
8.74725276	-76.72991495
8.75457877	-65.56455735
8.76190478	-61.37123962
8.76923078	-64.46198870
8.77655679	-71.39829301
8.78388280	-74.75551390
8.79120881	-74.35859989
8.79853481	-64.04034439
8.80586082	-59.03227359
8.81318683	-58.82096332
8.82051284	-61.89346295
8.82783884	-63.05788142
8.83516485	-72.15854804
8.84249086	-62.68161317
8.84981687	-59.75884465
8.85714287	-77.98912899
8.86446888	-61.20321174
8.87179489	-59.23754904
8.87912089	-58.44989118
8.88644690	-59.19713794
8.89377291	-63.32469401
8.90109892	-66.73982133
8.90842492	-65.82344569
8.91575093	-76.67449597
8.92307694	-63.61816282
8.93040295	-62.33353080
8.93772895	-66.23179556
8.94505496	-66.27236574
8.95238097	-63.16803746
8.95970698	-59.59481798
8.96703298	-60.27253054
8.97435899	-66.51450261
8.98168500	-73.42654281
8.98901100	-71.63668811
8.99633701	-75.79056133
9.00366302	-67.53284456
9.01098903	-65.71833819
9.01831503	-65.60533292
9.02564104	-62.46038168
9.03296705	-59.84986477
9.04029306	-70.16532388
9.04761906	-68.33208834
9.05494507	-73.45929269
9.06227108	-58.84049769
9.06959709	-61.42707282
9.07692309	-68.99932818
9.08424910	-61.66066411
9.09157511	-68.52489629
9.09890112	-63.69794449
9.10622712	-64.48731993
9.11355313	-66.45332988
9.12087914	-60.03980859
9.12820514	-58.94038301
9.13553115	-63.32367393
9.14285716	-65.91643426
9.15018317	-72.12774817
9.15750917	-63.19731846
9.16483518	-58.92294670
9.17216119	-60.24704142
9.17948720	-65.75833115
9.18681320	-78.40855613
9.19413921	-68.13674531
9.20146522	-62.69188153
9.20879123	-61.49874588
9.21611723	-66.21871710
9.22344324	-75.14304722
9.23076925	-66.86361536
9.23809525	-73.26220881
9.24542126	-66.92405830
9.25274727	-65.50242073
9.26007328	-63.44777659
9.26739928	-65.91322758
9.27472529	-62.03294461
9.28205130	-58.00606653
9.28937731	-65.22809173
9.29670331	-69.24948819
9.30402932	-64.66970947
9.31135533	-63.20806114
9.31868134	-61.59023670
9.32600734	-58.09876771
9.33333335	-59.14385554
9.34065936	-62.16561172
9.34798536	-63.38895835
9.35531137	-76.15018502
9.36263738	-62.32366863
9.36996339	-58.51896173
9.37728939	-61.97183553
9.38461540	-61.32120519
9.39194141	-58.21125605
9.39926742	-59.01270348
9.40659342	-63.41489763
9.41391943	-73.82270766
9.42124544	-69.08406568
9.42857145	-65.19378389
9.43589745	-66.49005330
9.44322346	-70.17192704
9.45054947	-75.30872015
9.45787547	-67.77679488
9.46520148	-67.23371680
9.47252749	-63.66663838
9.47985350	-61.36263834
9.48717950	-69.18182968
9.49450551	-67.98058561
9.50183152	-65.31544779
9.50915753	-65.51249375
9.51648353	-64.21743977
9.52380954	-67.02522434
9.53113555	-72.25214047
9.53846156	-70.26626316
9.54578756	-69.41391313
9.55311357	-65.80032671
9.56043958	-69.94285424
9.56776558	-67.31951384
9.57509159	-68.59140703
9.58241760	-76.40568592
9.58974361	-73.53912866
9.59706961	-74.52600621
9.60439562	-67.37934231
9.61172163	-66.50248002
9.61904764	-63.71156652
9.62637364	-62.96234266
9.63369965	-68.56893545
9.64102566	-69.32209721
9.64835167	-68.32516397
9.65567767	-68.44164471
9.66300368	-70.93268222
9.67032969	-65.73114020
9.67765569	-70.19858197
9.68498170	-58.59775095
9.69230771	-59.37585606
9.69963372	-61.74913347
9.70695972	-62.80285660
9.71428573	-67.24420697
9.72161174	-68.74729671
9.72893775	-63.75129567
9.73626375	-73.54620953
9.74358976	-64.38647749
9.75091577	-85.62245044
9.75824178	-64.80549156
9.76556778	-72.50180705
9.77289379	-65.16982007
9.78021980	-71.31443287
9.78754580	-73.24850819
9.79487181	-70.41253819
9.80219782	-64.57885021
9.80952383	-70.28928503
9.81684983	-60.20057357
9.82417584	-61.88841764
9.83150185	-64.42794843
9.83882786	-63.96990235
9.84615386	-66.68386867
9.85347987	-76.98742449
9.86080588	-66.29850919
9.86813189	-65.55618147
9.87545789	-69.16220004
9.88278390	-59.09438020
9.89010991	-64.52227366
9.89743591	-61.37485708
9.90476192	-58.94756288
9.91208793	-60.20121956
9.91941394	-60.18698271
9.92673994	-61.04794547
9.93406595	-80.68507726
9.94139196	-60.90251999
9.94871797	-64.09900813
9.95604397	-67.19418571
9.96336998	-76.76671586
9.97069599	-73.00713645
9.97802200	-69.93131056
9.98534800	-60.04495087
9.99267401	-62.08940983
10.00000002	-76.79014385
10.00732603	-61.10213494
10.01465203	-60.43737325
10.02197804	-65.35180103
10.02930405	-70.69062815
10.03663005	-60.59804796
10.04395606	-62.71114888
10.05128207	-72.03015368
10.05860808	-59.86236764
10.06593408	-60.18717434
10.07326009	-62.15388864
10.08058610	-61.56710503
10.08791211	-67.20640126
10.09523811	-64.09658069
10.10256412	-62.85692020
10.10989013	-61.90837200
10.11721614	-57.19154191
10.12454214	-59.87584146
10.13186815	-67.74751051
10.13919416	-64.88390518
10.14652016	-66.12921300
10.15384617	-63.25497435
10.16117218	-69.10097665
10.16849819	-61.84937577
10.17582419	-60.09115406
10.18315020	-62.21229679
10.19047621	-64.84312370
10.19780222	-74.35265978
10.20512822	-76.40973536
10.21245423	-70.55896242
10.21978024	-63.85422081
10.22710625	-66.37244664
10.23443225	-80.08154625
10.24175826	-69.80050148
10.24908427	-67.05639217
10.25641027	-57.74742575
10.26373628	-55.76555744
10.27106229	-62.00299075
10.27838830	-70.05790944
10.28571430	-67.89529462
10.29304031	-64.29673958
10.30036632	-70.32624905
10.30769233	-66.38308432
10.31501833	-67.57778984
10.32234434	-69.32356650
10.32967035	-60.33747331
10.33699636	-62.40579395
10.34432236	-70.79101961
10.35164837	-72.35644572
10.35897438	-64.35556972
10.36630038	-67.33789340
10.37362639	-64.53470573
10.38095240	-71.79910650
10.38827841	-57.09291860
10.39560441	-59.13915686
10.40293042	-58.39587800
10.41025643	-54.98918020
10.41758244	-59.44986994
10.42490844	-66.22090118
10.43223445	-80.42381949
10.43956046	-63.46802145
10.44688647	-63.48677438
10.45421247	-64.06550588
10.46153848	-72.68123415
10.46886449	-69.06119995
10.47619049	-67.41214455
10.48351650	-75.98716866
10.49084251	-67.94585034
10.49816852	-65.48329320
10.50549452	-61.56445667
10.51282053	-58.36584605
10.52014654	-61.42892505
10.52747255	-73.72423701
10.53479855	-76.08974757
10.54212456	-72.83727923
10.54945057	-67.32062627
10.55677658	-64.44434680
10.56410258	-65.53102374
10.57142859	-63.46298601
10.57875460	-68.02742929
10.58608060	-63.81679012
10.59340661	-56.56591975
10.60073262	-58.81738478
10.60805863	-71.89932387
10.61538463	-74.13760125
10.62271064	-60.57737191
10.63003665	-59.83817672
10.63736266	-58.09472288
10.64468866	-56.87773099
10.65201467	-68.26958141
10.65934068	-65.00843031
10.66666669	-74.38246215
10.67399269	-61.67527651
10.68131870	-63.91553282
10.68864471	-66.17381827
10.69597071	-76.93158298
10.70329672	-63.81589665
10.71062273	-61.32541553
10.71794874	-76.90206849
10.72527474	-58.18190091
10.73260075	-59.45998283
10.73992676	-59.98923742
10.74725277	-53.85523603
10.75457877	-57.44377621
10.76190478	-63.30724536
10.76923079	-74.42996345
10.77655680	-60.69206167
10.78388280	-58.46072762
10.79120881	-58.31270234
10.79853482	-56.49808851
10.80586083	-61.29550514
10.81318683	-68.58024021
10.82051284	-66.20277900
10.82783885	-62.28913915
10.83516485	-62.90221853
10.84249086	-66.37123205
10.84981687	-59.50809041
10.85714288	-59.78742974
10.86446888	-76.26834293
10.87179489	-62.06494870
10.87912090	-63.92792631
10.88644691	-63.00446734
10.89377291	-68.50137980
10.90109892	-69.13651049
10.90842493	-61.10725805
10.91575094	-57.85752360
10.92307694	-66.95539042
10.93040295	-64.04754455
10.93772896	-63.80912301
10.94505496	-61.42578912
10.95238097	-65.02780650
10.95970698	-72.80605095
10.96703299	-62.73154414
10.97435899	-57.44277894
10.98168500	-61.38219483
10.98901101	-65.69982873
10.99633702	-67.38491659
11.00366302	-73.03283602
11.01098903	-67.24002380
11.01831504	-62.39652500
11.02564105	-61.24748088
11.03296705	-59.60698445
11.04029306	-61.59029963
11.04761907	-66.04950426
11.05494507	-64.01609387
11.06227108	-80.83975690
11.06959709	-63.84985008
11.07692310	-62.15025169
11.08424910	-74.05927510
11.09157511	-66.42182762
11.09890112	-65.98373515
11.10622713	-71.61669639
11.11355313	-70.63805275
11.12087914	-69.21295031
11.12820515	-69.69315326
11.13553116	-68.33434507
11.14285716	-62.54549459
11.15018317	-65.31876450
11.15750918	-65.90864368
11.16483518	-69.68614435
11.17216119	-62.73492203
11.17948720	-66.62569239
11.18681321	-61.79314212
11.19413921	-71.00903899
11.20146522	-66.58538143
11.20879123	-73.59490266
11.21611724	-68.44670742
11.22344324	-74.78461528
11.23076925	-66.28489602
11.23809526	-62.52277505
11.24542127	-58.33209733
11.25274727	-57.75347627
11.26007328	-65.54230390
11.26739929	-63.25318122
11.27472529	-61.99897098
11.28205130	-77.48762445
11.28937731	-67.16886639
11.29670332	-66.51395098
11.30402932	-60.88010578
11.31135533	-70.60537111
11.31868134	-62.63908816
11.32600735	-62.60501068
11.33333335	-66.22448411
11.34065936	-67.20446999
11.34798537	-63.13204980
11.35531138	-74.80591775
11.36263738	-71.55236536
11.36996339	-66.42256699
11.37728940	-59.82912182
11.38461540	-65.93914358
11.39194141	-66.42872401
11.39926742	-64.38913084
11.40659343	-73.21770415
11.41391943	-64.16795638
11.42124544	-63.36099798
11.42857145	-80.71905673
11.43589746	-62.03534063
11.44322346	-62.90318825
11.45054947	-75.71471592
11.45787548	-62.32612514
11.46520149	-62.10799955
11.47252749	-65.12952176
11.47985350	-61.29667560
11.48717951	-60.74302912
11.49450551	-61.30006143
11.50183152	-68.85326921
11.50915753	-66.18239845
11.51648354	-63.79617118
11.52380954	-59.61083567
11.53113555	-57.58096569
11.53846156	-61.70109282
11.54578757	-59.62265883
11.55311357	-69.13467050
11.56043958	-64.38570403
11.56776559	-65.76276549
11.57509160	-65.08514481
11.58241760	-61.15654544
11.58974361	-60.63685178
11.59706962	-59.86864934
11.60439562	-56.70659161
11.61172163	-57.76070099
11.61904764	-63.58762078
11.62637365	-65.30691648
11.63369965	-69.70379455
11.64102566	-81.04250973
11.64835167	-65.63498809
11.65567768	-65.11320939
11.66300368	-69.69744439
11.67032969	-65.29495611
11.67765570	-69.74704495
11.68498171	-62.76838327
11.69230771	-68.14328677
11.69963372	-65.21241233
11.70695973	-65.76264947
11.71428574	-60.60975105
11.72161174	-62.12636898
11.72893775	-67.24401209
11.73626376	-66.57640364
11.74358976	-61.46093697
11.75091577	-65.55231116
11.75824178	-66.43274034
11.76556779	-65.75929425
11.77289379	-66.30492010
11.78021980	-64.86450615
11.78754581	-66.55894120
11.79487182	-65.62291225
11.80219782	-60.32991821
11.80952383	-59.55216946
11.81684984	-64.73310965
11.82417585	-76.73106369
11.83150185	-84.91461270
11.83882786	-66.53535762
11.84615387	-63.29891456
11.85347987	-66.78036219
11.86080588	-68.96703469
11.86813189	-71.76075412
11.87545790	-70.93313404
11.88278390	-63.73297161
11.89010991	-72.02592776
11.89743592	-64.12260120
11.90476193	-59.59217531
11.91208793	-59.96920907
11.91941394	-60.87628318
11.92673995	-63.58483775
11.93406596	-65.04478747
11.94139196	-66.55087741
11.94871797	-74.72517886
11.95604398	-72.85164431
11.96336998	-72.38211169
11.97069599	-68.49499682
11.97802200	-67.69810360
11.98534801	-67.60116327
11.99267401	-63.79348781
12.00000002	-61.88821404
12.00732603	-63.04303565
12.01465204	-65.13504764
12.02197804	-62.10962120
12.02930405	-65.84201915
12.03663006	-66.08921610
12.04395607	-64.20531359
12.05128207	-67.19455156
12.05860808	-68.61600952
12.06593409	-89.90288998
12.07326009	-74.18910340
12.08058610	-64.56559840
12.08791211	-60.32191740
12.09523812	-58.29877520
12.10256412	-56.92306792
12.10989013	-58.77816978
12.11721614	-61.86112721
12.12454215	-60.50002824
12.13186815	-61.18586816
12.13919416	-68.48569501
12.14652017	-75.48948235
12.15384618	-66.13176037
12.16117218	-73.66350692
12.16849819	-68.23985338
12.17582420	-62.35899302
12.18315020	-61.92258352
12.19047621	-69.82151791
12.19780222	-68.97378068
12.20512823	-65.58774125
12.21245423	-63.93920617
12.21978024	-67.94926538
12.22710625	-65.18084771
12.23443226	-60.96039701
12.24175826	-61.83926247
12.24908427	-62.40185065
12.25641028	-62.34363644
12.26373629	-65.27965753
12.27106229	-68.37632438
12.27838830	-66.49805061
12.28571431	-67.98789672
12.29304031	-62.92993839
12.30036632	-59.25234351
12.30769233	-65.03020425
12.31501834	-66.01505870
12.32234434	-59.01414462
12.32967035	-61.29610540
12.33699636	-62.80978807
12.34432237	-63.76212989
12.35164837	-71.40196605
12.35897438	-61.44440586
12.36630039	-66.20183615
12.37362640	-74.38809372
12.38095240	-59.89135665
12.38827841	-57.18549666
12.39560442	-64.28684684
12.40293042	-61.62322298
12.41025643	-61.05030368
12.41758244	-66.55233825
12.42490845	-72.88950618
12.43223445	-61.92667483
12.43956046	-62.89148036
12.44688647	-60.32793649
12.45421248	-62.83710518
12.46153848	-74.91329367
12.46886449	-64.94135502
12.47619050	-72.63685626
12.48351651	-68.63193243
12.49084251	-62.78238757
12.49816852	-66.40925375
12.50549453	-83.66027076
12.51282054	-69.54631829
12.52014654	-62.81189265
12.52747255	-64.89368901
12.53479856	-66.70692443
12.54212456	-66.50224789
12.54945057	-67.26737072
12.55677658	-63.51682400
12.56410259	-59.08506261
12.57142859	-55.67853606
12.57875460	-57.22050687
12.58608061	-67.26977133
12.59340662	-61.43664260
12.60073262	-66.10176839
12.60805863	-65.90144562
12.61538464	-69.36060876
12.62271065	-68.82760899
12.63003665	-66.20165628
12.63736266	-64.51356817
12.64468867	-61.52259732
12.65201467	-63.85260469
12.65934068	-63.25755064
12.66666669	-66.94103897
12.67399270	-72.88350246
12.68131870	-68.87593033
12.68864471	-64.35531338
12.69597072	-66.11785487
12.70329673	-72.75786797
12.71062273	-63.62545850
12.71794874	-64.27319270
12.72527475	-68.64895089
12.73260076	-60.73961041
12.73992676	-63.66854045
12.74725277	-67.88875245
12.75457878	-64.77328544
12.76190478	-63.70875881
12.76923079	-64.21480855
12.77655680	-62.16147095
12.78388281	-65.31502027
12.79120881	-62.81448530
12.79853482	-59.37849990
12.80586083	-66.32851574
12.81318684	-77.43766972
12.82051284	-65.04065172
12.82783885	-61.20641474
12.83516486	-61.58831358
12.84249087	-65.12145844
12.84981687	-75.05248112
12.85714288	-78.28573543
12.86446889	-66.54718684
12.87179489	-62.15402516
12.87912090	-63.59532654
12.88644691	-61.38412326
12.89377292	-62.15063906
12.90109892	-70.79711119
12.90842493	-64.95214673
12.91575094	-63.82439805
12.92307695	-71.25188423
12.93040295	-70.89210997
12.93772896	-69.05921706
12.94505497	-70.97686780
12.95238098	-64.01685496
12.95970698	-62.05530805
12.96703299	-68.99003141
12.97435900	-67.04793361
12.98168500	-63.48416197
12.98901101	-68.02737984
12.99633702	-68.03266982
13.00366303	-66.15950993
13.01098903	-67.90228499
13.01831504	-69.96983113
13.02564105	-67.01335425
13.03296706	-62.51173173
13.04029306	-62.81390067
13.04761907	-79.80625094
13.05494508	-66.12630985
13.06227109	-69.67534504
13.06959709	-62.94731202
13.07692310	-66.20089635
13.08424911	-68.79309567
13.09157511	-63.45418850
13.09890112	-62.09354352
13.10622713	-60.64260702
13.11355314	-60.98266546
13.12087914	-81.04881818
13.12820515	-61.79153900
13.13553116	-74.70651815
13.14285717	-62.10756974
13.15018317	-66.71209406
13.15750918	-65.52330538
13.16483519	-65.23311011
13.17216120	-67.01853881
13.17948720	-63.99099023
13.18681321	-66.78250569
13.19413922	-68.72902257
13.20146522	-66.39141881
13.20879123	-60.51811190
13.21611724	-62.70238290
13.22344325	-68.91179680
13.23076925	-84.33429214
13.23809526	-68.26027713
13.24542127	-65.65112675
13.25274728	-70.06508672
13.26007328	-64.22105457
13.26739929	-64.90691649
13.27472530	-61.85588947
13.28205131	-58.29272365
13.28937731	-56.84627102
13.29670332	-58.49559715
13.30402933	-63.45199832
13.31135533	-69.30957125
13.31868134	-71.03289326
13.32600735	-71.89034115
13.33333336	-64.51614758
13.34065936	-63.97123315
13.34798537	-78.02560933
13.35531138	-60.28952044
13.36263739	-64.27255410
13.36996339	-63.05795188
13.37728940	-60.00652458
13.38461541	-71.42934455
13.39194142	-61.13929953
13.39926742	-69.24503252
13.40659343	-57.22997818
13.41391944	-64.58891577
13.42124545	-59.35109346
13.42857145	-60.67451267
13.43589746	-69.96605471
13.44322347	-66.56821158
13.45054947	-72.60150558
13.45787548	-72.77831424
13.46520149	-58.50211638
13.47252750	-59.41775556
13.47985350	-63.27337309
13.48717951	-64.20746478
13.49450552	-64.37486157
13.50183153	-56.81032943
13.50915753	-59.97314199
13.51648354	-71.08698202
13.52380955	-77.85519874
13.53113556	-70.28279329
13.53846156	-69.76219455
13.54578757	-69.48624208
13.55311358	-64.75713037
13.56043958	-62.74617992
13.56776559	-63.00399171
13.57509160	-71.60773234
13.58241761	-69.70996335
13.58974361	-64.02928995
13.59706962	-65.25456551
13.60439563	-78.56555092
13.61172164	-67.02280546
13.61904764	-64.17381525
13.62637365	-68.45709777
13.63369966	-65.60849866
13.64102567	-63.23930207
13.64835167	-73.61813204
13.65567768	-61.18694803
13.66300369	-63.76677617
13.67032969	-60.11610593
13.67765570	-54.89670631
13.68498171	-60.14732606
13.69230772	-67.47551274
13.69963372	-64.19890814
13.70695973	-71.27129964
13.71428574	-60.53363085
13.72161175	-57.49463549
13.72893775	-66.40122457
13.73626376	-61.56395429
13.74358977	-62.09993099
13.75091578	-66.39416107
13.75824178	-65.88356023
13.76556779	-60.90384889
13.77289380	-65.98753063
13.78021980	-56.05472758
13.78754581	-56.70431842
13.79487182	-84.39957307
13.80219783	-61.69029866
13.80952383	-64.82707501
13.81684984	-73.07394837
13.82417585	-78.30679794
13.83150186	-88.51998869
13.83882786	-72.49379830
13.84615387	-68.67711715
13.85347988	-66.75474197
13.86080589	-70.19331521
13.86813189	-89.44702691
13.87545790	-68.32331928
13.88278391	-64.11013171
13.89010991	-62.79909034
13.89743592	-61.63824182
13.90476193	-67.91294568
13.91208794	-72.71898582
13.91941394	-74.61478265
13.92673995	-68.20324225
13.93406596	-72.74408050
13.94139197	-62.04182539
13.94871797	-71.82141062
13.95604398	-62.60218310
13.96336999	-63.26003228
13.97069600	-64.35884998
13.97802200	-59.85353337
13.98534801	-71.69257065
13.99267402	-63.04996362
14.00000002	-64.70837314
14.00732603	-69.53424373
14.01465204	-61.82099146
14.02197805	-64.05940521
14.02930405	-61.95706011
14.03663006	-58.83178994
14.04395607	-61.31344670
14.05128208	-73.76523502
14.05860808	-64.24916148
14.06593409	-69.33037163
14.07326010	-59.72427967
14.08058611	-58.82308056
14.08791211	-60.04421652
14.09523812	-58.86860427
14.10256413	-72.93584449
14.10989013	-61.44399624
14.11721614	-59.70914904
14.12454215	-67.16516738
14.13186816	-73.54904149
14.13919416	-72.02861675
14.14652017	-60.68805330
14.15384618	-63.44385560
14.16117219	-58.74151556
14.16849819	-57.77559148
14.17582420	-65.72596918
14.18315021	-56.69149446
14.19047622	-68.45089807
14.19780222	-59.28482136
14.20512823	-60.51171565
14.21245424	-65.04834996
14.21978024	-67.07802726
14.22710625	-73.60719295
14.23443226	-68.72696029
14.24175827	-68.36244435
14.24908427	-61.87653508
14.25641028	-59.78443023
14.26373629	-68.36509445
14.27106230	-69.09644808
14.27838830	-60.89670167
14.28571431	-59.77062207
14.29304032	-65.90986376
14.30036633	-58.11625262
14.30769233	-67.19273253
14.31501834	-59.41972434
14.32234435	-60.39759735
14.32967036	-68.23755698
14.33699636	-67.17873221
14.34432237	-70.28554664
14.35164838	-64.60305547
14.35897438	-72.66942682
14.36630039	-65.75383743
14.37362640	-65.23117683
14.38095241	-63.15578568
14.38827841	-56.42439735
14.39560442	-59.64654553
14.40293043	-64.99090200
14.41025644	-59.11351039
14.41758244	-57.55923925
14.42490845	-59.97958905
14.43223446	-62.21500483
14.43956047	-65.24627964
14.44688647	-64.22559736
14.45421248	-71.90939759
14.46153849	-75.31602209
14.46886449	-72.77803414
14.47619050	-67.99797751
14.48351651	-74.35295106
14.49084252	-63.50658071
14.49816852	-64.03385365
14.50549453	-63.24986801
14.51282054	-61.28251894
14.52014655	-62.04212004
14.52747255	-73.05740132
14.53479856	-61.57754052
14.54212457	-64.46386735
14.54945058	-72.26962343
14.55677658	-71.83558276
14.56410259	-83.91573004
14.57142860	-75.46638857
14.57875460	-63.71920505
14.58608061	-60.36782952
14.59340662	-63.93462013
14.60073263	-65.94020992
14.60805863	-62.58775460
14.61538464	-70.27950958
14.62271065	-59.68304872
14.63003666	-62.43914942
14.63736266	-66.77324585
14.64468867	-68.12727447
14.65201468	-63.90748803
14.65934069	-60.88835827
14.66666669	-59.11219942
14.67399270	-56.91514105
14.68131871	-59.44314587
14.68864471	-69.07954682
14.69597072	-61.56594472
14.70329673	-61.87747455
14.71062274	-65.81791373
14.71794874	-59.14346795
14.72527475	-59.38571768
14.73260076	-65.12904053
14.73992677	-74.97220541
14.74725277	-66.42526611
14.75457878	-60.98742256
14.76190479	-58.84429811
14.76923080	-59.05929605
14.77655680	-62.63268087
14.78388281	-72.15160839
14.79120882	-69.64844241
14.79853482	-68.49417910
14.80586083	-69.35591778
14.81318684	-67.06583334
14.82051285	-59.87378514
14.82783885	-63.12088851
14.83516486	-67.76306406
14.84249087	-61.33308776
14.84981688	-64.74865728
14.85714288	-60.65749720
14.86446889	-61.73279796
14.87179490	-63.98662165
14.87912091	-62.03932336
14.88644691	-70.05658265
14.89377292	-59.19922373
14.90109893	-58.76960135
14.90842493	-74.59949296
14.91575094	-60.35788960
14.92307695	-62.11277233
14.93040296	-64.51219599
14.93772896	-69.37325990
14.94505497	-60.36363082
14.95238098	-62.01317564
14.95970699	-60.43895380
14.96703299	-59.43115477
14.97435900	-65.45611209
14.98168501	-73.10126268
14.98901102	-67.70782827
14.99633702	-62.60048539
