# Menlo Systems GmbH ScanControl
# Program Version 1.3.3
# Start: -65.00000000 ps, Average over 1000 waveforms. Timestamp: 2020-01-12T19:01:06
# Time [ps]	THz Signal [a.u.]
-65.06666568	0.00000000
-65.03333234	0.00000002
-64.99999901	0.00000008
-64.96666568	0.00000015
-64.93333234	0.00000024
-64.89999901	0.00000030
-64.86666568	0.00000039
-64.83333235	0.00000033
-64.79999901	0.00000052
-64.76666568	0.00000059
-64.73333235	0.00000029
-64.69999901	0.00000020
-64.66666568	-0.00000031
-64.63333235	-0.00000077
-64.59999902	-0.00000069
-64.56666568	-0.00000132
-64.53333235	-0.00000250
-64.49999902	-0.00000302
-64.46666568	-0.00000251
-64.43333235	-0.00000367
-64.39999902	-0.00000301
-64.36666569	-0.00000053
-64.33333235	-0.00000411
-64.29999902	-0.00000588
-64.26666569	-0.00000589
-64.23333235	-0.00000860
-64.19999902	-0.00000642
-64.16666569	-0.00000671
-64.13333235	-0.00000755
-64.09999902	-0.00000646
-64.06666569	-0.00000841
-64.03333236	-0.00001465
-63.99999902	-0.00001578
-63.96666569	-0.00001873
-63.93333236	-0.00001853
-63.89999902	-0.00002122
-63.86666569	-0.00002191
-63.83333236	-0.00001925
-63.79999903	-0.00002354
-63.76666569	-0.00002609
-63.73333236	-0.00003179
-63.69999903	-0.00002684
-63.66666569	-0.00001963
-63.63333236	-0.00002913
-63.59999903	-0.00001913
-63.56666569	-0.00003080
-63.53333236	-0.00002755
-63.49999903	-0.00002323
-63.46666570	-0.00003500
-63.43333236	-0.00003147
-63.39999903	-0.00002672
-63.36666570	-0.00003508
-63.33333236	-0.00002022
-63.29999903	-0.00003023
-63.26666570	-0.00002524
-63.23333237	-0.00001586
-63.19999903	-0.00001383
-63.16666570	-0.00000040
-63.13333237	0.00000624
-63.09999903	0.00001615
-63.06666570	0.00002705
-63.03333237	0.00002842
-62.99999904	0.00006809
-62.96666570	0.00006270
-62.93333237	0.00010046
-62.89999904	0.00012208
-62.86666570	0.00013898
-62.83333237	0.00015857
-62.79999904	0.00015371
-62.76666570	0.00017674
-62.73333237	0.00018199
-62.69999904	0.00020924
-62.66666571	0.00020666
-62.63333237	0.00024255
-62.59999904	0.00027078
-62.56666571	0.00028817
-62.53333237	0.00032610
-62.49999904	0.00035132
-62.46666571	0.00038567
-62.43333238	0.00042075
-62.39999904	0.00043897
-62.36666571	0.00047074
-62.33333238	0.00050979
-62.29999904	0.00054031
-62.26666571	0.00056873
-62.23333238	0.00063508
-62.19999905	0.00066714
-62.16666571	0.00067356
-62.13333238	0.00070707
-62.09999905	0.00077238
-62.06666571	0.00080950
-62.03333238	0.00082341
-61.99999905	0.00085224
-61.96666571	0.00090727
-61.93333238	0.00091646
-61.89999905	0.00092388
-61.86666572	0.00101130
-61.83333238	0.00105276
-61.79999905	0.00110198
-61.76666572	0.00115807
-61.73333238	0.00116490
-61.69999905	0.00122140
-61.66666572	0.00126660
-61.63333239	0.00133885
-61.59999905	0.00138285
-61.56666572	0.00143263
-61.53333239	0.00145065
-61.49999905	0.00154961
-61.46666572	0.00155155
-61.43333239	0.00160838
-61.39999906	0.00162091
-61.36666572	0.00167151
-61.33333239	0.00169402
-61.29999906	0.00171199
-61.26666572	0.00177576
-61.23333239	0.00180459
-61.19999906	0.00183248
-61.16666572	0.00185963
-61.13333239	0.00185330
-61.09999906	0.00188520
-61.06666573	0.00189020
-61.03333239	0.00191095
-60.99999906	0.00199099
-60.96666573	0.00192535
-60.93333239	0.00193063
-60.89999906	0.00198545
-60.86666573	0.00189036
-60.83333240	0.00189985
-60.79999906	0.00193144
-60.76666573	0.00192466
-60.73333240	0.00182587
-60.69999906	0.00175492
-60.66666573	0.00179738
-60.63333240	0.00174832
-60.59999906	0.00174203
-60.56666573	0.00157494
-60.53333240	0.00155654
-60.49999907	0.00149543
-60.46666573	0.00136496
-60.43333240	0.00125084
-60.39999907	0.00117295
-60.36666573	0.00108149
-60.33333240	0.00103264
-60.29999907	0.00091331
-60.26666574	0.00084535
-60.23333240	0.00069967
-60.19999907	0.00052674
-60.16666574	0.00047770
-60.13333240	0.00043061
-60.09999907	0.00023175
-60.06666574	0.00022648
-60.03333241	0.00008576
-59.99999907	0.00013814
-59.96666574	-0.00007236
-59.93333241	-0.00011597
-59.89999907	-0.00022900
-59.86666574	-0.00030650
-59.83333241	-0.00039263
-59.79999907	-0.00044797
-59.76666574	-0.00052849
-59.73333241	-0.00061161
-59.69999908	-0.00068422
-59.66666574	-0.00079216
-59.63333241	-0.00077666
-59.59999908	-0.00079279
-59.56666574	-0.00079738
-59.53333241	-0.00085351
-59.49999908	-0.00085618
-59.46666575	-0.00091744
-59.43333241	-0.00091073
-59.39999908	-0.00089311
-59.36666575	-0.00083798
-59.33333241	-0.00083438
-59.29999908	-0.00088485
-59.26666575	-0.00079884
-59.23333242	-0.00065150
-59.19999908	-0.00074782
-59.16666575	-0.00064806
-59.13333242	-0.00063287
-59.09999908	-0.00059920
-59.06666575	-0.00062798
-59.03333242	-0.00055605
-58.99999908	-0.00043437
-58.96666575	-0.00036005
-58.93333242	-0.00030262
-58.89999909	-0.00024174
-58.86666575	-0.00017775
-58.83333242	-0.00024282
-58.79999909	-0.00019839
-58.76666575	-0.00020356
-58.73333242	-0.00020363
-58.69999909	-0.00015206
-58.66666576	0.00003841
-58.63333242	0.00001519
-58.59999909	0.00007161
-58.56666576	0.00012972
-58.53333242	0.00008757
-58.49999909	0.00016849
-58.46666576	0.00015418
-58.43333243	0.00009987
-58.39999909	0.00003017
-58.36666576	0.00001612
-58.33333243	-0.00002641
-58.29999909	0.00004819
-58.26666576	-0.00000022
-58.23333243	0.00005172
-58.19999909	-0.00004727
-58.16666576	-0.00009202
-58.13333243	-0.00004704
-58.09999910	-0.00005839
-58.06666576	-0.00026888
-58.03333243	-0.00017709
-57.99999910	-0.00010919
-57.96666576	-0.00021217
-57.93333243	-0.00020482
-57.89999910	-0.00016685
-57.86666577	-0.00010784
-57.83333243	-0.00020644
-57.79999910	-0.00007265
-57.76666577	-0.00019968
-57.73333243	-0.00021732
-57.69999910	-0.00013997
-57.66666577	-0.00006264
-57.63333244	-0.00010173
-57.59999910	-0.00001851
-57.56666577	-0.00013803
-57.53333244	-0.00009783
-57.49999910	-0.00005997
-57.46666577	0.00003564
-57.43333244	0.00014877
-57.39999910	0.00016146
-57.36666577	0.00013135
-57.33333244	0.00010094
-57.29999911	0.00012138
-57.26666577	0.00016702
-57.23333244	0.00024491
-57.19999911	0.00030171
-57.16666577	0.00022334
-57.13333244	0.00029005
-57.09999911	0.00045391
-57.06666578	0.00044259
-57.03333244	0.00038525
-56.99999911	0.00054163
-56.96666578	0.00058048
-56.93333244	0.00070839
-56.89999911	0.00063317
-56.86666578	0.00066668
-56.83333244	0.00087881
-56.79999911	0.00087057
-56.76666578	0.00091233
-56.73333245	0.00077855
-56.69999911	0.00080327
-56.66666578	0.00077540
-56.63333245	0.00076516
-56.59999911	0.00082376
-56.56666578	0.00077769
-56.53333245	0.00087401
-56.49999912	0.00088865
-56.46666578	0.00092219
-56.43333245	0.00098150
-56.39999912	0.00092405
-56.36666578	0.00118957
-56.33333245	0.00104329
-56.29999912	0.00109052
-56.26666579	0.00112259
-56.23333245	0.00120166
-56.19999912	0.00117478
-56.16666579	0.00115561
-56.13333245	0.00126473
-56.09999912	0.00125027
-56.06666579	0.00125845
-56.03333245	0.00124321
-55.99999912	0.00131214
-55.96666579	0.00135762
-55.93333246	0.00138249
-55.89999912	0.00133403
-55.86666579	0.00133813
-55.83333246	0.00137842
-55.79999912	0.00138349
-55.76666579	0.00131749
-55.73333246	0.00141504
-55.69999913	0.00140704
-55.66666579	0.00130001
-55.63333246	0.00135084
-55.59999913	0.00133206
-55.56666579	0.00141395
-55.53333246	0.00138666
-55.49999913	0.00141294
-55.46666580	0.00134687
-55.43333246	0.00144291
-55.39999913	0.00136850
-55.36666580	0.00134765
-55.33333246	0.00138637
-55.29999913	0.00138840
-55.26666580	0.00122790
-55.23333246	0.00135920
-55.19999913	0.00145142
-55.16666580	0.00127205
-55.13333247	0.00138029
-55.09999913	0.00123422
-55.06666580	0.00121232
-55.03333247	0.00123663
-54.99999913	0.00122321
-54.96666580	0.00112418
-54.93333247	0.00102333
-54.89999914	0.00112966
-54.86666580	0.00112889
-54.83333247	0.00104841
-54.79999914	0.00096739
-54.76666580	0.00096759
-54.73333247	0.00099174
-54.69999914	0.00096660
-54.66666581	0.00101285
-54.63333247	0.00092954
-54.59999914	0.00104699
-54.56666581	0.00093235
-54.53333247	0.00091241
-54.49999914	0.00084974
-54.46666581	0.00097436
-54.43333247	0.00100626
-54.39999914	0.00101507
-54.36666581	0.00097858
-54.33333248	0.00099599
-54.29999914	0.00106864
-54.26666581	0.00101409
-54.23333248	0.00110995
-54.19999914	0.00098819
-54.16666581	0.00092624
-54.13333248	0.00084705
-54.09999915	0.00088270
-54.06666581	0.00088708
-54.03333248	0.00092744
-53.99999915	0.00083499
-53.96666581	0.00084061
-53.93333248	0.00070874
-53.89999915	0.00081661
-53.86666582	0.00073170
-53.83333248	0.00071896
-53.79999915	0.00068198
-53.76666582	0.00071657
-53.73333248	0.00069571
-53.69999915	0.00073702
-53.66666582	0.00062443
-53.63333248	0.00064140
-53.59999915	0.00070507
-53.56666582	0.00055576
-53.53333249	0.00071126
-53.49999915	0.00062546
-53.46666582	0.00071262
-53.43333249	0.00063533
-53.39999915	0.00062356
-53.36666582	0.00064027
-53.33333249	0.00056639
-53.29999916	0.00068875
-53.26666582	0.00065463
-53.23333249	0.00070439
-53.19999916	0.00072903
-53.16666582	0.00072216
-53.13333249	0.00078092
-53.09999916	0.00082414
-53.06666582	0.00076214
-53.03333249	0.00083430
-52.99999916	0.00090759
-52.96666583	0.00095474
-52.93333249	0.00113225
-52.89999916	0.00103374
-52.86666583	0.00103314
-52.83333249	0.00115408
-52.79999916	0.00119283
-52.76666583	0.00125698
-52.73333250	0.00129285
-52.69999916	0.00142969
-52.66666583	0.00143550
-52.63333250	0.00144242
-52.59999916	0.00149853
-52.56666583	0.00150840
-52.53333250	0.00152965
-52.49999917	0.00154931
-52.46666583	0.00169809
-52.43333250	0.00155116
-52.39999917	0.00161134
-52.36666583	0.00160525
-52.33333250	0.00165714
-52.29999917	0.00166982
-52.26666583	0.00166276
-52.23333250	0.00169203
-52.19999917	0.00173418
-52.16666584	0.00165512
-52.13333250	0.00169489
-52.09999917	0.00164982
-52.06666584	0.00156505
-52.03333250	0.00150210
-51.99999917	0.00157652
-51.96666584	0.00152862
-51.93333251	0.00153271
-51.89999917	0.00161758
-51.86666584	0.00158751
-51.83333251	0.00156188
-51.79999917	0.00151623
-51.76666584	0.00160932
-51.73333251	0.00157452
-51.69999918	0.00155256
-51.66666584	0.00148023
-51.63333251	0.00147840
-51.59999918	0.00147965
-51.56666584	0.00153294
-51.53333251	0.00165040
-51.49999918	0.00159824
-51.46666584	0.00157842
-51.43333251	0.00157738
-51.39999918	0.00165080
-51.36666585	0.00161985
-51.33333251	0.00166078
-51.29999918	0.00176419
-51.26666585	0.00184138
-51.23333251	0.00191116
-51.19999918	0.00187334
-51.16666585	0.00198033
-51.13333252	0.00191378
-51.09999918	0.00196059
-51.06666585	0.00198784
-51.03333252	0.00203745
-50.99999918	0.00213376
-50.96666585	0.00221790
-50.93333252	0.00235307
-50.89999919	0.00224793
-50.86666585	0.00243732
-50.83333252	0.00240519
-50.79999919	0.00253154
-50.76666585	0.00264198
-50.73333252	0.00275254
-50.69999919	0.00279996
-50.66666585	0.00290380
-50.63333252	0.00296434
-50.59999919	0.00297582
-50.56666586	0.00305619
-50.53333252	0.00321379
-50.49999919	0.00330168
-50.46666586	0.00338781
-50.43333252	0.00336389
-50.39999919	0.00358055
-50.36666586	0.00351701
-50.33333253	0.00359763
-50.29999919	0.00370234
-50.26666586	0.00377279
-50.23333253	0.00375196
-50.19999919	0.00388119
-50.16666586	0.00380882
-50.13333253	0.00387953
-50.09999919	0.00396348
-50.06666586	0.00380596
-50.03333253	0.00383484
-49.99999920	0.00380644
-49.96666586	0.00379161
-49.93333253	0.00381595
-49.89999920	0.00376365
-49.86666586	0.00355302
-49.83333253	0.00349784
-49.79999920	0.00343791
-49.76666587	0.00331425
-49.73333253	0.00322595
-49.69999920	0.00305379
-49.66666587	0.00295438
-49.63333253	0.00286708
-49.59999920	0.00281325
-49.56666587	0.00261438
-49.53333254	0.00249103
-49.49999920	0.00244122
-49.46666587	0.00230013
-49.43333254	0.00220878
-49.39999920	0.00206760
-49.36666587	0.00198964
-49.33333254	0.00181304
-49.29999920	0.00178546
-49.26666587	0.00164547
-49.23333254	0.00163070
-49.19999921	0.00151291
-49.16666587	0.00154209
-49.13333254	0.00149326
-49.09999921	0.00134726
-49.06666587	0.00134913
-49.03333254	0.00129998
-48.99999921	0.00134124
-48.96666588	0.00125151
-48.93333254	0.00128799
-48.89999921	0.00128871
-48.86666588	0.00119827
-48.83333254	0.00124786
-48.79999921	0.00106557
-48.76666588	0.00123327
-48.73333255	0.00114081
-48.69999921	0.00121914
-48.66666588	0.00127888
-48.63333255	0.00117442
-48.59999921	0.00129322
-48.56666588	0.00134509
-48.53333255	0.00117537
-48.49999921	0.00110868
-48.46666588	0.00116259
-48.43333255	0.00109646
-48.39999922	0.00097828
-48.36666588	0.00104235
-48.33333255	0.00108179
-48.29999922	0.00090040
-48.26666588	0.00085204
-48.23333255	0.00090126
-48.19999922	0.00085116
-48.16666589	0.00085461
-48.13333255	0.00064248
-48.09999922	0.00073609
-48.06666589	0.00068852
-48.03333255	0.00056987
-47.99999922	0.00051761
-47.96666589	0.00048441
-47.93333256	0.00039388
-47.89999922	0.00039762
-47.86666589	0.00039053
-47.83333256	0.00030210
-47.79999922	0.00019004
-47.76666589	0.00018776
-47.73333256	0.00025717
-47.69999922	0.00010217
-47.66666589	0.00012410
-47.63333256	0.00006787
-47.59999923	-0.00006826
-47.56666589	-0.00000611
-47.53333256	-0.00003841
-47.49999923	0.00008481
-47.46666589	-0.00002617
-47.43333256	-0.00004732
-47.39999923	-0.00007682
-47.36666590	-0.00012238
-47.33333256	-0.00005402
-47.29999923	-0.00008185
-47.26666590	-0.00016752
-47.23333256	-0.00021878
-47.19999923	-0.00016361
-47.16666590	-0.00007808
-47.13333257	-0.00022193
-47.09999923	-0.00024468
-47.06666590	-0.00026751
-47.03333257	-0.00018182
-46.99999923	-0.00020710
-46.96666590	-0.00031856
-46.93333257	-0.00025383
-46.89999923	-0.00030390
-46.86666590	-0.00022179
-46.83333257	-0.00030628
-46.79999924	-0.00026273
-46.76666590	-0.00033074
-46.73333257	-0.00038053
-46.69999924	-0.00028742
-46.66666590	-0.00030814
-46.63333257	-0.00041520
-46.59999924	-0.00025473
-46.56666591	-0.00015666
-46.53333257	-0.00020423
-46.49999924	-0.00018288
-46.46666591	-0.00021486
-46.43333257	-0.00016815
-46.39999924	-0.00015141
-46.36666591	-0.00008403
-46.33333257	-0.00000837
-46.29999924	-0.00008365
-46.26666591	0.00005100
-46.23333258	0.00013566
-46.19999924	0.00013629
-46.16666591	0.00020755
-46.13333258	0.00045155
-46.09999924	0.00060967
-46.06666591	0.00072085
-46.03333258	0.00082564
-45.99999925	0.00099014
-45.96666591	0.00102479
-45.93333258	0.00127656
-45.89999925	0.00137414
-45.86666591	0.00154838
-45.83333258	0.00170098
-45.79999925	0.00178631
-45.76666592	0.00191575
-45.73333258	0.00203390
-45.69999925	0.00211196
-45.66666592	0.00222040
-45.63333258	0.00232994
-45.59999925	0.00236877
-45.56666592	0.00238229
-45.53333258	0.00245910
-45.49999925	0.00252256
-45.46666592	0.00254359
-45.43333259	0.00263488
-45.39999925	0.00260406
-45.36666592	0.00254238
-45.33333259	0.00264709
-45.29999925	0.00265454
-45.26666592	0.00261406
-45.23333259	0.00261636
-45.19999926	0.00261079
-45.16666592	0.00251942
-45.13333259	0.00249927
-45.09999926	0.00257797
-45.06666592	0.00247142
-45.03333259	0.00263656
-44.99999926	0.00257544
-44.96666593	0.00251759
-44.93333259	0.00264884
-44.89999926	0.00262427
-44.86666593	0.00266426
-44.83333259	0.00268958
-44.79999926	0.00286044
-44.76666593	0.00285902
-44.73333259	0.00277951
-44.69999926	0.00288835
-44.66666593	0.00299854
-44.63333260	0.00298222
-44.59999926	0.00299303
-44.56666593	0.00303831
-44.53333260	0.00317981
-44.49999926	0.00310989
-44.46666593	0.00313995
-44.43333260	0.00325973
-44.39999927	0.00323280
-44.36666593	0.00326251
-44.33333260	0.00315211
-44.29999927	0.00315679
-44.26666593	0.00311578
-44.23333260	0.00306586
-44.19999927	0.00297164
-44.16666594	0.00294201
-44.13333260	0.00283984
-44.09999927	0.00274136
-44.06666594	0.00272744
-44.03333260	0.00254654
-43.99999927	0.00239203
-43.96666594	0.00225278
-43.93333260	0.00215882
-43.89999927	0.00204747
-43.86666594	0.00177244
-43.83333261	0.00169337
-43.79999927	0.00144893
-43.76666594	0.00134893
-43.73333261	0.00113200
-43.69999927	0.00089953
-43.66666594	0.00075075
-43.63333261	0.00051509
-43.59999928	0.00035064
-43.56666594	0.00019222
-43.53333261	0.00000853
-43.49999928	-0.00011680
-43.46666594	-0.00034764
-43.43333261	-0.00047468
-43.39999928	-0.00058804
-43.36666595	-0.00083232
-43.33333261	-0.00091047
-43.29999928	-0.00094673
-43.26666595	-0.00113809
-43.23333261	-0.00126541
-43.19999928	-0.00118540
-43.16666595	-0.00131316
-43.13333261	-0.00125940
-43.09999928	-0.00130425
-43.06666595	-0.00130380
-43.03333262	-0.00115397
-42.99999928	-0.00114255
-42.96666595	-0.00111176
-42.93333262	-0.00093669
-42.89999928	-0.00075959
-42.86666595	-0.00059895
-42.83333262	-0.00051232
-42.79999929	-0.00027432
-42.76666595	-0.00012457
-42.73333262	0.00011931
-42.69999929	0.00020566
-42.66666595	0.00036729
-42.63333262	0.00054262
-42.59999929	0.00077299
-42.56666595	0.00090521
-42.53333262	0.00099620
-42.49999929	0.00114757
-42.46666596	0.00127022
-42.43333262	0.00148413
-42.39999929	0.00148276
-42.36666596	0.00156035
-42.33333262	0.00155071
-42.29999929	0.00163642
-42.26666596	0.00167061
-42.23333263	0.00170065
-42.19999929	0.00158343
-42.16666596	0.00158647
-42.13333263	0.00158836
-42.09999929	0.00147763
-42.06666596	0.00157566
-42.03333263	0.00141398
-41.99999930	0.00129515
-41.96666596	0.00132041
-41.93333263	0.00125529
-41.89999930	0.00124439
-41.86666596	0.00115180
-41.83333263	0.00113800
-41.79999930	0.00102945
-41.76666596	0.00099556
-41.73333263	0.00087872
-41.69999930	0.00073058
-41.66666597	0.00074676
-41.63333263	0.00071980
-41.59999930	0.00053911
-41.56666597	0.00056837
-41.53333263	0.00037661
-41.49999930	0.00036934
-41.46666597	0.00031714
-41.43333264	0.00025502
-41.39999930	0.00021183
-41.36666597	0.00020803
-41.33333264	0.00034279
-41.29999930	0.00014544
-41.26666597	0.00021463
-41.23333264	0.00030757
-41.19999931	0.00030253
-41.16666597	0.00040065
-41.13333264	0.00050085
-41.09999931	0.00050379
-41.06666597	0.00053989
-41.03333264	0.00058139
-40.99999931	0.00052272
-40.96666597	0.00050026
-40.93333264	0.00061829
-40.89999931	0.00061613
-40.86666598	0.00057707
-40.83333264	0.00063809
-40.79999931	0.00069909
-40.76666598	0.00067313
-40.73333264	0.00078066
-40.69999931	0.00068028
-40.66666598	0.00072430
-40.63333265	0.00071728
-40.59999931	0.00065389
-40.56666598	0.00065063
-40.53333265	0.00070088
-40.49999931	0.00067520
-40.46666598	0.00055919
-40.43333265	0.00054033
-40.39999932	0.00044080
-40.36666598	0.00033247
-40.33333265	0.00029682
-40.29999932	0.00027529
-40.26666598	0.00024942
-40.23333265	0.00011489
-40.19999932	0.00007699
-40.16666598	-0.00004063
-40.13333265	-0.00009600
-40.09999932	-0.00004567
-40.06666599	0.00000394
-40.03333265	-0.00009287
-39.99999932	-0.00010051
-39.96666599	-0.00009005
-39.93333265	-0.00011068
-39.89999932	-0.00015266
-39.86666599	-0.00020077
-39.83333266	-0.00016122
-39.79999932	-0.00023754
-39.76666599	-0.00023089
-39.73333266	-0.00027608
-39.69999932	-0.00027218
-39.66666599	-0.00025491
-39.63333266	-0.00022837
-39.59999932	-0.00023822
-39.56666599	-0.00033991
-39.53333266	-0.00030930
-39.49999933	-0.00029462
-39.46666599	-0.00039162
-39.43333266	-0.00038534
-39.39999933	-0.00046262
-39.36666599	-0.00050779
-39.33333266	-0.00057934
-39.29999933	-0.00053612
-39.26666600	-0.00061196
-39.23333266	-0.00057035
-39.19999933	-0.00062924
-39.16666600	-0.00061743
-39.13333266	-0.00068354
-39.09999933	-0.00080993
-39.06666600	-0.00079263
-39.03333267	-0.00079142
-38.99999933	-0.00078353
-38.96666600	-0.00081574
-38.93333267	-0.00093660
-38.89999933	-0.00097890
-38.86666600	-0.00098430
-38.83333267	-0.00100496
-38.79999933	-0.00107260
-38.76666600	-0.00113735
-38.73333267	-0.00115357
-38.69999934	-0.00099859
-38.66666600	-0.00107258
-38.63333267	-0.00113521
-38.59999934	-0.00128681
-38.56666600	-0.00135092
-38.53333267	-0.00140159
-38.49999934	-0.00136060
-38.46666601	-0.00141693
-38.43333267	-0.00163592
-38.39999934	-0.00154494
-38.36666601	-0.00170526
-38.33333267	-0.00167161
-38.29999934	-0.00172932
-38.26666601	-0.00171842
-38.23333268	-0.00173902
-38.19999934	-0.00175061
-38.16666601	-0.00180974
-38.13333268	-0.00182105
-38.09999934	-0.00175979
-38.06666601	-0.00176559
-38.03333268	-0.00165124
-37.99999934	-0.00183640
-37.96666601	-0.00181525
-37.93333268	-0.00181572
-37.89999935	-0.00164793
-37.86666601	-0.00173419
-37.83333268	-0.00179867
-37.79999935	-0.00170712
-37.76666601	-0.00174649
-37.73333268	-0.00168902
-37.69999935	-0.00181118
-37.66666602	-0.00176293
-37.63333268	-0.00174749
-37.59999935	-0.00175815
-37.56666602	-0.00176719
-37.53333268	-0.00176048
-37.49999935	-0.00179229
-37.46666602	-0.00176531
-37.43333269	-0.00161065
-37.39999935	-0.00168641
-37.36666602	-0.00170367
-37.33333269	-0.00175288
-37.29999935	-0.00165384
-37.26666602	-0.00172428
-37.23333269	-0.00163802
-37.19999935	-0.00165726
-37.16666602	-0.00172776
-37.13333269	-0.00163897
-37.09999936	-0.00158166
-37.06666602	-0.00164692
-37.03333269	-0.00166717
-36.99999936	-0.00170759
-36.96666602	-0.00172348
-36.93333269	-0.00174197
-36.89999936	-0.00174282
-36.86666603	-0.00172826
-36.83333269	-0.00170769
-36.79999936	-0.00173647
-36.76666603	-0.00180554
-36.73333269	-0.00168640
-36.69999936	-0.00176807
-36.66666603	-0.00168707
-36.63333270	-0.00162211
-36.59999936	-0.00175439
-36.56666603	-0.00165418
-36.53333270	-0.00157688
-36.49999936	-0.00161866
-36.46666603	-0.00160850
-36.43333270	-0.00161906
-36.39999936	-0.00153667
-36.36666603	-0.00158616
-36.33333270	-0.00146636
-36.29999937	-0.00152341
-36.26666603	-0.00151422
-36.23333270	-0.00158054
-36.19999937	-0.00151356
-36.16666603	-0.00149533
-36.13333270	-0.00163671
-36.09999937	-0.00165945
-36.06666604	-0.00169449
-36.03333270	-0.00172977
-35.99999937	-0.00167029
-35.96666604	-0.00168940
-35.93333270	-0.00179836
-35.89999937	-0.00181268
-35.86666604	-0.00181198
-35.83333270	-0.00188750
-35.79999937	-0.00192176
-35.76666604	-0.00186170
-35.73333271	-0.00183867
-35.69999937	-0.00193915
-35.66666604	-0.00210499
-35.63333271	-0.00190896
-35.59999937	-0.00200985
-35.56666604	-0.00206470
-35.53333271	-0.00200702
-35.49999938	-0.00208056
-35.46666604	-0.00201131
-35.43333271	-0.00197446
-35.39999938	-0.00192933
-35.36666604	-0.00203355
-35.33333271	-0.00192545
-35.29999938	-0.00204631
-35.26666605	-0.00200278
-35.23333271	-0.00206239
-35.19999938	-0.00207665
-35.16666605	-0.00205358
-35.13333271	-0.00205536
-35.09999938	-0.00209652
-35.06666605	-0.00213218
-35.03333271	-0.00212275
-34.99999938	-0.00211047
-34.96666605	-0.00215185
-34.93333272	-0.00213056
-34.89999938	-0.00210855
-34.86666605	-0.00221427
-34.83333272	-0.00225022
-34.79999938	-0.00219729
-34.76666605	-0.00221070
-34.73333272	-0.00221680
-34.69999939	-0.00228477
-34.66666605	-0.00230548
-34.63333272	-0.00246780
-34.59999939	-0.00241329
-34.56666605	-0.00251093
-34.53333272	-0.00245758
-34.49999939	-0.00247814
-34.46666606	-0.00259207
-34.43333272	-0.00256134
-34.39999939	-0.00258596
-34.36666606	-0.00252679
-34.33333272	-0.00260605
-34.29999939	-0.00256199
-34.26666606	-0.00256162
-34.23333272	-0.00260940
-34.19999939	-0.00246979
-34.16666606	-0.00249973
-34.13333273	-0.00255885
-34.09999939	-0.00255831
-34.06666606	-0.00253542
-34.03333273	-0.00246609
-33.99999939	-0.00248405
-33.96666606	-0.00254849
-33.93333273	-0.00252631
-33.89999940	-0.00258972
-33.86666606	-0.00251096
-33.83333273	-0.00245634
-33.79999940	-0.00261723
-33.76666606	-0.00270745
-33.73333273	-0.00262701
-33.69999940	-0.00264608
-33.66666607	-0.00259212
-33.63333273	-0.00258710
-33.59999940	-0.00257850
-33.56666607	-0.00267201
-33.53333273	-0.00261086
-33.49999940	-0.00254630
-33.46666607	-0.00250471
-33.43333273	-0.00259160
-33.39999940	-0.00249845
-33.36666607	-0.00249679
-33.33333274	-0.00238431
-33.29999940	-0.00250791
-33.26666607	-0.00247160
-33.23333274	-0.00251712
-33.19999940	-0.00238970
-33.16666607	-0.00252395
-33.13333274	-0.00251019
-33.09999941	-0.00244929
-33.06666607	-0.00249191
-33.03333274	-0.00245007
-32.99999941	-0.00239422
-32.96666607	-0.00240784
-32.93333274	-0.00243202
-32.89999941	-0.00234181
-32.86666608	-0.00228487
-32.83333274	-0.00233566
-32.79999941	-0.00240762
-32.76666608	-0.00231105
-32.73333274	-0.00227522
-32.69999941	-0.00223453
-32.66666608	-0.00227906
-32.63333274	-0.00225136
-32.59999941	-0.00227619
-32.56666608	-0.00223714
-32.53333275	-0.00220797
-32.49999941	-0.00222811
-32.46666608	-0.00213925
-32.43333275	-0.00230046
-32.39999941	-0.00234883
-32.36666608	-0.00231388
-32.33333275	-0.00232975
-32.29999942	-0.00220737
-32.26666608	-0.00220031
-32.23333275	-0.00214212
-32.19999942	-0.00220806
-32.16666608	-0.00219911
-32.13333275	-0.00228564
-32.09999942	-0.00225028
-32.06666608	-0.00213250
-32.03333275	-0.00209459
-31.99999942	-0.00212074
-31.96666609	-0.00211427
-31.93333275	-0.00213844
-31.89999942	-0.00211034
-31.86666609	-0.00203492
-31.83333275	-0.00215280
-31.79999942	-0.00206348
-31.76666609	-0.00201933
-31.73333276	-0.00210222
-31.69999942	-0.00217822
-31.66666609	-0.00211814
-31.63333276	-0.00212509
-31.59999942	-0.00193117
-31.56666609	-0.00198675
-31.53333276	-0.00208158
-31.49999943	-0.00211170
-31.46666609	-0.00209252
-31.43333276	-0.00212627
-31.39999943	-0.00206161
-31.36666609	-0.00209850
-31.33333276	-0.00201737
-31.29999943	-0.00202928
-31.26666609	-0.00196003
-31.23333276	-0.00197309
-31.19999943	-0.00203439
-31.16666610	-0.00203138
-31.13333276	-0.00204761
-31.09999943	-0.00199644
-31.06666610	-0.00188259
-31.03333276	-0.00186399
-30.99999943	-0.00185614
-30.96666610	-0.00190180
-30.93333277	-0.00187597
-30.89999943	-0.00176655
-30.86666610	-0.00180425
-30.83333277	-0.00170765
-30.79999943	-0.00166789
-30.76666610	-0.00163699
-30.73333277	-0.00179951
-30.69999944	-0.00160336
-30.66666610	-0.00163432
-30.63333277	-0.00160846
-30.59999944	-0.00162417
-30.56666610	-0.00157496
-30.53333277	-0.00152084
-30.49999944	-0.00154765
-30.46666610	-0.00144831
-30.43333277	-0.00153837
-30.39999944	-0.00139512
-30.36666611	-0.00152727
-30.33333277	-0.00151940
-30.29999944	-0.00146688
-30.26666611	-0.00133969
-30.23333277	-0.00143815
-30.19999944	-0.00139744
-30.16666611	-0.00135815
-30.13333278	-0.00129326
-30.09999944	-0.00129765
-30.06666611	-0.00127723
-30.03333278	-0.00130809
-29.99999944	-0.00128926
-29.96666611	-0.00131756
-29.93333278	-0.00122968
-29.89999945	-0.00119968
-29.86666611	-0.00114043
-29.83333278	-0.00117282
-29.79999945	-0.00103341
-29.76666611	-0.00111535
-29.73333278	-0.00112413
-29.69999945	-0.00114092
-29.66666611	-0.00115202
-29.63333278	-0.00116078
-29.59999945	-0.00110443
-29.56666612	-0.00120024
-29.53333278	-0.00111528
-29.49999945	-0.00113267
-29.46666612	-0.00105454
-29.43333278	-0.00100939
-29.39999945	-0.00111731
-29.36666612	-0.00097643
-29.33333279	-0.00104529
-29.29999945	-0.00109378
-29.26666612	-0.00098584
-29.23333279	-0.00097806
-29.19999945	-0.00095519
-29.16666612	-0.00089940
-29.13333279	-0.00083321
-29.09999945	-0.00087513
-29.06666612	-0.00083876
-29.03333279	-0.00073391
-28.99999946	-0.00076995
-28.96666612	-0.00066078
-28.93333279	-0.00059290
-28.89999946	-0.00059695
-28.86666612	-0.00044960
-28.83333279	-0.00054301
-28.79999946	-0.00051395
-28.76666613	-0.00047236
-28.73333279	-0.00043026
-28.69999946	-0.00040779
-28.66666613	-0.00035460
-28.63333279	-0.00031570
-28.59999946	-0.00039341
-28.56666613	-0.00030540
-28.53333280	-0.00032483
-28.49999946	-0.00030488
-28.46666613	-0.00016801
-28.43333280	-0.00012552
-28.39999946	-0.00006300
-28.36666613	-0.00016785
-28.33333280	-0.00001402
-28.29999946	-0.00004055
-28.26666613	-0.00003423
-28.23333280	-0.00002313
-28.19999947	-0.00002672
-28.16666613	0.00002743
-28.13333280	0.00008371
-28.09999947	-0.00001818
-28.06666613	0.00005820
-28.03333280	0.00010540
-27.99999947	0.00014184
-27.96666614	0.00007414
-27.93333280	0.00019782
-27.89999947	0.00026915
-27.86666614	0.00022712
-27.83333280	0.00034587
-27.79999947	0.00031537
-27.76666614	0.00045534
-27.73333281	0.00036153
-27.69999947	0.00046176
-27.66666614	0.00055763
-27.63333281	0.00056582
-27.59999947	0.00055767
-27.56666614	0.00063035
-27.53333281	0.00068526
-27.49999947	0.00067846
-27.46666614	0.00071955
-27.43333281	0.00073413
-27.39999948	0.00081423
-27.36666614	0.00084338
-27.33333281	0.00071999
-27.29999948	0.00072575
-27.26666614	0.00075764
-27.23333281	0.00071485
-27.19999948	0.00069143
-27.16666615	0.00081643
-27.13333281	0.00074673
-27.09999948	0.00067213
-27.06666615	0.00071841
-27.03333281	0.00068725
-26.99999948	0.00067750
-26.96666615	0.00066033
-26.93333282	0.00062275
-26.89999948	0.00063129
-26.86666615	0.00066225
-26.83333282	0.00063160
-26.79999948	0.00060702
-26.76666615	0.00046413
-26.73333282	0.00057927
-26.69999948	0.00055744
-26.66666615	0.00043547
-26.63333282	0.00047636
-26.59999949	0.00047861
-26.56666615	0.00047381
-26.53333282	0.00042541
-26.49999949	0.00040638
-26.46666615	0.00041425
-26.43333282	0.00040175
-26.39999949	0.00038313
-26.36666616	0.00034315
-26.33333282	0.00038151
-26.29999949	0.00037418
-26.26666616	0.00042521
-26.23333282	0.00045257
-26.19999949	0.00048828
-26.16666616	0.00045700
-26.13333283	0.00051043
-26.09999949	0.00043671
-26.06666616	0.00050688
-26.03333283	0.00044635
-25.99999949	0.00050797
-25.96666616	0.00056304
-25.93333283	0.00060974
-25.89999949	0.00045978
-25.86666616	0.00035801
-25.83333283	0.00039092
-25.79999950	0.00040251
-25.76666616	0.00036692
-25.73333283	0.00034189
-25.69999950	0.00035826
-25.66666616	0.00041886
-25.63333283	0.00030949
-25.59999950	0.00039798
-25.56666617	0.00026670
-25.53333283	0.00026666
-25.49999950	0.00025054
-25.46666617	0.00022717
-25.43333283	0.00027457
-25.39999950	0.00020991
-25.36666617	0.00013021
-25.33333283	0.00024789
-25.29999950	0.00024075
-25.26666617	0.00025844
-25.23333284	0.00031158
-25.19999950	0.00016025
-25.16666617	0.00016319
-25.13333284	0.00009378
-25.09999950	0.00004864
-25.06666617	0.00008411
-25.03333284	0.00003909
-24.99999951	0.00010736
-24.96666617	0.00007600
-24.93333284	0.00000277
-24.89999951	-0.00003138
-24.86666617	-0.00006471
-24.83333284	-0.00005229
-24.79999951	-0.00020252
-24.76666618	-0.00025730
-24.73333284	-0.00014234
-24.69999951	-0.00019386
-24.66666618	-0.00017341
-24.63333284	-0.00029005
-24.59999951	-0.00032360
-24.56666618	-0.00027370
-24.53333284	-0.00047728
-24.49999951	-0.00044852
-24.46666618	-0.00044741
-24.43333285	-0.00058183
-24.39999951	-0.00056840
-24.36666618	-0.00057918
-24.33333285	-0.00056688
-24.29999951	-0.00062150
-24.26666618	-0.00056907
-24.23333285	-0.00061133
-24.19999952	-0.00063607
-24.16666618	-0.00063570
-24.13333285	-0.00068939
-24.09999952	-0.00067163
-24.06666618	-0.00063896
-24.03333285	-0.00065510
-23.99999952	-0.00063497
-23.96666619	-0.00057140
-23.93333285	-0.00053507
-23.89999952	-0.00055113
-23.86666619	-0.00055040
-23.83333285	-0.00063629
-23.79999952	-0.00051349
-23.76666619	-0.00057945
-23.73333285	-0.00054114
-23.69999952	-0.00050942
-23.66666619	-0.00058291
-23.63333286	-0.00049189
-23.59999952	-0.00051204
-23.56666619	-0.00050945
-23.53333286	-0.00049107
-23.49999952	-0.00044781
-23.46666619	-0.00046029
-23.43333286	-0.00041851
-23.39999953	-0.00039996
-23.36666619	-0.00041909
-23.33333286	-0.00038165
-23.29999953	-0.00042354
-23.26666619	-0.00040852
-23.23333286	-0.00035247
-23.19999953	-0.00034836
-23.16666620	-0.00032155
-23.13333286	-0.00032559
-23.09999953	-0.00041025
-23.06666620	-0.00022855
-23.03333286	-0.00031167
-22.99999953	-0.00021963
-22.96666620	-0.00020651
-22.93333286	-0.00013032
-22.89999953	-0.00018684
-22.86666620	-0.00008527
-22.83333287	-0.00006112
-22.79999953	-0.00016077
-22.76666620	-0.00013656
-22.73333287	-0.00005146
-22.69999953	-0.00000112
-22.66666620	-0.00001841
-22.63333287	0.00008226
-22.59999954	-0.00002045
-22.56666620	0.00009900
-22.53333287	-0.00006170
-22.49999954	-0.00009444
-22.46666620	0.00000443
-22.43333287	-0.00003425
-22.39999954	-0.00009806
-22.36666620	-0.00005873
-22.33333287	-0.00018844
-22.29999954	-0.00013790
-22.26666621	-0.00011603
-22.23333287	-0.00019752
-22.19999954	-0.00037967
-22.16666621	-0.00035931
-22.13333287	-0.00045788
-22.09999954	-0.00048533
-22.06666621	-0.00049473
-22.03333288	-0.00069233
-21.99999954	-0.00072611
-21.96666621	-0.00066995
-21.93333288	-0.00077173
-21.89999954	-0.00078446
-21.86666621	-0.00078131
-21.83333288	-0.00082590
-21.79999955	-0.00073624
-21.76666621	-0.00089820
-21.73333288	-0.00094519
-21.69999955	-0.00090438
-21.66666621	-0.00096884
-21.63333288	-0.00092918
-21.59999955	-0.00090387
-21.56666621	-0.00096780
-21.53333288	-0.00105230
-21.49999955	-0.00106142
-21.46666622	-0.00108063
-21.43333288	-0.00119527
-21.39999955	-0.00118932
-21.36666622	-0.00119448
-21.33333288	-0.00106363
-21.29999955	-0.00117041
-21.26666622	-0.00115038
-21.23333289	-0.00126001
-21.19999955	-0.00120978
-21.16666622	-0.00131040
-21.13333289	-0.00127871
-21.09999955	-0.00124295
-21.06666622	-0.00128879
-21.03333289	-0.00126095
-20.99999956	-0.00127185
-20.96666622	-0.00130302
-20.93333289	-0.00130940
-20.89999956	-0.00132875
-20.86666622	-0.00131056
-20.83333289	-0.00127816
-20.79999956	-0.00130683
-20.76666622	-0.00131614
-20.73333289	-0.00122834
-20.69999956	-0.00138039
-20.66666623	-0.00128810
-20.63333289	-0.00132472
-20.59999956	-0.00137422
-20.56666623	-0.00144280
-20.53333289	-0.00129921
-20.49999956	-0.00151181
-20.46666623	-0.00147269
-20.43333290	-0.00145332
-20.39999956	-0.00147507
-20.36666623	-0.00150690
-20.33333290	-0.00156016
-20.29999956	-0.00155033
-20.26666623	-0.00149891
-20.23333290	-0.00153557
-20.19999957	-0.00159666
-20.16666623	-0.00156095
-20.13333290	-0.00164595
-20.09999957	-0.00156083
-20.06666623	-0.00152244
-20.03333290	-0.00157699
-19.99999957	-0.00156480
-19.96666623	-0.00154178
-19.93333290	-0.00155774
-19.89999957	-0.00149564
-19.86666624	-0.00153840
-19.83333290	-0.00152795
-19.79999957	-0.00159093
-19.76666624	-0.00158844
-19.73333290	-0.00147732
-19.69999957	-0.00144448
-19.66666624	-0.00149150
-19.63333291	-0.00133534
-19.59999957	-0.00134045
-19.56666624	-0.00140566
-19.53333291	-0.00128140
-19.49999957	-0.00120810
-19.46666624	-0.00129416
-19.43333291	-0.00113664
-19.39999958	-0.00118718
-19.36666624	-0.00117927
-19.33333291	-0.00114593
-19.29999958	-0.00109305
-19.26666624	-0.00106871
-19.23333291	-0.00089623
-19.19999958	-0.00091233
-19.16666624	-0.00099377
-19.13333291	-0.00083738
-19.09999958	-0.00086965
-19.06666625	-0.00096953
-19.03333291	-0.00090905
-18.99999958	-0.00090474
-18.96666625	-0.00085971
-18.93333291	-0.00091592
-18.89999958	-0.00085408
-18.86666625	-0.00085846
-18.83333292	-0.00083042
-18.79999958	-0.00080737
-18.76666625	-0.00090387
-18.73333292	-0.00097636
-18.69999958	-0.00096926
-18.66666625	-0.00099224
-18.63333292	-0.00099022
-18.59999958	-0.00098827
-18.56666625	-0.00102714
-18.53333292	-0.00098650
-18.49999959	-0.00113652
-18.46666625	-0.00105866
-18.43333292	-0.00108748
-18.39999959	-0.00111007
-18.36666625	-0.00111700
-18.33333292	-0.00114214
-18.29999959	-0.00099063
-18.26666626	-0.00106743
-18.23333292	-0.00107065
-18.19999959	-0.00099799
-18.16666626	-0.00103959
-18.13333292	-0.00100011
-18.09999959	-0.00086882
-18.06666626	-0.00086429
-18.03333293	-0.00074704
-17.99999959	-0.00064534
-17.96666626	-0.00055447
-17.93333293	-0.00059574
-17.89999959	-0.00060049
-17.86666626	-0.00052113
-17.83333293	-0.00033857
-17.79999959	-0.00034694
-17.76666626	-0.00028609
-17.73333293	-0.00024354
-17.69999960	-0.00026697
-17.66666626	-0.00017640
-17.63333293	-0.00017323
-17.59999960	-0.00017591
-17.56666626	-0.00009246
-17.53333293	-0.00009356
-17.49999960	-0.00008527
-17.46666627	-0.00004863
-17.43333293	-0.00002690
-17.39999960	-0.00012946
-17.36666627	-0.00022100
-17.33333293	-0.00025730
-17.29999960	-0.00021676
-17.26666627	-0.00013146
-17.23333294	-0.00028197
-17.19999960	-0.00026306
-17.16666627	-0.00035062
-17.13333294	-0.00029481
-17.09999960	-0.00023632
-17.06666627	-0.00035115
-17.03333294	-0.00029619
-16.99999960	-0.00025158
-16.96666627	-0.00022954
-16.93333294	-0.00028095
-16.89999961	-0.00022996
-16.86666627	-0.00021885
-16.83333294	-0.00020366
-16.79999961	-0.00024326
-16.76666627	-0.00022244
-16.73333294	-0.00020895
-16.69999961	-0.00022795
-16.66666628	-0.00017921
-16.63333294	-0.00015240
-16.59999961	-0.00019684
-16.56666628	-0.00024118
-16.53333294	-0.00021446
-16.49999961	-0.00006567
-16.46666628	-0.00014765
-16.43333295	-0.00017862
-16.39999961	-0.00004974
-16.36666628	0.00009822
-16.33333295	-0.00003165
-16.29999961	0.00003132
-16.26666628	0.00006159
-16.23333295	0.00015141
-16.19999961	0.00006429
-16.16666628	0.00011022
-16.13333295	0.00015192
-16.09999962	0.00019585
-16.06666628	0.00021570
-16.03333295	0.00018309
-15.99999962	0.00022318
-15.96666628	0.00026537
-15.93333295	0.00033881
-15.89999962	0.00024314
-15.86666629	0.00024730
-15.83333295	0.00023409
-15.79999962	0.00019969
-15.76666629	0.00012810
-15.73333295	-0.00003056
-15.69999962	-0.00001996
-15.66666629	-0.00016554
-15.63333296	-0.00013464
-15.59999962	-0.00016422
-15.56666629	-0.00029065
-15.53333296	-0.00033380
-15.49999962	-0.00028281
-15.46666629	-0.00024799
-15.43333296	-0.00035081
-15.39999962	-0.00039773
-15.36666629	-0.00042696
-15.33333296	-0.00047396
-15.29999963	-0.00056935
-15.26666629	-0.00068388
-15.23333296	-0.00055485
-15.19999963	-0.00063876
-15.16666629	-0.00060600
-15.13333296	-0.00057956
-15.09999963	-0.00064180
-15.06666630	-0.00066466
-15.03333296	-0.00057546
-14.99999963	-0.00064133
-14.96666630	-0.00060160
-14.93333296	-0.00056859
-14.89999963	-0.00047987
-14.86666630	-0.00043741
-14.83333296	-0.00043288
-14.79999963	-0.00044360
-14.76666630	-0.00047870
-14.73333297	-0.00038424
-14.69999963	-0.00030027
-14.66666630	-0.00028729
-14.63333297	-0.00032826
-14.59999963	-0.00031863
-14.56666630	-0.00030108
-14.53333297	-0.00020624
-14.49999964	-0.00024311
-14.46666630	-0.00023141
-14.43333297	-0.00024422
-14.39999964	-0.00021273
-14.36666630	-0.00028215
-14.33333297	-0.00037276
-14.29999964	-0.00036207
-14.26666631	-0.00035188
-14.23333297	-0.00042364
-14.19999964	-0.00037236
-14.16666631	-0.00040763
-14.13333297	-0.00043231
-14.09999964	-0.00026612
-14.06666631	-0.00036219
-14.03333297	-0.00036199
-13.99999964	-0.00034539
-13.96666631	-0.00034947
-13.93333298	-0.00033942
-13.89999964	-0.00044057
-13.86666631	-0.00035458
-13.83333298	-0.00018983
-13.79999964	-0.00024810
-13.76666631	-0.00015079
-13.73333298	-0.00013607
-13.69999965	-0.00005810
-13.66666631	-0.00015604
-13.63333298	-0.00006124
-13.59999965	-0.00009514
-13.56666631	-0.00006144
-13.53333298	-0.00012595
-13.49999965	-0.00008256
-13.46666632	0.00003424
-13.43333298	-0.00000824
-13.39999965	-0.00001306
-13.36666632	-0.00002560
-13.33333298	0.00002375
-13.29999965	0.00004015
-13.26666632	0.00001905
-13.23333298	0.00005665
-13.19999965	0.00002927
-13.16666632	0.00012543
-13.13333299	0.00013793
-13.09999965	0.00015612
-13.06666632	0.00014726
-13.03333299	0.00005187
-12.99999965	0.00019738
-12.96666632	0.00015119
-12.93333299	0.00010601
-12.89999966	0.00010329
-12.86666632	0.00015238
-12.83333299	0.00012034
-12.79999966	0.00020170
-12.76666632	0.00022818
-12.73333299	0.00034968
-12.69999966	0.00034160
-12.66666633	0.00027546
-12.63333299	0.00026655
-12.59999966	0.00027981
-12.56666633	0.00036320
-12.53333299	0.00032167
-12.49999966	0.00028223
-12.46666633	0.00021205
-12.43333299	0.00038980
-12.39999966	0.00031774
-12.36666633	0.00045250
-12.33333300	0.00045020
-12.29999966	0.00045841
-12.26666633	0.00047277
-12.23333300	0.00049842
-12.19999966	0.00064009
-12.16666633	0.00062830
-12.13333300	0.00062671
-12.09999967	0.00057436
-12.06666633	0.00058975
-12.03333300	0.00066170
-11.99999967	0.00069120
-11.96666633	0.00064047
-11.93333300	0.00074647
-11.89999967	0.00075862
-11.86666633	0.00088507
-11.83333300	0.00085088
-11.79999967	0.00080216
-11.76666634	0.00088976
-11.73333300	0.00095085
-11.69999967	0.00097798
-11.66666634	0.00099759
-11.63333300	0.00108100
-11.59999967	0.00096300
-11.56666634	0.00095249
-11.53333301	0.00098714
-11.49999967	0.00101119
-11.46666634	0.00099140
-11.43333301	0.00094955
-11.39999967	0.00104208
-11.36666634	0.00088681
-11.33333301	0.00082212
-11.29999968	0.00081790
-11.26666634	0.00077836
-11.23333301	0.00070663
-11.19999968	0.00058705
-11.16666634	0.00058409
-11.13333301	0.00041155
-11.09999968	0.00038310
-11.06666634	0.00023462
-11.03333301	0.00016080
-10.99999968	0.00013541
-10.96666635	-0.00000083
-10.93333301	-0.00011482
-10.89999968	-0.00024341
-10.86666635	-0.00030379
-10.83333301	-0.00055903
-10.79999968	-0.00067030
-10.76666635	-0.00076281
-10.73333302	-0.00086568
-10.69999968	-0.00114636
-10.66666635	-0.00118670
-10.63333302	-0.00140101
-10.59999968	-0.00147273
-10.56666635	-0.00162295
-10.53333302	-0.00184903
-10.49999969	-0.00200842
-10.46666635	-0.00215859
-10.43333302	-0.00231496
-10.39999969	-0.00249798
-10.36666635	-0.00266998
-10.33333302	-0.00288946
-10.29999969	-0.00302854
-10.26666635	-0.00319350
-10.23333302	-0.00330283
-10.19999969	-0.00348605
-10.16666636	-0.00369547
-10.13333302	-0.00381758
-10.09999969	-0.00400841
-10.06666636	-0.00416686
-10.03333302	-0.00431611
-9.99999969	-0.00442755
-9.96666636	-0.00457529
-9.93333303	-0.00475817
-9.89999969	-0.00494956
-9.86666636	-0.00506110
-9.83333303	-0.00522465
-9.79999969	-0.00521339
-9.76666636	-0.00532797
-9.73333303	-0.00532514
-9.69999970	-0.00531079
-9.66666636	-0.00549923
-9.63333303	-0.00545954
-9.59999970	-0.00543356
-9.56666636	-0.00536974
-9.53333303	-0.00535238
-9.49999970	-0.00521497
-9.46666636	-0.00511069
-9.43333303	-0.00489961
-9.39999970	-0.00476971
-9.36666637	-0.00453300
-9.33333303	-0.00438084
-9.29999970	-0.00408506
-9.26666637	-0.00384259
-9.23333303	-0.00348255
-9.19999970	-0.00311948
-9.16666637	-0.00290720
-9.13333304	-0.00251005
-9.09999970	-0.00214854
-9.06666637	-0.00170086
-9.03333304	-0.00136081
-8.99999970	-0.00079507
-8.96666637	-0.00036033
-8.93333304	0.00010072
-8.89999971	0.00056757
-8.86666637	0.00099147
-8.83333304	0.00139789
-8.79999971	0.00189073
-8.76666637	0.00237912
-8.73333304	0.00280515
-8.69999971	0.00334196
-8.66666637	0.00387103
-8.63333304	0.00427144
-8.59999971	0.00465200
-8.56666638	0.00509986
-8.53333304	0.00548560
-8.49999971	0.00603813
-8.46666638	0.00617732
-8.43333304	0.00662962
-8.39999971	0.00701504
-8.36666638	0.00720312
-8.33333305	0.00763516
-8.29999971	0.00785129
-8.26666638	0.00800606
-8.23333305	0.00812088
-8.19999971	0.00839577
-8.16666638	0.00846749
-8.13333305	0.00855480
-8.09999971	0.00860461
-8.06666638	0.00868255
-8.03333305	0.00883976
-7.99999972	0.00875487
-7.96666638	0.00872343
-7.93333305	0.00873087
-7.89999972	0.00877782
-7.86666638	0.00864384
-7.83333305	0.00874768
-7.79999972	0.00870320
-7.76666639	0.00877002
-7.73333305	0.00874175
-7.69999972	0.00866106
-7.66666639	0.00858663
-7.63333305	0.00871420
-7.59999972	0.00879946
-7.56666639	0.00869522
-7.53333306	0.00879517
-7.49999972	0.00885141
-7.46666639	0.00898585
-7.43333306	0.00908923
-7.39999972	0.00921117
-7.36666639	0.00935328
-7.33333306	0.00945821
-7.29999972	0.00950442
-7.26666639	0.00973288
-7.23333306	0.00978578
-7.19999973	0.01004769
-7.16666639	0.01019421
-7.13333306	0.01047129
-7.09999973	0.01068258
-7.06666639	0.01080159
-7.03333306	0.01100450
-6.99999973	0.01122825
-6.96666640	0.01136675
-6.93333306	0.01160294
-6.89999973	0.01163324
-6.86666640	0.01183201
-6.83333306	0.01180880
-6.79999973	0.01198932
-6.76666640	0.01204086
-6.73333307	0.01210542
-6.69999973	0.01218044
-6.66666640	0.01220747
-6.63333307	0.01211243
-6.59999973	0.01214870
-6.56666640	0.01209463
-6.53333307	0.01198795
-6.49999973	0.01190382
-6.46666640	0.01188310
-6.43333307	0.01163576
-6.39999974	0.01146453
-6.36666640	0.01136270
-6.33333307	0.01116042
-6.29999974	0.01099406
-6.26666640	0.01081722
-6.23333307	0.01053270
-6.19999974	0.01038076
-6.16666641	0.01005390
-6.13333307	0.00982483
-6.09999974	0.00956006
-6.06666641	0.00930198
-6.03333307	0.00900412
-5.99999974	0.00873110
-5.96666641	0.00834996
-5.93333308	0.00811109
-5.89999974	0.00780920
-5.86666641	0.00751703
-5.83333308	0.00713497
-5.79999974	0.00684883
-5.76666641	0.00668051
-5.73333308	0.00633838
-5.69999974	0.00593996
-5.66666641	0.00567901
-5.63333308	0.00548816
-5.59999975	0.00507806
-5.56666641	0.00472262
-5.53333308	0.00443060
-5.49999975	0.00402602
-5.46666641	0.00375041
-5.43333308	0.00334825
-5.39999975	0.00297471
-5.36666642	0.00277347
-5.33333308	0.00229507
-5.29999975	0.00213793
-5.26666642	0.00169608
-5.23333308	0.00139594
-5.19999975	0.00114463
-5.16666642	0.00093740
-5.13333309	0.00062320
-5.09999975	0.00027685
-5.06666642	0.00020670
-5.03333309	-0.00010270
-4.99999975	-0.00026547
-4.96666642	-0.00050109
-4.93333309	-0.00067095
-4.89999975	-0.00080745
-4.86666642	-0.00088117
-4.83333309	-0.00102977
-4.79999976	-0.00114765
-4.76666642	-0.00111828
-4.73333309	-0.00113042
-4.69999976	-0.00112799
-4.66666642	-0.00122155
-4.63333309	-0.00130072
-4.59999976	-0.00117311
-4.56666643	-0.00119249
-4.53333309	-0.00122784
-4.49999976	-0.00094637
-4.46666643	-0.00103219
-4.43333309	-0.00092953
-4.39999976	-0.00075327
-4.36666643	-0.00069336
-4.33333309	-0.00048133
-4.29999976	-0.00053048
-4.26666643	-0.00046132
-4.23333310	-0.00041095
-4.19999976	-0.00028459
-4.16666643	-0.00021473
-4.13333310	-0.00022748
-4.09999976	-0.00016898
-4.06666643	-0.00022308
-4.03333310	-0.00016106
-3.99999977	-0.00028585
-3.96666643	-0.00026821
-3.93333310	-0.00029304
-3.89999977	-0.00041360
-3.86666643	-0.00036826
-3.83333310	-0.00044022
-3.79999977	-0.00043982
-3.76666644	-0.00063874
-3.73333310	-0.00060435
-3.69999977	-0.00063058
-3.66666644	-0.00074061
-3.63333310	-0.00077842
-3.59999977	-0.00079420
-3.56666644	-0.00074073
-3.53333310	-0.00066098
-3.49999977	-0.00081704
-3.46666644	-0.00073865
-3.43333311	-0.00059477
-3.39999977	-0.00048234
-3.36666644	-0.00029540
-3.33333311	-0.00014167
-3.29999977	0.00000388
-3.26666644	0.00029209
-3.23333311	0.00050006
-3.19999978	0.00078996
-3.16666644	0.00096802
-3.13333311	0.00136760
-3.09999978	0.00150917
-3.06666644	0.00190613
-3.03333311	0.00223029
-2.99999978	0.00247368
-2.96666645	0.00268288
-2.93333311	0.00303253
-2.89999978	0.00317309
-2.86666645	0.00338069
-2.83333311	0.00357808
-2.79999978	0.00368702
-2.76666645	0.00384494
-2.73333311	0.00393980
-2.69999978	0.00397039
-2.66666645	0.00417776
-2.63333312	0.00415403
-2.59999978	0.00423447
-2.56666645	0.00416981
-2.53333312	0.00404941
-2.49999978	0.00396467
-2.46666645	0.00379153
-2.43333312	0.00360124
-2.39999979	0.00348581
-2.36666645	0.00334258
-2.33333312	0.00319220
-2.29999979	0.00298233
-2.26666645	0.00275715
-2.23333312	0.00258751
-2.19999979	0.00230561
-2.16666646	0.00231883
-2.13333312	0.00192034
-2.09999979	0.00171174
-2.06666646	0.00156476
-2.03333312	0.00132402
-1.99999979	0.00127524
-1.96666646	0.00124159
-1.93333312	0.00117327
-1.89999979	0.00109219
-1.86666646	0.00109735
-1.83333313	0.00110301
-1.79999979	0.00114064
-1.76666646	0.00106180
-1.73333313	0.00115637
-1.69999979	0.00116111
-1.66666646	0.00126474
-1.63333313	0.00134511
-1.59999980	0.00147488
-1.56666646	0.00161948
-1.53333313	0.00177441
-1.49999980	0.00188812
-1.46666646	0.00206424
-1.43333313	0.00215229
-1.39999980	0.00233648
-1.36666646	0.00245914
-1.33333313	0.00254850
-1.29999980	0.00278799
-1.26666647	0.00296983
-1.23333313	0.00299460
-1.19999980	0.00318105
-1.16666647	0.00325508
-1.13333313	0.00351146
-1.09999980	0.00346500
-1.06666647	0.00365698
-1.03333314	0.00381896
-0.99999980	0.00398628
-0.96666647	0.00400516
-0.93333314	0.00412039
-0.89999980	0.00415243
-0.86666647	0.00424101
-0.83333314	0.00420143
-0.79999981	0.00437319
-0.76666647	0.00448798
-0.73333314	0.00449509
-0.69999981	0.00467475
-0.66666647	0.00474026
-0.63333314	0.00488608
-0.59999981	0.00496639
-0.56666647	0.00505031
-0.53333314	0.00511443
-0.49999981	0.00524383
-0.46666648	0.00533714
-0.43333314	0.00533516
-0.39999981	0.00547324
-0.36666648	0.00545269
-0.33333314	0.00553811
-0.29999981	0.00565538
-0.26666648	0.00574286
-0.23333315	0.00580357
-0.19999981	0.00584707
-0.16666648	0.00588599
-0.13333315	0.00595411
-0.09999981	0.00604450
-0.06666648	0.00601710
-0.03333315	0.00607493
0.00000018	0.00614297
0.03333352	0.00623756
0.06666685	0.00624704
0.10000018	0.00634704
0.13333352	0.00636915
0.16666685	0.00639716
0.20000018	0.00635146
0.23333352	0.00651620
0.26666685	0.00634172
0.30000018	0.00635404
0.33333351	0.00638566
0.36666685	0.00634951
0.40000018	0.00637046
0.43333351	0.00628937
0.46666685	0.00610808
0.50000018	0.00601491
0.53333351	0.00593459
0.56666684	0.00578968
0.60000018	0.00567998
0.63333351	0.00549903
0.66666684	0.00528689
0.70000018	0.00519048
0.73333351	0.00495116
0.76666684	0.00482882
0.80000017	0.00454304
0.83333351	0.00438151
0.86666684	0.00425808
0.90000017	0.00393879
0.93333351	0.00376748
0.96666684	0.00348065
1.00000017	0.00335631
1.03333351	0.00310164
1.06666684	0.00297328
1.10000017	0.00275166
1.13333350	0.00257355
1.16666684	0.00244902
1.20000017	0.00224190
1.23333350	0.00214814
1.26666684	0.00206160
1.30000017	0.00200244
1.33333350	0.00188951
1.36666683	0.00177063
1.40000017	0.00165853
1.43333350	0.00163066
1.46666683	0.00151382
1.50000017	0.00163091
1.53333350	0.00155658
1.56666683	0.00158622
1.60000016	0.00157581
1.63333350	0.00164403
1.66666683	0.00161425
1.70000016	0.00166448
1.73333350	0.00175237
1.76666683	0.00179838
1.80000016	0.00192922
1.83333350	0.00199344
1.86666683	0.00199983
1.90000016	0.00204998
1.93333349	0.00220971
1.96666683	0.00216224
2.00000016	0.00231381
2.03333349	0.00233465
2.06666683	0.00234237
2.10000016	0.00241490
2.13333349	0.00250388
2.16666682	0.00251956
2.20000016	0.00252155
2.23333349	0.00245954
2.26666682	0.00250814
2.30000016	0.00245598
2.33333349	0.00235698
2.36666682	0.00246574
2.40000016	0.00225144
2.43333349	0.00218746
2.46666682	0.00217520
2.50000015	0.00200226
2.53333349	0.00195454
2.56666682	0.00189054
2.60000015	0.00189863
2.63333349	0.00184753
2.66666682	0.00169929
2.70000015	0.00166476
2.73333348	0.00160204
2.76666682	0.00144854
2.80000015	0.00153977
2.83333348	0.00144890
2.86666682	0.00148504
2.90000015	0.00134993
2.93333348	0.00131311
2.96666681	0.00128891
3.00000015	0.00126298
3.03333348	0.00124780
3.06666681	0.00112639
3.10000015	0.00112626
3.13333348	0.00106831
3.16666681	0.00103181
3.20000015	0.00102928
3.23333348	0.00105481
3.26666681	0.00101933
3.30000014	0.00101036
3.33333348	0.00091515
3.36666681	0.00096416
3.40000014	0.00094507
3.43333348	0.00091670
3.46666681	0.00102417
3.50000014	0.00101629
3.53333347	0.00093691
3.56666681	0.00100330
3.60000014	0.00085950
3.63333347	0.00099644
3.66666681	0.00103333
3.70000014	0.00107610
3.73333347	0.00096118
3.76666680	0.00106005
3.80000014	0.00110776
3.83333347	0.00110335
3.86666680	0.00111028
3.90000014	0.00118120
3.93333347	0.00119306
3.96666680	0.00118065
4.00000014	0.00120634
4.03333347	0.00113547
4.06666680	0.00117766
4.10000013	0.00125916
4.13333347	0.00112658
4.16666680	0.00113591
4.20000013	0.00109332
4.23333347	0.00102906
4.26666680	0.00100748
4.30000013	0.00099507
4.33333346	0.00091613
4.36666680	0.00090987
4.40000013	0.00079079
4.43333346	0.00079382
4.46666680	0.00086394
4.50000013	0.00076552
4.53333346	0.00071700
4.56666679	0.00063015
4.60000013	0.00066631
4.63333346	0.00069194
4.66666679	0.00068446
4.70000013	0.00053814
4.73333346	0.00061292
4.76666679	0.00058808
4.80000013	0.00060199
4.83333346	0.00058769
4.86666679	0.00059533
4.90000012	0.00054083
4.93333346	0.00050264
4.96666679	0.00045405
5.00000012	0.00040893
5.03333346	0.00042118
5.06666679	0.00035518
5.10000012	0.00043088
5.13333345	0.00039579
5.16666679	0.00036105
5.20000012	0.00032767
5.23333345	0.00032756
5.26666679	0.00032090
5.30000012	0.00036190
5.33333345	0.00024073
5.36666678	0.00021680
5.40000012	0.00025341
5.43333345	0.00028753
5.46666678	0.00026848
5.50000012	0.00028012
5.53333345	0.00021831
5.56666678	0.00029768
5.60000012	0.00022947
5.63333345	0.00027902
5.66666678	0.00027713
5.70000011	0.00022092
5.73333345	0.00031130
5.76666678	0.00024138
5.80000011	0.00016265
5.83333345	0.00021723
5.86666678	0.00019233
5.90000011	0.00011753
5.93333344	0.00008871
5.96666678	-0.00004375
6.00000011	-0.00009034
6.03333344	-0.00002814
6.06666678	-0.00005875
6.10000011	-0.00013212
6.13333344	-0.00010497
6.16666678	-0.00013039
6.20000011	-0.00020522
6.23333344	-0.00001089
6.26666677	-0.00014974
6.30000011	-0.00010566
6.33333344	-0.00017411
6.36666677	-0.00024198
6.40000011	-0.00009890
6.43333344	-0.00015733
6.46666677	-0.00022078
6.50000010	-0.00010805
6.53333344	-0.00010673
6.56666677	-0.00006452
6.60000010	-0.00005112
6.63333344	-0.00011446
6.66666677	-0.00004808
6.70000010	-0.00003385
6.73333343	-0.00010366
6.76666677	-0.00010205
6.80000010	-0.00007095
6.83333343	-0.00013126
6.86666677	-0.00016234
6.90000010	-0.00017259
6.93333343	-0.00015336
6.96666677	-0.00023578
7.00000010	-0.00019907
7.03333343	-0.00023654
7.06666676	-0.00025444
7.10000010	-0.00017225
7.13333343	-0.00021104
7.16666676	-0.00032273
7.20000010	-0.00028478
7.23333343	-0.00025966
7.26666676	-0.00025482
7.30000009	-0.00017573
7.33333343	-0.00030644
7.36666676	-0.00033305
7.40000009	-0.00028684
7.43333343	-0.00029558
7.46666676	-0.00041113
7.50000009	-0.00046682
7.53333342	-0.00053276
7.56666676	-0.00052786
7.60000009	-0.00063758
7.63333342	-0.00055074
7.66666676	-0.00064777
7.70000009	-0.00075789
7.73333342	-0.00063706
7.76666676	-0.00065757
7.80000009	-0.00074577
7.83333342	-0.00074688
7.86666675	-0.00081927
7.90000009	-0.00083037
7.93333342	-0.00087878
7.96666675	-0.00090814
8.00000009	-0.00088314
8.03333342	-0.00097520
8.06666675	-0.00101973
8.10000008	-0.00100876
8.13333342	-0.00105479
8.16666675	-0.00110127
8.20000008	-0.00109667
8.23333342	-0.00105266
8.26666675	-0.00106210
8.30000008	-0.00111690
8.33333341	-0.00100176
8.36666675	-0.00102581
8.40000008	-0.00103968
8.43333341	-0.00103173
8.46666675	-0.00103873
8.50000008	-0.00102844
8.53333341	-0.00104401
8.56666675	-0.00101985
8.60000008	-0.00105125
8.63333341	-0.00109342
8.66666674	-0.00108267
8.70000008	-0.00110479
8.73333341	-0.00109334
8.76666674	-0.00105402
8.80000008	-0.00110952
8.83333341	-0.00109740
8.86666674	-0.00112523
8.90000007	-0.00115419
8.93333341	-0.00112843
8.96666674	-0.00122015
9.00000007	-0.00115167
9.03333341	-0.00123080
9.06666674	-0.00122178
9.10000007	-0.00117800
9.13333341	-0.00126271
9.16666674	-0.00134164
9.20000007	-0.00133471
9.23333340	-0.00134826
9.26666674	-0.00121815
9.30000007	-0.00111779
9.33333340	-0.00132354
9.36666674	-0.00126156
9.40000007	-0.00125627
9.43333340	-0.00117346
9.46666673	-0.00110832
9.50000007	-0.00113381
9.53333340	-0.00103164
9.56666673	-0.00101172
9.60000007	-0.00104479
9.63333340	-0.00098276
9.66666673	-0.00100338
9.70000006	-0.00095810
9.73333340	-0.00093059
9.76666673	-0.00091868
9.80000006	-0.00093964
9.83333340	-0.00091280
9.86666673	-0.00079747
9.90000006	-0.00073577
9.93333340	-0.00069973
9.96666673	-0.00071492
10.00000006	-0.00074859
10.03333339	-0.00075555
10.06666673	-0.00065881
10.10000006	-0.00069082
10.13333339	-0.00067428
10.16666673	-0.00066912
10.20000006	-0.00074944
10.23333339	-0.00068001
10.26666672	-0.00064555
10.30000006	-0.00068697
10.33333339	-0.00065658
10.36666672	-0.00059672
10.40000006	-0.00057097
10.43333339	-0.00056385
10.46666672	-0.00052285
10.50000005	-0.00055738
10.53333339	-0.00059781
10.56666672	-0.00057441
10.60000005	-0.00053368
10.63333339	-0.00056989
10.66666672	-0.00056226
10.70000005	-0.00056008
10.73333339	-0.00051803
10.76666672	-0.00054437
10.80000005	-0.00052866
10.83333338	-0.00053774
10.86666672	-0.00052729
10.90000005	-0.00049591
10.93333338	-0.00052942
10.96666672	-0.00053197
11.00000005	-0.00045640
11.03333338	-0.00045728
11.06666671	-0.00047985
11.10000005	-0.00044451
11.13333338	-0.00044947
11.16666671	-0.00041050
11.20000005	-0.00041237
11.23333338	-0.00045259
11.26666671	-0.00041593
11.30000004	-0.00038852
11.33333338	-0.00036445
11.36666671	-0.00039478
11.40000004	-0.00036221
11.43333338	-0.00036168
11.46666671	-0.00036075
11.50000004	-0.00032760
11.53333338	-0.00033197
11.56666671	-0.00028889
11.60000004	-0.00028808
11.63333337	-0.00030587
11.66666671	-0.00030239
11.70000004	-0.00026064
11.73333337	-0.00026258
11.76666671	-0.00025557
11.80000004	-0.00025933
11.83333337	-0.00024943
11.86666670	-0.00021098
11.90000004	-0.00023699
11.93333337	-0.00018864
11.96666670	-0.00020044
12.00000004	-0.00019471
12.03333337	-0.00018990
12.06666670	-0.00019958
12.10000003	-0.00016876
12.13333337	-0.00013556
12.16666670	-0.00016296
12.20000003	-0.00014243
12.23333337	-0.00016374
12.26666670	-0.00014527
12.30000003	-0.00012989
12.33333337	-0.00011387
12.36666670	-0.00011489
12.40000003	-0.00014614
12.43333336	-0.00011924
12.46666670	-0.00012988
12.50000003	-0.00013153
12.53333336	-0.00013143
12.56666670	-0.00013415
12.60000003	-0.00014131
12.63333336	-0.00012690
12.66666669	-0.00012831
12.70000003	-0.00011772
12.73333336	-0.00012872
12.76666669	-0.00010550
12.80000003	-0.00011309
12.83333336	-0.00011156
12.86666669	-0.00010419
12.90000003	-0.00009408
12.93333336	-0.00009541
12.96666669	-0.00008833
13.00000002	-0.00008292
13.03333336	-0.00009915
13.06666669	-0.00008378
13.10000002	-0.00008499
13.13333336	-0.00008958
13.16666669	-0.00009087
13.20000002	-0.00006862
13.23333335	-0.00006952
13.26666669	-0.00006067
13.30000002	-0.00006131
13.33333335	-0.00006102
13.36666669	-0.00005698
13.40000002	-0.00005175
13.43333335	-0.00004832
13.46666668	-0.00004233
13.50000002	-0.00004443
13.53333335	-0.00003865
13.56666668	-0.00003189
13.60000002	-0.00002874
13.63333335	-0.00002578
13.66666668	-0.00002895
13.70000002	-0.00002334
13.73333335	-0.00002410
13.76666668	-0.00001834
13.80000001	-0.00001579
13.83333335	-0.00001286
13.86666668	-0.00000459
13.90000001	-0.00000795
13.93333335	-0.00000540
13.96666668	-0.00000678
14.00000001	-0.00000331
14.03333334	-0.00000325
14.06666668	-0.00000069
14.10000001	-0.00000112
14.13333334	0.00000299
14.16666668	0.00000038
14.20000001	0.00000192
14.23333334	0.00000215
14.26666667	0.00000237
14.30000001	0.00000220
14.33333334	0.00000298
14.36666667	0.00000229
14.40000001	0.00000260
14.43333334	0.00000236
14.46666667	0.00000123
14.50000001	0.00000104
14.53333334	0.00000117
14.56666667	0.00000087
14.60000000	0.00000070
14.63333334	0.00000075
14.66666667	0.00000055
14.70000000	0.00000040
14.73333334	0.00000035
14.76666667	0.00000026
14.80000000	0.00000016
14.83333333	0.00000005
14.86666667	0.00000002
14.90000000	0.00000000
