# Menlo Systems GmbH ScanControl
# Program Version 1.3.3
# Start: -65.00000000 ps, Average over 1000 waveforms. Timestamp: 2020-01-12T19:15:38
# Time [ps]	THz Signal [a.u.]
-65.06666586	0.00000000
-65.03333253	0.00000002
-64.99999919	0.00000006
-64.96666586	0.00000017
-64.93333253	0.00000019
-64.89999919	0.00000022
-64.86666586	0.00000009
-64.83333253	0.00000037
-64.79999920	0.00000016
-64.76666586	0.00000045
-64.73333253	0.00000036
-64.69999920	-0.00000009
-64.66666586	-0.00000006
-64.63333253	-0.00000036
-64.59999920	0.00000010
-64.56666586	-0.00000021
-64.53333253	-0.00000108
-64.49999920	-0.00000160
-64.46666587	-0.00000205
-64.43333253	-0.00000155
-64.39999920	-0.00000353
-64.36666587	-0.00000216
-64.33333253	-0.00000346
-64.29999920	-0.00000341
-64.26666587	-0.00000431
-64.23333253	-0.00000513
-64.19999920	-0.00000305
-64.16666587	-0.00000873
-64.13333254	-0.00000930
-64.09999920	-0.00000807
-64.06666587	-0.00000633
-64.03333254	-0.00000922
-63.99999920	-0.00001211
-63.96666587	-0.00001255
-63.93333254	-0.00001501
-63.89999920	-0.00001398
-63.86666587	-0.00001922
-63.83333254	-0.00002319
-63.79999921	-0.00001519
-63.76666587	-0.00001795
-63.73333254	-0.00001653
-63.69999921	-0.00001967
-63.66666587	-0.00002117
-63.63333254	-0.00002392
-63.59999921	-0.00001958
-63.56666587	-0.00002252
-63.53333254	-0.00001994
-63.49999921	-0.00002200
-63.46666588	-0.00001850
-63.43333254	-0.00001418
-63.39999921	-0.00001118
-63.36666588	-0.00001376
-63.33333254	0.00000246
-63.29999921	-0.00000456
-63.26666588	-0.00000112
-63.23333254	0.00000164
-63.19999921	0.00001449
-63.16666588	0.00001000
-63.13333255	0.00002438
-63.09999921	0.00003407
-63.06666588	0.00004457
-63.03333255	0.00004392
-62.99999921	0.00005945
-62.96666588	0.00007794
-62.93333255	0.00009372
-62.89999921	0.00012973
-62.86666588	0.00014751
-62.83333255	0.00015791
-62.79999922	0.00017464
-62.76666588	0.00018371
-62.73333255	0.00021227
-62.69999922	0.00023300
-62.66666588	0.00024645
-62.63333255	0.00027878
-62.59999922	0.00028364
-62.56666588	0.00033604
-62.53333255	0.00033892
-62.49999922	0.00037967
-62.46666589	0.00039398
-62.43333255	0.00042920
-62.39999922	0.00046946
-62.36666589	0.00047748
-62.33333255	0.00052647
-62.29999922	0.00055119
-62.26666589	0.00059842
-62.23333256	0.00062929
-62.19999922	0.00066313
-62.16666589	0.00069082
-62.13333256	0.00072871
-62.09999922	0.00075175
-62.06666589	0.00079182
-62.03333256	0.00083755
-61.99999922	0.00086023
-61.96666589	0.00088617
-61.93333256	0.00092287
-61.89999923	0.00096377
-61.86666589	0.00098837
-61.83333256	0.00098749
-61.79999923	0.00109168
-61.76666589	0.00114954
-61.73333256	0.00118386
-61.69999923	0.00124570
-61.66666589	0.00124820
-61.63333256	0.00134634
-61.59999923	0.00140617
-61.56666590	0.00144511
-61.53333256	0.00148181
-61.49999923	0.00150665
-61.46666590	0.00160175
-61.43333256	0.00164703
-61.39999923	0.00166688
-61.36666590	0.00168615
-61.33333256	0.00174671
-61.29999923	0.00174380
-61.26666590	0.00180925
-61.23333257	0.00182387
-61.19999923	0.00185846
-61.16666590	0.00186392
-61.13333257	0.00189013
-61.09999923	0.00192626
-61.06666590	0.00192237
-61.03333257	0.00197837
-60.99999923	0.00197861
-60.96666590	0.00196842
-60.93333257	0.00199025
-60.89999924	0.00202377
-60.86666590	0.00198970
-60.83333257	0.00191794
-60.79999924	0.00198295
-60.76666590	0.00193047
-60.73333257	0.00189261
-60.69999924	0.00191280
-60.66666590	0.00178295
-60.63333257	0.00172929
-60.59999924	0.00171482
-60.56666591	0.00162512
-60.53333257	0.00164482
-60.49999924	0.00149373
-60.46666591	0.00149079
-60.43333257	0.00137964
-60.39999924	0.00127460
-60.36666591	0.00123477
-60.33333257	0.00116388
-60.29999924	0.00099277
-60.26666591	0.00089407
-60.23333258	0.00080175
-60.19999924	0.00066184
-60.16666591	0.00053959
-60.13333258	0.00047386
-60.09999924	0.00035638
-60.06666591	0.00020629
-60.03333258	0.00009539
-59.99999924	-0.00004411
-59.96666591	-0.00012993
-59.93333258	-0.00022239
-59.89999925	-0.00032021
-59.86666591	-0.00044507
-59.83333258	-0.00049810
-59.79999925	-0.00058823
-59.76666591	-0.00066794
-59.73333258	-0.00072443
-59.69999925	-0.00092651
-59.66666591	-0.00092042
-59.63333258	-0.00096167
-59.59999925	-0.00098890
-59.56666592	-0.00104678
-59.53333258	-0.00109552
-59.49999925	-0.00112479
-59.46666592	-0.00113981
-59.43333258	-0.00114541
-59.39999925	-0.00112444
-59.36666592	-0.00106115
-59.33333258	-0.00106957
-59.29999925	-0.00103712
-59.26666592	-0.00096565
-59.23333259	-0.00096983
-59.19999925	-0.00087729
-59.16666592	-0.00089169
-59.13333259	-0.00081192
-59.09999925	-0.00081711
-59.06666592	-0.00074789
-59.03333259	-0.00072945
-58.99999925	-0.00066617
-58.96666592	-0.00063630
-58.93333259	-0.00049403
-58.89999926	-0.00046106
-58.86666592	-0.00054023
-58.83333259	-0.00049219
-58.79999926	-0.00039624
-58.76666592	-0.00030282
-58.73333259	-0.00021842
-58.69999926	-0.00030291
-58.66666592	-0.00014026
-58.63333259	-0.00019400
-58.59999926	-0.00016315
-58.56666593	-0.00013304
-58.53333259	-0.00013268
-58.49999926	-0.00013764
-58.46666593	-0.00000443
-58.43333259	-0.00013066
-58.39999926	-0.00017576
-58.36666593	-0.00011111
-58.33333259	-0.00010435
-58.29999926	-0.00008239
-58.26666593	-0.00011697
-58.23333260	-0.00030193
-58.19999926	-0.00022673
-58.16666593	-0.00010453
-58.13333260	-0.00018421
-58.09999926	-0.00020948
-58.06666593	-0.00026155
-58.03333260	-0.00019323
-57.99999926	-0.00030013
-57.96666593	-0.00032898
-57.93333260	-0.00033574
-57.89999927	-0.00022962
-57.86666593	-0.00031353
-57.83333260	-0.00027411
-57.79999927	-0.00025822
-57.76666593	-0.00027865
-57.73333260	-0.00014905
-57.69999927	-0.00014829
-57.66666593	-0.00003017
-57.63333260	-0.00000511
-57.59999927	-0.00006473
-57.56666594	-0.00003677
-57.53333260	0.00003998
-57.49999927	0.00006848
-57.46666594	0.00010720
-57.43333260	0.00012030
-57.39999927	0.00013086
-57.36666594	0.00020514
-57.33333260	0.00031777
-57.29999927	0.00033472
-57.26666594	0.00034080
-57.23333261	0.00050333
-57.19999927	0.00047422
-57.16666594	0.00070347
-57.13333261	0.00073429
-57.09999927	0.00082633
-57.06666594	0.00079905
-57.03333261	0.00100931
-56.99999927	0.00100854
-56.96666594	0.00089980
-56.93333261	0.00099254
-56.89999928	0.00114715
-56.86666594	0.00108199
-56.83333261	0.00120995
-56.79999928	0.00117243
-56.76666594	0.00134587
-56.73333261	0.00140070
-56.69999928	0.00130742
-56.66666594	0.00127961
-56.63333261	0.00134385
-56.59999928	0.00136159
-56.56666595	0.00130392
-56.53333261	0.00131839
-56.49999928	0.00128255
-56.46666595	0.00128502
-56.43333261	0.00134631
-56.39999928	0.00129064
-56.36666595	0.00129593
-56.33333261	0.00136810
-56.29999928	0.00129342
-56.26666595	0.00131097
-56.23333262	0.00132093
-56.19999928	0.00132197
-56.16666595	0.00135123
-56.13333262	0.00133757
-56.09999928	0.00122812
-56.06666595	0.00133984
-56.03333262	0.00135191
-55.99999928	0.00121373
-55.96666595	0.00129833
-55.93333262	0.00133668
-55.89999929	0.00130132
-55.86666595	0.00142126
-55.83333262	0.00127107
-55.79999929	0.00127206
-55.76666595	0.00134178
-55.73333262	0.00138033
-55.69999929	0.00132630
-55.66666595	0.00136854
-55.63333262	0.00124554
-55.59999929	0.00117942
-55.56666596	0.00118258
-55.53333262	0.00123387
-55.49999929	0.00131554
-55.46666596	0.00129813
-55.43333262	0.00137763
-55.39999929	0.00124192
-55.36666596	0.00134815
-55.33333262	0.00127947
-55.29999929	0.00116083
-55.26666596	0.00119237
-55.23333263	0.00119604
-55.19999929	0.00122345
-55.16666596	0.00120163
-55.13333263	0.00122021
-55.09999929	0.00112386
-55.06666596	0.00125358
-55.03333263	0.00124704
-54.99999929	0.00116588
-54.96666596	0.00117400
-54.93333263	0.00119531
-54.89999930	0.00104629
-54.86666596	0.00106345
-54.83333263	0.00112716
-54.79999930	0.00114251
-54.76666596	0.00106138
-54.73333263	0.00112212
-54.69999930	0.00104199
-54.66666596	0.00104862
-54.63333263	0.00113806
-54.59999930	0.00111205
-54.56666597	0.00108660
-54.53333263	0.00113633
-54.49999930	0.00112121
-54.46666597	0.00117743
-54.43333263	0.00123409
-54.39999930	0.00111788
-54.36666597	0.00119861
-54.33333263	0.00116249
-54.29999930	0.00126730
-54.26666597	0.00118163
-54.23333264	0.00115556
-54.19999930	0.00110826
-54.16666597	0.00116495
-54.13333264	0.00127068
-54.09999930	0.00125340
-54.06666597	0.00121701
-54.03333264	0.00124186
-53.99999930	0.00113100
-53.96666597	0.00107804
-53.93333264	0.00104631
-53.89999931	0.00116077
-53.86666597	0.00104473
-53.83333264	0.00114741
-53.79999931	0.00113679
-53.76666597	0.00104347
-53.73333264	0.00110150
-53.69999931	0.00105542
-53.66666597	0.00104547
-53.63333264	0.00109656
-53.59999931	0.00111527
-53.56666598	0.00115125
-53.53333264	0.00108678
-53.49999931	0.00122003
-53.46666598	0.00115884
-53.43333264	0.00118716
-53.39999931	0.00125585
-53.36666598	0.00124128
-53.33333264	0.00131109
-53.29999931	0.00136641
-53.26666598	0.00143687
-53.23333265	0.00128886
-53.19999931	0.00140345
-53.16666598	0.00137861
-53.13333265	0.00142875
-53.09999931	0.00138094
-53.06666598	0.00152166
-53.03333265	0.00155046
-52.99999931	0.00150604
-52.96666598	0.00153785
-52.93333265	0.00165490
-52.89999932	0.00168871
-52.86666598	0.00157779
-52.83333265	0.00172068
-52.79999932	0.00166211
-52.76666598	0.00161999
-52.73333265	0.00169550
-52.69999932	0.00163793
-52.66666598	0.00167652
-52.63333265	0.00184084
-52.59999932	0.00188159
-52.56666599	0.00181266
-52.53333265	0.00183086
-52.49999932	0.00186335
-52.46666599	0.00176922
-52.43333265	0.00176898
-52.39999932	0.00174936
-52.36666599	0.00174704
-52.33333265	0.00175881
-52.29999932	0.00184970
-52.26666599	0.00170373
-52.23333266	0.00169574
-52.19999932	0.00167531
-52.16666599	0.00172343
-52.13333266	0.00157794
-52.09999932	0.00162042
-52.06666599	0.00167122
-52.03333266	0.00157255
-51.99999932	0.00155273
-51.96666599	0.00155656
-51.93333266	0.00151241
-51.89999933	0.00144490
-51.86666599	0.00146018
-51.83333266	0.00138238
-51.79999933	0.00133788
-51.76666599	0.00140431
-51.73333266	0.00145671
-51.69999933	0.00146226
-51.66666599	0.00139581
-51.63333266	0.00146794
-51.59999933	0.00145569
-51.56666600	0.00150304
-51.53333266	0.00140720
-51.49999933	0.00136943
-51.46666600	0.00140320
-51.43333266	0.00141845
-51.39999933	0.00138130
-51.36666600	0.00149246
-51.33333266	0.00133697
-51.29999933	0.00145088
-51.26666600	0.00148142
-51.23333267	0.00144070
-51.19999933	0.00143089
-51.16666600	0.00149423
-51.13333267	0.00142598
-51.09999933	0.00153054
-51.06666600	0.00157794
-51.03333267	0.00157509
-50.99999933	0.00161378
-50.96666600	0.00169723
-50.93333267	0.00164531
-50.89999934	0.00166597
-50.86666600	0.00171285
-50.83333267	0.00169408
-50.79999934	0.00168693
-50.76666600	0.00187247
-50.73333267	0.00175308
-50.69999934	0.00188672
-50.66666600	0.00183538
-50.63333267	0.00188614
-50.59999934	0.00188479
-50.56666601	0.00195903
-50.53333267	0.00202571
-50.49999934	0.00199062
-50.46666601	0.00200567
-50.43333267	0.00211529
-50.39999934	0.00211341
-50.36666601	0.00211494
-50.33333267	0.00217873
-50.29999934	0.00224218
-50.26666601	0.00227147
-50.23333268	0.00239697
-50.19999934	0.00237084
-50.16666601	0.00244256
-50.13333268	0.00265742
-50.09999934	0.00265484
-50.06666601	0.00265946
-50.03333268	0.00276414
-49.99999934	0.00276853
-49.96666601	0.00293553
-49.93333268	0.00288339
-49.89999935	0.00294746
-49.86666601	0.00310608
-49.83333268	0.00317070
-49.79999935	0.00320411
-49.76666601	0.00327367
-49.73333268	0.00330844
-49.69999935	0.00331968
-49.66666601	0.00343235
-49.63333268	0.00359121
-49.59999935	0.00356456
-49.56666602	0.00368349
-49.53333268	0.00367955
-49.49999935	0.00373284
-49.46666602	0.00372431
-49.43333268	0.00393807
-49.39999935	0.00380375
-49.36666602	0.00394525
-49.33333268	0.00393849
-49.29999935	0.00396933
-49.26666602	0.00399570
-49.23333269	0.00390907
-49.19999935	0.00399585
-49.16666602	0.00398004
-49.13333269	0.00396373
-49.09999935	0.00392194
-49.06666602	0.00385498
-49.03333269	0.00376206
-48.99999935	0.00373949
-48.96666602	0.00379563
-48.93333269	0.00365780
-48.89999936	0.00362697
-48.86666602	0.00337044
-48.83333269	0.00341282
-48.79999936	0.00333072
-48.76666602	0.00323481
-48.73333269	0.00307437
-48.69999936	0.00300332
-48.66666602	0.00290967
-48.63333269	0.00289990
-48.59999936	0.00271359
-48.56666603	0.00268883
-48.53333269	0.00263051
-48.49999936	0.00251549
-48.46666603	0.00250196
-48.43333269	0.00241064
-48.39999936	0.00228113
-48.36666603	0.00221241
-48.33333269	0.00211819
-48.29999936	0.00200280
-48.26666603	0.00194578
-48.23333270	0.00190207
-48.19999936	0.00176091
-48.16666603	0.00158760
-48.13333270	0.00154384
-48.09999936	0.00147941
-48.06666603	0.00142467
-48.03333270	0.00116971
-47.99999936	0.00108197
-47.96666603	0.00099218
-47.93333270	0.00091761
-47.89999937	0.00086102
-47.86666603	0.00071277
-47.83333270	0.00062064
-47.79999937	0.00043832
-47.76666603	0.00032951
-47.73333270	0.00016345
-47.69999937	-0.00000890
-47.66666603	0.00002269
-47.63333270	-0.00011821
-47.59999937	-0.00013487
-47.56666604	-0.00032747
-47.53333270	-0.00042194
-47.49999937	-0.00030966
-47.46666604	-0.00048324
-47.43333270	-0.00060509
-47.39999937	-0.00060644
-47.36666604	-0.00060932
-47.33333271	-0.00061402
-47.29999937	-0.00073480
-47.26666604	-0.00072222
-47.23333271	-0.00081795
-47.19999937	-0.00083413
-47.16666604	-0.00098807
-47.13333271	-0.00084836
-47.09999937	-0.00094603
-47.06666604	-0.00102980
-47.03333271	-0.00106585
-46.99999938	-0.00121387
-46.96666604	-0.00116954
-46.93333271	-0.00127366
-46.89999938	-0.00128542
-46.86666604	-0.00138571
-46.83333271	-0.00142376
-46.79999938	-0.00146313
-46.76666604	-0.00156488
-46.73333271	-0.00151154
-46.69999938	-0.00165540
-46.66666605	-0.00178182
-46.63333271	-0.00171568
-46.59999938	-0.00180363
-46.56666605	-0.00177641
-46.53333271	-0.00178332
-46.49999938	-0.00168864
-46.46666605	-0.00177527
-46.43333271	-0.00175233
-46.39999938	-0.00180091
-46.36666605	-0.00183190
-46.33333272	-0.00175017
-46.29999938	-0.00172087
-46.26666605	-0.00162934
-46.23333272	-0.00162167
-46.19999938	-0.00157547
-46.16666605	-0.00160445
-46.13333272	-0.00154761
-46.09999938	-0.00150147
-46.06666605	-0.00128434
-46.03333272	-0.00124397
-45.99999939	-0.00105007
-45.96666605	-0.00085064
-45.93333272	-0.00066574
-45.89999939	-0.00054293
-45.86666605	-0.00037955
-45.83333272	-0.00012197
-45.79999939	-0.00000351
-45.76666605	0.00032486
-45.73333272	0.00057577
-45.69999939	0.00080702
-45.66666606	0.00109973
-45.63333272	0.00125381
-45.59999939	0.00153261
-45.56666606	0.00177131
-45.53333272	0.00191864
-45.49999939	0.00212152
-45.46666606	0.00224449
-45.43333272	0.00258037
-45.39999939	0.00275016
-45.36666606	0.00288510
-45.33333273	0.00303139
-45.29999939	0.00312252
-45.26666606	0.00331029
-45.23333273	0.00339193
-45.19999939	0.00355110
-45.16666606	0.00349483
-45.13333273	0.00356764
-45.09999939	0.00374583
-45.06666606	0.00374409
-45.03333273	0.00385250
-44.99999940	0.00384403
-44.96666606	0.00382554
-44.93333273	0.00389907
-44.89999940	0.00397743
-44.86666606	0.00405100
-44.83333273	0.00419457
-44.79999940	0.00418206
-44.76666606	0.00414679
-44.73333273	0.00431457
-44.69999940	0.00432039
-44.66666607	0.00435458
-44.63333273	0.00440124
-44.59999940	0.00456419
-44.56666607	0.00457851
-44.53333273	0.00451167
-44.49999940	0.00444266
-44.46666607	0.00451918
-44.43333273	0.00460457
-44.39999940	0.00465820
-44.36666607	0.00464660
-44.33333274	0.00473088
-44.29999940	0.00470540
-44.26666607	0.00466962
-44.23333274	0.00467008
-44.19999940	0.00465993
-44.16666607	0.00467612
-44.13333274	0.00466966
-44.09999940	0.00456910
-44.06666607	0.00446851
-44.03333274	0.00452025
-43.99999941	0.00433373
-43.96666607	0.00437365
-43.93333274	0.00422609
-43.89999941	0.00414554
-43.86666607	0.00412312
-43.83333274	0.00395555
-43.79999941	0.00390457
-43.76666607	0.00380955
-43.73333274	0.00367056
-43.69999941	0.00341650
-43.66666608	0.00332681
-43.63333274	0.00332600
-43.59999941	0.00300277
-43.56666608	0.00283336
-43.53333274	0.00261398
-43.49999941	0.00240916
-43.46666608	0.00240376
-43.43333274	0.00212509
-43.39999941	0.00179229
-43.36666608	0.00150967
-43.33333275	0.00132377
-43.29999941	0.00102836
-43.26666608	0.00072136
-43.23333275	0.00037847
-43.19999941	0.00003106
-43.16666608	-0.00037394
-43.13333275	-0.00062993
-43.09999941	-0.00091598
-43.06666608	-0.00127377
-43.03333275	-0.00163363
-42.99999942	-0.00186587
-42.96666608	-0.00214896
-42.93333275	-0.00239912
-42.89999942	-0.00258391
-42.86666608	-0.00277382
-42.83333275	-0.00291889
-42.79999942	-0.00313516
-42.76666608	-0.00315803
-42.73333275	-0.00316519
-42.69999942	-0.00324483
-42.66666609	-0.00320219
-42.63333275	-0.00296475
-42.59999942	-0.00289367
-42.56666609	-0.00263818
-42.53333275	-0.00241342
-42.49999942	-0.00223508
-42.46666609	-0.00197334
-42.43333275	-0.00166833
-42.39999942	-0.00136018
-42.36666609	-0.00100268
-42.33333276	-0.00069737
-42.29999942	-0.00042615
-42.26666609	-0.00017765
-42.23333276	0.00019069
-42.19999942	0.00048943
-42.16666609	0.00070609
-42.13333276	0.00100960
-42.09999942	0.00117398
-42.06666609	0.00147983
-42.03333276	0.00153398
-41.99999943	0.00176477
-41.96666609	0.00189180
-41.93333276	0.00208020
-41.89999943	0.00204987
-41.86666609	0.00207941
-41.83333276	0.00213946
-41.79999943	0.00221691
-41.76666609	0.00206736
-41.73333276	0.00201893
-41.69999943	0.00203008
-41.66666610	0.00191798
-41.63333276	0.00178993
-41.59999943	0.00168919
-41.56666610	0.00167208
-41.53333276	0.00145295
-41.49999943	0.00127948
-41.46666610	0.00120230
-41.43333276	0.00108775
-41.39999943	0.00098329
-41.36666610	0.00099686
-41.33333277	0.00091683
-41.29999943	0.00088987
-41.26666610	0.00082533
-41.23333277	0.00074771
-41.19999943	0.00066335
-41.16666610	0.00055910
-41.13333277	0.00057890
-41.09999943	0.00051751
-41.06666610	0.00057123
-41.03333277	0.00055150
-40.99999944	0.00068090
-40.96666610	0.00071535
-40.93333277	0.00078645
-40.89999944	0.00085027
-40.86666610	0.00094099
-40.83333277	0.00091526
-40.79999944	0.00102555
-40.76666610	0.00109148
-40.73333277	0.00105078
-40.69999944	0.00107092
-40.66666611	0.00119289
-40.63333277	0.00108875
-40.59999944	0.00108590
-40.56666611	0.00111869
-40.53333277	0.00115772
-40.49999944	0.00113304
-40.46666611	0.00112740
-40.43333277	0.00110392
-40.39999944	0.00098635
-40.36666611	0.00103306
-40.33333278	0.00091707
-40.29999944	0.00080995
-40.26666611	0.00083850
-40.23333278	0.00063042
-40.19999944	0.00045556
-40.16666611	0.00047002
-40.13333278	0.00036627
-40.09999944	0.00040302
-40.06666611	0.00024895
-40.03333278	0.00018814
-39.99999945	0.00013346
-39.96666611	-0.00007642
-39.93333278	-0.00003327
-39.89999945	-0.00008758
-39.86666611	-0.00015590
-39.83333278	-0.00019712
-39.79999945	-0.00021152
-39.76666611	-0.00018010
-39.73333278	-0.00022881
-39.69999945	-0.00022379
-39.66666612	-0.00026875
-39.63333278	-0.00032965
-39.59999945	-0.00036380
-39.56666612	-0.00047439
-39.53333278	-0.00048286
-39.49999945	-0.00047646
-39.46666612	-0.00047525
-39.43333278	-0.00042804
-39.39999945	-0.00046317
-39.36666612	-0.00060481
-39.33333279	-0.00062155
-39.29999945	-0.00066612
-39.26666612	-0.00050095
-39.23333279	-0.00054448
-39.19999945	-0.00055457
-39.16666612	-0.00060884
-39.13333279	-0.00059417
-39.09999945	-0.00062414
-39.06666612	-0.00065461
-39.03333279	-0.00050078
-38.99999946	-0.00063817
-38.96666612	-0.00065161
-38.93333279	-0.00073128
-38.89999946	-0.00074889
-38.86666612	-0.00078766
-38.83333279	-0.00075716
-38.79999946	-0.00084723
-38.76666612	-0.00081025
-38.73333279	-0.00094884
-38.69999946	-0.00089548
-38.66666613	-0.00089162
-38.63333279	-0.00105112
-38.59999946	-0.00105100
-38.56666613	-0.00107108
-38.53333279	-0.00114216
-38.49999946	-0.00121741
-38.46666613	-0.00127682
-38.43333279	-0.00128298
-38.39999946	-0.00132767
-38.36666613	-0.00150069
-38.33333280	-0.00144266
-38.29999946	-0.00162377
-38.26666613	-0.00156843
-38.23333280	-0.00170552
-38.19999946	-0.00167814
-38.16666613	-0.00174363
-38.13333280	-0.00177508
-38.09999946	-0.00178294
-38.06666613	-0.00177386
-38.03333280	-0.00172249
-37.99999947	-0.00176179
-37.96666613	-0.00177725
-37.93333280	-0.00170236
-37.89999947	-0.00174271
-37.86666613	-0.00166045
-37.83333280	-0.00178757
-37.79999947	-0.00162240
-37.76666613	-0.00167087
-37.73333280	-0.00157189
-37.69999947	-0.00157296
-37.66666614	-0.00149543
-37.63333280	-0.00152789
-37.59999947	-0.00148179
-37.56666614	-0.00150887
-37.53333280	-0.00148705
-37.49999947	-0.00149587
-37.46666614	-0.00146251
-37.43333280	-0.00142702
-37.39999947	-0.00140576
-37.36666614	-0.00146927
-37.33333281	-0.00158948
-37.29999947	-0.00149042
-37.26666614	-0.00142859
-37.23333281	-0.00143149
-37.19999947	-0.00147741
-37.16666614	-0.00163585
-37.13333281	-0.00163081
-37.09999947	-0.00166075
-37.06666614	-0.00165651
-37.03333281	-0.00173444
-36.99999948	-0.00169734
-36.96666614	-0.00165015
-36.93333281	-0.00159544
-36.89999948	-0.00177868
-36.86666614	-0.00175428
-36.83333281	-0.00174223
-36.79999948	-0.00174515
-36.76666614	-0.00172632
-36.73333281	-0.00179107
-36.69999948	-0.00168890
-36.66666615	-0.00164776
-36.63333281	-0.00175560
-36.59999948	-0.00159209
-36.56666615	-0.00160349
-36.53333281	-0.00159225
-36.49999948	-0.00163644
-36.46666615	-0.00161826
-36.43333281	-0.00159984
-36.39999948	-0.00164170
-36.36666615	-0.00162783
-36.33333282	-0.00156484
-36.29999948	-0.00159629
-36.26666615	-0.00158501
-36.23333282	-0.00164215
-36.19999948	-0.00161484
-36.16666615	-0.00162784
-36.13333282	-0.00169178
-36.09999948	-0.00155461
-36.06666615	-0.00162878
-36.03333282	-0.00169449
-35.99999949	-0.00170152
-35.96666615	-0.00176981
-35.93333282	-0.00166903
-35.89999949	-0.00177741
-35.86666615	-0.00170885
-35.83333282	-0.00176080
-35.79999949	-0.00171838
-35.76666615	-0.00179562
-35.73333282	-0.00174302
-35.69999949	-0.00169451
-35.66666616	-0.00174746
-35.63333282	-0.00172077
-35.59999949	-0.00185563
-35.56666616	-0.00185991
-35.53333282	-0.00196445
-35.49999949	-0.00183231
-35.46666616	-0.00192718
-35.43333282	-0.00189451
-35.39999949	-0.00195790
-35.36666616	-0.00198970
-35.33333283	-0.00206806
-35.29999949	-0.00201806
-35.26666616	-0.00217580
-35.23333283	-0.00228800
-35.19999949	-0.00234340
-35.16666616	-0.00230925
-35.13333283	-0.00226306
-35.09999949	-0.00240712
-35.06666616	-0.00239714
-35.03333283	-0.00237329
-34.99999950	-0.00254926
-34.96666616	-0.00250761
-34.93333283	-0.00254440
-34.89999950	-0.00259918
-34.86666616	-0.00267459
-34.83333283	-0.00272256
-34.79999950	-0.00269848
-34.76666616	-0.00276085
-34.73333283	-0.00280545
-34.69999950	-0.00268757
-34.66666617	-0.00263787
-34.63333283	-0.00274725
-34.59999950	-0.00285525
-34.56666617	-0.00271928
-34.53333283	-0.00286161
-34.49999950	-0.00269088
-34.46666617	-0.00271010
-34.43333283	-0.00281776
-34.39999950	-0.00277912
-34.36666617	-0.00274775
-34.33333284	-0.00282839
-34.29999950	-0.00269992
-34.26666617	-0.00268060
-34.23333284	-0.00255666
-34.19999950	-0.00261522
-34.16666617	-0.00255688
-34.13333284	-0.00263917
-34.09999950	-0.00257694
-34.06666617	-0.00263217
-34.03333284	-0.00262036
-33.99999951	-0.00266729
-33.96666617	-0.00267107
-33.93333284	-0.00268831
-33.89999951	-0.00263643
-33.86666617	-0.00267123
-33.83333284	-0.00279350
-33.79999951	-0.00262943
-33.76666617	-0.00276064
-33.73333284	-0.00272900
-33.69999951	-0.00271034
-33.66666618	-0.00274901
-33.63333284	-0.00265023
-33.59999951	-0.00269785
-33.56666618	-0.00267542
-33.53333284	-0.00268188
-33.49999951	-0.00265416
-33.46666618	-0.00260234
-33.43333284	-0.00251328
-33.39999951	-0.00258187
-33.36666618	-0.00250998
-33.33333285	-0.00253617
-33.29999951	-0.00249758
-33.26666618	-0.00250233
-33.23333285	-0.00242733
-33.19999951	-0.00234570
-33.16666618	-0.00242467
-33.13333285	-0.00250971
-33.09999951	-0.00239116
-33.06666618	-0.00236656
-33.03333285	-0.00241210
-32.99999952	-0.00245378
-32.96666618	-0.00243572
-32.93333285	-0.00240498
-32.89999952	-0.00250529
-32.86666618	-0.00249274
-32.83333285	-0.00252389
-32.79999952	-0.00253188
-32.76666618	-0.00247629
-32.73333285	-0.00248297
-32.69999952	-0.00243460
-32.66666619	-0.00252566
-32.63333285	-0.00261909
-32.59999952	-0.00242105
-32.56666619	-0.00251228
-32.53333285	-0.00242690
-32.49999952	-0.00243804
-32.46666619	-0.00244280
-32.43333285	-0.00246687
-32.39999952	-0.00246881
-32.36666619	-0.00239427
-32.33333286	-0.00231605
-32.29999952	-0.00225266
-32.26666619	-0.00242487
-32.23333286	-0.00235506
-32.19999952	-0.00228829
-32.16666619	-0.00217015
-32.13333286	-0.00213088
-32.09999953	-0.00217368
-32.06666619	-0.00211956
-32.03333286	-0.00200450
-31.99999953	-0.00200564
-31.96666619	-0.00203977
-31.93333286	-0.00193113
-31.89999953	-0.00196262
-31.86666619	-0.00188023
-31.83333286	-0.00183891
-31.79999953	-0.00191659
-31.76666620	-0.00192549
-31.73333286	-0.00191557
-31.69999953	-0.00179178
-31.66666620	-0.00188504
-31.63333286	-0.00181659
-31.59999953	-0.00179721
-31.56666620	-0.00189439
-31.53333286	-0.00190522
-31.49999953	-0.00200177
-31.46666620	-0.00201168
-31.43333287	-0.00200563
-31.39999953	-0.00197863
-31.36666620	-0.00195162
-31.33333287	-0.00192990
-31.29999953	-0.00205600
-31.26666620	-0.00199473
-31.23333287	-0.00203894
-31.19999953	-0.00213031
-31.16666620	-0.00211899
-31.13333287	-0.00202252
-31.09999954	-0.00215338
-31.06666620	-0.00213954
-31.03333287	-0.00207871
-30.99999954	-0.00209749
-30.96666620	-0.00208957
-30.93333287	-0.00212727
-30.89999954	-0.00217482
-30.86666620	-0.00217481
-30.83333287	-0.00197386
-30.79999954	-0.00199074
-30.76666621	-0.00189101
-30.73333287	-0.00186882
-30.69999954	-0.00184885
-30.66666621	-0.00181672
-30.63333287	-0.00187320
-30.59999954	-0.00177038
-30.56666621	-0.00166766
-30.53333287	-0.00157681
-30.49999954	-0.00147427
-30.46666621	-0.00144481
-30.43333288	-0.00130914
-30.39999954	-0.00130837
-30.36666621	-0.00125405
-30.33333288	-0.00125619
-30.29999954	-0.00127147
-30.26666621	-0.00115146
-30.23333288	-0.00114204
-30.19999954	-0.00115752
-30.16666621	-0.00112448
-30.13333288	-0.00109027
-30.09999955	-0.00105200
-30.06666621	-0.00111124
-30.03333288	-0.00103093
-29.99999955	-0.00105321
-29.96666621	-0.00096020
-29.93333288	-0.00098181
-29.89999955	-0.00097564
-29.86666621	-0.00098113
-29.83333288	-0.00096267
-29.79999955	-0.00093384
-29.76666622	-0.00101709
-29.73333288	-0.00098404
-29.69999955	-0.00088278
-29.66666622	-0.00095840
-29.63333288	-0.00100561
-29.59999955	-0.00097400
-29.56666622	-0.00097096
-29.53333288	-0.00098343
-29.49999955	-0.00092588
-29.46666622	-0.00094640
-29.43333289	-0.00088480
-29.39999955	-0.00090518
-29.36666622	-0.00087881
-29.33333289	-0.00088021
-29.29999955	-0.00083809
-29.26666622	-0.00095132
-29.23333289	-0.00074037
-29.19999955	-0.00081689
-29.16666622	-0.00072988
-29.13333289	-0.00092375
-29.09999956	-0.00075451
-29.06666622	-0.00080605
-29.03333289	-0.00080497
-28.99999956	-0.00068988
-28.96666622	-0.00070763
-28.93333289	-0.00067333
-28.89999956	-0.00071664
-28.86666622	-0.00060474
-28.83333289	-0.00057995
-28.79999956	-0.00056157
-28.76666623	-0.00047417
-28.73333289	-0.00041802
-28.69999956	-0.00031144
-28.66666623	-0.00039148
-28.63333289	-0.00039743
-28.59999956	-0.00022801
-28.56666623	-0.00021178
-28.53333289	-0.00013789
-28.49999956	-0.00015626
-28.46666623	-0.00012560
-28.43333290	-0.00006454
-28.39999956	-0.00002444
-28.36666623	-0.00008321
-28.33333290	0.00012453
-28.29999956	-0.00002161
-28.26666623	0.00001975
-28.23333290	0.00001437
-28.19999956	0.00012153
-28.16666623	0.00020226
-28.13333290	0.00014726
-28.09999957	0.00013810
-28.06666623	0.00022349
-28.03333290	0.00008135
-27.99999957	0.00011343
-27.96666623	0.00012909
-27.93333290	0.00008945
-27.89999957	0.00009302
-27.86666623	0.00003725
-27.83333290	0.00016916
-27.79999957	0.00013293
-27.76666624	0.00007888
-27.73333290	0.00012696
-27.69999957	0.00016494
-27.66666624	0.00006329
-27.63333290	0.00010199
-27.59999957	0.00018448
-27.56666624	0.00013375
-27.53333290	0.00015026
-27.49999957	0.00025468
-27.46666624	0.00022485
-27.43333291	0.00027969
-27.39999957	0.00033069
-27.36666624	0.00038702
-27.33333291	0.00031459
-27.29999957	0.00029335
-27.26666624	0.00022030
-27.23333291	0.00027727
-27.19999957	0.00035010
-27.16666624	0.00045743
-27.13333291	0.00048616
-27.09999958	0.00053429
-27.06666624	0.00055106
-27.03333291	0.00046827
-26.99999958	0.00050110
-26.96666624	0.00050779
-26.93333291	0.00050485
-26.89999958	0.00041756
-26.86666624	0.00045286
-26.83333291	0.00042360
-26.79999958	0.00048225
-26.76666625	0.00044092
-26.73333291	0.00045727
-26.69999958	0.00036076
-26.66666625	0.00042845
-26.63333291	0.00037623
-26.59999958	0.00032325
-26.56666625	0.00031223
-26.53333291	0.00030589
-26.49999958	0.00029442
-26.46666625	0.00032144
-26.43333292	0.00031520
-26.39999958	0.00025383
-26.36666625	0.00035042
-26.33333292	0.00035828
-26.29999958	0.00033012
-26.26666625	0.00027383
-26.23333292	0.00030561
-26.19999958	0.00036311
-26.16666625	0.00041859
-26.13333292	0.00058411
-26.09999959	0.00051935
-26.06666625	0.00062125
-26.03333292	0.00057212
-25.99999959	0.00064235
-25.96666625	0.00063612
-25.93333292	0.00079084
-25.89999959	0.00078546
-25.86666625	0.00076948
-25.83333292	0.00079764
-25.79999959	0.00093224
-25.76666626	0.00089009
-25.73333292	0.00087782
-25.69999959	0.00088295
-25.66666626	0.00093640
-25.63333292	0.00086618
-25.59999959	0.00091128
-25.56666626	0.00089543
-25.53333292	0.00085570
-25.49999959	0.00092133
-25.46666626	0.00088197
-25.43333293	0.00080371
-25.39999959	0.00074969
-25.36666626	0.00076852
-25.33333293	0.00069413
-25.29999959	0.00062200
-25.26666626	0.00068148
-25.23333293	0.00056373
-25.19999959	0.00057170
-25.16666626	0.00055270
-25.13333293	0.00050152
-25.09999960	0.00036382
-25.06666626	0.00035144
-25.03333293	0.00028795
-24.99999960	0.00026384
-24.96666626	0.00024444
-24.93333293	0.00023472
-24.89999960	0.00012666
-24.86666626	0.00012530
-24.83333293	0.00000500
-24.79999960	0.00004337
-24.76666627	-0.00007657
-24.73333293	-0.00013670
-24.69999960	-0.00005438
-24.66666627	-0.00018810
-24.63333293	-0.00023428
-24.59999960	-0.00025169
-24.56666627	-0.00024833
-24.53333293	-0.00034664
-24.49999960	-0.00031964
-24.46666627	-0.00023819
-24.43333294	-0.00039688
-24.39999960	-0.00033672
-24.36666627	-0.00046733
-24.33333294	-0.00052771
-24.29999960	-0.00050167
-24.26666627	-0.00061664
-24.23333294	-0.00059231
-24.19999960	-0.00048610
-24.16666627	-0.00054167
-24.13333294	-0.00046728
-24.09999961	-0.00062114
-24.06666627	-0.00059605
-24.03333294	-0.00063470
-23.99999961	-0.00070870
-23.96666627	-0.00068281
-23.93333294	-0.00069859
-23.89999961	-0.00066963
-23.86666627	-0.00063136
-23.83333294	-0.00071073
-23.79999961	-0.00068408
-23.76666628	-0.00062182
-23.73333294	-0.00064395
-23.69999961	-0.00070036
-23.66666628	-0.00081782
-23.63333294	-0.00064899
-23.59999961	-0.00064006
-23.56666628	-0.00057322
-23.53333294	-0.00066841
-23.49999961	-0.00068455
-23.46666628	-0.00065478
-23.43333295	-0.00072839
-23.39999961	-0.00073612
-23.36666628	-0.00069658
-23.33333295	-0.00067425
-23.29999961	-0.00069013
-23.26666628	-0.00067283
-23.23333295	-0.00061850
-23.19999961	-0.00071684
-23.16666628	-0.00071247
-23.13333295	-0.00060069
-23.09999962	-0.00062011
-23.06666628	-0.00062052
-23.03333295	-0.00051621
-22.99999962	-0.00054057
-22.96666628	-0.00050828
-22.93333295	-0.00040361
-22.89999962	-0.00031589
-22.86666628	-0.00035886
-22.83333295	-0.00031806
-22.79999962	-0.00026556
-22.76666629	-0.00019957
-22.73333295	-0.00007523
-22.69999962	-0.00009310
-22.66666629	-0.00006857
-22.63333295	0.00003137
-22.59999962	0.00006805
-22.56666629	0.00010148
-22.53333295	0.00002557
-22.49999962	0.00013571
-22.46666629	0.00020217
-22.43333296	0.00027709
-22.39999962	0.00030201
-22.36666629	0.00030025
-22.33333296	0.00031888
-22.29999962	0.00026230
-22.26666629	0.00029865
-22.23333296	0.00025087
-22.19999962	0.00026239
-22.16666629	0.00015963
-22.13333296	0.00022121
-22.09999963	0.00004747
-22.06666629	0.00002468
-22.03333296	-0.00003791
-21.99999963	-0.00005177
-21.96666629	-0.00016033
-21.93333296	-0.00027893
-21.89999963	-0.00039943
-21.86666629	-0.00045075
-21.83333296	-0.00046637
-21.79999963	-0.00052607
-21.76666630	-0.00068493
-21.73333296	-0.00075913
-21.69999963	-0.00083315
-21.66666630	-0.00086648
-21.63333296	-0.00087170
-21.59999963	-0.00105819
-21.56666630	-0.00098376
-21.53333296	-0.00103023
-21.49999963	-0.00102988
-21.46666630	-0.00109030
-21.43333297	-0.00103621
-21.39999963	-0.00119349
-21.36666630	-0.00114440
-21.33333297	-0.00114615
-21.29999963	-0.00115633
-21.26666630	-0.00120231
-21.23333297	-0.00125008
-21.19999963	-0.00117370
-21.16666630	-0.00113020
-21.13333297	-0.00117395
-21.09999964	-0.00112443
-21.06666630	-0.00115129
-21.03333297	-0.00117221
-20.99999964	-0.00109106
-20.96666630	-0.00097655
-20.93333297	-0.00097983
-20.89999964	-0.00087477
-20.86666630	-0.00090096
-20.83333297	-0.00101726
-20.79999964	-0.00106167
-20.76666631	-0.00091366
-20.73333297	-0.00096742
-20.69999964	-0.00092866
-20.66666631	-0.00097503
-20.63333297	-0.00096505
-20.59999964	-0.00104346
-20.56666631	-0.00097734
-20.53333297	-0.00094978
-20.49999964	-0.00093159
-20.46666631	-0.00099490
-20.43333298	-0.00095540
-20.39999964	-0.00104968
-20.36666631	-0.00098061
-20.33333298	-0.00099430
-20.29999964	-0.00104690
-20.26666631	-0.00103499
-20.23333298	-0.00117159
-20.19999964	-0.00109002
-20.16666631	-0.00118268
-20.13333298	-0.00113128
-20.09999965	-0.00123485
-20.06666631	-0.00116806
-20.03333298	-0.00121128
-19.99999965	-0.00126900
-19.96666631	-0.00119612
-19.93333298	-0.00127431
-19.89999965	-0.00129500
-19.86666631	-0.00122566
-19.83333298	-0.00125882
-19.79999965	-0.00112534
-19.76666632	-0.00114815
-19.73333298	-0.00119856
-19.69999965	-0.00108488
-19.66666632	-0.00108681
-19.63333298	-0.00105566
-19.59999965	-0.00099397
-19.56666632	-0.00102446
-19.53333298	-0.00093852
-19.49999965	-0.00104010
-19.46666632	-0.00097317
-19.43333299	-0.00091567
-19.39999965	-0.00083683
-19.36666632	-0.00076917
-19.33333299	-0.00074718
-19.29999965	-0.00079482
-19.26666632	-0.00074611
-19.23333299	-0.00068078
-19.19999965	-0.00065442
-19.16666632	-0.00062959
-19.13333299	-0.00066526
-19.09999966	-0.00057075
-19.06666632	-0.00050380
-19.03333299	-0.00054779
-18.99999966	-0.00052935
-18.96666632	-0.00047184
-18.93333299	-0.00047825
-18.89999966	-0.00049847
-18.86666632	-0.00059861
-18.83333299	-0.00048481
-18.79999966	-0.00054320
-18.76666633	-0.00053416
-18.73333299	-0.00055612
-18.69999966	-0.00062353
-18.66666633	-0.00056157
-18.63333299	-0.00050589
-18.59999966	-0.00060910
-18.56666633	-0.00068408
-18.53333299	-0.00070873
-18.49999966	-0.00066574
-18.46666633	-0.00077882
-18.43333300	-0.00081772
-18.39999966	-0.00083558
-18.36666633	-0.00090265
-18.33333300	-0.00093981
-18.29999966	-0.00080279
-18.26666633	-0.00088208
-18.23333300	-0.00088343
-18.19999966	-0.00081027
-18.16666633	-0.00077851
-18.13333300	-0.00077204
-18.09999967	-0.00073673
-18.06666633	-0.00062326
-18.03333300	-0.00067251
-17.99999967	-0.00060246
-17.96666633	-0.00067996
-17.93333300	-0.00070934
-17.89999967	-0.00060196
-17.86666633	-0.00044580
-17.83333300	-0.00044037
-17.79999967	-0.00050864
-17.76666634	-0.00049792
-17.73333300	-0.00046324
-17.69999967	-0.00043588
-17.66666634	-0.00030294
-17.63333300	-0.00035678
-17.59999967	-0.00031596
-17.56666634	-0.00025594
-17.53333300	-0.00027214
-17.49999967	-0.00024928
-17.46666634	-0.00027064
-17.43333301	-0.00016834
-17.39999967	-0.00020182
-17.36666634	-0.00020737
-17.33333301	-0.00016299
-17.29999967	-0.00019319
-17.26666634	-0.00013287
-17.23333301	-0.00023142
-17.19999967	-0.00025829
-17.16666634	-0.00025562
-17.13333301	-0.00030260
-17.09999968	-0.00028433
-17.06666634	-0.00035031
-17.03333301	-0.00044578
-16.99999968	-0.00042577
-16.96666634	-0.00043710
-16.93333301	-0.00047452
-16.89999968	-0.00037989
-16.86666635	-0.00042338
-16.83333301	-0.00041897
-16.79999968	-0.00039941
-16.76666635	-0.00046816
-16.73333301	-0.00044111
-16.69999968	-0.00041502
-16.66666635	-0.00032007
-16.63333301	-0.00024587
-16.59999968	-0.00030914
-16.56666635	-0.00029082
-16.53333302	-0.00021496
-16.49999968	-0.00024904
-16.46666635	-0.00017992
-16.43333302	-0.00019305
-16.39999968	-0.00014859
-16.36666635	-0.00001691
-16.33333302	-0.00002183
-16.29999968	-0.00002254
-16.26666635	-0.00009950
-16.23333302	0.00003024
-16.19999969	0.00014324
-16.16666635	0.00017100
-16.13333302	0.00016864
-16.09999969	0.00019402
-16.06666635	0.00015517
-16.03333302	0.00019965
-15.99999969	0.00020503
-15.96666635	0.00031070
-15.93333302	0.00033818
-15.89999969	0.00034463
-15.86666636	0.00032306
-15.83333302	0.00030305
-15.79999969	0.00028650
-15.76666636	0.00034639
-15.73333302	0.00029153
-15.69999969	0.00025963
-15.66666636	0.00028985
-15.63333302	0.00025892
-15.59999969	0.00032821
-15.56666636	0.00023954
-15.53333303	0.00024409
-15.49999969	0.00019079
-15.46666636	0.00017096
-15.43333303	0.00021970
-15.39999969	0.00023270
-15.36666636	0.00015301
-15.33333303	0.00007725
-15.29999969	0.00000771
-15.26666636	0.00010042
-15.23333303	0.00010022
-15.19999970	0.00004337
-15.16666636	0.00011721
-15.13333303	0.00003812
-15.09999970	0.00012705
-15.06666636	0.00011686
-15.03333303	-0.00004745
-14.99999970	0.00022929
-14.96666636	0.00014234
-14.93333303	0.00019732
-14.89999970	0.00021903
-14.86666637	0.00026981
-14.83333303	0.00015490
-14.79999970	0.00029759
-14.76666637	0.00024654
-14.73333303	0.00034986
-14.69999970	0.00023314
-14.66666637	0.00026142
-14.63333303	0.00034220
-14.59999970	0.00038144
-14.56666637	0.00049986
-14.53333304	0.00039896
-14.49999970	0.00038827
-14.46666637	0.00039756
-14.43333304	0.00046260
-14.39999970	0.00038199
-14.36666637	0.00034946
-14.33333304	0.00039778
-14.29999970	0.00033247
-14.26666637	0.00041883
-14.23333304	0.00035036
-14.19999971	0.00026456
-14.16666637	0.00037119
-14.13333304	0.00013783
-14.09999971	0.00019947
-14.06666637	0.00025509
-14.03333304	0.00013473
-13.99999971	0.00011640
-13.96666637	0.00008835
-13.93333304	0.00013233
-13.89999971	0.00013723
-13.86666638	0.00012449
-13.83333304	0.00016174
-13.79999971	0.00016906
-13.76666638	0.00012263
-13.73333304	0.00009937
-13.69999971	0.00009735
-13.66666638	0.00012264
-13.63333304	0.00014357
-13.59999971	0.00009986
-13.56666638	0.00022000
-13.53333305	0.00018299
-13.49999971	0.00026816
-13.46666638	0.00023770
-13.43333305	0.00020353
-13.39999971	0.00022269
-13.36666638	0.00022456
-13.33333305	0.00022907
-13.29999971	0.00029563
-13.26666638	0.00021564
-13.23333305	0.00015519
-13.19999972	0.00018034
-13.16666638	0.00026543
-13.13333305	0.00025203
-13.09999972	0.00031865
-13.06666638	0.00020218
-13.03333305	0.00015381
-12.99999972	0.00007931
-12.96666638	0.00013792
-12.93333305	0.00012952
-12.89999972	0.00019190
-12.86666639	0.00018874
-12.83333305	0.00020907
-12.79999972	0.00016694
-12.76666639	0.00026159
-12.73333305	0.00014400
-12.69999972	0.00015701
-12.66666639	0.00015234
-12.63333305	0.00017253
-12.59999972	0.00022345
-12.56666639	0.00023626
-12.53333306	0.00014980
-12.49999972	0.00019881
-12.46666639	0.00026069
-12.43333306	0.00020067
-12.39999972	0.00021520
-12.36666639	0.00026815
-12.33333306	0.00030289
-12.29999972	0.00030376
-12.26666639	0.00029670
-12.23333306	0.00034036
-12.19999973	0.00034927
-12.16666639	0.00037887
-12.13333306	0.00040489
-12.09999973	0.00038105
-12.06666639	0.00045488
-12.03333306	0.00047188
-11.99999973	0.00050022
-11.96666639	0.00053983
-11.93333306	0.00050456
-11.89999973	0.00063584
-11.86666640	0.00070654
-11.83333306	0.00067451
-11.79999973	0.00064291
-11.76666640	0.00059894
-11.73333306	0.00077326
-11.69999973	0.00078474
-11.66666640	0.00076024
-11.63333306	0.00076001
-11.59999973	0.00081860
-11.56666640	0.00078801
-11.53333307	0.00073497
-11.49999973	0.00074049
-11.46666640	0.00076647
-11.43333307	0.00072337
-11.39999973	0.00078649
-11.36666640	0.00067524
-11.33333307	0.00074165
-11.29999973	0.00072577
-11.26666640	0.00071125
-11.23333307	0.00069402
-11.19999974	0.00071726
-11.16666640	0.00065021
-11.13333307	0.00066734
-11.09999974	0.00066111
-11.06666640	0.00060434
-11.03333307	0.00057908
-10.99999974	0.00054050
-10.96666640	0.00045751
-10.93333307	0.00044412
-10.89999974	0.00034416
-10.86666641	0.00029645
-10.83333307	0.00029744
-10.79999974	0.00006957
-10.76666641	-0.00009946
-10.73333307	-0.00018551
-10.69999974	-0.00028060
-10.66666641	-0.00035432
-10.63333307	-0.00050165
-10.59999974	-0.00064879
-10.56666641	-0.00067638
-10.53333308	-0.00096457
-10.49999974	-0.00113236
-10.46666641	-0.00125930
-10.43333308	-0.00143307
-10.39999974	-0.00166636
-10.36666641	-0.00179647
-10.33333308	-0.00212290
-10.29999974	-0.00222450
-10.26666641	-0.00254350
-10.23333308	-0.00273562
-10.19999975	-0.00299689
-10.16666641	-0.00327139
-10.13333308	-0.00342807
-10.09999975	-0.00363218
-10.06666641	-0.00397279
-10.03333308	-0.00417512
-9.99999975	-0.00437161
-9.96666641	-0.00452768
-9.93333308	-0.00469740
-9.89999975	-0.00493606
-9.86666642	-0.00520135
-9.83333308	-0.00528741
-9.79999975	-0.00547028
-9.76666642	-0.00539296
-9.73333308	-0.00555110
-9.69999975	-0.00575854
-9.66666642	-0.00575283
-9.63333308	-0.00577720
-9.59999975	-0.00583156
-9.56666642	-0.00573551
-9.53333309	-0.00582890
-9.49999975	-0.00582776
-9.46666642	-0.00561004
-9.43333309	-0.00558088
-9.39999975	-0.00547699
-9.36666642	-0.00531575
-9.33333309	-0.00519125
-9.29999975	-0.00508252
-9.26666642	-0.00481324
-9.23333309	-0.00452079
-9.19999976	-0.00429302
-9.16666642	-0.00408429
-9.13333309	-0.00377743
-9.09999976	-0.00346673
-9.06666642	-0.00310685
-9.03333309	-0.00266733
-8.99999976	-0.00237081
-8.96666642	-0.00187927
-8.93333309	-0.00134940
-8.89999976	-0.00098121
-8.86666643	-0.00044665
-8.83333309	0.00009948
-8.79999976	0.00056700
-8.76666643	0.00118541
-8.73333309	0.00169373
-8.69999976	0.00218203
-8.66666643	0.00280838
-8.63333309	0.00324939
-8.59999976	0.00384358
-8.56666643	0.00440294
-8.53333310	0.00497570
-8.49999976	0.00546873
-8.46666643	0.00600025
-8.43333310	0.00645070
-8.39999976	0.00692784
-8.36666643	0.00738232
-8.33333310	0.00763801
-8.29999976	0.00798710
-8.26666643	0.00813804
-8.23333310	0.00847144
-8.19999977	0.00865737
-8.16666643	0.00889102
-8.13333310	0.00909559
-8.09999977	0.00918290
-8.06666643	0.00918029
-8.03333310	0.00920973
-7.99999977	0.00924778
-7.96666643	0.00934533
-7.93333310	0.00921634
-7.89999977	0.00903246
-7.86666644	0.00897557
-7.83333310	0.00895298
-7.79999977	0.00882478
-7.76666644	0.00877786
-7.73333310	0.00877094
-7.69999977	0.00860434
-7.66666644	0.00865365
-7.63333310	0.00854947
-7.59999977	0.00854637
-7.56666644	0.00849960
-7.53333311	0.00859831
-7.49999977	0.00862244
-7.46666644	0.00869859
-7.43333311	0.00882455
-7.39999977	0.00896866
-7.36666644	0.00916820
-7.33333311	0.00925465
-7.29999977	0.00948208
-7.26666644	0.00976960
-7.23333311	0.00994611
-7.19999978	0.01034064
-7.16666644	0.01044503
-7.13333311	0.01072514
-7.09999978	0.01105993
-7.06666644	0.01138581
-7.03333311	0.01169250
-6.99999978	0.01201364
-6.96666644	0.01224792
-6.93333311	0.01256551
-6.89999978	0.01295898
-6.86666645	0.01313216
-6.83333311	0.01332389
-6.79999978	0.01362860
-6.76666645	0.01382203
-6.73333311	0.01397062
-6.69999978	0.01416522
-6.66666645	0.01437497
-6.63333311	0.01438217
-6.59999978	0.01449035
-6.56666645	0.01442287
-6.53333312	0.01444039
-6.49999978	0.01444831
-6.46666645	0.01442270
-6.43333312	0.01428852
-6.39999978	0.01423741
-6.36666645	0.01404411
-6.33333312	0.01383097
-6.29999978	0.01373246
-6.26666645	0.01351052
-6.23333312	0.01330547
-6.19999979	0.01298267
-6.16666645	0.01264025
-6.13333312	0.01230804
-6.09999979	0.01198953
-6.06666645	0.01171980
-6.03333312	0.01125194
-5.99999979	0.01084753
-5.96666645	0.01054980
-5.93333312	0.01013540
-5.89999979	0.00965564
-5.86666646	0.00923316
-5.83333312	0.00879199
-5.79999979	0.00841796
-5.76666646	0.00791809
-5.73333312	0.00755746
-5.69999979	0.00713862
-5.66666646	0.00668059
-5.63333312	0.00619541
-5.59999979	0.00571157
-5.56666646	0.00535431
-5.53333313	0.00495459
-5.49999979	0.00444682
-5.46666646	0.00416337
-5.43333313	0.00373945
-5.39999979	0.00323544
-5.36666646	0.00294337
-5.33333313	0.00257960
-5.29999979	0.00213405
-5.26666646	0.00171919
-5.23333313	0.00134107
-5.19999980	0.00089117
-5.16666646	0.00076993
-5.13333313	0.00034840
-5.09999980	0.00021917
-5.06666646	-0.00019822
-5.03333313	-0.00037315
-4.99999980	-0.00055424
-4.96666646	-0.00086612
-4.93333313	-0.00092798
-4.89999980	-0.00110578
-4.86666647	-0.00125804
-4.83333313	-0.00148285
-4.79999980	-0.00156530
-4.76666647	-0.00169905
-4.73333313	-0.00160741
-4.69999980	-0.00173092
-4.66666647	-0.00173334
-4.63333313	-0.00179395
-4.59999980	-0.00181339
-4.56666647	-0.00188651
-4.53333314	-0.00171116
-4.49999980	-0.00165023
-4.46666647	-0.00150812
-4.43333314	-0.00167443
-4.39999980	-0.00163003
-4.36666647	-0.00161047
-4.33333314	-0.00148615
-4.29999980	-0.00144169
-4.26666647	-0.00144691
-4.23333314	-0.00148503
-4.19999981	-0.00141278
-4.16666647	-0.00136139
-4.13333314	-0.00130110
-4.09999981	-0.00128000
-4.06666647	-0.00129989
-4.03333314	-0.00130974
-3.99999981	-0.00139402
-3.96666647	-0.00134672
-3.93333314	-0.00135756
-3.89999981	-0.00147938
-3.86666648	-0.00142499
-3.83333314	-0.00142863
-3.79999981	-0.00146356
-3.76666648	-0.00142580
-3.73333314	-0.00146222
-3.69999981	-0.00139524
-3.66666648	-0.00134137
-3.63333314	-0.00134019
-3.59999981	-0.00122056
-3.56666648	-0.00113610
-3.53333315	-0.00115036
-3.49999981	-0.00098108
-3.46666648	-0.00088224
-3.43333315	-0.00070999
-3.39999981	-0.00055618
-3.36666648	-0.00031452
-3.33333315	-0.00008137
-3.29999981	0.00019140
-3.26666648	0.00041541
-3.23333315	0.00073831
-3.19999982	0.00101620
-3.16666648	0.00120969
-3.13333315	0.00156236
-3.09999982	0.00179150
-3.06666648	0.00204174
-3.03333315	0.00229562
-2.99999982	0.00255419
-2.96666648	0.00284660
-2.93333315	0.00313393
-2.89999982	0.00327343
-2.86666649	0.00350054
-2.83333315	0.00368119
-2.79999982	0.00380142
-2.76666649	0.00405073
-2.73333315	0.00409496
-2.69999982	0.00412070
-2.66666649	0.00425450
-2.63333315	0.00430883
-2.59999982	0.00419328
-2.56666649	0.00420629
-2.53333316	0.00411490
-2.49999982	0.00416805
-2.46666649	0.00404202
-2.43333316	0.00383514
-2.39999982	0.00376656
-2.36666649	0.00364404
-2.33333316	0.00345205
-2.29999982	0.00335310
-2.26666649	0.00315368
-2.23333316	0.00291172
-2.19999983	0.00274041
-2.16666649	0.00260892
-2.13333316	0.00233398
-2.09999983	0.00230893
-2.06666649	0.00211604
-2.03333316	0.00208566
-1.99999983	0.00184631
-1.96666650	0.00188810
-1.93333316	0.00173804
-1.89999983	0.00173277
-1.86666650	0.00167856
-1.83333316	0.00178982
-1.79999983	0.00184273
-1.76666650	0.00192476
-1.73333316	0.00197033
-1.69999983	0.00211860
-1.66666650	0.00215472
-1.63333317	0.00234020
-1.59999983	0.00241563
-1.56666650	0.00257025
-1.53333317	0.00276203
-1.49999983	0.00289119
-1.46666650	0.00311788
-1.43333317	0.00331674
-1.39999983	0.00347966
-1.36666650	0.00367801
-1.33333317	0.00379217
-1.29999984	0.00387578
-1.26666650	0.00396926
-1.23333317	0.00407521
-1.19999984	0.00423104
-1.16666650	0.00426639
-1.13333317	0.00442736
-1.09999984	0.00458764
-1.06666650	0.00463636
-1.03333317	0.00459261
-0.99999984	0.00460415
-0.96666651	0.00472248
-0.93333317	0.00474574
-0.89999984	0.00479399
-0.86666651	0.00485934
-0.83333317	0.00494834
-0.79999984	0.00490251
-0.76666651	0.00506218
-0.73333317	0.00502744
-0.69999984	0.00516723
-0.66666651	0.00502802
-0.63333318	0.00518407
-0.59999984	0.00519059
-0.56666651	0.00524809
-0.53333318	0.00530577
-0.49999984	0.00538614
-0.46666651	0.00544567
-0.43333318	0.00555340
-0.39999984	0.00567959
-0.36666651	0.00574361
-0.33333318	0.00574384
-0.29999985	0.00594570
-0.26666651	0.00594593
-0.23333318	0.00596686
-0.19999985	0.00608094
-0.16666651	0.00610913
-0.13333318	0.00620939
-0.09999985	0.00639628
-0.06666651	0.00642598
-0.03333318	0.00650234
0.00000015	0.00651777
0.03333348	0.00657619
0.06666682	0.00663250
0.10000015	0.00679686
0.13333348	0.00687729
0.16666682	0.00681898
0.20000015	0.00689539
0.23333348	0.00693891
0.26666682	0.00697375
0.30000015	0.00687822
0.33333348	0.00692926
0.36666681	0.00677994
0.40000015	0.00684328
0.43333348	0.00677240
0.46666681	0.00665135
0.50000015	0.00658281
0.53333348	0.00653039
0.56666681	0.00623586
0.60000015	0.00627462
0.63333348	0.00612436
0.66666681	0.00603082
0.70000014	0.00580485
0.73333348	0.00563767
0.76666681	0.00542024
0.80000014	0.00528200
0.83333348	0.00513434
0.86666681	0.00485950
0.90000014	0.00476664
0.93333348	0.00445046
0.96666681	0.00429204
1.00000014	0.00412739
1.03333347	0.00395090
1.06666681	0.00356115
1.10000014	0.00354934
1.13333347	0.00336791
1.16666681	0.00322521
1.20000014	0.00296389
1.23333347	0.00292210
1.26666681	0.00275016
1.30000014	0.00275019
1.33333347	0.00261027
1.36666680	0.00241021
1.40000014	0.00244449
1.43333347	0.00239818
1.46666680	0.00235224
1.50000014	0.00234730
1.53333347	0.00239157
1.56666680	0.00221298
1.60000014	0.00231001
1.63333347	0.00236067
1.66666680	0.00236015
1.70000013	0.00238483
1.73333347	0.00228062
1.76666680	0.00235533
1.80000013	0.00245415
1.83333347	0.00235834
1.86666680	0.00241993
1.90000013	0.00248022
1.93333347	0.00258753
1.96666680	0.00257774
2.00000013	0.00255034
2.03333346	0.00260737
2.06666680	0.00260658
2.10000013	0.00250001
2.13333346	0.00252124
2.16666680	0.00249530
2.20000013	0.00247525
2.23333346	0.00248161
2.26666680	0.00249086
2.30000013	0.00239215
2.33333346	0.00240306
2.36666679	0.00233543
2.40000013	0.00232462
2.43333346	0.00224228
2.46666679	0.00210160
2.50000013	0.00214244
2.53333346	0.00209751
2.56666679	0.00210929
2.60000013	0.00202442
2.63333346	0.00192789
2.66666679	0.00189620
2.70000012	0.00184252
2.73333346	0.00190398
2.76666679	0.00180585
2.80000012	0.00163036
2.83333346	0.00166167
2.86666679	0.00155502
2.90000012	0.00146876
2.93333346	0.00145882
2.96666679	0.00149176
3.00000012	0.00141468
3.03333345	0.00133755
3.06666679	0.00130835
3.10000012	0.00132566
3.13333345	0.00125927
3.16666679	0.00110073
3.20000012	0.00109503
3.23333345	0.00106404
3.26666679	0.00105225
3.30000012	0.00114357
3.33333345	0.00113492
3.36666678	0.00107415
3.40000012	0.00105869
3.43333345	0.00107887
3.46666678	0.00113423
3.50000012	0.00114258
3.53333345	0.00099397
3.56666678	0.00109313
3.60000012	0.00120772
3.63333345	0.00114742
3.66666678	0.00118125
3.70000011	0.00116422
3.73333345	0.00121879
3.76666678	0.00118989
3.80000011	0.00126774
3.83333345	0.00120753
3.86666678	0.00116876
3.90000011	0.00118346
3.93333345	0.00113064
3.96666678	0.00122038
4.00000011	0.00118615
4.03333344	0.00126277
4.06666678	0.00120718
4.10000011	0.00120684
4.13333344	0.00107395
4.16666678	0.00113705
4.20000011	0.00101613
4.23333344	0.00112339
4.26666678	0.00100634
4.30000011	0.00096892
4.33333344	0.00107647
4.36666677	0.00108499
4.40000011	0.00101191
4.43333344	0.00101393
4.46666677	0.00096480
4.50000011	0.00098804
4.53333344	0.00100779
4.56666677	0.00106104
4.60000011	0.00103923
4.63333344	0.00091000
4.66666677	0.00094877
4.70000010	0.00089669
4.73333344	0.00080499
4.76666677	0.00085644
4.80000010	0.00072706
4.83333344	0.00080035
4.86666677	0.00079077
4.90000010	0.00073187
4.93333344	0.00078401
4.96666677	0.00075899
5.00000010	0.00081024
5.03333343	0.00078443
5.06666677	0.00080389
5.10000010	0.00071211
5.13333343	0.00075598
5.16666677	0.00077748
5.20000010	0.00083567
5.23333343	0.00092704
5.26666677	0.00096584
5.30000010	0.00086595
5.33333343	0.00084457
5.36666676	0.00079706
5.40000010	0.00090219
5.43333343	0.00088115
5.46666676	0.00090987
5.50000010	0.00096332
5.53333343	0.00100338
5.56666676	0.00105133
5.60000010	0.00094319
5.63333343	0.00096533
5.66666676	0.00093256
5.70000009	0.00094729
5.73333343	0.00092934
5.76666676	0.00089559
5.80000009	0.00093246
5.83333343	0.00076857
5.86666676	0.00073533
5.90000009	0.00076633
5.93333343	0.00078861
5.96666676	0.00074497
6.00000009	0.00066260
6.03333342	0.00059704
6.06666676	0.00067242
6.10000009	0.00070975
6.13333342	0.00056182
6.16666676	0.00049815
6.20000009	0.00046451
6.23333342	0.00045580
6.26666676	0.00052000
6.30000009	0.00052267
6.33333342	0.00062261
6.36666675	0.00049697
6.40000009	0.00049338
6.43333342	0.00050670
6.46666675	0.00062473
6.50000009	0.00050130
6.53333342	0.00053031
6.56666675	0.00041609
6.60000009	0.00052586
6.63333342	0.00049017
6.66666675	0.00049425
6.70000008	0.00048657
6.73333342	0.00036377
6.76666675	0.00046273
6.80000008	0.00048726
6.83333342	0.00037405
6.86666675	0.00025971
6.90000008	0.00025048
6.93333342	0.00028126
6.96666675	0.00012851
7.00000008	0.00012673
7.03333341	0.00015584
7.06666675	0.00006831
7.10000008	-0.00000314
7.13333341	-0.00000428
7.16666675	-0.00005199
7.20000008	-0.00004199
7.23333341	-0.00006272
7.26666675	-0.00019665
7.30000008	-0.00026086
7.33333341	-0.00009352
7.36666674	-0.00028383
7.40000008	-0.00026730
7.43333341	-0.00023862
7.46666674	-0.00028387
7.50000008	-0.00031324
7.53333341	-0.00039354
7.56666674	-0.00047806
7.60000008	-0.00039722
7.63333341	-0.00053112
7.66666674	-0.00066067
7.70000007	-0.00067398
7.73333341	-0.00066324
7.76666674	-0.00075394
7.80000007	-0.00066323
7.83333341	-0.00084536
7.86666674	-0.00080775
7.90000007	-0.00093146
7.93333341	-0.00093241
7.96666674	-0.00098243
8.00000007	-0.00100016
8.03333340	-0.00106083
8.06666674	-0.00105140
8.10000007	-0.00111742
8.13333340	-0.00108754
8.16666674	-0.00117601
8.20000007	-0.00121509
8.23333340	-0.00122852
8.26666674	-0.00116065
8.30000007	-0.00116805
8.33333340	-0.00115291
8.36666673	-0.00114147
8.40000007	-0.00116052
8.43333340	-0.00109404
8.46666673	-0.00113020
8.50000007	-0.00111741
8.53333340	-0.00118589
8.56666673	-0.00125852
8.60000007	-0.00119017
8.63333340	-0.00115745
8.66666673	-0.00114634
8.70000006	-0.00112029
8.73333340	-0.00123664
8.76666673	-0.00109607
8.80000006	-0.00113126
8.83333340	-0.00122458
8.86666673	-0.00124752
8.90000006	-0.00131451
8.93333340	-0.00129267
8.96666673	-0.00115508
9.00000006	-0.00123454
9.03333339	-0.00124709
9.06666673	-0.00124568
9.10000006	-0.00121608
9.13333339	-0.00134301
9.16666673	-0.00123436
9.20000006	-0.00123578
9.23333339	-0.00125686
9.26666673	-0.00119135
9.30000006	-0.00118852
9.33333339	-0.00112663
9.36666672	-0.00111835
9.40000006	-0.00104005
9.43333339	-0.00108111
9.46666672	-0.00108466
9.50000006	-0.00108884
9.53333339	-0.00102890
9.56666672	-0.00094918
9.60000006	-0.00089990
9.63333339	-0.00090029
9.66666672	-0.00088976
9.70000005	-0.00091611
9.73333339	-0.00065204
9.76666672	-0.00069709
9.80000005	-0.00069381
9.83333339	-0.00078152
9.86666672	-0.00068750
9.90000005	-0.00071312
9.93333339	-0.00068494
9.96666672	-0.00067023
10.00000005	-0.00060990
10.03333338	-0.00058680
10.06666672	-0.00058077
10.10000005	-0.00060750
10.13333338	-0.00054295
10.16666672	-0.00044694
10.20000005	-0.00050415
10.23333338	-0.00052445
10.26666672	-0.00047857
10.30000005	-0.00046121
10.33333338	-0.00046198
10.36666671	-0.00043424
10.40000005	-0.00042648
10.43333338	-0.00047589
10.46666671	-0.00046485
10.50000005	-0.00045393
10.53333338	-0.00044986
10.56666671	-0.00037969
10.60000005	-0.00038170
10.63333338	-0.00043178
10.66666671	-0.00046789
10.70000004	-0.00040290
10.73333338	-0.00038418
10.76666671	-0.00040143
10.80000004	-0.00041828
10.83333338	-0.00042702
10.86666671	-0.00044265
10.90000004	-0.00042094
10.93333338	-0.00038662
10.96666671	-0.00036042
11.00000004	-0.00043911
11.03333337	-0.00040628
11.06666671	-0.00039560
11.10000004	-0.00040626
11.13333337	-0.00035173
11.16666671	-0.00030884
11.20000004	-0.00031249
11.23333337	-0.00032802
11.26666671	-0.00029150
11.30000004	-0.00029842
11.33333337	-0.00031447
11.36666670	-0.00025860
11.40000004	-0.00022398
11.43333337	-0.00022168
11.46666670	-0.00018334
11.50000004	-0.00017774
11.53333337	-0.00015041
11.56666670	-0.00016292
11.60000004	-0.00013518
11.63333337	-0.00016574
11.66666670	-0.00015073
11.70000003	-0.00014042
11.73333337	-0.00013800
11.76666670	-0.00008571
11.80000003	-0.00008139
11.83333337	-0.00003879
11.86666670	-0.00009861
11.90000003	-0.00003350
11.93333337	-0.00006939
11.96666670	-0.00004948
12.00000003	-0.00007556
12.03333336	-0.00006474
12.06666670	-0.00002244
12.10000003	-0.00005080
12.13333336	-0.00007601
12.16666670	-0.00007217
12.20000003	-0.00007046
12.23333336	-0.00008534
12.26666670	-0.00007056
12.30000003	-0.00006698
12.33333336	-0.00006961
12.36666669	-0.00007041
12.40000003	-0.00007776
12.43333336	-0.00007679
12.46666669	-0.00007985
12.50000003	-0.00008775
12.53333336	-0.00007466
12.56666669	-0.00007263
12.60000003	-0.00007765
12.63333336	-0.00007828
12.66666669	-0.00006737
12.70000002	-0.00007412
12.73333336	-0.00004741
12.76666669	-0.00006011
12.80000002	-0.00007037
12.83333336	-0.00005269
12.86666669	-0.00005047
12.90000002	-0.00006874
12.93333336	-0.00005495
12.96666669	-0.00005015
13.00000002	-0.00005290
13.03333335	-0.00004444
13.06666669	-0.00004104
13.10000002	-0.00005229
13.13333335	-0.00005311
13.16666669	-0.00005179
13.20000002	-0.00004582
13.23333335	-0.00004826
13.26666668	-0.00004359
13.30000002	-0.00004651
13.33333335	-0.00003831
13.36666668	-0.00003768
13.40000002	-0.00004468
13.43333335	-0.00003517
13.46666668	-0.00003200
13.50000002	-0.00002872
13.53333335	-0.00002112
13.56666668	-0.00002906
13.60000001	-0.00002752
13.63333335	-0.00002400
13.66666668	-0.00001482
13.70000001	-0.00002109
13.73333335	-0.00001081
13.76666668	-0.00000745
13.80000001	-0.00000744
13.83333335	-0.00000293
13.86666668	0.00000140
13.90000001	0.00000003
13.93333334	0.00000140
13.96666668	-0.00000083
14.00000001	0.00000191
14.03333334	0.00000335
14.06666668	0.00000437
14.10000001	0.00000481
14.13333334	0.00000850
14.16666668	0.00000738
14.20000001	0.00000825
14.23333334	0.00000865
14.26666667	0.00000739
14.30000001	0.00000572
14.33333334	0.00000626
14.36666667	0.00000526
14.40000001	0.00000520
14.43333334	0.00000445
14.46666667	0.00000342
14.50000001	0.00000349
14.53333334	0.00000299
14.56666667	0.00000281
14.60000000	0.00000241
14.63333334	0.00000163
14.66666667	0.00000134
14.70000000	0.00000102
14.73333334	0.00000063
14.76666667	0.00000041
14.80000000	0.00000026
14.83333334	0.00000010
14.86666667	0.00000003
14.90000000	0.00000000
