# Menlo Systems GmbH ScanControl
# Program Version 1.3.3
# Start: -65.00000000 ps, Average over 1000 waveforms. Timestamp: 2020-01-12T19:36:03
# Window type: Tukey, parameters: alpha = 0.2
# User time axis shift: 0 ps
# Frequency [THz]	THz Signal [a.u.]
0.00000000	-5.34886922
0.00732601	-9.86265099
0.01465201	-3.39060006
0.02197802	-1.65961014
0.02930403	-9.02717772
0.03663004	-9.37292979
0.04395604	-5.67684569
0.05128205	-8.49002114
0.05860806	-15.79570829
0.06593407	-25.72358223
0.07326007	-30.68844444
0.08058608	-13.57261813
0.08791209	-8.75471703
0.09523810	-9.76123357
0.10256410	-8.69822848
0.10989011	-7.06262289
0.11721612	-7.46843543
0.12454213	-6.56224016
0.13186813	-5.09445767
0.13919414	-2.16565672
0.14652015	-2.85963202
0.15384616	-4.03530357
0.16117216	0.00000000
0.16849817	-2.37925768
0.17582418	-8.08681507
0.18315018	-3.02306535
0.19047619	-3.93656609
0.19780220	-9.58156804
0.20512821	-7.60879292
0.21245421	-2.78227480
0.21978022	-3.83211991
0.22710623	-20.95962898
0.23443224	-4.50486922
0.24175824	-2.71000060
0.24908425	-9.74605827
0.25641026	-12.38593775
0.26373627	-4.83282810
0.27106227	-5.79736949
0.27838828	-15.97675221
0.28571429	-11.93773909
0.29304030	-9.45461253
0.30036630	-15.09155673
0.30769231	-14.00030297
0.31501832	-12.94752218
0.32234433	-17.38377178
0.32967033	-18.04921007
0.33699634	-15.53124011
0.34432235	-20.26380564
0.35164835	-22.58366314
0.35897436	-14.37835882
0.36630037	-14.41809904
0.37362638	-16.81147438
0.38095238	-21.17419637
0.38827839	-16.55033028
0.39560440	-12.67469535
0.40293041	-15.99487444
0.41025641	-18.74877784
0.41758242	-13.83410742
0.42490843	-15.57140037
0.43223444	-22.27749902
0.43956044	-19.62756251
0.44688645	-15.52656412
0.45421246	-15.95556415
0.46153847	-22.55047395
0.46886447	-17.95918178
0.47619048	-15.27541657
0.48351649	-17.50309471
0.49084250	-18.83827623
0.49816850	-19.28589386
0.50549451	-17.85874632
0.51282052	-16.62758090
0.52014653	-19.39215458
0.52747253	-21.71023421
0.53479854	-18.80692193
0.54212455	-18.10731234
0.54945055	-19.59693403
0.55677656	-20.66444404
0.56410257	-16.13109666
0.57142858	-14.86078052
0.57875458	-18.91510782
0.58608059	-17.61565424
0.59340660	-14.62816044
0.60073261	-16.97741125
0.60805861	-22.57635321
0.61538462	-18.69203600
0.62271063	-17.24836312
0.63003664	-22.11508742
0.63736264	-39.85582322
0.64468865	-23.74140634
0.65201466	-21.67301003
0.65934067	-22.70012043
0.66666667	-27.99760176
0.67399268	-29.47600999
0.68131869	-23.97202732
0.68864470	-23.61064328
0.69597070	-30.01202839
0.70329671	-32.38166933
0.71062272	-24.03269761
0.71794872	-24.69299895
0.72527473	-34.97928265
0.73260074	-32.15044829
0.73992675	-27.68493185
0.74725275	-31.18264347
0.75457876	-45.82984633
0.76190477	-29.49300713
0.76923078	-27.06879157
0.77655678	-30.81003974
0.78388279	-49.27417584
0.79120880	-31.07225614
0.79853481	-30.14268953
0.80586081	-36.84789357
0.81318682	-40.16755617
0.82051283	-33.23322436
0.82783884	-34.98390372
0.83516484	-50.78211908
0.84249085	-38.67052989
0.84981686	-36.12666107
0.85714287	-41.52914215
0.86446887	-42.43582065
0.87179488	-36.60020869
0.87912089	-35.43114993
0.88644689	-36.08553592
0.89377290	-40.04408286
0.90109891	-65.82911017
0.90842492	-41.02485501
0.91575092	-40.49300289
0.92307693	-43.43209238
0.93040294	-43.03869328
0.93772895	-42.76117327
0.94505495	-56.86002312
0.95238096	-43.29674219
0.95970697	-42.28877631
0.96703298	-56.28273505
0.97435898	-47.55622542
0.98168499	-54.21603338
0.98901100	-52.74962154
0.99633701	-47.78350045
1.00366301	-48.47213488
1.01098902	-45.51285666
1.01831503	-44.05949539
1.02564104	-49.07814216
1.03296704	-53.87730766
1.04029305	-44.73973698
1.04761906	-40.71275127
1.05494506	-44.41780293
1.06227107	-52.89595311
1.06959708	-44.16669750
1.07692309	-48.12186213
1.08424909	-52.54581761
1.09157510	-45.81471462
1.09890111	-50.93124881
1.10622712	-50.12101429
1.11355312	-44.10566205
1.12087913	-47.83144962
1.12820514	-54.67156304
1.13553115	-50.97649082
1.14285715	-52.50365805
1.15018316	-51.01356044
1.15750917	-46.04089044
1.16483518	-51.79237498
1.17216118	-49.02731739
1.17948719	-48.38471002
1.18681320	-48.92684037
1.19413921	-42.96786740
1.20146521	-51.76785743
1.20879122	-48.42775916
1.21611723	-47.72408017
1.22344323	-57.60187176
1.23076924	-48.50479678
1.23809525	-48.29351775
1.24542126	-55.85033701
1.25274726	-47.37136842
1.26007327	-54.19977588
1.26739928	-48.29354552
1.27472529	-51.56192689
1.28205129	-53.73531762
1.28937730	-52.48362031
1.29670331	-53.38474396
1.30402932	-70.83449607
1.31135532	-61.92013897
1.31868133	-60.18540787
1.32600734	-59.66895959
1.33333335	-58.60374124
1.34065935	-55.57925124
1.34798536	-55.30399219
1.35531137	-49.29556826
1.36263738	-52.33242316
1.36996338	-56.23715671
1.37728939	-68.20963660
1.38461540	-55.09259256
1.39194141	-51.98564895
1.39926741	-49.66956721
1.40659342	-51.86123884
1.41391943	-73.35399499
1.42124543	-58.14071617
1.42857144	-58.27529410
1.43589745	-61.52089925
1.44322346	-64.63118746
1.45054946	-56.09273029
1.45787547	-55.00352646
1.46520148	-56.81148824
1.47252749	-56.99297959
1.47985349	-56.32035254
1.48717950	-54.20199961
1.49450551	-58.40441573
1.50183152	-64.74509020
1.50915752	-62.09306801
1.51648353	-51.09817193
1.52380954	-49.35800640
1.53113555	-54.36509030
1.53846155	-52.60340194
1.54578756	-52.16076364
1.55311357	-52.44196675
1.56043958	-53.89260295
1.56776558	-55.26567842
1.57509159	-52.27850279
1.58241760	-53.33078992
1.58974360	-56.29908245
1.59706961	-67.55947771
1.60439562	-66.37929577
1.61172163	-68.36239651
1.61904763	-65.96028192
1.62637364	-61.08014211
1.63369965	-60.81461068
1.64102566	-66.95769158
1.64835166	-66.02783439
1.65567767	-62.83657966
1.66300368	-71.84421851
1.67032969	-68.58077975
1.67765569	-64.93148877
1.68498170	-57.38910924
1.69230771	-65.50155285
1.69963372	-55.52904884
1.70695972	-53.64085507
1.71428573	-59.02994997
1.72161174	-68.71537631
1.72893775	-65.03692346
1.73626375	-65.32301582
1.74358976	-60.68349064
1.75091577	-66.15447658
1.75824177	-56.89073239
1.76556778	-62.47646032
1.77289379	-56.20780120
1.78021980	-56.33458714
1.78754580	-57.09838418
1.79487181	-52.46486632
1.80219782	-55.77456817
1.80952383	-57.44745960
1.81684983	-66.25581484
1.82417584	-57.88279408
1.83150185	-59.71812954
1.83882786	-63.66921762
1.84615386	-61.44169330
1.85347987	-65.38849259
1.86080588	-64.60782765
1.86813189	-63.22759567
1.87545789	-59.04870751
1.88278390	-54.19907886
1.89010991	-54.15885918
1.89743592	-61.60499473
1.90476192	-69.97566711
1.91208793	-67.15683876
1.91941394	-54.46976004
1.92673994	-54.30212928
1.93406595	-59.61468021
1.94139196	-53.88112104
1.94871797	-55.76009150
1.95604397	-62.72538658
1.96336998	-65.93173215
1.97069599	-65.78230134
1.97802200	-61.50975607
1.98534800	-60.27830772
1.99267401	-59.35752757
2.00000002	-58.45563401
2.00732603	-60.34226571
2.01465203	-71.24253371
2.02197804	-59.05367098
2.02930405	-52.91175198
2.03663006	-53.19293846
2.04395606	-57.35872019
2.05128207	-63.45846454
2.05860808	-62.31973913
2.06593409	-63.00805529
2.07326009	-62.51029842
2.08058610	-57.29443403
2.08791211	-62.54457421
2.09523811	-72.75911482
2.10256412	-59.93213086
2.10989013	-55.65181242
2.11721614	-67.44708921
2.12454214	-53.53894149
2.13186815	-54.89232814
2.13919416	-62.43262095
2.14652017	-57.11626572
2.15384617	-55.76732642
2.16117218	-55.87246367
2.16849819	-84.21827702
2.17582420	-61.71098243
2.18315020	-64.27723090
2.19047621	-52.95590685
2.19780222	-52.96169331
2.20512823	-56.42394438
2.21245423	-56.05561479
2.21978024	-58.56592202
2.22710625	-68.36764279
2.23443226	-58.31177543
2.24175826	-55.29443658
2.24908427	-51.84249774
2.25641028	-50.36976467
2.26373629	-57.23574514
2.27106229	-61.84874815
2.27838830	-64.03621960
2.28571431	-57.92856522
2.29304031	-54.73625067
2.30036632	-57.23466566
2.30769233	-64.57967304
2.31501834	-61.94979763
2.32234434	-58.55877554
2.32967035	-64.74393632
2.33699636	-64.34024220
2.34432237	-83.02898531
2.35164837	-63.35816076
2.35897438	-61.64402998
2.36630039	-66.17517170
2.37362640	-69.65661374
2.38095240	-64.17323451
2.38827841	-68.49482020
2.39560442	-57.20551989
2.40293043	-59.93712939
2.41025643	-66.22564369
2.41758244	-71.67494426
2.42490845	-66.21887525
2.43223446	-69.54026208
2.43956046	-64.31195168
2.44688647	-63.65546906
2.45421248	-77.89772873
2.46153848	-68.89280368
2.46886449	-59.14194552
2.47619050	-62.45808779
2.48351651	-58.17017906
2.49084251	-52.38635171
2.49816852	-53.91491893
2.50549453	-56.45161495
2.51282054	-57.50087963
2.52014654	-59.89197576
2.52747255	-57.94096392
2.53479856	-58.69851126
2.54212457	-62.58948865
2.54945057	-55.80135523
2.55677658	-57.78308352
2.56410259	-63.71319303
2.57142860	-58.19911539
2.57875460	-63.01082626
2.58608061	-64.63984784
2.59340662	-61.81144005
2.60073263	-61.99183615
2.60805863	-53.88989555
2.61538464	-55.51393953
2.62271065	-66.04972187
2.63003665	-62.52399083
2.63736266	-52.64154243
2.64468867	-49.58764340
2.65201468	-51.59019116
2.65934068	-60.95780634
2.66666669	-59.23030740
2.67399270	-54.31906824
2.68131871	-59.92082079
2.68864471	-65.96941349
2.69597072	-60.22087253
2.70329673	-63.63903876
2.71062274	-65.15445852
2.71794874	-69.80597132
2.72527475	-65.09739908
2.73260076	-59.24248534
2.73992677	-60.37368263
2.74725277	-65.38965866
2.75457878	-67.86233106
2.76190479	-58.52622311
2.76923080	-61.20303642
2.77655680	-74.80924656
2.78388281	-64.86086155
2.79120882	-60.71549791
2.79853482	-55.04709718
2.80586083	-58.58307687
2.81318684	-62.79418000
2.82051285	-58.06724595
2.82783885	-62.38939974
2.83516486	-58.84391879
2.84249087	-65.18691647
2.84981688	-69.59473569
2.85714288	-61.67257051
2.86446889	-59.33874523
2.87179490	-72.21305816
2.87912091	-63.58030524
2.88644691	-68.11253394
2.89377292	-56.44309663
2.90109893	-60.91656741
2.90842494	-56.96365821
2.91575094	-54.26158503
2.92307695	-69.04017997
2.93040296	-54.33462980
2.93772897	-53.05131932
2.94505497	-65.70277882
2.95238098	-58.90224612
2.95970699	-59.16503156
2.96703300	-68.95929093
2.97435900	-66.26961406
2.98168501	-62.40105200
2.98901102	-57.24287378
2.99633702	-56.84608015
3.00366303	-54.21234132
3.01098904	-54.82011378
3.01831505	-73.07949913
3.02564105	-55.50341351
3.03296706	-60.83978685
3.04029307	-59.94523005
3.04761908	-60.10309645
3.05494508	-57.51058278
3.06227109	-53.25774789
3.06959710	-57.89665299
3.07692311	-62.80244829
3.08424911	-57.14785755
3.09157512	-66.74280794
3.09890113	-58.37934316
3.10622714	-57.32724380
3.11355314	-64.24606692
3.12087915	-60.15588723
3.12820516	-79.81774990
3.13553117	-69.59024169
3.14285717	-60.55250901
3.15018318	-55.07971982
3.15750919	-58.56109449
3.16483519	-63.22634499
3.17216120	-89.52991033
3.17948721	-61.53940172
3.18681322	-60.87317007
3.19413922	-69.69041558
3.20146523	-65.42969410
3.20879124	-68.86625074
3.21611725	-59.42912912
3.22344325	-59.60100668
3.23076926	-62.27078143
3.23809527	-53.95483116
3.24542128	-56.75611677
3.25274728	-84.59278418
3.26007329	-62.61212096
3.26739930	-60.39536811
3.27472531	-65.34027649
3.28205131	-62.00502549
3.28937732	-56.97201776
3.29670333	-59.65498654
3.30402934	-55.41727674
3.31135534	-54.37122948
3.31868135	-62.81750109
3.32600736	-60.65806867
3.33333336	-57.92343718
3.34065937	-71.17249659
3.34798538	-60.41387864
3.35531139	-67.06461441
3.36263739	-61.26799504
3.36996340	-62.71961926
3.37728941	-65.72110667
3.38461542	-57.53877382
3.39194142	-58.56630230
3.39926743	-65.89281578
3.40659344	-96.49863895
3.41391945	-58.90595409
3.42124545	-54.31283744
3.42857146	-58.01089159
3.43589747	-65.53778813
3.44322348	-61.85658403
3.45054948	-64.89789664
3.45787549	-59.80151303
3.46520150	-56.45461376
3.47252751	-67.07737448
3.47985351	-54.38380720
3.48717952	-56.03346121
3.49450553	-70.67262509
3.50183153	-60.66881484
3.50915754	-68.72491965
3.51648355	-62.57264087
3.52380956	-66.30178478
3.53113556	-58.39230871
3.53846157	-64.57980547
3.54578758	-71.63705915
3.55311359	-62.63761042
3.56043959	-59.38059495
3.56776560	-62.49762269
3.57509161	-59.01967155
3.58241762	-61.55548396
3.58974362	-65.32208606
3.59706963	-54.05377274
3.60439564	-54.16771627
3.61172165	-68.86493532
3.61904765	-59.53509713
3.62637366	-57.45056715
3.63369967	-57.28267586
3.64102568	-57.43134153
3.64835168	-62.63682128
3.65567769	-69.76708665
3.66300370	-63.83846172
3.67032970	-68.52878230
3.67765571	-63.59925667
3.68498172	-58.23931239
3.69230773	-56.88036566
3.69963373	-59.84413530
3.70695974	-65.70430841
3.71428575	-63.16037495
3.72161176	-60.27595519
3.72893776	-60.08378086
3.73626377	-61.49361833
3.74358978	-63.18096601
3.75091579	-64.08742580
3.75824179	-59.69237443
3.76556780	-56.62930655
3.77289381	-60.65841545
3.78021982	-61.27174188
3.78754582	-53.74996848
3.79487183	-53.87249186
3.80219784	-60.99654754
3.80952385	-64.86470300
3.81684985	-67.88652751
3.82417586	-60.96502700
3.83150187	-63.78449019
3.83882788	-59.18782069
3.84615388	-55.12888779
3.85347989	-63.99526457
3.86080590	-60.15118346
3.86813190	-62.09837390
3.87545791	-67.01345381
3.88278392	-64.60815197
3.89010993	-65.63182370
3.89743593	-58.83200678
3.90476194	-55.53616321
3.91208795	-61.83398813
3.91941396	-65.90583892
3.92673996	-68.36045159
3.93406597	-63.41515055
3.94139198	-66.03912455
3.94871799	-63.11058983
3.95604399	-59.47312238
3.96337000	-64.48675271
3.97069601	-66.33594484
3.97802202	-63.39665428
3.98534802	-60.73546768
3.99267403	-64.18418603
4.00000004	-75.68285264
4.00732605	-68.41543075
4.01465205	-75.17578713
4.02197806	-63.47423030
4.02930407	-58.60147183
4.03663007	-62.64863711
4.04395608	-68.66709140
4.05128209	-62.07784460
4.05860810	-73.42360852
4.06593410	-66.21350948
4.07326011	-77.89961526
4.08058612	-63.35458610
4.08791213	-67.85317294
4.09523813	-56.70600301
4.10256414	-61.14257189
4.10989015	-61.96778980
4.11721616	-61.03563394
4.12454216	-65.22567896
4.13186817	-56.92531713
4.13919418	-58.38227635
4.14652019	-59.68672196
4.15384619	-56.22711208
4.16117220	-58.91735698
4.16849821	-64.13584988
4.17582422	-79.96921107
4.18315022	-59.10149575
4.19047623	-63.11509019
4.19780224	-63.07566410
4.20512824	-66.32448044
4.21245425	-56.74992785
4.21978026	-53.22838686
4.22710627	-60.07664234
4.23443227	-65.01938295
4.24175828	-58.95609245
4.24908429	-64.15001663
4.25641030	-53.86297814
4.26373630	-53.60149095
4.27106231	-63.75746857
4.27838832	-66.98541560
4.28571433	-64.96711286
4.29304033	-58.44762531
4.30036634	-66.13980433
4.30769235	-63.71246833
4.31501836	-67.40926887
4.32234436	-57.96035766
4.32967037	-61.26935222
4.33699638	-63.88211025
4.34432239	-58.15288178
4.35164839	-63.46030210
4.35897440	-67.49802627
4.36630041	-67.34690481
4.37362641	-75.78330658
4.38095242	-60.76780943
4.38827843	-56.23650920
4.39560444	-60.25293359
4.40293044	-58.08747652
4.41025645	-59.67790512
4.41758246	-77.68399367
4.42490847	-72.19114329
4.43223447	-61.24539691
4.43956048	-63.90548500
4.44688649	-61.14017821
4.45421250	-58.91142484
4.46153850	-69.86245832
4.46886451	-63.31866635
4.47619052	-77.39457142
4.48351653	-60.46293166
4.49084253	-60.14226252
4.49816854	-70.00196995
4.50549455	-67.43185126
4.51282056	-77.54670225
4.52014656	-60.38713754
4.52747257	-59.58558383
4.53479858	-67.80983457
4.54212458	-56.98278359
4.54945059	-56.04097883
4.55677660	-68.95503597
4.56410261	-58.50267223
4.57142861	-56.63030277
4.57875462	-59.70048822
4.58608063	-62.83650594
4.59340664	-65.84921860
4.60073264	-71.05449200
4.60805865	-76.53797208
4.61538466	-66.33797509
4.62271067	-62.39477726
4.63003667	-65.99505942
4.63736268	-65.67788778
4.64468869	-64.14316081
4.65201470	-61.60577766
4.65934070	-56.59867317
4.66666671	-59.14836081
4.67399272	-64.64466746
4.68131873	-64.19117055
4.68864473	-63.14949953
4.69597074	-59.01376356
4.70329675	-75.07332633
4.71062276	-58.11984839
4.71794876	-60.38076879
4.72527477	-72.42425590
4.73260078	-64.79621348
4.73992678	-73.13456601
4.74725279	-60.55693890
4.75457880	-58.27634213
4.76190481	-59.78097727
4.76923081	-60.12479593
4.77655682	-57.53872469
4.78388283	-60.78313121
4.79120884	-59.11670551
4.79853484	-57.51824687
4.80586085	-63.09897129
4.81318686	-66.78793442
4.82051287	-69.13893612
4.82783887	-61.55530705
4.83516488	-56.71768787
4.84249089	-63.91992681
4.84981690	-61.81654460
4.85714290	-68.50554893
4.86446891	-63.03096428
4.87179492	-60.33926550
4.87912093	-59.85674347
4.88644693	-57.02299549
4.89377294	-56.88663060
4.90109895	-60.19695809
4.90842495	-62.80727983
4.91575096	-66.95864263
4.92307697	-59.03266655
4.93040298	-61.45522721
4.93772898	-61.51695448
4.94505499	-64.86505521
4.95238100	-66.40441635
4.95970701	-60.49160549
4.96703301	-59.37988604
4.97435902	-70.68618793
4.98168503	-62.85985263
4.98901104	-63.81715367
4.99633704	-71.38717180
5.00366305	-61.36315920
5.01098906	-61.30459746
5.01831507	-62.39470032
5.02564107	-72.55792406
5.03296708	-66.03823785
5.04029309	-60.78889960
5.04761910	-55.97593804
5.05494510	-63.38521799
5.06227111	-59.45136746
5.06959712	-59.78383563
5.07692312	-59.28998408
5.08424913	-56.58622789
5.09157514	-66.55487104
5.09890115	-65.68234501
5.10622715	-60.45616812
5.11355316	-61.26918982
5.12087917	-68.18830729
5.12820518	-57.08878713
5.13553118	-54.85426864
5.14285719	-56.24226972
5.15018320	-62.79992423
5.15750921	-70.15308845
5.16483521	-66.26397944
5.17216122	-67.48275667
5.17948723	-67.02744719
5.18681324	-59.46204673
5.19413924	-60.95066592
5.20146525	-57.08380636
5.20879126	-52.20220141
5.21611727	-53.67955600
5.22344327	-59.35607992
5.23076928	-63.04147041
5.23809529	-54.65509633
5.24542129	-54.86689003
5.25274730	-72.59728458
5.26007331	-58.39417504
5.26739932	-61.64623317
5.27472532	-80.90336619
5.28205133	-64.89968129
5.28937734	-56.66485747
5.29670335	-57.24324348
5.30402935	-59.93793006
5.31135536	-57.95869092
5.31868137	-64.23353773
5.32600738	-54.60770992
5.33333338	-57.31154601
5.34065939	-64.71543644
5.34798540	-60.60276724
5.35531141	-74.24022453
5.36263741	-71.68770122
5.36996342	-60.79176059
5.37728943	-58.71614135
5.38461544	-59.82497936
5.39194144	-63.21322043
5.39926745	-63.93778376
5.40659346	-59.49081571
5.41391946	-66.64395574
5.42124547	-62.46481679
5.42857148	-63.10712180
5.43589749	-63.10077642
5.44322349	-59.17662038
5.45054950	-65.11489823
5.45787551	-60.67779115
5.46520152	-59.42919613
5.47252752	-63.53643036
5.47985353	-55.66274369
5.48717954	-59.34514970
5.49450555	-63.90339005
5.50183155	-63.17809904
5.50915756	-58.97957397
5.51648357	-66.77850305
5.52380958	-64.91202527
5.53113558	-64.87421138
5.53846159	-58.96629036
5.54578760	-62.36393176
5.55311361	-65.03944044
5.56043961	-58.92452005
5.56776562	-63.99962781
5.57509163	-64.36143204
5.58241764	-71.63390279
5.58974364	-64.31223493
5.59706965	-65.38385971
5.60439566	-70.95194637
5.61172166	-67.35603891
5.61904767	-66.03917343
5.62637368	-58.65162096
5.63369969	-61.05347253
5.64102569	-65.04088615
5.64835170	-59.09613058
5.65567771	-62.02140578
5.66300372	-65.33793519
5.67032972	-68.27284558
5.67765573	-63.94163517
5.68498174	-61.61382935
5.69230775	-62.30997792
5.69963375	-61.92309257
5.70695976	-60.79859992
5.71428577	-57.34143740
5.72161178	-59.88721813
5.72893778	-66.64925436
5.73626379	-65.02195948
5.74358980	-66.63646114
5.75091581	-70.05367011
5.75824181	-67.07036837
5.76556782	-61.31254440
5.77289383	-65.38676294
5.78021983	-65.31257814
5.78754584	-67.62640431
5.79487185	-72.86995750
5.80219786	-71.17091496
5.80952386	-75.55629096
5.81684987	-72.08069352
5.82417588	-63.69746090
5.83150189	-58.86602281
5.83882789	-61.79619151
5.84615390	-60.55550963
5.85347991	-67.70489850
5.86080592	-60.70919218
5.86813192	-61.30503267
5.87545793	-67.21420478
5.88278394	-58.40438050
5.89010995	-60.00007315
5.89743595	-57.24182864
5.90476196	-56.84495935
5.91208797	-61.79076077
5.91941398	-63.41182243
5.92673998	-60.19854663
5.93406599	-61.11079396
5.94139200	-64.70165920
5.94871800	-60.94498745
5.95604401	-56.49000879
5.96337002	-56.35346098
5.97069603	-64.22189796
5.97802203	-58.24651494
5.98534804	-56.32580957
5.99267405	-60.01470907
6.00000006	-62.80011336
6.00732606	-72.11505694
6.01465207	-67.08415197
6.02197808	-70.94988158
6.02930409	-63.04412937
6.03663009	-66.74980828
6.04395610	-61.85874312
6.05128211	-58.39926657
6.05860812	-59.85646963
6.06593412	-58.60886201
6.07326013	-57.10628722
6.08058614	-61.10256765
6.08791215	-70.30707476
6.09523815	-77.75177585
6.10256416	-69.24804929
6.10989017	-64.01995612
6.11721617	-61.36020869
6.12454218	-60.52084932
6.13186819	-60.48437929
6.13919420	-62.32627997
6.14652020	-62.75010167
6.15384621	-61.15564771
6.16117222	-64.12347320
6.16849823	-66.19352959
6.17582423	-69.80911061
6.18315024	-58.38005451
6.19047625	-56.78359816
6.19780226	-62.70712252
6.20512826	-67.91074206
6.21245427	-58.34400325
6.21978028	-58.43823121
6.22710629	-66.73606764
6.23443229	-69.58703515
6.24175830	-64.26807062
6.24908431	-66.79364117
6.25641032	-68.75741843
6.26373632	-71.39945220
6.27106233	-66.71451973
6.27838834	-58.74052961
6.28571434	-59.19397285
6.29304035	-61.68230177
6.30036636	-67.70558708
6.30769237	-61.87526066
6.31501837	-58.22904853
6.32234438	-57.89561828
6.32967039	-55.90704914
6.33699640	-67.10187369
6.34432240	-61.66107955
6.35164841	-67.41024705
6.35897442	-62.07562968
6.36630043	-63.70766916
6.37362643	-65.59132680
6.38095244	-59.93550234
6.38827845	-62.99925677
6.39560446	-58.60429303
6.40293046	-63.58460054
6.41025647	-62.23715931
6.41758248	-56.03682172
6.42490849	-56.69179786
6.43223449	-57.46662726
6.43956050	-61.36524706
6.44688651	-64.94229572
6.45421252	-59.46796847
6.46153852	-77.95929336
6.46886453	-62.08565175
6.47619054	-65.46628668
6.48351654	-61.21379597
6.49084255	-56.56342236
6.49816856	-53.25302791
6.50549457	-56.08347044
6.51282057	-68.00237917
6.52014658	-77.80650270
6.52747259	-66.52663704
6.53479860	-61.79462848
6.54212460	-58.14770140
6.54945061	-58.96701009
6.55677662	-62.47060826
6.56410263	-63.12973581
6.57142863	-64.28150063
6.57875464	-75.18567824
6.58608065	-61.54398898
6.59340666	-61.83872850
6.60073266	-70.53910591
6.60805867	-62.90055672
6.61538468	-62.49861082
6.62271069	-62.84206864
6.63003669	-64.29343604
6.63736270	-69.31668078
6.64468871	-69.79180586
6.65201471	-79.42772317
6.65934072	-65.90375109
6.66666673	-68.14020265
6.67399274	-77.56368300
6.68131874	-62.26009242
6.68864475	-60.68929341
6.69597076	-62.59627839
6.70329677	-65.92402442
6.71062277	-68.19128290
6.71794878	-59.76653656
6.72527479	-61.28341384
6.73260080	-66.96858928
6.73992680	-69.92663618
6.74725281	-65.80055585
6.75457882	-64.84263811
6.76190483	-72.01713828
6.76923083	-64.39473131
6.77655684	-61.00590359
6.78388285	-65.32452710
6.79120886	-59.98615362
6.79853486	-59.78662994
6.80586087	-61.77982637
6.81318688	-63.04173606
6.82051288	-74.57574002
6.82783889	-60.01148098
6.83516490	-60.19721938
6.84249091	-66.72445942
6.84981691	-75.33085535
6.85714292	-74.66602828
6.86446893	-70.68386023
6.87179494	-67.82257602
6.87912094	-63.68291047
6.88644695	-54.52665934
6.89377296	-54.90441279
6.90109897	-63.26750325
6.90842497	-67.07809882
6.91575098	-76.20078629
6.92307699	-65.87665042
6.93040300	-59.61969109
6.93772900	-62.08158971
6.94505501	-79.87233236
6.95238102	-66.24364821
6.95970703	-57.23866655
6.96703303	-55.62672377
6.97435904	-61.42559983
6.98168505	-62.46822719
6.98901105	-61.23760949
6.99633706	-59.75816254
7.00366307	-63.86575672
7.01098908	-79.64422718
7.01831508	-64.51579837
7.02564109	-63.94488315
7.03296710	-60.84429519
7.04029311	-58.59137309
7.04761911	-55.82324254
7.05494512	-55.39267961
7.06227113	-60.75756593
7.06959714	-63.90497254
7.07692314	-73.68442819
7.08424915	-63.80821293
7.09157516	-65.96853139
7.09890117	-65.65882001
7.10622717	-78.99943215
7.11355318	-64.88730019
7.12087919	-64.49058743
7.12820520	-65.75236034
7.13553120	-59.47712294
7.14285721	-70.52199702
7.15018322	-63.21160505
7.15750922	-69.11090212
7.16483523	-61.58016428
7.17216124	-64.53553185
7.17948725	-56.07302502
7.18681325	-56.83197627
7.19413926	-65.30943626
7.20146527	-67.51707370
7.20879128	-64.59498654
7.21611728	-58.67439900
7.22344329	-61.44953346
7.23076930	-73.19854901
7.23809531	-71.63650755
7.24542131	-68.72071679
7.25274732	-62.85692061
7.26007333	-79.12176325
7.26739934	-59.88599966
7.27472534	-58.52330361
7.28205135	-58.48078313
7.28937736	-61.24540197
7.29670337	-55.62322951
7.30402937	-57.27298213
7.31135538	-65.56253148
7.31868139	-64.19441289
7.32600740	-69.46436740
7.33333340	-68.95751639
7.34065941	-65.76066293
7.34798542	-61.64004316
7.35531142	-66.37707341
7.36263743	-66.28940557
7.36996344	-62.47840386
7.37728945	-64.63962300
7.38461545	-75.92950145
7.39194146	-62.58633987
7.39926747	-63.85114203
7.40659348	-83.08925903
7.41391948	-65.31998792
7.42124549	-65.34396858
7.42857150	-74.72050728
7.43589751	-63.91551839
7.44322351	-62.92234665
7.45054952	-68.52621999
7.45787553	-68.78112785
7.46520154	-63.78172157
7.47252754	-64.54908383
7.47985355	-68.29602811
7.48717956	-71.01473184
7.49450557	-63.60810545
7.50183157	-56.76766085
7.50915758	-57.97265501
7.51648359	-62.79662877
7.52380959	-63.83136491
7.53113560	-64.09687855
7.53846161	-63.77406951
7.54578762	-61.61153045
7.55311362	-59.24337451
7.56043963	-60.22741899
7.56776564	-72.42228365
7.57509165	-69.12370451
7.58241765	-72.48290514
7.58974366	-57.82549794
7.59706967	-57.80144496
7.60439568	-60.47165911
7.61172168	-59.21611799
7.61904769	-71.45618026
7.62637370	-59.30249982
7.63369971	-61.55145747
7.64102571	-61.00814101
7.64835172	-56.48979829
7.65567773	-59.57408938
7.66300374	-67.05839717
7.67032974	-58.65714834
7.67765575	-70.35041321
7.68498176	-61.59428686
7.69230776	-61.20326283
7.69963377	-62.48498605
7.70695978	-63.40953559
7.71428579	-70.23373238
7.72161179	-70.38737783
7.72893780	-60.82715116
7.73626381	-58.62244054
7.74358982	-56.97475614
7.75091582	-58.66042695
7.75824183	-65.89072682
7.76556784	-79.14501303
7.77289385	-62.82309377
7.78021985	-60.74237568
7.78754586	-66.80055391
7.79487187	-76.48048194
7.80219788	-69.77531782
7.80952388	-66.45392131
7.81684989	-65.86333221
7.82417590	-67.19430566
7.83150191	-63.90605963
7.83882791	-58.08640790
7.84615392	-60.77606883
7.85347993	-63.29874794
7.86080593	-65.01736966
7.86813194	-74.35658980
7.87545795	-67.56021114
7.88278396	-62.24683660
7.89010996	-66.58363135
7.89743597	-63.50562029
7.90476198	-62.40693472
7.91208799	-64.47864063
7.91941399	-73.23607984
7.92674000	-65.14842575
7.93406601	-63.96671694
7.94139202	-63.59206081
7.94871802	-59.97996018
7.95604403	-61.38360519
7.96337004	-63.36857344
7.97069605	-63.37614321
7.97802205	-69.04635257
7.98534806	-67.10852633
7.99267407	-62.13650109
8.00000008	-62.08594895
8.00732608	-58.25262095
8.01465209	-60.63472763
8.02197810	-66.16545105
8.02930411	-61.24083672
8.03663011	-74.29181977
8.04395612	-61.99568466
8.05128213	-58.10800134
8.05860813	-57.82471438
8.06593414	-58.47460089
8.07326015	-62.13964291
8.08058616	-61.19065493
8.08791216	-58.42247592
8.09523817	-61.60072161
8.10256418	-72.33968029
8.10989019	-62.98956351
8.11721619	-59.65850833
8.12454220	-60.58355706
8.13186821	-65.15965527
8.13919422	-70.05876509
8.14652022	-66.23420910
8.15384623	-65.40277768
8.16117224	-71.91085291
8.16849825	-63.86508343
8.17582425	-62.31429555
8.18315026	-66.27365215
8.19047627	-70.09665944
8.19780228	-67.54850104
8.20512828	-64.19282924
8.21245429	-64.00765241
8.21978030	-69.08989163
8.22710630	-58.59197119
8.23443231	-60.13434285
8.24175832	-63.74411841
8.24908433	-59.32677060
8.25641033	-60.50890137
8.26373634	-66.66622389
8.27106235	-73.43326859
8.27838836	-71.29974872
8.28571436	-77.12204630
8.29304037	-67.60237826
8.30036638	-68.23149699
8.30769239	-60.11904339
8.31501839	-60.11624234
8.32234440	-66.65192965
8.32967041	-67.34258161
8.33699642	-59.31057487
8.34432242	-56.07121523
8.35164843	-61.56460472
8.35897444	-65.71678251
8.36630045	-65.01305627
8.37362645	-70.65831414
8.38095246	-64.49335047
8.38827847	-60.16427706
8.39560447	-56.76917339
8.40293048	-58.89016379
8.41025649	-67.11210937
8.41758250	-74.00390615
8.42490850	-65.29582899
8.43223451	-61.41738525
8.43956052	-63.31975661
8.44688653	-65.37685628
8.45421253	-60.39044528
8.46153854	-58.61581439
8.46886455	-61.80982076
8.47619056	-66.90987829
8.48351656	-68.00279871
8.49084257	-62.41445878
8.49816858	-60.65246204
8.50549459	-83.59525919
8.51282059	-60.03772628
8.52014660	-58.54690394
8.52747261	-58.53694379
8.53479862	-68.31129939
8.54212462	-57.83819100
8.54945063	-61.67684252
8.55677664	-57.94514490
8.56410264	-53.01844352
8.57142865	-58.07288648
8.57875466	-57.73756723
8.58608067	-60.23692924
8.59340667	-66.75947873
8.60073268	-60.34764841
8.60805869	-59.59297540
8.61538470	-63.18322709
8.62271070	-71.54446327
8.63003671	-71.39383615
8.63736272	-69.69831973
8.64468873	-66.37090661
8.65201473	-59.55118881
8.65934074	-64.98567994
8.66666675	-67.44116364
8.67399276	-63.93703117
8.68131876	-68.89391892
8.68864477	-67.78375027
8.69597078	-68.41988498
8.70329679	-70.46925245
8.71062279	-61.77253533
8.71794880	-65.17817835
8.72527481	-64.93439063
8.73260081	-66.05140491
8.73992682	-60.93293325
8.74725283	-56.38450414
8.75457884	-57.57023280
8.76190484	-84.33962639
8.76923085	-57.75012245
8.77655686	-58.13083755
8.78388287	-72.29849355
8.79120887	-58.38175334
8.79853488	-59.68410554
8.80586089	-64.52629907
8.81318690	-62.03712061
8.82051290	-58.98496876
8.82783891	-64.14154405
8.83516492	-62.03354808
8.84249093	-55.64580371
8.84981693	-57.43329024
8.85714294	-64.13893611
8.86446895	-60.52757945
8.87179496	-57.06532026
8.87912096	-58.21387726
8.88644697	-66.53482120
8.89377298	-71.23421141
8.90109899	-76.72197431
8.90842499	-66.38285408
8.91575100	-67.19828538
8.92307701	-67.87954134
8.93040301	-63.24630411
8.93772902	-62.89174954
8.94505503	-64.01348479
8.95238104	-63.30524056
8.95970704	-65.11064550
8.96703305	-59.53620535
8.97435906	-61.44280224
8.98168507	-61.18905351
8.98901107	-57.32592492
8.99633708	-56.96331395
9.00366309	-58.30385738
9.01098910	-58.76441294
9.01831510	-59.16768851
9.02564111	-73.82936163
9.03296712	-59.14363034
9.04029313	-63.68188771
9.04761913	-60.01906967
9.05494514	-56.79353927
9.06227115	-58.75314822
9.06959716	-66.28858946
9.07692316	-65.68114972
9.08424917	-64.61910877
9.09157518	-58.65047523
9.09890118	-72.32709413
9.10622719	-59.34355638
9.11355320	-62.48608594
9.12087921	-66.65784879
9.12820521	-66.95829315
9.13553122	-62.36705548
9.14285723	-62.95088172
9.15018324	-64.96446399
9.15750924	-58.93326359
9.16483525	-64.80138925
9.17216126	-68.61714830
9.17948727	-70.91317702
9.18681327	-60.46692651
9.19413928	-56.99026672
9.20146529	-66.02313226
9.20879130	-62.25828975
9.21611730	-62.15901163
9.22344331	-63.69273152
9.23076932	-66.99709672
9.23809533	-61.62213112
9.24542133	-68.77299549
9.25274734	-65.81237441
9.26007335	-63.26607232
9.26739935	-66.17672886
9.27472536	-65.88500499
9.28205137	-61.29172555
9.28937738	-59.56716304
9.29670338	-58.65494585
9.30402939	-61.13731866
9.31135540	-71.34604212
9.31868141	-73.52130981
9.32600741	-69.76564814
9.33333342	-65.65550301
9.34065943	-65.40320562
9.34798544	-63.56751871
9.35531144	-59.48433133
9.36263745	-63.99092421
9.36996346	-67.78224035
9.37728947	-69.60135992
9.38461547	-64.48503123
9.39194148	-58.47588031
9.39926749	-58.52411514
9.40659350	-62.45070031
9.41391950	-63.83090524
9.42124551	-59.48030101
9.42857152	-67.78456510
9.43589752	-64.79033084
9.44322353	-62.84226889
9.45054954	-61.93761443
9.45787555	-60.50963866
9.46520155	-63.19281933
9.47252756	-71.30423949
9.47985357	-69.29306123
9.48717958	-63.77189555
9.49450558	-63.47512616
9.50183159	-61.85806992
9.50915760	-57.37063640
9.51648361	-58.30732325
9.52380961	-64.78016878
9.53113562	-70.00743184
9.53846163	-69.74493282
9.54578764	-65.29031318
9.55311364	-62.66363013
9.56043965	-63.23283752
9.56776566	-62.50063072
9.57509167	-61.77482012
9.58241767	-62.56827573
9.58974368	-73.91603518
9.59706969	-61.17674681
9.60439569	-70.13753410
9.61172170	-60.94419247
9.61904771	-57.55346116
9.62637372	-58.46394553
9.63369972	-58.80832281
9.64102573	-62.02032026
9.64835174	-70.39210632
9.65567775	-62.41677835
9.66300375	-58.94217111
9.67032976	-64.55937126
9.67765577	-59.43166347
9.68498178	-59.23617081
9.69230778	-63.28020323
9.69963379	-57.44241872
9.70695980	-65.46684838
9.71428581	-54.08100345
9.72161181	-56.26729776
9.72893782	-73.47218744
9.73626383	-72.41661282
9.74358984	-72.01696612
9.75091584	-63.07029986
9.75824185	-62.59381371
9.76556786	-60.73063134
9.77289387	-59.69229956
9.78021987	-70.91861113
9.78754588	-62.41563566
9.79487189	-63.09492924
9.80219789	-75.22835688
9.80952390	-63.79678024
9.81684991	-66.64187450
9.82417592	-70.24395589
9.83150192	-78.84057344
9.83882793	-74.85616983
9.84615394	-71.41574703
9.85347995	-64.08674832
9.86080595	-62.28359579
9.86813196	-62.66051359
9.87545797	-65.53386025
9.88278398	-64.24651137
9.89010998	-66.58513014
9.89743599	-76.74931268
9.90476200	-68.91783114
9.91208801	-62.34662169
9.91941401	-62.81805072
9.92674002	-66.17485036
9.93406603	-64.27302924
9.94139204	-64.43137490
9.94871804	-70.49728027
9.95604405	-70.83701180
9.96337006	-70.01589927
9.97069606	-64.18520064
9.97802207	-60.59481851
9.98534808	-68.34777580
9.99267409	-69.56626845
10.00000009	-73.25479689
10.00732610	-69.64329720
10.01465211	-65.11914485
10.02197812	-64.92153760
10.02930412	-64.12142555
10.03663013	-61.42003817
10.04395614	-57.33715569
10.05128215	-56.33824175
10.05860815	-61.56204497
10.06593416	-70.08358849
10.07326017	-79.57987665
10.08058618	-67.28660164
10.08791218	-63.84496189
10.09523819	-59.37389229
10.10256420	-60.81239484
10.10989021	-72.98226361
10.11721621	-61.81315628
10.12454222	-65.19412029
10.13186823	-61.04893249
10.13919423	-60.83095168
10.14652024	-72.05199469
10.15384625	-62.16073509
10.16117226	-65.93904074
10.16849826	-57.49956383
10.17582427	-62.32370941
10.18315028	-60.19194523
10.19047629	-60.40155202
10.19780229	-74.66291924
10.20512830	-76.52006207
10.21245431	-65.18788242
10.21978032	-62.72121782
10.22710632	-66.13637892
10.23443233	-63.36631772
10.24175834	-61.40950262
10.24908435	-59.33722134
10.25641035	-68.34712470
10.26373636	-64.22525373
10.27106237	-63.01197993
10.27838838	-60.22285910
10.28571438	-59.17553710
10.29304039	-65.21559668
10.30036640	-70.72206786
10.30769240	-59.85954742
10.31501841	-56.19936090
10.32234442	-57.07221915
10.32967043	-59.78460330
10.33699643	-64.01388814
10.34432244	-64.98643223
10.35164845	-62.61102273
10.35897446	-65.52772603
10.36630046	-71.05261804
10.37362647	-64.92196653
10.38095248	-67.16604442
10.38827849	-70.82414952
10.39560449	-61.45071703
10.40293050	-57.93442679
10.41025651	-55.56079470
10.41758252	-58.74908639
10.42490852	-63.52021623
10.43223453	-57.73047245
10.43956054	-60.14392668
10.44688655	-67.23141091
10.45421255	-65.45426824
10.46153856	-61.77894734
10.46886457	-75.28045964
10.47619057	-68.95147369
10.48351658	-66.42154654
10.49084259	-58.23647333
10.49816860	-60.31008819
10.50549460	-69.71324019
10.51282061	-70.11967339
10.52014662	-57.40446192
10.52747263	-54.70261815
10.53479863	-56.93967519
10.54212464	-58.79368192
10.54945065	-58.61919857
10.55677666	-58.99977822
10.56410266	-64.20242829
10.57142867	-75.72396667
10.57875468	-68.21107385
10.58608069	-61.70339204
10.59340669	-61.56558743
10.60073270	-80.44950042
10.60805871	-63.96249638
10.61538472	-68.02494270
10.62271072	-61.69733927
10.63003673	-61.19850537
10.63736274	-60.93316813
10.64468875	-57.24269673
10.65201475	-59.12816262
10.65934076	-60.00755961
10.66666677	-59.71548943
10.67399277	-67.93057623
10.68131878	-62.66159224
10.68864479	-61.75796979
10.69597080	-68.82847244
10.70329680	-62.00235897
10.71062281	-59.27135131
10.71794882	-60.94709993
10.72527483	-65.48852612
10.73260083	-71.82770221
10.73992684	-63.33057765
10.74725285	-65.91294510
10.75457886	-85.36126929
10.76190486	-74.04772184
10.76923087	-67.17766119
10.77655688	-67.26211350
10.78388289	-61.36404792
10.79120889	-60.89975693
10.79853490	-61.82157034
10.80586091	-60.43050173
10.81318692	-58.48885371
10.82051292	-57.29349227
10.82783893	-62.88983802
10.83516494	-66.08357795
10.84249094	-78.78784834
10.84981695	-59.86887711
10.85714296	-60.66683318
10.86446897	-69.42545617
10.87179497	-86.99950689
10.87912098	-58.82322892
10.88644699	-56.79594014
10.89377300	-69.60936522
10.90109900	-61.04566984
10.90842501	-68.69192156
10.91575102	-66.26459574
10.92307703	-67.11778783
10.93040303	-66.73907519
10.93772904	-65.95391928
10.94505505	-62.75334309
10.95238106	-59.68259519
10.95970706	-63.25624144
10.96703307	-67.02587851
10.97435908	-65.33152177
10.98168509	-79.43021497
10.98901109	-72.49025531
10.99633710	-57.16980269
11.00366311	-58.02214747
11.01098911	-63.47013683
11.01831512	-58.86308870
11.02564113	-64.91919074
11.03296714	-59.94654420
11.04029314	-67.05179813
11.04761915	-68.77282098
11.05494516	-60.40939017
11.06227117	-60.64172309
11.06959717	-68.58557424
11.07692318	-62.90642289
11.08424919	-61.86260496
11.09157520	-66.00202359
11.09890120	-62.85975203
11.10622721	-61.09097050
11.11355322	-66.05927955
11.12087923	-61.48667153
11.12820523	-59.59150907
11.13553124	-57.45804374
11.14285725	-56.66268654
11.15018326	-56.81509009
11.15750926	-59.75312734
11.16483527	-68.34401127
11.17216128	-61.99066506
11.17948728	-62.71746138
11.18681329	-71.16251552
11.19413930	-65.99019796
11.20146531	-76.58752423
11.20879131	-65.91767833
11.21611732	-73.40633430
11.22344333	-60.28329767
11.23076934	-62.69632945
11.23809534	-72.70343126
11.24542135	-68.80253948
11.25274736	-62.20316589
11.26007337	-59.60532247
11.26739937	-72.15148207
11.27472538	-63.94712766
11.28205139	-68.00341004
11.28937740	-77.94901298
11.29670340	-70.71716383
11.30402941	-65.16901711
11.31135542	-64.75088160
11.31868143	-64.50984805
11.32600743	-62.96875983
11.33333344	-64.78010807
11.34065945	-64.13866222
11.34798545	-61.51525903
11.35531146	-63.04900948
11.36263747	-67.10175994
11.36996348	-77.88132159
11.37728948	-71.97633887
11.38461549	-68.96589626
11.39194150	-79.69736311
11.39926751	-64.36075118
11.40659351	-69.35530141
11.41391952	-64.70312801
11.42124553	-60.75904826
11.42857154	-64.84052617
11.43589754	-63.99245229
11.44322355	-69.46641064
11.45054956	-75.00860070
11.45787557	-69.64759269
11.46520157	-62.27725612
11.47252758	-66.93550298
11.47985359	-69.04010108
11.48717960	-66.48625580
11.49450560	-63.40016688
11.50183161	-60.12737226
11.50915762	-60.28931291
11.51648363	-61.46493523
11.52380963	-63.32462387
11.53113564	-72.79868087
11.53846165	-70.76208071
11.54578765	-86.35919945
11.55311366	-69.74511514
11.56043967	-67.67845257
11.56776568	-56.43784470
11.57509168	-56.77649728
11.58241769	-65.49250407
11.58974370	-70.16715975
11.59706971	-68.88750056
11.60439571	-67.92336752
11.61172172	-67.69812109
11.61904773	-77.22970763
11.62637374	-61.31086651
11.63369974	-63.18889829
11.64102575	-64.08187378
11.64835176	-60.32997153
11.65567777	-70.10058879
11.66300377	-69.34258794
11.67032978	-71.09402065
11.67765579	-66.06716404
11.68498180	-66.40758161
11.69230780	-82.90868016
11.69963381	-61.43833284
11.70695982	-57.43273731
11.71428582	-58.79450932
11.72161183	-63.98265463
11.72893784	-61.46948172
11.73626385	-56.74100571
11.74358985	-58.82503446
11.75091586	-59.50022159
11.75824187	-58.18394741
11.76556788	-62.87176849
11.77289388	-63.02179533
11.78021989	-59.75098942
11.78754590	-59.32578780
11.79487191	-57.91364977
11.80219791	-59.85147519
11.80952392	-73.82338345
11.81684993	-59.47277753
11.82417594	-61.44490306
11.83150194	-69.31949747
11.83882795	-68.06447293
11.84615396	-62.73902666
11.85347997	-58.28666458
11.86080597	-59.88953329
11.86813198	-64.14140500
11.87545799	-65.23705545
11.88278399	-70.07463689
11.89011000	-64.51885494
11.89743601	-58.20432573
11.90476202	-61.55690162
11.91208802	-65.55894413
11.91941403	-72.26754831
11.92674004	-63.54833476
11.93406605	-68.79039613
11.94139205	-62.72058924
11.94871806	-59.97811383
11.95604407	-72.97488731
11.96337008	-66.32615603
11.97069608	-89.91242874
11.97802209	-62.41728533
11.98534810	-64.32499213
11.99267411	-66.20880238
12.00000011	-58.99736356
12.00732612	-63.69929375
12.01465213	-69.15292542
12.02197814	-66.44986659
12.02930414	-65.10618265
12.03663015	-67.91959395
12.04395616	-62.81039619
12.05128216	-61.21390578
12.05860817	-60.04750908
12.06593418	-64.82937513
12.07326019	-66.44340994
12.08058619	-62.51461330
12.08791220	-65.50432840
12.09523821	-64.98072816
12.10256422	-64.77033701
12.10989022	-79.62304207
12.11721623	-63.97445580
12.12454224	-62.87936339
12.13186825	-61.27816943
12.13919425	-58.31942822
12.14652026	-68.76491185
12.15384627	-61.40265121
12.16117228	-58.34053435
12.16849828	-62.24497499
12.17582429	-67.57593545
12.18315030	-85.10372828
12.19047631	-66.65567934
12.19780231	-65.84171637
12.20512832	-73.49504364
12.21245433	-65.08129327
12.21978033	-67.43397580
12.22710634	-64.98081350
12.23443235	-63.88075509
12.24175836	-66.20033339
12.24908436	-60.74668915
12.25641037	-68.15351143
12.26373638	-58.91661113
12.27106239	-58.54054292
12.27838839	-69.45537098
12.28571440	-58.19670481
12.29304041	-61.55710510
12.30036642	-65.87344990
12.30769242	-60.82993250
12.31501843	-60.96100849
12.32234444	-61.87084757
12.32967045	-64.07912586
12.33699645	-81.40616166
12.34432246	-71.14855362
12.35164847	-68.26310903
12.35897448	-58.93516233
12.36630048	-59.13704866
12.37362649	-64.57587042
12.38095250	-74.21441931
12.38827851	-59.63667970
12.39560451	-59.95864318
12.40293052	-70.23293173
12.41025653	-58.91691867
12.41758253	-60.76708024
12.42490854	-75.03688333
12.43223455	-61.50445069
12.43956056	-62.85127617
12.44688656	-83.90429519
12.45421257	-62.20079181
12.46153858	-61.30556197
12.46886459	-66.69140087
12.47619059	-75.25470788
12.48351660	-71.44729818
12.49084261	-65.80401549
12.49816862	-70.70845478
12.50549462	-60.98744581
12.51282063	-62.19684951
12.52014664	-66.63047564
12.52747265	-58.37671309
12.53479865	-60.15619614
12.54212466	-65.24407146
12.54945067	-59.60496233
12.55677668	-58.88285232
12.56410268	-63.95261291
12.57142869	-61.66071075
12.57875470	-65.64456927
12.58608070	-64.85103244
12.59340671	-63.02050008
12.60073272	-63.67815379
12.60805873	-60.65788111
12.61538473	-70.32298634
12.62271074	-60.37943328
12.63003675	-62.45293258
12.63736276	-71.99232391
12.64468876	-65.63518202
12.65201477	-59.13187923
12.65934078	-60.94316986
12.66666679	-65.69440481
12.67399279	-64.81241708
12.68131880	-65.56819108
12.68864481	-65.85286504
12.69597082	-72.45935934
12.70329682	-70.50767152
12.71062283	-73.89194383
12.71794884	-61.76649705
12.72527485	-62.02062948
12.73260085	-72.42563868
12.73992686	-63.12416506
12.74725287	-64.54650947
12.75457887	-67.80625553
12.76190488	-64.69178536
12.76923089	-64.18927276
12.77655690	-65.02554897
12.78388290	-76.67786929
12.79120891	-64.33491192
12.79853492	-65.60131198
12.80586093	-64.92417492
12.81318693	-63.73863551
12.82051294	-70.90375542
12.82783895	-71.62160063
12.83516496	-64.87094752
12.84249096	-70.87519602
12.84981697	-60.88146035
12.85714298	-57.63638320
12.86446899	-73.51872419
12.87179499	-58.97985295
12.87912100	-64.30892351
12.88644701	-58.45618117
12.89377302	-54.29441629
12.90109902	-58.16641624
12.90842503	-57.24109143
12.91575104	-58.89704443
12.92307704	-61.87748662
12.93040305	-59.21058148
12.93772906	-65.34162580
12.94505507	-56.44448566
12.95238107	-69.01099200
12.95970708	-56.54337944
12.96703309	-56.69987792
12.97435910	-76.66342199
12.98168510	-62.92341315
12.98901111	-59.56429427
12.99633712	-69.14821224
13.00366313	-58.31643356
13.01098913	-54.99460566
13.01831514	-59.88027464
13.02564115	-66.90993755
13.03296716	-64.53385832
13.04029316	-64.79512808
13.04761917	-68.36684820
13.05494518	-60.06960217
13.06227119	-58.98431423
13.06959719	-58.01320575
13.07692320	-61.04122859
13.08424921	-68.62357410
13.09157522	-61.68086540
13.09890122	-72.62468621
13.10622723	-65.54698740
13.11355324	-68.33399359
13.12087924	-66.97310383
13.12820525	-59.67065679
13.13553126	-59.47819060
13.14285727	-65.62368702
13.15018327	-63.45377326
13.15750928	-63.80969386
13.16483529	-69.96087512
13.17216130	-65.90106844
13.17948730	-79.48932164
13.18681331	-62.76883200
13.19413932	-64.75595793
13.20146533	-66.16792692
13.20879133	-61.18555841
13.21611734	-59.48284731
13.22344335	-63.97959783
13.23076936	-70.88353327
13.23809536	-66.77091782
13.24542137	-81.35115170
13.25274738	-64.24887594
13.26007339	-61.69922826
13.26739939	-70.59129643
13.27472540	-62.81111351
13.28205141	-65.87412477
13.28937741	-66.87013352
13.29670342	-62.29821702
13.30402943	-71.08001829
13.31135544	-64.46729261
13.31868144	-70.23429563
13.32600745	-63.94591244
13.33333346	-58.29262291
13.34065947	-58.20373599
13.34798547	-63.81884718
13.35531148	-76.36986846
13.36263749	-65.97242156
13.36996350	-62.97045293
13.37728950	-65.84982681
13.38461551	-71.81108502
13.39194152	-67.79769815
13.39926753	-66.10979061
13.40659353	-67.11947537
13.41391954	-63.33594702
13.42124555	-61.33089156
13.42857156	-67.46626756
13.43589756	-68.21967406
13.44322357	-62.45914203
13.45054958	-65.49984334
13.45787558	-60.35715125
13.46520159	-61.92404424
13.47252760	-70.08799217
13.47985361	-63.90590026
13.48717961	-58.49049066
13.49450562	-54.91201978
13.50183163	-62.28828400
13.50915764	-64.95596986
13.51648364	-62.12717951
13.52380965	-65.10730205
13.53113566	-64.57332941
13.53846167	-70.73612446
13.54578767	-62.82711303
13.55311368	-66.69890137
13.56043969	-65.69434355
13.56776570	-59.20656000
13.57509170	-59.69898270
13.58241771	-63.36127581
13.58974372	-59.48583748
13.59706973	-61.45697323
13.60439573	-64.04724603
13.61172174	-57.15759583
13.61904775	-72.03151933
13.62637375	-57.61754790
13.63369976	-58.70279625
13.64102577	-72.34111382
13.64835178	-71.85555133
13.65567778	-67.64946584
13.66300379	-65.20391594
13.67032980	-63.32700413
13.67765581	-63.94925037
13.68498181	-63.83124454
13.69230782	-61.71969878
13.69963383	-70.54515288
13.70695984	-65.32149604
13.71428584	-67.51648433
13.72161185	-69.35887396
13.72893786	-64.95217640
13.73626387	-63.91926734
13.74358987	-70.02441376
13.75091588	-65.13697131
13.75824189	-66.47053368
13.76556790	-62.36375714
13.77289390	-63.32448385
13.78021991	-60.39847418
13.78754592	-61.26248694
13.79487192	-66.95884337
13.80219793	-67.97210650
13.80952394	-62.59073344
13.81684995	-61.37853370
13.82417595	-70.08932708
13.83150196	-65.76381939
13.83882797	-62.88299449
13.84615398	-67.14988636
13.85347998	-61.30512351
13.86080599	-58.26406328
13.86813200	-58.43634805
13.87545801	-64.35409482
13.88278401	-68.43070558
13.89011002	-63.70412529
13.89743603	-60.64937903
13.90476204	-65.43424438
13.91208804	-66.90448607
13.91941405	-66.31093118
13.92674006	-58.19830599
13.93406607	-63.68516911
13.94139207	-58.93718854
13.94871808	-57.43462186
13.95604409	-62.28075745
13.96337010	-61.91818643
13.97069610	-67.07388082
13.97802211	-61.21529533
13.98534812	-65.33272556
13.99267412	-68.54758304
14.00000013	-74.08551990
14.00732614	-68.69277392
14.01465215	-61.94704918
14.02197815	-68.12432186
14.02930416	-56.78848309
14.03663017	-55.33601590
14.04395618	-67.80738348
14.05128218	-65.33626651
14.05860819	-64.39046986
14.06593420	-59.74199135
14.07326021	-63.08018026
14.08058621	-58.69273475
14.08791222	-59.36226951
14.09523823	-79.00275244
14.10256424	-61.94959873
14.10989024	-61.09942790
14.11721625	-64.86870848
14.12454226	-68.10946176
14.13186827	-66.09970733
14.13919427	-60.87509432
14.14652028	-58.78856422
14.15384629	-60.68987259
14.16117229	-66.15907678
14.16849830	-66.62579708
14.17582431	-61.48372066
14.18315032	-61.66577055
14.19047632	-85.90358859
14.19780233	-61.49943405
14.20512834	-60.64174874
14.21245435	-67.76251071
14.21978035	-73.54628705
14.22710636	-70.04698790
14.23443237	-74.02919718
14.24175838	-62.60931580
14.24908438	-62.29646170
14.25641039	-64.71014947
14.26373640	-70.13374427
14.27106241	-81.43601484
14.27838841	-66.44657813
14.28571442	-64.05788999
14.29304043	-69.41712059
14.30036644	-64.05391116
14.30769244	-77.20438647
14.31501845	-65.30393423
14.32234446	-58.98721097
14.32967046	-57.62423947
14.33699647	-65.02548746
14.34432248	-58.26993098
14.35164849	-53.97695070
14.35897449	-56.03523057
14.36630050	-61.80966892
14.37362651	-63.58443702
14.38095252	-68.12065707
14.38827852	-60.99174136
14.39560453	-64.09032206
14.40293054	-60.93679921
14.41025655	-62.31468112
14.41758255	-59.15727491
14.42490856	-58.60856043
14.43223457	-61.52507691
14.43956058	-71.39506234
14.44688658	-76.53246752
14.45421259	-65.98991878
14.46153860	-63.69931127
14.46886461	-61.20799795
14.47619061	-58.59830967
14.48351662	-62.12392708
14.49084263	-74.35331425
14.49816863	-62.93902131
14.50549464	-62.18709374
14.51282065	-64.41805397
14.52014666	-69.66797867
14.52747266	-68.09645371
14.53479867	-63.56907627
14.54212468	-68.04996332
14.54945069	-70.65978634
14.55677669	-64.78572515
14.56410270	-70.36164680
14.57142871	-64.80210827
14.57875472	-74.28721989
14.58608072	-62.66488719
14.59340673	-60.92256586
14.60073274	-58.53528308
14.60805875	-64.42173079
14.61538475	-66.95877706
14.62271076	-62.63376304
14.63003677	-59.07301606
14.63736278	-63.95170121
14.64468878	-61.54948112
14.65201479	-61.33932402
14.65934080	-60.79739724
14.66666680	-64.37892958
14.67399281	-72.63354596
14.68131882	-61.34764119
14.68864483	-59.10518406
14.69597083	-62.22641202
14.70329684	-76.64102468
14.71062285	-65.87091408
14.71794886	-61.10831031
14.72527486	-61.13544090
14.73260087	-66.38293473
14.73992688	-65.92300110
14.74725289	-56.70750458
14.75457889	-57.75123992
14.76190490	-65.93285412
14.76923091	-59.95511981
14.77655692	-72.19778304
14.78388292	-66.29889563
14.79120893	-60.60522168
14.79853494	-54.89409692
14.80586095	-59.39342699
14.81318695	-59.71345434
14.82051296	-60.66383168
14.82783897	-73.20399645
14.83516498	-71.19012770
14.84249098	-60.64468877
14.84981699	-60.49906559
14.85714300	-67.63944655
14.86446900	-60.13162658
14.87179501	-67.91592226
14.87912102	-60.49192521
14.88644703	-61.69425490
14.89377303	-61.90455432
14.90109904	-59.88343457
14.90842505	-63.80186436
14.91575106	-73.71029612
14.92307706	-69.76734941
14.93040307	-67.18270600
14.93772908	-63.88343113
14.94505509	-61.46335923
14.95238109	-62.55796912
14.95970710	-64.33546207
14.96703311	-64.21987926
14.97435912	-65.15506095
14.98168512	-64.24901487
14.98901113	-63.85005698
14.99633714	-68.57040379
