# Menlo Systems GmbH ScanControl
# Program Version 1.3.3
# Start: -65.00000000 ps, Average over 1000 waveforms. Timestamp: 2020-01-12T20:38:30
# Time [ps]	THz Signal [a.u.]
-65.06666597	0.00000000
-65.03333264	0.00000001
-64.99999931	0.00000003
-64.96666597	0.00000011
-64.93333264	0.00000013
-64.89999931	0.00000027
-64.86666598	0.00000042
-64.83333264	0.00000058
-64.79999931	0.00000050
-64.76666598	0.00000051
-64.73333264	0.00000054
-64.69999931	0.00000060
-64.66666598	0.00000008
-64.63333264	0.00000055
-64.59999931	-0.00000047
-64.56666598	-0.00000076
-64.53333264	-0.00000085
-64.49999931	-0.00000035
-64.46666598	-0.00000210
-64.43333265	-0.00000205
-64.39999931	-0.00000229
-64.36666598	-0.00000455
-64.33333265	-0.00000366
-64.29999931	-0.00000460
-64.26666598	-0.00000651
-64.23333265	-0.00000707
-64.19999931	-0.00000526
-64.16666598	-0.00000553
-64.13333265	-0.00000828
-64.09999932	-0.00000721
-64.06666598	-0.00001011
-64.03333265	-0.00000941
-63.99999932	-0.00001042
-63.96666598	-0.00001208
-63.93333265	-0.00001598
-63.89999932	-0.00001709
-63.86666598	-0.00002028
-63.83333265	-0.00001878
-63.79999932	-0.00001582
-63.76666598	-0.00002515
-63.73333265	-0.00002242
-63.69999932	-0.00002089
-63.66666599	-0.00002972
-63.63333265	-0.00002544
-63.59999932	-0.00003336
-63.56666599	-0.00002387
-63.53333265	-0.00002141
-63.49999932	-0.00002658
-63.46666599	-0.00002634
-63.43333265	-0.00003224
-63.39999932	-0.00004024
-63.36666599	-0.00003375
-63.33333266	-0.00003442
-63.29999932	-0.00003211
-63.26666599	-0.00002978
-63.23333266	-0.00004047
-63.19999932	-0.00001543
-63.16666599	-0.00003047
-63.13333266	-0.00003518
-63.09999932	-0.00001611
-63.06666599	-0.00000171
-63.03333266	0.00000468
-62.99999932	0.00001224
-62.96666599	0.00000087
-62.93333266	0.00002807
-62.89999933	0.00004800
-62.86666599	0.00005214
-62.83333266	0.00005201
-62.79999933	0.00008486
-62.76666599	0.00009549
-62.73333266	0.00012409
-62.69999933	0.00013034
-62.66666599	0.00014722
-62.63333266	0.00016990
-62.59999933	0.00020280
-62.56666599	0.00021198
-62.53333266	0.00020470
-62.49999933	0.00021318
-62.46666600	0.00024663
-62.43333266	0.00027664
-62.39999933	0.00028433
-62.36666600	0.00031122
-62.33333266	0.00036866
-62.29999933	0.00038931
-62.26666600	0.00040741
-62.23333266	0.00046207
-62.19999933	0.00046876
-62.16666600	0.00053867
-62.13333267	0.00054569
-62.09999933	0.00055782
-62.06666600	0.00063590
-62.03333267	0.00065519
-61.99999933	0.00071683
-61.96666600	0.00070891
-61.93333267	0.00073687
-61.89999933	0.00079568
-61.86666600	0.00079846
-61.83333267	0.00082162
-61.79999933	0.00086964
-61.76666600	0.00092397
-61.73333267	0.00097335
-61.69999934	0.00099691
-61.66666600	0.00101342
-61.63333267	0.00107401
-61.59999934	0.00109183
-61.56666600	0.00113385
-61.53333267	0.00122725
-61.49999934	0.00126536
-61.46666600	0.00133351
-61.43333267	0.00134076
-61.39999934	0.00136748
-61.36666601	0.00141445
-61.33333267	0.00147579
-61.29999934	0.00151559
-61.26666601	0.00157641
-61.23333267	0.00159952
-61.19999934	0.00160836
-61.16666601	0.00170379
-61.13333267	0.00168205
-61.09999934	0.00173986
-61.06666601	0.00175820
-61.03333267	0.00185509
-60.99999934	0.00183268
-60.96666601	0.00188514
-60.93333268	0.00189857
-60.89999934	0.00188821
-60.86666601	0.00191679
-60.83333268	0.00189472
-60.79999934	0.00191167
-60.76666601	0.00190954
-60.73333268	0.00194911
-60.69999934	0.00194300
-60.66666601	0.00193410
-60.63333268	0.00188722
-60.59999935	0.00183251
-60.56666601	0.00179921
-60.53333268	0.00184677
-60.49999935	0.00178813
-60.46666601	0.00167437
-60.43333268	0.00167011
-60.39999935	0.00153095
-60.36666601	0.00152099
-60.33333268	0.00140730
-60.29999935	0.00128495
-60.26666601	0.00123022
-60.23333268	0.00118078
-60.19999935	0.00104510
-60.16666602	0.00095961
-60.13333268	0.00089698
-60.09999935	0.00076374
-60.06666602	0.00064795
-60.03333268	0.00051717
-59.99999935	0.00036833
-59.96666602	0.00029261
-59.93333268	0.00019890
-59.89999935	0.00004079
-59.86666602	-0.00007472
-59.83333269	-0.00024467
-59.79999935	-0.00027037
-59.76666602	-0.00039396
-59.73333269	-0.00051045
-59.69999935	-0.00063863
-59.66666602	-0.00070262
-59.63333269	-0.00077110
-59.59999935	-0.00102485
-59.56666602	-0.00112831
-59.53333269	-0.00109337
-59.49999935	-0.00109843
-59.46666602	-0.00126258
-59.43333269	-0.00131679
-59.39999936	-0.00137731
-59.36666602	-0.00134500
-59.33333269	-0.00139749
-59.29999936	-0.00152615
-59.26666602	-0.00149688
-59.23333269	-0.00147848
-59.19999936	-0.00158945
-59.16666602	-0.00156447
-59.13333269	-0.00154074
-59.09999936	-0.00153146
-59.06666603	-0.00147814
-59.03333269	-0.00144547
-58.99999936	-0.00144628
-58.96666603	-0.00142117
-58.93333269	-0.00137753
-58.89999936	-0.00131683
-58.86666603	-0.00125750
-58.83333269	-0.00120400
-58.79999936	-0.00113062
-58.76666603	-0.00114864
-58.73333269	-0.00109614
-58.69999936	-0.00096513
-58.66666603	-0.00093911
-58.63333270	-0.00094111
-58.59999936	-0.00088620
-58.56666603	-0.00073699
-58.53333270	-0.00074342
-58.49999936	-0.00068769
-58.46666603	-0.00065599
-58.43333270	-0.00051704
-58.39999936	-0.00056909
-58.36666603	-0.00059645
-58.33333270	-0.00059644
-58.29999937	-0.00044049
-58.26666603	-0.00041709
-58.23333270	-0.00037808
-58.19999937	-0.00037605
-58.16666603	-0.00046632
-58.13333270	-0.00044080
-58.09999937	-0.00049463
-58.06666603	-0.00052370
-58.03333270	-0.00057143
-57.99999937	-0.00050356
-57.96666603	-0.00051413
-57.93333270	-0.00056837
-57.89999937	-0.00059028
-57.86666604	-0.00064358
-57.83333270	-0.00063190
-57.79999937	-0.00065838
-57.76666604	-0.00063291
-57.73333270	-0.00053143
-57.69999937	-0.00057403
-57.66666604	-0.00057514
-57.63333270	-0.00056103
-57.59999937	-0.00053195
-57.56666604	-0.00051027
-57.53333271	-0.00060684
-57.49999937	-0.00045003
-57.46666604	-0.00052258
-57.43333271	-0.00044916
-57.39999937	-0.00047188
-57.36666604	-0.00040612
-57.33333271	-0.00045022
-57.29999937	-0.00033018
-57.26666604	-0.00031836
-57.23333271	-0.00025387
-57.19999937	-0.00023736
-57.16666604	-0.00022993
-57.13333271	-0.00012372
-57.09999938	-0.00004011
-57.06666604	-0.00004714
-57.03333271	0.00009547
-56.99999938	0.00005944
-56.96666604	0.00030501
-56.93333271	0.00027729
-56.89999938	0.00035313
-56.86666604	0.00037225
-56.83333271	0.00052266
-56.79999938	0.00055262
-56.76666605	0.00060361
-56.73333271	0.00066812
-56.69999938	0.00078801
-56.66666605	0.00076646
-56.63333271	0.00080250
-56.59999938	0.00080719
-56.56666605	0.00099718
-56.53333271	0.00091440
-56.49999938	0.00094758
-56.46666605	0.00090589
-56.43333271	0.00100234
-56.39999938	0.00109055
-56.36666605	0.00106507
-56.33333272	0.00106487
-56.29999938	0.00124281
-56.26666605	0.00124320
-56.23333272	0.00120137
-56.19999938	0.00129447
-56.16666605	0.00130456
-56.13333272	0.00129744
-56.09999938	0.00143440
-56.06666605	0.00141693
-56.03333272	0.00154213
-55.99999939	0.00161543
-55.96666605	0.00166783
-55.93333272	0.00171797
-55.89999939	0.00181003
-55.86666605	0.00182702
-55.83333272	0.00199334
-55.79999939	0.00196995
-55.76666605	0.00203699
-55.73333272	0.00196654
-55.69999939	0.00198136
-55.66666605	0.00205123
-55.63333272	0.00207669
-55.59999939	0.00210596
-55.56666606	0.00204122
-55.53333272	0.00213015
-55.49999939	0.00224531
-55.46666606	0.00228340
-55.43333272	0.00229748
-55.39999939	0.00240403
-55.36666606	0.00243821
-55.33333272	0.00243862
-55.29999939	0.00247147
-55.26666606	0.00255648
-55.23333273	0.00264242
-55.19999939	0.00263640
-55.16666606	0.00266486
-55.13333273	0.00265338
-55.09999939	0.00267507
-55.06666606	0.00276713
-55.03333273	0.00277029
-54.99999939	0.00278229
-54.96666606	0.00284195
-54.93333273	0.00284645
-54.89999939	0.00296783
-54.86666606	0.00288673
-54.83333273	0.00292927
-54.79999940	0.00289293
-54.76666606	0.00291242
-54.73333273	0.00291552
-54.69999940	0.00297277
-54.66666606	0.00291626
-54.63333273	0.00293047
-54.59999940	0.00289911
-54.56666606	0.00302784
-54.53333273	0.00310535
-54.49999940	0.00313613
-54.46666607	0.00309929
-54.43333273	0.00311354
-54.39999940	0.00314947
-54.36666607	0.00319324
-54.33333273	0.00321661
-54.29999940	0.00318647
-54.26666607	0.00331392
-54.23333273	0.00326602
-54.19999940	0.00328128
-54.16666607	0.00328657
-54.13333273	0.00327808
-54.09999940	0.00330560
-54.06666607	0.00322562
-54.03333274	0.00330223
-53.99999940	0.00335805
-53.96666607	0.00322536
-53.93333274	0.00314672
-53.89999940	0.00323042
-53.86666607	0.00316824
-53.83333274	0.00324723
-53.79999940	0.00308254
-53.76666607	0.00302516
-53.73333274	0.00303604
-53.69999941	0.00304691
-53.66666607	0.00296463
-53.63333274	0.00288185
-53.59999941	0.00275564
-53.56666607	0.00270939
-53.53333274	0.00268134
-53.49999941	0.00263401
-53.46666607	0.00251786
-53.43333274	0.00241262
-53.39999941	0.00240205
-53.36666607	0.00222290
-53.33333274	0.00210641
-53.29999941	0.00195324
-53.26666608	0.00188184
-53.23333274	0.00180246
-53.19999941	0.00158183
-53.16666608	0.00143004
-53.13333274	0.00130835
-53.09999941	0.00124310
-53.06666608	0.00099132
-53.03333274	0.00089639
-52.99999941	0.00068658
-52.96666608	0.00053264
-52.93333275	0.00042159
-52.89999941	0.00021530
-52.86666608	0.00009411
-52.83333275	-0.00009833
-52.79999941	-0.00016196
-52.76666608	-0.00040563
-52.73333275	-0.00043224
-52.69999941	-0.00052503
-52.66666608	-0.00058182
-52.63333275	-0.00067019
-52.59999941	-0.00075812
-52.56666608	-0.00087373
-52.53333275	-0.00084849
-52.49999942	-0.00078329
-52.46666608	-0.00093931
-52.43333275	-0.00087082
-52.39999942	-0.00084327
-52.36666608	-0.00094388
-52.33333275	-0.00092338
-52.29999942	-0.00100796
-52.26666608	-0.00087802
-52.23333275	-0.00102661
-52.19999942	-0.00092086
-52.16666609	-0.00083701
-52.13333275	-0.00090437
-52.09999942	-0.00087208
-52.06666609	-0.00077893
-52.03333275	-0.00082148
-51.99999942	-0.00079544
-51.96666609	-0.00078378
-51.93333275	-0.00078162
-51.89999942	-0.00077225
-51.86666609	-0.00069802
-51.83333275	-0.00076453
-51.79999942	-0.00085265
-51.76666609	-0.00088320
-51.73333276	-0.00069204
-51.69999942	-0.00083273
-51.66666609	-0.00077988
-51.63333276	-0.00068660
-51.59999942	-0.00060362
-51.56666609	-0.00054078
-51.53333276	-0.00067741
-51.49999942	-0.00056318
-51.46666609	-0.00058380
-51.43333276	-0.00043792
-51.39999942	-0.00036494
-51.36666609	-0.00046244
-51.33333276	-0.00032309
-51.29999943	-0.00022221
-51.26666609	-0.00017772
-51.23333276	-0.00015674
-51.19999943	-0.00007840
-51.16666609	0.00005212
-51.13333276	0.00016391
-51.09999943	0.00016449
-51.06666609	0.00028334
-51.03333276	0.00037644
-50.99999943	0.00039679
-50.96666610	0.00051510
-50.93333276	0.00057136
-50.89999943	0.00056983
-50.86666610	0.00055660
-50.83333276	0.00065767
-50.79999943	0.00075799
-50.76666610	0.00083935
-50.73333276	0.00081285
-50.69999943	0.00086832
-50.66666610	0.00100947
-50.63333276	0.00098001
-50.59999943	0.00115260
-50.56666610	0.00115271
-50.53333277	0.00123547
-50.49999943	0.00127447
-50.46666610	0.00127219
-50.43333277	0.00145961
-50.39999943	0.00131246
-50.36666610	0.00135817
-50.33333277	0.00142116
-50.29999943	0.00138808
-50.26666610	0.00154775
-50.23333277	0.00158966
-50.19999944	0.00153809
-50.16666610	0.00162735
-50.13333277	0.00150412
-50.09999944	0.00162923
-50.06666610	0.00167148
-50.03333277	0.00166271
-49.99999944	0.00165779
-49.96666610	0.00175002
-49.93333277	0.00160372
-49.89999944	0.00169523
-49.86666610	0.00155996
-49.83333277	0.00152982
-49.79999944	0.00158759
-49.76666611	0.00147081
-49.73333277	0.00143866
-49.69999944	0.00136708
-49.66666611	0.00124488
-49.63333277	0.00121851
-49.59999944	0.00118823
-49.56666611	0.00098462
-49.53333277	0.00088416
-49.49999944	0.00082659
-49.46666611	0.00065316
-49.43333278	0.00053182
-49.39999944	0.00041857
-49.36666611	0.00024653
-49.33333278	0.00019022
-49.29999944	0.00011056
-49.26666611	0.00000066
-49.23333278	-0.00013862
-49.19999944	-0.00028031
-49.16666611	-0.00037462
-49.13333278	-0.00051198
-49.09999944	-0.00061812
-49.06666611	-0.00077668
-49.03333278	-0.00085711
-48.99999945	-0.00099806
-48.96666611	-0.00105393
-48.93333278	-0.00123282
-48.89999945	-0.00131251
-48.86666611	-0.00135212
-48.83333278	-0.00147364
-48.79999945	-0.00150557
-48.76666611	-0.00149891
-48.73333278	-0.00168746
-48.69999945	-0.00166138
-48.66666612	-0.00184110
-48.63333278	-0.00167961
-48.59999945	-0.00178620
-48.56666612	-0.00165492
-48.53333278	-0.00149719
-48.49999945	-0.00143232
-48.46666612	-0.00132427
-48.43333278	-0.00117050
-48.39999945	-0.00081009
-48.36666612	-0.00058970
-48.33333278	-0.00026773
-48.29999945	0.00002269
-48.26666612	0.00040821
-48.23333279	0.00087304
-48.19999945	0.00123000
-48.16666612	0.00161073
-48.13333279	0.00206768
-48.09999945	0.00242996
-48.06666612	0.00273752
-48.03333279	0.00317900
-47.99999945	0.00357186
-47.96666612	0.00395992
-47.93333279	0.00441207
-47.89999946	0.00484644
-47.86666612	0.00521932
-47.83333279	0.00566504
-47.79999946	0.00591587
-47.76666612	0.00628434
-47.73333279	0.00669764
-47.69999946	0.00692435
-47.66666612	0.00724746
-47.63333279	0.00765658
-47.59999946	0.00800538
-47.56666612	0.00831368
-47.53333279	0.00856188
-47.49999946	0.00887216
-47.46666613	0.00908136
-47.43333279	0.00942267
-47.39999946	0.00969009
-47.36666613	0.00992235
-47.33333279	0.01015919
-47.29999946	0.01040003
-47.26666613	0.01064905
-47.23333279	0.01081541
-47.19999946	0.01110435
-47.16666613	0.01121791
-47.13333280	0.01138476
-47.09999946	0.01150414
-47.06666613	0.01156006
-47.03333280	0.01162935
-46.99999946	0.01169135
-46.96666613	0.01159020
-46.93333280	0.01167262
-46.89999946	0.01161855
-46.86666613	0.01146964
-46.83333280	0.01142187
-46.79999946	0.01132007
-46.76666613	0.01098452
-46.73333280	0.01085870
-46.69999947	0.01062311
-46.66666613	0.01041767
-46.63333280	0.01002197
-46.59999947	0.00961586
-46.56666613	0.00916842
-46.53333280	0.00872721
-46.49999947	0.00818292
-46.46666613	0.00774222
-46.43333280	0.00719601
-46.39999947	0.00654018
-46.36666614	0.00592736
-46.33333280	0.00522957
-46.29999947	0.00454200
-46.26666614	0.00377209
-46.23333280	0.00293822
-46.19999947	0.00211487
-46.16666614	0.00133671
-46.13333280	0.00048336
-46.09999947	-0.00020023
-46.06666614	-0.00100223
-46.03333280	-0.00187715
-45.99999947	-0.00269040
-45.96666614	-0.00350319
-45.93333281	-0.00432357
-45.89999947	-0.00511645
-45.86666614	-0.00583499
-45.83333281	-0.00656996
-45.79999947	-0.00722424
-45.76666614	-0.00802124
-45.73333281	-0.00874191
-45.69999947	-0.00935326
-45.66666614	-0.01011385
-45.63333281	-0.01084387
-45.59999948	-0.01150853
-45.56666614	-0.01228541
-45.53333281	-0.01287496
-45.49999948	-0.01353161
-45.46666614	-0.01414838
-45.43333281	-0.01480340
-45.39999948	-0.01530131
-45.36666614	-0.01584232
-45.33333281	-0.01641241
-45.29999948	-0.01689443
-45.26666614	-0.01732372
-45.23333281	-0.01769152
-45.19999948	-0.01803312
-45.16666615	-0.01842121
-45.13333281	-0.01879468
-45.09999948	-0.01897477
-45.06666615	-0.01917392
-45.03333281	-0.01923626
-44.99999948	-0.01916045
-44.96666615	-0.01904997
-44.93333281	-0.01897078
-44.89999948	-0.01878277
-44.86666615	-0.01829194
-44.83333282	-0.01793502
-44.79999948	-0.01736283
-44.76666615	-0.01676535
-44.73333282	-0.01606063
-44.69999948	-0.01528576
-44.66666615	-0.01438505
-44.63333282	-0.01350645
-44.59999948	-0.01240015
-44.56666615	-0.01140315
-44.53333282	-0.01029004
-44.49999948	-0.00914673
-44.46666615	-0.00790289
-44.43333282	-0.00678400
-44.39999949	-0.00554877
-44.36666615	-0.00429328
-44.33333282	-0.00317960
-44.29999949	-0.00201038
-44.26666615	-0.00086121
-44.23333282	0.00021220
-44.19999949	0.00144678
-44.16666615	0.00237999
-44.13333282	0.00353096
-44.09999949	0.00442843
-44.06666616	0.00536583
-44.03333282	0.00628327
-43.99999949	0.00709717
-43.96666616	0.00791065
-43.93333282	0.00863727
-43.89999949	0.00939884
-43.86666616	0.00999756
-43.83333282	0.01071078
-43.79999949	0.01126701
-43.76666616	0.01188835
-43.73333282	0.01239972
-43.69999949	0.01293867
-43.66666616	0.01346905
-43.63333283	0.01403721
-43.59999949	0.01449235
-43.56666616	0.01506582
-43.53333283	0.01544258
-43.49999949	0.01595720
-43.46666616	0.01639839
-43.43333283	0.01684294
-43.39999949	0.01727652
-43.36666616	0.01763431
-43.33333283	0.01805225
-43.29999950	0.01848994
-43.26666616	0.01880901
-43.23333283	0.01914492
-43.19999950	0.01947751
-43.16666616	0.01981779
-43.13333283	0.02009242
-43.09999950	0.02032203
-43.06666616	0.02039595
-43.03333283	0.02039609
-42.99999950	0.02035299
-42.96666616	0.02020762
-42.93333283	0.02016847
-42.89999950	0.01984841
-42.86666617	0.01953457
-42.83333283	0.01918647
-42.79999950	0.01857143
-42.76666617	0.01793270
-42.73333283	0.01726589
-42.69999950	0.01634362
-42.66666617	0.01537614
-42.63333283	0.01440741
-42.59999950	0.01330988
-42.56666617	0.01223518
-42.53333284	0.01109477
-42.49999950	0.00990792
-42.46666617	0.00859993
-42.43333284	0.00727690
-42.39999950	0.00601824
-42.36666617	0.00467781
-42.33333284	0.00341317
-42.29999950	0.00219701
-42.26666617	0.00105293
-42.23333284	-0.00006004
-42.19999950	-0.00115200
-42.16666617	-0.00207167
-42.13333284	-0.00302210
-42.09999951	-0.00386064
-42.06666617	-0.00456068
-42.03333284	-0.00535002
-41.99999951	-0.00594442
-41.96666617	-0.00652483
-41.93333284	-0.00684727
-41.89999951	-0.00733624
-41.86666617	-0.00755435
-41.83333284	-0.00775609
-41.79999951	-0.00798057
-41.76666618	-0.00812042
-41.73333284	-0.00804405
-41.69999951	-0.00822183
-41.66666618	-0.00812603
-41.63333284	-0.00805730
-41.59999951	-0.00787222
-41.56666618	-0.00777855
-41.53333284	-0.00756476
-41.49999951	-0.00743545
-41.46666618	-0.00728965
-41.43333284	-0.00712794
-41.39999951	-0.00690424
-41.36666618	-0.00678321
-41.33333285	-0.00661648
-41.29999951	-0.00639070
-41.26666618	-0.00631740
-41.23333285	-0.00617284
-41.19999951	-0.00599853
-41.16666618	-0.00599706
-41.13333285	-0.00587548
-41.09999951	-0.00581972
-41.06666618	-0.00571115
-41.03333285	-0.00561989
-40.99999952	-0.00559694
-40.96666618	-0.00544339
-40.93333285	-0.00541394
-40.89999952	-0.00527074
-40.86666618	-0.00517014
-40.83333285	-0.00509220
-40.79999952	-0.00504973
-40.76666618	-0.00483536
-40.73333285	-0.00466285
-40.69999952	-0.00447702
-40.66666618	-0.00436490
-40.63333285	-0.00413525
-40.59999952	-0.00379718
-40.56666619	-0.00371973
-40.53333285	-0.00336908
-40.49999952	-0.00321728
-40.46666619	-0.00296975
-40.43333285	-0.00263046
-40.39999952	-0.00234600
-40.36666619	-0.00197220
-40.33333285	-0.00167382
-40.29999952	-0.00143156
-40.26666619	-0.00101638
-40.23333285	-0.00075663
-40.19999952	-0.00038053
-40.16666619	0.00002222
-40.13333286	0.00040702
-40.09999952	0.00072584
-40.06666619	0.00098286
-40.03333286	0.00126807
-39.99999952	0.00156187
-39.96666619	0.00176110
-39.93333286	0.00220389
-39.89999952	0.00241632
-39.86666619	0.00270957
-39.83333286	0.00288908
-39.79999953	0.00311008
-39.76666619	0.00320183
-39.73333286	0.00331702
-39.69999953	0.00345841
-39.66666619	0.00359726
-39.63333286	0.00362753
-39.59999953	0.00363756
-39.56666619	0.00365836
-39.53333286	0.00361429
-39.49999953	0.00357296
-39.46666619	0.00351366
-39.43333286	0.00335306
-39.39999953	0.00319668
-39.36666620	0.00308690
-39.33333286	0.00294038
-39.29999953	0.00289242
-39.26666620	0.00261931
-39.23333286	0.00247922
-39.19999953	0.00226179
-39.16666620	0.00218537
-39.13333286	0.00205460
-39.09999953	0.00183406
-39.06666620	0.00176055
-39.03333287	0.00161559
-38.99999953	0.00160786
-38.96666620	0.00131516
-38.93333287	0.00123014
-38.89999953	0.00114280
-38.86666620	0.00103519
-38.83333287	0.00085831
-38.79999953	0.00083981
-38.76666620	0.00072108
-38.73333287	0.00064802
-38.69999953	0.00056405
-38.66666620	0.00053255
-38.63333287	0.00039097
-38.59999954	0.00032382
-38.56666620	0.00012549
-38.53333287	0.00002934
-38.49999954	-0.00015335
-38.46666620	-0.00031993
-38.43333287	-0.00043524
-38.39999954	-0.00055292
-38.36666620	-0.00061423
-38.33333287	-0.00082603
-38.29999954	-0.00102678
-38.26666621	-0.00114014
-38.23333287	-0.00131351
-38.19999954	-0.00146935
-38.16666621	-0.00161126
-38.13333287	-0.00159955
-38.09999954	-0.00175777
-38.06666621	-0.00173485
-38.03333287	-0.00191920
-37.99999954	-0.00198106
-37.96666621	-0.00207102
-37.93333287	-0.00203775
-37.89999954	-0.00215802
-37.86666621	-0.00234388
-37.83333288	-0.00228989
-37.79999954	-0.00238539
-37.76666621	-0.00246149
-37.73333288	-0.00244547
-37.69999954	-0.00246026
-37.66666621	-0.00251743
-37.63333288	-0.00260727
-37.59999954	-0.00262870
-37.56666621	-0.00264736
-37.53333288	-0.00263070
-37.49999955	-0.00259567
-37.46666621	-0.00254806
-37.43333288	-0.00252760
-37.39999955	-0.00250405
-37.36666621	-0.00254204
-37.33333288	-0.00247227
-37.29999955	-0.00246739
-37.26666621	-0.00245169
-37.23333288	-0.00235131
-37.19999955	-0.00226566
-37.16666621	-0.00229024
-37.13333288	-0.00209375
-37.09999955	-0.00208679
-37.06666622	-0.00213700
-37.03333288	-0.00212512
-36.99999955	-0.00190039
-36.96666622	-0.00197316
-36.93333288	-0.00189672
-36.89999955	-0.00187463
-36.86666622	-0.00181004
-36.83333288	-0.00194141
-36.79999955	-0.00185310
-36.76666622	-0.00187425
-36.73333289	-0.00190870
-36.69999955	-0.00195249
-36.66666622	-0.00193526
-36.63333289	-0.00192917
-36.59999955	-0.00195771
-36.56666622	-0.00205657
-36.53333289	-0.00206817
-36.49999955	-0.00207311
-36.46666622	-0.00202061
-36.43333289	-0.00213626
-36.39999955	-0.00217982
-36.36666622	-0.00213021
-36.33333289	-0.00224337
-36.29999956	-0.00220846
-36.26666622	-0.00222486
-36.23333289	-0.00229667
-36.19999956	-0.00231613
-36.16666622	-0.00232222
-36.13333289	-0.00237954
-36.09999956	-0.00242153
-36.06666622	-0.00242380
-36.03333289	-0.00254282
-35.99999956	-0.00249531
-35.96666623	-0.00269228
-35.93333289	-0.00261659
-35.89999956	-0.00269034
-35.86666623	-0.00279586
-35.83333289	-0.00274729
-35.79999956	-0.00272719
-35.76666623	-0.00271448
-35.73333289	-0.00287103
-35.69999956	-0.00298395
-35.66666623	-0.00290309
-35.63333289	-0.00277701
-35.59999956	-0.00287197
-35.56666623	-0.00276724
-35.53333290	-0.00273936
-35.49999956	-0.00280215
-35.46666623	-0.00267183
-35.43333290	-0.00263125
-35.39999956	-0.00269945
-35.36666623	-0.00261240
-35.33333290	-0.00243874
-35.29999956	-0.00243861
-35.26666623	-0.00241665
-35.23333290	-0.00239057
-35.19999957	-0.00227420
-35.16666623	-0.00215161
-35.13333290	-0.00215765
-35.09999957	-0.00208360
-35.06666623	-0.00200461
-35.03333290	-0.00192434
-34.99999957	-0.00192432
-34.96666623	-0.00192600
-34.93333290	-0.00182171
-34.89999957	-0.00175105
-34.86666623	-0.00176364
-34.83333290	-0.00171699
-34.79999957	-0.00174372
-34.76666624	-0.00161314
-34.73333290	-0.00158932
-34.69999957	-0.00157056
-34.66666624	-0.00168344
-34.63333290	-0.00168672
-34.59999957	-0.00165560
-34.56666624	-0.00160943
-34.53333290	-0.00170769
-34.49999957	-0.00172085
-34.46666624	-0.00164208
-34.43333291	-0.00177330
-34.39999957	-0.00177799
-34.36666624	-0.00185468
-34.33333291	-0.00188736
-34.29999957	-0.00198004
-34.26666624	-0.00193745
-34.23333291	-0.00200130
-34.19999957	-0.00209768
-34.16666624	-0.00214087
-34.13333291	-0.00228653
-34.09999957	-0.00238898
-34.06666624	-0.00250271
-34.03333291	-0.00266886
-33.99999958	-0.00264851
-33.96666624	-0.00281050
-33.93333291	-0.00295859
-33.89999958	-0.00300693
-33.86666624	-0.00315876
-33.83333291	-0.00324947
-33.79999958	-0.00347568
-33.76666624	-0.00345503
-33.73333291	-0.00366905
-33.69999958	-0.00376339
-33.66666625	-0.00379762
-33.63333291	-0.00385926
-33.59999958	-0.00387211
-33.56666625	-0.00397261
-33.53333291	-0.00413380
-33.49999958	-0.00415565
-33.46666625	-0.00413975
-33.43333291	-0.00424230
-33.39999958	-0.00421276
-33.36666625	-0.00428705
-33.33333291	-0.00422243
-33.29999958	-0.00418426
-33.26666625	-0.00421268
-33.23333292	-0.00430873
-33.19999958	-0.00436550
-33.16666625	-0.00420103
-33.13333292	-0.00422251
-33.09999958	-0.00426479
-33.06666625	-0.00419221
-33.03333292	-0.00414915
-32.99999958	-0.00427372
-32.96666625	-0.00413893
-32.93333292	-0.00412193
-32.89999959	-0.00409933
-32.86666625	-0.00417157
-32.83333292	-0.00417729
-32.79999959	-0.00420322
-32.76666625	-0.00403597
-32.73333292	-0.00412232
-32.69999959	-0.00396518
-32.66666625	-0.00414734
-32.63333292	-0.00401350
-32.59999959	-0.00401973
-32.56666625	-0.00405557
-32.53333292	-0.00399622
-32.49999959	-0.00403592
-32.46666626	-0.00408127
-32.43333292	-0.00402863
-32.39999959	-0.00402799
-32.36666626	-0.00395120
-32.33333292	-0.00392905
-32.29999959	-0.00390153
-32.26666626	-0.00399183
-32.23333292	-0.00391643
-32.19999959	-0.00380297
-32.16666626	-0.00383301
-32.13333293	-0.00377892
-32.09999959	-0.00370104
-32.06666626	-0.00369474
-32.03333293	-0.00355156
-31.99999959	-0.00353257
-31.96666626	-0.00346010
-31.93333293	-0.00349306
-31.89999959	-0.00339897
-31.86666626	-0.00329437
-31.83333293	-0.00321250
-31.79999959	-0.00303637
-31.76666626	-0.00292140
-31.73333293	-0.00283522
-31.69999960	-0.00282345
-31.66666626	-0.00259874
-31.63333293	-0.00253650
-31.59999960	-0.00245277
-31.56666626	-0.00222153
-31.53333293	-0.00216697
-31.49999960	-0.00213229
-31.46666626	-0.00200664
-31.43333293	-0.00204779
-31.39999960	-0.00190624
-31.36666627	-0.00181617
-31.33333293	-0.00158472
-31.29999960	-0.00155394
-31.26666627	-0.00139490
-31.23333293	-0.00151973
-31.19999960	-0.00129705
-31.16666627	-0.00126428
-31.13333293	-0.00129931
-31.09999960	-0.00114222
-31.06666627	-0.00114068
-31.03333293	-0.00115080
-30.99999960	-0.00111604
-30.96666627	-0.00114015
-30.93333294	-0.00105144
-30.89999960	-0.00108414
-30.86666627	-0.00111928
-30.83333294	-0.00112303
-30.79999960	-0.00114390
-30.76666627	-0.00116422
-30.73333294	-0.00108424
-30.69999960	-0.00114800
-30.66666627	-0.00113181
-30.63333294	-0.00117766
-30.59999961	-0.00120185
-30.56666627	-0.00121891
-30.53333294	-0.00123483
-30.49999961	-0.00117306
-30.46666627	-0.00121809
-30.43333294	-0.00120102
-30.39999961	-0.00120896
-30.36666627	-0.00110378
-30.33333294	-0.00109243
-30.29999961	-0.00105873
-30.26666627	-0.00105254
-30.23333294	-0.00104904
-30.19999961	-0.00110410
-30.16666628	-0.00106294
-30.13333294	-0.00099771
-30.09999961	-0.00098839
-30.06666628	-0.00108299
-30.03333294	-0.00096222
-29.99999961	-0.00104613
-29.96666628	-0.00107178
-29.93333294	-0.00107329
-29.89999961	-0.00113676
-29.86666628	-0.00117716
-29.83333295	-0.00130257
-29.79999961	-0.00120268
-29.76666628	-0.00124543
-29.73333295	-0.00137314
-29.69999961	-0.00134978
-29.66666628	-0.00141391
-29.63333295	-0.00143772
-29.59999961	-0.00143494
-29.56666628	-0.00143070
-29.53333295	-0.00145613
-29.49999961	-0.00145414
-29.46666628	-0.00145188
-29.43333295	-0.00154479
-29.39999962	-0.00151013
-29.36666628	-0.00153122
-29.33333295	-0.00156741
-29.29999962	-0.00161651
-29.26666628	-0.00170649
-29.23333295	-0.00179091
-29.19999962	-0.00185660
-29.16666628	-0.00186325
-29.13333295	-0.00186528
-29.09999962	-0.00192188
-29.06666628	-0.00199439
-29.03333295	-0.00191686
-28.99999962	-0.00194684
-28.96666629	-0.00197717
-28.93333295	-0.00187838
-28.89999962	-0.00193405
-28.86666629	-0.00191662
-28.83333295	-0.00191046
-28.79999962	-0.00189161
-28.76666629	-0.00189994
-28.73333295	-0.00184809
-28.69999962	-0.00190282
-28.66666629	-0.00182491
-28.63333296	-0.00177950
-28.59999962	-0.00179142
-28.56666629	-0.00181154
-28.53333296	-0.00185084
-28.49999962	-0.00186691
-28.46666629	-0.00184406
-28.43333296	-0.00181677
-28.39999962	-0.00185799
-28.36666629	-0.00191468
-28.33333296	-0.00192349
-28.29999962	-0.00180144
-28.26666629	-0.00173768
-28.23333296	-0.00180808
-28.19999963	-0.00180697
-28.16666629	-0.00167825
-28.13333296	-0.00173898
-28.09999963	-0.00171980
-28.06666629	-0.00162924
-28.03333296	-0.00167014
-27.99999963	-0.00166094
-27.96666629	-0.00170978
-27.93333296	-0.00161903
-27.89999963	-0.00161431
-27.86666630	-0.00164655
-27.83333296	-0.00158443
-27.79999963	-0.00155724
-27.76666630	-0.00138439
-27.73333296	-0.00141519
-27.69999963	-0.00136975
-27.66666630	-0.00134340
-27.63333296	-0.00129639
-27.59999963	-0.00120412
-27.56666630	-0.00117172
-27.53333296	-0.00096442
-27.49999963	-0.00097441
-27.46666630	-0.00103137
-27.43333297	-0.00086462
-27.39999963	-0.00083968
-27.36666630	-0.00079864
-27.33333297	-0.00082194
-27.29999963	-0.00082910
-27.26666630	-0.00085289
-27.23333297	-0.00087208
-27.19999963	-0.00090212
-27.16666630	-0.00092616
-27.13333297	-0.00084099
-27.09999964	-0.00088325
-27.06666630	-0.00078841
-27.03333297	-0.00090575
-26.99999964	-0.00083356
-26.96666630	-0.00089945
-26.93333297	-0.00097591
-26.89999964	-0.00108443
-26.86666630	-0.00106131
-26.83333297	-0.00119523
-26.79999964	-0.00124683
-26.76666630	-0.00119359
-26.73333297	-0.00113773
-26.69999964	-0.00124561
-26.66666631	-0.00133142
-26.63333297	-0.00123135
-26.59999964	-0.00138873
-26.56666631	-0.00137409
-26.53333297	-0.00140776
-26.49999964	-0.00148977
-26.46666631	-0.00140510
-26.43333297	-0.00153449
-26.39999964	-0.00141574
-26.36666631	-0.00134392
-26.33333298	-0.00144608
-26.29999964	-0.00139273
-26.26666631	-0.00147686
-26.23333298	-0.00143440
-26.19999964	-0.00140730
-26.16666631	-0.00148036
-26.13333298	-0.00143333
-26.09999964	-0.00141274
-26.06666631	-0.00140441
-26.03333298	-0.00142341
-25.99999964	-0.00143756
-25.96666631	-0.00149364
-25.93333298	-0.00138800
-25.89999965	-0.00142595
-25.86666631	-0.00140429
-25.83333298	-0.00141713
-25.79999965	-0.00127618
-25.76666631	-0.00130039
-25.73333298	-0.00126991
-25.69999965	-0.00124277
-25.66666631	-0.00110568
-25.63333298	-0.00106545
-25.59999965	-0.00093129
-25.56666632	-0.00085241
-25.53333298	-0.00075095
-25.49999965	-0.00069806
-25.46666632	-0.00068282
-25.43333298	-0.00047216
-25.39999965	-0.00035432
-25.36666632	-0.00036340
-25.33333298	-0.00028890
-25.29999965	-0.00014265
-25.26666632	-0.00009108
-25.23333298	0.00004692
-25.19999965	0.00026961
-25.16666632	0.00026864
-25.13333299	0.00041205
-25.09999965	0.00048595
-25.06666632	0.00056733
-25.03333299	0.00073414
-24.99999965	0.00072804
-24.96666632	0.00093283
-24.93333299	0.00082534
-24.89999965	0.00089193
-24.86666632	0.00094769
-24.83333299	0.00096530
-24.79999966	0.00099498
-24.76666632	0.00101676
-24.73333299	0.00103390
-24.69999966	0.00101759
-24.66666632	0.00103143
-24.63333299	0.00097287
-24.59999966	0.00095993
-24.56666632	0.00083253
-24.53333299	0.00076606
-24.49999966	0.00078343
-24.46666632	0.00071487
-24.43333299	0.00062754
-24.39999966	0.00050253
-24.36666633	0.00045386
-24.33333299	0.00043446
-24.29999966	0.00033611
-24.26666633	0.00030041
-24.23333299	0.00019377
-24.19999966	0.00017625
-24.16666633	0.00004157
-24.13333299	-0.00004791
-24.09999966	-0.00013782
-24.06666633	-0.00016813
-24.03333300	-0.00028531
-23.99999966	-0.00025268
-23.96666633	-0.00034018
-23.93333300	-0.00050353
-23.89999966	-0.00062796
-23.86666633	-0.00059904
-23.83333300	-0.00062877
-23.79999966	-0.00074713
-23.76666633	-0.00079931
-23.73333300	-0.00080978
-23.69999966	-0.00089755
-23.66666633	-0.00092433
-23.63333300	-0.00102240
-23.59999967	-0.00105215
-23.56666633	-0.00108624
-23.53333300	-0.00120609
-23.49999967	-0.00127397
-23.46666633	-0.00139604
-23.43333300	-0.00139809
-23.39999967	-0.00146800
-23.36666633	-0.00151713
-23.33333300	-0.00149708
-23.29999967	-0.00160328
-23.26666634	-0.00164237
-23.23333300	-0.00169804
-23.19999967	-0.00184254
-23.16666634	-0.00187001
-23.13333300	-0.00190440
-23.09999967	-0.00200803
-23.06666634	-0.00200280
-23.03333300	-0.00200203
-22.99999967	-0.00209341
-22.96666634	-0.00218086
-22.93333300	-0.00212976
-22.89999967	-0.00213472
-22.86666634	-0.00224332
-22.83333301	-0.00224820
-22.79999967	-0.00227326
-22.76666634	-0.00228043
-22.73333301	-0.00219887
-22.69999967	-0.00224519
-22.66666634	-0.00220897
-22.63333301	-0.00216351
-22.59999967	-0.00214652
-22.56666634	-0.00212295
-22.53333301	-0.00206334
-22.49999968	-0.00203531
-22.46666634	-0.00201073
-22.43333301	-0.00196557
-22.39999968	-0.00191067
-22.36666634	-0.00189571
-22.33333301	-0.00191641
-22.29999968	-0.00189938
-22.26666634	-0.00184540
-22.23333301	-0.00181402
-22.19999968	-0.00180087
-22.16666634	-0.00173204
-22.13333301	-0.00175002
-22.09999968	-0.00172431
-22.06666635	-0.00167527
-22.03333301	-0.00157558
-21.99999968	-0.00142124
-21.96666635	-0.00148720
-21.93333301	-0.00138439
-21.89999968	-0.00138899
-21.86666635	-0.00133851
-21.83333301	-0.00127951
-21.79999968	-0.00118785
-21.76666635	-0.00109359
-21.73333302	-0.00113272
-21.69999968	-0.00105869
-21.66666635	-0.00110271
-21.63333302	-0.00103298
-21.59999968	-0.00094223
-21.56666635	-0.00084175
-21.53333302	-0.00097670
-21.49999968	-0.00091126
-21.46666635	-0.00092591
-21.43333302	-0.00096147
-21.39999968	-0.00087290
-21.36666635	-0.00104492
-21.33333302	-0.00092321
-21.29999969	-0.00087411
-21.26666635	-0.00102369
-21.23333302	-0.00106565
-21.19999969	-0.00111051
-21.16666635	-0.00099480
-21.13333302	-0.00101429
-21.09999969	-0.00098505
-21.06666635	-0.00098260
-21.03333302	-0.00107055
-20.99999969	-0.00112926
-20.96666636	-0.00121250
-20.93333302	-0.00131071
-20.89999969	-0.00125659
-20.86666636	-0.00117351
-20.83333302	-0.00118532
-20.79999969	-0.00126801
-20.76666636	-0.00130973
-20.73333302	-0.00132435
-20.69999969	-0.00122236
-20.66666636	-0.00130575
-20.63333302	-0.00124017
-20.59999969	-0.00119950
-20.56666636	-0.00113473
-20.53333303	-0.00117404
-20.49999969	-0.00118725
-20.46666636	-0.00115743
-20.43333303	-0.00112262
-20.39999969	-0.00116915
-20.36666636	-0.00101594
-20.33333303	-0.00104095
-20.29999969	-0.00096613
-20.26666636	-0.00103527
-20.23333303	-0.00099418
-20.19999970	-0.00091553
-20.16666636	-0.00088045
-20.13333303	-0.00096126
-20.09999970	-0.00099896
-20.06666636	-0.00093736
-20.03333303	-0.00095695
-19.99999970	-0.00096223
-19.96666636	-0.00090276
-19.93333303	-0.00093944
-19.89999970	-0.00104357
-19.86666636	-0.00097237
-19.83333303	-0.00095086
-19.79999970	-0.00100561
-19.76666637	-0.00096991
-19.73333303	-0.00100963
-19.69999970	-0.00090928
-19.66666637	-0.00083039
-19.63333303	-0.00089528
-19.59999970	-0.00096626
-19.56666637	-0.00101379
-19.53333303	-0.00092354
-19.49999970	-0.00079541
-19.46666637	-0.00092695
-19.43333304	-0.00089262
-19.39999970	-0.00091425
-19.36666637	-0.00085551
-19.33333304	-0.00078791
-19.29999970	-0.00085502
-19.26666637	-0.00086070
-19.23333304	-0.00082906
-19.19999970	-0.00072246
-19.16666637	-0.00081993
-19.13333304	-0.00084904
-19.09999970	-0.00082074
-19.06666637	-0.00079606
-19.03333304	-0.00065863
-18.99999971	-0.00065017
-18.96666637	-0.00068444
-18.93333304	-0.00056354
-18.89999971	-0.00065679
-18.86666637	-0.00068325
-18.83333304	-0.00059064
-18.79999971	-0.00044576
-18.76666637	-0.00052757
-18.73333304	-0.00040433
-18.69999971	-0.00043144
-18.66666638	-0.00037804
-18.63333304	-0.00030862
-18.59999971	-0.00034518
-18.56666638	-0.00037493
-18.53333304	-0.00044539
-18.49999971	-0.00035110
-18.46666638	-0.00037968
-18.43333304	-0.00047199
-18.39999971	-0.00042931
-18.36666638	-0.00043942
-18.33333304	-0.00040819
-18.29999971	-0.00042525
-18.26666638	-0.00038745
-18.23333305	-0.00036548
-18.19999971	-0.00025802
-18.16666638	-0.00033599
-18.13333305	-0.00014304
-18.09999971	-0.00022288
-18.06666638	-0.00018443
-18.03333305	-0.00015836
-17.99999971	-0.00010465
-17.96666638	-0.00018972
-17.93333305	-0.00009828
-17.89999971	0.00004616
-17.86666638	0.00003265
-17.83333305	-0.00005693
-17.79999972	-0.00001117
-17.76666638	0.00000002
-17.73333305	-0.00005261
-17.69999972	-0.00008086
-17.66666638	-0.00016220
-17.63333305	-0.00019672
-17.59999972	-0.00024186
-17.56666638	-0.00024398
-17.53333305	-0.00036510
-17.49999972	-0.00041368
-17.46666639	-0.00052767
-17.43333305	-0.00060294
-17.39999972	-0.00062840
-17.36666639	-0.00069157
-17.33333305	-0.00074562
-17.29999972	-0.00078827
-17.26666639	-0.00087897
-17.23333305	-0.00089660
-17.19999972	-0.00094440
-17.16666639	-0.00097089
-17.13333305	-0.00103508
-17.09999972	-0.00107727
-17.06666639	-0.00103586
-17.03333306	-0.00111216
-16.99999972	-0.00105178
-16.96666639	-0.00096005
-16.93333306	-0.00092768
-16.89999972	-0.00083242
-16.86666639	-0.00098199
-16.83333306	-0.00100888
-16.79999972	-0.00093130
-16.76666639	-0.00088489
-16.73333306	-0.00076960
-16.69999973	-0.00089271
-16.66666639	-0.00083696
-16.63333306	-0.00082853
-16.59999973	-0.00087033
-16.56666639	-0.00100907
-16.53333306	-0.00099822
-16.49999973	-0.00100092
-16.46666639	-0.00099635
-16.43333306	-0.00101647
-16.39999973	-0.00099051
-16.36666639	-0.00112765
-16.33333306	-0.00110529
-16.29999973	-0.00120946
-16.26666640	-0.00112842
-16.23333306	-0.00113381
-16.19999973	-0.00115990
-16.16666640	-0.00120891
-16.13333306	-0.00131500
-16.09999973	-0.00123069
-16.06666640	-0.00118723
-16.03333306	-0.00119484
-15.99999973	-0.00116175
-15.96666640	-0.00108312
-15.93333307	-0.00101442
-15.89999973	-0.00110751
-15.86666640	-0.00106932
-15.83333307	-0.00096520
-15.79999973	-0.00088334
-15.76666640	-0.00077735
-15.73333307	-0.00079264
-15.69999973	-0.00074441
-15.66666640	-0.00071048
-15.63333307	-0.00065946
-15.59999973	-0.00064244
-15.56666640	-0.00073195
-15.53333307	-0.00066582
-15.49999974	-0.00065036
-15.46666640	-0.00065075
-15.43333307	-0.00061026
-15.39999974	-0.00052390
-15.36666640	-0.00056923
-15.33333307	-0.00053324
-15.29999974	-0.00062134
-15.26666640	-0.00055264
-15.23333307	-0.00053572
-15.19999974	-0.00048286
-15.16666641	-0.00045957
-15.13333307	-0.00032926
-15.09999974	-0.00039760
-15.06666641	-0.00038944
-15.03333307	-0.00039989
-14.99999974	-0.00035705
-14.96666641	-0.00027556
-14.93333307	-0.00015702
-14.89999974	-0.00016893
-14.86666641	-0.00007783
-14.83333307	-0.00013405
-14.79999974	-0.00014263
-14.76666641	-0.00002367
-14.73333308	-0.00003842
-14.69999974	-0.00005728
-14.66666641	0.00005687
-14.63333308	0.00010600
-14.59999974	0.00014361
-14.56666641	0.00011864
-14.53333308	0.00024020
-14.49999974	0.00025458
-14.46666641	0.00028185
-14.43333308	0.00034799
-14.39999975	0.00040222
-14.36666641	0.00032967
-14.33333308	0.00046949
-14.29999975	0.00050473
-14.26666641	0.00043484
-14.23333308	0.00038079
-14.19999975	0.00054172
-14.16666641	0.00050654
-14.13333308	0.00047614
-14.09999975	0.00053275
-14.06666641	0.00057493
-14.03333308	0.00058724
-13.99999975	0.00054503
-13.96666642	0.00058168
-13.93333308	0.00056450
-13.89999975	0.00066792
-13.86666642	0.00064687
-13.83333308	0.00074134
-13.79999975	0.00062596
-13.76666642	0.00073684
-13.73333308	0.00082574
-13.69999975	0.00064788
-13.66666642	0.00078452
-13.63333309	0.00079290
-13.59999975	0.00084484
-13.56666642	0.00083930
-13.53333309	0.00084167
-13.49999975	0.00085142
-13.46666642	0.00087217
-13.43333309	0.00083550
-13.39999975	0.00087432
-13.36666642	0.00079211
-13.33333309	0.00091506
-13.29999975	0.00090957
-13.26666642	0.00100610
-13.23333309	0.00103650
-13.19999976	0.00099229
-13.16666642	0.00106449
-13.13333309	0.00101085
-13.09999976	0.00111792
-13.06666642	0.00092016
-13.03333309	0.00118900
-12.99999976	0.00112333
-12.96666642	0.00128325
-12.93333309	0.00114979
-12.89999976	0.00119989
-12.86666643	0.00126349
-12.83333309	0.00126002
-12.79999976	0.00136109
-12.76666643	0.00130580
-12.73333309	0.00122184
-12.69999976	0.00124570
-12.66666643	0.00124914
-12.63333309	0.00135086
-12.59999976	0.00129189
-12.56666643	0.00141166
-12.53333309	0.00127596
-12.49999976	0.00132803
-12.46666643	0.00139650
-12.43333310	0.00137807
-12.39999976	0.00124357
-12.36666643	0.00120672
-12.33333310	0.00123576
-12.29999976	0.00124024
-12.26666643	0.00118140
-12.23333310	0.00111715
-12.19999976	0.00098192
-12.16666643	0.00094650
-12.13333310	0.00096346
-12.09999977	0.00102778
-12.06666643	0.00092522
-12.03333310	0.00082470
-11.99999977	0.00073145
-11.96666643	0.00053851
-11.93333310	0.00055005
-11.89999977	0.00045798
-11.86666643	0.00037034
-11.83333310	0.00029767
-11.79999977	0.00019250
-11.76666643	0.00013552
-11.73333310	-0.00003171
-11.69999977	-0.00003175
-11.66666644	-0.00011457
-11.63333310	-0.00022615
-11.59999977	-0.00023817
-11.56666644	-0.00042700
-11.53333310	-0.00056055
-11.49999977	-0.00070727
-11.46666644	-0.00062932
-11.43333310	-0.00069904
-11.39999977	-0.00076687
-11.36666644	-0.00092652
-11.33333311	-0.00098945
-11.29999977	-0.00104334
-11.26666644	-0.00122805
-11.23333311	-0.00133207
-11.19999977	-0.00148679
-11.16666644	-0.00144618
-11.13333311	-0.00163393
-11.09999977	-0.00181709
-11.06666644	-0.00199287
-11.03333311	-0.00212155
-10.99999977	-0.00233644
-10.96666644	-0.00230972
-10.93333311	-0.00253781
-10.89999978	-0.00256553
-10.86666644	-0.00278152
-10.83333311	-0.00295890
-10.79999978	-0.00317597
-10.76666644	-0.00330535
-10.73333311	-0.00350339
-10.69999978	-0.00363064
-10.66666644	-0.00364361
-10.63333311	-0.00373360
-10.59999978	-0.00381350
-10.56666645	-0.00400239
-10.53333311	-0.00403603
-10.49999978	-0.00407937
-10.46666645	-0.00406169
-10.43333311	-0.00402207
-10.39999978	-0.00406145
-10.36666645	-0.00408469
-10.33333311	-0.00409013
-10.29999978	-0.00399809
-10.26666645	-0.00395283
-10.23333311	-0.00377975
-10.19999978	-0.00374157
-10.16666645	-0.00354898
-10.13333312	-0.00339675
-10.09999978	-0.00334892
-10.06666645	-0.00331651
-10.03333312	-0.00312343
-9.99999978	-0.00296712
-9.96666645	-0.00286206
-9.93333312	-0.00285025
-9.89999978	-0.00266050
-9.86666645	-0.00263033
-9.83333312	-0.00262020
-9.79999979	-0.00251939
-9.76666645	-0.00254126
-9.73333312	-0.00248776
-9.69999979	-0.00254143
-9.66666645	-0.00256491
-9.63333312	-0.00264059
-9.59999979	-0.00259568
-9.56666645	-0.00265175
-9.53333312	-0.00269809
-9.49999979	-0.00282006
-9.46666645	-0.00287526
-9.43333312	-0.00302688
-9.39999979	-0.00310588
-9.36666646	-0.00314613
-9.33333312	-0.00326720
-9.29999979	-0.00335051
-9.26666646	-0.00328342
-9.23333312	-0.00335949
-9.19999979	-0.00341430
-9.16666646	-0.00335093
-9.13333312	-0.00351157
-9.09999979	-0.00348599
-9.06666646	-0.00337549
-9.03333313	-0.00340835
-8.99999979	-0.00335886
-8.96666646	-0.00333400
-8.93333313	-0.00318179
-8.89999979	-0.00314521
-8.86666646	-0.00298436
-8.83333313	-0.00283562
-8.79999979	-0.00278094
-8.76666646	-0.00262656
-8.73333313	-0.00255788
-8.69999979	-0.00240263
-8.66666646	-0.00223428
-8.63333313	-0.00217262
-8.59999980	-0.00207006
-8.56666646	-0.00197345
-8.53333313	-0.00178637
-8.49999980	-0.00176812
-8.46666646	-0.00172126
-8.43333313	-0.00153956
-8.39999980	-0.00160871
-8.36666646	-0.00162217
-8.33333313	-0.00162958
-8.29999980	-0.00169879
-8.26666647	-0.00162523
-8.23333313	-0.00179072
-8.19999980	-0.00181157
-8.16666647	-0.00196121
-8.13333313	-0.00197602
-8.09999980	-0.00198122
-8.06666647	-0.00199511
-8.03333313	-0.00194130
-7.99999980	-0.00186087
-7.96666647	-0.00192855
-7.93333313	-0.00166604
-7.89999980	-0.00142616
-7.86666647	-0.00116724
-7.83333314	-0.00087532
-7.79999980	-0.00053005
-7.76666647	0.00000601
-7.73333314	0.00045804
-7.69999980	0.00095582
-7.66666647	0.00149460
-7.63333314	0.00215729
-7.59999980	0.00285408
-7.56666647	0.00369341
-7.53333314	0.00453425
-7.49999981	0.00520238
-7.46666647	0.00605435
-7.43333314	0.00690468
-7.39999981	0.00759196
-7.36666647	0.00838760
-7.33333314	0.00918481
-7.29999981	0.00995343
-7.26666647	0.01064318
-7.23333314	0.01131479
-7.19999981	0.01194083
-7.16666647	0.01251183
-7.13333314	0.01294165
-7.09999981	0.01345072
-7.06666648	0.01384259
-7.03333314	0.01412052
-6.99999981	0.01424932
-6.96666648	0.01454887
-6.93333314	0.01450617
-6.89999981	0.01456262
-6.86666648	0.01446501
-6.83333314	0.01439711
-6.79999981	0.01423508
-6.76666648	0.01390381
-6.73333314	0.01358765
-6.69999981	0.01312212
-6.66666648	0.01263963
-6.63333315	0.01227783
-6.59999981	0.01178628
-6.56666648	0.01126253
-6.53333315	0.01072899
-6.49999981	0.01026147
-6.46666648	0.00976667
-6.43333315	0.00934291
-6.39999981	0.00894462
-6.36666648	0.00843456
-6.33333315	0.00800707
-6.29999982	0.00783707
-6.26666648	0.00753530
-6.23333315	0.00740546
-6.19999982	0.00733346
-6.16666648	0.00717268
-6.13333315	0.00717340
-6.09999982	0.00738672
-6.06666648	0.00753487
-6.03333315	0.00768534
-5.99999982	0.00780058
-5.96666648	0.00819447
-5.93333315	0.00869407
-5.89999982	0.00908512
-5.86666649	0.00950056
-5.83333315	0.01015579
-5.79999982	0.01068702
-5.76666649	0.01135264
-5.73333315	0.01189849
-5.69999982	0.01259048
-5.66666649	0.01331699
-5.63333315	0.01384375
-5.59999982	0.01440555
-5.56666649	0.01490648
-5.53333316	0.01542549
-5.49999982	0.01594683
-5.46666649	0.01644689
-5.43333316	0.01681167
-5.39999982	0.01705944
-5.36666649	0.01713007
-5.33333316	0.01741669
-5.29999982	0.01741272
-5.26666649	0.01743290
-5.23333316	0.01724762
-5.19999982	0.01706597
-5.16666649	0.01684498
-5.13333316	0.01650892
-5.09999983	0.01597495
-5.06666649	0.01567168
-5.03333316	0.01508516
-4.99999983	0.01454578
-4.96666649	0.01399034
-4.93333316	0.01329198
-4.89999983	0.01259962
-4.86666649	0.01176431
-4.83333316	0.01094312
-4.79999983	0.01017684
-4.76666650	0.00941036
-4.73333316	0.00868736
-4.69999983	0.00786814
-4.66666650	0.00696581
-4.63333316	0.00617563
-4.59999983	0.00533422
-4.56666650	0.00458922
-4.53333316	0.00391401
-4.49999983	0.00317342
-4.46666650	0.00254696
-4.43333316	0.00189309
-4.39999983	0.00135080
-4.36666650	0.00081131
-4.33333317	0.00022184
-4.29999983	-0.00028295
-4.26666650	-0.00067773
-4.23333317	-0.00110607
-4.19999983	-0.00149436
-4.16666650	-0.00180909
-4.13333317	-0.00223370
-4.09999983	-0.00252087
-4.06666650	-0.00276299
-4.03333317	-0.00297438
-3.99999984	-0.00314913
-3.96666650	-0.00352137
-3.93333317	-0.00354968
-3.89999984	-0.00368985
-3.86666650	-0.00387063
-3.83333317	-0.00393013
-3.79999984	-0.00388159
-3.76666650	-0.00390864
-3.73333317	-0.00392075
-3.69999984	-0.00396855
-3.66666650	-0.00394226
-3.63333317	-0.00383702
-3.59999984	-0.00373352
-3.56666651	-0.00369128
-3.53333317	-0.00361368
-3.49999984	-0.00341810
-3.46666651	-0.00331332
-3.43333317	-0.00324885
-3.39999984	-0.00313966
-3.36666651	-0.00294024
-3.33333317	-0.00279776
-3.29999984	-0.00255141
-3.26666651	-0.00238440
-3.23333318	-0.00221406
-3.19999984	-0.00211085
-3.16666651	-0.00187747
-3.13333318	-0.00166487
-3.09999984	-0.00151786
-3.06666651	-0.00140495
-3.03333318	-0.00126059
-2.99999984	-0.00104325
-2.96666651	-0.00090113
-2.93333318	-0.00079177
-2.89999984	-0.00063064
-2.86666651	-0.00057442
-2.83333318	-0.00051146
-2.79999985	-0.00040960
-2.76666651	-0.00030166
-2.73333318	-0.00026377
-2.69999985	-0.00021473
-2.66666651	-0.00032159
-2.63333318	-0.00026337
-2.59999985	-0.00016051
-2.56666651	-0.00021930
-2.53333318	-0.00024161
-2.49999985	-0.00032346
-2.46666652	-0.00038987
-2.43333318	-0.00038309
-2.39999985	-0.00040756
-2.36666652	-0.00049729
-2.33333318	-0.00046798
-2.29999985	-0.00053740
-2.26666652	-0.00058532
-2.23333318	-0.00055059
-2.19999985	-0.00051646
-2.16666652	-0.00063121
-2.13333318	-0.00064056
-2.09999985	-0.00058596
-2.06666652	-0.00048710
-2.03333319	-0.00036483
-1.99999985	-0.00026843
-1.96666652	-0.00023165
-1.93333319	-0.00008776
-1.89999985	0.00005214
-1.86666652	0.00024408
-1.83333319	0.00043654
-1.79999985	0.00065663
-1.76666652	0.00089217
-1.73333319	0.00115702
-1.69999986	0.00137477
-1.66666652	0.00153795
-1.63333319	0.00193275
-1.59999986	0.00224549
-1.56666652	0.00247163
-1.53333319	0.00264604
-1.49999986	0.00302076
-1.46666652	0.00321517
-1.43333319	0.00339745
-1.39999986	0.00370775
-1.36666652	0.00399076
-1.33333319	0.00426392
-1.29999986	0.00444741
-1.26666653	0.00468770
-1.23333319	0.00480397
-1.19999986	0.00515512
-1.16666653	0.00538228
-1.13333319	0.00548024
-1.09999986	0.00562215
-1.06666653	0.00581268
-1.03333319	0.00589837
-0.99999986	0.00616241
-0.96666653	0.00616114
-0.93333320	0.00632378
-0.89999986	0.00646322
-0.86666653	0.00661266
-0.83333320	0.00672313
-0.79999986	0.00672649
-0.76666653	0.00675645
-0.73333320	0.00679394
-0.69999986	0.00676635
-0.66666653	0.00695784
-0.63333320	0.00687744
-0.59999986	0.00707017
-0.56666653	0.00703440
-0.53333320	0.00711361
-0.49999987	0.00715400
-0.46666653	0.00721817
-0.43333320	0.00731056
-0.39999987	0.00723132
-0.36666653	0.00736257
-0.33333320	0.00730173
-0.29999987	0.00736428
-0.26666653	0.00741213
-0.23333320	0.00741240
-0.19999987	0.00743433
-0.16666654	0.00751821
-0.13333320	0.00750064
-0.09999987	0.00767257
-0.06666654	0.00760330
-0.03333320	0.00771173
0.00000013	0.00771461
0.03333346	0.00761519
0.06666680	0.00788180
0.10000013	0.00773277
0.13333346	0.00787487
0.16666680	0.00789707
0.20000013	0.00786480
0.23333346	0.00791450
0.26666679	0.00790179
0.30000013	0.00792377
0.33333346	0.00798026
0.36666679	0.00806350
0.40000013	0.00805346
0.43333346	0.00798477
0.46666679	0.00807461
0.50000013	0.00800062
0.53333346	0.00793530
0.56666679	0.00791297
0.60000012	0.00793185
0.63333346	0.00783238
0.66666679	0.00781699
0.70000012	0.00760773
0.73333346	0.00758538
0.76666679	0.00740705
0.80000012	0.00733172
0.83333346	0.00727287
0.86666679	0.00712342
0.90000012	0.00702150
0.93333346	0.00687856
0.96666679	0.00673429
1.00000012	0.00666722
1.03333345	0.00654260
1.06666679	0.00637381
1.10000012	0.00625134
1.13333345	0.00612043
1.16666679	0.00589866
1.20000012	0.00584959
1.23333345	0.00569982
1.26666679	0.00549924
1.30000012	0.00540290
1.33333345	0.00528425
1.36666678	0.00509909
1.40000012	0.00507573
1.43333345	0.00501188
1.46666678	0.00486514
1.50000012	0.00475234
1.53333345	0.00466543
1.56666678	0.00463085
1.60000012	0.00448461
1.63333345	0.00439651
1.66666678	0.00425587
1.70000012	0.00413942
1.73333345	0.00408668
1.76666678	0.00394656
1.80000011	0.00381153
1.83333345	0.00364011
1.86666678	0.00351607
1.90000011	0.00336320
1.93333345	0.00322533
1.96666678	0.00303966
2.00000011	0.00293528
2.03333345	0.00286597
2.06666678	0.00261390
2.10000011	0.00253417
2.13333344	0.00227448
2.16666678	0.00217063
2.20000011	0.00206633
2.23333344	0.00192006
2.26666678	0.00180284
2.30000011	0.00165180
2.33333344	0.00149856
2.36666678	0.00137727
2.40000011	0.00129415
2.43333344	0.00119234
2.46666678	0.00096771
2.50000011	0.00078497
2.53333344	0.00073278
2.56666677	0.00068853
2.60000011	0.00049704
2.63333344	0.00047153
2.66666677	0.00043183
2.70000011	0.00024741
2.73333344	0.00023117
2.76666677	0.00018301
2.80000011	0.00016468
2.83333344	0.00005227
2.86666677	-0.00007691
2.90000010	-0.00001785
2.93333344	-0.00001382
2.96666677	-0.00003715
3.00000010	-0.00002409
3.03333344	-0.00007718
3.06666677	-0.00004155
3.10000010	-0.00010375
3.13333344	-0.00005475
3.16666677	-0.00013927
3.20000010	-0.00025505
3.23333344	-0.00022469
3.26666677	-0.00034312
3.30000010	-0.00031790
3.33333343	-0.00026493
3.36666677	-0.00035623
3.40000010	-0.00033648
3.43333343	-0.00033209
3.46666677	-0.00032311
3.50000010	-0.00035807
3.53333343	-0.00036436
3.56666677	-0.00035882
3.60000010	-0.00043578
3.63333343	-0.00045371
3.66666677	-0.00038024
3.70000010	-0.00033196
3.73333343	-0.00027932
3.76666676	-0.00024087
3.80000010	-0.00018476
3.83333343	-0.00013013
3.86666676	-0.00016058
3.90000010	0.00000645
3.93333343	0.00001039
3.96666676	-0.00005417
4.00000010	-0.00001399
4.03333343	0.00008091
4.06666676	-0.00000150
4.10000009	0.00016607
4.13333343	0.00014453
4.16666676	0.00018745
4.20000009	0.00031258
4.23333343	0.00035041
4.26666676	0.00040868
4.30000009	0.00039836
4.33333343	0.00048826
4.36666676	0.00057753
4.40000009	0.00058640
4.43333343	0.00067403
4.46666676	0.00066409
4.50000009	0.00076069
4.53333342	0.00076383
4.56666676	0.00083601
4.60000009	0.00079286
4.63333342	0.00074196
4.66666676	0.00074905
4.70000009	0.00079875
4.73333342	0.00080506
4.76666676	0.00081176
4.80000009	0.00071672
4.83333342	0.00062364
4.86666675	0.00073581
4.90000009	0.00064894
4.93333342	0.00070412
4.96666675	0.00057068
5.00000009	0.00067189
5.03333342	0.00061898
5.06666675	0.00060789
5.10000009	0.00053758
5.13333342	0.00054600
5.16666675	0.00057547
5.20000009	0.00052784
5.23333342	0.00051183
5.26666675	0.00062298
5.30000008	0.00053703
5.33333342	0.00045468
5.36666675	0.00053048
5.40000008	0.00061310
5.43333342	0.00058921
5.46666675	0.00058381
5.50000008	0.00066035
5.53333342	0.00057147
5.56666675	0.00050257
5.60000008	0.00061106
5.63333341	0.00066723
5.66666675	0.00062328
5.70000008	0.00048360
5.73333341	0.00063383
5.76666675	0.00063492
5.80000008	0.00066044
5.83333341	0.00072110
5.86666675	0.00070047
5.90000008	0.00079240
5.93333341	0.00076563
5.96666675	0.00073393
6.00000008	0.00078807
6.03333341	0.00081183
6.06666674	0.00093403
6.10000008	0.00087687
6.13333341	0.00093948
6.16666674	0.00096125
6.20000008	0.00108295
6.23333341	0.00107703
6.26666674	0.00105046
6.30000008	0.00105951
6.33333341	0.00107364
6.36666674	0.00114331
6.40000007	0.00107357
6.43333341	0.00100479
6.46666674	0.00115912
6.50000007	0.00112224
6.53333341	0.00126190
6.56666674	0.00123831
6.60000007	0.00142803
6.63333341	0.00124836
6.66666674	0.00129015
6.70000007	0.00135156
6.73333341	0.00133973
6.76666674	0.00144117
6.80000007	0.00143729
6.83333340	0.00145747
6.86666674	0.00145271
6.90000007	0.00144304
6.93333340	0.00156781
6.96666674	0.00161352
7.00000007	0.00162412
7.03333340	0.00141512
7.06666674	0.00156940
7.10000007	0.00169158
7.13333340	0.00157951
7.16666673	0.00150190
7.20000007	0.00160546
7.23333340	0.00163877
7.26666673	0.00161210
7.30000007	0.00168619
7.33333340	0.00159536
7.36666673	0.00151673
7.40000007	0.00146178
7.43333340	0.00146752
7.46666673	0.00146350
7.50000007	0.00144406
7.53333340	0.00133857
7.56666673	0.00117427
7.60000006	0.00119994
7.63333340	0.00107894
7.66666673	0.00113472
7.70000006	0.00095260
7.73333340	0.00086081
7.76666673	0.00064320
7.80000006	0.00062803
7.83333340	0.00061528
7.86666673	0.00051554
7.90000006	0.00040299
7.93333339	0.00034700
7.96666673	0.00021747
8.00000006	0.00002739
8.03333339	-0.00010760
8.06666673	-0.00022634
8.10000006	-0.00030607
8.13333339	-0.00041070
8.16666673	-0.00048237
8.20000006	-0.00057088
8.23333339	-0.00071552
8.26666673	-0.00082869
8.30000006	-0.00094797
8.33333339	-0.00106425
8.36666672	-0.00115222
8.40000006	-0.00126719
8.43333339	-0.00143505
8.46666672	-0.00153810
8.50000006	-0.00159830
8.53333339	-0.00159582
8.56666672	-0.00180454
8.60000006	-0.00181177
8.63333339	-0.00194777
8.66666672	-0.00190223
8.70000005	-0.00213869
8.73333339	-0.00203369
8.76666672	-0.00212715
8.80000005	-0.00215525
8.83333339	-0.00232130
8.86666672	-0.00232577
8.90000005	-0.00243681
8.93333339	-0.00250186
8.96666672	-0.00248863
9.00000005	-0.00260840
9.03333339	-0.00256168
9.06666672	-0.00259445
9.10000005	-0.00264502
9.13333338	-0.00272983
9.16666672	-0.00272471
9.20000005	-0.00284257
9.23333338	-0.00287082
9.26666672	-0.00287305
9.30000005	-0.00287919
9.33333338	-0.00295589
9.36666672	-0.00295442
9.40000005	-0.00287121
9.43333338	-0.00297655
9.46666671	-0.00290969
9.50000005	-0.00291410
9.53333338	-0.00296461
9.56666671	-0.00286268
9.60000005	-0.00291535
9.63333338	-0.00287648
9.66666671	-0.00285684
9.70000005	-0.00281764
9.73333338	-0.00287501
9.76666671	-0.00288273
9.80000005	-0.00276028
9.83333338	-0.00274526
9.86666671	-0.00280112
9.90000004	-0.00277298
9.93333338	-0.00262708
9.96666671	-0.00265488
10.00000004	-0.00252459
10.03333338	-0.00257636
10.06666671	-0.00256838
10.10000004	-0.00257977
10.13333338	-0.00247057
10.16666671	-0.00248225
10.20000004	-0.00242134
10.23333337	-0.00239247
10.26666671	-0.00242567
10.30000004	-0.00233413
10.33333337	-0.00232860
10.36666671	-0.00228715
10.40000004	-0.00224699
10.43333337	-0.00219256
10.46666671	-0.00218469
10.50000004	-0.00211460
10.53333337	-0.00204743
10.56666671	-0.00203103
10.60000004	-0.00196581
10.63333337	-0.00192773
10.66666670	-0.00188048
10.70000004	-0.00183883
10.73333337	-0.00181806
10.76666670	-0.00175129
10.80000004	-0.00167738
10.83333337	-0.00162938
10.86666670	-0.00154558
10.90000004	-0.00152904
10.93333337	-0.00145112
10.96666670	-0.00146936
11.00000003	-0.00139358
11.03333337	-0.00135636
11.06666670	-0.00129900
11.10000003	-0.00127301
11.13333337	-0.00125024
11.16666670	-0.00121170
11.20000003	-0.00116483
11.23333337	-0.00112295
11.26666670	-0.00107291
11.30000003	-0.00102217
11.33333337	-0.00099323
11.36666670	-0.00089812
11.40000003	-0.00090258
11.43333336	-0.00084013
11.46666670	-0.00080860
11.50000003	-0.00075367
11.53333336	-0.00075221
11.56666670	-0.00069657
11.60000003	-0.00063489
11.63333336	-0.00061825
11.66666670	-0.00054901
11.70000003	-0.00055330
11.73333336	-0.00051463
11.76666669	-0.00051039
11.80000003	-0.00044910
11.83333336	-0.00045012
11.86666669	-0.00042913
11.90000003	-0.00040790
11.93333336	-0.00035452
11.96666669	-0.00036400
12.00000003	-0.00033362
12.03333336	-0.00032959
12.06666669	-0.00028496
12.10000003	-0.00025799
12.13333336	-0.00025252
12.16666669	-0.00022827
12.20000002	-0.00024715
12.23333336	-0.00025715
12.26666669	-0.00024205
12.30000002	-0.00021968
12.33333336	-0.00024288
12.36666669	-0.00023033
12.40000002	-0.00022571
12.43333336	-0.00021096
12.46666669	-0.00020493
12.50000002	-0.00018624
12.53333335	-0.00018467
12.56666669	-0.00019725
12.60000002	-0.00019831
12.63333335	-0.00020228
12.66666669	-0.00018386
12.70000002	-0.00018699
12.73333335	-0.00017247
12.76666669	-0.00016599
12.80000002	-0.00015858
12.83333335	-0.00014693
12.86666669	-0.00012282
12.90000002	-0.00012001
12.93333335	-0.00012378
12.96666668	-0.00010160
13.00000002	-0.00010076
13.03333335	-0.00008523
13.06666668	-0.00008532
13.10000002	-0.00006523
13.13333335	-0.00006025
13.16666668	-0.00004672
13.20000002	-0.00004552
13.23333335	-0.00003980
13.26666668	-0.00002358
13.30000001	-0.00001788
13.33333335	-0.00001220
13.36666668	-0.00000528
13.40000001	0.00000133
13.43333335	0.00000645
13.46666668	0.00001026
13.50000001	0.00000943
13.53333335	0.00001265
13.56666668	0.00001714
13.60000001	0.00001969
13.63333335	0.00001984
13.66666668	0.00001931
13.70000001	0.00001908
13.73333334	0.00001948
13.76666668	0.00001514
13.80000001	0.00001696
13.83333334	0.00001529
13.86666668	0.00001469
13.90000001	0.00000966
13.93333334	0.00001194
13.96666668	0.00001337
14.00000001	0.00001306
14.03333334	0.00001171
14.06666667	0.00001247
14.10000001	0.00001278
14.13333334	0.00000818
14.16666667	0.00001007
14.20000001	0.00000833
14.23333334	0.00000690
14.26666667	0.00000591
14.30000001	0.00000509
14.33333334	0.00000324
14.36666667	0.00000261
14.40000001	0.00000178
14.43333334	0.00000252
14.46666667	0.00000182
14.50000000	0.00000053
14.53333334	0.00000059
14.56666667	-0.00000009
14.60000000	0.00000020
14.63333334	0.00000003
14.66666667	-0.00000005
14.70000000	-0.00000032
14.73333334	-0.00000018
14.76666667	-0.00000010
14.80000000	-0.00000005
14.83333334	-0.00000003
14.86666667	-0.00000001
14.90000000	0.00000000
