# Menlo Systems GmbH ScanControl
# Program Version 1.3.3
# Start: -65.00000000 ps, Average over 1000 waveforms. Timestamp: 2020-06-27T14:44:20
# Window type: Tukey, parameters: alpha = 0.2
# User time axis shift: 0 ps
# Frequency [THz]	THz Signal [a.u.]
0.00000000	-26.15392223
0.00732601	-27.65909007
0.01465201	-23.20494484
0.02197802	-21.45323463
0.02930403	-27.07569172
0.03663004	-24.87189114
0.04395604	-16.53191562
0.05128205	-12.56766691
0.05860806	-13.71188268
0.06593407	-13.63541464
0.07326007	-8.66258848
0.08058608	-10.42596671
0.08791209	-25.78225651
0.09523810	-10.45478522
0.10256410	-10.07485824
0.10989011	-19.08449409
0.11721612	-12.40115180
0.12454213	-9.05351981
0.13186813	-11.61981655
0.13919414	-11.55931833
0.14652015	-6.94454734
0.15384616	-7.65576796
0.16117216	-10.54586271
0.16849817	-6.04639943
0.17582418	-5.97454424
0.18315018	-11.58811596
0.19047619	-8.04995411
0.19780220	-6.10769703
0.20512821	-9.00149355
0.21245421	-9.69464242
0.21978022	-7.83090495
0.22710623	-8.08826971
0.23443224	-9.07816972
0.24175824	-8.47370949
0.24908425	-7.13478947
0.25641026	-7.12624259
0.26373627	-6.34207749
0.27106227	-4.24807391
0.27838828	-3.13460132
0.28571429	-2.61043472
0.29304030	-1.53468451
0.30036630	-0.46525352
0.30769231	-0.36451508
0.31501832	-0.63807724
0.32234433	-0.10536350
0.32967033	0.00000000
0.33699634	-1.06655974
0.34432235	-1.76220683
0.35164835	-1.91902673
0.35897436	-2.62780031
0.36630037	-3.19954075
0.37362638	-3.68741075
0.38095238	-4.04653834
0.38827839	-3.94083282
0.39560440	-4.42664265
0.40293041	-4.94619182
0.41025641	-4.80796945
0.41758242	-5.22648359
0.42490843	-5.88292071
0.43223444	-6.16498800
0.43956044	-6.83387557
0.44688645	-7.26294922
0.45421246	-7.18162654
0.46153847	-7.71141432
0.46886447	-8.28081738
0.47619048	-8.46200035
0.48351649	-8.49580980
0.49084250	-8.44473811
0.49816850	-8.71705953
0.50549451	-8.19323461
0.51282052	-7.73074924
0.52014652	-7.74562168
0.52747253	-7.27128495
0.53479854	-6.98690067
0.54212455	-6.50806519
0.54945055	-7.74994635
0.55677656	-12.57424518
0.56410257	-8.67350481
0.57142858	-5.87576928
0.57875458	-6.18454078
0.58608059	-6.06670165
0.59340660	-5.64872672
0.60073261	-5.96202082
0.60805861	-5.84551799
0.61538462	-5.81384926
0.62271063	-6.33880809
0.63003664	-6.29348251
0.63736264	-6.28199968
0.64468865	-6.95692604
0.65201466	-7.21415528
0.65934067	-7.54435941
0.66666667	-8.28531410
0.67399268	-8.64607685
0.68131869	-9.20882690
0.68864469	-9.75191185
0.69597070	-10.18894634
0.70329671	-10.99840055
0.71062272	-11.52727827
0.71794872	-11.88647157
0.72527473	-12.66680895
0.73260074	-13.25885088
0.73992675	-13.73509467
0.74725275	-16.43182384
0.75457876	-18.96636547
0.76190477	-16.03685639
0.76923078	-15.67380189
0.77655678	-16.37755386
0.78388279	-16.52511099
0.79120880	-17.17959011
0.79853481	-17.38865430
0.80586081	-17.81020192
0.81318682	-18.22005447
0.82051283	-18.35794535
0.82783884	-18.80990447
0.83516484	-18.82477502
0.84249085	-19.02306272
0.84981686	-19.19650600
0.85714286	-19.24094683
0.86446887	-19.59051611
0.87179488	-19.55000760
0.87912089	-19.51185670
0.88644689	-19.68725789
0.89377290	-19.81414048
0.90109891	-20.13370679
0.90842492	-20.47087713
0.91575092	-20.75377874
0.92307693	-21.03343369
0.93040294	-21.09814780
0.93772895	-21.37132357
0.94505495	-21.90500803
0.95238096	-22.07146484
0.95970697	-22.61629157
0.96703298	-23.33748254
0.97435898	-23.42114480
0.98168499	-25.11000135
0.98901100	-27.56853775
0.99633701	-26.03525683
1.00366301	-25.47412782
1.01098902	-26.06080884
1.01831503	-26.49905554
1.02564103	-27.23515281
1.03296704	-27.75797143
1.04029305	-28.39004906
1.04761906	-29.01888935
1.05494506	-29.62998696
1.06227107	-30.27050004
1.06959708	-30.77154098
1.07692309	-31.76297550
1.08424909	-32.78981953
1.09157510	-37.01107421
1.09890111	-54.28460484
1.10622712	-39.45454391
1.11355312	-40.81601535
1.12087913	-37.29370179
1.12820514	-34.83144147
1.13553115	-35.74484784
1.14285715	-36.41919354
1.15018316	-38.87069896
1.15750917	-46.05108997
1.16483518	-71.42458833
1.17216118	-42.96527749
1.17948719	-38.29356680
1.18681320	-38.59116508
1.19413920	-38.84478603
1.20146521	-39.93646928
1.20879122	-47.32008957
1.21611723	-41.90751095
1.22344323	-41.56098995
1.23076924	-47.66789151
1.23809525	-42.03895689
1.24542126	-41.09535710
1.25274726	-42.00293851
1.26007327	-41.73655259
1.26739928	-42.55479216
1.27472529	-42.79555703
1.28205129	-43.24811650
1.28937730	-43.89876696
1.29670331	-44.18406068
1.30402932	-44.90872066
1.31135532	-44.98044714
1.31868133	-45.99011922
1.32600734	-46.70285590
1.33333335	-46.45781934
1.34065935	-47.52445565
1.34798536	-47.85482447
1.35531137	-47.65595327
1.36263737	-48.06414988
1.36996338	-48.78577224
1.37728939	-49.86046119
1.38461540	-50.60020164
1.39194140	-51.45874929
1.39926741	-52.96939390
1.40659342	-57.75020481
1.41391943	-75.25806788
1.42124543	-57.42559678
1.42857144	-55.17642190
1.43589745	-55.08451767
1.44322346	-55.05410783
1.45054946	-54.57310336
1.45787547	-55.19606189
1.46520148	-56.95296690
1.47252749	-55.86788016
1.47985349	-55.79049968
1.48717950	-57.41504824
1.49450551	-57.77011092
1.50183152	-58.70052792
1.50915752	-59.61091871
1.51648353	-59.19370468
1.52380954	-59.40129279
1.53113554	-59.46545075
1.53846155	-59.90972864
1.54578756	-62.17849883
1.55311357	-62.77880027
1.56043957	-61.02055739
1.56776558	-61.67257052
1.57509159	-64.32036383
1.58241760	-63.98002693
1.58974360	-63.48773867
1.59706961	-68.27153507
1.60439562	-82.72259722
1.61172163	-68.49258787
1.61904763	-66.71861882
1.62637364	-67.26825808
1.63369965	-68.16025697
1.64102566	-67.74778758
1.64835166	-68.01562545
1.65567767	-74.69031817
1.66300368	-82.27056552
1.67032969	-78.23566832
1.67765569	-82.36250298
1.68498170	-75.67971291
1.69230771	-77.47960851
1.69963371	-90.36687846
1.70695972	-79.31368841
1.71428573	-73.08850196
1.72161174	-71.77723505
1.72893774	-75.63053346
1.73626375	-84.01173082
1.74358976	-83.64626095
1.75091577	-93.80854479
1.75824177	-82.62897028
1.76556778	-79.61586234
1.77289379	-82.41708364
1.78021980	-92.57559049
1.78754580	-83.91399886
1.79487181	-79.88567000
1.80219782	-79.71451156
1.80952383	-79.22807135
1.81684983	-80.21199168
1.82417584	-84.53282938
1.83150185	-93.43328478
1.83882786	-84.34118971
1.84615386	-83.60881233
1.85347987	-83.98285805
1.86080588	-89.46861301
1.86813189	-79.55571989
1.87545789	-83.89709500
1.88278390	-78.45126247
1.89010991	-76.93675391
1.89743591	-95.37008443
1.90476192	-79.17898107
1.91208793	-77.16753381
1.91941394	-79.62252037
1.92673994	-92.86089334
1.93406595	-86.34468576
1.94139196	-84.85135092
1.94871797	-86.22312291
1.95604397	-85.19065521
1.96336998	-74.79162212
1.97069599	-73.05409315
1.97802200	-77.96864993
1.98534800	-84.22498085
1.99267401	-78.76408203
2.00000002	-82.88908294
2.00732603	-74.76818452
2.01465203	-75.62785353
2.02197804	-80.14789366
2.02930405	-77.97173616
2.03663006	-81.61864110
2.04395606	-86.04296611
2.05128207	-90.65901302
2.05860808	-84.19541337
2.06593408	-78.93507986
2.07326009	-80.45258919
2.08058610	-91.80267642
2.08791211	-84.14353260
2.09523811	-77.43372148
2.10256412	-77.58428068
2.10989013	-86.33922968
2.11721614	-82.51982034
2.12454214	-81.39885557
2.13186815	-78.85467757
2.13919416	-75.35938160
2.14652017	-77.34056119
2.15384617	-93.70688918
2.16117218	-80.49191616
2.16849819	-81.04918346
2.17582420	-85.20923102
2.18315020	-84.26804617
2.19047621	-80.22314688
2.19780222	-78.55388500
2.20512823	-78.33728441
2.21245423	-81.49930205
2.21978024	-83.94110291
2.22710625	-78.18417461
2.23443225	-93.68244306
2.24175826	-79.51280490
2.24908427	-81.80758832
2.25641028	-90.15505568
2.26373628	-82.91102536
2.27106229	-77.01483129
2.27838830	-77.06539011
2.28571431	-79.39454393
2.29304031	-78.66869430
2.30036632	-81.52173266
2.30769233	-88.17992835
2.31501834	-84.01662257
2.32234434	-76.89575999
2.32967035	-76.48024142
2.33699636	-83.31167740
2.34432237	-75.36425123
2.35164837	-78.32895229
2.35897438	-85.50704131
2.36630039	-82.38776711
2.37362640	-80.36590104
2.38095240	-82.64656063
2.38827841	-86.34762552
2.39560442	-79.10468034
2.40293042	-85.03778226
2.41025643	-84.28922876
2.41758244	-84.63197869
2.42490845	-80.31116521
2.43223445	-77.55715966
2.43956046	-77.79349524
2.44688647	-82.85729967
2.45421248	-83.00795383
2.46153848	-77.88540524
2.46886449	-76.62354594
2.47619050	-76.14204316
2.48351651	-83.53085883
2.49084251	-87.91022772
2.49816852	-77.49257859
2.50549453	-76.78890785
2.51282054	-79.35327018
2.52014654	-75.19082935
2.52747255	-83.15700154
2.53479856	-78.45756315
2.54212457	-78.16241582
2.54945057	-82.28932671
2.55677658	-78.02000611
2.56410259	-79.77370951
2.57142859	-84.01621438
2.57875460	-83.41066799
2.58608061	-82.85211265
2.59340662	-87.44037078
2.60073262	-95.37905465
2.60805863	-81.45541624
2.61538464	-81.00214503
2.62271065	-92.48369561
2.63003665	-84.25609493
2.63736266	-88.98333616
2.64468867	-83.08769044
2.65201468	-88.05584004
2.65934068	-85.26207619
2.66666669	-86.42831981
2.67399270	-79.12623094
2.68131871	-80.13021874
2.68864471	-82.38245917
2.69597072	-79.53547225
2.70329673	-76.59950586
2.71062274	-75.19004915
2.71794874	-79.44603047
2.72527475	-78.38046171
2.73260076	-83.81456950
2.73992676	-82.37943728
2.74725277	-81.22600715
2.75457878	-93.27526078
2.76190479	-86.84919410
2.76923079	-82.65316057
2.77655680	-95.27990150
2.78388281	-76.68275867
2.79120882	-75.85935582
2.79853482	-88.15472632
2.80586083	-85.68764678
2.81318684	-81.29716468
2.82051285	-76.76808421
2.82783885	-81.05096046
2.83516486	-83.01172301
2.84249087	-77.50215085
2.84981688	-78.99506713
2.85714288	-85.27442186
2.86446889	-78.34203564
2.87179490	-81.07411296
2.87912091	-87.49785363
2.88644691	-89.61124066
2.89377292	-83.79486829
2.90109893	-84.99479450
2.90842493	-88.58713147
2.91575094	-84.98140836
2.92307695	-89.54634458
2.93040296	-83.10808825
2.93772896	-88.41252313
2.94505497	-82.80801549
2.95238098	-82.36766175
2.95970699	-87.71938267
2.96703299	-78.18126363
2.97435900	-82.24576047
2.98168501	-84.34746813
2.98901102	-79.13187897
2.99633702	-78.25007678
3.00366303	-77.72159324
3.01098904	-81.83637076
3.01831505	-93.79297375
3.02564105	-85.79030407
3.03296706	-85.31980886
3.04029307	-87.08608174
3.04761908	-77.22829405
3.05494508	-79.01509151
3.06227109	-84.25648320
3.06959710	-73.49206260
3.07692310	-71.31897147
3.08424911	-73.78622579
3.09157512	-82.19036860
3.09890113	-84.29943144
3.10622713	-82.10553527
3.11355314	-81.68470176
3.12087915	-80.54064972
3.12820516	-83.72302236
3.13553116	-98.05424139
3.14285717	-85.49826420
3.15018318	-81.03273289
3.15750919	-82.11048793
3.16483519	-81.55932273
3.17216120	-83.16028098
3.17948721	-91.73688364
3.18681322	-88.16186680
3.19413922	-79.93511043
3.20146523	-77.49424715
3.20879124	-76.96183173
3.21611725	-79.42133959
3.22344325	-75.94790499
3.23076926	-73.53343449
3.23809527	-76.05994905
3.24542127	-81.98623100
3.25274728	-102.15529177
3.26007329	-100.93573513
3.26739930	-84.75261854
3.27472530	-81.11398282
3.28205131	-84.59916691
3.28937732	-79.86243023
3.29670333	-82.59761669
3.30402933	-86.30823460
3.31135534	-87.45181444
3.31868135	-87.08341200
3.32600736	-83.72495281
3.33333336	-77.68910213
3.34065937	-75.77922585
3.34798538	-77.10360852
3.35531139	-82.17410220
3.36263739	-89.48906479
3.36996340	-80.31553045
3.37728941	-79.26266805
3.38461542	-91.41164232
3.39194142	-87.94643014
3.39926743	-88.05955153
3.40659344	-77.00496215
3.41391944	-75.97596258
3.42124545	-84.29422996
3.42857146	-82.22542233
3.43589747	-82.59651032
3.44322347	-88.00491792
3.45054948	-84.56442375
3.45787549	-92.33390599
3.46520150	-81.43720335
3.47252750	-83.22990952
3.47985351	-89.16509581
3.48717952	-83.17721524
3.49450553	-93.50729051
3.50183153	-81.38675615
3.50915754	-88.11528458
3.51648355	-86.93569342
3.52380956	-83.28000130
3.53113556	-85.80605015
3.53846157	-88.17006468
3.54578758	-82.42436809
3.55311359	-84.30156036
3.56043959	-77.62769151
3.56776560	-77.79548349
3.57509161	-76.50159642
3.58241761	-81.04554081
3.58974362	-85.47198941
3.59706963	-86.61009264
3.60439564	-100.35800754
3.61172164	-86.28350907
3.61904765	-85.69251435
3.62637366	-87.05984778
3.63369967	-80.88430130
3.64102567	-80.92409658
3.64835168	-79.15349243
3.65567769	-85.03315864
3.66300370	-89.98987107
3.67032970	-82.23381599
3.67765571	-76.29846213
3.68498172	-78.60636419
3.69230773	-90.41858044
3.69963373	-78.65036038
3.70695974	-84.42894577
3.71428575	-81.83519626
3.72161176	-77.76049249
3.72893776	-79.03320588
3.73626377	-79.40650675
3.74358978	-81.59542214
3.75091578	-83.42422777
3.75824179	-80.21374603
3.76556780	-81.20486083
3.77289381	-95.22094520
3.78021981	-84.26587785
3.78754582	-76.16219381
3.79487183	-75.89640762
3.80219784	-97.75265458
3.80952384	-82.84342311
3.81684985	-78.85483047
3.82417586	-72.36726730
3.83150187	-77.35281266
3.83882787	-88.88364797
3.84615388	-81.68864706
3.85347989	-83.77711747
3.86080590	-97.01437515
3.86813190	-85.80415309
3.87545791	-83.37621280
3.88278392	-75.47370433
3.89010993	-77.83390857
3.89743593	-87.65258596
3.90476194	-80.78359970
3.91208795	-83.12291199
3.91941395	-88.39542714
3.92673996	-95.43688183
3.93406597	-86.17666535
3.94139198	-85.96481094
3.94871798	-83.79815357
3.95604399	-80.46306033
3.96337000	-75.78501404
3.97069601	-81.07480247
3.97802201	-79.20456840
3.98534802	-74.08024407
3.99267403	-78.72677299
4.00000004	-93.39077580
4.00732604	-87.29107247
4.01465205	-86.31337384
4.02197806	-81.20870315
4.02930407	-80.69340346
4.03663007	-93.43195369
4.04395608	-83.36899533
4.05128209	-80.13769986
4.05860810	-79.32419085
4.06593410	-85.79172233
4.07326011	-84.24324359
4.08058612	-85.76624656
4.08791212	-85.84482017
4.09523813	-81.45544184
4.10256414	-88.51788796
4.10989015	-87.89028377
4.11721615	-83.00922627
4.12454216	-76.67950102
4.13186817	-77.04189410
4.13919418	-92.87265787
4.14652018	-84.49009047
4.15384619	-89.23879335
4.16117220	-83.52745058
4.16849821	-86.02173903
4.17582421	-87.45697879
4.18315022	-79.18463338
4.19047623	-79.47710964
4.19780224	-89.30808528
4.20512824	-82.42410220
4.21245425	-79.88443209
4.21978026	-80.83294039
4.22710627	-87.65918582
4.23443227	-84.57793796
4.24175828	-82.42742863
4.24908429	-86.86365927
4.25641029	-88.18655237
4.26373630	-90.60351436
4.27106231	-86.60840461
4.27838832	-83.02196345
4.28571432	-81.48276117
4.29304033	-80.14524255
4.30036634	-83.86932167
4.30769235	-92.16016908
4.31501835	-92.40843132
4.32234436	-88.67473156
4.32967037	-87.75582888
4.33699638	-87.56876506
4.34432238	-84.68571546
4.35164839	-79.13815070
4.35897440	-79.68284305
4.36630041	-86.98554913
4.37362641	-80.34011532
4.38095242	-86.42520228
4.38827843	-87.92444199
4.39560444	-81.80483073
4.40293044	-76.50569396
4.41025645	-76.67244002
4.41758246	-85.73938844
4.42490846	-89.25010881
4.43223447	-94.81247379
4.43956048	-83.61019492
4.44688649	-80.89189743
4.45421249	-81.07483678
4.46153850	-80.47318899
4.46886451	-82.30261869
4.47619052	-91.92829705
4.48351652	-81.82719320
4.49084253	-78.57303396
4.49816854	-80.75958838
4.50549455	-90.99990334
4.51282055	-84.39576756
4.52014656	-81.27716691
4.52747257	-100.16386678
4.53479858	-77.75639246
4.54212458	-78.63437869
4.54945059	-92.84937144
4.55677660	-80.59109179
4.56410261	-82.28629990
4.57142861	-76.53808329
4.57875462	-76.32919821
4.58608063	-81.22443830
4.59340663	-84.14047890
4.60073264	-78.89079001
4.60805865	-86.50567879
4.61538466	-78.94383111
4.62271066	-78.14485668
4.63003667	-79.26327882
4.63736268	-80.49398021
4.64468869	-85.83718863
4.65201469	-87.37348175
4.65934070	-81.14437929
4.66666671	-82.97510231
4.67399272	-80.37355865
4.68131872	-79.62908227
4.68864473	-80.37053306
4.69597074	-95.92501547
4.70329675	-79.06942277
4.71062275	-82.75232328
4.71794876	-94.46893142
4.72527477	-91.05982252
4.73260078	-81.11243775
4.73992678	-85.31302777
4.74725279	-82.70648537
4.75457880	-85.41061983
4.76190480	-80.43888036
4.76923081	-76.64509789
4.77655682	-80.95965276
4.78388283	-88.61579872
4.79120883	-86.83335237
4.79853484	-78.45040731
4.80586085	-77.26085669
4.81318686	-77.95700255
4.82051286	-78.64393227
4.82783887	-80.43765874
4.83516488	-84.36361618
4.84249089	-94.62007773
4.84981689	-82.68471624
4.85714290	-79.97753612
4.86446891	-85.58713290
4.87179492	-79.27207148
4.87912092	-80.34353838
4.88644693	-75.45081604
4.89377294	-75.38373157
4.90109895	-78.10235700
4.90842495	-79.72262172
4.91575096	-83.73663311
4.92307697	-82.13824974
4.93040297	-81.00601418
4.93772898	-79.47908805
4.94505499	-86.95269511
4.95238100	-91.41093524
4.95970700	-81.70681802
4.96703301	-84.05078421
4.97435902	-86.30196309
4.98168503	-80.87347316
4.98901103	-87.47607787
4.99633704	-91.30167858
5.00366305	-93.58414260
5.01098906	-87.94134617
5.01831506	-78.93727775
5.02564107	-80.95869013
5.03296708	-92.70064805
5.04029309	-85.24253996
5.04761909	-82.24353456
5.05494510	-78.60306600
5.06227111	-85.12079224
5.06959712	-81.45698448
5.07692312	-87.65119924
5.08424913	-81.50290796
5.09157514	-77.60156136
5.09890114	-83.56118097
5.10622715	-88.31808838
5.11355316	-80.48435656
5.12087917	-84.08321280
5.12820517	-84.02258606
5.13553118	-78.83869367
5.14285719	-83.26903766
5.15018320	-95.89468855
5.15750920	-96.05389586
5.16483521	-89.96242260
5.17216122	-92.12865108
5.17948723	-90.93631454
5.18681323	-88.82480802
5.19413924	-82.56123106
5.20146525	-82.82548550
5.20879126	-83.75428387
5.21611726	-80.21406603
5.22344327	-83.26073717
5.23076928	-96.01394329
5.23809529	-97.31937400
5.24542129	-87.79167453
5.25274730	-81.71205915
5.26007331	-81.12256295
5.26739931	-80.64989690
5.27472532	-79.09521818
5.28205133	-77.86542590
5.28937734	-82.19138410
5.29670334	-96.49980988
5.30402935	-84.74822261
5.31135536	-80.09028344
5.31868137	-77.34499177
5.32600737	-78.95045465
5.33333338	-77.03944555
5.34065939	-75.58495752
5.34798540	-83.58787523
5.35531140	-78.63071471
5.36263741	-77.90775740
5.36996342	-81.75938279
5.37728943	-86.22947056
5.38461543	-85.01404571
5.39194144	-84.95519947
5.39926745	-89.26476855
5.40659346	-83.57727005
5.41391946	-85.16645258
5.42124547	-77.83676378
5.42857148	-81.92276656
5.43589749	-86.00756806
5.44322349	-76.86336602
5.45054950	-77.21437179
5.45787551	-86.46818863
5.46520151	-83.76973396
5.47252752	-79.57366385
5.47985353	-82.89415800
5.48717954	-91.41970656
5.49450554	-83.25933143
5.50183155	-73.98351024
5.50915756	-72.37373498
5.51648357	-77.82747314
5.52380957	-81.65800899
5.53113558	-78.95480704
5.53846159	-74.96706391
5.54578760	-76.50177603
5.55311360	-91.84020116
5.56043961	-81.87884800
5.56776562	-79.01909898
5.57509163	-79.67264454
5.58241763	-83.67407556
5.58974364	-83.08591081
5.59706965	-80.33314185
5.60439566	-82.11085334
5.61172166	-91.67561157
5.61904767	-86.87989492
5.62637368	-85.13803905
5.63369968	-100.03268064
5.64102569	-83.41680423
5.64835170	-88.89582833
5.65567771	-92.78617726
5.66300371	-88.09144645
5.67032972	-78.34748844
5.67765573	-78.27848051
5.68498174	-95.05886515
5.69230774	-79.33864052
5.69963375	-78.74759000
5.70695976	-82.34101471
5.71428577	-83.98387763
5.72161177	-88.28427762
5.72893778	-98.37621756
5.73626379	-97.78636106
5.74358980	-86.27292075
5.75091580	-84.60294659
5.75824181	-84.84430379
5.76556782	-82.08009772
5.77289383	-86.71731104
5.78021983	-90.12156944
5.78754584	-87.28732328
5.79487185	-84.89618160
5.80219785	-83.86776334
5.80952386	-91.55716226
5.81684987	-82.47869858
5.82417588	-81.34694133
5.83150188	-95.33798823
5.83882789	-89.83470898
5.84615390	-90.44478343
5.85347991	-79.15325734
5.86080591	-81.22044174
5.86813192	-88.20518336
5.87545793	-84.31425428
5.88278394	-77.78447140
5.89010994	-80.15328832
5.89743595	-86.29248742
5.90476196	-81.01938739
5.91208797	-88.90652510
5.91941397	-85.71613256
5.92673998	-80.26419424
5.93406599	-78.71736763
5.94139200	-83.32307451
5.94871800	-78.91989633
5.95604401	-76.33517488
5.96337002	-80.73559316
5.97069602	-85.48590130
5.97802203	-89.08031635
5.98534804	-88.93664692
5.99267405	-86.18501125
6.00000005	-82.70568447
6.00732606	-81.65100890
6.01465207	-82.13062780
6.02197808	-78.29311897
6.02930408	-81.22925830
6.03663009	-77.70138862
6.04395610	-82.23482442
6.05128211	-79.42145468
6.05860811	-76.08258062
6.06593412	-86.54823968
6.07326013	-84.13476971
6.08058614	-82.04316558
6.08791214	-81.77407379
6.09523815	-84.20104738
6.10256416	-90.42335743
6.10989017	-91.18272110
6.11721617	-80.62180013
6.12454218	-75.82088280
6.13186819	-76.35140855
6.13919419	-80.41371250
6.14652020	-87.69853764
6.15384621	-85.27679475
6.16117222	-82.44755641
6.16849822	-79.29563889
6.17582423	-87.55458926
6.18315024	-80.90269330
6.19047625	-80.06272987
6.19780225	-98.56480102
6.20512826	-83.78843956
6.21245427	-86.58050951
6.21978028	-87.28850610
6.22710628	-77.97534771
6.23443229	-79.18346243
6.24175830	-80.00045272
6.24908431	-77.45006647
6.25641031	-78.47082345
6.26373632	-77.75984931
6.27106233	-80.08888924
6.27838834	-93.31932857
6.28571434	-81.60425492
6.29304035	-76.65182807
6.30036636	-78.35889967
6.30769236	-85.94175038
6.31501837	-82.84757104
6.32234438	-76.50710302
6.32967039	-75.44213199
6.33699639	-80.28817222
6.34432240	-107.93068718
6.35164841	-93.52693819
6.35897442	-92.94830165
6.36630042	-81.39284637
6.37362643	-79.36661699
6.38095244	-87.70197857
6.38827845	-87.45248985
6.39560445	-86.69103068
6.40293046	-95.82610808
6.41025647	-87.72143575
6.41758248	-85.59957587
6.42490848	-88.47477808
6.43223449	-77.32993537
6.43956050	-79.76941794
6.44688651	-87.80589546
6.45421251	-78.36844849
6.46153852	-81.89755172
6.46886453	-95.76944243
6.47619053	-85.63419394
6.48351654	-80.78337995
6.49084255	-83.76075898
6.49816856	-94.44815093
6.50549456	-80.88110320
6.51282057	-81.70555723
6.52014658	-89.81304444
6.52747259	-79.96920238
6.53479859	-80.31747289
6.54212460	-76.16074990
6.54945061	-81.87894550
6.55677662	-82.09365404
6.56410262	-83.15636437
6.57142863	-88.87925372
6.57875464	-81.76941017
6.58608065	-81.80837707
6.59340665	-111.44117964
6.60073266	-83.19850317
6.60805867	-95.03592152
6.61538468	-82.51806857
6.62271068	-82.16203259
6.63003669	-84.93204135
6.63736270	-79.37405771
6.64468870	-76.86093965
6.65201471	-83.22259618
6.65934072	-76.72077426
6.66666673	-77.02992506
6.67399273	-92.14755823
6.68131874	-81.15194969
6.68864475	-80.90251691
6.69597076	-85.31817297
6.70329676	-83.67875807
6.71062277	-81.07057071
6.71794878	-84.77874364
6.72527479	-85.09091773
6.73260079	-78.40118109
6.73992680	-78.00424227
6.74725281	-83.63019944
6.75457882	-87.04345393
6.76190482	-82.59675532
6.76923083	-80.11904996
6.77655684	-84.07169677
6.78388285	-81.31061244
6.79120885	-82.32219796
6.79853486	-90.03890096
6.80586087	-91.56657513
6.81318687	-87.92788606
6.82051288	-110.42676317
6.82783889	-83.45764099
6.83516490	-83.01258232
6.84249090	-92.39576606
6.84981691	-83.62673145
6.85714292	-89.41992507
6.86446893	-86.49809942
6.87179493	-85.24795984
6.87912094	-86.10475887
6.88644695	-82.12745089
6.89377296	-88.00291274
6.90109896	-86.73689584
6.90842497	-81.84756392
6.91575098	-88.03603568
6.92307699	-84.17409119
6.93040299	-79.44806523
6.93772900	-86.46990695
6.94505501	-81.90571155
6.95238102	-81.23574228
6.95970702	-88.51957845
6.96703303	-86.48294406
6.97435904	-78.94709131
6.98168504	-78.80551935
6.98901105	-85.80810096
6.99633706	-82.98560667
7.00366307	-88.55568630
7.01098907	-85.27487920
7.01831508	-79.97132469
7.02564109	-81.58507087
7.03296710	-81.31897349
7.04029310	-77.22050404
7.04761911	-76.28694586
7.05494512	-82.59909724
7.06227113	-81.60194813
7.06959713	-84.79847924
7.07692314	-79.17043375
7.08424915	-73.93511262
7.09157516	-79.20970197
7.09890116	-87.54755715
7.10622717	-90.63211751
7.11355318	-88.81623903
7.12087919	-98.03019937
7.12820519	-87.65533587
7.13553120	-84.62817198
7.14285721	-78.00174973
7.15018321	-78.92424934
7.15750922	-83.26224192
7.16483523	-82.90160716
7.17216124	-78.00690307
7.17948724	-79.62862360
7.18681325	-89.84291900
7.19413926	-80.63799410
7.20146527	-78.87465361
7.20879127	-83.46799873
7.21611728	-98.64176980
7.22344329	-85.88380227
7.23076930	-77.91805824
7.23809530	-76.16029353
7.24542131	-84.96933293
7.25274732	-80.38157886
7.26007333	-77.80225369
7.26739933	-97.90223469
7.27472534	-79.95621292
7.28205135	-81.05785115
7.28937736	-87.43337043
7.29670336	-78.12565705
7.30402937	-79.72530804
7.31135538	-81.29043251
7.31868138	-77.53973303
7.32600739	-90.74523879
7.33333340	-77.60502285
7.34065941	-77.62286618
7.34798541	-100.01668943
7.35531142	-85.24279123
7.36263743	-79.37141731
7.36996344	-74.48457788
7.37728944	-75.40467846
7.38461545	-78.60674390
7.39194146	-84.24579055
7.39926747	-89.95981649
7.40659347	-86.58959205
7.41391948	-89.59017889
7.42124549	-85.84963069
7.42857150	-88.80765403
7.43589750	-90.96648039
7.44322351	-90.65236163
7.45054952	-80.00200096
7.45787553	-78.85367084
7.46520153	-85.57680727
7.47252754	-90.99334462
7.47985355	-87.22768513
7.48717955	-85.94534390
7.49450556	-92.20806310
7.50183157	-90.76184264
7.50915758	-86.20399659
7.51648358	-89.56581397
7.52380959	-90.65575339
7.53113560	-95.78198802
7.53846161	-89.20737924
7.54578761	-88.71976970
7.55311362	-90.06016530
7.56043963	-81.15291438
7.56776564	-80.84643329
7.57509164	-86.47958055
7.58241765	-78.63358897
7.58974366	-78.12174848
7.59706967	-83.09239344
7.60439567	-94.34979576
7.61172168	-83.20664050
7.61904769	-88.12864110
7.62637370	-88.68161397
7.63369970	-85.56470784
7.64102571	-79.42345061
7.64835172	-84.98508127
7.65567772	-81.56333664
7.66300373	-79.55616303
7.67032974	-92.00415526
7.67765575	-86.91877594
7.68498175	-87.08956167
7.69230776	-79.42189490
7.69963377	-81.52293301
7.70695978	-79.69441461
7.71428578	-76.79906034
7.72161179	-78.71282764
7.72893780	-82.22518388
7.73626381	-80.81815761
7.74358981	-84.05379562
7.75091582	-83.01873948
7.75824183	-81.74456206
7.76556784	-83.59249074
7.77289384	-85.74697293
7.78021985	-84.26601144
7.78754586	-82.25406003
7.79487187	-85.51367173
7.80219787	-82.79112647
7.80952388	-76.18579309
7.81684989	-81.79413914
7.82417589	-81.80959209
7.83150190	-78.86057099
7.83882791	-93.88925115
7.84615392	-80.11100224
7.85347992	-82.97474704
7.86080593	-86.40144623
7.86813194	-84.37297464
7.87545795	-85.84851102
7.88278395	-92.24643193
7.89010996	-88.63794731
7.89743597	-83.95068590
7.90476198	-79.53983017
7.91208798	-79.42873581
7.91941399	-90.75189725
7.92674000	-79.58485928
7.93406601	-77.27338907
7.94139201	-82.24016598
7.94871802	-75.20055482
7.95604403	-75.28206419
7.96337004	-78.24867019
7.97069604	-78.93506148
7.97802205	-88.08732265
7.98534806	-83.03678776
7.99267406	-99.74974480
8.00000007	-85.84426735
8.00732608	-90.70072072
8.01465209	-76.96136138
8.02197809	-76.02360805
8.02930410	-83.06475122
8.03663011	-91.38960314
8.04395612	-82.32755473
8.05128212	-80.93753470
8.05860813	-86.79271718
8.06593414	-82.04507871
8.07326015	-83.05628963
8.08058615	-87.23626346
8.08791216	-81.24904363
8.09523817	-83.29743112
8.10256418	-85.13705182
8.10989018	-76.82150374
8.11721619	-78.83641485
8.12454220	-81.69480299
8.13186821	-81.25775993
8.13919421	-89.41200624
8.14652022	-87.66385772
8.15384623	-79.38815994
8.16117223	-79.30639781
8.16849824	-87.99564669
8.17582425	-87.85514617
8.18315026	-90.01310024
8.19047626	-88.07720552
8.19780227	-84.17576490
8.20512828	-84.53694094
8.21245429	-90.41175544
8.21978029	-80.96320586
8.22710630	-87.27979101
8.23443231	-90.13524310
8.24175832	-94.65843832
8.24908432	-82.77096012
8.25641033	-82.74384547
8.26373634	-83.96936172
8.27106235	-81.23839098
8.27838835	-84.64897655
8.28571436	-90.18669785
8.29304037	-84.19552723
8.30036638	-82.12907155
8.30769238	-82.42298065
8.31501839	-84.14084917
8.32234440	-84.25306235
8.32967040	-83.78695101
8.33699641	-86.24207704
8.34432242	-103.66426591
8.35164843	-91.85624283
8.35897443	-84.38980147
8.36630044	-81.93251593
8.37362645	-85.77248282
8.38095246	-101.69840157
8.38827846	-103.03259781
8.39560447	-82.70409674
8.40293048	-78.12501514
8.41025649	-85.08342806
8.41758249	-82.51319767
8.42490850	-82.31955823
8.43223451	-87.06362291
8.43956052	-81.03031578
8.44688652	-86.26831306
8.45421253	-84.75560315
8.46153854	-79.11873748
8.46886455	-80.67070006
8.47619055	-79.37720634
8.48351656	-82.97154497
8.49084257	-88.82139358
8.49816857	-83.86698242
8.50549458	-96.89437425
8.51282059	-87.74551884
8.52014660	-86.86714919
8.52747260	-89.13674776
8.53479861	-90.77780295
8.54212462	-96.61221792
8.54945063	-98.55615148
8.55677663	-91.11463883
8.56410264	-88.11618735
8.57142865	-84.32037132
8.57875466	-92.84661398
8.58608066	-87.50561045
8.59340667	-89.89058019
8.60073268	-87.78699259
8.60805869	-82.44999563
8.61538469	-78.22002383
8.62271070	-77.08938518
8.63003671	-83.22104980
8.63736272	-88.60363918
8.64468872	-84.48583353
8.65201473	-88.16926355
8.65934074	-78.88868405
8.66666674	-84.94058725
8.67399275	-82.77576214
8.68131876	-81.25381884
8.68864477	-79.64560001
8.69597077	-80.08187811
8.70329678	-89.94623567
8.71062279	-81.15070548
8.71794880	-84.71688677
8.72527480	-87.35698426
8.73260081	-80.19468236
8.73992682	-80.18470921
8.74725283	-77.46099055
8.75457883	-76.89829397
8.76190484	-87.18475598
8.76923085	-86.78018551
8.77655686	-90.34371007
8.78388286	-80.86642146
8.79120887	-83.31976333
8.79853488	-83.89102721
8.80586089	-79.04804070
8.81318689	-78.84131074
8.82051290	-82.68230677
8.82783891	-82.29289013
8.83516491	-79.91897978
8.84249092	-80.56146593
8.84981693	-91.30673856
8.85714294	-83.02553714
8.86446894	-79.95407433
8.87179495	-83.52771075
8.87912096	-91.64623479
8.88644697	-79.73738429
8.89377297	-81.34411849
8.90109898	-85.16059352
8.90842499	-80.24758953
8.91575100	-77.28100005
8.92307700	-77.19045942
8.93040301	-81.35256592
8.93772902	-86.68423226
8.94505503	-85.70776016
8.95238103	-84.45683838
8.95970704	-87.30544937
8.96703305	-85.43287664
8.97435906	-83.63896393
8.98168506	-90.61104584
8.98901107	-82.45453670
8.99633708	-80.10890214
9.00366308	-86.30199852
9.01098909	-90.52421337
9.01831510	-84.26141337
9.02564111	-87.97007925
9.03296711	-93.43744876
9.04029312	-84.39918991
9.04761913	-83.38717062
9.05494514	-88.96495162
9.06227114	-85.52137524
9.06959715	-96.62720151
9.07692316	-84.39566552
9.08424917	-82.80858728
9.09157517	-85.15938689
9.09890118	-76.29400758
9.10622719	-79.19973490
9.11355320	-85.78624869
9.12087920	-78.88014552
9.12820521	-84.83866949
9.13553122	-82.08904049
9.14285723	-84.16616568
9.15018323	-79.51208823
9.15750924	-77.44905212
9.16483525	-83.08623546
9.17216126	-80.26285565
9.17948726	-79.26225225
9.18681327	-78.83070161
9.19413928	-82.42566293
9.20146528	-94.56836725
9.20879129	-86.49822818
9.21611730	-86.69380584
9.22344331	-101.27826935
9.23076931	-83.29784381
9.23809532	-82.26583794
9.24542133	-83.13946633
9.25274734	-84.27990403
9.26007334	-93.63249599
9.26739935	-84.24129708
9.27472536	-87.35808345
9.28205137	-81.61319869
9.28937737	-77.69828039
9.29670338	-81.22894074
9.30402939	-82.56492807
9.31135540	-82.39792321
9.31868140	-85.61820528
9.32600741	-93.96580245
9.33333342	-83.25627004
9.34065943	-85.49657349
9.34798543	-92.26662449
9.35531144	-86.33712547
9.36263745	-80.88275959
9.36996345	-82.25026609
9.37728946	-84.91283180
9.38461547	-79.34638957
9.39194148	-86.61178642
9.39926748	-82.80546971
9.40659349	-80.37922077
9.41391950	-77.92821714
9.42124551	-85.88626877
9.42857151	-86.18534531
9.43589752	-89.63689497
9.44322353	-85.39316018
9.45054954	-85.15557670
9.45787554	-85.28471542
9.46520155	-85.20971616
9.47252756	-80.77644621
9.47985357	-77.67742861
9.48717957	-82.65211488
9.49450558	-85.14085351
9.50183159	-83.75852797
9.50915760	-77.35127045
9.51648360	-75.15546366
9.52380961	-80.37994073
9.53113562	-86.87606289
9.53846162	-88.91875880
9.54578763	-90.48708494
9.55311364	-81.08332557
9.56043965	-83.37436772
9.56776565	-95.32648612
9.57509166	-97.83437048
9.58241767	-81.23666907
9.58974368	-80.18038919
9.59706968	-92.50776408
9.60439569	-89.63571075
9.61172170	-85.23174509
9.61904771	-86.77220334
9.62637371	-86.75153630
9.63369972	-102.46732889
9.64102573	-80.88078877
9.64835174	-78.40438449
9.65567774	-79.61362626
9.66300375	-82.33226138
9.67032976	-97.72525672
9.67765577	-85.27413706
9.68498177	-84.56389067
9.69230778	-78.86198857
9.69963379	-80.88600117
9.70695979	-91.90579222
9.71428580	-87.33602983
9.72161181	-80.00669938
9.72893782	-78.58038695
9.73626382	-82.88491225
9.74358983	-84.94054586
9.75091584	-80.44142673
9.75824185	-85.37830623
9.76556785	-88.00514971
9.77289386	-79.81630059
9.78021987	-79.18777649
9.78754588	-80.26954925
9.79487188	-84.04856358
9.80219789	-82.37512682
9.80952390	-80.20541966
9.81684991	-87.93177066
9.82417591	-76.84833431
9.83150192	-78.54383927
9.83882793	-98.85557713
9.84615394	-93.01474840
9.85347994	-82.56189729
9.86080595	-80.61529828
9.86813196	-101.45829644
9.87545796	-87.82929545
9.88278397	-92.67224828
9.89010998	-90.10598926
9.89743599	-80.02455833
9.90476199	-77.96817520
9.91208800	-81.75513795
9.91941401	-81.48633032
9.92674002	-91.34983059
9.93406602	-94.63530772
9.94139203	-84.93779416
9.94871804	-80.31807752
9.95604405	-88.88243211
9.96337005	-82.28715470
9.97069606	-85.04604648
9.97802207	-85.49609094
9.98534808	-85.66207237
9.99267408	-82.68231851
10.00000009	-82.70192639
10.00732610	-90.82627241
10.01465211	-77.71232526
10.02197811	-76.69769956
10.02930412	-78.02655952
10.03663013	-79.24726629
10.04395613	-99.59554512
10.05128214	-84.88052235
10.05860815	-85.21497157
10.06593416	-80.07001685
10.07326016	-83.20524649
10.08058617	-87.18430503
10.08791218	-92.46501090
10.09523819	-90.49334676
10.10256419	-86.66642953
10.10989020	-87.85956768
10.11721621	-78.62358240
10.12454222	-79.13588304
10.13186822	-82.36991613
10.13919423	-81.39420708
10.14652024	-85.86003633
10.15384625	-78.47414290
10.16117225	-83.06848126
10.16849826	-84.92075386
10.17582427	-81.06434565
10.18315028	-82.34405520
10.19047628	-87.82936415
10.19780229	-96.44102406
10.20512830	-88.33337753
10.21245430	-82.59304423
10.21978031	-82.52732504
10.22710632	-82.32451643
10.23443233	-84.97753212
10.24175833	-91.92435966
10.24908434	-98.08425685
10.25641035	-83.99080663
10.26373636	-82.70477911
10.27106236	-88.49011627
10.27838837	-87.07365062
10.28571438	-78.98475897
10.29304039	-78.44781683
10.30036639	-86.70721480
10.30769240	-83.72450107
10.31501841	-90.45905282
10.32234442	-85.06675402
10.32967042	-87.29603896
10.33699643	-83.55339491
10.34432244	-77.89911251
10.35164845	-76.96330414
10.35897445	-78.58907328
10.36630046	-91.88444747
10.37362647	-85.03917527
10.38095247	-86.51654112
10.38827848	-92.37091797
10.39560449	-89.50301361
10.40293050	-87.33076981
10.41025650	-82.59202096
10.41758251	-89.66686040
10.42490852	-100.80454188
10.43223453	-83.00368027
10.43956053	-81.27564856
10.44688654	-86.46406795
10.45421255	-80.78820233
10.46153856	-90.82283700
10.46886456	-76.42706738
10.47619057	-78.74712310
10.48351658	-93.59652933
10.49084259	-87.15270964
10.49816859	-83.55841291
10.50549460	-82.77435008
10.51282061	-77.90794667
10.52014662	-81.70763129
10.52747262	-86.60459329
10.53479863	-87.00160578
10.54212464	-100.28949144
10.54945064	-89.35465271
10.55677665	-81.97722170
10.56410266	-80.25007955
10.57142867	-84.81097960
10.57875467	-92.39875033
10.58608068	-78.38066721
10.59340669	-75.70525930
10.60073270	-79.16731631
10.60805870	-80.80092153
10.61538471	-80.42286571
10.62271072	-79.15367694
10.63003673	-78.40856414
10.63736273	-86.08395193
10.64468874	-92.24521722
10.65201475	-85.58643567
10.65934076	-79.53627641
10.66666676	-84.04999305
10.67399277	-96.31697244
10.68131878	-92.02911282
10.68864479	-79.30906266
10.69597079	-76.90767523
10.70329680	-83.53038597
10.71062281	-83.18366097
10.71794881	-80.32384798
10.72527482	-81.83326605
10.73260083	-79.97528666
10.73992684	-82.74236702
10.74725284	-87.55532633
10.75457885	-83.08973808
10.76190486	-79.98477323
10.76923087	-83.52847934
10.77655687	-99.80179856
10.78388288	-88.34236792
10.79120889	-84.38981961
10.79853490	-87.75069096
10.80586090	-92.82282265
10.81318691	-89.40545454
10.82051292	-80.64775721
10.82783893	-81.84350394
10.83516493	-87.99963750
10.84249094	-83.59594724
10.84981695	-87.92504307
10.85714296	-83.69767284
10.86446896	-83.26999538
10.87179497	-84.88297199
10.87912098	-82.93417027
10.88644698	-84.35701715
10.89377299	-86.49497740
10.90109900	-117.96084771
10.90842501	-92.14452206
10.91575101	-92.31873995
10.92307702	-83.32383289
10.93040303	-88.96247625
10.93772904	-86.34388845
10.94505504	-90.48241222
10.95238105	-88.88525242
10.95970706	-88.35555515
10.96703307	-88.16434175
10.97435907	-83.89016764
10.98168508	-85.13289421
10.98901109	-85.30427268
10.99633710	-80.76726608
11.00366310	-84.30582670
11.01098911	-88.96723799
11.01831512	-87.41737834
11.02564113	-86.45322132
11.03296713	-88.10774850
11.04029314	-84.29749081
11.04761915	-83.24907246
11.05494515	-84.92569920
11.06227116	-82.27436709
11.06959717	-83.89720164
11.07692318	-85.04916084
11.08424918	-102.13341608
11.09157519	-86.30213318
11.09890120	-80.76302828
11.10622721	-80.68911640
11.11355321	-86.45041016
11.12087922	-81.51727054
11.12820523	-79.44959207
11.13553124	-86.82767917
11.14285724	-88.28335346
11.15018325	-85.18295074
11.15750926	-82.91575332
11.16483527	-86.92613899
11.17216127	-89.51838290
11.17948728	-82.19236373
11.18681329	-83.76014498
11.19413930	-78.97541105
11.20146530	-79.07832711
11.20879131	-94.98270775
11.21611732	-76.79930800
11.22344332	-78.59246666
11.23076933	-92.51003462
11.23809534	-81.91279399
11.24542135	-88.64661032
11.25274735	-85.71084091
11.26007336	-93.24384521
11.26739937	-86.16965370
11.27472538	-91.57969939
11.28205138	-78.65621909
11.28937739	-80.93423038
11.29670340	-91.35151126
11.30402941	-82.59860453
11.31135541	-89.04153882
11.31868142	-86.83991978
11.32600743	-87.74786452
11.33333344	-85.03718945
11.34065944	-85.00973602
11.34798545	-85.10684116
11.35531146	-85.78715810
11.36263747	-81.37623530
11.36996347	-78.92889405
11.37728948	-78.41151285
11.38461549	-81.01799021
11.39194149	-85.79377068
11.39926750	-82.99158745
11.40659351	-85.56748893
11.41391952	-90.44281999
11.42124552	-86.72896669
11.42857153	-88.78861697
11.43589754	-92.81071842
11.44322355	-84.86351440
11.45054955	-83.18751161
11.45787556	-101.82635736
11.46520157	-82.09513164
11.47252758	-82.03949647
11.47985358	-84.70664949
11.48717959	-83.07052931
11.49450560	-82.18239825
11.50183161	-89.35407520
11.50915761	-84.60639202
11.51648362	-86.78074827
11.52380963	-90.47265263
11.53113564	-90.24599347
11.53846164	-76.31874275
11.54578765	-76.09429699
11.55311366	-85.88600258
11.56043966	-78.24287721
11.56776567	-89.85478556
11.57509168	-83.47596553
11.58241769	-89.72299566
11.58974369	-79.19707332
11.59706970	-83.94323059
11.60439571	-84.01343954
11.61172172	-81.11015377
11.61904772	-82.24186207
11.62637373	-83.38045470
11.63369974	-105.56109580
11.64102575	-82.99513790
11.64835175	-84.20971218
11.65567776	-91.92706146
11.66300377	-80.45702352
11.67032978	-78.19431937
11.67765578	-82.82415827
11.68498179	-87.58968369
11.69230780	-83.40509575
11.69963381	-89.65050107
11.70695981	-85.65757389
11.71428582	-77.36911788
11.72161183	-78.08954120
11.72893783	-87.36038836
11.73626384	-77.03806708
11.74358985	-79.82011903
11.75091586	-81.11941595
11.75824186	-79.30743449
11.76556787	-87.94385140
11.77289388	-90.66639760
11.78021989	-80.82845750
11.78754589	-76.75062702
11.79487190	-77.76623437
11.80219791	-84.67495126
11.80952392	-87.38332368
11.81684992	-79.31371283
11.82417593	-79.30640880
11.83150194	-82.00636998
11.83882795	-88.25459754
11.84615395	-98.63363392
11.85347996	-90.81288565
11.86080597	-96.10153406
11.86813198	-106.14556320
11.87545798	-90.34261498
11.88278399	-84.41871823
11.89011000	-84.39529430
11.89743600	-90.38326123
11.90476201	-87.13550423
11.91208802	-78.74403205
11.91941403	-79.25027820
11.92674003	-84.02947773
11.93406604	-81.27994769
11.94139205	-87.86358775
11.94871806	-90.42780108
11.95604406	-80.39388584
11.96337007	-81.61529436
11.97069608	-97.11166748
11.97802209	-86.42629635
11.98534809	-89.64491219
11.99267410	-85.35479710
12.00000011	-85.72251446
12.00732612	-93.90628427
12.01465212	-90.63022500
12.02197813	-94.80774178
12.02930414	-83.20524892
12.03663015	-85.40144020
12.04395615	-79.08881781
12.05128216	-80.82297631
12.05860817	-101.90208467
12.06593417	-83.29708150
12.07326018	-78.00697510
12.08058619	-79.54504100
12.08791220	-96.67684825
12.09523820	-89.05232150
12.10256421	-79.60166709
12.10989022	-77.63993194
12.11721623	-88.66824315
12.12454223	-80.74185703
12.13186824	-81.61326268
12.13919425	-82.61941919
12.14652026	-76.33259553
12.15384626	-76.44666757
12.16117227	-79.23544160
12.16849828	-81.02173646
12.17582429	-87.02110834
12.18315029	-87.64278089
12.19047630	-81.08396934
12.19780231	-80.08962541
12.20512832	-81.02109254
12.21245432	-82.84827746
12.21978033	-88.49624657
12.22710634	-94.05165664
12.23443234	-87.85735394
12.24175835	-83.71968020
12.24908436	-85.89082359
12.25641037	-86.14819449
12.26373637	-81.59227199
12.27106238	-83.31297114
12.27838839	-81.67718928
12.28571440	-79.78005498
12.29304040	-83.66865475
12.30036641	-85.37102706
12.30769242	-83.64653874
12.31501843	-85.91160237
12.32234443	-86.94213216
12.32967044	-85.48906165
12.33699645	-84.64072268
12.34432246	-83.01604566
12.35164846	-80.54060342
12.35897447	-81.00455322
12.36630048	-82.64740432
12.37362649	-79.96583193
12.38095249	-81.99239948
12.38827850	-99.28594518
12.39560451	-86.47227948
12.40293051	-97.41997747
12.41025652	-84.66385031
12.41758253	-82.51514870
12.42490854	-87.02907799
12.43223454	-92.08046974
12.43956055	-87.82376877
12.44688656	-86.14263859
12.45421257	-88.62285543
12.46153857	-102.33988388
12.46886458	-86.42629883
12.47619059	-84.99579121
12.48351660	-86.03131868
12.49084260	-87.59165869
12.49816861	-88.52008085
12.50549462	-86.20547545
12.51282063	-86.32427403
12.52014663	-82.26580533
12.52747264	-76.49292607
12.53479865	-76.31293835
12.54212466	-85.11573461
12.54945066	-85.65065787
12.55677667	-82.33721961
12.56410268	-89.04146025
12.57142868	-81.69490484
12.57875469	-84.33808662
12.58608070	-84.30470493
12.59340671	-79.10059332
12.60073271	-87.55109817
12.60805872	-84.95618217
12.61538473	-87.64159171
12.62271074	-80.13783406
12.63003674	-85.63524328
12.63736275	-86.86370725
12.64468876	-85.15728738
12.65201477	-88.77524288
12.65934077	-82.84195450
12.66666678	-80.38894568
12.67399279	-82.98622006
12.68131880	-84.13456044
12.68864480	-86.12500539
12.69597081	-82.29290337
12.70329682	-86.67208491
12.71062283	-90.12118562
12.71794883	-83.21629150
12.72527484	-82.59762220
12.73260085	-83.94134598
12.73992686	-87.85242107
12.74725286	-90.48514647
12.75457887	-87.15020720
12.76190488	-86.15219045
12.76923088	-86.42226578
12.77655689	-84.00553629
12.78388290	-84.61066284
12.79120891	-80.39049604
12.79853491	-79.83830338
12.80586092	-86.55215413
12.81318693	-82.08701221
12.82051294	-79.85299449
12.82783894	-83.33868644
12.83516495	-80.06418810
12.84249096	-78.80986664
12.84981697	-83.19169170
12.85714297	-93.02336267
12.86446898	-85.17398520
12.87179499	-81.05490135
12.87912100	-88.74752345
12.88644700	-85.69445501
12.89377301	-89.62551237
12.90109902	-86.40075411
12.90842503	-81.80292082
12.91575103	-81.54135126
12.92307704	-80.93649358
12.93040305	-83.02746140
12.93772905	-87.64274412
12.94505506	-83.00328635
12.95238107	-89.28129828
12.95970708	-87.31041820
12.96703308	-90.14140525
12.97435909	-85.44551255
12.98168510	-88.80384115
12.98901111	-82.02658788
12.99633711	-86.98976069
13.00366312	-89.81940605
13.01098913	-83.82446192
13.01831514	-82.05626502
13.02564114	-84.32514375
13.03296715	-82.99307793
13.04029316	-83.80727588
13.04761917	-84.94589302
13.05494517	-82.29607612
13.06227118	-91.20314280
13.06959719	-87.41390032
13.07692320	-86.76844298
13.08424920	-93.02933171
13.09157521	-82.32827409
13.09890122	-82.35500970
13.10622722	-80.60356567
13.11355323	-79.97856561
13.12087924	-80.99081797
13.12820525	-90.10417243
13.13553125	-82.68011836
13.14285726	-78.21383810
13.15018327	-82.68405276
13.15750928	-82.74829584
13.16483528	-78.93078054
13.17216129	-78.50859507
13.17948730	-79.98430027
13.18681331	-87.69659484
13.19413931	-91.58135884
13.20146532	-86.41758773
13.20879133	-85.01701309
13.21611734	-88.12850033
13.22344334	-89.49235141
13.23076935	-93.46847798
13.23809536	-85.37741495
13.24542137	-93.59480980
13.25274737	-86.94992900
13.26007338	-84.45191968
13.26739939	-84.47344931
13.27472539	-89.82122420
13.28205140	-82.17834084
13.28937741	-82.62922434
13.29670342	-86.26465944
13.30402942	-89.22641052
13.31135543	-91.80202888
13.31868144	-89.00946223
13.32600745	-88.91535131
13.33333345	-85.96955561
13.34065946	-83.62845074
13.34798547	-86.36810732
13.35531148	-83.06819167
13.36263748	-87.39939596
13.36996349	-89.09449876
13.37728950	-81.88491250
13.38461551	-86.71832471
13.39194151	-89.34487674
13.39926752	-88.83711644
13.40659353	-85.49314192
13.41391954	-82.08044726
13.42124554	-90.94544092
13.42857155	-78.11362084
13.43589756	-80.21728987
13.44322356	-86.24109335
13.45054957	-82.83932717
13.45787558	-85.02539905
13.46520159	-90.39405860
13.47252759	-80.75875232
13.47985360	-85.86136311
13.48717961	-90.01804193
13.49450562	-89.03528468
13.50183162	-88.25572911
13.50915763	-83.00159769
13.51648364	-80.35882718
13.52380965	-80.95349577
13.53113565	-91.26876445
13.53846166	-81.55257894
13.54578767	-82.10261655
13.55311368	-90.52548287
13.56043968	-81.23140530
13.56776569	-75.74093913
13.57509170	-76.41619336
13.58241771	-91.40337027
13.58974371	-81.05215951
13.59706972	-86.35886787
13.60439573	-86.88762452
13.61172173	-93.13263674
13.61904774	-91.74057470
13.62637375	-87.48139956
13.63369976	-94.48127699
13.64102576	-77.63154778
13.64835177	-74.78273502
13.65567778	-79.47330625
13.66300379	-78.64834479
13.67032979	-77.69584046
13.67765580	-79.23129865
13.68498181	-79.53016657
13.69230782	-78.24295715
13.69963382	-77.22268906
13.70695983	-79.92684666
13.71428584	-93.08299602
13.72161185	-82.09725585
13.72893785	-82.60268246
13.73626386	-82.97380987
13.74358987	-88.71057997
13.75091588	-86.08680868
13.75824188	-88.95576502
13.76556789	-84.16516349
13.77289390	-80.33369008
13.78021990	-95.19922533
13.78754591	-85.03789324
13.79487192	-88.87892789
13.80219793	-84.48582159
13.80952393	-79.66288766
13.81684994	-79.93453402
13.82417595	-81.83747580
13.83150196	-83.69858080
13.83882796	-86.43117368
13.84615397	-85.98365667
13.85347998	-81.56469387
13.86080599	-79.46278122
13.86813199	-81.97324693
13.87545800	-87.35807556
13.88278401	-88.31334613
13.89011002	-95.37109776
13.89743602	-90.41524003
13.90476203	-90.76870884
13.91208804	-87.96461870
13.91941405	-91.11171962
13.92674005	-83.90260714
13.93406606	-88.54707185
13.94139207	-85.57497375
13.94871807	-83.24235160
13.95604408	-80.75234610
13.96337009	-88.48943532
13.97069610	-88.06383974
13.97802210	-86.59540963
13.98534811	-90.29599510
13.99267412	-82.06583200
14.00000013	-80.95213733
14.00732613	-83.02254486
14.01465214	-83.67315956
14.02197815	-85.63529847
14.02930416	-88.80217857
14.03663016	-98.19083770
14.04395617	-84.40119558
14.05128218	-79.24517261
14.05860819	-85.20440180
14.06593419	-84.42889769
14.07326020	-82.38093682
14.08058621	-88.53824174
14.08791222	-103.28207951
14.09523822	-87.61553004
14.10256423	-85.85409398
14.10989024	-79.52259165
14.11721624	-80.68103426
14.12454225	-87.46045599
14.13186826	-78.76953344
14.13919427	-81.78605266
14.14652027	-91.03563359
14.15384628	-86.20125716
14.16117229	-83.38555870
14.16849830	-80.86954055
14.17582430	-76.88190959
14.18315031	-78.00085054
14.19047632	-78.11762083
14.19780233	-79.94770856
14.20512833	-82.06865015
14.21245434	-80.77838247
14.21978035	-88.40787148
14.22710636	-93.25268496
14.23443236	-84.50155478
14.24175837	-82.06853733
14.24908438	-81.52272315
14.25641039	-83.81183644
14.26373639	-84.86167230
14.27106240	-86.36078696
14.27838841	-84.05173075
14.28571441	-80.52648014
14.29304042	-83.25516217
14.30036643	-85.95712255
14.30769244	-84.74107422
14.31501844	-83.14570701
14.32234445	-84.59276548
14.32967046	-95.90052890
14.33699647	-84.68644507
14.34432247	-86.12374480
14.35164848	-91.60631285
14.35897449	-89.64697572
14.36630050	-102.09332932
14.37362650	-101.19994978
14.38095251	-90.62990761
14.38827852	-95.03724987
14.39560453	-87.59549394
14.40293053	-81.20051294
14.41025654	-80.24830536
14.41758255	-79.19612793
14.42490856	-77.76048216
14.43223456	-77.53335227
14.43956057	-77.78496560
14.44688658	-78.05746722
14.45421258	-79.44663667
14.46153859	-84.85743247
14.46886460	-89.03495576
14.47619061	-80.19337626
14.48351661	-82.68756517
14.49084262	-91.71379422
14.49816863	-85.02193291
14.50549464	-81.97681373
14.51282064	-78.69241359
14.52014665	-82.96793813
14.52747266	-94.50519265
14.53479867	-93.99312913
14.54212467	-81.18594925
14.54945068	-82.31692148
14.55677669	-86.16836471
14.56410270	-89.10758185
14.57142870	-83.51753926
14.57875471	-77.89464403
14.58608072	-81.97269240
14.59340673	-90.69816480
14.60073273	-93.48752296
14.60805874	-81.38094578
14.61538475	-82.81335704
14.62271075	-85.27051019
14.63003676	-88.35589556
14.63736277	-85.65097206
14.64468878	-81.73165702
14.65201478	-98.77470640
14.65934079	-80.08535743
14.66666680	-82.46555291
14.67399281	-94.58616251
14.68131881	-88.07801442
14.68864482	-85.36174731
14.69597083	-81.13774659
14.70329684	-80.68798008
14.71062284	-81.88740104
14.71794885	-90.08628123
14.72527486	-82.64965801
14.73260087	-90.82177910
14.73992687	-95.25543171
14.74725288	-88.23869578
14.75457889	-80.47772180
14.76190490	-77.93854743
14.76923090	-78.88620055
14.77655691	-88.96389577
14.78388292	-91.39354224
14.79120892	-92.16279864
14.79853493	-82.77973567
14.80586094	-86.88796885
14.81318695	-87.22825233
14.82051295	-81.00359086
14.82783896	-84.91816185
14.83516497	-81.20611333
14.84249098	-82.28808535
14.84981698	-96.12539765
14.85714299	-82.71364793
14.86446900	-83.36095528
14.87179501	-82.84267212
14.87912101	-81.57558478
14.88644702	-85.03682377
14.89377303	-98.28456398
14.90109904	-93.39788901
14.90842504	-84.46618856
14.91575105	-81.86273801
14.92307706	-82.84692503
14.93040307	-84.84299470
14.93772907	-83.95347767
14.94505508	-83.32493587
14.95238109	-92.33041319
14.95970709	-81.20013978
14.96703310	-79.73508321
14.97435911	-88.89929387
14.98168512	-96.68070465
14.98901112	-90.57970244
14.99633713	-81.05936725
