# Menlo Systems GmbH ScanControl
# Program Version 1.3.3
# Start: -65.00000000 ps, Average over 1000 waveforms. Timestamp: 2020-06-27T15:04:34
# Window type: Tukey, parameters: alpha = 0.2
# User time axis shift: 0 ps
# Frequency [THz]	THz Signal [a.u.]
0.00000000	-27.02377524
0.00732601	-28.54205831
0.01465201	-23.36956179
0.02197802	-21.60883687
0.02930403	-27.62050174
0.03663004	-23.97759156
0.04395604	-15.95345952
0.05128205	-11.98121653
0.05860806	-13.27943248
0.06593407	-13.35625114
0.07326007	-8.26967527
0.08058608	-9.95406191
0.08791209	-24.51357508
0.09523810	-10.14916028
0.10256410	-9.73418574
0.10989011	-18.73865367
0.11721612	-12.07412798
0.12454213	-8.68992888
0.13186813	-11.59393889
0.13919414	-11.46507780
0.14652015	-6.33406299
0.15384616	-7.06049497
0.16117216	-9.73100890
0.16849817	-5.22842871
0.17582418	-5.47244366
0.18315018	-11.98938818
0.19047619	-7.43314644
0.19780220	-5.58915451
0.20512821	-9.01036848
0.21245421	-9.02762210
0.21978022	-6.87916973
0.22710623	-7.76422129
0.23443224	-9.02637950
0.24175824	-7.82683990
0.24908425	-6.76745946
0.25641026	-7.25913668
0.26373627	-6.29701680
0.27106227	-4.15387321
0.27838828	-3.35522815
0.28571429	-2.73772970
0.29304030	-1.37809409
0.30036630	-0.43141220
0.30769231	-0.42186040
0.31501832	-0.52638442
0.32234433	0.00000000
0.32967033	-0.02278535
0.33699634	-1.02845872
0.34432235	-1.73187574
0.35164835	-2.14357422
0.35897436	-2.92747350
0.36630037	-3.51415507
0.37362638	-4.13488080
0.38095238	-4.54392695
0.38827839	-4.51704944
0.39560440	-5.12764222
0.40293041	-6.13428744
0.41025641	-6.52905496
0.41758242	-6.79844929
0.42490843	-7.28657493
0.43223444	-7.25180981
0.43956044	-7.23841639
0.44688645	-7.77570900
0.45421246	-7.70892429
0.46153847	-7.51045374
0.46886447	-7.65687993
0.47619048	-7.34250760
0.48351649	-6.88935100
0.49084249	-6.82418464
0.49816850	-6.94592839
0.50549451	-6.43222010
0.51282052	-6.11341023
0.52014652	-6.09650947
0.52747253	-5.71120221
0.53479854	-5.60422291
0.54212455	-5.10480427
0.54945055	-6.06211168
0.55677656	-9.95241422
0.56410257	-6.64920096
0.57142858	-4.13023126
0.57875458	-4.43719054
0.58608059	-4.16389258
0.59340660	-3.83975580
0.60073261	-4.37855535
0.60805861	-4.24077763
0.61538462	-4.26847765
0.62271063	-4.89486185
0.63003664	-4.78827510
0.63736264	-4.82388622
0.64468865	-5.47608257
0.65201466	-5.61747065
0.65934066	-5.82841552
0.66666667	-6.36836460
0.67399268	-6.67210877
0.68131869	-7.09239483
0.68864469	-7.45742520
0.69597070	-7.88671923
0.70329671	-8.50447266
0.71062272	-8.88751758
0.71794872	-9.41963806
0.72527473	-10.29171843
0.73260074	-10.86754239
0.73992675	-11.52065403
0.74725275	-14.11354158
0.75457876	-16.51244518
0.76190477	-14.54428794
0.76923078	-14.57237809
0.77655678	-15.51432284
0.78388279	-15.77086349
0.79120880	-16.60895612
0.79853481	-16.96042540
0.80586081	-17.39549286
0.81318682	-17.82793042
0.82051283	-17.91109752
0.82783883	-18.22844886
0.83516484	-18.19544283
0.84249085	-18.44197958
0.84981686	-18.67879791
0.85714286	-18.70178501
0.86446887	-18.91798675
0.87179488	-18.86002079
0.87912089	-18.96474384
0.88644689	-19.24966104
0.89377290	-19.37884717
0.90109891	-19.67531315
0.90842492	-19.95560823
0.91575092	-20.22908977
0.92307693	-20.61797292
0.93040294	-20.71084888
0.93772895	-20.96227110
0.94505495	-21.44270059
0.95238096	-21.49570583
0.95970697	-22.03830414
0.96703298	-22.72724222
0.97435898	-22.72940780
0.98168499	-24.29932688
0.98901100	-26.37159222
0.99633700	-25.11497225
1.00366301	-24.82546746
1.01098902	-25.48274371
1.01831503	-25.94932305
1.02564103	-26.55288030
1.03296704	-27.01848232
1.04029305	-27.74732628
1.04761906	-28.18955719
1.05494506	-28.78598697
1.06227107	-29.23089066
1.06959708	-29.39123393
1.07692309	-30.34726151
1.08424909	-30.84684901
1.09157510	-34.55477401
1.09890111	-56.03431385
1.10622712	-36.35258923
1.11355312	-36.97196522
1.12087913	-34.43385318
1.12820514	-32.22508138
1.13553115	-33.12302180
1.14285715	-33.58994791
1.15018316	-35.57939030
1.15750917	-41.59970584
1.16483517	-61.13930247
1.17216118	-38.95163358
1.17948719	-34.79974395
1.18681320	-35.27533872
1.19413920	-35.11420223
1.20146521	-36.13470062
1.20879122	-42.17966767
1.21611723	-37.32024663
1.22344323	-37.27208493
1.23076924	-41.81376486
1.23809525	-37.50515818
1.24542126	-36.81037577
1.25274726	-37.61399841
1.26007327	-37.33503632
1.26739928	-37.94576458
1.27472529	-38.29389891
1.28205129	-38.95721568
1.28937730	-39.58047395
1.29670331	-39.75873297
1.30402932	-40.32780694
1.31135532	-40.52580551
1.31868133	-41.68691530
1.32600734	-42.48522376
1.33333334	-42.09756255
1.34065935	-42.64529038
1.34798536	-43.09139328
1.35531137	-43.65269310
1.36263737	-44.25351241
1.36996338	-44.67656250
1.37728939	-45.56039821
1.38461540	-46.21873090
1.39194140	-47.17579657
1.39926741	-48.56355457
1.40659342	-53.20238169
1.41391943	-65.20346999
1.42124543	-52.37712085
1.42857144	-51.36332841
1.43589745	-51.94287306
1.44322346	-52.19654193
1.45054946	-52.42584664
1.45787547	-52.21046870
1.46520148	-53.69269917
1.47252748	-54.25208216
1.47985349	-54.33017576
1.48717950	-55.78681636
1.49450551	-55.99058501
1.50183151	-56.80278757
1.50915752	-56.89786094
1.51648353	-56.73147260
1.52380954	-57.94444638
1.53113554	-59.07614003
1.53846155	-59.28885585
1.54578756	-59.32191134
1.55311357	-59.81101453
1.56043957	-59.72424220
1.56776558	-60.31734164
1.57509159	-61.84899823
1.58241760	-63.31126641
1.58974360	-64.96951106
1.59706961	-66.69961716
1.60439562	-70.48570362
1.61172163	-67.96365314
1.61904763	-64.90083286
1.62637364	-65.29814086
1.63369965	-65.59297627
1.64102565	-65.38524314
1.64835166	-66.52153464
1.65567767	-70.32218367
1.66300368	-74.77473121
1.67032968	-74.77314985
1.67765569	-81.12927353
1.68498170	-73.22244730
1.69230771	-73.83355075
1.69963371	-75.48380846
1.70695972	-72.34352796
1.71428573	-71.70093020
1.72161174	-75.18271238
1.72893774	-81.10446589
1.73626375	-89.76441626
1.74358976	-78.52861308
1.75091577	-77.26253722
1.75824177	-75.72153303
1.76556778	-73.84759503
1.77289379	-77.06512838
1.78021980	-83.99460601
1.78754580	-78.69313038
1.79487181	-74.96709898
1.80219782	-74.70590744
1.80952382	-77.79000178
1.81684983	-86.44576269
1.82417584	-91.31022698
1.83150185	-82.02770877
1.83882785	-78.38870955
1.84615386	-75.17361500
1.85347987	-74.12729046
1.86080588	-76.91492245
1.86813188	-80.15557165
1.87545789	-81.29023815
1.88278390	-90.10687584
1.89010991	-75.36245311
1.89743591	-73.47510697
1.90476192	-75.41820719
1.91208793	-75.92191233
1.91941394	-80.59794342
1.92673994	-88.18095930
1.93406595	-78.48895402
1.94139196	-75.48900645
1.94871797	-74.89363170
1.95604397	-75.46042173
1.96336998	-76.82360181
1.97069599	-78.25257329
1.97802199	-78.19871063
1.98534800	-78.90864415
1.99267401	-85.90724777
2.00000002	-97.44141620
2.00732602	-86.78027160
2.01465203	-79.18332851
2.02197804	-75.45901796
2.02930405	-77.78875773
2.03663005	-87.83879125
2.04395606	-82.05288299
2.05128207	-87.44280595
2.05860808	-86.19199504
2.06593408	-81.18368327
2.07326009	-76.09836188
2.08058610	-78.03053567
2.08791211	-90.07857371
2.09523811	-82.35204066
2.10256412	-83.91397791
2.10989013	-79.63187794
2.11721614	-87.31000507
2.12454214	-80.78209275
2.13186815	-83.26915365
2.13919416	-83.48754899
2.14652016	-74.89199407
2.15384617	-75.38100696
2.16117218	-78.75279382
2.16849819	-80.44844928
2.17582419	-76.20493369
2.18315020	-84.78068855
2.19047621	-79.01551304
2.19780222	-78.84689309
2.20512822	-84.10485800
2.21245423	-86.32935967
2.21978024	-82.62177090
2.22710625	-75.84021194
2.23443225	-73.69224555
2.24175826	-74.68706710
2.24908427	-74.78116674
2.25641028	-72.04534546
2.26373628	-75.38764948
2.27106229	-82.50757633
2.27838830	-80.34947489
2.28571431	-84.24391495
2.29304031	-85.37530541
2.30036632	-86.78355248
2.30769233	-83.99846484
2.31501833	-87.47182129
2.32234434	-92.05673449
2.32967035	-94.27759531
2.33699636	-88.14051245
2.34432236	-79.58564305
2.35164837	-79.39189880
2.35897438	-84.84666165
2.36630039	-77.85258113
2.37362639	-79.86913051
2.38095240	-85.86532342
2.38827841	-77.86144225
2.39560442	-85.46020011
2.40293042	-82.25924370
2.41025643	-81.56517480
2.41758244	-82.39964281
2.42490845	-78.70858989
2.43223445	-85.36495909
2.43956046	-79.22655775
2.44688647	-87.51819589
2.45421247	-82.05898555
2.46153848	-81.08677088
2.46886449	-90.20863022
2.47619050	-86.50663577
2.48351650	-81.55963339
2.49084251	-80.76659503
2.49816852	-81.40157725
2.50549453	-83.82546213
2.51282053	-78.89922842
2.52014654	-77.97172428
2.52747255	-74.79242292
2.53479856	-78.21174989
2.54212456	-88.68981084
2.54945057	-88.38134433
2.55677658	-87.01921899
2.56410259	-81.07555974
2.57142859	-85.29187654
2.57875460	-86.83608759
2.58608061	-78.61238187
2.59340662	-74.08254056
2.60073262	-74.55442473
2.60805863	-78.51295780
2.61538464	-84.17376593
2.62271064	-98.38333618
2.63003665	-88.67780512
2.63736266	-82.46334526
2.64468867	-79.52900950
2.65201467	-83.86437770
2.65934068	-91.18329610
2.66666669	-88.05431873
2.67399270	-83.54215291
2.68131870	-80.32947270
2.68864471	-77.38378356
2.69597072	-77.89332615
2.70329673	-79.50790621
2.71062273	-77.99717034
2.71794874	-79.87103249
2.72527475	-99.09405659
2.73260076	-84.48934038
2.73992676	-79.79319471
2.74725277	-76.27179625
2.75457878	-82.96086320
2.76190479	-88.40053313
2.76923079	-85.19200248
2.77655680	-79.03272768
2.78388281	-81.13167690
2.79120881	-77.65063908
2.79853482	-81.36184573
2.80586083	-73.42936494
2.81318684	-74.69970039
2.82051284	-83.09183145
2.82783885	-71.81680335
2.83516486	-74.16159911
2.84249087	-92.06070777
2.84981687	-84.48197513
2.85714288	-85.95990745
2.86446889	-89.92607118
2.87179490	-86.62853590
2.87912090	-85.63209105
2.88644691	-96.35905409
2.89377292	-83.31706087
2.90109893	-80.95886569
2.90842493	-88.88317368
2.91575094	-75.58372309
2.92307695	-79.02500173
2.93040296	-79.64090755
2.93772896	-75.29137455
2.94505497	-83.81646265
2.95238098	-75.81888876
2.95970698	-79.68385931
2.96703299	-77.92574802
2.97435900	-79.52952598
2.98168501	-85.25353808
2.98901101	-83.77369644
2.99633702	-81.67447979
3.00366303	-77.81208276
3.01098904	-81.96884014
3.01831504	-76.31991664
3.02564105	-76.27066199
3.03296706	-75.89939782
3.04029307	-78.54792810
3.04761907	-82.68334215
3.05494508	-74.19541772
3.06227109	-74.06639082
3.06959710	-76.99439841
3.07692310	-84.03532821
3.08424911	-86.65872747
3.09157512	-84.45510648
3.09890113	-101.16716962
3.10622713	-82.64826424
3.11355314	-81.33850499
3.12087915	-83.27604204
3.12820515	-76.81568102
3.13553116	-75.71510898
3.14285717	-81.06506887
3.15018318	-80.53021266
3.15750918	-78.15395136
3.16483519	-81.06050322
3.17216120	-74.46146536
3.17948721	-73.22277295
3.18681321	-77.51112154
3.19413922	-90.24237108
3.20146523	-81.13417667
3.20879124	-82.30163956
3.21611724	-98.09341081
3.22344325	-82.74882538
3.23076926	-78.40636689
3.23809527	-76.75751105
3.24542127	-80.70251085
3.25274728	-88.28860387
3.26007329	-84.45375291
3.26739930	-80.53652047
3.27472530	-82.87878739
3.28205131	-84.91523204
3.28937732	-83.43017969
3.29670332	-77.90878302
3.30402933	-79.44443544
3.31135534	-83.77016530
3.31868135	-76.13343531
3.32600735	-75.93317774
3.33333336	-77.48534973
3.34065937	-81.62442736
3.34798538	-96.14538729
3.35531138	-91.76957103
3.36263739	-81.69126519
3.36996340	-81.94930420
3.37728941	-89.50562080
3.38461541	-81.46155160
3.39194142	-79.78074125
3.39926743	-79.16156417
3.40659344	-82.80659602
3.41391944	-95.05160332
3.42124545	-80.67664738
3.42857146	-79.30700665
3.43589746	-82.25629903
3.44322347	-77.54481308
3.45054948	-84.34284767
3.45787549	-79.65061649
3.46520149	-79.04000458
3.47252750	-83.21253777
3.47985351	-76.53518781
3.48717952	-84.22722861
3.49450552	-85.84039505
3.50183153	-76.87713025
3.50915754	-73.28014741
3.51648355	-79.72153573
3.52380955	-81.93417398
3.53113556	-82.89202910
3.53846157	-81.14531167
3.54578758	-88.87581505
3.55311358	-80.93633415
3.56043959	-78.95551849
3.56776560	-84.89021498
3.57509161	-79.53911902
3.58241761	-81.76572999
3.58974362	-88.05861562
3.59706963	-78.98053115
3.60439563	-79.64268248
3.61172164	-84.53118264
3.61904765	-88.27444184
3.62637366	-88.17122495
3.63369966	-86.32070317
3.64102567	-91.87012802
3.64835168	-79.55549887
3.65567769	-77.77927113
3.66300369	-82.60805336
3.67032970	-86.97367034
3.67765571	-85.54590610
3.68498172	-78.80968931
3.69230772	-78.00185445
3.69963373	-79.48259055
3.70695974	-81.05847956
3.71428575	-84.11105241
3.72161175	-86.10538484
3.72893776	-86.60491857
3.73626377	-88.20858680
3.74358978	-78.36569727
3.75091578	-76.28140329
3.75824179	-88.51675903
3.76556780	-76.57199974
3.77289380	-77.70750584
3.78021981	-87.98928153
3.78754582	-78.94292002
3.79487183	-89.85478272
3.80219783	-87.03415002
3.80952384	-78.84082128
3.81684985	-78.31007873
3.82417586	-99.07080374
3.83150186	-88.31002049
3.83882787	-82.42174637
3.84615388	-79.09123347
3.85347989	-83.54573702
3.86080589	-76.33873396
3.86813190	-79.92010708
3.87545791	-86.51701021
3.88278392	-79.99016959
3.89010992	-77.21047766
3.89743593	-82.81407748
3.90476194	-81.78556934
3.91208795	-80.97047993
3.91941395	-87.19819500
3.92673996	-87.92330031
3.93406597	-78.29864716
3.94139197	-77.00426790
3.94871798	-83.23504396
3.95604399	-85.01039453
3.96337000	-82.96445400
3.97069600	-90.31711762
3.97802201	-81.13042020
3.98534802	-86.31893514
3.99267403	-80.84065604
4.00000003	-78.97722403
4.00732604	-81.64543108
4.01465205	-76.96345443
4.02197806	-74.08960855
4.02930406	-76.81920578
4.03663007	-91.72553526
4.04395608	-80.05214518
4.05128209	-77.13068057
4.05860809	-80.39556806
4.06593410	-87.82902373
4.07326011	-84.50937308
4.08058612	-82.21405517
4.08791212	-91.07234098
4.09523813	-82.44102716
4.10256414	-78.76261185
4.10989014	-82.13338584
4.11721615	-82.22153579
4.12454216	-88.94203846
4.13186817	-86.39547681
4.13919417	-78.93546756
4.14652018	-73.61469200
4.15384619	-77.15210404
4.16117220	-85.99232913
4.16849820	-76.13773686
4.17582421	-78.98713129
4.18315022	-95.12355524
4.19047623	-84.74427667
4.19780223	-82.28373065
4.20512824	-84.36927412
4.21245425	-84.39888947
4.21978026	-82.60799824
4.22710626	-82.68485490
4.23443227	-89.76109428
4.24175828	-82.83320564
4.24908429	-87.37826302
4.25641029	-81.98864380
4.26373630	-82.25827498
4.27106231	-89.84334323
4.27838831	-84.62966266
4.28571432	-86.58059048
4.29304033	-82.10684357
4.30036634	-89.72068627
4.30769234	-85.20529475
4.31501835	-76.39074161
4.32234436	-77.14293479
4.32967037	-91.33195145
4.33699637	-79.76154440
4.34432238	-92.60691535
4.35164839	-79.76186123
4.35897440	-84.28895878
4.36630040	-87.13123608
4.37362641	-87.65441400
4.38095242	-81.59976303
4.38827843	-84.22667820
4.39560443	-82.00823564
4.40293044	-77.54925296
4.41025645	-78.05602062
4.41758245	-79.60168060
4.42490846	-83.92085143
4.43223447	-96.93745760
4.43956048	-81.26389415
4.44688648	-84.45350535
4.45421249	-100.76475399
4.46153850	-88.31537955
4.46886451	-84.65454465
4.47619051	-85.60510907
4.48351652	-79.93959488
4.49084253	-78.69991495
4.49816854	-81.46573808
4.50549454	-82.68510263
4.51282055	-79.19339129
4.52014656	-77.32539479
4.52747257	-76.53490067
4.53479857	-89.83910532
4.54212458	-81.28554839
4.54945059	-80.54020887
4.55677660	-76.59179825
4.56410260	-77.73517182
4.57142861	-78.87348551
4.57875462	-80.88029574
4.58608062	-78.51255967
4.59340663	-79.95141910
4.60073264	-83.49673300
4.60805865	-82.98747642
4.61538465	-88.01748777
4.62271066	-98.03412921
4.63003667	-84.71583636
4.63736268	-80.77541156
4.64468868	-80.62457723
4.65201469	-87.21419262
4.65934070	-88.59800899
4.66666671	-90.84822385
4.67399271	-86.96591739
4.68131872	-84.74736877
4.68864473	-87.79365019
4.69597074	-81.97035964
4.70329674	-93.56261264
4.71062275	-80.41780802
4.71794876	-83.82264343
4.72527477	-86.40682766
4.73260077	-82.60719428
4.73992678	-95.74356408
4.74725279	-91.42735905
4.75457879	-88.71408785
4.76190480	-103.78001698
4.76923081	-85.46600035
4.77655682	-83.22182484
4.78388282	-80.19299860
4.79120883	-88.01457881
4.79853484	-84.35425165
4.80586085	-85.07055511
4.81318685	-83.73936522
4.82051286	-85.76226747
4.82783887	-87.58006763
4.83516488	-83.86641202
4.84249088	-89.70288884
4.84981689	-77.88176211
4.85714290	-77.04812582
4.86446891	-79.93880219
4.87179491	-87.61368518
4.87912092	-87.46784365
4.88644693	-84.19175334
4.89377294	-86.65004749
4.90109894	-86.08981721
4.90842495	-83.74369262
4.91575096	-82.96110695
4.92307696	-78.61955928
4.93040297	-76.71770523
4.93772898	-83.20955228
4.94505499	-83.45737294
4.95238099	-80.58927447
4.95970700	-79.00114645
4.96703301	-78.39857624
4.97435902	-81.83679211
4.98168502	-82.57591316
4.98901103	-95.54276446
4.99633704	-82.41115386
5.00366305	-85.06816821
5.01098905	-82.42537524
5.01831506	-82.97933784
5.02564107	-85.28921412
5.03296708	-83.15117541
5.04029308	-91.56681150
5.04761909	-80.12213952
5.05494510	-79.85197265
5.06227111	-80.42217231
5.06959711	-85.53926262
5.07692312	-86.98014117
5.08424913	-80.48053808
5.09157513	-79.03052122
5.09890114	-77.89129530
5.10622715	-78.30628116
5.11355316	-80.14372384
5.12087916	-82.09244965
5.12820517	-84.61357061
5.13553118	-91.25158871
5.14285719	-83.06031379
5.15018319	-80.39608550
5.15750920	-78.98360036
5.16483521	-78.55570880
5.17216122	-80.18100745
5.17948722	-81.34951610
5.18681323	-80.93818729
5.19413924	-83.89570142
5.20146525	-91.56404160
5.20879125	-88.43702462
5.21611726	-80.35093253
5.22344327	-77.48329205
5.23076928	-81.49338365
5.23809528	-76.97674367
5.24542129	-79.40095752
5.25274730	-81.15320453
5.26007330	-76.04975434
5.26739931	-76.97545719
5.27472532	-83.21408130
5.28205133	-87.58269394
5.28937733	-99.52886930
5.29670334	-87.05297579
5.30402935	-83.42664402
5.31135536	-80.04563299
5.31868136	-79.82343742
5.32600737	-81.54590816
5.33333338	-82.19419351
5.34065939	-83.60941331
5.34798539	-86.12235198
5.35531140	-94.09131102
5.36263741	-82.40772572
5.36996342	-86.47066019
5.37728942	-94.24118275
5.38461543	-90.56800226
5.39194144	-82.73142226
5.39926744	-85.17854236
5.40659345	-93.90188197
5.41391946	-83.74912193
5.42124547	-80.39883070
5.42857147	-82.80975066
5.43589748	-92.78542818
5.44322349	-85.82351764
5.45054950	-85.07091365
5.45787550	-85.30390113
5.46520151	-84.65015259
5.47252752	-83.80627759
5.47985353	-85.15137832
5.48717953	-84.56490183
5.49450554	-85.16477401
5.50183155	-103.18796560
5.50915756	-85.07197216
5.51648356	-81.87058192
5.52380957	-79.94353967
5.53113558	-83.58997135
5.53846159	-95.63964306
5.54578759	-90.35890954
5.55311360	-80.39509349
5.56043961	-83.97669411
5.56776561	-77.26544981
5.57509162	-78.65234308
5.58241763	-88.17026553
5.58974364	-82.49329593
5.59706964	-87.76186390
5.60439565	-79.91321379
5.61172166	-79.46773086
5.61904767	-85.73108255
5.62637367	-79.46544297
5.63369968	-78.03934513
5.64102569	-98.13188916
5.64835170	-80.91096097
5.65567770	-76.79517665
5.66300371	-78.90730010
5.67032972	-77.45918112
5.67765573	-78.21067195
5.68498173	-86.95726272
5.69230774	-79.12807066
5.69963375	-81.17806474
5.70695976	-77.03010386
5.71428576	-82.09037355
5.72161177	-82.16783563
5.72893778	-87.85031726
5.73626378	-81.29839961
5.74358979	-78.79142168
5.75091580	-84.55764367
5.75824181	-92.25645582
5.76556781	-86.75178447
5.77289382	-79.63998604
5.78021983	-77.72767633
5.78754584	-81.89986260
5.79487184	-90.94937775
5.80219785	-81.96471684
5.80952386	-83.21398282
5.81684987	-82.30436206
5.82417587	-82.59898731
5.83150188	-84.86441912
5.83882789	-80.36523263
5.84615390	-82.80328164
5.85347990	-82.51750043
5.86080591	-78.34901630
5.86813192	-79.35242058
5.87545793	-87.43065565
5.88278393	-87.46969292
5.89010994	-85.25750160
5.89743595	-94.37957949
5.90476195	-84.51568375
5.91208796	-86.46539652
5.91941397	-87.23014498
5.92673998	-85.02491591
5.93406598	-86.97060137
5.94139199	-79.32149623
5.94871800	-78.27370292
5.95604401	-97.16305730
5.96337001	-79.56347954
5.97069602	-79.48608384
5.97802203	-94.61801452
5.98534804	-86.64678963
5.99267404	-87.32433900
6.00000005	-83.40514969
6.00732606	-83.45005682
6.01465207	-129.71246777
6.02197807	-82.67205463
6.02930408	-78.31079776
6.03663009	-77.36414110
6.04395610	-78.42828681
6.05128210	-78.29513727
6.05860811	-83.70630189
6.06593412	-89.83283807
6.07326012	-81.43763829
6.08058613	-83.14461050
6.08791214	-83.07525300
6.09523815	-80.29558942
6.10256415	-79.04960713
6.10989016	-82.14782398
6.11721617	-81.42965373
6.12454218	-81.31589642
6.13186818	-86.43639498
6.13919419	-81.97568013
6.14652020	-85.88901783
6.15384621	-86.72335568
6.16117221	-84.99368825
6.16849822	-81.11850497
6.17582423	-90.08991682
6.18315024	-87.01876619
6.19047624	-84.17940409
6.19780225	-86.11186656
6.20512826	-81.20084628
6.21245426	-81.24595224
6.21978027	-84.78475020
6.22710628	-88.95154544
6.23443229	-81.65983530
6.24175829	-87.58310097
6.24908430	-86.06569755
6.25641031	-79.57096240
6.26373632	-79.31830759
6.27106232	-85.50388866
6.27838833	-79.58561941
6.28571434	-76.95945796
6.29304035	-77.88775416
6.30036635	-79.61743486
6.30769236	-84.43694040
6.31501837	-85.55212596
6.32234438	-78.10336492
6.32967038	-76.80840343
6.33699639	-80.24889249
6.34432240	-84.52990672
6.35164841	-76.62686621
6.35897441	-76.87538944
6.36630042	-85.59372333
6.37362643	-89.81398497
6.38095243	-82.87713353
6.38827844	-84.87591518
6.39560445	-88.40650412
6.40293046	-77.74027187
6.41025646	-75.94742947
6.41758247	-78.23740467
6.42490848	-89.19517088
6.43223449	-78.20066363
6.43956049	-79.78164387
6.44688650	-86.53713318
6.45421251	-82.21180546
6.46153852	-80.21527284
6.46886452	-78.49665519
6.47619053	-82.70417920
6.48351654	-89.31494248
6.49084255	-90.98998260
6.49816855	-88.21182035
6.50549456	-84.99461102
6.51282057	-87.14193446
6.52014658	-81.00875905
6.52747258	-82.12945450
6.53479859	-83.93778023
6.54212460	-80.95333849
6.54945060	-82.82642693
6.55677661	-82.39574716
6.56410262	-88.91595077
6.57142863	-86.81064546
6.57875463	-92.47448027
6.58608064	-83.75207162
6.59340665	-79.34845037
6.60073266	-80.13537805
6.60805866	-82.54489851
6.61538467	-89.28786457
6.62271068	-97.51438080
6.63003669	-86.53852735
6.63736269	-86.36005616
6.64468870	-83.88467231
6.65201471	-84.89736278
6.65934072	-87.60440705
6.66666672	-82.61652002
6.67399273	-99.68324334
6.68131874	-79.37217281
6.68864475	-79.72830644
6.69597075	-92.80880530
6.70329676	-79.35327654
6.71062277	-85.02301042
6.71794877	-87.20565386
6.72527478	-86.87336373
6.73260079	-80.67490571
6.73992680	-82.31823370
6.74725280	-82.63170492
6.75457881	-79.50431731
6.76190482	-83.74393092
6.76923083	-84.88497268
6.77655683	-84.21471445
6.78388284	-89.32140081
6.79120885	-80.91469685
6.79853486	-89.28519755
6.80586086	-82.76062475
6.81318687	-79.65110211
6.82051288	-89.02553332
6.82783889	-83.20938772
6.83516489	-79.79865873
6.84249090	-85.70935159
6.84981691	-85.18738948
6.85714292	-89.41696401
6.86446892	-81.40936760
6.87179493	-77.49686628
6.87912094	-81.74461137
6.88644694	-97.74457460
6.89377295	-81.28387095
6.90109896	-77.62146719
6.90842497	-81.56345128
6.91575097	-94.95179151
6.92307698	-87.00364207
6.93040299	-85.54171203
6.93772900	-81.79959782
6.94505500	-79.44059463
6.95238101	-78.59212784
6.95970702	-79.31042778
6.96703303	-79.73364450
6.97435903	-81.33248636
6.98168504	-89.53025782
6.98901105	-82.43361643
6.99633706	-78.17979969
7.00366306	-77.27511011
7.01098907	-79.36357716
7.01831508	-87.34337791
7.02564109	-97.88227225
7.03296709	-89.27896229
7.04029310	-87.71882590
7.04761911	-85.22984016
7.05494511	-83.82563816
7.06227112	-83.37156890
7.06959713	-85.54885853
7.07692314	-77.80650156
7.08424914	-76.10752413
7.09157515	-81.21397034
7.09890116	-86.03547069
7.10622717	-83.24804089
7.11355317	-83.75093005
7.12087918	-84.68930834
7.12820519	-79.47666556
7.13553120	-76.69319512
7.14285720	-81.07376555
7.15018321	-92.19378019
7.15750922	-84.45589868
7.16483523	-94.34237630
7.17216123	-83.24414373
7.17948724	-78.02787891
7.18681325	-80.60013757
7.19413925	-85.57137478
7.20146526	-77.86224902
7.20879127	-78.78797174
7.21611728	-83.05325449
7.22344328	-83.67019066
7.23076929	-79.82627217
7.23809530	-81.17948341
7.24542131	-86.47211455
7.25274731	-78.33013524
7.26007332	-77.81333407
7.26739933	-82.78808394
7.27472534	-101.26136075
7.28205134	-83.73969048
7.28937735	-81.96492089
7.29670336	-85.87362350
7.30402937	-86.86102958
7.31135537	-80.90011802
7.31868138	-80.18880923
7.32600739	-78.22790856
7.33333340	-78.74376961
7.34065940	-81.64392737
7.34798541	-83.50432485
7.35531142	-92.56347145
7.36263742	-82.20036184
7.36996343	-86.73465797
7.37728944	-76.68863794
7.38461545	-76.09566755
7.39194145	-91.08161796
7.39926746	-81.23959730
7.40659347	-83.16806456
7.41391948	-80.68202027
7.42124548	-80.39509851
7.42857149	-90.55560694
7.43589750	-80.75125657
7.44322351	-79.83276098
7.45054951	-79.03650894
7.45787552	-77.09448110
7.46520153	-79.05645454
7.47252754	-85.99502605
7.47985354	-108.10409755
7.48717955	-84.13257057
7.49450556	-80.40390958
7.50183157	-89.68300523
7.50915757	-77.66088382
7.51648358	-75.58210092
7.52380959	-79.38056469
7.53113559	-80.24473873
7.53846160	-81.44032131
7.54578761	-94.30312147
7.55311362	-86.79188815
7.56043962	-82.20024925
7.56776563	-78.03137080
7.57509164	-86.09390153
7.58241765	-81.05236168
7.58974365	-84.08042543
7.59706966	-83.79010825
7.60439567	-79.95051811
7.61172168	-86.04613660
7.61904768	-84.46982137
7.62637369	-83.96204040
7.63369970	-82.32080348
7.64102571	-77.17785508
7.64835171	-83.87027446
7.65567772	-84.13615186
7.66300373	-83.37177069
7.67032974	-92.54870373
7.67765574	-84.84700249
7.68498175	-84.27630044
7.69230776	-79.80268095
7.69963376	-79.06457279
7.70695977	-81.00934600
7.71428578	-78.58495081
7.72161179	-79.71367163
7.72893779	-83.85107107
7.73626380	-83.62220932
7.74358981	-80.46675695
7.75091582	-82.91341082
7.75824182	-99.05443236
7.76556783	-87.15591974
7.77289384	-82.11571050
7.78021985	-79.97394065
7.78754585	-80.49756871
7.79487186	-87.53504862
7.80219787	-87.55876709
7.80952388	-79.01473051
7.81684988	-77.43147219
7.82417589	-80.51496540
7.83150190	-94.37869741
7.83882791	-84.89172894
7.84615391	-80.49582513
7.85347992	-77.87000620
7.86080593	-77.89095121
7.86813193	-92.11144953
7.87545794	-83.29528187
7.88278395	-87.90720864
7.89010996	-80.49931970
7.89743596	-81.13417635
7.90476197	-85.97267998
7.91208798	-81.43659997
7.91941399	-88.51081085
7.92673999	-90.14269280
7.93406600	-87.21031144
7.94139201	-85.73174330
7.94871802	-88.50644909
7.95604402	-80.23219471
7.96337003	-80.28742054
7.97069604	-92.81543560
7.97802205	-88.94404200
7.98534805	-82.94105657
7.99267406	-85.68791977
8.00000007	-97.64864758
8.00732608	-90.88383804
8.01465208	-84.60793379
8.02197809	-83.90854223
8.02930410	-91.32209958
8.03663010	-78.62607547
8.04395611	-77.60942424
8.05128212	-82.98031859
8.05860813	-97.52644151
8.06593413	-84.66911477
8.07326014	-85.45602779
8.08058615	-91.17331535
8.08791216	-84.82112675
8.09523816	-80.30811959
8.10256417	-75.90094869
8.10989018	-76.92263861
8.11721619	-87.50511039
8.12454219	-83.93355201
8.13186820	-85.98321151
8.13919421	-99.29813397
8.14652022	-78.26725842
8.15384622	-75.84349022
8.16117223	-90.42205747
8.16849824	-79.28274973
8.17582424	-83.06680289
8.18315025	-78.13807662
8.19047626	-77.97368311
8.19780227	-84.36894222
8.20512827	-91.69113453
8.21245428	-88.19185634
8.21978029	-83.93389498
8.22710630	-86.44733298
8.23443230	-82.80891931
8.24175831	-81.78019219
8.24908432	-77.72383049
8.25641033	-80.98262276
8.26373633	-84.99272487
8.27106234	-81.93192777
8.27838835	-89.39581102
8.28571436	-81.89836086
8.29304036	-83.63203853
8.30036637	-82.56203315
8.30769238	-78.94030591
8.31501839	-80.10992514
8.32234439	-80.11066692
8.32967040	-79.89628338
8.33699641	-78.50739722
8.34432241	-81.41032772
8.35164842	-93.61819227
8.35897443	-94.86973581
8.36630044	-90.01622128
8.37362644	-88.39476701
8.38095245	-82.11985394
8.38827846	-80.04594024
8.39560447	-84.56290564
8.40293047	-110.43834969
8.41025648	-88.32936203
8.41758249	-96.68017784
8.42490850	-88.56102301
8.43223450	-84.73387654
8.43956051	-80.67080637
8.44688652	-81.87722260
8.45421253	-81.79833574
8.46153853	-81.42512212
8.46886454	-85.53228405
8.47619055	-77.95895834
8.48351656	-77.98157966
8.49084256	-79.05498254
8.49816857	-86.01435562
8.50549458	-83.91459325
8.51282058	-88.57919359
8.52014659	-80.17835612
8.52747260	-76.90357238
8.53479861	-79.97923405
8.54212461	-76.20520371
8.54945062	-83.68788014
8.55677663	-80.22234627
8.56410264	-80.61375649
8.57142864	-80.65576685
8.57875465	-80.19310776
8.58608066	-84.28709659
8.59340667	-76.26787776
8.60073267	-82.88154913
8.60805868	-80.39541773
8.61538469	-84.35660469
8.62271070	-83.24225809
8.63003670	-87.69411862
8.63736271	-80.35527834
8.64468872	-79.28341723
8.65201473	-92.80395526
8.65934073	-80.30480488
8.66666674	-75.51557543
8.67399275	-72.30310104
8.68131875	-75.06537886
8.68864476	-75.21502502
8.69597077	-77.25338936
8.70329678	-88.95642331
8.71062278	-77.56399691
8.71794879	-82.26382320
8.72527480	-97.78754651
8.73260081	-89.40797109
8.73992681	-84.65933298
8.74725282	-87.89998512
8.75457883	-92.80023059
8.76190484	-84.37535670
8.76923084	-83.77731892
8.77655685	-90.53653368
8.78388286	-83.31194289
8.79120887	-79.41885759
8.79853487	-84.17472391
8.80586088	-85.72785580
8.81318689	-86.99883399
8.82051290	-91.83369890
8.82783890	-85.36599189
8.83516491	-81.42528119
8.84249092	-80.89151318
8.84981692	-86.20015417
8.85714293	-85.68703194
8.86446894	-88.63051047
8.87179495	-85.33955257
8.87912095	-79.68481266
8.88644696	-84.58236248
8.89377297	-90.06534649
8.90109898	-84.94928854
8.90842498	-87.75711433
8.91575099	-75.20430717
8.92307700	-73.25321416
8.93040301	-75.65806951
8.93772901	-81.60445575
8.94505502	-89.16561297
8.95238103	-85.54518565
8.95970704	-79.47064610
8.96703304	-78.17950365
8.97435905	-81.29010035
8.98168506	-84.61619133
8.98901107	-86.24710776
8.99633707	-85.09351960
9.00366308	-84.91539136
9.01098909	-91.54808358
9.01831509	-82.11249100
9.02564110	-82.49063591
9.03296711	-83.80570138
9.04029312	-81.33798801
9.04761912	-81.57109043
9.05494513	-92.71143731
9.06227114	-86.61960053
9.06959715	-84.75770266
9.07692315	-79.32997369
9.08424916	-77.88228153
9.09157517	-82.84125558
9.09890118	-89.70392663
9.10622718	-90.97853834
9.11355319	-81.90961401
9.12087920	-81.47616557
9.12820521	-83.93250719
9.13553121	-88.62974182
9.14285722	-81.99419671
9.15018323	-78.59226489
9.15750923	-78.92752659
9.16483524	-81.36463880
9.17216125	-78.77445787
9.17948726	-77.76840881
9.18681326	-81.89313079
9.19413927	-99.05256688
9.20146528	-98.10970676
9.20879129	-83.40632935
9.21611729	-81.25047599
9.22344330	-82.88660002
9.23076931	-79.38518744
9.23809532	-80.99584001
9.24542132	-87.09549635
9.25274733	-84.41316574
9.26007334	-87.51689967
9.26739935	-103.83243228
9.27472535	-92.94285414
9.28205136	-100.75786848
9.28937737	-99.03544837
9.29670338	-84.13050691
9.30402938	-75.98769922
9.31135539	-75.57374353
9.31868140	-80.81239645
9.32600740	-87.92843801
9.33333341	-86.95545520
9.34065942	-82.61596436
9.34798543	-83.15985404
9.35531143	-80.15834406
9.36263744	-86.11133394
9.36996345	-107.80554843
9.37728946	-93.16858452
9.38461546	-88.25449630
9.39194147	-93.80169102
9.39926748	-96.37676514
9.40659349	-86.80490572
9.41391949	-85.28445392
9.42124550	-90.22061173
9.42857151	-80.37730998
9.43589752	-78.28625180
9.44322352	-80.25207262
9.45054953	-77.42912705
9.45787554	-79.33930339
9.46520155	-82.94173761
9.47252755	-77.95996183
9.47985356	-78.64611238
9.48717957	-83.08855425
9.49450557	-87.63097247
9.50183158	-80.73378624
9.50915759	-82.01070846
9.51648360	-88.25063774
9.52380960	-100.94306947
9.53113561	-82.17099744
9.53846162	-78.98711173
9.54578763	-83.38328087
9.55311363	-106.76227578
9.56043964	-87.06882628
9.56776565	-80.31875567
9.57509166	-79.47372222
9.58241766	-88.58956379
9.58974367	-85.15424513
9.59706968	-82.70306158
9.60439569	-82.34022689
9.61172169	-83.98665196
9.61904770	-84.78851444
9.62637371	-78.67892937
9.63369972	-79.50272711
9.64102572	-84.79699489
9.64835173	-79.83462298
9.65567774	-82.74468206
9.66300374	-87.30832026
9.67032975	-88.81306086
9.67765576	-80.36637174
9.68498177	-77.27763192
9.69230777	-78.49683864
9.69963378	-83.14045479
9.70695979	-78.08048633
9.71428580	-75.79161794
9.72161180	-79.18772280
9.72893781	-89.32882686
9.73626382	-96.50552420
9.74358983	-83.34711809
9.75091583	-81.91741781
9.75824184	-90.12486921
9.76556785	-75.72745184
9.77289386	-75.47837087
9.78021986	-84.88814008
9.78754587	-85.96361297
9.79487188	-83.29851221
9.80219789	-89.03724732
9.80952389	-96.64237579
9.81684990	-85.79447693
9.82417591	-83.67272033
9.83150191	-89.71273154
9.83882792	-82.50945272
9.84615393	-78.64732401
9.85347994	-82.28607011
9.86080594	-86.05918764
9.86813195	-81.65322506
9.87545796	-79.20089451
9.88278397	-80.11713263
9.89010997	-82.07443261
9.89743598	-85.22474834
9.90476199	-81.43179851
9.91208800	-84.08304766
9.91941400	-82.12465744
9.92674001	-84.62810599
9.93406602	-76.32571904
9.94139203	-75.66145182
9.94871803	-81.32845253
9.95604404	-82.72988089
9.96337005	-80.26311056
9.97069606	-84.54112383
9.97802206	-84.95025249
9.98534807	-90.45967345
9.99267408	-84.52599013
10.00000008	-79.81829921
10.00732609	-79.83488415
10.01465210	-79.33614360
10.02197811	-80.92435423
10.02930411	-98.13220547
10.03663012	-79.86582743
10.04395613	-78.48281770
10.05128214	-79.69913699
10.05860814	-88.93373529
10.06593415	-82.26202735
10.07326016	-85.62628146
10.08058617	-82.39432115
10.08791217	-80.02624825
10.09523818	-89.28970865
10.10256419	-94.51069614
10.10989020	-88.93636709
10.11721620	-81.09586319
10.12454221	-77.93620563
10.13186822	-86.96632224
10.13919422	-78.53253502
10.14652023	-77.57801356
10.15384624	-78.49557690
10.16117225	-79.86461398
10.16849825	-85.93111718
10.17582426	-86.10353711
10.18315027	-86.26552316
10.19047628	-86.31945209
10.19780228	-99.47394400
10.20512829	-95.32042180
10.21245430	-80.18453400
10.21978031	-82.36007621
10.22710631	-82.73771684
10.23443232	-80.20041746
10.24175833	-75.52085903
10.24908434	-73.33413022
10.25641034	-81.54645528
10.26373635	-77.84755104
10.27106236	-75.51555042
10.27838837	-79.07813707
10.28571437	-82.99432766
10.29304038	-84.39322369
10.30036639	-87.04714979
10.30769239	-84.10081305
10.31501840	-80.50580981
10.32234441	-81.88138487
10.32967042	-79.63226062
10.33699642	-86.57785006
10.34432243	-78.52635650
10.35164844	-77.87597241
10.35897445	-86.93925961
10.36630045	-87.95692711
10.37362646	-78.30128811
10.38095247	-79.26806069
10.38827848	-92.87240484
10.39560448	-93.27605247
10.40293049	-84.17142407
10.41025650	-82.58015807
10.41758251	-80.13417664
10.42490851	-80.60714220
10.43223452	-79.36294803
10.43956053	-77.09026190
10.44688654	-81.98264687
10.45421254	-85.08508474
10.46153855	-85.01703388
10.46886456	-90.15513518
10.47619056	-95.68045609
10.48351657	-89.04902774
10.49084258	-87.42951924
10.49816859	-84.65400702
10.50549459	-82.20532330
10.51282060	-85.56466357
10.52014661	-90.21340561
10.52747262	-81.51733662
10.53479862	-80.56994416
10.54212463	-90.44755468
10.54945064	-85.91923228
10.55677665	-84.64223590
10.56410265	-78.13847633
10.57142866	-80.22912574
10.57875467	-86.89897449
10.58608068	-90.93135236
10.59340668	-86.14267464
10.60073269	-83.45608069
10.60805870	-88.08526407
10.61538471	-97.00312534
10.62271071	-88.38734278
10.63003672	-95.69247665
10.63736273	-82.21791199
10.64468873	-86.44895722
10.65201474	-78.86207226
10.65934075	-78.21443138
10.66666676	-91.45511539
10.67399276	-87.88717000
10.68131877	-91.85779863
10.68864478	-81.17610496
10.69597079	-79.13154607
10.70329679	-94.83357675
10.71062280	-84.79869105
10.71794881	-103.54212550
10.72527482	-83.20562116
10.73260082	-86.34760859
10.73992683	-95.31536033
10.74725284	-85.55652098
10.75457885	-86.28426528
10.76190485	-85.77634125
10.76923086	-77.50013035
10.77655687	-81.30812400
10.78388288	-83.79773790
10.79120888	-80.61773771
10.79853489	-82.24668291
10.80586090	-79.57878369
10.81318690	-80.68490961
10.82051291	-77.92138095
10.82783892	-86.10169759
10.83516493	-78.60023921
10.84249093	-76.13257814
10.84981694	-87.38574257
10.85714295	-80.56778742
10.86446896	-79.03375044
10.87179496	-88.97232936
10.87912097	-86.44702248
10.88644698	-85.75147170
10.89377299	-90.88673276
10.90109899	-90.12303740
10.90842500	-80.87808161
10.91575101	-76.68426547
10.92307702	-77.65878309
10.93040302	-82.70529520
10.93772903	-87.50165627
10.94505504	-74.42017296
10.95238105	-73.70225393
10.95970705	-80.96638948
10.96703306	-78.80599420
10.97435907	-88.50732800
10.98168507	-79.18344156
10.98901108	-76.93099832
10.99633709	-83.93974008
11.00366310	-84.44413074
11.01098910	-85.37665368
11.01831511	-82.89034503
11.02564112	-88.07921522
11.03296713	-87.45345720
11.04029313	-82.63466260
11.04761914	-86.05026789
11.05494515	-85.19619014
11.06227116	-79.64594027
11.06959716	-78.90094172
11.07692317	-80.78440850
11.08424918	-83.55798177
11.09157519	-92.53781939
11.09890119	-87.43099329
11.10622720	-81.01262888
11.11355321	-84.72450643
11.12087921	-86.90926889
11.12820522	-84.04662314
11.13553123	-85.73603487
11.14285724	-89.99175750
11.15018324	-87.53352724
11.15750925	-88.19306324
11.16483526	-88.35673889
11.17216127	-83.91050246
11.17948727	-79.70935561
11.18681328	-79.96661406
11.19413929	-80.41124784
11.20146530	-86.23313854
11.20879130	-81.81494419
11.21611731	-80.86848868
11.22344332	-85.97283465
11.23076933	-77.35639212
11.23809533	-83.77010079
11.24542134	-79.69023338
11.25274735	-76.21856253
11.26007336	-80.10924968
11.26739936	-89.43929644
11.27472537	-84.95014259
11.28205138	-81.81057949
11.28937738	-90.81221311
11.29670339	-81.24228892
11.30402940	-78.65859296
11.31135541	-84.03913055
11.31868141	-82.55699362
11.32600742	-80.65922387
11.33333343	-75.93131847
11.34065944	-79.67218399
11.34798544	-87.11198634
11.35531145	-93.19010645
11.36263746	-86.65348988
11.36996347	-102.76083319
11.37728947	-81.15150033
11.38461548	-80.65507013
11.39194149	-98.26803373
11.39926750	-82.93111501
11.40659350	-94.77888986
11.41391951	-82.45398893
11.42124552	-80.50392723
11.42857153	-86.45940087
11.43589753	-96.85838665
11.44322354	-91.33512675
11.45054955	-85.61531519
11.45787555	-84.96096439
11.46520156	-85.04415603
11.47252757	-83.04576075
11.47985358	-81.10549374
11.48717958	-81.38310730
11.49450559	-82.19933371
11.50183160	-81.72803776
11.50915761	-81.29361040
11.51648361	-83.79792387
11.52380962	-97.21186099
11.53113563	-84.76311787
11.53846164	-87.21547111
11.54578764	-84.45845369
11.55311365	-90.94274880
11.56043966	-77.84847946
11.56776567	-79.27601378
11.57509167	-76.76853752
11.58241768	-78.20853783
11.58974369	-78.53329544
11.59706970	-78.78069178
11.60439570	-90.90319018
11.61172171	-79.95826841
11.61904772	-88.87264807
11.62637372	-80.48070636
11.63369973	-91.95327557
11.64102574	-79.28982771
11.64835175	-77.15962260
11.65567775	-84.17910497
11.66300376	-90.42948139
11.67032977	-87.57046591
11.67765578	-91.81552217
11.68498178	-96.12864985
11.69230779	-91.59470707
11.69963380	-84.37982750
11.70695981	-86.70177563
11.71428581	-90.53368877
11.72161182	-99.75881352
11.72893783	-87.69607664
11.73626384	-85.13824543
11.74358984	-90.62183941
11.75091585	-90.32431443
11.75824186	-85.60555866
11.76556787	-103.11841908
11.77289387	-85.16139950
11.78021988	-96.72189141
11.78754589	-80.82889658
11.79487189	-81.45621277
11.80219790	-85.46471966
11.80952391	-79.07974931
11.81684992	-88.82088812
11.82417592	-83.78277235
11.83150193	-83.35772189
11.83882794	-92.57006186
11.84615395	-78.92397921
11.85347995	-79.07546038
11.86080596	-87.74143771
11.86813197	-81.06924230
11.87545798	-82.83261781
11.88278398	-88.42856452
11.89010999	-98.71598312
11.89743600	-85.29997365
11.90476201	-85.39494960
11.91208801	-79.87827189
11.91941402	-77.87442251
11.92674003	-81.04233576
11.93406603	-80.76839060
11.94139204	-104.04288745
11.94871805	-82.31950584
11.95604406	-89.31921941
11.96337006	-93.62200760
11.97069607	-86.47741992
11.97802208	-92.16519823
11.98534809	-80.13789148
11.99267409	-78.92540949
12.00000010	-85.38515818
12.00732611	-76.98930640
12.01465212	-87.26718938
12.02197812	-78.40948785
12.02930413	-82.51903277
12.03663014	-81.50829471
12.04395615	-78.89781693
12.05128215	-77.41080332
12.05860816	-80.80276901
12.06593417	-90.79744141
12.07326018	-90.71685568
12.08058618	-89.44916597
12.08791219	-82.97209819
12.09523820	-79.30369398
12.10256420	-81.69797387
12.10989021	-97.41929010
12.11721622	-88.09835332
12.12454223	-80.21605552
12.13186823	-81.13257829
12.13919424	-100.56468018
12.14652025	-102.06804409
12.15384626	-81.31424688
12.16117226	-78.17281897
12.16849827	-86.53069703
12.17582428	-94.26354322
12.18315029	-84.46898953
12.19047629	-79.13993818
12.19780230	-77.55733255
12.20512831	-76.56256053
12.21245432	-78.61275550
12.21978032	-105.82801923
12.22710633	-82.25996441
12.23443234	-85.95291396
12.24175835	-79.07875134
12.24908435	-83.19099443
12.25641036	-79.52964541
12.26373637	-75.02254180
12.27106237	-78.58292222
12.27838838	-79.05530533
12.28571439	-80.32362549
12.29304040	-86.11308268
12.30036640	-86.85014657
12.30769241	-89.40555034
12.31501842	-86.82844529
12.32234443	-84.19511938
12.32967043	-77.36426563
12.33699644	-83.14206283
12.34432245	-84.74112534
12.35164846	-88.30658012
12.35897446	-78.92552904
12.36630047	-80.49817555
12.37362648	-85.64303302
12.38095249	-81.64027049
12.38827849	-79.94229606
12.39560450	-79.23971471
12.40293051	-87.87529283
12.41025652	-75.78905218
12.41758252	-79.58495432
12.42490853	-84.90877238
12.43223454	-79.42306023
12.43956054	-83.16753404
12.44688655	-89.17734053
12.45421256	-83.59735316
12.46153857	-84.01089922
12.46886457	-98.54250297
12.47619058	-82.11734641
12.48351659	-81.21214359
12.49084260	-85.58054621
12.49816860	-82.17593368
12.50549461	-80.95403336
12.51282062	-87.58983668
12.52014663	-82.80099999
12.52747263	-88.07466046
12.53479864	-79.92409268
12.54212465	-77.83975268
12.54945066	-91.94088362
12.55677666	-84.52142373
12.56410267	-80.70887126
12.57142868	-79.62333432
12.57875469	-87.38735353
12.58608069	-85.08287499
12.59340670	-95.79175859
12.60073271	-81.75156572
12.60805871	-79.85943576
12.61538472	-78.78732063
12.62271073	-79.85584253
12.63003674	-91.46437143
12.63736274	-81.19589599
12.64468875	-78.63789917
12.65201476	-84.17139734
12.65934077	-77.92644205
12.66666677	-76.38502301
12.67399278	-85.88264684
12.68131879	-82.05208231
12.68864480	-82.83751820
12.69597080	-95.05968388
12.70329681	-85.54207497
12.71062282	-83.32070767
12.71794883	-85.46099941
12.72527483	-92.82166386
12.73260084	-86.97901834
12.73992685	-85.68219175
12.74725286	-82.34298340
12.75457886	-90.43066054
12.76190487	-78.97171128
12.76923088	-88.24176655
12.77655688	-78.39673453
12.78388289	-81.34743550
12.79120890	-82.30860752
12.79853491	-78.63563940
12.80586091	-86.23076297
12.81318692	-89.56922584
12.82051293	-92.77653072
12.82783894	-81.53320059
12.83516494	-80.22252468
12.84249095	-80.49330696
12.84981696	-80.60803650
12.85714297	-84.44033123
12.86446897	-84.63969681
12.87179498	-79.72458158
12.87912099	-79.01498265
12.88644700	-80.50759541
12.89377300	-82.62477737
12.90109901	-82.57592478
12.90842502	-83.85379712
12.91575102	-80.05738556
12.92307703	-82.03228996
12.93040304	-81.74377594
12.93772905	-82.90979038
12.94505505	-89.03904620
12.95238106	-104.50322988
12.95970707	-92.01408379
12.96703308	-81.03100449
12.97435908	-75.43995967
12.98168509	-77.47536895
12.98901110	-98.54513180
12.99633711	-83.35163949
13.00366311	-84.55946502
13.01098912	-88.29275266
13.01831513	-93.36266997
13.02564114	-87.21328207
13.03296714	-90.04023214
13.04029315	-95.41149152
13.04761916	-86.67701759
13.05494517	-83.59964462
13.06227117	-80.66436690
13.06959718	-81.05945673
13.07692319	-79.83543324
13.08424919	-80.04898471
13.09157520	-100.79289624
13.09890121	-83.13689018
13.10622722	-81.47858837
13.11355322	-78.99351412
13.12087923	-89.38272630
13.12820524	-78.06782804
13.13553125	-77.86996746
13.14285725	-85.36472741
13.15018326	-78.49384202
13.15750927	-84.64360820
13.16483528	-82.27732346
13.17216128	-83.56337232
13.17948729	-89.47585985
13.18681330	-79.66349022
13.19413931	-81.48490514
13.20146531	-92.15233054
13.20879132	-84.16656358
13.21611733	-83.03215288
13.22344334	-81.90643045
13.23076934	-82.13113287
13.23809535	-83.34931693
13.24542136	-81.66230582
13.25274736	-89.34039424
13.26007337	-94.43013270
13.26739938	-92.02542823
13.27472539	-82.79238981
13.28205139	-86.95813301
13.28937740	-98.30920807
13.29670341	-90.12368527
13.30402942	-94.20554071
13.31135542	-80.76417155
13.31868143	-77.27603551
13.32600744	-78.45712904
13.33333345	-77.98066646
13.34065945	-86.28673224
13.34798546	-85.82873773
13.35531147	-88.32240577
13.36263748	-82.47518268
13.36996348	-83.12747016
13.37728949	-98.70608938
13.38461550	-82.42291599
13.39194151	-80.70905440
13.39926751	-86.18269232
13.40659352	-94.80819405
13.41391953	-82.59892646
13.42124553	-83.34071480
13.42857154	-90.61946540
13.43589755	-77.98680686
13.44322356	-77.50439668
13.45054956	-82.81668730
13.45787557	-92.49389804
13.46520158	-85.83968513
13.47252759	-80.27036272
13.47985359	-77.34663282
13.48717960	-77.48697859
13.49450561	-80.66459195
13.50183162	-86.01362639
13.50915762	-86.59228146
13.51648363	-89.27238467
13.52380964	-93.84043097
13.53113565	-99.08005088
13.53846165	-94.99235408
13.54578766	-85.22768956
13.55311367	-87.18324888
13.56043968	-83.99316239
13.56776568	-82.62953652
13.57509169	-85.23826830
13.58241770	-77.55713611
13.58974370	-76.70610215
13.59706971	-87.00746947
13.60439572	-84.89824225
13.61172173	-96.92361510
13.61904773	-82.69447404
13.62637374	-84.38244645
13.63369975	-85.88627550
13.64102576	-82.90904298
13.64835176	-85.64465232
13.65567777	-87.37457102
13.66300378	-85.55298238
13.67032979	-89.64682271
13.67765579	-84.86135801
13.68498180	-79.08249692
13.69230781	-81.09581333
13.69963382	-86.05833487
13.70695982	-77.68624973
13.71428583	-86.87961670
13.72161184	-78.65965047
13.72893785	-79.34185738
13.73626385	-91.24912826
13.74358986	-79.45451814
13.75091587	-80.37346902
13.75824187	-79.64959171
13.76556788	-81.03425481
13.77289389	-84.40955502
13.78021990	-87.16781863
13.78754590	-85.41963010
13.79487191	-95.05416428
13.80219792	-87.75538326
13.80952393	-83.63090040
13.81684993	-79.99338883
13.82417594	-80.40483812
13.83150195	-83.69883091
13.83882796	-79.89484144
13.84615396	-83.52961063
13.85347997	-89.89714520
13.86080598	-81.29790750
13.86813199	-82.68258186
13.87545799	-90.29109357
13.88278400	-99.49554514
13.89011001	-91.12857377
13.89743601	-84.66287151
13.90476202	-81.87844347
13.91208803	-81.45028201
13.91941404	-82.06193718
13.92674004	-83.82618016
13.93406605	-79.16370940
13.94139206	-80.66112201
13.94871807	-89.10342850
13.95604407	-79.26839998
13.96337008	-78.91753540
13.97069609	-79.25873182
13.97802210	-87.90610369
13.98534810	-83.14914372
13.99267411	-83.43228732
14.00000012	-86.57592670
14.00732613	-80.45170232
14.01465213	-79.25018143
14.02197814	-79.01885965
14.02930415	-82.67587380
14.03663016	-81.50042953
14.04395616	-84.34069819
14.05128217	-84.89394340
14.05860818	-77.88626031
14.06593418	-81.96083655
14.07326019	-86.84342100
14.08058620	-80.35864699
14.08791221	-85.94476771
14.09523821	-86.75606579
14.10256422	-87.10722492
14.10989023	-82.52577409
14.11721624	-75.09983592
14.12454224	-78.85356951
14.13186825	-84.77384304
14.13919426	-85.72555616
14.14652027	-83.81222727
14.15384627	-80.67436448
14.16117228	-112.55407849
14.16849829	-84.64284970
14.17582430	-88.11768690
14.18315030	-86.93624130
14.19047631	-75.87202463
14.19780232	-74.01728637
14.20512833	-81.87353874
14.21245433	-79.86166104
14.21978034	-75.89273215
14.22710635	-79.62517328
14.23443235	-105.17192875
14.24175836	-81.30039640
14.24908437	-81.80459646
14.25641038	-81.73448332
14.26373638	-84.29622331
14.27106239	-80.84287695
14.27838840	-75.77987578
14.28571441	-81.22265159
14.29304041	-88.18457864
14.30036642	-91.96982136
14.30769243	-87.27221396
14.31501844	-80.04466522
14.32234444	-82.20353359
14.32967045	-87.97314707
14.33699646	-79.21991658
14.34432247	-85.31918245
14.35164847	-88.21468594
14.35897448	-87.46773725
14.36630049	-88.90378813
14.37362650	-95.81466286
14.38095250	-83.48134543
14.38827851	-81.61104698
14.39560452	-83.91560469
14.40293052	-86.85364974
14.41025653	-80.50097610
14.41758254	-80.15992354
14.42490855	-88.37168814
14.43223455	-93.03640967
14.43956056	-94.09220267
14.44688657	-80.76708460
14.45421258	-79.55318622
14.46153858	-88.55243739
14.46886459	-86.27022132
14.47619060	-81.47841802
14.48351661	-81.43190423
14.49084261	-99.82012431
14.49816862	-82.07508418
14.50549463	-82.11311620
14.51282064	-88.63051652
14.52014664	-94.98567305
14.52747265	-81.82829022
14.53479866	-82.46562650
14.54212467	-97.36178616
14.54945067	-97.26288736
14.55677668	-92.19072693
14.56410269	-92.59109531
14.57142869	-83.36953445
14.57875470	-82.22597456
14.58608071	-85.01767052
14.59340672	-85.44644558
14.60073272	-81.30845431
14.60805873	-79.56417507
14.61538474	-82.94897754
14.62271075	-85.29650939
14.63003675	-87.89452925
14.63736276	-96.98703361
14.64468877	-82.62350501
14.65201478	-84.45689425
14.65934078	-82.93307759
14.66666679	-78.09632890
14.67399280	-77.26585411
14.68131881	-81.28897574
14.68864481	-82.49716710
14.69597082	-77.88593257
14.70329683	-76.06731947
14.71062284	-75.97545661
14.71794884	-78.81370807
14.72527485	-76.07700696
14.73260086	-82.20560986
14.73992686	-79.04708742
14.74725287	-78.87515373
14.75457888	-91.00332248
14.76190489	-84.43546613
14.76923089	-94.66725581
14.77655690	-86.69823718
14.78388291	-85.41511219
14.79120892	-89.00380799
14.79853492	-86.81905562
14.80586093	-86.35997037
14.81318694	-92.74668247
14.82051295	-85.86166285
14.82783895	-83.58949020
14.83516496	-96.60459886
14.84249097	-87.03572147
14.84981698	-91.51637032
14.85714298	-85.38304982
14.86446899	-80.94324260
14.87179500	-82.92795589
14.87912100	-87.63053743
14.88644701	-85.69562102
14.89377302	-95.38514277
14.90109903	-80.68707383
14.90842503	-81.60907710
14.91575104	-86.99104413
14.92307705	-81.59693994
14.93040306	-78.18749514
14.93772906	-81.55329591
14.94505507	-103.29484761
14.95238108	-90.46849476
14.95970709	-98.13592685
14.96703309	-90.98592063
14.97435910	-93.85248651
14.98168511	-99.33499753
14.98901112	-86.02723818
14.99633712	-82.70618495
