# Menlo Systems GmbH ScanControl
# Program Version 1.3.3
# Start: -65.00000000 ps, Average over 1000 waveforms. Timestamp: 2020-06-27T14:34:19
# Time [ps]	THz Signal [a.u.]
-65.06666594	0.00000000
-65.03333261	0.00000002
-64.99999927	0.00000007
-64.96666594	0.00000014
-64.93333261	0.00000030
-64.89999927	0.00000047
-64.86666594	0.00000048
-64.83333261	0.00000057
-64.79999927	0.00000082
-64.76666594	0.00000112
-64.73333261	0.00000100
-64.69999927	0.00000138
-64.66666594	0.00000085
-64.63333261	0.00000045
-64.59999928	0.00000033
-64.56666594	0.00000011
-64.53333261	-0.00000066
-64.49999928	0.00000013
-64.46666594	-0.00000187
-64.43333261	-0.00000356
-64.39999928	-0.00000429
-64.36666594	-0.00000295
-64.33333261	-0.00000301
-64.29999928	-0.00000656
-64.26666595	-0.00001061
-64.23333261	-0.00001328
-64.19999928	-0.00001599
-64.16666595	-0.00001690
-64.13333261	-0.00001752
-64.09999928	-0.00002208
-64.06666595	-0.00002420
-64.03333261	-0.00002852
-63.99999928	-0.00002647
-63.96666595	-0.00002953
-63.93333262	-0.00003338
-63.89999928	-0.00003996
-63.86666595	-0.00004293
-63.83333262	-0.00005131
-63.79999928	-0.00005025
-63.76666595	-0.00006615
-63.73333262	-0.00006389
-63.69999928	-0.00006814
-63.66666595	-0.00007596
-63.63333262	-0.00006905
-63.59999928	-0.00007942
-63.56666595	-0.00008407
-63.53333262	-0.00008449
-63.49999929	-0.00008745
-63.46666595	-0.00009314
-63.43333262	-0.00008829
-63.39999929	-0.00010396
-63.36666595	-0.00010533
-63.33333262	-0.00010808
-63.29999929	-0.00010399
-63.26666595	-0.00012476
-63.23333262	-0.00010589
-63.19999929	-0.00010795
-63.16666596	-0.00011367
-63.13333262	-0.00011335
-63.09999929	-0.00010918
-63.06666596	-0.00011043
-63.03333262	-0.00009415
-62.99999929	-0.00012159
-62.96666596	-0.00009621
-62.93333262	-0.00008674
-62.89999929	-0.00009352
-62.86666596	-0.00008678
-62.83333263	-0.00007421
-62.79999929	-0.00008703
-62.76666596	-0.00005368
-62.73333263	-0.00004682
-62.69999929	-0.00003695
-62.66666596	-0.00003616
-62.63333263	-0.00004078
-62.59999929	-0.00001119
-62.56666596	0.00000208
-62.53333263	0.00001950
-62.49999929	0.00003281
-62.46666596	0.00004650
-62.43333263	0.00005842
-62.39999930	0.00008904
-62.36666596	0.00010568
-62.33333263	0.00013163
-62.29999930	0.00014740
-62.26666596	0.00013698
-62.23333263	0.00017512
-62.19999930	0.00018383
-62.16666596	0.00017298
-62.13333263	0.00022040
-62.09999930	0.00026383
-62.06666597	0.00026233
-62.03333263	0.00031751
-61.99999930	0.00035408
-61.96666597	0.00030344
-61.93333263	0.00035976
-61.89999930	0.00036764
-61.86666597	0.00045486
-61.83333263	0.00046292
-61.79999930	0.00048031
-61.76666597	0.00051440
-61.73333264	0.00051778
-61.69999930	0.00059579
-61.66666597	0.00058105
-61.63333264	0.00062781
-61.59999930	0.00067252
-61.56666597	0.00067324
-61.53333264	0.00070246
-61.49999930	0.00071335
-61.46666597	0.00076286
-61.43333264	0.00072262
-61.39999930	0.00077878
-61.36666597	0.00082463
-61.33333264	0.00086870
-61.29999931	0.00085420
-61.26666597	0.00093971
-61.23333264	0.00094095
-61.19999931	0.00099335
-61.16666597	0.00102927
-61.13333264	0.00099910
-61.09999931	0.00108317
-61.06666597	0.00107853
-61.03333264	0.00110121
-60.99999931	0.00114360
-60.96666598	0.00111603
-60.93333264	0.00109303
-60.89999931	0.00108928
-60.86666598	0.00108020
-60.83333264	0.00111628
-60.79999931	0.00112544
-60.76666598	0.00111460
-60.73333264	0.00116453
-60.69999931	0.00113361
-60.66666598	0.00108516
-60.63333264	0.00109334
-60.59999931	0.00112539
-60.56666598	0.00108512
-60.53333265	0.00102317
-60.49999931	0.00102969
-60.46666598	0.00100110
-60.43333265	0.00094987
-60.39999931	0.00097549
-60.36666598	0.00093985
-60.33333265	0.00083230
-60.29999931	0.00085408
-60.26666598	0.00078490
-60.23333265	0.00069428
-60.19999932	0.00066187
-60.16666598	0.00051304
-60.13333265	0.00051660
-60.09999932	0.00043298
-60.06666598	0.00033026
-60.03333265	0.00017706
-59.99999932	0.00015844
-59.96666598	0.00006520
-59.93333265	-0.00003639
-59.89999932	-0.00007611
-59.86666599	-0.00020076
-59.83333265	-0.00025972
-59.79999932	-0.00024874
-59.76666599	-0.00044151
-59.73333265	-0.00052344
-59.69999932	-0.00059968
-59.66666599	-0.00069631
-59.63333265	-0.00074554
-59.59999932	-0.00085087
-59.56666599	-0.00087755
-59.53333265	-0.00092076
-59.49999932	-0.00110295
-59.46666599	-0.00110713
-59.43333266	-0.00129412
-59.39999932	-0.00133690
-59.36666599	-0.00139687
-59.33333266	-0.00150892
-59.29999932	-0.00145072
-59.26666599	-0.00152715
-59.23333266	-0.00157299
-59.19999932	-0.00164571
-59.16666599	-0.00159884
-59.13333266	-0.00173615
-59.09999933	-0.00178597
-59.06666599	-0.00186130
-59.03333266	-0.00179361
-58.99999933	-0.00191569
-58.96666599	-0.00185249
-58.93333266	-0.00178078
-58.89999933	-0.00188745
-58.86666599	-0.00181680
-58.83333266	-0.00180873
-58.79999933	-0.00183706
-58.76666600	-0.00185213
-58.73333266	-0.00189521
-58.69999933	-0.00188364
-58.66666600	-0.00175202
-58.63333266	-0.00191861
-58.59999933	-0.00177152
-58.56666600	-0.00180771
-58.53333266	-0.00176685
-58.49999933	-0.00176425
-58.46666600	-0.00175214
-58.43333266	-0.00169185
-58.39999933	-0.00163455
-58.36666600	-0.00155181
-58.33333267	-0.00151475
-58.29999933	-0.00147457
-58.26666600	-0.00152123
-58.23333267	-0.00151620
-58.19999933	-0.00150367
-58.16666600	-0.00138159
-58.13333267	-0.00140412
-58.09999933	-0.00145366
-58.06666600	-0.00129466
-58.03333267	-0.00117526
-57.99999934	-0.00119035
-57.96666600	-0.00120391
-57.93333267	-0.00126779
-57.89999934	-0.00122192
-57.86666600	-0.00114222
-57.83333267	-0.00114204
-57.79999934	-0.00106974
-57.76666600	-0.00110693
-57.73333267	-0.00112903
-57.69999934	-0.00110896
-57.66666601	-0.00115197
-57.63333267	-0.00113491
-57.59999934	-0.00103744
-57.56666601	-0.00110125
-57.53333267	-0.00096380
-57.49999934	-0.00106485
-57.46666601	-0.00106468
-57.43333267	-0.00108489
-57.39999934	-0.00100619
-57.36666601	-0.00105779
-57.33333267	-0.00101579
-57.29999934	-0.00086218
-57.26666601	-0.00092147
-57.23333268	-0.00088445
-57.19999934	-0.00083338
-57.16666601	-0.00081836
-57.13333268	-0.00079761
-57.09999934	-0.00083709
-57.06666601	-0.00073741
-57.03333268	-0.00079727
-56.99999934	-0.00067936
-56.96666601	-0.00067406
-56.93333268	-0.00063882
-56.89999935	-0.00071431
-56.86666601	-0.00058868
-56.83333268	-0.00056977
-56.79999935	-0.00052899
-56.76666601	-0.00048188
-56.73333268	-0.00060301
-56.69999935	-0.00047524
-56.66666601	-0.00044291
-56.63333268	-0.00035982
-56.59999935	-0.00036159
-56.56666602	-0.00039244
-56.53333268	-0.00042679
-56.49999935	-0.00049105
-56.46666602	-0.00048078
-56.43333268	-0.00037738
-56.39999935	-0.00030842
-56.36666602	-0.00038249
-56.33333268	-0.00028126
-56.29999935	-0.00035807
-56.26666602	-0.00031512
-56.23333268	-0.00031881
-56.19999935	-0.00033394
-56.16666602	-0.00037783
-56.13333269	-0.00025733
-56.09999935	-0.00029712
-56.06666602	-0.00028061
-56.03333269	-0.00019556
-55.99999935	-0.00017682
-55.96666602	-0.00018765
-55.93333269	-0.00013824
-55.89999935	-0.00004080
-55.86666602	-0.00013666
-55.83333269	-0.00001783
-55.79999936	0.00005539
-55.76666602	-0.00003359
-55.73333269	0.00003433
-55.69999936	0.00017869
-55.66666602	0.00013985
-55.63333269	0.00016246
-55.59999936	0.00012859
-55.56666602	0.00016570
-55.53333269	0.00030727
-55.49999936	0.00030117
-55.46666603	0.00030678
-55.43333269	0.00027147
-55.39999936	0.00025796
-55.36666603	0.00035031
-55.33333269	0.00038264
-55.29999936	0.00038249
-55.26666603	0.00050637
-55.23333269	0.00053614
-55.19999936	0.00058758
-55.16666603	0.00067799
-55.13333269	0.00051633
-55.09999936	0.00060589
-55.06666603	0.00068677
-55.03333270	0.00067943
-54.99999936	0.00056095
-54.96666603	0.00072996
-54.93333270	0.00071324
-54.89999936	0.00075024
-54.86666603	0.00070641
-54.83333270	0.00073210
-54.79999936	0.00074964
-54.76666603	0.00071743
-54.73333270	0.00074681
-54.69999937	0.00070672
-54.66666603	0.00078703
-54.63333270	0.00075581
-54.59999937	0.00080932
-54.56666603	0.00089138
-54.53333270	0.00093447
-54.49999937	0.00083831
-54.46666603	0.00099600
-54.43333270	0.00093682
-54.39999937	0.00101338
-54.36666604	0.00104431
-54.33333270	0.00103184
-54.29999937	0.00101079
-54.26666604	0.00098571
-54.23333270	0.00114815
-54.19999937	0.00114366
-54.16666604	0.00125402
-54.13333270	0.00126850
-54.09999937	0.00121591
-54.06666604	0.00136555
-54.03333270	0.00132119
-53.99999937	0.00145466
-53.96666604	0.00146119
-53.93333271	0.00150334
-53.89999937	0.00159895
-53.86666604	0.00155678
-53.83333271	0.00163602
-53.79999937	0.00180938
-53.76666604	0.00178217
-53.73333271	0.00188647
-53.69999937	0.00195433
-53.66666604	0.00205836
-53.63333271	0.00207708
-53.59999938	0.00215549
-53.56666604	0.00217180
-53.53333271	0.00233345
-53.49999938	0.00243710
-53.46666604	0.00237810
-53.43333271	0.00246912
-53.39999938	0.00257343
-53.36666604	0.00261746
-53.33333271	0.00267067
-53.29999938	0.00287815
-53.26666605	0.00272355
-53.23333271	0.00275722
-53.19999938	0.00271262
-53.16666605	0.00267271
-53.13333271	0.00265759
-53.09999938	0.00254491
-53.06666605	0.00238695
-53.03333271	0.00229537
-52.99999938	0.00221411
-52.96666605	0.00200140
-52.93333271	0.00194420
-52.89999938	0.00176087
-52.86666605	0.00141221
-52.83333272	0.00108569
-52.79999938	0.00089551
-52.76666605	0.00070765
-52.73333272	0.00030250
-52.69999938	-0.00002145
-52.66666605	-0.00042432
-52.63333272	-0.00070772
-52.59999938	-0.00113424
-52.56666605	-0.00150646
-52.53333272	-0.00177521
-52.49999939	-0.00223618
-52.46666605	-0.00260958
-52.43333272	-0.00292040
-52.39999939	-0.00320390
-52.36666605	-0.00361084
-52.33333272	-0.00382621
-52.29999939	-0.00393707
-52.26666605	-0.00421889
-52.23333272	-0.00436954
-52.19999939	-0.00441677
-52.16666606	-0.00459750
-52.13333272	-0.00456348
-52.09999939	-0.00458764
-52.06666606	-0.00444980
-52.03333272	-0.00446216
-51.99999939	-0.00426623
-51.96666606	-0.00398726
-51.93333272	-0.00374577
-51.89999939	-0.00353106
-51.86666606	-0.00311458
-51.83333272	-0.00287016
-51.79999939	-0.00250018
-51.76666606	-0.00207282
-51.73333273	-0.00171904
-51.69999939	-0.00124641
-51.66666606	-0.00084966
-51.63333273	-0.00045687
-51.59999939	-0.00020720
-51.56666606	0.00023106
-51.53333273	0.00059418
-51.49999939	0.00092161
-51.46666606	0.00128075
-51.43333273	0.00161097
-51.39999940	0.00179574
-51.36666606	0.00213061
-51.33333273	0.00239672
-51.29999940	0.00262098
-51.26666606	0.00281860
-51.23333273	0.00299946
-51.19999940	0.00315339
-51.16666606	0.00326041
-51.13333273	0.00349218
-51.09999940	0.00362608
-51.06666607	0.00378171
-51.03333273	0.00381303
-50.99999940	0.00394862
-50.96666607	0.00412861
-50.93333273	0.00405909
-50.89999940	0.00428594
-50.86666607	0.00427834
-50.83333273	0.00443134
-50.79999940	0.00443120
-50.76666607	0.00459171
-50.73333273	0.00455621
-50.69999940	0.00476372
-50.66666607	0.00488546
-50.63333274	0.00478005
-50.59999940	0.00488471
-50.56666607	0.00497257
-50.53333274	0.00501200
-50.49999940	0.00510990
-50.46666607	0.00530997
-50.43333274	0.00524735
-50.39999940	0.00534067
-50.36666607	0.00535075
-50.33333274	0.00533256
-50.29999941	0.00552549
-50.26666607	0.00547095
-50.23333274	0.00556326
-50.19999941	0.00559953
-50.16666607	0.00554436
-50.13333274	0.00559092
-50.09999941	0.00551433
-50.06666607	0.00566425
-50.03333274	0.00562061
-49.99999941	0.00550212
-49.96666608	0.00555701
-49.93333274	0.00551087
-49.89999941	0.00547869
-49.86666608	0.00548756
-49.83333274	0.00528595
-49.79999941	0.00534682
-49.76666608	0.00527933
-49.73333274	0.00517037
-49.69999941	0.00513987
-49.66666608	0.00508236
-49.63333274	0.00504327
-49.59999941	0.00484163
-49.56666608	0.00484916
-49.53333275	0.00466378
-49.49999941	0.00464545
-49.46666608	0.00443825
-49.43333275	0.00438895
-49.39999941	0.00430923
-49.36666608	0.00425708
-49.33333275	0.00423199
-49.29999941	0.00414364
-49.26666608	0.00416461
-49.23333275	0.00410005
-49.19999942	0.00403807
-49.16666608	0.00405755
-49.13333275	0.00404554
-49.09999942	0.00408252
-49.06666608	0.00413169
-49.03333275	0.00405081
-48.99999942	0.00427058
-48.96666608	0.00433330
-48.93333275	0.00445817
-48.89999942	0.00449498
-48.86666609	0.00460951
-48.83333275	0.00480787
-48.79999942	0.00497439
-48.76666609	0.00514265
-48.73333275	0.00526894
-48.69999942	0.00548107
-48.66666609	0.00557586
-48.63333275	0.00589369
-48.59999942	0.00605592
-48.56666609	0.00624605
-48.53333275	0.00638190
-48.49999942	0.00661473
-48.46666609	0.00684836
-48.43333276	0.00693936
-48.39999942	0.00698563
-48.36666609	0.00709039
-48.33333276	0.00701296
-48.29999942	0.00694999
-48.26666609	0.00690591
-48.23333276	0.00679847
-48.19999942	0.00667649
-48.16666609	0.00642118
-48.13333276	0.00615302
-48.09999943	0.00592811
-48.06666609	0.00560570
-48.03333276	0.00528316
-47.99999943	0.00498355
-47.96666609	0.00465441
-47.93333276	0.00430320
-47.89999943	0.00396112
-47.86666609	0.00370925
-47.83333276	0.00345053
-47.79999943	0.00318789
-47.76666610	0.00305977
-47.73333276	0.00296602
-47.69999943	0.00296650
-47.66666610	0.00301981
-47.63333276	0.00315171
-47.59999943	0.00340642
-47.56666610	0.00368039
-47.53333276	0.00396418
-47.49999943	0.00447222
-47.46666610	0.00494619
-47.43333276	0.00563196
-47.39999943	0.00630813
-47.36666610	0.00710874
-47.33333277	0.00787696
-47.29999943	0.00874626
-47.26666610	0.00966311
-47.23333277	0.01066601
-47.19999943	0.01168546
-47.16666610	0.01265188
-47.13333277	0.01376334
-47.09999943	0.01483673
-47.06666610	0.01591875
-47.03333277	0.01704098
-46.99999944	0.01817284
-46.96666610	0.01921812
-46.93333277	0.02041371
-46.89999944	0.02142737
-46.86666610	0.02272687
-46.83333277	0.02397902
-46.79999944	0.02515587
-46.76666610	0.02637737
-46.73333277	0.02766094
-46.69999944	0.02899658
-46.66666611	0.03040904
-46.63333277	0.03187231
-46.59999944	0.03335886
-46.56666611	0.03496315
-46.53333277	0.03666294
-46.49999944	0.03854062
-46.46666611	0.04043337
-46.43333277	0.04248252
-46.39999944	0.04480961
-46.36666611	0.04711839
-46.33333277	0.04971678
-46.29999944	0.05242374
-46.26666611	0.05525670
-46.23333278	0.05831647
-46.19999944	0.06167279
-46.16666611	0.06517930
-46.13333278	0.06898182
-46.09999944	0.07281256
-46.06666611	0.07701481
-46.03333278	0.08135051
-45.99999944	0.08579303
-45.96666611	0.09053235
-45.93333278	0.09530768
-45.89999945	0.10035446
-45.86666611	0.10543520
-45.83333278	0.11046731
-45.79999945	0.11553803
-45.76666611	0.12058551
-45.73333278	0.12553742
-45.69999945	0.13000847
-45.66666611	0.13425447
-45.63333278	0.13789302
-45.59999945	0.14099863
-45.56666612	0.14299921
-45.53333278	0.14412157
-45.49999945	0.14383759
-45.46666612	0.14197642
-45.43333278	0.13837950
-45.39999945	0.13254534
-45.36666612	0.12421793
-45.33333278	0.11325077
-45.29999945	0.09921903
-45.26666612	0.08194205
-45.23333278	0.06134952
-45.19999945	0.03679784
-45.16666612	0.00866303
-45.13333279	-0.02323070
-45.09999945	-0.05866788
-45.06666612	-0.09755663
-45.03333279	-0.13953473
-44.99999945	-0.18405409
-44.96666612	-0.23081702
-44.93333279	-0.27880418
-44.89999945	-0.32740057
-44.86666612	-0.37585241
-44.83333279	-0.42311529
-44.79999946	-0.46843691
-44.76666612	-0.51057274
-44.73333279	-0.54880426
-44.69999946	-0.58228628
-44.66666612	-0.61007326
-44.63333279	-0.63186074
-44.59999946	-0.64671548
-44.56666612	-0.65424970
-44.53333279	-0.65456917
-44.49999946	-0.64719473
-44.46666613	-0.63273315
-44.43333279	-0.61125087
-44.39999946	-0.58289953
-44.36666613	-0.54857942
-44.33333279	-0.50881000
-44.29999946	-0.46440939
-44.26666613	-0.41623623
-44.23333279	-0.36521464
-44.19999946	-0.31201885
-44.16666613	-0.25783570
-44.13333279	-0.20336161
-44.09999946	-0.14943318
-44.06666613	-0.09667963
-44.03333280	-0.04594911
-43.99999946	0.00238116
-43.96666613	0.04757604
-43.93333280	0.08938156
-43.89999946	0.12757576
-43.86666613	0.16181945
-43.83333280	0.19201277
-43.79999946	0.21820700
-43.76666613	0.24038624
-43.73333280	0.25857359
-43.69999947	0.27305530
-43.66666613	0.28402866
-43.63333280	0.29170314
-43.59999947	0.29651355
-43.56666613	0.29867801
-43.53333280	0.29834993
-43.49999947	0.29619690
-43.46666613	0.29243877
-43.43333280	0.28731020
-43.39999947	0.28126198
-43.36666613	0.27438404
-43.33333280	0.26724453
-43.29999947	0.25984621
-43.26666614	0.25243207
-43.23333280	0.24511965
-43.19999947	0.23799887
-43.16666614	0.23113348
-43.13333280	0.22461547
-43.09999947	0.21824397
-43.06666614	0.21224456
-43.03333280	0.20628554
-42.99999947	0.20057957
-42.96666614	0.19475301
-42.93333281	0.18890668
-42.89999947	0.18298612
-42.86666614	0.17685954
-42.83333281	0.17037369
-42.79999947	0.16379649
-42.76666614	0.15692870
-42.73333281	0.14982065
-42.69999947	0.14237821
-42.66666614	0.13495902
-42.63333281	0.12738516
-42.59999948	0.11975694
-42.56666614	0.11229521
-42.53333281	0.10501589
-42.49999948	0.09792403
-42.46666614	0.09108355
-42.43333281	0.08451354
-42.39999948	0.07822379
-42.36666614	0.07222420
-42.33333281	0.06646850
-42.29999948	0.06084799
-42.26666614	0.05538006
-42.23333281	0.05015062
-42.19999948	0.04442595
-42.16666615	0.03875021
-42.13333281	0.03256684
-42.09999948	0.02608737
-42.06666615	0.01901171
-42.03333281	0.01141126
-41.99999948	0.00313056
-41.96666615	-0.00583243
-41.93333281	-0.01551128
-41.89999948	-0.02572362
-41.86666615	-0.03648095
-41.83333282	-0.04763003
-41.79999948	-0.05909984
-41.76666615	-0.07056053
-41.73333282	-0.08192117
-41.69999948	-0.09292134
-41.66666615	-0.10319613
-41.63333282	-0.11276073
-41.59999948	-0.12113036
-41.56666615	-0.12807997
-41.53333282	-0.13349725
-41.49999949	-0.13704145
-41.46666615	-0.13884786
-41.43333282	-0.13869361
-41.39999949	-0.13628194
-41.36666615	-0.13189331
-41.33333282	-0.12554757
-41.29999949	-0.11729005
-41.26666615	-0.10711906
-41.23333282	-0.09540837
-41.19999949	-0.08218524
-41.16666615	-0.06785997
-41.13333282	-0.05263988
-41.09999949	-0.03680502
-41.06666616	-0.02045852
-41.03333282	-0.00403547
-40.99999949	0.01224564
-40.96666616	0.02806200
-40.93333282	0.04340857
-40.89999949	0.05786058
-40.86666616	0.07133921
-40.83333282	0.08360778
-40.79999949	0.09447617
-40.76666616	0.10391007
-40.73333283	0.11194019
-40.69999949	0.11832097
-40.66666616	0.12308974
-40.63333283	0.12621671
-40.59999949	0.12777604
-40.56666616	0.12772991
-40.53333283	0.12613612
-40.49999949	0.12303909
-40.46666616	0.11853382
-40.43333283	0.11283493
-40.39999950	0.10601960
-40.36666616	0.09822863
-40.33333283	0.08954744
-40.29999950	0.08022798
-40.26666616	0.07061630
-40.23333283	0.06071998
-40.19999950	0.05073196
-40.16666616	0.04080298
-40.13333283	0.03106848
-40.09999950	0.02190844
-40.06666616	0.01323834
-40.03333283	0.00525351
-39.99999950	-0.00181811
-39.96666617	-0.00797212
-39.93333283	-0.01309288
-39.89999950	-0.01727624
-39.86666617	-0.02048405
-39.83333283	-0.02253142
-39.79999950	-0.02367223
-39.76666617	-0.02395896
-39.73333283	-0.02330424
-39.69999950	-0.02177351
-39.66666617	-0.01954392
-39.63333284	-0.01674440
-39.59999950	-0.01346213
-39.56666617	-0.00979689
-39.53333284	-0.00593187
-39.49999950	-0.00192504
-39.46666617	0.00219922
-39.43333284	0.00609121
-39.39999950	0.00966478
-39.36666617	0.01294653
-39.33333284	0.01580531
-39.29999951	0.01807902
-39.26666617	0.02000175
-39.23333284	0.02101822
-39.19999951	0.02129973
-39.16666617	0.02092475
-39.13333284	0.01974739
-39.09999951	0.01780147
-39.06666617	0.01526972
-39.03333284	0.01183559
-38.99999951	0.00768954
-38.96666617	0.00291272
-38.93333284	-0.00238471
-38.89999951	-0.00817324
-38.86666618	-0.01442499
-38.83333284	-0.02100196
-38.79999951	-0.02782126
-38.76666618	-0.03466747
-38.73333284	-0.04168683
-38.69999951	-0.04856726
-38.66666618	-0.05529630
-38.63333284	-0.06177104
-38.59999951	-0.06790005
-38.56666618	-0.07356108
-38.53333285	-0.07887814
-38.49999951	-0.08356159
-38.46666618	-0.08776717
-38.43333285	-0.09135555
-38.39999951	-0.09430208
-38.36666618	-0.09671649
-38.33333285	-0.09850133
-38.29999951	-0.09961966
-38.26666618	-0.10007393
-38.23333285	-0.10004642
-38.19999952	-0.09933392
-38.16666618	-0.09805029
-38.13333285	-0.09618364
-38.09999952	-0.09367913
-38.06666618	-0.09071998
-38.03333285	-0.08721122
-37.99999952	-0.08319593
-37.96666618	-0.07868002
-37.93333285	-0.07364703
-37.89999952	-0.06816517
-37.86666618	-0.06224616
-37.83333285	-0.05609152
-37.79999952	-0.04951678
-37.76666619	-0.04253798
-37.73333285	-0.03532585
-37.69999952	-0.02797269
-37.66666619	-0.02037328
-37.63333285	-0.01284920
-37.59999952	-0.00511355
-37.56666619	0.00258543
-37.53333285	0.01008898
-37.49999952	0.01745432
-37.46666619	0.02464236
-37.43333286	0.03141894
-37.39999952	0.03789340
-37.36666619	0.04407165
-37.33333286	0.04984129
-37.29999952	0.05509009
-37.26666619	0.05995604
-37.23333286	0.06429260
-37.19999952	0.06809925
-37.16666619	0.07150099
-37.13333286	0.07430144
-37.09999953	0.07688058
-37.06666619	0.07882856
-37.03333286	0.08035168
-36.99999953	0.08144194
-36.96666619	0.08227723
-36.93333286	0.08267651
-36.89999953	0.08272362
-36.86666619	0.08248592
-36.83333286	0.08192694
-36.79999953	0.08103777
-36.76666619	0.08008965
-36.73333286	0.07870295
-36.69999953	0.07718966
-36.66666620	0.07558812
-36.63333286	0.07359898
-36.59999953	0.07144365
-36.56666620	0.06903246
-36.53333286	0.06658115
-36.49999953	0.06392710
-36.46666620	0.06108897
-36.43333286	0.05797090
-36.39999953	0.05478343
-36.36666620	0.05120639
-36.33333287	0.04767567
-36.29999953	0.04391063
-36.26666620	0.04001112
-36.23333287	0.03594873
-36.19999953	0.03170069
-36.16666620	0.02742558
-36.13333287	0.02300061
-36.09999953	0.01877135
-36.06666620	0.01431707
-36.03333287	0.01014317
-35.99999954	0.00597907
-35.96666620	0.00196065
-35.93333287	-0.00186549
-35.89999954	-0.00553192
-35.86666620	-0.00903037
-35.83333287	-0.01227398
-35.79999954	-0.01511547
-35.76666620	-0.01781798
-35.73333287	-0.02028814
-35.69999954	-0.02260026
-35.66666620	-0.02457809
-35.63333287	-0.02649315
-35.59999954	-0.02821446
-35.56666621	-0.02996651
-35.53333287	-0.03167623
-35.49999954	-0.03319753
-35.46666621	-0.03486725
-35.43333287	-0.03651203
-35.39999954	-0.03842815
-35.36666621	-0.04012695
-35.33333287	-0.04190269
-35.29999954	-0.04398848
-35.26666621	-0.04576988
-35.23333288	-0.04770312
-35.19999954	-0.04963820
-35.16666621	-0.05123534
-35.13333288	-0.05292951
-35.09999954	-0.05432136
-35.06666621	-0.05545621
-35.03333288	-0.05619519
-34.99999954	-0.05687961
-34.96666621	-0.05716361
-34.93333288	-0.05707359
-34.89999955	-0.05656987
-34.86666621	-0.05586344
-34.83333288	-0.05474265
-34.79999955	-0.05308692
-34.76666621	-0.05127456
-34.73333288	-0.04904037
-34.69999955	-0.04656625
-34.66666621	-0.04403897
-34.63333288	-0.04127298
-34.59999955	-0.03826886
-34.56666621	-0.03509593
-34.53333288	-0.03209309
-34.49999955	-0.02887780
-34.46666622	-0.02587250
-34.43333288	-0.02290821
-34.39999955	-0.02005378
-34.36666622	-0.01720699
-34.33333288	-0.01463259
-34.29999955	-0.01216639
-34.26666622	-0.00996429
-34.23333288	-0.00779487
-34.19999955	-0.00607284
-34.16666622	-0.00441622
-34.13333289	-0.00289444
-34.09999955	-0.00151453
-34.06666622	-0.00046829
-34.03333289	0.00050101
-33.99999955	0.00106835
-33.96666622	0.00176107
-33.93333289	0.00211819
-33.89999955	0.00220192
-33.86666622	0.00219406
-33.83333289	0.00192743
-33.79999956	0.00166732
-33.76666622	0.00100486
-33.73333289	0.00023185
-33.69999956	-0.00092599
-33.66666622	-0.00206588
-33.63333289	-0.00346407
-33.59999956	-0.00496943
-33.56666622	-0.00667556
-33.53333289	-0.00859137
-33.49999956	-0.01060257
-33.46666622	-0.01281719
-33.43333289	-0.01506617
-33.39999956	-0.01745963
-33.36666623	-0.01990377
-33.33333289	-0.02235468
-33.29999956	-0.02465108
-33.26666623	-0.02700041
-33.23333289	-0.02905775
-33.19999956	-0.03098562
-33.16666623	-0.03255039
-33.13333289	-0.03389072
-33.09999956	-0.03492650
-33.06666623	-0.03547149
-33.03333290	-0.03563694
-32.99999956	-0.03541831
-32.96666623	-0.03483765
-32.93333290	-0.03375251
-32.89999956	-0.03236138
-32.86666623	-0.03058001
-32.83333290	-0.02849104
-32.79999956	-0.02614474
-32.76666623	-0.02370419
-32.73333290	-0.02106784
-32.69999957	-0.01846719
-32.66666623	-0.01603001
-32.63333290	-0.01354850
-32.59999957	-0.01129318
-32.56666623	-0.00918598
-32.53333290	-0.00736539
-32.49999957	-0.00565230
-32.46666623	-0.00438974
-32.43333290	-0.00332057
-32.39999957	-0.00252116
-32.36666623	-0.00200344
-32.33333290	-0.00143055
-32.29999957	-0.00114767
-32.26666624	-0.00110057
-32.23333290	-0.00093958
-32.19999957	-0.00092863
-32.16666624	-0.00085321
-32.13333290	-0.00073840
-32.09999957	-0.00062730
-32.06666624	-0.00052295
-32.03333290	-0.00044183
-31.99999957	-0.00018740
-31.96666624	0.00010118
-31.93333291	0.00031328
-31.89999957	0.00058314
-31.86666624	0.00065681
-31.83333291	0.00083797
-31.79999957	0.00091606
-31.76666624	0.00072908
-31.73333291	0.00070662
-31.69999957	0.00052674
-31.66666624	0.00028206
-31.63333291	-0.00008784
-31.59999958	-0.00054068
-31.56666624	-0.00101990
-31.53333291	-0.00150415
-31.49999958	-0.00203062
-31.46666624	-0.00234541
-31.43333291	-0.00265152
-31.39999958	-0.00281832
-31.36666624	-0.00294837
-31.33333291	-0.00298171
-31.29999958	-0.00280973
-31.26666624	-0.00238301
-31.23333291	-0.00201962
-31.19999958	-0.00117276
-31.16666625	-0.00022990
-31.13333291	0.00064458
-31.09999958	0.00172994
-31.06666625	0.00302229
-31.03333291	0.00427431
-30.99999958	0.00550724
-30.96666625	0.00698575
-30.93333291	0.00822856
-30.89999958	0.00954668
-30.86666625	0.01071244
-30.83333292	0.01178921
-30.79999958	0.01288600
-30.76666625	0.01381278
-30.73333292	0.01470629
-30.69999958	0.01554556
-30.66666625	0.01629241
-30.63333292	0.01700415
-30.59999958	0.01775277
-30.56666625	0.01840160
-30.53333292	0.01904499
-30.49999959	0.01970240
-30.46666625	0.02041534
-30.43333292	0.02118652
-30.39999959	0.02191963
-30.36666625	0.02276806
-30.33333292	0.02340393
-30.29999959	0.02410037
-30.26666625	0.02474346
-30.23333292	0.02507976
-30.19999959	0.02548500
-30.16666625	0.02557348
-30.13333292	0.02570453
-30.09999959	0.02534186
-30.06666626	0.02498763
-30.03333292	0.02409411
-29.99999959	0.02309116
-29.96666626	0.02174014
-29.93333292	0.02015438
-29.89999959	0.01830360
-29.86666626	0.01619372
-29.83333292	0.01387080
-29.79999959	0.01129570
-29.76666626	0.00868803
-29.73333293	0.00600220
-29.69999959	0.00329239
-29.66666626	0.00072789
-29.63333293	-0.00181146
-29.59999959	-0.00420617
-29.56666626	-0.00644651
-29.53333293	-0.00839708
-29.49999959	-0.01011334
-29.46666626	-0.01149763
-29.43333293	-0.01261537
-29.39999960	-0.01349590
-29.36666626	-0.01393238
-29.33333293	-0.01425636
-29.29999960	-0.01428096
-29.26666626	-0.01413842
-29.23333293	-0.01376272
-29.19999960	-0.01330756
-29.16666626	-0.01287844
-29.13333293	-0.01223450
-29.09999960	-0.01167533
-29.06666626	-0.01104361
-29.03333293	-0.01051528
-28.99999960	-0.00996044
-28.96666627	-0.00950373
-28.93333293	-0.00903846
-28.89999960	-0.00851631
-28.86666627	-0.00805058
-28.83333293	-0.00756027
-28.79999960	-0.00692737
-28.76666627	-0.00621718
-28.73333293	-0.00565991
-28.69999960	-0.00471951
-28.66666627	-0.00391088
-28.63333294	-0.00304757
-28.59999960	-0.00213017
-28.56666627	-0.00111325
-28.53333294	-0.00019829
-28.49999960	0.00066871
-28.46666627	0.00148487
-28.43333294	0.00220795
-28.39999960	0.00253823
-28.36666627	0.00287053
-28.33333294	0.00277157
-28.29999961	0.00250580
-28.26666627	0.00178737
-28.23333294	0.00096945
-28.19999961	-0.00029107
-28.16666627	-0.00182368
-28.13333294	-0.00353228
-28.09999961	-0.00544046
-28.06666627	-0.00745148
-28.03333294	-0.00945985
-27.99999961	-0.01154655
-27.96666627	-0.01352897
-27.93333294	-0.01532070
-27.89999961	-0.01700174
-27.86666628	-0.01838356
-27.83333294	-0.01936515
-27.79999961	-0.02021112
-27.76666628	-0.02071116
-27.73333294	-0.02094112
-27.69999961	-0.02071111
-27.66666628	-0.02031098
-27.63333294	-0.01952151
-27.59999961	-0.01850781
-27.56666628	-0.01731665
-27.53333295	-0.01604023
-27.49999961	-0.01459360
-27.46666628	-0.01305397
-27.43333295	-0.01149398
-27.39999961	-0.00996151
-27.36666628	-0.00863963
-27.33333295	-0.00728406
-27.29999961	-0.00609571
-27.26666628	-0.00498859
-27.23333295	-0.00401631
-27.19999961	-0.00322277
-27.16666628	-0.00275220
-27.13333295	-0.00220594
-27.09999962	-0.00186558
-27.06666628	-0.00159140
-27.03333295	-0.00135828
-26.99999962	-0.00114819
-26.96666628	-0.00101199
-26.93333295	-0.00091400
-26.89999962	-0.00074228
-26.86666628	-0.00071491
-26.83333295	-0.00047810
-26.79999962	-0.00026162
-26.76666629	-0.00000170
-26.73333295	0.00034833
-26.69999962	0.00073624
-26.66666629	0.00102452
-26.63333295	0.00141791
-26.59999962	0.00166607
-26.56666629	0.00192105
-26.53333295	0.00189010
-26.49999962	0.00211495
-26.46666629	0.00202718
-26.43333296	0.00182358
-26.39999962	0.00154377
-26.36666629	0.00125799
-26.33333296	0.00066106
-26.29999962	0.00015791
-26.26666629	-0.00045723
-26.23333296	-0.00113883
-26.19999962	-0.00187434
-26.16666629	-0.00252396
-26.13333296	-0.00329649
-26.09999962	-0.00401237
-26.06666629	-0.00445457
-26.03333296	-0.00498874
-25.99999963	-0.00533488
-25.96666629	-0.00563143
-25.93333296	-0.00567578
-25.89999963	-0.00572078
-25.86666629	-0.00546534
-25.83333296	-0.00523847
-25.79999963	-0.00491278
-25.76666629	-0.00444921
-25.73333296	-0.00387925
-25.69999963	-0.00322455
-25.66666630	-0.00264595
-25.63333296	-0.00176378
-25.59999963	-0.00115974
-25.56666630	-0.00029138
-25.53333296	0.00037608
-25.49999963	0.00117680
-25.46666630	0.00207307
-25.43333296	0.00273462
-25.39999963	0.00355446
-25.36666630	0.00421108
-25.33333297	0.00497259
-25.29999963	0.00571517
-25.26666630	0.00646716
-25.23333297	0.00719238
-25.19999963	0.00786748
-25.16666630	0.00871517
-25.13333297	0.00958518
-25.09999963	0.01031018
-25.06666630	0.01103419
-25.03333297	0.01169533
-24.99999963	0.01242216
-24.96666630	0.01303968
-24.93333297	0.01359864
-24.89999964	0.01388663
-24.86666630	0.01414475
-24.83333297	0.01433608
-24.79999964	0.01426566
-24.76666630	0.01408204
-24.73333297	0.01375458
-24.69999964	0.01309419
-24.66666630	0.01232216
-24.63333297	0.01132578
-24.59999964	0.01027681
-24.56666631	0.00906654
-24.53333297	0.00785167
-24.49999964	0.00630741
-24.46666631	0.00479549
-24.43333297	0.00318972
-24.39999964	0.00157992
-24.36666631	-0.00000859
-24.33333297	-0.00163038
-24.29999964	-0.00311054
-24.26666631	-0.00466215
-24.23333298	-0.00609471
-24.19999964	-0.00744676
-24.16666631	-0.00860995
-24.13333298	-0.00979774
-24.09999964	-0.01078923
-24.06666631	-0.01148875
-24.03333298	-0.01232312
-23.99999964	-0.01287064
-23.96666631	-0.01317472
-23.93333298	-0.01352647
-23.89999964	-0.01364986
-23.86666631	-0.01370401
-23.83333298	-0.01341910
-23.79999965	-0.01301115
-23.76666631	-0.01254682
-23.73333298	-0.01193027
-23.69999965	-0.01111937
-23.66666631	-0.01011964
-23.63333298	-0.00914114
-23.59999965	-0.00804817
-23.56666631	-0.00689871
-23.53333298	-0.00570244
-23.49999965	-0.00460363
-23.46666632	-0.00350384
-23.43333298	-0.00242395
-23.39999965	-0.00149592
-23.36666632	-0.00053944
-23.33333298	0.00003705
-23.29999965	0.00056940
-23.26666632	0.00089552
-23.23333298	0.00101018
-23.19999965	0.00089489
-23.16666632	0.00069840
-23.13333299	0.00017884
-23.09999965	-0.00041129
-23.06666632	-0.00121430
-23.03333299	-0.00206089
-22.99999965	-0.00305291
-22.96666632	-0.00429365
-22.93333299	-0.00554208
-22.89999965	-0.00669417
-22.86666632	-0.00814919
-22.83333299	-0.00948354
-22.79999965	-0.01086350
-22.76666632	-0.01216252
-22.73333299	-0.01337875
-22.69999966	-0.01464005
-22.66666632	-0.01565598
-22.63333299	-0.01671180
-22.59999966	-0.01762337
-22.56666632	-0.01843338
-22.53333299	-0.01919752
-22.49999966	-0.01971149
-22.46666632	-0.02007894
-22.43333299	-0.02035203
-22.39999966	-0.02063263
-22.36666633	-0.02064000
-22.33333299	-0.02044508
-22.29999966	-0.02013983
-22.26666633	-0.01989140
-22.23333299	-0.01953970
-22.19999966	-0.01898768
-22.16666633	-0.01839424
-22.13333299	-0.01772898
-22.09999966	-0.01699399
-22.06666633	-0.01626149
-22.03333300	-0.01548576
-21.99999966	-0.01459201
-21.96666633	-0.01390348
-21.93333300	-0.01297533
-21.89999966	-0.01209829
-21.86666633	-0.01115843
-21.83333300	-0.01027711
-21.79999966	-0.00944225
-21.76666633	-0.00842081
-21.73333300	-0.00753768
-21.69999966	-0.00670590
-21.66666633	-0.00588235
-21.63333300	-0.00513209
-21.59999967	-0.00445936
-21.56666633	-0.00380233
-21.53333300	-0.00327264
-21.49999967	-0.00285832
-21.46666633	-0.00245964
-21.43333300	-0.00223870
-21.39999967	-0.00199149
-21.36666633	-0.00193895
-21.33333300	-0.00198294
-21.29999967	-0.00218697
-21.26666634	-0.00239562
-21.23333300	-0.00285949
-21.19999967	-0.00328079
-21.16666634	-0.00376425
-21.13333300	-0.00425990
-21.09999967	-0.00480451
-21.06666634	-0.00540702
-21.03333300	-0.00594561
-20.99999967	-0.00656211
-20.96666634	-0.00715329
-20.93333301	-0.00759897
-20.89999967	-0.00806674
-20.86666634	-0.00847754
-20.83333301	-0.00885497
-20.79999967	-0.00922974
-20.76666634	-0.00948087
-20.73333301	-0.00975569
-20.69999967	-0.00992845
-20.66666634	-0.01005513
-20.63333301	-0.01014484
-20.59999967	-0.01021710
-20.56666634	-0.01032736
-20.53333301	-0.01038747
-20.49999968	-0.01047547
-20.46666634	-0.01047167
-20.43333301	-0.01048844
-20.39999968	-0.01043651
-20.36666634	-0.01036872
-20.33333301	-0.01025625
-20.29999968	-0.01005273
-20.26666634	-0.00983117
-20.23333301	-0.00951069
-20.19999968	-0.00910437
-20.16666635	-0.00859453
-20.13333301	-0.00802002
-20.09999968	-0.00728775
-20.06666635	-0.00644243
-20.03333301	-0.00549638
-19.99999968	-0.00465031
-19.96666635	-0.00350892
-19.93333301	-0.00238756
-19.89999968	-0.00120623
-19.86666635	-0.00009561
-19.83333302	0.00117982
-19.79999968	0.00240547
-19.76666635	0.00347072
-19.73333302	0.00449262
-19.69999968	0.00540933
-19.66666635	0.00632943
-19.63333302	0.00708206
-19.59999968	0.00787256
-19.56666635	0.00841800
-19.53333302	0.00901446
-19.49999968	0.00934055
-19.46666635	0.00967776
-19.43333302	0.00989876
-19.39999969	0.01004134
-19.36666635	0.01010140
-19.33333302	0.00997859
-19.29999969	0.00978168
-19.26666635	0.00957259
-19.23333302	0.00916647
-19.19999969	0.00878921
-19.16666635	0.00826620
-19.13333302	0.00767416
-19.09999969	0.00697849
-19.06666636	0.00612996
-19.03333302	0.00536294
-18.99999969	0.00441021
-18.96666636	0.00350011
-18.93333302	0.00253881
-18.89999969	0.00156229
-18.86666636	0.00054037
-18.83333302	-0.00033703
-18.79999969	-0.00119633
-18.76666636	-0.00187710
-18.73333303	-0.00255125
-18.69999969	-0.00296861
-18.66666636	-0.00333775
-18.63333303	-0.00356343
-18.59999969	-0.00348173
-18.56666636	-0.00329052
-18.53333303	-0.00296130
-18.49999969	-0.00234049
-18.46666636	-0.00155797
-18.43333303	-0.00065556
-18.39999969	0.00043747
-18.36666636	0.00162277
-18.33333303	0.00300171
-18.29999970	0.00443162
-18.26666636	0.00582459
-18.23333303	0.00733718
-18.19999970	0.00875005
-18.16666636	0.01006096
-18.13333303	0.01144332
-18.09999970	0.01276578
-18.06666636	0.01381156
-18.03333303	0.01470853
-17.99999970	0.01553086
-17.96666637	0.01619440
-17.93333303	0.01663039
-17.89999970	0.01696308
-17.86666637	0.01699409
-17.83333303	0.01673981
-17.79999970	0.01669210
-17.76666637	0.01626269
-17.73333303	0.01577928
-17.69999970	0.01509041
-17.66666637	0.01444084
-17.63333304	0.01368544
-17.59999970	0.01279050
-17.56666637	0.01196572
-17.53333304	0.01106399
-17.49999970	0.01018374
-17.46666637	0.00928784
-17.43333304	0.00852374
-17.39999970	0.00756262
-17.36666637	0.00684402
-17.33333304	0.00602523
-17.29999970	0.00527961
-17.26666637	0.00455408
-17.23333304	0.00372892
-17.19999971	0.00293607
-17.16666637	0.00227537
-17.13333304	0.00151591
-17.09999971	0.00083767
-17.06666637	0.00023856
-17.03333304	-0.00041999
-16.99999971	-0.00099126
-16.96666637	-0.00151591
-16.93333304	-0.00209834
-16.89999971	-0.00233750
-16.86666638	-0.00268446
-16.83333304	-0.00280384
-16.79999971	-0.00289672
-16.76666638	-0.00282067
-16.73333304	-0.00259514
-16.69999971	-0.00226398
-16.66666638	-0.00176965
-16.63333304	-0.00111043
-16.59999971	-0.00043023
-16.56666638	0.00049475
-16.53333305	0.00124175
-16.49999971	0.00236755
-16.46666638	0.00327993
-16.43333305	0.00430965
-16.39999971	0.00516934
-16.36666638	0.00603369
-16.33333305	0.00695107
-16.29999971	0.00762647
-16.26666638	0.00834172
-16.23333305	0.00880646
-16.19999971	0.00930615
-16.16666638	0.00950937
-16.13333305	0.00958606
-16.09999972	0.00974675
-16.06666638	0.00971714
-16.03333305	0.00954170
-15.99999972	0.00919964
-15.96666638	0.00901529
-15.93333305	0.00887765
-15.89999972	0.00848222
-15.86666638	0.00817508
-15.83333305	0.00793725
-15.79999972	0.00775081
-15.76666639	0.00739452
-15.73333305	0.00713486
-15.69999972	0.00695088
-15.66666639	0.00677183
-15.63333305	0.00663386
-15.59999972	0.00641026
-15.56666639	0.00616118
-15.53333305	0.00602183
-15.49999972	0.00574174
-15.46666639	0.00549470
-15.43333306	0.00520468
-15.39999972	0.00481468
-15.36666639	0.00441822
-15.33333306	0.00393097
-15.29999972	0.00355992
-15.26666639	0.00289762
-15.23333306	0.00233297
-15.19999972	0.00175320
-15.16666639	0.00112970
-15.13333306	0.00048012
-15.09999972	-0.00010722
-15.06666639	-0.00058009
-15.03333306	-0.00120107
-14.99999973	-0.00165270
-14.96666639	-0.00200541
-14.93333306	-0.00223393
-14.89999973	-0.00251062
-14.86666639	-0.00247369
-14.83333306	-0.00243402
-14.79999973	-0.00227447
-14.76666639	-0.00198873
-14.73333306	-0.00173563
-14.69999973	-0.00112656
-14.66666640	-0.00062021
-14.63333306	0.00008079
-14.59999973	0.00082606
-14.56666640	0.00175456
-14.53333306	0.00252139
-14.49999973	0.00342945
-14.46666640	0.00427964
-14.43333306	0.00524471
-14.39999973	0.00603460
-14.36666640	0.00686094
-14.33333307	0.00774842
-14.29999973	0.00837326
-14.26666640	0.00901797
-14.23333307	0.00951363
-14.19999973	0.00985464
-14.16666640	0.01014762
-14.13333307	0.01031510
-14.09999973	0.01032672
-14.06666640	0.01014270
-14.03333307	0.00989792
-13.99999973	0.00946691
-13.96666640	0.00908051
-13.93333307	0.00861184
-13.89999974	0.00784665
-13.86666640	0.00715098
-13.83333307	0.00636709
-13.79999974	0.00551153
-13.76666640	0.00472527
-13.73333307	0.00394977
-13.69999974	0.00308793
-13.66666640	0.00240210
-13.63333307	0.00157366
-13.59999974	0.00089125
-13.56666641	0.00014918
-13.53333307	-0.00039698
-13.49999974	-0.00076158
-13.46666641	-0.00117977
-13.43333307	-0.00143013
-13.39999974	-0.00160839
-13.36666641	-0.00159172
-13.33333307	-0.00150738
-13.29999974	-0.00136987
-13.26666641	-0.00099866
-13.23333308	-0.00057415
-13.19999974	0.00002785
-13.16666641	0.00054865
-13.13333308	0.00133882
-13.09999974	0.00221033
-13.06666641	0.00314641
-13.03333308	0.00420489
-12.99999974	0.00525834
-12.96666641	0.00631476
-12.93333308	0.00744004
-12.89999974	0.00872740
-12.86666641	0.00984219
-12.83333308	0.01089579
-12.79999975	0.01205893
-12.76666641	0.01313138
-12.73333308	0.01420686
-12.69999975	0.01508394
-12.66666641	0.01615518
-12.63333308	0.01681856
-12.59999975	0.01754276
-12.56666641	0.01828204
-12.53333308	0.01871103
-12.49999975	0.01907655
-12.46666642	0.01931031
-12.43333308	0.01928026
-12.39999975	0.01927767
-12.36666642	0.01904453
-12.33333308	0.01869452
-12.29999975	0.01811160
-12.26666642	0.01750098
-12.23333308	0.01678711
-12.19999975	0.01580195
-12.16666642	0.01479231
-12.13333309	0.01364171
-12.09999975	0.01242928
-12.06666642	0.01125271
-12.03333309	0.00986308
-11.99999975	0.00859412
-11.96666642	0.00717651
-11.93333309	0.00576223
-11.89999975	0.00443839
-11.86666642	0.00307706
-11.83333309	0.00202029
-11.79999975	0.00101723
-11.76666642	0.00010036
-11.73333309	-0.00081064
-11.69999976	-0.00156990
-11.66666642	-0.00217439
-11.63333309	-0.00266991
-11.59999976	-0.00304409
-11.56666642	-0.00326704
-11.53333309	-0.00340822
-11.49999976	-0.00347752
-11.46666642	-0.00342704
-11.43333309	-0.00337435
-11.39999976	-0.00317009
-11.36666643	-0.00292383
-11.33333309	-0.00255715
-11.29999976	-0.00241173
-11.26666643	-0.00221430
-11.23333309	-0.00194441
-11.19999976	-0.00137744
-11.16666643	-0.00095122
-11.13333309	-0.00056451
-11.09999976	0.00001825
-11.06666643	0.00054294
-11.03333310	0.00110241
-10.99999976	0.00155661
-10.96666643	0.00212124
-10.93333310	0.00272754
-10.89999976	0.00326569
-10.86666643	0.00381412
-10.83333310	0.00449373
-10.79999976	0.00496241
-10.76666643	0.00538037
-10.73333310	0.00576793
-10.69999976	0.00606011
-10.66666643	0.00641209
-10.63333310	0.00663852
-10.59999977	0.00671436
-10.56666643	0.00679616
-10.53333310	0.00673035
-10.49999977	0.00662943
-10.46666643	0.00658707
-10.43333310	0.00640501
-10.39999977	0.00611791
-10.36666643	0.00577978
-10.33333310	0.00535125
-10.29999977	0.00493446
-10.26666644	0.00441105
-10.23333310	0.00391579
-10.19999977	0.00332567
-10.16666644	0.00272366
-10.13333310	0.00209936
-10.09999977	0.00140019
-10.06666644	0.00072289
-10.03333310	-0.00010708
-9.99999977	-0.00075185
-9.96666644	-0.00144737
-9.93333310	-0.00224877
-9.89999977	-0.00319683
-9.86666644	-0.00393932
-9.83333311	-0.00486244
-9.79999977	-0.00566362
-9.76666644	-0.00663024
-9.73333311	-0.00753692
-9.69999977	-0.00833087
-9.66666644	-0.00918786
-9.63333311	-0.00987804
-9.59999977	-0.01053169
-9.56666644	-0.01103536
-9.53333311	-0.01151912
-9.49999978	-0.01182952
-9.46666644	-0.01205255
-9.43333311	-0.01225638
-9.39999978	-0.01225464
-9.36666644	-0.01219444
-9.33333311	-0.01189013
-9.29999978	-0.01144568
-9.26666644	-0.01112946
-9.23333311	-0.01059358
-9.19999978	-0.01003116
-9.16666645	-0.00937593
-9.13333311	-0.00877007
-9.09999978	-0.00819891
-9.06666645	-0.00760376
-9.03333311	-0.00704272
-8.99999978	-0.00664490
-8.96666645	-0.00630955
-8.93333311	-0.00614153
-8.89999978	-0.00582863
-8.86666645	-0.00586459
-8.83333311	-0.00602452
-8.79999978	-0.00611361
-8.76666645	-0.00639104
-8.73333312	-0.00677996
-8.69999978	-0.00723508
-8.66666645	-0.00780841
-8.63333312	-0.00832833
-8.59999978	-0.00905724
-8.56666645	-0.00964703
-8.53333312	-0.01033131
-8.49999978	-0.01100080
-8.46666645	-0.01176124
-8.43333312	-0.01239812
-8.39999979	-0.01302557
-8.36666645	-0.01358137
-8.33333312	-0.01422135
-8.29999979	-0.01474441
-8.26666645	-0.01531607
-8.23333312	-0.01572493
-8.19999979	-0.01615507
-8.16666645	-0.01650752
-8.13333312	-0.01661127
-8.09999979	-0.01674167
-8.06666646	-0.01687580
-8.03333312	-0.01684333
-7.99999979	-0.01672859
-7.96666646	-0.01660542
-7.93333312	-0.01632302
-7.89999979	-0.01599582
-7.86666646	-0.01555280
-7.83333312	-0.01494795
-7.79999979	-0.01409560
-7.76666646	-0.01332899
-7.73333312	-0.01250750
-7.69999979	-0.01142742
-7.66666646	-0.01033999
-7.63333313	-0.00903075
-7.59999979	-0.00751723
-7.56666646	-0.00621794
-7.53333313	-0.00468581
-7.49999979	-0.00322347
-7.46666646	-0.00165439
-7.43333313	-0.00013657
-7.39999979	0.00159532
-7.36666646	0.00308144
-7.33333313	0.00468441
-7.29999980	0.00599696
-7.26666646	0.00731227
-7.23333313	0.00848810
-7.19999980	0.00953741
-7.16666646	0.01053046
-7.13333313	0.01123348
-7.09999980	0.01180050
-7.06666646	0.01215715
-7.03333313	0.01240909
-6.99999980	0.01250611
-6.96666647	0.01240283
-6.93333313	0.01216743
-6.89999980	0.01183805
-6.86666647	0.01151007
-6.83333313	0.01096750
-6.79999980	0.01039176
-6.76666647	0.00975947
-6.73333313	0.00891681
-6.69999980	0.00816955
-6.66666647	0.00742990
-6.63333313	0.00666084
-6.59999980	0.00581334
-6.56666647	0.00511237
-6.53333314	0.00440606
-6.49999980	0.00354926
-6.46666647	0.00276826
-6.43333314	0.00200626
-6.39999980	0.00108868
-6.36666647	0.00032961
-6.33333314	-0.00050934
-6.29999980	-0.00140815
-6.26666647	-0.00238024
-6.23333314	-0.00326853
-6.19999981	-0.00415858
-6.16666647	-0.00520341
-6.13333314	-0.00621013
-6.09999981	-0.00728756
-6.06666647	-0.00836323
-6.03333314	-0.00950762
-5.99999981	-0.01060438
-5.96666647	-0.01185702
-5.93333314	-0.01308825
-5.89999981	-0.01426454
-5.86666648	-0.01549208
-5.83333314	-0.01668878
-5.79999981	-0.01794564
-5.76666648	-0.01911977
-5.73333314	-0.02042562
-5.69999981	-0.02154612
-5.66666648	-0.02278826
-5.63333314	-0.02387059
-5.59999981	-0.02482454
-5.56666648	-0.02598935
-5.53333314	-0.02683493
-5.49999981	-0.02774291
-5.46666648	-0.02851605
-5.43333315	-0.02925110
-5.39999981	-0.02994692
-5.36666648	-0.03070134
-5.33333315	-0.03141463
-5.29999981	-0.03204515
-5.26666648	-0.03275764
-5.23333315	-0.03327668
-5.19999981	-0.03388392
-5.16666648	-0.03448648
-5.13333315	-0.03510869
-5.09999982	-0.03572073
-5.06666648	-0.03617591
-5.03333315	-0.03677711
-4.99999982	-0.03752580
-4.96666648	-0.03828407
-4.93333315	-0.03888021
-4.89999982	-0.03960540
-4.86666648	-0.04020424
-4.83333315	-0.04083662
-4.79999982	-0.04150417
-4.76666649	-0.04208396
-4.73333315	-0.04260318
-4.69999982	-0.04315062
-4.66666649	-0.04358181
-4.63333315	-0.04384389
-4.59999982	-0.04406202
-4.56666649	-0.04438282
-4.53333315	-0.04436662
-4.49999982	-0.04435918
-4.46666649	-0.04425580
-4.43333315	-0.04387999
-4.39999982	-0.04350865
-4.36666649	-0.04318171
-4.33333316	-0.04257097
-4.29999982	-0.04179734
-4.26666649	-0.04117356
-4.23333316	-0.04032784
-4.19999982	-0.03945105
-4.16666649	-0.03856482
-4.13333316	-0.03743578
-4.09999982	-0.03632383
-4.06666649	-0.03514349
-4.03333316	-0.03388476
-3.99999983	-0.03242484
-3.96666649	-0.03094493
-3.93333316	-0.02940567
-3.89999983	-0.02777062
-3.86666649	-0.02609602
-3.83333316	-0.02434726
-3.79999983	-0.02242131
-3.76666649	-0.02042326
-3.73333316	-0.01853170
-3.69999983	-0.01643523
-3.66666650	-0.01431692
-3.63333316	-0.01228078
-3.59999983	-0.01005452
-3.56666650	-0.00793737
-3.53333316	-0.00585394
-3.49999983	-0.00382793
-3.46666650	-0.00187043
-3.43333316	-0.00006935
-3.39999983	0.00165167
-3.36666650	0.00327832
-3.33333316	0.00474435
-3.29999983	0.00608533
-3.26666650	0.00726788
-3.23333317	0.00823592
-3.19999983	0.00920940
-3.16666650	0.00997227
-3.13333317	0.01062027
-3.09999983	0.01114847
-3.06666650	0.01161557
-3.03333317	0.01185451
-2.99999983	0.01209484
-2.96666650	0.01230453
-2.93333317	0.01251773
-2.89999984	0.01260849
-2.86666650	0.01281312
-2.83333317	0.01299476
-2.79999984	0.01322350
-2.76666650	0.01358033
-2.73333317	0.01390663
-2.69999984	0.01428966
-2.66666650	0.01463054
-2.63333317	0.01521854
-2.59999984	0.01573756
-2.56666651	0.01643388
-2.53333317	0.01705595
-2.49999984	0.01781335
-2.46666651	0.01865004
-2.43333317	0.01950131
-2.39999984	0.02036360
-2.36666651	0.02118362
-2.33333317	0.02217236
-2.29999984	0.02318420
-2.26666651	0.02415231
-2.23333317	0.02517268
-2.19999984	0.02624962
-2.16666651	0.02717301
-2.13333318	0.02817662
-2.09999984	0.02912746
-2.06666651	0.03033183
-2.03333318	0.03128895
-1.99999984	0.03217209
-1.96666651	0.03311789
-1.93333318	0.03385063
-1.89999984	0.03476278
-1.86666651	0.03544239
-1.83333318	0.03620857
-1.79999985	0.03668166
-1.76666651	0.03720255
-1.73333318	0.03753932
-1.69999985	0.03785685
-1.66666651	0.03794437
-1.63333318	0.03807004
-1.59999985	0.03810050
-1.56666651	0.03789810
-1.53333318	0.03780544
-1.49999985	0.03759024
-1.46666652	0.03728596
-1.43333318	0.03685596
-1.39999985	0.03660150
-1.36666652	0.03608369
-1.33333318	0.03559986
-1.29999985	0.03524783
-1.26666652	0.03498007
-1.23333318	0.03464664
-1.19999985	0.03440510
-1.16666652	0.03420578
-1.13333318	0.03399585
-1.09999985	0.03379043
-1.06666652	0.03382462
-1.03333319	0.03396977
-0.99999985	0.03401154
-0.96666652	0.03412740
-0.93333319	0.03420846
-0.89999985	0.03435909
-0.86666652	0.03452049
-0.83333319	0.03475462
-0.79999985	0.03497995
-0.76666652	0.03508352
-0.73333319	0.03516263
-0.69999986	0.03524783
-0.66666652	0.03533915
-0.63333319	0.03547495
-0.59999986	0.03548782
-0.56666652	0.03554621
-0.53333319	0.03553445
-0.49999986	0.03565870
-0.46666652	0.03579371
-0.43333319	0.03585284
-0.39999986	0.03603366
-0.36666653	0.03618409
-0.33333319	0.03644831
-0.29999986	0.03666074
-0.26666653	0.03694772
-0.23333319	0.03723855
-0.19999986	0.03744557
-0.16666653	0.03764766
-0.13333319	0.03779602
-0.09999986	0.03789785
-0.06666653	0.03792701
-0.03333319	0.03782108
0.00000014	0.03764096
0.03333347	0.03725824
0.06666680	0.03687173
0.10000014	0.03648243
0.13333347	0.03579547
0.16666680	0.03489235
0.20000014	0.03400040
0.23333347	0.03313626
0.26666680	0.03197813
0.30000014	0.03079064
0.33333347	0.02951742
0.36666680	0.02832764
0.40000013	0.02697374
0.43333347	0.02562459
0.46666680	0.02438715
0.50000013	0.02299156
0.53333347	0.02165754
0.56666680	0.02036922
0.60000013	0.01911208
0.63333347	0.01783176
0.66666680	0.01657028
0.70000013	0.01545247
0.73333346	0.01432097
0.76666680	0.01317136
0.80000013	0.01207132
0.83333346	0.01098533
0.86666680	0.00988718
0.90000013	0.00909429
0.93333346	0.00794744
0.96666680	0.00702296
1.00000013	0.00611944
1.03333346	0.00534682
1.06666680	0.00455632
1.10000013	0.00369744
1.13333346	0.00303179
1.16666679	0.00233592
1.20000013	0.00194950
1.23333346	0.00160506
1.26666679	0.00129852
1.30000013	0.00099186
1.33333346	0.00104396
1.36666679	0.00095632
1.40000013	0.00124834
1.43333346	0.00152190
1.46666679	0.00179531
1.50000012	0.00237250
1.53333346	0.00279178
1.56666679	0.00347089
1.60000012	0.00396896
1.63333346	0.00470778
1.66666679	0.00538369
1.70000012	0.00599339
1.73333346	0.00665049
1.76666679	0.00712901
1.80000012	0.00762174
1.83333345	0.00810541
1.86666679	0.00848035
1.90000012	0.00871862
1.93333345	0.00883594
1.96666679	0.00888197
2.00000012	0.00894419
2.03333345	0.00886500
2.06666679	0.00859256
2.10000012	0.00835575
2.13333345	0.00799524
2.16666679	0.00767811
2.20000012	0.00717748
2.23333345	0.00675302
2.26666678	0.00618471
2.30000012	0.00572861
2.33333345	0.00516919
2.36666678	0.00474319
2.40000012	0.00429980
2.43333345	0.00399673
2.46666678	0.00357789
2.50000012	0.00327161
2.53333345	0.00304103
2.56666678	0.00298102
2.60000011	0.00292514
2.63333345	0.00297574
2.66666678	0.00318360
2.70000011	0.00354267
2.73333345	0.00391393
2.76666678	0.00428150
2.80000011	0.00491293
2.83333345	0.00544614
2.86666678	0.00608714
2.90000011	0.00679438
2.93333344	0.00753338
2.96666678	0.00837141
3.00000011	0.00903228
3.03333344	0.00971216
3.06666678	0.01052084
3.10000011	0.01108288
3.13333344	0.01186027
3.16666678	0.01244108
3.20000011	0.01297495
3.23333344	0.01344519
3.26666678	0.01382824
3.30000011	0.01408024
3.33333344	0.01433583
3.36666677	0.01446034
3.40000011	0.01451982
3.43333344	0.01452046
3.46666677	0.01446594
3.50000011	0.01427152
3.53333344	0.01407965
3.56666677	0.01384981
3.60000011	0.01342079
3.63333344	0.01302044
3.66666677	0.01257876
3.70000010	0.01199792
3.73333344	0.01144563
3.76666677	0.01081236
3.80000010	0.01020766
3.83333344	0.00948739
3.86666677	0.00873869
3.90000010	0.00787487
3.93333344	0.00712964
3.96666677	0.00628608
4.00000010	0.00547107
4.03333343	0.00458468
4.06666677	0.00375628
4.10000010	0.00284510
4.13333343	0.00197350
4.16666677	0.00108890
4.20000010	0.00030677
4.23333343	-0.00049108
4.26666677	-0.00126723
4.30000010	-0.00185366
4.33333343	-0.00234594
4.36666677	-0.00276074
4.40000010	-0.00313262
4.43333343	-0.00339573
4.46666676	-0.00353074
4.50000010	-0.00354736
4.53333343	-0.00356387
4.56666676	-0.00338188
4.60000010	-0.00306595
4.63333343	-0.00297273
4.66666676	-0.00257683
4.70000010	-0.00215837
4.73333343	-0.00175706
4.76666676	-0.00148663
4.80000009	-0.00110813
4.83333343	-0.00069857
4.86666676	-0.00028252
4.90000009	-0.00004835
4.93333343	0.00018703
4.96666676	0.00038237
5.00000009	0.00039630
5.03333343	0.00033799
5.06666676	0.00033980
5.10000009	0.00008978
5.13333342	-0.00012924
5.16666676	-0.00037724
5.20000009	-0.00072301
5.23333342	-0.00108920
5.26666676	-0.00161676
5.30000009	-0.00197133
5.33333342	-0.00264267
5.36666676	-0.00309575
5.40000009	-0.00359336
5.43333342	-0.00422717
5.46666676	-0.00468728
5.50000009	-0.00539913
5.53333342	-0.00589107
5.56666675	-0.00652473
5.60000009	-0.00710837
5.63333342	-0.00767281
5.66666675	-0.00832314
5.70000009	-0.00909921
5.73333342	-0.00973223
5.76666675	-0.01054863
5.80000009	-0.01118419
5.83333342	-0.01198125
5.86666675	-0.01257355
5.90000008	-0.01332683
5.93333342	-0.01399409
5.96666675	-0.01479580
6.00000008	-0.01542499
6.03333342	-0.01607411
6.06666675	-0.01664108
6.10000008	-0.01709815
6.13333342	-0.01756688
6.16666675	-0.01803663
6.20000008	-0.01835914
6.23333341	-0.01866280
6.26666675	-0.01883038
6.30000008	-0.01882152
6.33333341	-0.01907071
6.36666675	-0.01900110
6.40000008	-0.01900005
6.43333341	-0.01893505
6.46666675	-0.01883758
6.50000008	-0.01876472
6.53333341	-0.01855875
6.56666675	-0.01843511
6.60000008	-0.01811561
6.63333341	-0.01800240
6.66666674	-0.01785789
6.70000008	-0.01765567
6.73333341	-0.01737995
6.76666674	-0.01712161
6.80000008	-0.01691097
6.83333341	-0.01661849
6.86666674	-0.01644249
6.90000008	-0.01605711
6.93333341	-0.01580625
6.96666674	-0.01546898
7.00000007	-0.01520892
7.03333341	-0.01471551
7.06666674	-0.01454295
7.10000007	-0.01425127
7.13333341	-0.01391768
7.16666674	-0.01366122
7.20000007	-0.01329541
7.23333341	-0.01311855
7.26666674	-0.01285952
7.30000007	-0.01284895
7.33333341	-0.01277766
7.36666674	-0.01272991
7.40000007	-0.01278858
7.43333340	-0.01283072
7.46666674	-0.01301551
7.50000007	-0.01325165
7.53333340	-0.01341907
7.56666674	-0.01375554
7.60000007	-0.01409891
7.63333340	-0.01447972
7.66666674	-0.01465105
7.70000007	-0.01481444
7.73333340	-0.01503222
7.76666673	-0.01522997
7.80000007	-0.01531827
7.83333340	-0.01520667
7.86666673	-0.01502353
7.90000007	-0.01497818
7.93333340	-0.01463255
7.96666673	-0.01423174
8.00000007	-0.01387103
8.03333340	-0.01335736
8.06666673	-0.01292287
8.10000006	-0.01231842
8.13333340	-0.01167788
8.16666673	-0.01109330
8.20000006	-0.01049609
8.23333340	-0.00983046
8.26666673	-0.00934183
8.30000006	-0.00881830
8.33333340	-0.00836134
8.36666673	-0.00787312
8.40000006	-0.00764888
8.43333340	-0.00725803
8.46666673	-0.00697163
8.50000006	-0.00680528
8.53333339	-0.00655502
8.56666673	-0.00634234
8.60000006	-0.00619003
8.63333339	-0.00608011
8.66666673	-0.00592807
8.70000006	-0.00576973
8.73333339	-0.00561746
8.76666673	-0.00553164
8.80000006	-0.00525249
8.83333339	-0.00495068
8.86666672	-0.00473401
8.90000006	-0.00433268
8.93333339	-0.00415838
8.96666672	-0.00384749
9.00000006	-0.00358277
9.03333339	-0.00333253
9.06666672	-0.00303731
9.10000006	-0.00294178
9.13333339	-0.00270865
9.16666672	-0.00265445
9.20000005	-0.00249833
9.23333339	-0.00240331
9.26666672	-0.00240394
9.30000005	-0.00242260
9.33333339	-0.00248458
9.36666672	-0.00257927
9.40000005	-0.00266948
9.43333339	-0.00266018
9.46666672	-0.00271122
9.50000005	-0.00282413
9.53333339	-0.00293407
9.56666672	-0.00296560
9.60000005	-0.00294704
9.63333338	-0.00305875
9.66666672	-0.00300804
9.70000005	-0.00300576
9.73333338	-0.00298522
9.76666672	-0.00300980
9.80000005	-0.00303782
9.83333338	-0.00311237
9.86666672	-0.00305600
9.90000005	-0.00309376
9.93333338	-0.00318237
9.96666671	-0.00321095
10.00000005	-0.00337441
10.03333338	-0.00360484
10.06666671	-0.00367679
10.10000005	-0.00388244
10.13333338	-0.00405027
10.16666671	-0.00421971
10.20000005	-0.00440625
10.23333338	-0.00457088
10.26666671	-0.00475979
10.30000004	-0.00489886
10.33333338	-0.00497926
10.36666671	-0.00505578
10.40000004	-0.00508806
10.43333338	-0.00503327
10.46666671	-0.00501171
10.50000004	-0.00497452
10.53333338	-0.00485601
10.56666671	-0.00472867
10.60000004	-0.00452261
10.63333338	-0.00437467
10.66666671	-0.00410829
10.70000004	-0.00391831
10.73333337	-0.00363420
10.76666671	-0.00340946
10.80000004	-0.00309007
10.83333337	-0.00286514
10.86666671	-0.00260582
10.90000004	-0.00238560
10.93333337	-0.00210438
10.96666671	-0.00192938
11.00000004	-0.00175923
11.03333337	-0.00163636
11.06666670	-0.00151714
11.10000004	-0.00147889
11.13333337	-0.00138051
11.16666670	-0.00138208
11.20000004	-0.00134033
11.23333337	-0.00140187
11.26666670	-0.00146179
11.30000004	-0.00157705
11.33333337	-0.00162219
11.36666670	-0.00174969
11.40000003	-0.00188740
11.43333337	-0.00200791
11.46666670	-0.00214185
11.50000003	-0.00229658
11.53333337	-0.00241343
11.56666670	-0.00255942
11.60000003	-0.00267808
11.63333337	-0.00276629
11.66666670	-0.00285717
11.70000003	-0.00292090
11.73333337	-0.00298873
11.76666670	-0.00305948
11.80000003	-0.00304234
11.83333336	-0.00302609
11.86666670	-0.00304123
11.90000003	-0.00299424
11.93333336	-0.00293685
11.96666670	-0.00290596
12.00000003	-0.00284692
12.03333336	-0.00275480
12.06666670	-0.00268886
12.10000003	-0.00262285
12.13333336	-0.00254156
12.16666669	-0.00246414
12.20000003	-0.00238371
12.23333336	-0.00228779
12.26666669	-0.00220356
12.30000003	-0.00210907
12.33333336	-0.00200762
12.36666669	-0.00193266
12.40000003	-0.00183598
12.43333336	-0.00176522
12.46666669	-0.00167266
12.50000002	-0.00159652
12.53333336	-0.00155566
12.56666669	-0.00148842
12.60000002	-0.00143904
12.63333336	-0.00141087
12.66666669	-0.00136945
12.70000002	-0.00133242
12.73333336	-0.00131420
12.76666669	-0.00127825
12.80000002	-0.00129049
12.83333336	-0.00127451
12.86666669	-0.00126689
12.90000002	-0.00127018
12.93333335	-0.00125720
12.96666669	-0.00128492
13.00000002	-0.00128997
13.03333335	-0.00129737
13.06666669	-0.00130455
13.10000002	-0.00129717
13.13333335	-0.00130054
13.16666669	-0.00129757
13.20000002	-0.00129562
13.23333335	-0.00128944
13.26666668	-0.00127361
13.30000002	-0.00127222
13.33333335	-0.00124882
13.36666668	-0.00122560
13.40000002	-0.00119263
13.43333335	-0.00115764
13.46666668	-0.00111917
13.50000002	-0.00107444
13.53333335	-0.00102869
13.56666668	-0.00097258
13.60000001	-0.00092982
13.63333335	-0.00087060
13.66666668	-0.00081340
13.70000001	-0.00076119
13.73333335	-0.00069923
13.76666668	-0.00064573
13.80000001	-0.00059168
13.83333335	-0.00053403
13.86666668	-0.00048354
13.90000001	-0.00043605
13.93333335	-0.00039245
13.96666668	-0.00035022
14.00000001	-0.00031239
14.03333334	-0.00027690
14.06666668	-0.00024327
14.10000001	-0.00021611
14.13333334	-0.00019287
14.16666668	-0.00017063
14.20000001	-0.00014786
14.23333334	-0.00013154
14.26666668	-0.00011576
14.30000001	-0.00010082
14.33333334	-0.00008868
14.36666667	-0.00007819
14.40000001	-0.00006797
14.43333334	-0.00005887
14.46666667	-0.00005115
14.50000001	-0.00004390
14.53333334	-0.00003700
14.56666667	-0.00003092
14.60000001	-0.00002510
14.63333334	-0.00002011
14.66666667	-0.00001558
14.70000000	-0.00001171
14.73333334	-0.00000832
14.76666667	-0.00000545
14.80000000	-0.00000309
14.83333334	-0.00000142
14.86666667	-0.00000036
14.90000000	0.00000000
