# Menlo Systems GmbH ScanControl
# Program Version 1.3.3
# Start: -65.00000000 ps, Average over 1000 waveforms. Timestamp: 2020-06-27T14:34:19
# Window type: Tukey, parameters: alpha = 0.2
# User time axis shift: 0 ps
# Frequency [THz]	THz Signal [a.u.]
0.00000000	-29.61725855
0.00732601	-29.36394174
0.01465201	-22.79132500
0.02197802	-20.72684943
0.02930403	-25.85623414
0.03663004	-25.32411409
0.04395604	-17.09265573
0.05128205	-13.16344157
0.05860806	-14.34135108
0.06593407	-13.98992657
0.07326007	-8.92344071
0.08058608	-10.77008055
0.08791209	-25.38249526
0.09523810	-10.48637831
0.10256410	-10.35777738
0.10989011	-19.66174823
0.11721612	-13.04151792
0.12454213	-9.96346716
0.13186813	-12.81736198
0.13919414	-14.16773291
0.14652015	-8.78205695
0.15384616	-9.18589355
0.16117216	-9.39044988
0.16849817	-4.16235774
0.17582418	-3.75688374
0.18315018	-7.78580585
0.19047619	-6.12301656
0.19780220	-4.59124804
0.20512821	-7.72867868
0.21245421	-8.73721069
0.21978022	-6.73141526
0.22710623	-7.32377346
0.23443224	-8.55753384
0.24175824	-7.86322988
0.24908425	-6.44330844
0.25641026	-6.66745678
0.26373627	-6.27471294
0.27106227	-3.93093756
0.27838828	-2.96412077
0.28571429	-2.95961878
0.29304030	-1.82252299
0.30036630	-0.60938528
0.30769231	-0.69027344
0.31501832	-0.91814840
0.32234433	-0.08877465
0.32967033	0.00000000
0.33699634	-1.06318965
0.34432235	-1.53458440
0.35164835	-1.68509085
0.35897436	-2.46996654
0.36630037	-3.11390162
0.37362638	-3.64309532
0.38095238	-4.12239908
0.38827839	-4.15805372
0.39560440	-4.32113360
0.40293041	-4.60034022
0.41025641	-4.36990986
0.41758242	-4.11053861
0.42490843	-4.06007253
0.43223444	-3.91450671
0.43956044	-4.07633612
0.44688645	-4.31095317
0.45421246	-4.42059123
0.46153847	-5.06286046
0.46886447	-5.84843696
0.47619048	-6.61654217
0.48351649	-7.49871546
0.49084250	-8.03034287
0.49816850	-9.02687388
0.50549451	-9.35257357
0.51282052	-9.19571168
0.52014652	-9.73022063
0.52747253	-9.38628536
0.53479854	-9.16147601
0.54212455	-8.63390885
0.54945055	-9.41644931
0.55677656	-13.78799783
0.56410257	-9.73960338
0.57142858	-6.65756136
0.57875458	-6.81644650
0.58608059	-6.60000445
0.59340660	-5.94109354
0.60073261	-6.19435760
0.60805861	-6.04829709
0.61538462	-5.82670803
0.62271063	-6.25400532
0.63003664	-6.23050343
0.63736264	-6.23243929
0.64468865	-6.85918128
0.65201466	-7.16255399
0.65934067	-7.54256954
0.66666667	-8.16643013
0.67399268	-8.59902988
0.68131869	-9.25923466
0.68864469	-9.75198376
0.69597070	-10.31869977
0.70329671	-11.18048149
0.71062272	-11.74297691
0.71794872	-12.37022729
0.72527473	-13.24907161
0.73260074	-14.00299809
0.73992675	-14.72788754
0.74725275	-17.38007029
0.75457876	-19.98795738
0.76190477	-17.17863777
0.76923078	-16.81244092
0.77655678	-17.35900262
0.78388279	-17.23714229
0.79120880	-17.61586188
0.79853481	-17.47039617
0.80586081	-17.50692841
0.81318682	-17.50113275
0.82051283	-17.28401531
0.82783884	-17.29426975
0.83516484	-17.07370172
0.84249085	-17.12234205
0.84981686	-17.17420951
0.85714286	-17.16917924
0.86446887	-17.40668145
0.87179488	-17.36013917
0.87912089	-17.45525570
0.88644689	-17.77427087
0.89377290	-17.89383363
0.90109891	-18.22464302
0.90842492	-18.59912245
0.91575092	-18.82762267
0.92307693	-19.23920980
0.93040294	-19.39581657
0.93772895	-19.57862317
0.94505495	-20.19888572
0.95238096	-20.44494916
0.95970697	-20.95660587
0.96703298	-21.76656732
0.97435898	-21.85970753
0.98168499	-23.45188742
0.98901100	-25.85669941
0.99633701	-24.35901024
1.00366301	-23.82835612
1.01098902	-24.48138404
1.01831503	-24.84201840
1.02564103	-25.35949796
1.03296704	-25.85911151
1.04029305	-26.47331142
1.04761906	-26.98666798
1.05494506	-27.68211118
1.06227107	-28.23178715
1.06959708	-28.59001577
1.07692309	-29.71733648
1.08424909	-30.76077042
1.09157510	-34.91274621
1.09890111	-53.13227229
1.10622712	-37.26437299
1.11355312	-38.55488660
1.12087913	-35.01532719
1.12820514	-32.61239017
1.13553115	-33.39457562
1.14285715	-33.86570502
1.15018316	-36.18914795
1.15750917	-42.86570748
1.16483518	-71.07502145
1.17216118	-39.84456136
1.17948719	-35.27267002
1.18681320	-35.52331099
1.19413920	-35.64236106
1.20146521	-36.88168909
1.20879122	-43.86727836
1.21611723	-38.46171890
1.22344323	-38.27975040
1.23076924	-43.47442006
1.23809525	-38.41948372
1.24542126	-37.51101997
1.25274726	-38.20981391
1.26007327	-37.98096227
1.26739928	-38.66568799
1.27472529	-38.86295639
1.28205129	-39.31303822
1.28937730	-39.71758846
1.29670331	-39.86412276
1.30402932	-40.43042925
1.31135532	-40.57163843
1.31868133	-41.86122773
1.32600734	-42.63988637
1.33333335	-42.18687247
1.34065935	-42.87199948
1.34798536	-42.99713817
1.35531137	-43.52351184
1.36263738	-44.42154268
1.36996338	-44.41128326
1.37728939	-45.22537868
1.38461540	-46.05252713
1.39194140	-46.73929557
1.39926741	-48.22079737
1.40659342	-52.64992365
1.41391943	-70.35412129
1.42124543	-51.88192058
1.42857144	-49.91150615
1.43589745	-49.95999305
1.44322346	-50.19797851
1.45054946	-51.10884930
1.45787547	-50.81449814
1.46520148	-51.45165688
1.47252749	-52.15152737
1.47985349	-52.46536406
1.48717950	-53.48472317
1.49450551	-53.00784033
1.50183152	-53.65171539
1.50915752	-54.37428509
1.51648353	-54.45139831
1.52380954	-55.53033662
1.53113555	-55.54122533
1.53846155	-55.78036877
1.54578756	-56.80209842
1.55311357	-56.86955181
1.56043957	-56.56362436
1.56776558	-57.54265093
1.57509159	-59.10316640
1.58241760	-57.98628285
1.58974360	-58.50208619
1.59706961	-63.88812214
1.60439562	-66.80842912
1.61172163	-62.31775681
1.61904763	-61.27437743
1.62637364	-60.65638013
1.63369965	-60.92760263
1.64102566	-62.56446826
1.64835166	-64.45881567
1.65567767	-67.95612093
1.66300368	-81.95745084
1.67032969	-73.61370127
1.67765569	-72.15838087
1.68498170	-81.88916230
1.69230771	-71.94212183
1.69963372	-70.55760685
1.70695972	-78.73831753
1.71428573	-78.23998536
1.72161174	-72.79267179
1.72893774	-73.81304842
1.73626375	-81.12580171
1.74358976	-81.30394392
1.75091577	-76.49534185
1.75824177	-81.72373914
1.76556778	-90.25890367
1.77289379	-76.38628956
1.78021980	-72.41257953
1.78754580	-69.50628502
1.79487181	-70.52697629
1.80219782	-83.66129597
1.80952383	-77.10906359
1.81684983	-77.90572493
1.82417584	-88.57752971
1.83150185	-81.74299881
1.83882786	-81.28774334
1.84615386	-79.01799215
1.85347987	-75.56730234
1.86080588	-74.70255549
1.86813189	-78.45521089
1.87545789	-91.45004410
1.88278390	-90.25961564
1.89010991	-85.34807547
1.89743591	-85.50043111
1.90476192	-84.80872021
1.91208793	-80.68068199
1.91941394	-78.86789420
1.92673994	-78.27671572
1.93406595	-78.63025508
1.94139196	-82.82792885
1.94871797	-89.08958016
1.95604397	-76.91682047
1.96336998	-74.26523674
1.97069599	-78.80992366
1.97802200	-80.27330985
1.98534800	-85.28746730
1.99267401	-98.83293958
2.00000002	-78.06153795
2.00732603	-72.52591508
2.01465203	-77.91673593
2.02197804	-80.75339881
2.02930405	-76.34089946
2.03663006	-82.53522457
2.04395606	-84.47026329
2.05128207	-82.25237057
2.05860808	-89.96925169
2.06593408	-75.74125592
2.07326009	-75.75572345
2.08058610	-83.56769416
2.08791211	-82.02172234
2.09523811	-79.34956901
2.10256412	-87.39944282
2.10989013	-86.56084897
2.11721614	-85.24451222
2.12454214	-81.90157536
2.13186815	-77.53095997
2.13919416	-81.73198576
2.14652017	-81.53099417
2.15384617	-82.95357291
2.16117218	-88.50954778
2.16849819	-105.37522221
2.17582420	-90.68751342
2.18315020	-94.05989292
2.19047621	-84.51349308
2.19780222	-80.21830704
2.20512823	-75.93278837
2.21245423	-81.39864876
2.21978024	-83.75024014
2.22710625	-80.38482861
2.23443225	-83.34666294
2.24175826	-85.47525872
2.24908427	-90.12915540
2.25641028	-86.57767580
2.26373628	-82.63464228
2.27106229	-87.81928474
2.27838830	-78.34469582
2.28571431	-73.70682978
2.29304031	-77.04929659
2.30036632	-100.01762888
2.30769233	-84.11846712
2.31501834	-93.63468327
2.32234434	-82.11566789
2.32967035	-85.88820145
2.33699636	-93.58417250
2.34432237	-83.77304951
2.35164837	-78.33769263
2.35897438	-81.52267230
2.36630039	-91.80184118
2.37362640	-79.75223863
2.38095240	-76.88718059
2.38827841	-79.42933442
2.39560442	-85.43963821
2.40293042	-79.83074500
2.41025643	-90.88338465
2.41758244	-78.98136159
2.42490845	-77.96362365
2.43223445	-90.60346960
2.43956046	-83.37785526
2.44688647	-82.05831465
2.45421248	-84.89928563
2.46153848	-77.76646221
2.46886449	-74.64132595
2.47619050	-73.87993772
2.48351651	-76.97107579
2.49084251	-79.27017864
2.49816852	-79.31066870
2.50549453	-82.45939003
2.51282054	-74.87009736
2.52014654	-82.38669502
2.52747255	-78.37382295
2.53479856	-75.46158601
2.54212457	-83.47095512
2.54945057	-95.57994271
2.55677658	-91.58317807
2.56410259	-79.88794234
2.57142859	-84.05921938
2.57875460	-82.24082089
2.58608061	-81.51531888
2.59340662	-86.22452128
2.60073262	-78.63973058
2.60805863	-87.24005057
2.61538464	-84.77954562
2.62271065	-78.01701510
2.63003665	-75.07305531
2.63736266	-75.80281961
2.64468867	-73.53875440
2.65201468	-75.54693581
2.65934068	-97.06703866
2.66666669	-77.44315111
2.67399270	-77.26670509
2.68131871	-82.97417614
2.68864471	-77.29928502
2.69597072	-73.55223730
2.70329673	-75.41810829
2.71062274	-75.54131094
2.71794874	-79.02448874
2.72527475	-80.37843013
2.73260076	-76.24527395
2.73992676	-81.45989021
2.74725277	-82.28945550
2.75457878	-98.63049223
2.76190479	-84.78520764
2.76923079	-84.91042950
2.77655680	-82.45633234
2.78388281	-77.66718800
2.79120882	-76.11865057
2.79853482	-86.12997219
2.80586083	-82.54003996
2.81318684	-84.26181740
2.82051285	-91.85688830
2.82783885	-85.90539674
2.83516486	-87.38267923
2.84249087	-81.13332458
2.84981688	-78.34755678
2.85714288	-79.80349640
2.86446889	-86.08608380
2.87179490	-89.56347083
2.87912091	-86.94355328
2.88644691	-84.83293471
2.89377292	-82.33932744
2.90109893	-84.85610401
2.90842493	-88.78267639
2.91575094	-85.29893267
2.92307695	-86.07195973
2.93040296	-78.41516419
2.93772896	-82.77007630
2.94505497	-90.68186682
2.95238098	-84.19790871
2.95970699	-83.04458099
2.96703299	-79.77929466
2.97435900	-76.09543997
2.98168501	-82.13193626
2.98901102	-84.04959603
2.99633702	-82.78670360
3.00366303	-80.83103025
3.01098904	-76.90828576
3.01831505	-79.44626033
3.02564105	-79.19750984
3.03296706	-78.02937034
3.04029307	-83.38174604
3.04761908	-79.77482788
3.05494508	-75.71780781
3.06227109	-91.53637331
3.06959710	-76.65225151
3.07692310	-75.70732225
3.08424911	-82.48445647
3.09157512	-83.36325869
3.09890113	-80.08108711
3.10622713	-88.47637295
3.11355314	-82.02408760
3.12087915	-80.22427522
3.12820516	-80.69770565
3.13553116	-80.19478066
3.14285717	-81.08451831
3.15018318	-86.68214649
3.15750919	-85.38181680
3.16483519	-86.90478677
3.17216120	-82.30590231
3.17948721	-79.52018505
3.18681322	-83.13196985
3.19413922	-88.95613080
3.20146523	-78.35117948
3.20879124	-81.27409527
3.21611725	-81.52824496
3.22344325	-73.99726039
3.23076926	-73.74934413
3.23809527	-78.85884372
3.24542127	-90.77373688
3.25274728	-83.14928546
3.26007329	-83.09431466
3.26739930	-96.86057278
3.27472530	-96.87201754
3.28205131	-89.37091135
3.28937732	-82.36007637
3.29670333	-79.50815965
3.30402933	-81.54936152
3.31135534	-93.03191430
3.31868135	-82.84942997
3.32600736	-86.88809776
3.33333336	-86.11720100
3.34065937	-79.39182172
3.34798538	-79.32214424
3.35531139	-82.59428418
3.36263739	-80.20959630
3.36996340	-88.82414953
3.37728941	-90.35847087
3.38461542	-101.26069063
3.39194142	-83.96447993
3.39926743	-80.18497375
3.40659344	-80.24585396
3.41391944	-82.01103813
3.42124545	-79.89445322
3.42857146	-84.06230325
3.43589747	-82.02013161
3.44322347	-79.84605477
3.45054948	-84.21058196
3.45787549	-86.01531531
3.46520150	-82.46982575
3.47252750	-78.00065103
3.47985351	-81.84867536
3.48717952	-85.63272052
3.49450553	-85.38809534
3.50183153	-81.04942269
3.50915754	-77.83203577
3.51648355	-81.93145063
3.52380956	-80.89568860
3.53113556	-85.27165655
3.53846157	-77.08879499
3.54578758	-92.94275040
3.55311359	-77.94026435
3.56043959	-81.89332436
3.56776560	-81.84149195
3.57509161	-79.96548004
3.58241761	-90.53180004
3.58974362	-79.21716533
3.59706963	-79.45024608
3.60439564	-75.68524845
3.61172164	-76.62362238
3.61904765	-83.35876072
3.62637366	-90.25843726
3.63369967	-90.63734334
3.64102567	-90.94556168
3.64835168	-90.28022538
3.65567769	-100.30473506
3.66300370	-92.60155980
3.67032970	-88.19731071
3.67765571	-84.80325423
3.68498172	-88.92329630
3.69230773	-85.45159603
3.69963373	-83.47080900
3.70695974	-87.38217004
3.71428575	-92.33921989
3.72161176	-87.78998259
3.72893776	-96.43861053
3.73626377	-91.07691502
3.74358978	-87.05603341
3.75091578	-81.68163459
3.75824179	-90.97465555
3.76556780	-81.40975260
3.77289381	-77.75810513
3.78021981	-75.73169281
3.78754582	-79.41503291
3.79487183	-83.99516182
3.80219784	-79.29804930
3.80952384	-77.74961052
3.81684985	-80.07972041
3.82417586	-84.96248368
3.83150187	-85.08877039
3.83882787	-88.75562617
3.84615388	-97.70390833
3.85347989	-92.27275049
3.86080590	-85.22414112
3.86813190	-79.80106991
3.87545791	-78.62451453
3.88278392	-79.31967744
3.89010993	-78.92192874
3.89743593	-79.49478935
3.90476194	-79.76425749
3.91208795	-82.94570130
3.91941395	-86.80337040
3.92673996	-79.10398137
3.93406597	-85.87051398
3.94139198	-77.74534186
3.94871798	-81.37129692
3.95604399	-88.89383300
3.96337000	-85.24187793
3.97069601	-92.14881081
3.97802201	-77.24382484
3.98534802	-74.44100796
3.99267403	-81.55707471
4.00000004	-77.58561184
4.00732604	-76.08482913
4.01465205	-79.65516123
4.02197806	-90.73942500
4.02930407	-81.87194729
4.03663007	-91.44510201
4.04395608	-81.64838622
4.05128209	-85.95713515
4.05860810	-92.41193032
4.06593410	-109.46933229
4.07326011	-80.12413722
4.08058612	-75.11425268
4.08791213	-76.69101123
4.09523813	-81.35373383
4.10256414	-84.62855690
4.10989015	-80.41423627
4.11721615	-74.36034406
4.12454216	-78.99713694
4.13186817	-89.81652274
4.13919418	-87.57112881
4.14652018	-97.68261639
4.15384619	-85.76847002
4.16117220	-81.67080438
4.16849821	-87.89291006
4.17582421	-88.92537136
4.18315022	-82.37732261
4.19047623	-77.43200329
4.19780224	-77.93428856
4.20512824	-88.95993392
4.21245425	-83.40676984
4.21978026	-81.26579432
4.22710627	-80.74679229
4.23443227	-80.59438756
4.24175828	-79.40792393
4.24908429	-84.94692741
4.25641030	-83.37942853
4.26373630	-79.92908831
4.27106231	-83.00184568
4.27838832	-83.68855019
4.28571432	-81.83210493
4.29304033	-88.97130498
4.30036634	-78.30304188
4.30769235	-75.65784859
4.31501835	-80.96101803
4.32234436	-88.21685044
4.32967037	-86.57823355
4.33699638	-86.15369843
4.34432238	-77.46567444
4.35164839	-76.53597830
4.35897440	-92.22742426
4.36630041	-74.90594347
4.37362641	-76.71513384
4.38095242	-88.26038810
4.38827843	-80.59822124
4.39560444	-88.48126444
4.40293044	-79.50307586
4.41025645	-83.00527447
4.41758246	-81.82138817
4.42490847	-90.31263993
4.43223447	-86.76990649
4.43956048	-83.90338397
4.44688649	-77.52043289
4.45421249	-83.80432437
4.46153850	-89.72946021
4.46886451	-78.68200617
4.47619052	-74.38444890
4.48351652	-76.69719648
4.49084253	-88.71223304
4.49816854	-85.09859246
4.50549455	-82.29624771
4.51282055	-83.88948121
4.52014656	-86.27678764
4.52747257	-78.14860567
4.53479858	-81.79423686
4.54212458	-82.03153234
4.54945059	-83.60864668
4.55677660	-92.11181079
4.56410261	-79.96102425
4.57142861	-76.16610612
4.57875462	-80.23348452
4.58608063	-89.69873276
4.59340664	-94.78238198
4.60073264	-88.66817359
4.60805865	-89.48682600
4.61538466	-77.38677944
4.62271066	-75.30243703
4.63003667	-78.53899974
4.63736268	-90.31193226
4.64468869	-86.16159319
4.65201469	-81.89609469
4.65934070	-81.65706939
4.66666671	-86.32633763
4.67399272	-81.41998452
4.68131872	-80.20623543
4.68864473	-105.82177236
4.69597074	-83.08240786
4.70329675	-91.75247104
4.71062275	-83.92552254
4.71794876	-81.69835462
4.72527477	-92.90034578
4.73260078	-77.47250703
4.73992678	-73.21587250
4.74725279	-76.31113938
4.75457880	-80.60170597
4.76190481	-89.43261214
4.76923081	-87.74406327
4.77655682	-88.68689885
4.78388283	-89.27438651
4.79120883	-80.21176471
4.79853484	-79.55044995
4.80586085	-84.89712236
4.81318686	-82.79228352
4.82051286	-82.28667753
4.82783887	-87.89186252
4.83516488	-82.37839014
4.84249089	-105.39524908
4.84981689	-77.59594208
4.85714290	-75.72671876
4.86446891	-79.05989214
4.87179492	-80.77268093
4.87912092	-90.17298576
4.88644693	-83.08697836
4.89377294	-79.60719448
4.90109895	-82.51842830
4.90842495	-80.57224971
4.91575096	-78.84800835
4.92307697	-87.71350301
4.93040298	-80.74435311
4.93772898	-77.89327321
4.94505499	-83.66399923
4.95238100	-84.85136494
4.95970700	-93.64003954
4.96703301	-79.94191767
4.97435902	-84.86542054
4.98168503	-85.08227114
4.98901103	-80.90572150
4.99633704	-84.27012140
5.00366305	-95.65951752
5.01098906	-85.42972189
5.01831506	-80.30655524
5.02564107	-82.54827049
5.03296708	-90.68842169
5.04029309	-81.43186196
5.04761909	-78.49144934
5.05494510	-77.41225584
5.06227111	-82.47354499
5.06959712	-85.14759610
5.07692312	-78.69104508
5.08424913	-79.40364019
5.09157514	-80.14305860
5.09890115	-79.70178387
5.10622715	-83.16182368
5.11355316	-80.62866144
5.12087917	-82.81840923
5.12820517	-86.75327148
5.13553118	-82.10291482
5.14285719	-87.37978443
5.15018320	-105.28548103
5.15750920	-87.07121210
5.16483521	-86.07709037
5.17216122	-79.81035642
5.17948723	-77.62142612
5.18681323	-83.39111804
5.19413924	-77.13412295
5.20146525	-76.61502725
5.20879126	-87.61932900
5.21611726	-76.52916384
5.22344327	-77.99703138
5.23076928	-76.62803105
5.23809529	-73.62443236
5.24542129	-79.28956328
5.25274730	-93.36580019
5.26007331	-83.70367872
5.26739932	-84.06269320
5.27472532	-89.67449477
5.28205133	-90.43491857
5.28937734	-85.87919292
5.29670334	-79.43992146
5.30402935	-78.90041491
5.31135536	-79.68780325
5.31868137	-78.48441381
5.32600737	-79.46905222
5.33333338	-90.18248135
5.34065939	-81.32773084
5.34798540	-81.42154742
5.35531140	-85.05299700
5.36263741	-87.90842440
5.36996342	-86.35890588
5.37728943	-85.08340182
5.38461543	-88.57646888
5.39194144	-79.97839982
5.39926745	-81.00154221
5.40659346	-86.94280584
5.41391946	-99.83503758
5.42124547	-81.39522067
5.42857148	-78.65753057
5.43589749	-83.25994392
5.44322349	-85.44829485
5.45054950	-84.77523912
5.45787551	-90.91907330
5.46520151	-81.66053818
5.47252752	-84.34306499
5.47985353	-83.64380319
5.48717954	-77.98605459
5.49450554	-80.17758197
5.50183155	-88.17728970
5.50915756	-85.09785687
5.51648357	-87.85868007
5.52380957	-84.35540668
5.53113558	-79.85288311
5.53846159	-81.55209188
5.54578760	-90.73102541
5.55311360	-85.01749905
5.56043961	-78.82054362
5.56776562	-77.92683851
5.57509163	-79.72908999
5.58241763	-78.05626805
5.58974364	-81.63301991
5.59706965	-88.16013930
5.60439566	-78.89357175
5.61172166	-83.05722410
5.61904767	-90.29299362
5.62637368	-80.91491497
5.63369968	-82.94917240
5.64102569	-89.61394314
5.64835170	-82.65206662
5.65567771	-88.39772452
5.66300371	-82.31655239
5.67032972	-79.20515057
5.67765573	-81.88646148
5.68498174	-108.88168856
5.69230774	-80.87128327
5.69963375	-84.56999015
5.70695976	-80.17712642
5.71428577	-78.20694976
5.72161177	-76.65205809
5.72893778	-78.14402693
5.73626379	-84.48952355
5.74358980	-83.96826648
5.75091580	-80.86092865
5.75824181	-79.01336143
5.76556782	-82.30513860
5.77289383	-76.79734131
5.78021983	-83.51154555
5.78754584	-83.13457415
5.79487185	-81.63937786
5.80219785	-82.84304100
5.80952386	-82.88469256
5.81684987	-84.64880977
5.82417588	-86.06945954
5.83150188	-85.04280096
5.83882789	-87.82914960
5.84615390	-89.74442347
5.85347991	-92.46990365
5.86080591	-97.62697190
5.86813192	-93.20988377
5.87545793	-86.80394912
5.88278394	-89.31736359
5.89010994	-101.84330018
5.89743595	-92.08440075
5.90476196	-88.19070080
5.91208797	-85.73263297
5.91941397	-88.68139368
5.92673998	-84.40978981
5.93406599	-79.69000597
5.94139200	-81.73487325
5.94871800	-88.19688828
5.95604401	-89.00832150
5.96337002	-82.46093242
5.97069602	-92.49605106
5.97802203	-87.25131106
5.98534804	-89.69581118
5.99267405	-81.97233983
6.00000005	-81.91369648
6.00732606	-79.00091622
6.01465207	-79.79060392
6.02197808	-81.03462746
6.02930408	-78.97413341
6.03663009	-86.41011633
6.04395610	-86.51598301
6.05128211	-78.50611459
6.05860811	-77.29062565
6.06593412	-81.82613425
6.07326013	-85.83776339
6.08058614	-80.52934044
6.08791214	-81.65961748
6.09523815	-87.27430653
6.10256416	-90.60384063
6.10989017	-83.56329625
6.11721617	-78.76974771
6.12454218	-83.18256968
6.13186819	-97.22136927
6.13919419	-88.89903851
6.14652020	-81.65436228
6.15384621	-81.39973745
6.16117222	-83.58581396
6.16849822	-92.43635563
6.17582423	-78.85736526
6.18315024	-77.71300376
6.19047625	-103.04583273
6.19780225	-79.21161340
6.20512826	-79.29072017
6.21245427	-91.88445244
6.21978028	-83.04155202
6.22710628	-80.40545631
6.23443229	-89.78249975
6.24175830	-87.06926817
6.24908431	-81.96491139
6.25641031	-92.37238077
6.26373632	-80.98998582
6.27106233	-79.78667929
6.27838834	-84.66185996
6.28571434	-83.94767244
6.29304035	-84.06930521
6.30036636	-81.90271203
6.30769236	-83.92312150
6.31501837	-76.80869153
6.32234438	-77.05929079
6.32967039	-82.42466744
6.33699639	-79.92204681
6.34432240	-74.43324357
6.35164841	-82.57706985
6.35897442	-81.44316843
6.36630042	-82.23896260
6.37362643	-81.86376373
6.38095244	-80.91964848
6.38827845	-87.93049779
6.39560445	-91.74873807
6.40293046	-80.88069178
6.41025647	-81.39752788
6.41758248	-89.35570665
6.42490848	-89.44597115
6.43223449	-85.30941266
6.43956050	-82.53666111
6.44688651	-85.24095928
6.45421251	-79.66746271
6.46153852	-78.41607288
6.46886453	-80.59454239
6.47619053	-82.04660636
6.48351654	-83.65083997
6.49084255	-84.08960045
6.49816856	-86.59521954
6.50549456	-82.79853698
6.51282057	-77.78659247
6.52014658	-77.88861331
6.52747259	-89.72746168
6.53479859	-75.39701219
6.54212460	-74.13524608
6.54945061	-79.12743259
6.55677662	-93.74278349
6.56410262	-92.76804121
6.57142863	-95.40696841
6.57875464	-93.44549210
6.58608065	-87.80463306
6.59340665	-91.78535451
6.60073266	-80.83250684
6.60805867	-77.39395061
6.61538468	-78.75165293
6.62271068	-83.23660455
6.63003669	-84.19640939
6.63736270	-81.88200290
6.64468870	-90.73809276
6.65201471	-88.06919552
6.65934072	-83.54535233
6.66666673	-82.66283309
6.67399273	-83.01753614
6.68131874	-81.60695782
6.68864475	-84.18223489
6.69597076	-79.33512491
6.70329676	-80.03921181
6.71062277	-82.52038167
6.71794878	-85.51600222
6.72527479	-85.62368459
6.73260079	-88.80642509
6.73992680	-83.15512655
6.74725281	-81.30385283
6.75457882	-84.61157081
6.76190482	-86.77153750
6.76923083	-79.80986140
6.77655684	-80.89736924
6.78388285	-84.93373286
6.79120885	-83.98250581
6.79853486	-91.38865719
6.80586087	-82.37120966
6.81318688	-83.87050524
6.82051288	-84.79927983
6.82783889	-81.76325084
6.83516490	-78.47229252
6.84249090	-85.01949875
6.84981691	-88.65988951
6.85714292	-89.20003865
6.86446893	-94.47926457
6.87179493	-94.61917761
6.87912094	-86.18577126
6.88644695	-86.75430126
6.89377296	-89.43795557
6.90109896	-87.53651171
6.90842497	-93.60598244
6.91575098	-87.13537672
6.92307699	-81.33743637
6.93040299	-85.26011411
6.93772900	-84.85274918
6.94505501	-85.58960509
6.95238102	-86.96981568
6.95970702	-83.96990241
6.96703303	-79.57619416
6.97435904	-77.20189325
6.98168505	-87.15943365
6.98901105	-78.45947557
6.99633706	-77.41933414
7.00366307	-83.44536466
7.01098907	-91.57269026
7.01831508	-88.51223448
7.02564109	-86.86468596
7.03296710	-88.28519333
7.04029310	-86.41358890
7.04761911	-84.70232313
7.05494512	-80.48027736
7.06227113	-80.96993424
7.06959713	-84.78126072
7.07692314	-82.06976719
7.08424915	-90.64433512
7.09157516	-84.78393057
7.09890116	-86.36925304
7.10622717	-95.18922026
7.11355318	-88.29629434
7.12087919	-89.16195395
7.12820519	-85.76526703
7.13553120	-83.95728811
7.14285721	-83.89246504
7.15018322	-81.40296575
7.15750922	-87.58820292
7.16483523	-86.90441478
7.17216124	-86.24148553
7.17948724	-93.68155156
7.18681325	-89.74846355
7.19413926	-82.70099225
7.20146527	-80.70384874
7.20879127	-85.44100824
7.21611728	-92.51138336
7.22344329	-87.39385745
7.23076930	-81.51031369
7.23809530	-79.47633015
7.24542131	-78.01471997
7.25274732	-82.93035598
7.26007333	-93.56489459
7.26739933	-86.59063461
7.27472534	-89.51403693
7.28205135	-92.24340503
7.28937736	-97.05515927
7.29670336	-89.01995698
7.30402937	-88.62602256
7.31135538	-92.18889193
7.31868139	-102.83734552
7.32600739	-89.61409372
7.33333340	-96.40569041
7.34065941	-82.96978901
7.34798541	-80.46854701
7.35531142	-85.03409117
7.36263743	-79.45726995
7.36996344	-79.32641380
7.37728944	-79.07834159
7.38461545	-83.00885848
7.39194146	-78.78497766
7.39926747	-83.37395985
7.40659347	-82.86188750
7.41391948	-77.42862734
7.42124549	-82.94287209
7.42857150	-86.76460787
7.43589750	-83.52707684
7.44322351	-84.20481721
7.45054952	-89.50831507
7.45787553	-82.65695351
7.46520153	-78.68255135
7.47252754	-80.49498121
7.47985355	-85.21179699
7.48717956	-83.35795216
7.49450556	-83.04019272
7.50183157	-84.41751787
7.50915758	-84.45937059
7.51648358	-85.39863759
7.52380959	-89.12779444
7.53113560	-80.20642600
7.53846161	-77.75383344
7.54578761	-80.10065708
7.55311362	-85.13550535
7.56043963	-83.73461867
7.56776564	-84.91004739
7.57509164	-93.24341657
7.58241765	-90.97365794
7.58974366	-84.36758751
7.59706967	-85.93999546
7.60439567	-88.73970440
7.61172168	-84.55577552
7.61904769	-83.94466886
7.62637370	-83.79116805
7.63369970	-82.61639839
7.64102571	-84.85260598
7.64835172	-90.86239898
7.65567773	-86.06256606
7.66300373	-91.08977864
7.67032974	-99.17788091
7.67765575	-88.99387530
7.68498175	-80.32421258
7.69230776	-79.51417805
7.69963377	-85.54332776
7.70695978	-82.86513027
7.71428578	-86.84640601
7.72161179	-87.43620091
7.72893780	-81.77680518
7.73626381	-80.68940224
7.74358981	-77.56629127
7.75091582	-81.92162868
7.75824183	-85.44322949
7.76556784	-86.72220793
7.77289384	-76.29162345
7.78021985	-76.29630088
7.78754586	-82.52878351
7.79487187	-77.22134961
7.80219787	-86.77341650
7.80952388	-85.50800797
7.81684989	-105.17868125
7.82417590	-81.55884153
7.83150190	-81.86166303
7.83882791	-79.86583880
7.84615392	-84.27722482
7.85347992	-81.40679875
7.86080593	-77.91824554
7.86813194	-82.23447972
7.87545795	-90.16970857
7.88278395	-89.52937158
7.89010996	-87.23141577
7.89743597	-92.34100926
7.90476198	-85.41032210
7.91208798	-84.09785131
7.91941399	-92.51716948
7.92674000	-89.41922550
7.93406601	-84.43615620
7.94139201	-83.65403962
7.94871802	-90.38749503
7.95604403	-80.91258941
7.96337004	-82.69623166
7.97069604	-82.11268157
7.97802205	-82.42401142
7.98534806	-78.98135883
7.99267407	-81.69984241
8.00000007	-76.95352750
8.00732608	-81.96185469
8.01465209	-92.63417593
8.02197809	-99.67668803
8.02930410	-79.38611051
8.03663011	-83.01636427
8.04395612	-81.42476035
8.05128212	-76.25589823
8.05860813	-78.70198108
8.06593414	-82.11449876
8.07326015	-94.82750916
8.08058615	-81.14761962
8.08791216	-81.93209319
8.09523817	-85.70175333
8.10256418	-97.67722309
8.10989018	-86.64979618
8.11721619	-81.57683788
8.12454220	-96.52125223
8.13186821	-81.76025515
8.13919421	-90.36180290
8.14652022	-80.81422858
8.15384623	-82.43381193
8.16117224	-90.07047807
8.16849824	-83.34870375
8.17582425	-82.14691862
8.18315026	-84.41840086
8.19047626	-87.99709090
8.19780227	-87.28629372
8.20512828	-85.23748987
8.21245429	-85.95993077
8.21978029	-86.16402167
8.22710630	-82.55945732
8.23443231	-78.63041736
8.24175832	-76.89858972
8.24908432	-76.25898763
8.25641033	-80.39330253
8.26373634	-101.41760973
8.27106235	-89.07570492
8.27838835	-86.58147643
8.28571436	-87.70460022
8.29304037	-84.47320970
8.30036638	-83.30257160
8.30769238	-104.82236159
8.31501839	-88.93954828
8.32234440	-86.49354731
8.32967041	-80.87035215
8.33699641	-84.83469830
8.34432242	-80.95644364
8.35164843	-82.31002971
8.35897443	-93.94655683
8.36630044	-81.53116320
8.37362645	-83.93347871
8.38095246	-90.35558894
8.38827846	-94.34228188
8.39560447	-93.75674114
8.40293048	-94.05003409
8.41025649	-88.10671813
8.41758249	-84.11586067
8.42490850	-87.58603684
8.43223451	-87.74363495
8.43956052	-90.00229677
8.44688652	-84.44904466
8.45421253	-82.52980712
8.46153854	-90.27214942
8.46886455	-85.23105750
8.47619055	-91.43574646
8.48351656	-89.17143712
8.49084257	-96.40089039
8.49816858	-83.38083725
8.50549458	-80.65941995
8.51282059	-78.96673247
8.52014660	-81.24318800
8.52747260	-86.17826296
8.53479861	-82.52427653
8.54212462	-89.44024482
8.54945063	-81.27487608
8.55677663	-80.90445249
8.56410264	-80.52860827
8.57142865	-84.85162358
8.57875466	-84.67273685
8.58608066	-87.94339081
8.59340667	-88.82318248
8.60073268	-84.59694707
8.60805869	-82.52901269
8.61538469	-90.40447723
8.62271070	-84.93179168
8.63003671	-84.59671081
8.63736272	-87.14825315
8.64468872	-81.78081814
8.65201473	-82.43782644
8.65934074	-83.90720688
8.66666675	-90.34421718
8.67399275	-81.72066487
8.68131876	-78.51610825
8.68864477	-80.32490750
8.69597077	-85.87593977
8.70329678	-88.25023187
8.71062279	-93.35217924
8.71794880	-82.63239310
8.72527480	-80.15933156
8.73260081	-83.53901605
8.73992682	-82.65084977
8.74725283	-85.29276965
8.75457883	-89.12660395
8.76190484	-86.19138121
8.76923085	-85.60574669
8.77655686	-84.07831058
8.78388286	-88.77762879
8.79120887	-84.69491263
8.79853488	-76.44941712
8.80586089	-75.80984163
8.81318689	-78.40688450
8.82051290	-81.19850716
8.82783891	-81.66346184
8.83516492	-81.54330379
8.84249092	-84.57155938
8.84981693	-81.85310124
8.85714294	-82.52332380
8.86446894	-85.17161689
8.87179495	-81.39897466
8.87912096	-90.37727572
8.88644697	-83.63657755
8.89377297	-81.26951246
8.90109898	-94.34898420
8.90842499	-86.02066570
8.91575100	-84.65609396
8.92307700	-94.12892442
8.93040301	-85.65579987
8.93772902	-83.26506742
8.94505503	-97.40588519
8.95238103	-82.82298609
8.95970704	-85.51794878
8.96703305	-96.14293444
8.97435906	-82.46394957
8.98168506	-80.57274737
8.98901107	-80.44300417
8.99633708	-82.63048378
9.00366309	-99.14384318
9.01098909	-84.61126506
9.01831510	-81.35113969
9.02564111	-84.25767535
9.03296711	-80.81201195
9.04029312	-81.45499751
9.04761913	-97.61726834
9.05494514	-93.75082748
9.06227114	-92.58698673
9.06959715	-99.82428254
9.07692316	-84.86642565
9.08424917	-89.99645122
9.09157517	-84.12263743
9.09890118	-81.49258276
9.10622719	-90.95754503
9.11355320	-86.45916304
9.12087920	-88.39920865
9.12820521	-76.99105894
9.13553122	-74.91691391
9.14285723	-77.82299598
9.15018323	-76.95850002
9.15750924	-77.85035121
9.16483525	-93.48331297
9.17216126	-90.79089413
9.17948726	-83.84695094
9.18681327	-78.47461442
9.19413928	-84.35457649
9.20146528	-91.50752773
9.20879129	-78.98854569
9.21611730	-76.84643205
9.22344331	-83.27277953
9.23076931	-84.63444935
9.23809532	-102.57856199
9.24542133	-81.75096634
9.25274734	-83.52963300
9.26007334	-83.54941804
9.26739935	-80.03130518
9.27472536	-84.02684489
9.28205137	-85.18076732
9.28937737	-86.44304003
9.29670338	-85.93691826
9.30402939	-83.52456433
9.31135540	-84.56563159
9.31868140	-87.95353464
9.32600741	-87.18652763
9.33333342	-79.77948196
9.34065943	-79.96364894
9.34798543	-87.87076919
9.35531144	-82.41922939
9.36263745	-77.37906894
9.36996345	-84.73075570
9.37728946	-82.47678494
9.38461547	-80.62824316
9.39194148	-92.34404087
9.39926748	-85.06489626
9.40659349	-114.10294130
9.41391950	-81.38779278
9.42124551	-81.25557419
9.42857151	-92.54710317
9.43589752	-76.95653407
9.44322353	-76.23820108
9.45054954	-84.37868520
9.45787554	-85.15394253
9.46520155	-82.50578681
9.47252756	-83.34973196
9.47985357	-78.98128212
9.48717957	-78.03596396
9.49450558	-86.12839146
9.50183159	-82.90529129
9.50915760	-82.44212251
9.51648360	-80.44393467
9.52380961	-88.24372979
9.53113562	-81.13566312
9.53846163	-79.04891847
9.54578763	-79.53510627
9.55311364	-76.59027454
9.56043965	-80.93945006
9.56776565	-84.11165450
9.57509166	-76.45032831
9.58241767	-77.74049437
9.58974368	-91.98753189
9.59706968	-89.44482092
9.60439569	-90.56003518
9.61172170	-82.22971111
9.61904771	-85.65524982
9.62637371	-81.33375848
9.63369972	-80.77216462
9.64102573	-80.90823008
9.64835174	-78.07017818
9.65567774	-79.60820866
9.66300375	-88.68841506
9.67032976	-89.15249385
9.67765577	-85.68177901
9.68498177	-87.94786468
9.69230778	-98.12354854
9.69963379	-94.63640357
9.70695980	-85.38209005
9.71428580	-83.42363422
9.72161181	-106.14944404
9.72893782	-82.18085650
9.73626382	-83.32435864
9.74358983	-94.03648161
9.75091584	-81.99313913
9.75824185	-78.01893547
9.76556785	-80.13734191
9.77289386	-82.33567754
9.78021987	-79.10667565
9.78754588	-76.50669090
9.79487188	-76.53494244
9.80219789	-87.76037866
9.80952390	-83.26218080
9.81684991	-90.45009125
9.82417591	-81.11618259
9.83150192	-88.63723858
9.83882793	-81.72363904
9.84615394	-78.41236079
9.85347994	-81.34871455
9.86080595	-80.46708686
9.86813196	-80.47883257
9.87545797	-94.81792262
9.88278397	-80.68567725
9.89010998	-87.20394646
9.89743599	-82.20855850
9.90476199	-83.21452555
9.91208800	-84.65369397
9.91941401	-82.11766769
9.92674002	-83.61335362
9.93406602	-85.05340373
9.94139203	-91.82898560
9.94871804	-90.28765340
9.95604405	-85.05570657
9.96337005	-82.68515355
9.97069606	-91.85905508
9.97802207	-83.28440243
9.98534808	-80.80293384
9.99267408	-83.60068270
10.00000009	-80.63639748
10.00732610	-82.18241630
10.01465211	-86.07274118
10.02197811	-87.14349223
10.02930412	-90.34630431
10.03663013	-86.23153182
10.04395614	-86.14752593
10.05128214	-95.17111632
10.05860815	-99.98198089
10.06593416	-93.65890120
10.07326016	-86.20034904
10.08058617	-80.50860125
10.08791218	-83.86309832
10.09523819	-87.21339563
10.10256419	-81.10221517
10.10989020	-84.06074836
10.11721621	-92.39194678
10.12454222	-96.50657068
10.13186822	-98.62197983
10.13919423	-87.79935408
10.14652024	-82.91091921
10.15384625	-80.98806384
10.16117225	-81.24488543
10.16849826	-84.76623303
10.17582427	-91.82771309
10.18315028	-94.30000668
10.19047628	-83.77877239
10.19780229	-82.04809998
10.20512830	-84.91159131
10.21245431	-87.20277432
10.21978031	-94.53715610
10.22710632	-85.79382102
10.23443233	-87.49173495
10.24175833	-81.86459551
10.24908434	-83.26805629
10.25641035	-82.02259809
10.26373636	-90.30543870
10.27106236	-81.27922807
10.27838837	-88.98434471
10.28571438	-77.27982089
10.29304039	-75.13945849
10.30036639	-81.48856410
10.30769240	-80.86965771
10.31501841	-79.28586858
10.32234442	-81.83491412
10.32967042	-89.51177385
10.33699643	-81.27705885
10.34432244	-89.30081984
10.35164845	-94.69463880
10.35897445	-108.71378218
10.36630046	-96.77731477
10.37362647	-84.98317061
10.38095248	-82.74015872
10.38827848	-97.39234077
10.39560449	-80.47463900
10.40293050	-78.05851969
10.41025650	-89.29905307
10.41758251	-84.23417165
10.42490852	-93.74539504
10.43223453	-81.05388689
10.43956053	-81.23876456
10.44688654	-87.89665438
10.45421255	-88.16856195
10.46153856	-82.21713035
10.46886456	-91.77444665
10.47619057	-82.53805951
10.48351658	-81.06518753
10.49084259	-85.03391542
10.49816859	-83.00036569
10.50549460	-91.73642459
10.51282061	-80.52152491
10.52014662	-80.77996037
10.52747262	-87.00756305
10.53479863	-94.16565210
10.54212464	-84.27128709
10.54945065	-81.14633305
10.55677665	-81.00925976
10.56410266	-81.09208078
10.57142867	-82.77474311
10.57875467	-83.31574297
10.58608068	-85.55849242
10.59340669	-90.39511836
10.60073270	-90.21936278
10.60805870	-92.08760341
10.61538471	-86.23785827
10.62271072	-90.00354431
10.63003673	-88.83254526
10.63736273	-81.68974772
10.64468874	-84.88454320
10.65201475	-83.34305492
10.65934076	-80.19652394
10.66666676	-96.41468119
10.67399277	-81.93342291
10.68131878	-82.98373971
10.68864479	-95.21546747
10.69597079	-87.06994866
10.70329680	-90.34781613
10.71062281	-101.47880820
10.71794882	-102.64218619
10.72527482	-89.39831127
10.73260083	-84.47848994
10.73992684	-82.37106268
10.74725284	-81.97502106
10.75457885	-82.49161898
10.76190486	-82.30505104
10.76923087	-89.61632542
10.77655687	-92.80504189
10.78388288	-84.84804683
10.79120889	-80.55725867
10.79853490	-82.31293244
10.80586090	-86.11348765
10.81318691	-92.44412391
10.82051292	-86.11573463
10.82783893	-90.98421228
10.83516493	-79.73843340
10.84249094	-83.79788496
10.84981695	-91.96084686
10.85714296	-89.67876956
10.86446896	-80.51689206
10.87179497	-80.70281279
10.87912098	-86.28192927
10.88644699	-109.56699635
10.89377299	-93.80139768
10.90109900	-85.62073141
10.90842501	-84.20840989
10.91575101	-83.46729254
10.92307702	-82.84178607
10.93040303	-85.84091351
10.93772904	-83.09492077
10.94505504	-83.75687910
10.95238105	-81.60550266
10.95970706	-81.66057043
10.96703307	-88.48484055
10.97435907	-86.90089367
10.98168508	-80.40485016
10.98901109	-84.59423998
10.99633710	-91.27237069
11.00366310	-84.68887646
11.01098911	-97.96768402
11.01831512	-84.87431520
11.02564113	-81.60141152
11.03296713	-82.37180283
11.04029314	-83.27016826
11.04761915	-88.49967275
11.05494516	-90.42481151
11.06227116	-97.56866197
11.06959717	-91.05270121
11.07692318	-85.05601427
11.08424918	-81.55040112
11.09157519	-90.07066343
11.09890120	-84.37735290
11.10622721	-84.10498342
11.11355321	-91.24589255
11.12087922	-85.95212293
11.12820523	-76.28504735
11.13553124	-78.26586704
11.14285724	-88.16991272
11.15018325	-83.87356285
11.15750926	-82.10108861
11.16483527	-76.39554842
11.17216127	-86.01379164
11.17948728	-84.06975884
11.18681329	-81.96832901
11.19413930	-82.40369530
11.20146530	-105.91684970
11.20879131	-82.91379100
11.21611732	-83.49329457
11.22344333	-86.28521930
11.23076933	-85.59985822
11.23809534	-83.52637789
11.24542135	-81.90172425
11.25274735	-85.57143503
11.26007336	-106.22125639
11.26739937	-84.92267266
11.27472538	-79.60994711
11.28205138	-80.80904103
11.28937739	-84.43709976
11.29670340	-84.88342988
11.30402941	-93.06936337
11.31135541	-81.99817415
11.31868142	-78.02537490
11.32600743	-83.22597088
11.33333344	-85.11688110
11.34065944	-106.77434029
11.34798545	-78.41630150
11.35531146	-77.00687275
11.36263747	-84.99866441
11.36996347	-100.49122842
11.37728948	-95.85906841
11.38461549	-88.61259414
11.39194150	-83.27659472
11.39926750	-87.98101557
11.40659351	-91.55901652
11.41391952	-88.86864671
11.42124552	-97.28600038
11.42857153	-89.27545775
11.43589754	-83.42034065
11.44322355	-90.56102007
11.45054955	-80.44571310
11.45787556	-82.77034438
11.46520157	-83.57533579
11.47252758	-77.42089660
11.47985358	-80.53120753
11.48717959	-81.61933442
11.49450560	-85.99196351
11.50183161	-77.01984303
11.50915761	-78.94905529
11.51648362	-91.67874752
11.52380963	-86.02942505
11.53113564	-89.52199615
11.53846164	-87.54491604
11.54578765	-85.73088640
11.55311366	-80.27288068
11.56043967	-90.01935082
11.56776567	-78.10563642
11.57509168	-78.84001196
11.58241769	-85.13557161
11.58974369	-79.30448579
11.59706970	-84.10856260
11.60439571	-85.77907381
11.61172172	-93.52779872
11.61904772	-80.16699763
11.62637373	-86.06166296
11.63369974	-89.81269813
11.64102575	-89.11089708
11.64835175	-78.22820667
11.65567776	-80.40159279
11.66300377	-86.53874139
11.67032978	-99.29643856
11.67765578	-83.54558825
11.68498179	-83.61067696
11.69230780	-80.79118523
11.69963381	-90.62946017
11.70695981	-83.85665858
11.71428582	-85.86095958
11.72161183	-90.37422095
11.72893784	-87.17368248
11.73626384	-82.23167593
11.74358985	-84.99541051
11.75091586	-86.42827240
11.75824186	-85.35540505
11.76556787	-84.01139521
11.77289388	-92.74986082
11.78021989	-91.33017738
11.78754589	-82.13963537
11.79487190	-80.35742317
11.80219791	-89.62998625
11.80952392	-88.67476434
11.81684992	-83.65662081
11.82417593	-82.66975259
11.83150194	-92.21308910
11.83882795	-94.49811340
11.84615395	-115.69271337
11.85347996	-98.01833860
11.86080597	-81.81964067
11.86813198	-78.94394517
11.87545798	-77.77311614
11.88278399	-76.40809472
11.89011000	-86.04377753
11.89743601	-79.38022906
11.90476201	-76.47826642
11.91208802	-77.86685920
11.91941403	-80.65074669
11.92674003	-94.23717508
11.93406604	-83.16610296
11.94139205	-87.57513023
11.94871806	-88.16128823
11.95604406	-82.28572918
11.96337007	-79.52122018
11.97069608	-81.28463919
11.97802209	-97.24458653
11.98534809	-82.96322079
11.99267410	-81.62702486
12.00000011	-83.36076353
12.00732612	-85.12607457
12.01465212	-77.33969427
12.02197813	-82.42920575
12.02930414	-78.92425275
12.03663015	-77.15403193
12.04395615	-79.62005553
12.05128216	-76.41874905
12.05860817	-80.86632881
12.06593418	-101.30471407
12.07326018	-83.38030922
12.08058619	-79.67520705
12.08791220	-82.99512943
12.09523820	-80.46323281
12.10256421	-84.07246466
12.10989022	-91.13152756
12.11721623	-79.90547569
12.12454223	-77.06697841
12.13186824	-79.34251776
12.13919425	-86.14399137
12.14652026	-100.95935485
12.15384626	-83.67043559
12.16117227	-81.39687412
12.16849828	-85.26188563
12.17582429	-88.09396533
12.18315029	-92.31633383
12.19047630	-81.25796801
12.19780231	-79.81392484
12.20512832	-88.16216390
12.21245432	-84.12301425
12.21978033	-82.18491150
12.22710634	-79.92870679
12.23443235	-100.34371158
12.24175835	-77.80986625
12.24908436	-78.14693465
12.25641037	-89.17782278
12.26373638	-83.79641684
12.27106238	-85.41528498
12.27838839	-97.07142629
12.28571440	-90.94076948
12.29304040	-88.42957950
12.30036641	-82.02586924
12.30769242	-89.94805839
12.31501843	-88.51956811
12.32234443	-82.02495527
12.32967044	-79.58159961
12.33699645	-85.91725445
12.34432246	-88.64186625
12.35164846	-89.71622984
12.35897447	-81.06268927
12.36630048	-82.05319048
12.37362649	-85.12437679
12.38095249	-79.88328489
12.38827850	-83.59676580
12.39560451	-88.99532007
12.40293052	-81.79304064
12.41025652	-80.58426473
12.41758253	-88.99299462
12.42490854	-84.36917172
12.43223455	-82.00154712
12.43956055	-93.84245155
12.44688656	-85.84600711
12.45421257	-85.64028180
12.46153857	-84.37002593
12.46886458	-81.92432354
12.47619059	-83.95616928
12.48351660	-82.81553079
12.49084260	-82.36299091
12.49816861	-99.02063797
12.50549462	-84.48644064
12.51282063	-84.60188210
12.52014663	-82.80371368
12.52747264	-87.73973070
12.53479865	-90.13919298
12.54212466	-88.70614465
12.54945066	-93.83655183
12.55677667	-100.36129324
12.56410268	-86.30528049
12.57142869	-83.13371478
12.57875469	-81.37872210
12.58608070	-88.77387089
12.59340671	-83.03417287
12.60073272	-81.15011840
12.60805872	-86.06659668
12.61538473	-79.90440711
12.62271074	-84.42257663
12.63003674	-98.37866578
12.63736275	-89.99315976
12.64468876	-87.76773086
12.65201477	-86.01163455
12.65934077	-89.30921839
12.66666678	-82.44827122
12.67399279	-78.67988089
12.68131880	-81.71446390
12.68864480	-88.93652416
12.69597081	-83.48935254
12.70329682	-83.49139169
12.71062283	-87.28874073
12.71794883	-91.29795531
12.72527484	-86.56789464
12.73260085	-82.86424881
12.73992686	-82.81055564
12.74725286	-86.10037884
12.75457887	-96.08519756
12.76190488	-84.90699937
12.76923089	-84.49043102
12.77655689	-84.88610020
12.78388290	-82.72355467
12.79120891	-80.08193312
12.79853491	-81.89544149
12.80586092	-82.50252114
12.81318693	-79.32994632
12.82051294	-83.83070739
12.82783894	-83.21871360
12.83516495	-82.85342953
12.84249096	-84.91196347
12.84981697	-82.73671124
12.85714297	-87.34358590
12.86446898	-86.50390054
12.87179499	-87.81777309
12.87912100	-84.75726458
12.88644700	-82.31418961
12.89377301	-81.19620911
12.90109902	-85.01820231
12.90842503	-94.88185837
12.91575103	-95.90714936
12.92307704	-87.09411981
12.93040305	-88.97771662
12.93772906	-82.40733204
12.94505506	-77.71180687
12.95238107	-79.23582550
12.95970708	-75.75694545
12.96703308	-78.70809687
12.97435909	-84.52576460
12.98168510	-87.74159646
12.98901111	-82.52777326
12.99633711	-84.90421577
13.00366312	-87.03170134
13.01098913	-88.81697791
13.01831514	-80.69495532
13.02564114	-78.07354455
13.03296715	-93.90491395
13.04029316	-78.74046504
13.04761917	-77.99041357
13.05494517	-80.97253158
13.06227118	-80.99897499
13.06959719	-79.33888443
13.07692320	-83.80278945
13.08424920	-83.23959481
13.09157521	-79.47220328
13.09890122	-85.33171054
13.10622723	-89.97437218
13.11355323	-81.94047011
13.12087924	-80.11241502
13.12820525	-80.75046062
13.13553125	-91.60026054
13.14285726	-81.39323975
13.15018327	-82.14102741
13.15750928	-102.75487449
13.16483528	-88.42560930
13.17216129	-84.86759080
13.17948730	-82.66660871
13.18681331	-83.15256775
13.19413931	-81.37475219
13.20146532	-88.20131837
13.20879133	-83.21042527
13.21611734	-80.93862715
13.22344334	-89.74611167
13.23076935	-85.04970604
13.23809536	-83.31648045
13.24542137	-81.43361878
13.25274737	-86.04673649
13.26007338	-85.16882869
13.26739939	-85.77938549
13.27472540	-86.01485085
13.28205140	-78.42276749
13.28937741	-75.11869216
13.29670342	-78.64522199
13.30402942	-98.32864539
13.31135543	-91.44345899
13.31868144	-87.04994220
13.32600745	-84.35335520
13.33333345	-88.16834970
13.34065946	-79.66335543
13.34798547	-89.55806789
13.35531148	-85.49412250
13.36263748	-91.48092474
13.36996349	-84.48689881
13.37728950	-80.89476034
13.38461551	-80.72306542
13.39194151	-99.62610508
13.39926752	-81.52502195
13.40659353	-82.01476779
13.41391954	-88.81883183
13.42124554	-81.59629178
13.42857155	-77.25586682
13.43589756	-84.75502242
13.44322357	-79.00517038
13.45054957	-78.80242774
13.45787558	-85.31617754
13.46520159	-84.94914335
13.47252759	-81.61336075
13.47985360	-97.42963156
13.48717961	-77.79335820
13.49450562	-77.86413780
13.50183162	-80.99180066
13.50915763	-79.02117772
13.51648364	-78.15122692
13.52380965	-85.09806627
13.53113565	-76.65219689
13.53846166	-77.67998641
13.54578767	-92.44756202
13.55311368	-107.61176826
13.56043968	-80.16589873
13.56776569	-75.23782447
13.57509170	-76.57083182
13.58241771	-84.94695475
13.58974371	-83.72653019
13.59706972	-78.61463273
13.60439573	-83.16167660
13.61172174	-92.41896758
13.61904774	-86.55170299
13.62637375	-81.08532396
13.63369976	-77.17697192
13.64102576	-82.57237890
13.64835177	-86.04505031
13.65567778	-80.36707684
13.66300379	-82.23970119
13.67032979	-90.93151836
13.67765580	-86.94439007
13.68498181	-88.01989201
13.69230782	-93.36429150
13.69963382	-102.45199622
13.70695983	-83.39178899
13.71428584	-82.60786659
13.72161185	-99.16532662
13.72893785	-91.84778599
13.73626386	-84.28903113
13.74358987	-76.43760160
13.75091588	-79.64003199
13.75824188	-83.35682572
13.76556789	-83.78732551
13.77289390	-79.01171893
13.78021991	-76.20744829
13.78754591	-84.35540479
13.79487192	-82.99891309
13.80219793	-79.14573415
13.80952393	-81.45238850
13.81684994	-96.52797904
13.82417595	-90.26229226
13.83150196	-79.55843170
13.83882796	-74.07513186
13.84615397	-78.34349035
13.85347998	-82.75236407
13.86080599	-82.04594895
13.86813199	-82.24446785
13.87545800	-86.92941908
13.88278401	-83.09221100
13.89011002	-76.91932016
13.89743602	-79.85104626
13.90476203	-97.54358717
13.91208804	-80.16516594
13.91941405	-80.54493768
13.92674005	-85.78947421
13.93406606	-83.75483640
13.94139207	-79.49166934
13.94871808	-78.83439396
13.95604408	-79.41804184
13.96337009	-79.03341674
13.97069610	-89.87987707
13.97802210	-87.84872826
13.98534811	-87.91148826
13.99267412	-81.01090427
14.00000013	-82.14337057
14.00732613	-89.04509166
14.01465214	-87.83630882
14.02197815	-84.05969767
14.02930416	-101.51901550
14.03663016	-81.62315592
14.04395617	-82.04363740
14.05128218	-82.20179810
14.05860819	-80.23399133
14.06593419	-84.05428306
14.07326020	-93.89027505
14.08058621	-80.50563283
14.08791222	-78.70401094
14.09523822	-81.90436048
14.10256423	-82.37676495
14.10989024	-82.76692151
14.11721625	-83.89857926
14.12454225	-87.53029348
14.13186826	-89.86110996
14.13919427	-94.64939318
14.14652027	-90.70474340
14.15384628	-83.67374943
14.16117229	-85.90830304
14.16849830	-89.83969505
14.17582430	-89.69396280
14.18315031	-81.78702757
14.19047632	-86.24438468
14.19780233	-86.42810109
14.20512833	-81.07753834
14.21245434	-82.67416547
14.21978035	-82.73310195
14.22710636	-82.62880519
14.23443236	-80.25911938
14.24175837	-77.52107166
14.24908438	-81.03518389
14.25641039	-86.17208115
14.26373639	-85.20488251
14.27106240	-88.03424155
14.27838841	-94.52107981
14.28571442	-84.77383137
14.29304042	-86.13848983
14.30036643	-88.84103991
14.30769244	-84.60708800
14.31501844	-98.03246165
14.32234445	-84.65282286
14.32967046	-93.54528159
14.33699647	-83.16172440
14.34432247	-78.91691763
14.35164848	-80.93864395
14.35897449	-88.26509124
14.36630050	-77.93176545
14.37362650	-79.15604691
14.38095251	-102.63852746
14.38827852	-84.44613449
14.39560453	-91.09288576
14.40293053	-85.41605909
14.41025654	-83.63070839
14.41758255	-85.01943778
14.42490856	-100.99931936
14.43223456	-90.28912508
14.43956057	-96.41318272
14.44688658	-83.87753189
14.45421259	-84.43809436
14.46153859	-85.00921533
14.46886460	-81.09411195
14.47619061	-88.14180340
14.48351661	-78.45359752
14.49084262	-79.87710508
14.49816863	-84.24943329
14.50549464	-82.14637430
14.51282064	-78.90796470
14.52014665	-83.52506547
14.52747266	-84.99921950
14.53479867	-80.52680951
14.54212467	-85.75703582
14.54945068	-80.89696663
14.55677669	-80.95753740
14.56410270	-89.82301845
14.57142870	-81.63396565
14.57875471	-82.24471716
14.58608072	-88.93079839
14.59340673	-88.98064395
14.60073273	-90.82397018
14.60805874	-94.18292443
14.61538475	-82.33161975
14.62271076	-81.89781073
14.63003676	-88.67018842
14.63736277	-78.63795052
14.64468878	-77.72189213
14.65201478	-81.25813175
14.65934079	-84.62917200
14.66666680	-82.09249863
14.67399281	-82.83037435
14.68131881	-86.74928482
14.68864482	-90.15215892
14.69597083	-89.86254018
14.70329684	-85.03442741
14.71062284	-89.24377661
14.71794885	-85.60024004
14.72527486	-81.38412023
14.73260087	-89.55724357
14.73992687	-90.67809536
14.74725288	-95.12431642
14.75457889	-88.55385293
14.76190490	-90.19925792
14.76923090	-99.02690275
14.77655691	-85.39324322
14.78388292	-84.55624043
14.79120893	-100.02542215
14.79853493	-93.48553390
14.80586094	-83.53355506
14.81318695	-83.17263810
14.82051295	-101.29665698
14.82783896	-82.97862644
14.83516497	-80.44858157
14.84249098	-80.60809229
14.84981698	-86.77911963
14.85714299	-84.08945704
14.86446900	-82.63941492
14.87179501	-103.49750951
14.87912101	-80.92685292
14.88644702	-78.72514479
14.89377303	-80.73531822
14.90109904	-86.15101640
14.90842504	-89.59231109
14.91575105	-89.40751789
14.92307706	-84.66401832
14.93040307	-86.43299771
14.93772907	-85.91440648
14.94505508	-80.87808148
14.95238109	-92.07262057
14.95970710	-86.92558665
14.96703310	-90.34657044
14.97435911	-97.66775246
14.98168512	-84.76846595
14.98901113	-80.39512071
14.99633713	-92.24277619
