# Menlo Systems GmbH ScanControl
# Program Version 1.3.3
# Start: -65.00000000 ps, Average over 1000 waveforms. Timestamp: 2020-07-03T08:45:07
# Window type: Tukey, parameters: alpha = 0.2
# User time axis shift: 0 ps
# Frequency [THz]	THz Signal [a.u.]
0.00000000	-33.27622243
0.00732601	-25.08765734
0.01465201	-19.15145934
0.02197802	-18.28282661
0.02930403	-24.86274626
0.03663004	-23.59623799
0.04395604	-16.28774328
0.05128205	-13.27985984
0.05860806	-14.37249037
0.06593407	-14.13820529
0.07326007	-9.44798590
0.08058608	-10.42545108
0.08791209	-17.78151484
0.09523810	-12.53143789
0.10256410	-11.80011254
0.10989011	-20.75455198
0.11721612	-14.08928630
0.12454213	-9.70068890
0.13186813	-11.70682897
0.13919414	-9.32866293
0.14652015	-6.53679759
0.15384616	-9.66249072
0.16117216	-16.73220170
0.16849817	-11.20220959
0.17582418	-11.15954848
0.18315019	-15.04262397
0.19047619	-10.10126453
0.19780220	-5.25775759
0.20512821	-5.08426682
0.21245421	-7.02585112
0.21978022	-5.43469642
0.22710623	-5.56275871
0.23443224	-8.60592427
0.24175824	-6.13438427
0.24908425	-3.74932312
0.25641026	-3.69389365
0.26373627	-2.58407318
0.27106227	-0.79412906
0.27838828	-1.18387384
0.28571429	-2.99779131
0.29304030	-1.59345673
0.30036630	-0.26830015
0.30769231	-1.28684125
0.31501832	-1.44658450
0.32234433	0.00000000
0.32967033	-0.47706796
0.33699634	-1.89693118
0.34432235	-1.44044856
0.35164836	-1.61933136
0.35897436	-2.53415592
0.36630037	-2.09445802
0.37362638	-2.22848834
0.38095238	-2.97909237
0.38827839	-3.16815738
0.39560440	-3.86629478
0.40293041	-4.74478854
0.41025641	-5.06005468
0.41758242	-5.13776651
0.42490843	-4.74933058
0.43223444	-4.92036806
0.43956044	-6.00942723
0.44688645	-6.62713515
0.45421246	-7.02842679
0.46153847	-7.87325969
0.46886447	-7.89622479
0.47619048	-7.52055489
0.48351649	-7.35155394
0.49084250	-7.62414160
0.49816850	-8.64000647
0.50549451	-9.16271000
0.51282052	-9.48205575
0.52014653	-9.90868179
0.52747253	-9.78182656
0.53479854	-9.81039489
0.54212455	-9.22251388
0.54945056	-10.50131919
0.55677656	-17.22539325
0.56410257	-12.69007080
0.57142858	-9.46293788
0.57875458	-10.06969563
0.58608059	-9.82531869
0.59340660	-9.01808108
0.60073261	-9.08431350
0.60805861	-8.92749425
0.61538462	-9.11824902
0.62271063	-9.52652789
0.63003664	-9.43511648
0.63736264	-9.73127081
0.64468865	-10.16312297
0.65201466	-10.32656911
0.65934067	-10.93929299
0.66666667	-11.44770989
0.67399268	-11.66343247
0.68131869	-12.37247102
0.68864470	-13.01014492
0.69597070	-13.47107962
0.70329671	-14.26346129
0.71062272	-14.73810616
0.71794873	-15.04967719
0.72527473	-15.96399462
0.73260074	-16.78599071
0.73992675	-17.56187098
0.74725275	-20.67090079
0.75457876	-23.84382206
0.76190477	-20.28273581
0.76923078	-19.46008259
0.77655678	-20.06343146
0.78388279	-20.05685784
0.79120880	-20.51844978
0.79853481	-20.90657590
0.80586081	-21.26660748
0.81318682	-21.69728951
0.82051283	-21.67949074
0.82783884	-21.97907549
0.83516484	-22.16385987
0.84249085	-22.43415296
0.84981686	-22.98919368
0.85714287	-23.21788748
0.86446887	-23.65973303
0.87179488	-23.87557154
0.87912089	-23.79557975
0.88644690	-24.06111637
0.89377290	-24.23542574
0.90109891	-24.46748718
0.90842492	-24.79594176
0.91575093	-24.89550456
0.92307693	-25.03734909
0.93040294	-25.09637837
0.93772895	-25.24584990
0.94505495	-25.63128737
0.95238096	-25.67288451
0.95970697	-26.12250858
0.96703298	-26.92872698
0.97435898	-27.10657254
0.98168499	-28.85017126
0.98901100	-31.68724952
0.99633701	-29.71693747
1.00366301	-28.72226326
1.01098902	-29.26711030
1.01831503	-29.60237859
1.02564104	-29.97912677
1.03296704	-30.28766843
1.04029305	-30.69978218
1.04761906	-31.35092276
1.05494507	-31.97940635
1.06227107	-32.69236029
1.06959708	-33.51705844
1.07692309	-34.44334155
1.08424910	-36.03731643
1.09157510	-41.15989007
1.09890111	-55.49766352
1.10622712	-45.03406724
1.11355312	-46.14846370
1.12087913	-41.31639536
1.12820514	-38.77323667
1.13553115	-39.01659980
1.14285715	-39.95070101
1.15018316	-43.63982448
1.15750917	-52.57768546
1.16483518	-67.27251087
1.17216118	-48.43016244
1.17948719	-43.06899337
1.18681320	-42.97341691
1.19413921	-43.51508239
1.20146521	-44.99277024
1.20879122	-54.33295315
1.21611723	-47.03219034
1.22344324	-46.72731023
1.23076924	-56.02014114
1.23809525	-48.00651786
1.24542126	-46.66964374
1.25274727	-47.71568234
1.26007327	-47.17760019
1.26739928	-48.31640791
1.27472529	-48.81889118
1.28205130	-48.75869313
1.28937730	-49.92298792
1.29670331	-49.77486400
1.30402932	-49.96287133
1.31135532	-51.17411272
1.31868133	-52.09114851
1.32600734	-52.82442849
1.33333335	-52.38401127
1.34065935	-52.68684554
1.34798536	-54.93718304
1.35531137	-55.75426995
1.36263738	-54.96201951
1.36996338	-55.44495277
1.37728939	-56.09114649
1.38461540	-56.29547980
1.39194141	-56.77044806
1.39926741	-57.81423122
1.40659342	-63.10245864
1.41391943	-69.66924482
1.42124544	-60.13217919
1.42857144	-59.42640680
1.43589745	-60.30758873
1.44322346	-59.02647442
1.45054947	-58.53641116
1.45787547	-60.06880689
1.46520148	-59.88630958
1.47252749	-58.28589461
1.47985350	-59.44622710
1.48717950	-60.30702891
1.49450551	-59.51542623
1.50183152	-61.09777130
1.50915752	-62.22034975
1.51648353	-62.45151144
1.52380954	-64.15255642
1.53113555	-62.53800626
1.53846155	-61.59870422
1.54578756	-61.98274265
1.55311357	-62.92164801
1.56043958	-64.22396335
1.56776558	-64.11329782
1.57509159	-64.93608821
1.58241760	-63.47544167
1.58974361	-62.30934424
1.59706961	-67.01532829
1.60439562	-77.24957513
1.61172163	-67.38973698
1.61904764	-66.54266291
1.62637364	-64.61579559
1.63369965	-63.78646869
1.64102566	-66.70450286
1.64835167	-73.79381383
1.65567767	-82.92094833
1.66300368	-74.77552240
1.67032969	-72.41389896
1.67765569	-71.09625727
1.68498170	-83.13384327
1.69230771	-73.38441011
1.69963372	-79.57496603
1.70695972	-71.15014746
1.71428573	-79.62271904
1.72161174	-75.26380601
1.72893775	-76.04324548
1.73626375	-74.77749678
1.74358976	-73.84014355
1.75091577	-71.08532763
1.75824178	-71.30264239
1.76556778	-80.21533538
1.77289379	-79.39387886
1.78021980	-80.05565960
1.78754581	-77.59292621
1.79487181	-74.95644915
1.80219782	-87.72360685
1.80952383	-83.09173476
1.81684984	-87.42615903
1.82417584	-78.81942666
1.83150185	-70.82053266
1.83882786	-69.87957961
1.84615387	-81.62516177
1.85347987	-77.50031871
1.86080588	-83.19668651
1.86813189	-76.44054049
1.87545789	-77.73522295
1.88278390	-84.04098896
1.89010991	-75.06920081
1.89743592	-77.76836883
1.90476192	-81.00590405
1.91208793	-76.16879353
1.91941394	-84.90767706
1.92673995	-70.31084559
1.93406595	-73.30271399
1.94139196	-77.90287066
1.94871797	-73.57609580
1.95604398	-77.79390679
1.96336998	-72.51018020
1.97069599	-81.96306497
1.97802200	-76.80280802
1.98534801	-80.13008535
1.99267401	-82.36136689
2.00000002	-81.04467703
2.00732603	-82.45899629
2.01465204	-79.69593724
2.02197804	-72.68535721
2.02930405	-74.31009930
2.03663006	-96.83927487
2.04395606	-76.51046286
2.05128207	-77.57475971
2.05860808	-85.34653604
2.06593409	-88.20855146
2.07326009	-80.24345429
2.08058610	-81.23970108
2.08791211	-94.32429632
2.09523812	-96.93044186
2.10256412	-83.71110982
2.10989013	-83.52189028
2.11721614	-74.82434486
2.12454215	-70.87643465
2.13186815	-74.77616632
2.13919416	-81.40687642
2.14652017	-78.73304712
2.15384618	-75.91267254
2.16117218	-88.22731384
2.16849819	-77.62876681
2.17582420	-77.89946937
2.18315021	-79.08901491
2.19047621	-78.62266662
2.19780222	-84.68878763
2.20512823	-89.52434188
2.21245424	-83.57686557
2.21978024	-80.14323194
2.22710625	-81.42485990
2.23443226	-81.61585432
2.24175826	-76.50920583
2.24908427	-73.72523149
2.25641028	-74.74917617
2.26373629	-77.50515655
2.27106229	-78.72347812
2.27838830	-73.39679260
2.28571431	-81.51421672
2.29304032	-73.52055734
2.30036632	-70.35859995
2.30769233	-78.44087271
2.31501834	-75.01850580
2.32234435	-77.27048611
2.32967035	-96.47615308
2.33699636	-82.14585640
2.34432237	-82.88231260
2.35164838	-82.17389429
2.35897438	-78.93533706
2.36630039	-78.64143902
2.37362640	-81.44198444
2.38095241	-83.76162985
2.38827841	-85.61120402
2.39560442	-102.18893981
2.40293043	-84.14503589
2.41025643	-83.80745615
2.41758244	-82.34627707
2.42490845	-81.18586046
2.43223446	-84.76797985
2.43956046	-73.05016749
2.44688647	-71.96172931
2.45421248	-75.62606526
2.46153849	-72.71288602
2.46886449	-70.92230647
2.47619050	-74.32269555
2.48351651	-82.73179801
2.49084252	-85.55677037
2.49816852	-85.45130593
2.50549453	-81.78343006
2.51282054	-79.02163661
2.52014655	-79.39690620
2.52747255	-85.33545901
2.53479856	-81.68262210
2.54212457	-81.48611980
2.54945058	-84.73414147
2.55677658	-78.93308115
2.56410259	-74.56915280
2.57142860	-73.50283164
2.57875461	-73.75809812
2.58608061	-73.12243028
2.59340662	-77.23719035
2.60073263	-79.53316535
2.60805863	-76.96061597
2.61538464	-88.00585986
2.62271065	-93.99260519
2.63003666	-79.61070215
2.63736266	-75.31167428
2.64468867	-81.37813030
2.65201468	-84.85312273
2.65934069	-77.06876282
2.66666669	-70.01208268
2.67399270	-70.52340986
2.68131871	-80.36686985
2.68864472	-78.15742792
2.69597072	-76.27268158
2.70329673	-76.38276752
2.71062274	-79.55437339
2.71794875	-85.64421696
2.72527475	-81.40931209
2.73260076	-86.03947741
2.73992677	-88.04379805
2.74725278	-77.31727286
2.75457878	-75.75619531
2.76190479	-88.43354427
2.76923080	-84.16459902
2.77655680	-90.75127812
2.78388281	-82.87837729
2.79120882	-90.31315117
2.79853483	-79.97429536
2.80586083	-82.46317763
2.81318684	-81.55660143
2.82051285	-80.80047717
2.82783886	-81.69533265
2.83516486	-76.61774242
2.84249087	-82.34189287
2.84981688	-86.11854599
2.85714289	-84.41146299
2.86446889	-80.09642417
2.87179490	-78.50251703
2.87912091	-80.93022652
2.88644692	-77.45031574
2.89377292	-80.80307097
2.90109893	-84.72511144
2.90842494	-87.26029035
2.91575095	-80.33294785
2.92307695	-76.41862472
2.93040296	-82.22072188
2.93772897	-89.84568822
2.94505498	-79.31073594
2.95238098	-76.11740996
2.95970699	-76.47765852
2.96703300	-88.62976579
2.97435900	-79.63950401
2.98168501	-80.28487709
2.98901102	-95.66155585
2.99633703	-84.73438006
3.00366303	-77.75443226
3.01098904	-78.06978938
3.01831505	-99.56343488
3.02564106	-87.80210575
3.03296706	-91.59963934
3.04029307	-83.67038764
3.04761908	-86.09991582
3.05494509	-79.88555223
3.06227109	-87.53275409
3.06959710	-80.26047982
3.07692311	-74.73946042
3.08424912	-76.30081017
3.09157512	-82.23743892
3.09890113	-88.24901129
3.10622714	-90.94901191
3.11355315	-81.35758257
3.12087915	-73.06027542
3.12820516	-75.79108537
3.13553117	-82.63064491
3.14285718	-73.04474186
3.15018318	-75.48113480
3.15750919	-78.89088165
3.16483520	-77.94980716
3.17216120	-82.31708915
3.17948721	-81.84788431
3.18681322	-76.90006550
3.19413923	-73.79370896
3.20146523	-73.58511783
3.20879124	-74.88008946
3.21611725	-75.10438353
3.22344326	-77.74596742
3.23076926	-89.85276694
3.23809527	-79.12320969
3.24542128	-91.77419575
3.25274729	-75.70620214
3.26007329	-75.78812227
3.26739930	-82.75091119
3.27472531	-89.14747268
3.28205132	-85.86733637
3.28937732	-76.85173522
3.29670333	-72.38984044
3.30402934	-74.56161835
3.31135535	-80.10984702
3.31868135	-76.03689973
3.32600736	-80.81514992
3.33333337	-86.38527548
3.34065937	-81.47180149
3.34798538	-97.61956478
3.35531139	-77.43242205
3.36263740	-77.95847356
3.36996340	-92.73422562
3.37728941	-78.06948361
3.38461542	-76.47561919
3.39194143	-76.06750622
3.39926743	-81.11643381
3.40659344	-81.56106176
3.41391945	-83.41254117
3.42124546	-76.29369511
3.42857146	-76.24887390
3.43589747	-81.20507164
3.44322348	-93.29123054
3.45054949	-80.31981818
3.45787549	-78.90129085
3.46520150	-86.15091480
3.47252751	-83.02468557
3.47985352	-90.59565679
3.48717952	-78.79926098
3.49450553	-77.95581533
3.50183154	-79.29560629
3.50915755	-86.40460438
3.51648355	-82.25288262
3.52380956	-77.45697678
3.53113557	-77.39473711
3.53846157	-78.26248484
3.54578758	-80.75762206
3.55311359	-76.76961066
3.56043960	-80.50541680
3.56776560	-86.25139990
3.57509161	-78.17775145
3.58241762	-80.25156113
3.58974363	-77.81917640
3.59706963	-86.40860235
3.60439564	-75.83204181
3.61172165	-72.15359502
3.61904766	-74.89631857
3.62637366	-72.75785234
3.63369967	-75.55024026
3.64102568	-79.05437489
3.64835169	-89.12446966
3.65567769	-81.52956419
3.66300370	-87.68637373
3.67032971	-75.40421753
3.67765572	-77.39351853
3.68498172	-91.60569936
3.69230773	-79.92185118
3.69963374	-74.14321013
3.70695974	-79.24700979
3.71428575	-79.05959942
3.72161176	-76.36504433
3.72893777	-85.77149517
3.73626377	-80.95269595
3.74358978	-76.11040431
3.75091579	-79.79840224
3.75824180	-85.86765452
3.76556780	-90.11341846
3.77289381	-77.15173221
3.78021982	-78.83866919
3.78754583	-88.63802696
3.79487183	-85.65915676
3.80219784	-81.67724667
3.80952385	-78.03394654
3.81684986	-74.51926132
3.82417586	-75.32314221
3.83150187	-82.41271812
3.83882788	-86.29569569
3.84615389	-88.77522144
3.85347989	-85.04309926
3.86080590	-77.33187485
3.86813191	-82.55263170
3.87545792	-79.82505874
3.88278392	-78.86347997
3.89010993	-99.90541023
3.89743594	-81.08535368
3.90476194	-85.21729074
3.91208795	-91.02964856
3.91941396	-85.19182244
3.92673997	-80.61250024
3.93406597	-82.84173466
3.94139198	-79.96913210
3.94871799	-79.68438568
3.95604400	-83.81711370
3.96337000	-88.78106725
3.97069601	-87.81316449
3.97802202	-88.96926502
3.98534803	-85.04137873
3.99267403	-82.42735376
4.00000004	-80.99197860
4.00732605	-81.76267207
4.01465206	-79.36319051
4.02197806	-76.27740335
4.02930407	-80.92130310
4.03663008	-80.87508193
4.04395609	-78.60669676
4.05128209	-85.49860874
4.05860810	-89.66707858
4.06593411	-78.93634877
4.07326011	-78.11552708
4.08058612	-81.37571795
4.08791213	-78.72752574
4.09523814	-80.32098025
4.10256414	-85.40553209
4.10989015	-89.22546643
4.11721616	-82.44651811
4.12454217	-74.20572793
4.13186817	-73.68219125
4.13919418	-80.30553870
4.14652019	-76.87607924
4.15384620	-75.13297152
4.16117220	-77.56603676
4.16849821	-91.40059953
4.17582422	-79.13461116
4.18315023	-77.88960907
4.19047623	-81.99983464
4.19780224	-84.19134497
4.20512825	-83.37102331
4.21245426	-82.29877127
4.21978026	-86.81798683
4.22710627	-88.55978164
4.23443228	-78.36627414
4.24175829	-77.38478076
4.24908429	-79.71392408
4.25641030	-86.36467637
4.26373631	-77.64361829
4.27106231	-75.47369116
4.27838832	-77.27062464
4.28571433	-98.19837203
4.29304034	-78.85264473
4.30036634	-79.04733483
4.30769235	-86.97437410
4.31501836	-78.42781394
4.32234437	-71.97739956
4.32967037	-70.01539261
4.33699638	-71.89368637
4.34432239	-83.72460097
4.35164840	-78.08976050
4.35897440	-76.97038081
4.36630041	-90.92551746
4.37362642	-80.40718003
4.38095243	-79.24763904
4.38827843	-86.13240137
4.39560444	-88.12785251
4.40293045	-95.96636864
4.41025646	-81.91580030
4.41758246	-83.16303600
4.42490847	-92.85627262
4.43223448	-83.58588190
4.43956049	-75.16412914
4.44688649	-74.77106553
4.45421250	-82.62033368
4.46153851	-78.33188426
4.46886451	-88.78622070
4.47619052	-74.66741109
4.48351653	-72.65784014
4.49084254	-77.97853380
4.49816854	-84.90790960
4.50549455	-78.79333552
4.51282056	-72.52117857
4.52014657	-78.14993746
4.52747257	-85.77822365
4.53479858	-86.35313648
4.54212459	-77.12246189
4.54945060	-74.00479855
4.55677660	-77.44506295
4.56410261	-83.20976144
4.57142862	-75.12943372
4.57875463	-74.35447560
4.58608063	-77.32294387
4.59340664	-76.97582809
4.60073265	-80.58960925
4.60805866	-85.68293822
4.61538466	-78.25571656
4.62271067	-77.91119377
4.63003668	-78.33341192
4.63736268	-81.63112935
4.64468869	-81.19235236
4.65201470	-78.04154184
4.65934071	-82.61809270
4.66666671	-81.64920815
4.67399272	-75.15348471
4.68131873	-79.92696613
4.68864474	-84.90013517
4.69597074	-78.58464784
4.70329675	-83.94348157
4.71062276	-80.39860243
4.71794877	-79.58062896
4.72527477	-85.37188775
4.73260078	-100.83672388
4.73992679	-84.39565697
4.74725280	-81.05144998
4.75457880	-86.83500979
4.76190481	-85.85513049
4.76923082	-80.03479326
4.77655683	-76.11319818
4.78388283	-75.31349865
4.79120884	-78.65303638
4.79853485	-80.82614758
4.80586086	-81.03303286
4.81318686	-82.95041514
4.82051287	-83.83441285
4.82783888	-80.12995942
4.83516488	-77.45783515
4.84249089	-78.71864841
4.84981690	-83.44696948
4.85714291	-84.35704352
4.86446891	-82.06092892
4.87179492	-86.16693079
4.87912093	-88.98360869
4.88644694	-86.52785605
4.89377294	-80.87626813
4.90109895	-75.34221503
4.90842496	-75.98573890
4.91575097	-81.24270065
4.92307697	-85.64854546
4.93040298	-86.25863459
4.93772899	-90.81643442
4.94505500	-99.53799080
4.95238100	-87.07846466
4.95970701	-80.07242736
4.96703302	-78.63415336
4.97435903	-82.35015033
4.98168503	-90.95167491
4.98901104	-77.77453290
4.99633705	-75.60087958
5.00366305	-84.64527058
5.01098906	-87.97697161
5.01831507	-85.53997704
5.02564108	-77.55443306
5.03296708	-79.63934992
5.04029309	-79.13961327
5.04761910	-80.79537333
5.05494511	-77.69012560
5.06227111	-78.94429052
5.06959712	-90.93161071
5.07692313	-84.66745788
5.08424914	-78.35026448
5.09157514	-79.61692516
5.09890115	-81.15879179
5.10622716	-87.93195241
5.11355317	-77.85987186
5.12087917	-83.82670756
5.12820518	-74.95927032
5.13553119	-75.47114385
5.14285720	-81.50286128
5.15018320	-79.32783345
5.15750921	-80.76820535
5.16483522	-74.58997475
5.17216123	-87.28728692
5.17948723	-78.28447645
5.18681324	-84.95409616
5.19413925	-81.03226005
5.20146525	-76.90057297
5.20879126	-79.03951687
5.21611727	-87.37156382
5.22344328	-82.90598335
5.23076928	-95.76707755
5.23809529	-81.28256506
5.24542130	-76.62852092
5.25274731	-77.42774193
5.26007331	-88.84432391
5.26739932	-90.22481787
5.27472533	-85.21181851
5.28205134	-80.46095244
5.28937734	-83.35320212
5.29670335	-82.79152982
5.30402936	-77.21565572
5.31135537	-76.97685515
5.31868137	-83.81057179
5.32600738	-81.01727513
5.33333339	-96.42673568
5.34065940	-83.61813273
5.34798540	-84.63548075
5.35531141	-80.34719856
5.36263742	-88.97390515
5.36996342	-80.87130313
5.37728943	-79.88258677
5.38461544	-82.93992303
5.39194145	-76.70644456
5.39926745	-75.74039549
5.40659346	-78.18420679
5.41391947	-85.54312236
5.42124548	-82.29363168
5.42857148	-90.36162266
5.43589749	-77.75001030
5.44322350	-82.27560061
5.45054951	-74.78692516
5.45787551	-75.25944824
5.46520152	-79.39327978
5.47252753	-74.15044127
5.47985354	-82.23155037
5.48717954	-78.77759810
5.49450555	-94.44635860
5.50183156	-77.57111995
5.50915757	-91.86260652
5.51648357	-73.95229618
5.52380958	-74.16633534
5.53113559	-86.31685599
5.53846160	-86.11313257
5.54578760	-84.57783698
5.55311361	-76.66092545
5.56043962	-74.50850744
5.56776562	-75.77247561
5.57509163	-78.35732125
5.58241764	-81.95181662
5.58974365	-91.06386020
5.59706965	-77.46640326
5.60439566	-79.45603585
5.61172167	-81.05394580
5.61904768	-73.81732169
5.62637368	-78.07986197
5.63369969	-85.45434883
5.64102570	-83.45738178
5.64835171	-80.32926857
5.65567771	-81.06284314
5.66300372	-82.28921653
5.67032973	-78.41738426
5.67765574	-77.37132692
5.68498174	-78.24486373
5.69230775	-79.37441799
5.69963376	-80.25258853
5.70695977	-79.55269366
5.71428577	-81.15198946
5.72161178	-87.02953195
5.72893779	-78.78389708
5.73626380	-79.39754865
5.74358980	-89.27725559
5.75091581	-80.18632199
5.75824182	-78.13818120
5.76556782	-80.71948928
5.77289383	-89.90487781
5.78021984	-93.18710852
5.78754585	-84.11285128
5.79487185	-83.07789617
5.80219786	-76.80461814
5.80952387	-74.68302042
5.81684988	-81.77773082
5.82417588	-82.75377058
5.83150189	-83.03598110
5.83882790	-85.34420880
5.84615391	-75.39739018
5.85347991	-75.49074667
5.86080592	-89.36629137
5.86813193	-77.70964778
5.87545794	-77.50417299
5.88278394	-82.81305280
5.89010995	-80.64360184
5.89743596	-78.76473717
5.90476197	-84.13559364
5.91208797	-77.33121791
5.91941398	-78.11744971
5.92673999	-87.40615144
5.93406599	-80.73912479
5.94139200	-77.77524615
5.94871801	-90.86942582
5.95604402	-78.25108688
5.96337002	-79.31436595
5.97069603	-82.17077405
5.97802204	-79.13007162
5.98534805	-75.51042088
5.99267405	-80.31979510
6.00000006	-74.85052479
6.00732607	-80.00648991
6.01465208	-81.71019462
6.02197808	-87.40110444
6.02930409	-75.32938659
6.03663010	-73.70489901
6.04395611	-80.17497883
6.05128211	-78.16343616
6.05860812	-94.58524894
6.06593413	-84.19401486
6.07326014	-86.64744764
6.08058614	-86.12251302
6.08791215	-83.17457642
6.09523816	-92.83865827
6.10256417	-81.35832379
6.10989017	-85.07873463
6.11721618	-84.59914608
6.12454219	-85.42127052
6.13186819	-82.28969771
6.13919420	-82.47820888
6.14652021	-82.27596984
6.15384622	-83.47396859
6.16117222	-88.97108850
6.16849823	-86.94056704
6.17582424	-76.97060701
6.18315025	-74.46880760
6.19047625	-78.81536140
6.19780226	-79.63881518
6.20512827	-87.89237384
6.21245428	-85.58553008
6.21978028	-82.55952610
6.22710629	-86.92782454
6.23443230	-85.03367602
6.24175831	-88.91305384
6.24908431	-81.09862501
6.25641032	-76.80506971
6.26373633	-81.28717882
6.27106234	-77.19030496
6.27838834	-85.60836807
6.28571435	-81.48562623
6.29304036	-87.92878079
6.30036636	-78.36545429
6.30769237	-75.77686793
6.31501838	-81.86031667
6.32234439	-83.73306827
6.32967039	-78.31474435
6.33699640	-74.96305241
6.34432241	-80.24216180
6.35164842	-81.75950394
6.35897442	-79.67371843
6.36630043	-87.29114773
6.37362644	-86.78324902
6.38095245	-87.66157188
6.38827845	-79.72559637
6.39560446	-78.01920068
6.40293047	-79.08898579
6.41025648	-81.28630227
6.41758248	-82.80263669
6.42490849	-80.16112156
6.43223450	-80.24183917
6.43956051	-85.08829644
6.44688651	-110.90011096
6.45421252	-101.34529153
6.46153853	-85.09617360
6.46886454	-78.48584148
6.47619054	-77.81348020
6.48351655	-77.36942524
6.49084256	-73.87859796
6.49816856	-73.68644228
6.50549457	-77.33656647
6.51282058	-80.17729171
6.52014659	-88.75510077
6.52747259	-83.00544194
6.53479860	-82.76880289
6.54212461	-77.92394873
6.54945062	-90.53704344
6.55677662	-76.98960805
6.56410263	-75.54231232
6.57142864	-78.48896708
6.57875465	-79.99378101
6.58608065	-75.13385896
6.59340666	-77.91639223
6.60073267	-84.29666919
6.60805868	-76.56903223
6.61538468	-83.88604812
6.62271069	-76.07325864
6.63003670	-75.27409084
6.63736271	-80.53184174
6.64468871	-87.61077768
6.65201472	-79.35619247
6.65934073	-76.12745377
6.66666673	-75.55363195
6.67399274	-77.53502780
6.68131875	-77.52698035
6.68864476	-78.12266798
6.69597076	-80.65841629
6.70329677	-82.03181818
6.71062278	-94.66152978
6.71794879	-82.09921637
6.72527479	-83.15340639
6.73260080	-87.28198195
6.73992681	-81.87743288
6.74725282	-85.65744782
6.75457882	-86.49962967
6.76190483	-87.10810598
6.76923084	-79.62678014
6.77655685	-86.23333024
6.78388285	-85.42517100
6.79120886	-81.16507927
6.79853487	-84.76361108
6.80586088	-85.57754953
6.81318688	-81.46520987
6.82051289	-86.10240831
6.82783890	-79.02496178
6.83516491	-80.11811172
6.84249091	-80.19714405
6.84981692	-78.28271741
6.85714293	-88.16070331
6.86446893	-83.26409229
6.87179494	-82.66282499
6.87912095	-85.36347480
6.88644696	-84.17753553
6.89377296	-79.26581403
6.90109897	-75.77550512
6.90842498	-76.93229362
6.91575099	-79.09420810
6.92307699	-78.22733847
6.93040300	-78.88023119
6.93772901	-84.04023801
6.94505502	-78.74189624
6.95238102	-79.25416005
6.95970703	-92.99064012
6.96703304	-76.39099422
6.97435905	-76.04458564
6.98168505	-82.03769323
6.98901106	-79.80020623
6.99633707	-74.15128447
7.00366308	-72.37301203
7.01098908	-74.44684688
7.01831509	-81.20808665
7.02564110	-91.49109674
7.03296710	-80.64391624
7.04029311	-77.05070307
7.04761912	-73.43405885
7.05494513	-72.32880712
7.06227113	-74.55988011
7.06959714	-78.19717889
7.07692315	-82.56868935
7.08424916	-85.81284167
7.09157516	-89.20874566
7.09890117	-91.06078984
7.10622718	-86.09229746
7.11355319	-83.46974616
7.12087919	-90.13306261
7.12820520	-79.52692212
7.13553121	-82.69303676
7.14285722	-76.06448827
7.15018322	-77.59249527
7.15750923	-94.65178495
7.16483524	-79.76241151
7.17216125	-82.32376456
7.17948725	-82.92553089
7.18681326	-93.72226025
7.19413927	-77.67497775
7.20146528	-78.75182743
7.20879128	-85.84778044
7.21611729	-104.86127665
7.22344330	-77.74667591
7.23076930	-74.74499978
7.23809531	-79.70199210
7.24542132	-81.28696195
7.25274733	-82.97630699
7.26007333	-80.47743994
7.26739934	-73.42365450
7.27472535	-75.34293294
7.28205136	-80.99113226
7.28937736	-85.71088701
7.29670337	-88.35741959
7.30402938	-81.92652584
7.31135539	-76.36076869
7.31868139	-73.68418954
7.32600740	-79.55164909
7.33333341	-78.74261664
7.34065942	-74.96651134
7.34798542	-81.07322123
7.35531143	-79.28443573
7.36263744	-80.72368326
7.36996345	-79.02254793
7.37728945	-85.33839317
7.38461546	-75.71034452
7.39194147	-75.95604348
7.39926748	-85.63429811
7.40659348	-77.93300233
7.41391949	-77.14524913
7.42124550	-79.27747564
7.42857150	-85.09358200
7.43589751	-85.52413808
7.44322352	-79.81045882
7.45054953	-83.90602429
7.45787553	-80.07038475
7.46520154	-75.43836944
7.47252755	-75.81212805
7.47985356	-77.06210496
7.48717956	-81.72391020
7.49450557	-80.57335556
7.50183158	-82.78995425
7.50915759	-83.46946652
7.51648359	-84.70844714
7.52380960	-81.77420782
7.53113561	-78.58560621
7.53846162	-80.11884144
7.54578762	-75.56832603
7.55311363	-78.01769646
7.56043964	-79.39962968
7.56776565	-73.43620679
7.57509165	-80.65750532
7.58241766	-76.77022308
7.58974367	-75.72704364
7.59706967	-77.84402974
7.60439568	-74.58136252
7.61172169	-79.52255323
7.61904770	-73.92170789
7.62637370	-78.35801591
7.63369971	-84.35330390
7.64102572	-79.33920358
7.64835173	-83.20665394
7.65567773	-87.04101539
7.66300374	-81.88088164
7.67032975	-80.88795789
7.67765576	-80.20272266
7.68498176	-80.09405646
7.69230777	-72.69093955
7.69963378	-75.92713462
7.70695979	-82.67069221
7.71428579	-79.36488113
7.72161180	-78.29463584
7.72893781	-78.60596582
7.73626382	-86.94872870
7.74358982	-79.77511620
7.75091583	-91.75044183
7.75824184	-85.10766317
7.76556785	-85.27189147
7.77289385	-77.70079746
7.78021986	-79.42582189
7.78754587	-79.30047920
7.79487187	-77.48305384
7.80219788	-75.85987471
7.80952389	-75.77615290
7.81684990	-76.19376195
7.82417590	-77.87571508
7.83150191	-77.61472013
7.83882792	-75.34541271
7.84615393	-74.06317848
7.85347993	-73.78791782
7.86080594	-78.37518609
7.86813195	-77.40921932
7.87545796	-75.40555787
7.88278396	-83.75687762
7.89010997	-85.40977781
7.89743598	-85.29134028
7.90476199	-86.30543155
7.91208799	-77.86675074
7.91941400	-78.38253234
7.92674001	-80.31926747
7.93406602	-81.30180569
7.94139202	-80.26368258
7.94871803	-79.95107572
7.95604404	-80.79221242
7.96337004	-88.07760743
7.97069605	-83.23301335
7.97802206	-79.99838663
7.98534807	-74.87035067
7.99267407	-80.49375666
8.00000008	-83.55745505
8.00732609	-80.72963855
8.01465210	-84.08704669
8.02197810	-84.32912883
8.02930411	-86.65834701
8.03663012	-83.84264228
8.04395613	-82.02277293
8.05128213	-87.99396035
8.05860814	-80.27331057
8.06593415	-80.65082679
8.07326016	-80.97171554
8.08058616	-77.51685896
8.08791217	-73.92554985
8.09523818	-78.54980018
8.10256419	-78.56253658
8.10989019	-81.01837494
8.11721620	-76.91321842
8.12454221	-72.77310985
8.13186822	-71.71469911
8.13919422	-80.20363884
8.14652023	-74.75460963
8.15384624	-72.75702720
8.16117224	-82.61344897
8.16849825	-84.69411808
8.17582426	-85.96650704
8.18315027	-85.47545719
8.19047627	-83.09676079
8.19780228	-81.20338969
8.20512829	-78.29216933
8.21245430	-80.06327473
8.21978030	-82.89612669
8.22710631	-80.32305166
8.23443232	-83.58527695
8.24175833	-86.35460116
8.24908433	-84.19347014
8.25641034	-80.71203529
8.26373635	-76.05146936
8.27106236	-81.44979544
8.27838836	-85.32023098
8.28571437	-80.73345051
8.29304038	-84.60795119
8.30036639	-83.05815887
8.30769239	-81.97371251
8.31501840	-80.74081500
8.32234441	-81.13913996
8.32967041	-86.38599062
8.33699642	-85.88667783
8.34432243	-79.16109086
8.35164844	-83.80619932
8.35897444	-82.00205763
8.36630045	-74.44039527
8.37362646	-74.48247164
8.38095247	-79.42732432
8.38827847	-87.44544208
8.39560448	-86.28608896
8.40293049	-77.95174306
8.41025650	-75.82800790
8.41758250	-79.12078398
8.42490851	-79.60167332
8.43223452	-77.32110993
8.43956053	-80.72990946
8.44688653	-89.97131130
8.45421254	-86.44599669
8.46153855	-77.59389346
8.46886456	-76.11869756
8.47619056	-80.64860144
8.48351657	-77.28635691
8.49084258	-88.21940109
8.49816859	-77.47390383
8.50549459	-78.72787514
8.51282060	-84.40002852
8.52014661	-80.50970169
8.52747261	-80.39581187
8.53479862	-75.71459999
8.54212463	-88.24749388
8.54945064	-74.68520025
8.55677664	-75.74417723
8.56410265	-77.76451034
8.57142866	-78.03011130
8.57875467	-79.02174275
8.58608067	-75.43527654
8.59340668	-75.23923614
8.60073269	-80.01340755
8.60805870	-95.39354682
8.61538470	-82.23772477
8.62271071	-82.03302699
8.63003672	-83.72097341
8.63736273	-84.03578879
8.64468873	-83.81955694
8.65201474	-83.17028694
8.65934075	-80.93171322
8.66666676	-81.37664735
8.67399276	-85.83307545
8.68131877	-91.47601874
8.68864478	-89.53780898
8.69597079	-82.64468319
8.70329679	-79.13531469
8.71062280	-79.33891176
8.71794881	-85.74933572
8.72527481	-87.11116884
8.73260082	-81.89208092
8.73992683	-78.74891130
8.74725284	-77.10739659
8.75457884	-80.04890370
8.76190485	-83.47485409
8.76923086	-76.15936702
8.77655687	-76.72084861
8.78388287	-82.94510432
8.79120888	-80.51960387
8.79853489	-81.61011871
8.80586090	-93.63294190
8.81318690	-83.61876193
8.82051291	-86.16761283
8.82783892	-83.48336265
8.83516493	-80.19060117
8.84249093	-78.16894093
8.84981694	-78.11710602
8.85714295	-78.35827525
8.86446896	-78.03875714
8.87179496	-79.93573454
8.87912097	-78.34984823
8.88644698	-81.04447944
8.89377298	-76.90647694
8.90109899	-77.44296778
8.90842500	-94.34615008
8.91575101	-78.65112621
8.92307701	-79.65483786
8.93040302	-81.77014464
8.93772903	-79.00794977
8.94505504	-80.56113162
8.95238104	-87.17583775
8.95970705	-76.36796248
8.96703306	-75.19538094
8.97435907	-77.82048011
8.98168507	-88.01892188
8.98901108	-81.90678137
8.99633709	-86.89782866
9.00366310	-89.85789403
9.01098910	-84.20482981
9.01831511	-85.32316335
9.02564112	-91.62829273
9.03296713	-85.34183080
9.04029313	-86.29997225
9.04761914	-94.90860103
9.05494515	-88.17659595
9.06227116	-79.86157011
9.06959716	-79.10676089
9.07692317	-83.73929579
9.08424918	-101.97161811
9.09157518	-85.10166604
9.09890119	-92.80589681
9.10622720	-87.02926511
9.11355321	-82.36202533
9.12087921	-77.12094093
9.12820522	-79.97991477
9.13553123	-86.34757089
9.14285724	-82.63170425
9.15018324	-81.08885485
9.15750925	-80.07147405
9.16483526	-76.99863712
9.17216127	-77.33631528
9.17948727	-86.43472701
9.18681328	-79.68243311
9.19413929	-78.00001265
9.20146530	-94.84733347
9.20879130	-75.19162811
9.21611731	-74.93154032
9.22344332	-81.96383954
9.23076933	-89.19615654
9.23809533	-80.77308104
9.24542134	-81.60545990
9.25274735	-97.73877938
9.26007335	-85.43786731
9.26739936	-77.85820960
9.27472537	-73.12276134
9.28205138	-74.34689551
9.28937738	-79.08714522
9.29670339	-79.97775098
9.30402940	-87.25244040
9.31135541	-82.78298897
9.31868141	-75.70230512
9.32600742	-74.41914279
9.33333343	-78.22275344
9.34065944	-85.63571302
9.34798544	-80.98679871
9.35531145	-85.61087380
9.36263746	-89.87025277
9.36996347	-89.40589950
9.37728947	-88.05707027
9.38461548	-86.22191473
9.39194149	-84.68630246
9.39926750	-77.73636334
9.40659350	-78.82779119
9.41391951	-93.03929939
9.42124552	-86.84389876
9.42857153	-83.99839189
9.43589753	-77.09487488
9.44322354	-79.55919151
9.45054955	-93.79301938
9.45787555	-85.58245069
9.46520156	-88.91422830
9.47252757	-81.08298330
9.47985358	-79.13420827
9.48717958	-81.36670800
9.49450559	-74.82475922
9.50183160	-75.06227978
9.50915761	-84.45455624
9.51648361	-87.41224268
9.52380962	-81.07546329
9.53113563	-79.14692684
9.53846164	-77.63994960
9.54578764	-84.89101414
9.55311365	-79.37618144
9.56043966	-75.82104664
9.56776567	-75.91848064
9.57509167	-76.03028740
9.58241768	-77.45887101
9.58974369	-79.66356938
9.59706970	-81.43108224
9.60439570	-84.99438263
9.61172171	-83.53034283
9.61904772	-98.96438376
9.62637372	-87.98653204
9.63369973	-84.53203825
9.64102574	-75.13278394
9.64835175	-78.08208929
9.65567775	-84.07554439
9.66300376	-76.67744766
9.67032977	-80.50816307
9.67765578	-99.18869445
9.68498178	-85.01013033
9.69230779	-86.40656960
9.69963380	-85.96617742
9.70695981	-80.76183537
9.71428581	-81.64628433
9.72161182	-84.32490693
9.72893783	-79.08433334
9.73626384	-77.98429839
9.74358984	-85.82883928
9.75091585	-80.07145767
9.75824186	-82.20948901
9.76556787	-83.22199375
9.77289387	-77.33418635
9.78021988	-83.80934354
9.78754589	-88.69884861
9.79487190	-96.20976815
9.80219790	-83.55805966
9.80952391	-79.54778941
9.81684992	-79.41723914
9.82417592	-91.43039103
9.83150193	-82.09096140
9.83882794	-82.00841182
9.84615395	-83.53357793
9.85347995	-79.38559546
9.86080596	-79.58469805
9.86813197	-84.32444314
9.87545798	-94.55896298
9.88278398	-88.18449892
9.89010999	-84.93187479
9.89743600	-84.88547080
9.90476201	-100.78824888
9.91208801	-80.55210886
9.91941402	-76.28617601
9.92674003	-81.97398092
9.93406604	-84.99997449
9.94139204	-81.15451458
9.94871805	-80.04391313
9.95604406	-78.02804074
9.96337007	-80.13486879
9.97069607	-75.21092749
9.97802208	-72.27728989
9.98534809	-75.81975296
9.99267410	-95.15739442
10.00000010	-83.47270914
10.00732611	-82.78423801
10.01465212	-81.06626721
10.02197812	-90.30688149
10.02930413	-90.09559190
10.03663014	-94.41233713
10.04395615	-93.60396118
10.05128215	-83.62012472
10.05860816	-86.03576060
10.06593417	-80.82274825
10.07326018	-78.52717320
10.08058618	-81.89120974
10.08791219	-79.48317388
10.09523820	-86.92962807
10.10256421	-87.30457367
10.10989021	-84.58014944
10.11721622	-85.10136206
10.12454223	-81.76018662
10.13186824	-80.69581530
10.13919424	-86.16325033
10.14652025	-93.09905408
10.15384626	-86.49565162
10.16117227	-78.27639796
10.16849827	-77.95919935
10.17582428	-82.83910241
10.18315029	-77.12426357
10.19047629	-84.48692759
10.19780230	-81.11428462
10.20512831	-80.27635926
10.21245432	-127.95268787
10.21978032	-90.70839782
10.22710633	-81.32142590
10.23443234	-77.90498479
10.24175835	-86.97443883
10.24908435	-81.02897749
10.25641036	-81.87290491
10.26373637	-89.36866386
10.27106238	-82.89023454
10.27838838	-90.44996648
10.28571439	-82.18372304
10.29304040	-80.18619215
10.30036641	-93.05543742
10.30769241	-79.02936835
10.31501842	-80.36410049
10.32234443	-84.82510662
10.32967044	-81.64008574
10.33699644	-91.24414783
10.34432245	-79.40302120
10.35164846	-81.05920578
10.35897447	-82.55569544
10.36630047	-80.43800574
10.37362648	-85.60111496
10.38095249	-81.23593052
10.38827849	-78.02321584
10.39560450	-97.41153039
10.40293051	-84.07101796
10.41025652	-88.15991639
10.41758252	-77.15969955
10.42490853	-76.77482506
10.43223454	-77.50995388
10.43956055	-75.22538795
10.44688655	-75.38517965
10.45421256	-78.77039634
10.46153857	-83.40693060
10.46886458	-84.06382154
10.47619058	-88.88723142
10.48351659	-96.45405331
10.49084260	-88.89816788
10.49816861	-89.60221885
10.50549461	-90.96444151
10.51282062	-91.37171558
10.52014663	-86.98429771
10.52747264	-85.74988630
10.53479864	-83.53503954
10.54212465	-82.68144573
10.54945066	-86.50790601
10.55677666	-110.58442532
10.56410267	-83.32301592
10.57142868	-79.88167353
10.57875469	-82.52163205
10.58608069	-84.65420743
10.59340670	-91.49724739
10.60073271	-90.73859156
10.60805872	-86.51765720
10.61538472	-79.14618038
10.62271073	-77.91596999
10.63003674	-80.89432102
10.63736275	-80.10082412
10.64468875	-77.55825608
10.65201476	-77.76071884
10.65934077	-85.54278942
10.66666678	-91.86429547
10.67399278	-84.76570636
10.68131879	-77.24011139
10.68864480	-79.48342428
10.69597081	-87.68841750
10.70329681	-78.76061593
10.71062282	-79.71794433
10.71794883	-82.52429665
10.72527484	-84.22997159
10.73260084	-83.78029824
10.73992685	-81.79164048
10.74725286	-79.77649350
10.75457886	-80.33208989
10.76190487	-80.64250960
10.76923088	-87.94406545
10.77655689	-81.74309116
10.78388289	-78.07481218
10.79120890	-89.47363641
10.79853491	-81.86280988
10.80586092	-80.93001146
10.81318692	-84.21091017
10.82051293	-87.08146242
10.82783894	-78.90487598
10.83516495	-78.71828034
10.84249095	-78.66180887
10.84981696	-76.50565238
10.85714297	-79.32256981
10.86446898	-96.70849303
10.87179498	-83.76133206
10.87912099	-84.33096667
10.88644700	-97.50476029
10.89377301	-90.38311220
10.90109901	-84.38410926
10.90842502	-83.40417850
10.91575103	-85.34000778
10.92307703	-90.62026336
10.93040304	-89.24342290
10.93772905	-88.16975727
10.94505506	-107.02004477
10.95238106	-84.07039216
10.95970707	-77.98281189
10.96703308	-79.49444642
10.97435909	-88.38248217
10.98168509	-80.09713470
10.98901110	-83.96699083
10.99633711	-80.99304301
11.00366312	-89.10147754
11.01098912	-75.40264502
11.01831513	-77.13966973
11.02564114	-85.12705546
11.03296715	-85.31118923
11.04029315	-83.99758628
11.04761916	-83.67884653
11.05494517	-84.35208638
11.06227118	-79.80558287
11.06959718	-75.83050038
11.07692319	-86.17244746
11.08424920	-77.39082586
11.09157521	-77.16368272
11.09890121	-88.78091442
11.10622722	-81.71814690
11.11355323	-82.66665718
11.12087923	-88.11718488
11.12820524	-78.81078209
11.13553125	-76.54080120
11.14285726	-80.61769510
11.15018326	-88.52540454
11.15750927	-95.71054969
11.16483528	-89.58740815
11.17216129	-93.27090824
11.17948729	-81.74940771
11.18681330	-80.11534729
11.19413931	-84.33700574
11.20146532	-86.54500395
11.20879132	-85.08689922
11.21611733	-83.03535586
11.22344334	-78.93527876
11.23076935	-80.14513207
11.23809535	-86.49413731
11.24542136	-79.95382176
11.25274737	-75.11418805
11.26007338	-79.87106735
11.26739938	-88.01421101
11.27472539	-84.46972513
11.28205140	-82.58561048
11.28937740	-86.26527888
11.29670341	-78.59718337
11.30402942	-78.74920628
11.31135543	-83.36619021
11.31868143	-79.75911911
11.32600744	-76.39599045
11.33333345	-79.15635103
11.34065946	-79.82317550
11.34798546	-83.64172431
11.35531147	-84.10663929
11.36263748	-81.30386768
11.36996349	-81.74400630
11.37728949	-92.90354276
11.38461550	-78.52444225
11.39194151	-86.53030945
11.39926752	-77.96123910
11.40659352	-75.81271391
11.41391953	-82.78549010
11.42124554	-83.32465838
11.42857155	-90.08551772
11.43589755	-87.83676849
11.44322356	-83.75464216
11.45054957	-85.82808211
11.45787558	-87.02858118
11.46520158	-79.22636846
11.47252759	-83.44152694
11.47985360	-77.43005449
11.48717960	-75.79683806
11.49450561	-82.34172818
11.50183162	-79.96095695
11.50915763	-78.03873640
11.51648363	-80.02304350
11.52380964	-84.05065072
11.53113565	-86.72799593
11.53846166	-78.87208644
11.54578766	-78.18314764
11.55311367	-82.48219269
11.56043968	-86.57456471
11.56776569	-84.17398177
11.57509169	-84.65666024
11.58241770	-91.45139740
11.58974371	-100.49179407
11.59706972	-85.79053626
11.60439572	-78.90695324
11.61172173	-79.61925669
11.61904774	-90.81763155
11.62637375	-81.27164682
11.63369975	-84.36575923
11.64102576	-88.36554837
11.64835177	-86.89101396
11.65567778	-78.47831192
11.66300378	-77.75186567
11.67032979	-77.97824954
11.67765580	-82.72048944
11.68498180	-84.57834536
11.69230781	-77.28160432
11.69963382	-79.00611745
11.70695983	-93.80553873
11.71428583	-80.52342097
11.72161184	-77.61240331
11.72893785	-76.84412038
11.73626386	-82.17780777
11.74358986	-77.14955553
11.75091587	-78.62883475
11.75824188	-75.77329286
11.76556789	-80.17750086
11.77289389	-79.09046682
11.78021990	-74.47586010
11.78754591	-84.00702669
11.79487192	-77.58888421
11.80219792	-81.70144519
11.80952393	-82.31679915
11.81684994	-76.81427490
11.82417595	-79.29982100
11.83150195	-82.55372590
11.83882796	-85.51294387
11.84615397	-84.57703794
11.85347997	-79.31443303
11.86080598	-81.84493519
11.86813199	-89.71615094
11.87545800	-79.46592681
11.88278400	-84.35610336
11.89011001	-86.36763157
11.89743602	-80.82903043
11.90476203	-85.87640472
11.91208803	-83.52730366
11.91941404	-82.41442201
11.92674005	-97.19229892
11.93406606	-81.54051717
11.94139206	-79.67780882
11.94871807	-82.91923026
11.95604408	-85.39538583
11.96337009	-88.27275763
11.97069609	-90.91109991
11.97802210	-84.09070582
11.98534811	-83.64420539
11.99267412	-87.43210606
12.00000012	-82.71250280
12.00732613	-83.87513311
12.01465214	-92.10372567
12.02197815	-80.17562319
12.02930415	-79.10280471
12.03663016	-83.95716138
12.04395617	-88.64838616
12.05128217	-80.70516080
12.05860818	-82.78982806
12.06593419	-91.92278825
12.07326020	-80.80829537
12.08058620	-77.27600312
12.08791221	-84.57085846
12.09523822	-80.19370294
12.10256423	-81.61606473
12.10989023	-74.47136110
12.11721624	-77.24646751
12.12454225	-78.04541335
12.13186826	-76.33254765
12.13919426	-85.68839395
12.14652027	-85.50612179
12.15384628	-78.77865379
12.16117229	-77.72692942
12.16849829	-82.31915195
12.17582430	-82.73368007
12.18315031	-82.47564985
12.19047632	-97.46830962
12.19780232	-80.03900930
12.20512833	-80.10076203
12.21245434	-79.71263705
12.21978034	-74.48686774
12.22710635	-76.16695983
12.23443236	-87.89741682
12.24175837	-80.74435329
12.24908437	-84.45417553
12.25641038	-81.57770535
12.26373639	-86.31864554
12.27106240	-87.50070149
12.27838840	-89.49649899
12.28571441	-82.20348179
12.29304042	-80.38385107
12.30036643	-86.71651337
12.30769243	-89.27507026
12.31501844	-84.69616553
12.32234445	-76.01793543
12.32967046	-77.80777687
12.33699646	-78.86827397
12.34432247	-76.01436839
12.35164848	-78.90910638
12.35897449	-79.08278014
12.36630049	-85.02023934
12.37362650	-78.19026338
12.38095251	-80.33667630
12.38827852	-81.99931637
12.39560452	-89.38075090
12.40293053	-78.15814188
12.41025654	-78.92928348
12.41758254	-92.86725438
12.42490855	-82.12796132
12.43223456	-78.59106212
12.43956057	-73.32609611
12.44688657	-74.80598800
12.45421258	-82.34174591
12.46153859	-85.86884643
12.46886460	-84.70029401
12.47619060	-89.96356048
12.48351661	-82.04510127
12.49084262	-77.04158945
12.49816863	-79.75222952
12.50549463	-84.86339283
12.51282064	-82.17266293
12.52014665	-81.51334411
12.52747266	-89.04622467
12.53479866	-79.26468620
12.54212467	-82.23491023
12.54945068	-92.57514404
12.55677669	-92.41368093
12.56410269	-87.71510031
12.57142870	-81.18263297
12.57875471	-79.28119636
12.58608071	-80.60429461
12.59340672	-88.45168695
12.60073273	-86.93071703
12.60805874	-90.54445370
12.61538474	-81.43895381
12.62271075	-80.27898149
12.63003676	-83.78719641
12.63736277	-74.30248185
12.64468877	-76.16752024
12.65201478	-84.81024431
12.65934079	-84.30177695
12.66666680	-78.56990813
12.67399280	-78.48428053
12.68131881	-92.33107349
12.68864482	-78.45866276
12.69597083	-86.47228860
12.70329683	-79.41651185
12.71062284	-77.54272893
12.71794885	-87.11822695
12.72527486	-76.47906303
12.73260086	-78.68304106
12.73992687	-89.32892519
12.74725288	-84.53485627
12.75457889	-78.45839387
12.76190489	-83.52666212
12.76923090	-79.77496682
12.77655691	-75.05641660
12.78388291	-79.37305692
12.79120892	-87.56187851
12.79853493	-79.29201955
12.80586094	-82.07225759
12.81318694	-83.38280361
12.82051295	-80.97991415
12.82783896	-79.97024672
12.83516497	-77.62083716
12.84249097	-77.91909812
12.84981698	-75.63085643
12.85714299	-77.36242578
12.86446900	-84.60667207
12.87179500	-92.54909586
12.87912101	-81.88924891
12.88644702	-87.58674096
12.89377303	-80.32191443
12.90109903	-81.74072449
12.90842504	-79.48752100
12.91575105	-74.50292290
12.92307706	-81.02564149
12.93040306	-86.11925503
12.93772907	-89.59533656
12.94505508	-82.85663347
12.95238109	-83.61364454
12.95970709	-88.78974087
12.96703310	-80.82028571
12.97435911	-79.71865257
12.98168511	-83.36021394
12.98901112	-83.67281191
12.99633713	-77.38456807
13.00366314	-78.64624743
13.01098914	-83.77467022
13.01831515	-86.35882946
13.02564116	-88.61885160
13.03296717	-90.74694512
13.04029317	-84.35741646
13.04761918	-80.88060066
13.05494519	-77.94638383
13.06227120	-85.11385154
13.06959720	-82.16386589
13.07692321	-82.84417260
13.08424922	-89.15685111
13.09157523	-82.88260578
13.09890123	-83.93544863
13.10622724	-81.95329342
13.11355325	-78.62597058
13.12087926	-79.45369453
13.12820526	-94.08632010
13.13553127	-81.07289222
13.14285728	-82.96950858
13.15018328	-92.38191646
13.15750929	-87.36350522
13.16483530	-80.93196472
13.17216131	-83.64013869
13.17948731	-93.47216781
13.18681332	-91.37436225
13.19413933	-82.39178641
13.20146534	-87.76617420
13.20879134	-79.55026895
13.21611735	-83.30358726
13.22344336	-80.26742499
13.23076937	-74.67285655
13.23809537	-76.39162382
13.24542138	-76.79179515
13.25274739	-77.65553377
13.26007340	-84.03923348
13.26739940	-98.18219612
13.27472541	-83.98345836
13.28205142	-86.93019574
13.28937743	-88.25766140
13.29670343	-85.35911034
13.30402944	-100.91146310
13.31135545	-91.28854669
13.31868146	-80.17973708
13.32600746	-77.36188723
13.33333347	-80.13392007
13.34065948	-87.29833064
13.34798548	-75.41350013
13.35531149	-73.30238655
13.36263750	-77.06328363
13.36996351	-80.25326685
13.37728951	-84.84858463
13.38461552	-85.18339928
13.39194153	-84.58378435
13.39926754	-90.56281254
13.40659354	-88.34422358
13.41391955	-82.82025288
13.42124556	-80.58449196
13.42857157	-84.38138877
13.43589757	-81.68906952
13.44322358	-78.72655071
13.45054959	-79.79930731
13.45787560	-86.78015734
13.46520160	-92.02557799
13.47252761	-80.87337849
13.47985362	-76.10068232
13.48717963	-74.65640649
13.49450563	-75.08680515
13.50183164	-80.58343475
13.50915765	-81.63351807
13.51648365	-86.37486391
13.52380966	-81.90212649
13.53113567	-80.71499944
13.53846168	-84.68758327
13.54578768	-75.12449569
13.55311369	-79.00655917
13.56043970	-84.78994728
13.56776571	-81.21657069
13.57509171	-87.46814033
13.58241772	-81.26340696
13.58974373	-79.68769846
13.59706974	-85.29868301
13.60439574	-82.14149084
13.61172175	-83.16902066
13.61904776	-77.30357033
13.62637377	-76.27238208
13.63369977	-84.36103254
13.64102578	-83.91493695
13.64835179	-77.24850758
13.65567780	-78.98238359
13.66300380	-97.80246032
13.67032981	-85.90648716
13.67765582	-76.37766594
13.68498183	-73.27560981
13.69230783	-75.04097251
13.69963384	-76.72555102
13.70695985	-79.22669300
13.71428585	-97.24362068
13.72161186	-83.11483406
13.72893787	-99.44730890
13.73626388	-80.11054189
13.74358988	-84.79004772
13.75091589	-81.46039315
13.75824190	-76.89986006
13.76556791	-79.27094447
13.77289391	-94.49329935
13.78021992	-80.72138064
13.78754593	-79.08302724
13.79487194	-77.46571302
13.80219794	-80.36387591
13.80952395	-85.95176349
13.81684996	-79.09962662
13.82417597	-83.84394241
13.83150197	-88.81736150
13.83882798	-77.33616841
13.84615399	-76.58978806
13.85348000	-91.78063199
13.86080600	-84.12444257
13.86813201	-85.37056823
13.87545802	-78.24908821
13.88278402	-83.54999025
13.89011003	-96.73289441
13.89743604	-87.47471783
13.90476205	-79.33502976
13.91208805	-78.04556699
13.91941406	-78.55805352
13.92674007	-80.27973488
13.93406608	-86.64797064
13.94139208	-87.80472011
13.94871809	-91.81942262
13.95604410	-82.62631081
13.96337011	-78.83823917
13.97069611	-80.10241038
13.97802212	-83.58256950
13.98534813	-84.91912226
13.99267414	-80.12635374
14.00000014	-77.32469403
14.00732615	-82.25965717
14.01465216	-86.56997943
14.02197817	-88.25566892
14.02930417	-84.37478587
14.03663018	-82.05126055
14.04395619	-95.58730134
14.05128220	-81.96078798
14.05860820	-86.18902573
14.06593421	-77.45531827
14.07326022	-77.39586511
14.08058622	-85.78726478
14.08791223	-92.93339377
14.09523824	-78.08048405
14.10256425	-75.57906467
14.10989025	-82.39309859
14.11721626	-94.45384701
14.12454227	-91.99286641
14.13186828	-84.60058555
14.13919428	-91.52598507
14.14652029	-82.26208146
14.15384630	-88.01944794
14.16117231	-82.83976751
14.16849831	-78.47999824
14.17582432	-77.43692324
14.18315033	-77.92321787
14.19047634	-83.50838764
14.19780234	-79.81366533
14.20512835	-89.33123987
14.21245436	-81.28067366
14.21978037	-81.13052025
14.22710637	-79.63380423
14.23443238	-77.15486317
14.24175839	-84.94085498
14.24908440	-86.21312306
14.25641040	-89.56671467
14.26373641	-89.55466988
14.27106242	-85.51119387
14.27838842	-81.42204662
14.28571443	-78.26393209
14.29304044	-74.75816010
14.30036645	-75.97566588
14.30769245	-76.34435012
14.31501846	-77.58261001
14.32234447	-93.50628543
14.32967048	-85.48128549
14.33699648	-87.27805300
14.34432249	-77.32256799
14.35164850	-77.01094217
14.35897451	-85.23918499
14.36630051	-79.34919183
14.37362652	-82.05898613
14.38095253	-81.30058710
14.38827854	-84.28873155
14.39560454	-87.31657527
14.40293055	-84.84823368
14.41025656	-84.33213055
14.41758257	-78.50587807
14.42490857	-81.32118375
14.43223458	-83.18105898
14.43956059	-87.41503031
14.44688659	-81.09480533
14.45421260	-79.02716543
14.46153861	-81.48918881
14.46886462	-81.88011882
14.47619062	-81.61440276
14.48351663	-80.56673696
14.49084264	-79.16889231
14.49816865	-82.19102246
14.50549465	-90.25574603
14.51282066	-79.67911459
14.52014667	-76.05039299
14.52747268	-81.26308130
14.53479868	-87.93597152
14.54212469	-95.65360354
14.54945070	-80.19227256
14.55677671	-78.48960182
14.56410271	-85.16654309
14.57142872	-80.20855493
14.57875473	-77.00570583
14.58608074	-77.11647656
14.59340674	-78.78972133
14.60073275	-83.27390883
14.60805876	-89.77631882
14.61538477	-87.50988880
14.62271077	-86.11258286
14.63003678	-81.04283640
14.63736279	-81.12307365
14.64468879	-83.31835088
14.65201480	-78.15263834
14.65934081	-78.64391204
14.66666682	-104.67123758
14.67399282	-83.30522663
14.68131883	-90.86860385
14.68864484	-77.92458073
14.69597085	-78.41373003
14.70329685	-82.41592787
14.71062286	-87.62285978
14.71794887	-96.69937474
14.72527488	-87.27492121
14.73260088	-83.99137904
14.73992689	-84.82023023
14.74725290	-87.86891074
14.75457891	-84.58677407
14.76190491	-80.31801188
14.76923092	-78.83786998
14.77655693	-80.98094054
14.78388294	-89.06218605
14.79120894	-84.53088970
14.79853495	-87.85402486
14.80586096	-89.92430597
14.81318696	-85.62729356
14.82051297	-83.28365276
14.82783898	-92.19715046
14.83516499	-83.77229172
14.84249099	-88.78290379
14.84981700	-81.38556551
14.85714301	-83.20191270
14.86446902	-82.59452678
14.87179502	-79.85022641
14.87912103	-78.17730927
14.88644704	-83.28068173
14.89377305	-88.03343717
14.90109905	-84.39086716
14.90842506	-85.62046104
14.91575107	-85.71836924
14.92307708	-80.36503916
14.93040308	-84.97382716
14.93772909	-83.44956802
14.94505510	-86.18337572
14.95238111	-83.00338633
14.95970711	-90.29799984
14.96703312	-84.41577259
14.97435913	-84.60504840
14.98168514	-99.30283212
14.98901114	-90.91646923
14.99633715	-94.16235088
