# Menlo Systems GmbH ScanControl
# Program Version 1.3.3
# Start: -65.00000000 ps, Average over 1000 waveforms. Timestamp: 2020-06-27T13:23:39
# Time [ps]	THz Signal [a.u.]
-65.06666594	0.00000000
-65.03333261	0.00000002
-64.99999928	0.00000006
-64.96666595	0.00000011
-64.93333261	0.00000019
-64.89999928	0.00000025
-64.86666595	0.00000038
-64.83333261	0.00000048
-64.79999928	0.00000069
-64.76666595	0.00000070
-64.73333261	0.00000091
-64.69999928	0.00000084
-64.66666595	0.00000076
-64.63333262	0.00000030
-64.59999928	-0.00000002
-64.56666595	-0.00000029
-64.53333262	-0.00000028
-64.49999928	-0.00000077
-64.46666595	-0.00000105
-64.43333262	-0.00000295
-64.39999928	-0.00000296
-64.36666595	-0.00000502
-64.33333262	-0.00000319
-64.29999928	-0.00000583
-64.26666595	-0.00000640
-64.23333262	-0.00001053
-64.19999929	-0.00000905
-64.16666595	-0.00001175
-64.13333262	-0.00001333
-64.09999929	-0.00001221
-64.06666595	-0.00001755
-64.03333262	-0.00001663
-63.99999929	-0.00001875
-63.96666595	-0.00002387
-63.93333262	-0.00002240
-63.89999929	-0.00002187
-63.86666596	-0.00002456
-63.83333262	-0.00003234
-63.79999929	-0.00003065
-63.76666596	-0.00003735
-63.73333262	-0.00003964
-63.69999929	-0.00004110
-63.66666596	-0.00003872
-63.63333262	-0.00004237
-63.59999929	-0.00004711
-63.56666596	-0.00005241
-63.53333263	-0.00005876
-63.49999929	-0.00005559
-63.46666596	-0.00005685
-63.43333263	-0.00005578
-63.39999929	-0.00004455
-63.36666596	-0.00005706
-63.33333263	-0.00006367
-63.29999929	-0.00006455
-63.26666596	-0.00006886
-63.23333263	-0.00006847
-63.19999929	-0.00006739
-63.16666596	-0.00006269
-63.13333263	-0.00007228
-63.09999930	-0.00006033
-63.06666596	-0.00006566
-63.03333263	-0.00006636
-62.99999930	-0.00007346
-62.96666596	-0.00007139
-62.93333263	-0.00008262
-62.89999930	-0.00007113
-62.86666596	-0.00007427
-62.83333263	-0.00005566
-62.79999930	-0.00005647
-62.76666597	-0.00004569
-62.73333263	-0.00004508
-62.69999930	-0.00003324
-62.66666597	-0.00003045
-62.63333263	-0.00001118
-62.59999930	-0.00001114
-62.56666597	-0.00002279
-62.53333263	0.00001313
-62.49999930	0.00003016
-62.46666597	0.00005011
-62.43333263	0.00006271
-62.39999930	0.00007489
-62.36666597	0.00009088
-62.33333264	0.00010586
-62.29999930	0.00009458
-62.26666597	0.00013352
-62.23333264	0.00016365
-62.19999930	0.00014508
-62.16666597	0.00018131
-62.13333264	0.00019791
-62.09999930	0.00021076
-62.06666597	0.00022356
-62.03333264	0.00020472
-61.99999931	0.00025219
-61.96666597	0.00026695
-61.93333264	0.00029141
-61.89999931	0.00030644
-61.86666597	0.00032374
-61.83333264	0.00034806
-61.79999931	0.00038945
-61.76666597	0.00040441
-61.73333264	0.00041090
-61.69999931	0.00048492
-61.66666598	0.00046537
-61.63333264	0.00051688
-61.59999931	0.00056527
-61.56666598	0.00062752
-61.53333264	0.00060447
-61.49999931	0.00064553
-61.46666598	0.00067788
-61.43333264	0.00067978
-61.39999931	0.00072447
-61.36666598	0.00079569
-61.33333264	0.00083234
-61.29999931	0.00088316
-61.26666598	0.00091548
-61.23333265	0.00091126
-61.19999931	0.00094847
-61.16666598	0.00097991
-61.13333265	0.00101535
-61.09999931	0.00105202
-61.06666598	0.00107138
-61.03333265	0.00108250
-60.99999931	0.00109721
-60.96666598	0.00110319
-60.93333265	0.00113327
-60.89999932	0.00114791
-60.86666598	0.00116279
-60.83333265	0.00117814
-60.79999932	0.00116057
-60.76666598	0.00115190
-60.73333265	0.00115476
-60.69999932	0.00113078
-60.66666598	0.00113025
-60.63333265	0.00114695
-60.59999932	0.00111920
-60.56666599	0.00100359
-60.53333265	0.00106577
-60.49999932	0.00095867
-60.46666599	0.00099924
-60.43333265	0.00089336
-60.39999932	0.00086724
-60.36666599	0.00087182
-60.33333265	0.00080976
-60.29999932	0.00077978
-60.26666599	0.00071082
-60.23333265	0.00057046
-60.19999932	0.00050908
-60.16666599	0.00040471
-60.13333266	0.00037141
-60.09999932	0.00039004
-60.06666599	0.00021069
-60.03333266	0.00020833
-59.99999932	0.00006458
-59.96666599	-0.00007911
-59.93333266	-0.00012064
-59.89999932	-0.00016309
-59.86666599	-0.00028453
-59.83333266	-0.00044335
-59.79999933	-0.00046431
-59.76666599	-0.00061413
-59.73333266	-0.00071685
-59.69999933	-0.00083590
-59.66666599	-0.00084187
-59.63333266	-0.00089572
-59.59999933	-0.00103691
-59.56666599	-0.00110734
-59.53333266	-0.00117369
-59.49999933	-0.00126183
-59.46666600	-0.00128351
-59.43333266	-0.00133540
-59.39999933	-0.00139765
-59.36666600	-0.00148216
-59.33333266	-0.00147476
-59.29999933	-0.00158823
-59.26666600	-0.00156950
-59.23333266	-0.00163870
-59.19999933	-0.00159238
-59.16666600	-0.00159004
-59.13333266	-0.00160615
-59.09999933	-0.00160025
-59.06666600	-0.00163997
-59.03333267	-0.00159821
-58.99999933	-0.00169017
-58.96666600	-0.00170911
-58.93333267	-0.00165295
-58.89999933	-0.00156151
-58.86666600	-0.00147246
-58.83333267	-0.00157398
-58.79999933	-0.00148061
-58.76666600	-0.00135233
-58.73333267	-0.00134500
-58.69999934	-0.00136953
-58.66666600	-0.00128615
-58.63333267	-0.00135163
-58.59999934	-0.00121320
-58.56666600	-0.00119999
-58.53333267	-0.00125586
-58.49999934	-0.00115037
-58.46666600	-0.00107646
-58.43333267	-0.00107589
-58.39999934	-0.00105625
-58.36666600	-0.00098001
-58.33333267	-0.00094995
-58.29999934	-0.00105022
-58.26666601	-0.00093659
-58.23333267	-0.00094438
-58.19999934	-0.00102080
-58.16666601	-0.00097412
-58.13333267	-0.00100555
-58.09999934	-0.00101175
-58.06666601	-0.00104082
-58.03333267	-0.00090443
-57.99999934	-0.00103373
-57.96666601	-0.00098334
-57.93333268	-0.00102484
-57.89999934	-0.00099438
-57.86666601	-0.00104030
-57.83333268	-0.00098558
-57.79999934	-0.00106673
-57.76666601	-0.00104920
-57.73333268	-0.00111594
-57.69999934	-0.00105643
-57.66666601	-0.00099156
-57.63333268	-0.00102471
-57.59999935	-0.00109955
-57.56666601	-0.00109428
-57.53333268	-0.00106493
-57.49999935	-0.00109779
-57.46666601	-0.00110614
-57.43333268	-0.00102527
-57.39999935	-0.00105727
-57.36666601	-0.00108669
-57.33333268	-0.00106252
-57.29999935	-0.00111294
-57.26666601	-0.00094440
-57.23333268	-0.00099660
-57.19999935	-0.00096190
-57.16666602	-0.00098531
-57.13333268	-0.00094350
-57.09999935	-0.00082332
-57.06666602	-0.00092346
-57.03333268	-0.00083835
-56.99999935	-0.00078950
-56.96666602	-0.00069144
-56.93333268	-0.00069852
-56.89999935	-0.00062713
-56.86666602	-0.00054653
-56.83333269	-0.00054780
-56.79999935	-0.00057223
-56.76666602	-0.00051432
-56.73333269	-0.00043852
-56.69999935	-0.00037130
-56.66666602	-0.00042116
-56.63333269	-0.00043775
-56.59999935	-0.00038566
-56.56666602	-0.00048697
-56.53333269	-0.00036806
-56.49999936	-0.00038394
-56.46666602	-0.00037926
-56.43333269	-0.00037981
-56.39999936	-0.00032438
-56.36666602	-0.00040289
-56.33333269	-0.00031819
-56.29999936	-0.00025549
-56.26666602	-0.00019601
-56.23333269	-0.00019006
-56.19999936	-0.00008200
-56.16666602	-0.00008597
-56.13333269	-0.00004367
-56.09999936	-0.00008182
-56.06666603	0.00007052
-56.03333269	0.00004985
-55.99999936	0.00010171
-55.96666603	0.00019488
-55.93333269	0.00012164
-55.89999936	0.00022578
-55.86666603	0.00027384
-55.83333269	0.00026271
-55.79999936	0.00025654
-55.76666603	0.00037514
-55.73333270	0.00035072
-55.69999936	0.00038409
-55.66666603	0.00039739
-55.63333270	0.00052677
-55.59999936	0.00060340
-55.56666603	0.00057911
-55.53333270	0.00059661
-55.49999936	0.00060779
-55.46666603	0.00061865
-55.43333270	0.00069820
-55.39999937	0.00070693
-55.36666603	0.00071969
-55.33333270	0.00092184
-55.29999937	0.00107961
-55.26666603	0.00096703
-55.23333270	0.00105805
-55.19999937	0.00098957
-55.16666603	0.00097890
-55.13333270	0.00102128
-55.09999937	0.00107195
-55.06666603	0.00105480
-55.03333270	0.00103552
-54.99999937	0.00105905
-54.96666604	0.00120548
-54.93333270	0.00117663
-54.89999937	0.00121743
-54.86666604	0.00121467
-54.83333270	0.00128818
-54.79999937	0.00130978
-54.76666604	0.00135396
-54.73333270	0.00141822
-54.69999937	0.00138251
-54.66666604	0.00136571
-54.63333271	0.00138824
-54.59999937	0.00143562
-54.56666604	0.00142683
-54.53333271	0.00149755
-54.49999937	0.00150088
-54.46666604	0.00161412
-54.43333271	0.00158448
-54.39999937	0.00159260
-54.36666604	0.00153574
-54.33333271	0.00167619
-54.29999937	0.00177774
-54.26666604	0.00162619
-54.23333271	0.00161239
-54.19999938	0.00170661
-54.16666604	0.00174496
-54.13333271	0.00190704
-54.09999938	0.00192405
-54.06666604	0.00195594
-54.03333271	0.00192389
-53.99999938	0.00200440
-53.96666604	0.00203493
-53.93333271	0.00195869
-53.89999938	0.00199420
-53.86666605	0.00192067
-53.83333271	0.00199952
-53.79999938	0.00207797
-53.76666605	0.00212318
-53.73333271	0.00214733
-53.69999938	0.00218960
-53.66666605	0.00222429
-53.63333271	0.00216104
-53.59999938	0.00221580
-53.56666605	0.00219034
-53.53333272	0.00222165
-53.49999938	0.00217748
-53.46666605	0.00209446
-53.43333272	0.00211248
-53.39999938	0.00219817
-53.36666605	0.00207867
-53.33333272	0.00202360
-53.29999938	0.00195476
-53.26666605	0.00191070
-53.23333272	0.00166722
-53.19999938	0.00159253
-53.16666605	0.00146682
-53.13333272	0.00126533
-53.09999939	0.00110088
-53.06666605	0.00102039
-53.03333272	0.00075291
-52.99999939	0.00049976
-52.96666605	0.00030493
-52.93333272	0.00010047
-52.89999939	-0.00009301
-52.86666605	-0.00033950
-52.83333272	-0.00064073
-52.79999939	-0.00082804
-52.76666606	-0.00104105
-52.73333272	-0.00121497
-52.69999939	-0.00156928
-52.66666606	-0.00178399
-52.63333272	-0.00211551
-52.59999939	-0.00232526
-52.56666606	-0.00249656
-52.53333272	-0.00265714
-52.49999939	-0.00283174
-52.46666606	-0.00306614
-52.43333273	-0.00317591
-52.39999939	-0.00333460
-52.36666606	-0.00347906
-52.33333273	-0.00361057
-52.29999939	-0.00366330
-52.26666606	-0.00367564
-52.23333273	-0.00373005
-52.19999939	-0.00362134
-52.16666606	-0.00382533
-52.13333273	-0.00382238
-52.09999939	-0.00385660
-52.06666606	-0.00371478
-52.03333273	-0.00360813
-51.99999940	-0.00347693
-51.96666606	-0.00352642
-51.93333273	-0.00332345
-51.89999940	-0.00323143
-51.86666606	-0.00301542
-51.83333273	-0.00283297
-51.79999940	-0.00262209
-51.76666606	-0.00250594
-51.73333273	-0.00233128
-51.69999940	-0.00205056
-51.66666607	-0.00180034
-51.63333273	-0.00149985
-51.59999940	-0.00142451
-51.56666607	-0.00093815
-51.53333273	-0.00074202
-51.49999940	-0.00048287
-51.46666607	-0.00012267
-51.43333273	0.00014251
-51.39999940	0.00031822
-51.36666607	0.00067986
-51.33333273	0.00105669
-51.29999940	0.00125162
-51.26666607	0.00160302
-51.23333274	0.00176929
-51.19999940	0.00205510
-51.16666607	0.00223353
-51.13333274	0.00244133
-51.09999940	0.00259526
-51.06666607	0.00276718
-51.03333274	0.00300603
-50.99999940	0.00323829
-50.96666607	0.00335285
-50.93333274	0.00356229
-50.89999941	0.00375760
-50.86666607	0.00389747
-50.83333274	0.00385243
-50.79999941	0.00404464
-50.76666607	0.00405986
-50.73333274	0.00406249
-50.69999941	0.00414259
-50.66666607	0.00423367
-50.63333274	0.00425063
-50.59999941	0.00422075
-50.56666608	0.00427267
-50.53333274	0.00433016
-50.49999941	0.00434430
-50.46666608	0.00436613
-50.43333274	0.00438139
-50.39999941	0.00447667
-50.36666608	0.00433821
-50.33333274	0.00434203
-50.29999941	0.00439898
-50.26666608	0.00433794
-50.23333274	0.00424071
-50.19999941	0.00423529
-50.16666608	0.00411948
-50.13333275	0.00407424
-50.09999941	0.00408531
-50.06666608	0.00411139
-50.03333275	0.00390053
-49.99999941	0.00394746
-49.96666608	0.00389447
-49.93333275	0.00379561
-49.89999941	0.00368963
-49.86666608	0.00375897
-49.83333275	0.00357330
-49.79999942	0.00344710
-49.76666608	0.00340470
-49.73333275	0.00331986
-49.69999942	0.00332289
-49.66666608	0.00324798
-49.63333275	0.00311407
-49.59999942	0.00308767
-49.56666608	0.00310636
-49.53333275	0.00300155
-49.49999942	0.00295932
-49.46666609	0.00294236
-49.43333275	0.00300196
-49.39999942	0.00287669
-49.36666609	0.00283408
-49.33333275	0.00291049
-49.29999942	0.00295623
-49.26666609	0.00294852
-49.23333275	0.00297504
-49.19999942	0.00309938
-49.16666609	0.00324778
-49.13333275	0.00321130
-49.09999942	0.00335395
-49.06666609	0.00331332
-49.03333276	0.00350012
-48.99999942	0.00363100
-48.96666609	0.00367173
-48.93333276	0.00383391
-48.89999942	0.00390432
-48.86666609	0.00398079
-48.83333276	0.00422926
-48.79999942	0.00435739
-48.76666609	0.00437334
-48.73333276	0.00447806
-48.69999943	0.00461053
-48.66666609	0.00470365
-48.63333276	0.00481490
-48.59999943	0.00492964
-48.56666609	0.00502368
-48.53333276	0.00515268
-48.49999943	0.00508891
-48.46666609	0.00508100
-48.43333276	0.00515250
-48.39999943	0.00512063
-48.36666610	0.00506216
-48.33333276	0.00504256
-48.29999943	0.00494700
-48.26666610	0.00509324
-48.23333276	0.00504068
-48.19999943	0.00496492
-48.16666610	0.00501582
-48.13333276	0.00495118
-48.09999943	0.00506524
-48.06666610	0.00510452
-48.03333276	0.00523301
-47.99999943	0.00536263
-47.96666610	0.00551729
-47.93333277	0.00569010
-47.89999943	0.00580933
-47.86666610	0.00604342
-47.83333277	0.00618425
-47.79999943	0.00651212
-47.76666610	0.00687469
-47.73333277	0.00719101
-47.69999943	0.00751319
-47.66666610	0.00800991
-47.63333277	0.00845518
-47.59999944	0.00887653
-47.56666610	0.00928852
-47.53333277	0.00991742
-47.49999944	0.01043079
-47.46666610	0.01104000
-47.43333277	0.01170524
-47.39999944	0.01231084
-47.36666610	0.01307731
-47.33333277	0.01383082
-47.29999944	0.01458539
-47.26666610	0.01546991
-47.23333277	0.01642783
-47.19999944	0.01729213
-47.16666611	0.01828388
-47.13333277	0.01924204
-47.09999944	0.02039626
-47.06666611	0.02152409
-47.03333277	0.02261163
-46.99999944	0.02384519
-46.96666611	0.02505819
-46.93333277	0.02628357
-46.89999944	0.02751917
-46.86666611	0.02894066
-46.83333278	0.03016737
-46.79999944	0.03156119
-46.76666611	0.03300330
-46.73333278	0.03457188
-46.69999944	0.03610605
-46.66666611	0.03781230
-46.63333278	0.03956026
-46.59999944	0.04131461
-46.56666611	0.04320424
-46.53333278	0.04524737
-46.49999945	0.04730654
-46.46666611	0.04949891
-46.43333278	0.05201274
-46.39999945	0.05444047
-46.36666611	0.05712813
-46.33333278	0.06019458
-46.29999945	0.06338876
-46.26666611	0.06672527
-46.23333278	0.07025609
-46.19999945	0.07405729
-46.16666611	0.07803671
-46.13333278	0.08232716
-46.09999945	0.08671552
-46.06666612	0.09143916
-46.03333278	0.09636363
-45.99999945	0.10125364
-45.96666612	0.10616056
-45.93333278	0.11110107
-45.89999945	0.11570359
-45.86666612	0.11985548
-45.83333278	0.12341222
-45.79999945	0.12647047
-45.76666612	0.12842843
-45.73333279	0.12918338
-45.69999945	0.12859983
-45.66666612	0.12626084
-45.63333279	0.12215541
-45.59999945	0.11577941
-45.56666612	0.10725240
-45.53333279	0.09640241
-45.49999945	0.08306085
-45.46666612	0.06718277
-45.43333279	0.04879976
-45.39999946	0.02810009
-45.36666612	0.00522396
-45.33333279	-0.01959605
-45.29999946	-0.04612580
-45.26666612	-0.07400317
-45.23333279	-0.10274390
-45.19999946	-0.13213169
-45.16666612	-0.16163611
-45.13333279	-0.19081193
-45.09999946	-0.21921268
-45.06666612	-0.24666555
-45.03333279	-0.27271795
-44.99999946	-0.29709633
-44.96666613	-0.31962716
-44.93333279	-0.34010465
-44.89999946	-0.35855980
-44.86666613	-0.37480459
-44.83333279	-0.38870346
-44.79999946	-0.40033190
-44.76666613	-0.40995773
-44.73333279	-0.41738452
-44.69999946	-0.42288575
-44.66666613	-0.42644532
-44.63333280	-0.42789652
-44.59999946	-0.42767550
-44.56666613	-0.42552804
-44.53333280	-0.42150372
-44.49999946	-0.41541613
-44.46666613	-0.40751496
-44.43333280	-0.39774971
-44.39999946	-0.38581911
-44.36666613	-0.37178021
-44.33333280	-0.35570194
-44.29999947	-0.33736728
-44.26666613	-0.31692491
-44.23333280	-0.29444930
-44.19999947	-0.26981814
-44.16666613	-0.24336752
-44.13333280	-0.21500307
-44.09999947	-0.18532152
-44.06666613	-0.15425251
-44.03333280	-0.12214596
-43.99999947	-0.08923794
-43.96666613	-0.05577703
-43.93333280	-0.02223370
-43.89999947	0.01116331
-43.86666614	0.04403365
-43.83333280	0.07625894
-43.79999947	0.10738762
-43.76666614	0.13732007
-43.73333280	0.16567088
-43.69999947	0.19219746
-43.66666614	0.21680235
-43.63333280	0.23941599
-43.59999947	0.25978989
-43.56666614	0.27784689
-43.53333281	0.29349342
-43.49999947	0.30674716
-43.46666614	0.31755025
-43.43333281	0.32595872
-43.39999947	0.33176232
-43.36666614	0.33542942
-43.33333281	0.33691557
-43.29999947	0.33607170
-43.26666614	0.33344125
-43.23333281	0.32895721
-43.19999947	0.32273202
-43.16666614	0.31522085
-43.13333281	0.30650190
-43.09999948	0.29663336
-43.06666614	0.28614083
-43.03333281	0.27486278
-42.99999948	0.26318387
-42.96666614	0.25116400
-42.93333281	0.23897796
-42.89999948	0.22690713
-42.86666614	0.21481383
-42.83333281	0.20295654
-42.79999948	0.19117645
-42.76666615	0.17975443
-42.73333281	0.16853338
-42.69999948	0.15754113
-42.66666615	0.14686466
-42.63333281	0.13628949
-42.59999948	0.12568840
-42.56666615	0.11523857
-42.53333281	0.10477147
-42.49999948	0.09438508
-42.46666615	0.08385059
-42.43333282	0.07336680
-42.39999948	0.06255575
-42.36666615	0.05180510
-42.33333282	0.04097043
-42.29999948	0.02998413
-42.26666615	0.01904319
-42.23333282	0.00807008
-42.19999948	-0.00276906
-42.16666615	-0.01354272
-42.13333282	-0.02381918
-42.09999948	-0.03383916
-42.06666615	-0.04368544
-42.03333282	-0.05283590
-41.99999949	-0.06150727
-41.96666615	-0.06957094
-41.93333282	-0.07692715
-41.89999949	-0.08359618
-41.86666615	-0.08951444
-41.83333282	-0.09485864
-41.79999949	-0.09952268
-41.76666615	-0.10336382
-41.73333282	-0.10652092
-41.69999949	-0.10915886
-41.66666616	-0.11110967
-41.63333282	-0.11266164
-41.59999949	-0.11366918
-41.56666616	-0.11428643
-41.53333282	-0.11458128
-41.49999949	-0.11457633
-41.46666616	-0.11400926
-41.43333282	-0.11323881
-41.39999949	-0.11217547
-41.36666616	-0.11080832
-41.33333283	-0.10907788
-41.29999949	-0.10680697
-41.26666616	-0.10427998
-41.23333283	-0.10114592
-41.19999949	-0.09783403
-41.16666616	-0.09379911
-41.13333283	-0.08942994
-41.09999949	-0.08448939
-41.06666616	-0.07916040
-41.03333283	-0.07342459
-40.99999949	-0.06714487
-40.96666616	-0.06070249
-40.93333283	-0.05397916
-40.89999950	-0.04693090
-40.86666616	-0.03971366
-40.83333283	-0.03258834
-40.79999950	-0.02533005
-40.76666616	-0.01815821
-40.73333283	-0.01110399
-40.69999950	-0.00425853
-40.66666616	0.00248243
-40.63333283	0.00892034
-40.59999950	0.01504147
-40.56666617	0.02094930
-40.53333283	0.02663837
-40.49999950	0.03188750
-40.46666617	0.03692265
-40.43333283	0.04161856
-40.39999950	0.04612262
-40.36666617	0.05019058
-40.33333283	0.05419180
-40.29999950	0.05781626
-40.26666617	0.06107514
-40.23333283	0.06424519
-40.19999950	0.06697531
-40.16666617	0.06955645
-40.13333284	0.07192135
-40.09999950	0.07384015
-40.06666617	0.07565269
-40.03333284	0.07718528
-39.99999950	0.07839371
-39.96666617	0.07944118
-39.93333284	0.08020859
-39.89999950	0.08072981
-39.86666617	0.08109205
-39.83333284	0.08127507
-39.79999951	0.08104934
-39.76666617	0.08081879
-39.73333284	0.08039635
-39.69999951	0.07968734
-39.66666617	0.07874535
-39.63333284	0.07770317
-39.59999951	0.07631496
-39.56666617	0.07486214
-39.53333284	0.07310139
-39.49999951	0.07126459
-39.46666618	0.06911750
-39.43333284	0.06687123
-39.39999951	0.06432484
-39.36666618	0.06168413
-39.33333284	0.05882427
-39.29999951	0.05571386
-39.26666618	0.05241844
-39.23333284	0.04908280
-39.19999951	0.04557978
-39.16666618	0.04196727
-39.13333284	0.03821411
-39.09999951	0.03433886
-39.06666618	0.03035643
-39.03333285	0.02626117
-38.99999951	0.02213169
-38.96666618	0.01788967
-38.93333285	0.01345909
-38.89999951	0.00926043
-38.86666618	0.00481410
-38.83333285	0.00037526
-38.79999951	-0.00414359
-38.76666618	-0.00862623
-38.73333285	-0.01302042
-38.69999952	-0.01750123
-38.66666618	-0.02179394
-38.63333285	-0.02607381
-38.59999952	-0.03018807
-38.56666618	-0.03415503
-38.53333285	-0.03799665
-38.49999952	-0.04147136
-38.46666618	-0.04482332
-38.43333285	-0.04767279
-38.39999952	-0.05032708
-38.36666619	-0.05254371
-38.33333285	-0.05431319
-38.29999952	-0.05562085
-38.26666619	-0.05652898
-38.23333285	-0.05681419
-38.19999952	-0.05674915
-38.16666619	-0.05616864
-38.13333285	-0.05517239
-38.09999952	-0.05358850
-38.06666619	-0.05166864
-38.03333285	-0.04942356
-37.99999952	-0.04677876
-37.96666619	-0.04378284
-37.93333286	-0.04054510
-37.89999952	-0.03724217
-37.86666619	-0.03361379
-37.83333286	-0.02992507
-37.79999952	-0.02619917
-37.76666619	-0.02257230
-37.73333286	-0.01889227
-37.69999952	-0.01525843
-37.66666619	-0.01193794
-37.63333286	-0.00863487
-37.59999953	-0.00547977
-37.56666619	-0.00272571
-37.53333286	-0.00014732
-37.49999953	0.00225401
-37.46666619	0.00425073
-37.43333286	0.00599077
-37.39999953	0.00751221
-37.36666619	0.00870529
-37.33333286	0.00948372
-37.29999953	0.01004299
-37.26666620	0.01015347
-37.23333286	0.01000215
-37.19999953	0.00968804
-37.16666620	0.00902709
-37.13333286	0.00814455
-37.09999953	0.00693585
-37.06666620	0.00569120
-37.03333286	0.00405078
-36.99999953	0.00225339
-36.96666620	0.00033143
-36.93333286	-0.00171516
-36.89999953	-0.00390035
-36.86666620	-0.00608510
-36.83333287	-0.00842051
-36.79999953	-0.01067443
-36.76666620	-0.01295943
-36.73333287	-0.01537320
-36.69999953	-0.01753087
-36.66666620	-0.01989212
-36.63333287	-0.02198740
-36.59999953	-0.02415188
-36.56666620	-0.02605936
-36.53333287	-0.02773948
-36.49999954	-0.02935902
-36.46666620	-0.03077614
-36.43333287	-0.03179754
-36.39999954	-0.03269660
-36.36666620	-0.03338460
-36.33333287	-0.03393144
-36.29999954	-0.03393057
-36.26666620	-0.03389055
-36.23333287	-0.03356453
-36.19999954	-0.03302349
-36.16666620	-0.03206259
-36.13333287	-0.03107252
-36.09999954	-0.02992388
-36.06666621	-0.02859568
-36.03333287	-0.02724827
-35.99999954	-0.02597022
-35.96666621	-0.02455447
-35.93333287	-0.02308736
-35.89999954	-0.02176054
-35.86666621	-0.02051361
-35.83333287	-0.01939070
-35.79999954	-0.01848785
-35.76666621	-0.01759985
-35.73333288	-0.01669811
-35.69999954	-0.01597941
-35.66666621	-0.01531317
-35.63333288	-0.01471355
-35.59999954	-0.01421645
-35.56666621	-0.01347835
-35.53333288	-0.01297510
-35.49999954	-0.01234537
-35.46666621	-0.01156205
-35.43333288	-0.01070548
-35.39999955	-0.00980391
-35.36666621	-0.00869795
-35.33333288	-0.00771400
-35.29999955	-0.00651674
-35.26666621	-0.00512544
-35.23333288	-0.00381932
-35.19999955	-0.00234793
-35.16666621	-0.00097752
-35.13333288	0.00041801
-35.09999955	0.00172227
-35.06666621	0.00293981
-35.03333288	0.00425495
-34.99999955	0.00536611
-34.96666622	0.00658727
-34.93333288	0.00753608
-34.89999955	0.00855562
-34.86666622	0.00938112
-34.83333288	0.01021007
-34.79999955	0.01085538
-34.76666622	0.01154275
-34.73333288	0.01221837
-34.69999955	0.01287284
-34.66666622	0.01352669
-34.63333289	0.01410751
-34.59999955	0.01469190
-34.56666622	0.01534044
-34.53333289	0.01595941
-34.49999955	0.01670732
-34.46666622	0.01730275
-34.43333289	0.01794399
-34.39999955	0.01853231
-34.36666622	0.01913301
-34.33333289	0.01974732
-34.29999956	0.02031122
-34.26666622	0.02066820
-34.23333289	0.02111704
-34.19999956	0.02131189
-34.16666622	0.02147598
-34.13333289	0.02149529
-34.09999956	0.02128785
-34.06666622	0.02094203
-34.03333289	0.02062676
-33.99999956	0.02000869
-33.96666622	0.01915404
-33.93333289	0.01806024
-33.89999956	0.01690306
-33.86666623	0.01555507
-33.83333289	0.01420550
-33.79999956	0.01257599
-33.76666623	0.01088711
-33.73333289	0.00899519
-33.69999956	0.00715510
-33.66666623	0.00503058
-33.63333289	0.00320150
-33.59999956	0.00127661
-33.56666623	-0.00058916
-33.53333290	-0.00241475
-33.49999956	-0.00410039
-33.46666623	-0.00563767
-33.43333290	-0.00708806
-33.39999956	-0.00830304
-33.36666623	-0.00943285
-33.33333290	-0.01038403
-33.29999956	-0.01131760
-33.26666623	-0.01178728
-33.23333290	-0.01233871
-33.19999957	-0.01292525
-33.16666623	-0.01333233
-33.13333290	-0.01385417
-33.09999957	-0.01421690
-33.06666623	-0.01460369
-33.03333290	-0.01499166
-32.99999957	-0.01560223
-32.96666623	-0.01615229
-32.93333290	-0.01666166
-32.89999957	-0.01726421
-32.86666623	-0.01785616
-32.83333290	-0.01839882
-32.79999957	-0.01902423
-32.76666624	-0.01946491
-32.73333290	-0.01976477
-32.69999957	-0.01995015
-32.66666624	-0.02013179
-32.63333290	-0.02007373
-32.59999957	-0.01977954
-32.56666624	-0.01923222
-32.53333290	-0.01861834
-32.49999957	-0.01793824
-32.46666624	-0.01720292
-32.43333291	-0.01622146
-32.39999957	-0.01532558
-32.36666624	-0.01427543
-32.33333291	-0.01344583
-32.29999957	-0.01242844
-32.26666624	-0.01166169
-32.23333291	-0.01097884
-32.19999957	-0.01043505
-32.16666624	-0.00995090
-32.13333291	-0.00985353
-32.09999957	-0.00974715
-32.06666624	-0.00957453
-32.03333291	-0.00977101
-31.99999958	-0.01009983
-31.96666624	-0.01036859
-31.93333291	-0.01066177
-31.89999958	-0.01108461
-31.86666624	-0.01149946
-31.83333291	-0.01183623
-31.79999958	-0.01209523
-31.76666624	-0.01244049
-31.73333291	-0.01262881
-31.69999958	-0.01271960
-31.66666625	-0.01279033
-31.63333291	-0.01282241
-31.59999958	-0.01275424
-31.56666625	-0.01253039
-31.53333291	-0.01227034
-31.49999958	-0.01215888
-31.46666625	-0.01200047
-31.43333291	-0.01171731
-31.39999958	-0.01156393
-31.36666625	-0.01149069
-31.33333292	-0.01139596
-31.29999958	-0.01143342
-31.26666625	-0.01154267
-31.23333292	-0.01173767
-31.19999958	-0.01187961
-31.16666625	-0.01220861
-31.13333292	-0.01241098
-31.09999958	-0.01264147
-31.06666625	-0.01282756
-31.03333292	-0.01297885
-30.99999958	-0.01285286
-30.96666625	-0.01271735
-30.93333292	-0.01246887
-30.89999959	-0.01204364
-30.86666625	-0.01137222
-30.83333292	-0.01067085
-30.79999959	-0.00978956
-30.76666625	-0.00867955
-30.73333292	-0.00765902
-30.69999959	-0.00622881
-30.66666625	-0.00495386
-30.63333292	-0.00364906
-30.59999959	-0.00241514
-30.56666626	-0.00113047
-30.53333292	0.00005312
-30.49999959	0.00113195
-30.46666626	0.00207832
-30.43333292	0.00286754
-30.39999959	0.00357566
-30.36666626	0.00395199
-30.33333292	0.00441374
-30.29999959	0.00459469
-30.26666626	0.00453395
-30.23333293	0.00436250
-30.19999959	0.00411628
-30.16666626	0.00375562
-30.13333293	0.00334723
-30.09999959	0.00290813
-30.06666626	0.00236599
-30.03333293	0.00183696
-29.99999959	0.00129866
-29.96666626	0.00081011
-29.93333293	0.00041822
-29.89999959	0.00005786
-29.86666626	-0.00036227
-29.83333293	-0.00063721
-29.79999960	-0.00092594
-29.76666626	-0.00106219
-29.73333293	-0.00138637
-29.69999960	-0.00165819
-29.66666626	-0.00202632
-29.63333293	-0.00238519
-29.59999960	-0.00292423
-29.56666626	-0.00341654
-29.53333293	-0.00408161
-29.49999960	-0.00480806
-29.46666627	-0.00550860
-29.43333293	-0.00645015
-29.39999960	-0.00727192
-29.36666627	-0.00815108
-29.33333293	-0.00889441
-29.29999960	-0.00968818
-29.26666627	-0.01030577
-29.23333293	-0.01072001
-29.19999960	-0.01103503
-29.16666627	-0.01108355
-29.13333293	-0.01092977
-29.09999960	-0.01049017
-29.06666627	-0.00986053
-29.03333294	-0.00904027
-28.99999960	-0.00796250
-28.96666627	-0.00678791
-28.93333294	-0.00548561
-28.89999960	-0.00417712
-28.86666627	-0.00273158
-28.83333294	-0.00134869
-28.79999960	-0.00008870
-28.76666627	0.00103701
-28.73333294	0.00211599
-28.69999961	0.00290678
-28.66666627	0.00358789
-28.63333294	0.00410847
-28.59999961	0.00420171
-28.56666627	0.00436404
-28.53333294	0.00418554
-28.49999961	0.00381000
-28.46666627	0.00357001
-28.43333294	0.00309036
-28.39999961	0.00263703
-28.36666628	0.00216640
-28.33333294	0.00175589
-28.29999961	0.00136689
-28.26666628	0.00110649
-28.23333294	0.00080780
-28.19999961	0.00067834
-28.16666628	0.00074511
-28.13333294	0.00073114
-28.09999961	0.00073538
-28.06666628	0.00101941
-28.03333294	0.00109980
-27.99999961	0.00134513
-27.96666628	0.00148632
-27.93333295	0.00167178
-27.89999961	0.00177174
-27.86666628	0.00172021
-27.83333295	0.00166722
-27.79999961	0.00141293
-27.76666628	0.00109470
-27.73333295	0.00078734
-27.69999961	0.00045396
-27.66666628	-0.00000616
-27.63333295	-0.00039708
-27.59999962	-0.00083502
-27.56666628	-0.00121876
-27.53333295	-0.00166577
-27.49999962	-0.00192516
-27.46666628	-0.00192488
-27.43333295	-0.00185940
-27.39999962	-0.00184579
-27.36666628	-0.00169955
-27.33333295	-0.00115480
-27.29999962	-0.00066536
-27.26666629	-0.00006809
-27.23333295	0.00078311
-27.19999962	0.00165121
-27.16666629	0.00259158
-27.13333295	0.00352550
-27.09999962	0.00441121
-27.06666629	0.00548202
-27.03333295	0.00622765
-26.99999962	0.00717927
-26.96666629	0.00779844
-26.93333295	0.00841460
-26.89999962	0.00878789
-26.86666629	0.00908897
-26.83333296	0.00923584
-26.79999962	0.00904225
-26.76666629	0.00895570
-26.73333296	0.00867868
-26.69999962	0.00827037
-26.66666629	0.00788968
-26.63333296	0.00721320
-26.59999962	0.00657452
-26.56666629	0.00601750
-26.53333296	0.00542866
-26.49999963	0.00488694
-26.46666629	0.00427406
-26.43333296	0.00375272
-26.39999963	0.00325043
-26.36666629	0.00291508
-26.33333296	0.00261207
-26.29999963	0.00221638
-26.26666629	0.00196239
-26.23333296	0.00169726
-26.19999963	0.00151198
-26.16666630	0.00129379
-26.13333296	0.00106259
-26.09999963	0.00079601
-26.06666630	0.00054789
-26.03333296	0.00029913
-25.99999963	-0.00018986
-25.96666630	-0.00053982
-25.93333296	-0.00100235
-25.89999963	-0.00144553
-25.86666630	-0.00200094
-25.83333296	-0.00238181
-25.79999963	-0.00275863
-25.76666630	-0.00320045
-25.73333297	-0.00350755
-25.69999963	-0.00372179
-25.66666630	-0.00396606
-25.63333297	-0.00406856
-25.59999963	-0.00399091
-25.56666630	-0.00375123
-25.53333297	-0.00352509
-25.49999963	-0.00308239
-25.46666630	-0.00254610
-25.43333297	-0.00188779
-25.39999964	-0.00134579
-25.36666630	-0.00060152
-25.33333297	0.00008754
-25.29999964	0.00070551
-25.26666630	0.00141905
-25.23333297	0.00215851
-25.19999964	0.00273862
-25.16666630	0.00316760
-25.13333297	0.00353719
-25.09999964	0.00378543
-25.06666630	0.00404913
-25.03333297	0.00418768
-24.99999964	0.00415981
-24.96666631	0.00397198
-24.93333297	0.00377591
-24.89999964	0.00360193
-24.86666631	0.00317936
-24.83333297	0.00280304
-24.79999964	0.00233947
-24.76666631	0.00190009
-24.73333297	0.00132049
-24.69999964	0.00087431
-24.66666631	0.00028069
-24.63333298	-0.00026936
-24.59999964	-0.00086862
-24.56666631	-0.00151919
-24.53333298	-0.00215777
-24.49999964	-0.00269304
-24.46666631	-0.00344728
-24.43333298	-0.00414718
-24.39999964	-0.00488274
-24.36666631	-0.00560523
-24.33333298	-0.00639549
-24.29999965	-0.00715500
-24.26666631	-0.00788767
-24.23333298	-0.00864043
-24.19999965	-0.00929464
-24.16666631	-0.00986731
-24.13333298	-0.01037073
-24.09999965	-0.01085634
-24.06666631	-0.01111909
-24.03333298	-0.01147856
-23.99999965	-0.01175091
-23.96666631	-0.01180215
-23.93333298	-0.01175724
-23.89999965	-0.01173192
-23.86666632	-0.01154942
-23.83333298	-0.01131454
-23.79999965	-0.01102756
-23.76666632	-0.01071890
-23.73333298	-0.01034114
-23.69999965	-0.00993314
-23.66666632	-0.00954969
-23.63333298	-0.00898162
-23.59999965	-0.00862643
-23.56666632	-0.00811862
-23.53333299	-0.00768623
-23.49999965	-0.00716923
-23.46666632	-0.00680272
-23.43333299	-0.00636863
-23.39999965	-0.00596492
-23.36666632	-0.00558385
-23.33333299	-0.00531731
-23.29999965	-0.00494481
-23.26666632	-0.00462395
-23.23333299	-0.00440518
-23.19999966	-0.00425533
-23.16666632	-0.00398037
-23.13333299	-0.00401562
-23.09999966	-0.00394962
-23.06666632	-0.00392687
-23.03333299	-0.00395636
-22.99999966	-0.00405438
-22.96666632	-0.00402412
-22.93333299	-0.00414768
-22.89999966	-0.00448875
-22.86666632	-0.00482625
-22.83333299	-0.00529503
-22.79999966	-0.00546911
-22.76666633	-0.00577192
-22.73333299	-0.00622084
-22.69999966	-0.00655918
-22.66666633	-0.00699385
-22.63333299	-0.00758129
-22.59999966	-0.00805379
-22.56666633	-0.00850794
-22.53333299	-0.00888766
-22.49999966	-0.00940171
-22.46666633	-0.00987795
-22.43333300	-0.01039762
-22.39999966	-0.01073362
-22.36666633	-0.01117712
-22.33333300	-0.01142200
-22.29999966	-0.01164875
-22.26666633	-0.01180149
-22.23333300	-0.01191907
-22.19999966	-0.01196125
-22.16666633	-0.01192835
-22.13333300	-0.01175750
-22.09999967	-0.01166787
-22.06666633	-0.01130221
-22.03333300	-0.01105531
-21.99999967	-0.01068865
-21.96666633	-0.01019846
-21.93333300	-0.00976080
-21.89999967	-0.00922618
-21.86666633	-0.00871554
-21.83333300	-0.00818494
-21.79999967	-0.00758867
-21.76666633	-0.00713506
-21.73333300	-0.00675756
-21.69999967	-0.00625465
-21.66666634	-0.00575215
-21.63333300	-0.00531245
-21.59999967	-0.00506640
-21.56666634	-0.00453895
-21.53333300	-0.00439267
-21.49999967	-0.00400975
-21.46666634	-0.00370298
-21.43333300	-0.00348830
-21.39999967	-0.00329773
-21.36666634	-0.00303944
-21.33333301	-0.00268248
-21.29999967	-0.00246206
-21.26666634	-0.00228105
-21.23333301	-0.00201613
-21.19999967	-0.00197060
-21.16666634	-0.00182326
-21.13333301	-0.00193497
-21.09999967	-0.00186495
-21.06666634	-0.00185408
-21.03333301	-0.00191228
-20.99999967	-0.00206324
-20.96666634	-0.00229658
-20.93333301	-0.00258318
-20.89999968	-0.00286019
-20.86666634	-0.00337997
-20.83333301	-0.00377346
-20.79999968	-0.00425183
-20.76666634	-0.00475800
-20.73333301	-0.00536076
-20.69999968	-0.00591106
-20.66666634	-0.00647406
-20.63333301	-0.00703364
-20.59999968	-0.00755068
-20.56666635	-0.00805016
-20.53333301	-0.00849386
-20.49999968	-0.00873659
-20.46666635	-0.00924004
-20.43333301	-0.00932144
-20.39999968	-0.00936633
-20.36666635	-0.00944854
-20.33333301	-0.00948765
-20.29999968	-0.00938689
-20.26666635	-0.00920759
-20.23333302	-0.00893322
-20.19999968	-0.00866222
-20.16666635	-0.00836238
-20.13333302	-0.00803429
-20.09999968	-0.00754009
-20.06666635	-0.00708561
-20.03333302	-0.00649377
-19.99999968	-0.00585659
-19.96666635	-0.00506786
-19.93333302	-0.00443107
-19.89999968	-0.00366083
-19.86666635	-0.00279488
-19.83333302	-0.00196097
-19.79999969	-0.00108928
-19.76666635	-0.00004666
-19.73333302	0.00086568
-19.69999969	0.00191020
-19.66666635	0.00281014
-19.63333302	0.00365233
-19.59999969	0.00447830
-19.56666635	0.00520619
-19.53333302	0.00588334
-19.49999969	0.00639406
-19.46666636	0.00679825
-19.43333302	0.00713298
-19.39999969	0.00731627
-19.36666636	0.00735979
-19.33333302	0.00721142
-19.29999969	0.00694879
-19.26666636	0.00671829
-19.23333302	0.00627569
-19.19999969	0.00580796
-19.16666636	0.00525837
-19.13333303	0.00465396
-19.09999969	0.00413011
-19.06666636	0.00350556
-19.03333303	0.00297779
-18.99999969	0.00238663
-18.96666636	0.00195467
-18.93333303	0.00136495
-18.89999969	0.00080210
-18.86666636	0.00056584
-18.83333303	0.00030542
-18.79999969	0.00014867
-18.76666636	-0.00009252
-18.73333303	-0.00016184
-18.69999970	-0.00021002
-18.66666636	-0.00015186
-18.63333303	0.00003800
-18.59999970	0.00012960
-18.56666636	0.00037445
-18.53333303	0.00064262
-18.49999970	0.00094400
-18.46666636	0.00132366
-18.43333303	0.00168062
-18.39999970	0.00204014
-18.36666637	0.00241569
-18.33333303	0.00289452
-18.29999970	0.00327414
-18.26666637	0.00378800
-18.23333303	0.00419698
-18.19999970	0.00462806
-18.16666637	0.00520531
-18.13333303	0.00573606
-18.09999970	0.00630728
-18.06666637	0.00695902
-18.03333303	0.00741168
-17.99999970	0.00806151
-17.96666637	0.00876077
-17.93333304	0.00925668
-17.89999970	0.00999476
-17.86666637	0.01052930
-17.83333304	0.01107863
-17.79999970	0.01157111
-17.76666637	0.01211270
-17.73333304	0.01252792
-17.69999970	0.01278692
-17.66666637	0.01292399
-17.63333304	0.01304366
-17.59999971	0.01295788
-17.56666637	0.01283762
-17.53333304	0.01266513
-17.49999971	0.01227884
-17.46666637	0.01186649
-17.43333304	0.01124100
-17.39999971	0.01075910
-17.36666637	0.01006115
-17.33333304	0.00929349
-17.29999971	0.00857468
-17.26666638	0.00782471
-17.23333304	0.00714161
-17.19999971	0.00647166
-17.16666638	0.00581268
-17.13333304	0.00521913
-17.09999971	0.00474512
-17.06666638	0.00441179
-17.03333304	0.00415460
-16.99999971	0.00381100
-16.96666638	0.00360121
-16.93333304	0.00352630
-16.89999971	0.00338987
-16.86666638	0.00334570
-16.83333305	0.00340474
-16.79999971	0.00341278
-16.76666638	0.00343613
-16.73333305	0.00350517
-16.69999971	0.00349713
-16.66666638	0.00348044
-16.63333305	0.00346105
-16.59999971	0.00351320
-16.56666638	0.00358107
-16.53333305	0.00359656
-16.49999972	0.00370497
-16.46666638	0.00373631
-16.43333305	0.00374511
-16.39999972	0.00384370
-16.36666638	0.00410064
-16.33333305	0.00427717
-16.29999972	0.00461156
-16.26666638	0.00491238
-16.23333305	0.00540770
-16.19999972	0.00577690
-16.16666639	0.00645005
-16.13333305	0.00696755
-16.09999972	0.00737240
-16.06666639	0.00802627
-16.03333305	0.00854459
-15.99999972	0.00893892
-15.96666639	0.00940546
-15.93333305	0.00966907
-15.89999972	0.00993691
-15.86666639	0.01010677
-15.83333305	0.01009677
-15.79999972	0.00999672
-15.76666639	0.00992709
-15.73333306	0.00967727
-15.69999972	0.00936561
-15.66666639	0.00881892
-15.63333306	0.00845402
-15.59999972	0.00784691
-15.56666639	0.00721910
-15.53333306	0.00653719
-15.49999972	0.00594577
-15.46666639	0.00522775
-15.43333306	0.00464098
-15.39999973	0.00390900
-15.36666639	0.00323688
-15.33333306	0.00274559
-15.29999973	0.00211482
-15.26666639	0.00166177
-15.23333306	0.00117639
-15.19999973	0.00083659
-15.16666639	0.00041069
-15.13333306	0.00005439
-15.09999973	-0.00022297
-15.06666640	-0.00050177
-15.03333306	-0.00079249
-14.99999973	-0.00087042
-14.96666640	-0.00098954
-14.93333306	-0.00103405
-14.89999973	-0.00111501
-14.86666640	-0.00107606
-14.83333306	-0.00100842
-14.79999973	-0.00086203
-14.76666640	-0.00078229
-14.73333306	-0.00067271
-14.69999973	-0.00047392
-14.66666640	-0.00027057
-14.63333307	0.00005479
-14.59999973	0.00031530
-14.56666640	0.00065842
-14.53333307	0.00089174
-14.49999973	0.00119417
-14.46666640	0.00148846
-14.43333307	0.00188568
-14.39999973	0.00213956
-14.36666640	0.00264095
-14.33333307	0.00293043
-14.29999974	0.00324704
-14.26666640	0.00356841
-14.23333307	0.00385419
-14.19999974	0.00413427
-14.16666640	0.00446602
-14.13333307	0.00467258
-14.09999974	0.00487520
-14.06666640	0.00503148
-14.03333307	0.00519733
-13.99999974	0.00537017
-13.96666640	0.00536989
-13.93333307	0.00537847
-13.89999974	0.00542766
-13.86666641	0.00534822
-13.83333307	0.00513669
-13.79999974	0.00498948
-13.76666641	0.00496358
-13.73333307	0.00467803
-13.69999974	0.00463509
-13.66666641	0.00450833
-13.63333307	0.00429631
-13.59999974	0.00427041
-13.56666641	0.00399938
-13.53333308	0.00386944
-13.49999974	0.00389560
-13.46666641	0.00380961
-13.43333308	0.00375797
-13.39999974	0.00390865
-13.36666641	0.00395089
-13.33333308	0.00409103
-13.29999974	0.00425415
-13.26666641	0.00453291
-13.23333308	0.00473454
-13.19999975	0.00516955
-13.16666641	0.00564113
-13.13333308	0.00603588
-13.09999975	0.00658124
-13.06666641	0.00707587
-13.03333308	0.00758519
-12.99999975	0.00822958
-12.96666641	0.00880745
-12.93333308	0.00946587
-12.89999975	0.01001599
-12.86666641	0.01056964
-12.83333308	0.01126263
-12.79999975	0.01174982
-12.76666642	0.01229923
-12.73333308	0.01294596
-12.69999975	0.01342249
-12.66666642	0.01385605
-12.63333308	0.01434190
-12.59999975	0.01453848
-12.56666642	0.01476150
-12.53333308	0.01503007
-12.49999975	0.01500339
-12.46666642	0.01508600
-12.43333309	0.01503998
-12.39999975	0.01494278
-12.36666642	0.01476807
-12.33333309	0.01458205
-12.29999975	0.01432944
-12.26666642	0.01405469
-12.23333309	0.01361591
-12.19999975	0.01306311
-12.16666642	0.01266913
-12.13333309	0.01226991
-12.09999976	0.01175767
-12.06666642	0.01106624
-12.03333309	0.01055217
-11.99999976	0.00999859
-11.96666642	0.00941558
-11.93333309	0.00875355
-11.89999976	0.00819634
-11.86666642	0.00742148
-11.83333309	0.00678269
-11.79999976	0.00604888
-11.76666642	0.00539025
-11.73333309	0.00465210
-11.69999976	0.00402087
-11.66666643	0.00319647
-11.63333309	0.00260736
-11.59999976	0.00203106
-11.56666643	0.00144191
-11.53333309	0.00098508
-11.49999976	0.00061666
-11.46666643	0.00019139
-11.43333309	-0.00016594
-11.39999976	-0.00036759
-11.36666643	-0.00050173
-11.33333310	-0.00065850
-11.29999976	-0.00058601
-11.26666643	-0.00062271
-11.23333310	-0.00043681
-11.19999976	-0.00043703
-11.16666643	-0.00011132
-11.13333310	0.00006482
-11.09999976	0.00033807
-11.06666643	0.00052869
-11.03333310	0.00074323
-10.99999977	0.00094948
-10.96666643	0.00126436
-10.93333310	0.00151677
-10.89999977	0.00181790
-10.86666643	0.00197368
-10.83333310	0.00224693
-10.79999977	0.00248994
-10.76666643	0.00273826
-10.73333310	0.00310536
-10.69999977	0.00335291
-10.66666643	0.00354530
-10.63333310	0.00372571
-10.59999977	0.00390695
-10.56666644	0.00408319
-10.53333310	0.00422502
-10.49999977	0.00425892
-10.46666644	0.00439585
-10.43333310	0.00431895
-10.39999977	0.00417295
-10.36666644	0.00404033
-10.33333310	0.00377990
-10.29999977	0.00354124
-10.26666644	0.00315751
-10.23333311	0.00274754
-10.19999977	0.00219251
-10.16666644	0.00170533
-10.13333311	0.00094276
-10.09999977	0.00024385
-10.06666644	-0.00047359
-10.03333311	-0.00108802
-9.99999977	-0.00184260
-9.96666644	-0.00268805
-9.93333311	-0.00335945
-9.89999977	-0.00408359
-9.86666644	-0.00489137
-9.83333311	-0.00555038
-9.79999978	-0.00613783
-9.76666644	-0.00661723
-9.73333311	-0.00719157
-9.69999978	-0.00770058
-9.66666644	-0.00819324
-9.63333311	-0.00854898
-9.59999978	-0.00895627
-9.56666644	-0.00926361
-9.53333311	-0.00958095
-9.49999978	-0.00975403
-9.46666645	-0.01016257
-9.43333311	-0.01032307
-9.39999978	-0.01058077
-9.36666645	-0.01081064
-9.33333311	-0.01108455
-9.29999978	-0.01132692
-9.26666645	-0.01165704
-9.23333311	-0.01170168
-9.19999978	-0.01187472
-9.16666645	-0.01196756
-9.13333312	-0.01208361
-9.09999978	-0.01210679
-9.06666645	-0.01219223
-9.03333312	-0.01225451
-8.99999978	-0.01223922
-8.96666645	-0.01222252
-8.93333312	-0.01210455
-8.89999978	-0.01196903
-8.86666645	-0.01188330
-8.83333312	-0.01175249
-8.79999978	-0.01171060
-8.76666645	-0.01159407
-8.73333312	-0.01161845
-8.69999979	-0.01144216
-8.66666645	-0.01158180
-8.63333312	-0.01166281
-8.59999979	-0.01175278
-8.56666645	-0.01188973
-8.53333312	-0.01198536
-8.49999979	-0.01226347
-8.46666645	-0.01244923
-8.43333312	-0.01275532
-8.39999979	-0.01311590
-8.36666646	-0.01333741
-8.33333312	-0.01365384
-8.29999979	-0.01388862
-8.26666646	-0.01419896
-8.23333312	-0.01451325
-8.19999979	-0.01466700
-8.16666646	-0.01482620
-8.13333312	-0.01479310
-8.09999979	-0.01491076
-8.06666646	-0.01468724
-8.03333313	-0.01466762
-7.99999979	-0.01441696
-7.96666646	-0.01414388
-7.93333313	-0.01373574
-7.89999979	-0.01331404
-7.86666646	-0.01268791
-7.83333313	-0.01209997
-7.79999979	-0.01151304
-7.76666646	-0.01081057
-7.73333313	-0.01003117
-7.69999979	-0.00935943
-7.66666646	-0.00848424
-7.63333313	-0.00783284
-7.59999980	-0.00697359
-7.56666646	-0.00620193
-7.53333313	-0.00553498
-7.49999980	-0.00481968
-7.46666646	-0.00415140
-7.43333313	-0.00343087
-7.39999980	-0.00273190
-7.36666646	-0.00207449
-7.33333313	-0.00139093
-7.29999980	-0.00079563
-7.26666647	-0.00019064
-7.23333313	0.00042069
-7.19999980	0.00109587
-7.16666647	0.00166279
-7.13333313	0.00214931
-7.09999980	0.00276028
-7.06666647	0.00335098
-7.03333313	0.00386050
-6.99999980	0.00427969
-6.96666647	0.00465353
-6.93333313	0.00505375
-6.89999980	0.00524362
-6.86666647	0.00546781
-6.83333314	0.00557043
-6.79999980	0.00553040
-6.76666647	0.00545792
-6.73333314	0.00521610
-6.69999980	0.00484962
-6.66666647	0.00457395
-6.63333314	0.00410719
-6.59999980	0.00359575
-6.56666647	0.00298081
-6.53333314	0.00222245
-6.49999981	0.00145806
-6.46666647	0.00053890
-6.43333314	-0.00035677
-6.39999981	-0.00126312
-6.36666647	-0.00219219
-6.33333314	-0.00327687
-6.29999981	-0.00435458
-6.26666647	-0.00552721
-6.23333314	-0.00664072
-6.19999981	-0.00774007
-6.16666648	-0.00895560
-6.13333314	-0.01016659
-6.09999981	-0.01128460
-6.06666648	-0.01243259
-6.03333314	-0.01359741
-5.99999981	-0.01478741
-5.96666648	-0.01592319
-5.93333314	-0.01708357
-5.89999981	-0.01832514
-5.86666648	-0.01945757
-5.83333314	-0.02068817
-5.79999981	-0.02181261
-5.76666648	-0.02294064
-5.73333315	-0.02412859
-5.69999981	-0.02516391
-5.66666648	-0.02629786
-5.63333315	-0.02740325
-5.59999981	-0.02855842
-5.56666648	-0.02970817
-5.53333315	-0.03074182
-5.49999981	-0.03181268
-5.46666648	-0.03280183
-5.43333315	-0.03374325
-5.39999982	-0.03479346
-5.36666648	-0.03570389
-5.33333315	-0.03663143
-5.29999982	-0.03754561
-5.26666648	-0.03821562
-5.23333315	-0.03899921
-5.19999982	-0.03967949
-5.16666648	-0.04031491
-5.13333315	-0.04086939
-5.09999982	-0.04133115
-5.06666649	-0.04187870
-5.03333315	-0.04213122
-4.99999982	-0.04230661
-4.96666649	-0.04247390
-4.93333315	-0.04255656
-4.89999982	-0.04260127
-4.86666649	-0.04255463
-4.83333315	-0.04235778
-4.79999982	-0.04226512
-4.76666649	-0.04203255
-4.73333315	-0.04189417
-4.69999982	-0.04163019
-4.66666649	-0.04134719
-4.63333316	-0.04091457
-4.59999982	-0.04048889
-4.56666649	-0.04001427
-4.53333316	-0.03957836
-4.49999982	-0.03902024
-4.46666649	-0.03845971
-4.43333316	-0.03783245
-4.39999982	-0.03711602
-4.36666649	-0.03627493
-4.33333316	-0.03540995
-4.29999983	-0.03447149
-4.26666649	-0.03336876
-4.23333316	-0.03228692
-4.19999983	-0.03086207
-4.16666649	-0.02958607
-4.13333316	-0.02813132
-4.09999983	-0.02658042
-4.06666649	-0.02492579
-4.03333316	-0.02326480
-3.99999983	-0.02150109
-3.96666650	-0.01972570
-3.93333316	-0.01790204
-3.89999983	-0.01590188
-3.86666650	-0.01407038
-3.83333316	-0.01228897
-3.79999983	-0.01038175
-3.76666650	-0.00852548
-3.73333316	-0.00662487
-3.69999983	-0.00490876
-3.66666650	-0.00314390
-3.63333316	-0.00153400
-3.59999983	0.00025365
-3.56666650	0.00193582
-3.53333317	0.00349973
-3.49999983	0.00502266
-3.46666650	0.00661358
-3.43333317	0.00807775
-3.39999983	0.00951434
-3.36666650	0.01095224
-3.33333317	0.01230215
-3.29999983	0.01369266
-3.26666650	0.01502005
-3.23333317	0.01629568
-3.19999984	0.01753038
-3.16666650	0.01866387
-3.13333317	0.01989575
-3.09999984	0.02080157
-3.06666650	0.02182843
-3.03333317	0.02271098
-2.99999984	0.02349165
-2.96666650	0.02432738
-2.93333317	0.02486096
-2.89999984	0.02546482
-2.86666650	0.02576363
-2.83333317	0.02620172
-2.79999984	0.02656238
-2.76666651	0.02676432
-2.73333317	0.02696044
-2.69999984	0.02694160
-2.66666651	0.02706324
-2.63333317	0.02705405
-2.59999984	0.02701612
-2.56666651	0.02693868
-2.53333317	0.02691983
-2.49999984	0.02684087
-2.46666651	0.02682504
-2.43333318	0.02672441
-2.39999984	0.02663819
-2.36666651	0.02672532
-2.33333318	0.02670587
-2.29999984	0.02665406
-2.26666651	0.02664262
-2.23333318	0.02663314
-2.19999984	0.02666551
-2.16666651	0.02673692
-2.13333318	0.02678238
-2.09999985	0.02684313
-2.06666651	0.02675786
-2.03333318	0.02679820
-1.99999985	0.02670932
-1.96666651	0.02670238
-1.93333318	0.02651053
-1.89999985	0.02650381
-1.86666651	0.02635721
-1.83333318	0.02621084
-1.79999985	0.02606056
-1.76666651	0.02603014
-1.73333318	0.02581985
-1.69999985	0.02571266
-1.66666652	0.02576345
-1.63333318	0.02561132
-1.59999985	0.02566960
-1.56666652	0.02557508
-1.53333318	0.02558084
-1.49999985	0.02555274
-1.46666652	0.02546637
-1.43333318	0.02557336
-1.39999985	0.02554887
-1.36666652	0.02528886
-1.33333319	0.02532191
-1.29999985	0.02510528
-1.26666652	0.02499208
-1.23333319	0.02480226
-1.19999985	0.02446087
-1.16666652	0.02419837
-1.13333319	0.02378199
-1.09999985	0.02338004
-1.06666652	0.02290042
-1.03333319	0.02248708
-0.99999986	0.02205160
-0.96666652	0.02160732
-0.93333319	0.02120821
-0.89999986	0.02077317
-0.86666652	0.02045155
-0.83333319	0.02019334
-0.79999986	0.01986342
-0.76666652	0.01985183
-0.73333319	0.01971030
-0.69999986	0.01977319
-0.66666652	0.01973337
-0.63333319	0.01977449
-0.59999986	0.01998994
-0.56666653	0.02000513
-0.53333319	0.02028353
-0.49999986	0.02041392
-0.46666653	0.02064088
-0.43333319	0.02089599
-0.39999986	0.02118154
-0.36666653	0.02149068
-0.33333319	0.02170511
-0.29999986	0.02188878
-0.26666653	0.02219247
-0.23333320	0.02228919
-0.19999986	0.02262048
-0.16666653	0.02277261
-0.13333320	0.02316349
-0.09999986	0.02330283
-0.06666653	0.02360127
-0.03333320	0.02393691
0.00000014	0.02419933
0.03333347	0.02453714
0.06666680	0.02501473
0.10000013	0.02546284
0.13333347	0.02590998
0.16666680	0.02639974
0.20000013	0.02688299
0.23333347	0.02730359
0.26666680	0.02769825
0.30000013	0.02807961
0.33333347	0.02842731
0.36666680	0.02864775
0.40000013	0.02886037
0.43333347	0.02903050
0.46666680	0.02904379
0.50000013	0.02897635
0.53333346	0.02888103
0.56666680	0.02862342
0.60000013	0.02843321
0.63333346	0.02808520
0.66666680	0.02758444
0.70000013	0.02712886
0.73333346	0.02657148
0.76666680	0.02611305
0.80000013	0.02556104
0.83333346	0.02492427
0.86666679	0.02447622
0.90000013	0.02386641
0.93333346	0.02339124
0.96666679	0.02291129
1.00000013	0.02239138
1.03333346	0.02197646
1.06666679	0.02157262
1.10000013	0.02117697
1.13333346	0.02082895
1.16666679	0.02053515
1.20000013	0.02012226
1.23333346	0.01973105
1.26666679	0.01956031
1.30000012	0.01925543
1.33333346	0.01894513
1.36666679	0.01857398
1.40000012	0.01826596
1.43333346	0.01798079
1.46666679	0.01762752
1.50000012	0.01739281
1.53333346	0.01699260
1.56666679	0.01670664
1.60000012	0.01646294
1.63333345	0.01612317
1.66666679	0.01583332
1.70000012	0.01545392
1.73333345	0.01512076
1.76666679	0.01491863
1.80000012	0.01459035
1.83333345	0.01427278
1.86666679	0.01399891
1.90000012	0.01371833
1.93333345	0.01345190
1.96666678	0.01315492
2.00000012	0.01293264
2.03333345	0.01271792
2.06666678	0.01242408
2.10000012	0.01219505
2.13333345	0.01186580
2.16666678	0.01159165
2.20000012	0.01128979
2.23333345	0.01096685
2.26666678	0.01062653
2.30000012	0.01037224
2.33333345	0.00999556
2.36666678	0.00965089
2.40000011	0.00925566
2.43333345	0.00887155
2.46666678	0.00857139
2.50000011	0.00812413
2.53333345	0.00767204
2.56666678	0.00734264
2.60000011	0.00693070
2.63333345	0.00660704
2.66666678	0.00610655
2.70000011	0.00559286
2.73333344	0.00526403
2.76666678	0.00481307
2.80000011	0.00451355
2.83333344	0.00408289
2.86666678	0.00374138
2.90000011	0.00348481
2.93333344	0.00308053
2.96666678	0.00276742
3.00000011	0.00242928
3.03333344	0.00197661
3.06666677	0.00174592
3.10000011	0.00148615
3.13333344	0.00114087
3.16666677	0.00102775
3.20000011	0.00072808
3.23333344	0.00041569
3.26666677	0.00032967
3.30000011	0.00014471
3.33333344	-0.00010828
3.36666677	-0.00030687
3.40000011	-0.00042388
3.43333344	-0.00063766
3.46666677	-0.00069406
3.50000010	-0.00095783
3.53333344	-0.00109303
3.56666677	-0.00130410
3.60000010	-0.00149769
3.63333344	-0.00163296
3.66666677	-0.00198101
3.70000010	-0.00214316
3.73333344	-0.00248250
3.76666677	-0.00277494
3.80000010	-0.00291095
3.83333343	-0.00330012
3.86666677	-0.00348191
3.90000010	-0.00379865
3.93333343	-0.00411748
3.96666677	-0.00437975
4.00000010	-0.00454949
4.03333343	-0.00472390
4.06666677	-0.00505528
4.10000010	-0.00527787
4.13333343	-0.00552077
4.16666677	-0.00564656
4.20000010	-0.00580148
4.23333343	-0.00599907
4.26666676	-0.00605363
4.30000010	-0.00620742
4.33333343	-0.00633587
4.36666676	-0.00640689
4.40000010	-0.00655258
4.43333343	-0.00664721
4.46666676	-0.00681852
4.50000010	-0.00704338
4.53333343	-0.00716856
4.56666676	-0.00721001
4.60000009	-0.00744494
4.63333343	-0.00764961
4.66666676	-0.00765477
4.70000009	-0.00787368
4.73333343	-0.00801703
4.76666676	-0.00805161
4.80000009	-0.00807090
4.83333343	-0.00800933
4.86666676	-0.00798789
4.90000009	-0.00792190
4.93333342	-0.00785251
4.96666676	-0.00758919
5.00000009	-0.00739573
5.03333342	-0.00708463
5.06666676	-0.00683993
5.10000009	-0.00648619
5.13333342	-0.00612740
5.16666676	-0.00583034
5.20000009	-0.00551280
5.23333342	-0.00532929
5.26666676	-0.00502780
5.30000009	-0.00471111
5.33333342	-0.00438683
5.36666675	-0.00427215
5.40000009	-0.00413062
5.43333342	-0.00398758
5.46666675	-0.00386289
5.50000009	-0.00379289
5.53333342	-0.00389764
5.56666675	-0.00375026
5.60000009	-0.00392550
5.63333342	-0.00396483
5.66666675	-0.00404737
5.70000008	-0.00408804
5.73333342	-0.00419683
5.76666675	-0.00416086
5.80000008	-0.00426524
5.83333342	-0.00439414
5.86666675	-0.00452704
5.90000008	-0.00455759
5.93333342	-0.00456850
5.96666675	-0.00470056
6.00000008	-0.00481088
6.03333341	-0.00493878
6.06666675	-0.00502336
6.10000008	-0.00520312
6.13333341	-0.00535720
6.16666675	-0.00563662
6.20000008	-0.00571748
6.23333341	-0.00601325
6.26666675	-0.00618031
6.30000008	-0.00637676
6.33333341	-0.00648376
6.36666675	-0.00672356
6.40000008	-0.00693261
6.43333341	-0.00704062
6.46666674	-0.00719167
6.50000008	-0.00732882
6.53333341	-0.00729806
6.56666674	-0.00722936
6.60000008	-0.00726156
6.63333341	-0.00726481
6.66666674	-0.00723745
6.70000008	-0.00691918
6.73333341	-0.00680191
6.76666674	-0.00673676
6.80000007	-0.00634549
6.83333341	-0.00621590
6.86666674	-0.00620749
6.90000007	-0.00599390
6.93333341	-0.00590859
6.96666674	-0.00579366
7.00000007	-0.00575640
7.03333341	-0.00568464
7.06666674	-0.00583111
7.10000007	-0.00579970
7.13333340	-0.00591962
7.16666674	-0.00598059
7.20000007	-0.00612654
7.23333340	-0.00632576
7.26666674	-0.00638034
7.30000007	-0.00634195
7.33333340	-0.00658328
7.36666674	-0.00676303
7.40000007	-0.00683336
7.43333340	-0.00694057
7.46666674	-0.00700590
7.50000007	-0.00705521
7.53333340	-0.00718826
7.56666673	-0.00713001
7.60000007	-0.00721932
7.63333340	-0.00729837
7.66666673	-0.00726974
7.70000007	-0.00746901
7.73333340	-0.00751732
7.76666673	-0.00759325
7.80000007	-0.00771105
7.83333340	-0.00776630
7.86666673	-0.00802534
7.90000006	-0.00828819
7.93333340	-0.00841994
7.96666673	-0.00873557
8.00000006	-0.00905400
8.03333340	-0.00932285
8.06666673	-0.00954376
8.10000006	-0.00986695
8.13333340	-0.01023897
8.16666673	-0.01048624
8.20000006	-0.01059102
8.23333340	-0.01075932
8.26666673	-0.01080813
8.30000006	-0.01093377
8.33333339	-0.01081530
8.36666673	-0.01074825
8.40000006	-0.01069988
8.43333339	-0.01043010
8.46666673	-0.01035776
8.50000006	-0.01021576
8.53333339	-0.00998276
8.56666673	-0.00965638
8.60000006	-0.00939007
8.63333339	-0.00915565
8.66666672	-0.00890335
8.70000006	-0.00872250
8.73333339	-0.00842961
8.76666672	-0.00828180
8.80000006	-0.00809521
8.83333339	-0.00797689
8.86666672	-0.00782777
8.90000006	-0.00771238
8.93333339	-0.00765658
8.96666672	-0.00756825
9.00000005	-0.00746991
9.03333339	-0.00744079
9.06666672	-0.00728183
9.10000005	-0.00720942
9.13333339	-0.00697850
9.16666672	-0.00691050
9.20000005	-0.00677482
9.23333339	-0.00656686
9.26666672	-0.00633419
9.30000005	-0.00615101
9.33333339	-0.00594982
9.36666672	-0.00583934
9.40000005	-0.00562797
9.43333338	-0.00536176
9.46666672	-0.00538412
9.50000005	-0.00524809
9.53333338	-0.00522246
9.56666672	-0.00527966
9.60000005	-0.00535110
9.63333338	-0.00549783
9.66666672	-0.00553389
9.70000005	-0.00565379
9.73333338	-0.00578938
9.76666671	-0.00599413
9.80000005	-0.00618589
9.83333338	-0.00639660
9.86666671	-0.00654849
9.90000005	-0.00678716
9.93333338	-0.00691694
9.96666671	-0.00710568
10.00000005	-0.00722204
10.03333338	-0.00732663
10.06666671	-0.00733544
10.10000004	-0.00736703
10.13333338	-0.00736218
10.16666671	-0.00733312
10.20000004	-0.00731079
10.23333338	-0.00718738
10.26666671	-0.00709102
10.30000004	-0.00698591
10.33333338	-0.00679809
10.36666671	-0.00665943
10.40000004	-0.00652098
10.43333338	-0.00636488
10.46666671	-0.00619597
10.50000004	-0.00601620
10.53333337	-0.00592245
10.56666671	-0.00568670
10.60000004	-0.00557658
10.63333337	-0.00540087
10.66666671	-0.00534208
10.70000004	-0.00521811
10.73333337	-0.00506055
10.76666671	-0.00498670
10.80000004	-0.00478512
10.83333337	-0.00466654
10.86666670	-0.00462692
10.90000004	-0.00446184
10.93333337	-0.00437268
10.96666670	-0.00426638
11.00000004	-0.00415938
11.03333337	-0.00408843
11.06666670	-0.00396599
11.10000004	-0.00384078
11.13333337	-0.00381261
11.16666670	-0.00374249
11.20000003	-0.00369411
11.23333337	-0.00367115
11.26666670	-0.00366153
11.30000003	-0.00355824
11.33333337	-0.00354409
11.36666670	-0.00355101
11.40000003	-0.00357497
11.43333337	-0.00358069
11.46666670	-0.00355955
11.50000003	-0.00356282
11.53333337	-0.00357013
11.56666670	-0.00359966
11.60000003	-0.00355349
11.63333336	-0.00356792
11.66666670	-0.00361001
11.70000003	-0.00360415
11.73333336	-0.00361078
11.76666670	-0.00357576
11.80000003	-0.00352416
11.83333336	-0.00353035
11.86666670	-0.00345398
11.90000003	-0.00338383
11.93333336	-0.00333684
11.96666669	-0.00325114
12.00000003	-0.00316859
12.03333336	-0.00308585
12.06666669	-0.00298423
12.10000003	-0.00288547
12.13333336	-0.00272143
12.16666669	-0.00264044
12.20000003	-0.00253714
12.23333336	-0.00241138
12.26666669	-0.00230308
12.30000003	-0.00217128
12.33333336	-0.00207240
12.36666669	-0.00197438
12.40000002	-0.00184645
12.43333336	-0.00175383
12.46666669	-0.00167770
12.50000002	-0.00157541
12.53333336	-0.00148101
12.56666669	-0.00143764
12.60000002	-0.00137203
12.63333336	-0.00129772
12.66666669	-0.00125745
12.70000002	-0.00118147
12.73333335	-0.00116224
12.76666669	-0.00113764
12.80000002	-0.00110499
12.83333335	-0.00105540
12.86666669	-0.00104667
12.90000002	-0.00100269
12.93333335	-0.00099666
12.96666669	-0.00099306
13.00000002	-0.00095564
13.03333335	-0.00092756
13.06666668	-0.00092321
13.10000002	-0.00089501
13.13333335	-0.00089040
13.16666668	-0.00085427
13.20000002	-0.00084959
13.23333335	-0.00082004
13.26666668	-0.00079576
13.30000002	-0.00077165
13.33333335	-0.00075823
13.36666668	-0.00072781
13.40000002	-0.00071139
13.43333335	-0.00067195
13.46666668	-0.00065615
13.50000001	-0.00063814
13.53333335	-0.00060658
13.56666668	-0.00057375
13.60000001	-0.00054214
13.63333335	-0.00051964
13.66666668	-0.00049504
13.70000001	-0.00046450
13.73333335	-0.00043867
13.76666668	-0.00040971
13.80000001	-0.00038923
13.83333334	-0.00036259
13.86666668	-0.00033300
13.90000001	-0.00030810
13.93333334	-0.00028060
13.96666668	-0.00025974
14.00000001	-0.00023930
14.03333334	-0.00021588
14.06666668	-0.00019922
14.10000001	-0.00017800
14.13333334	-0.00016259
14.16666667	-0.00014415
14.20000001	-0.00013026
14.23333334	-0.00011569
14.26666667	-0.00010251
14.30000001	-0.00009192
14.33333334	-0.00008038
14.36666667	-0.00006929
14.40000001	-0.00006084
14.43333334	-0.00005277
14.46666667	-0.00004541
14.50000001	-0.00003840
14.53333334	-0.00003250
14.56666667	-0.00002690
14.60000000	-0.00002179
14.63333334	-0.00001745
14.66666667	-0.00001317
14.70000000	-0.00000985
14.73333334	-0.00000697
14.76666667	-0.00000454
14.80000000	-0.00000259
14.83333334	-0.00000117
14.86666667	-0.00000030
14.90000000	0.00000000
