# Menlo Systems GmbH ScanControl
# Program Version 1.3.3
# Start: -65.00000000 ps, Average over 1000 waveforms. Timestamp: 2020-07-03T14:23:36
# Window type: Tukey, parameters: alpha = 0.2
# User time axis shift: 0 ps
# Frequency [THz]	THz Signal [a.u.]
0.00000000	-18.29473177
0.00732601	-16.02776685
0.01465201	-10.71909779
0.02197802	-9.44876478
0.02930403	-15.39440631
0.03663004	-15.19899491
0.04395604	-6.62159505
0.05128205	-3.37671627
0.05860806	-4.47790296
0.06593407	-4.18162096
0.07326007	0.00000000
0.08058608	-2.60373761
0.08791209	-16.42477652
0.09523810	-2.62515472
0.10256410	-3.18226387
0.10989011	-11.16038026
0.11721612	-7.24362318
0.12454213	-5.28792838
0.13186813	-8.11830361
0.13919414	-11.87755324
0.14652015	-10.00889610
0.15384616	-11.81582184
0.16117216	-17.69763547
0.16849817	-9.23274336
0.17582418	-8.62918388
0.18315018	-16.50095244
0.19047619	-8.78213952
0.19780220	-6.15514369
0.20512821	-10.48833208
0.21245421	-10.18460092
0.21978022	-5.43459805
0.22710623	-6.46224430
0.23443224	-11.82559039
0.24175824	-6.59637591
0.24908425	-4.89801133
0.25641026	-8.37867873
0.26373627	-6.64459803
0.27106227	-3.88470766
0.27838828	-4.49569248
0.28571429	-5.05137213
0.29304030	-3.87626788
0.30036630	-2.89127390
0.30769231	-3.41606144
0.31501832	-4.62393609
0.32234433	-3.39548099
0.32967033	-3.01936690
0.33699634	-4.62368273
0.34432235	-4.84045618
0.35164836	-4.67102747
0.35897436	-5.99793349
0.36630037	-6.46640210
0.37362638	-6.78460099
0.38095238	-8.15197580
0.38827839	-8.62844064
0.39560440	-8.86370350
0.40293041	-10.18511794
0.41025641	-11.21360301
0.41758242	-11.35504997
0.42490843	-12.03199507
0.43223444	-13.07142429
0.43956044	-13.65995031
0.44688645	-13.94015705
0.45421246	-14.41283313
0.46153847	-15.14267020
0.46886447	-15.41899528
0.47619048	-15.64128867
0.48351649	-15.79575371
0.49084250	-15.69098362
0.49816850	-16.35794085
0.50549451	-16.67775237
0.51282052	-16.64219185
0.52014653	-17.16195234
0.52747253	-17.36771732
0.53479854	-17.61836488
0.54212455	-17.45387079
0.54945055	-18.92987869
0.55677656	-25.30236863
0.56410257	-20.32911678
0.57142858	-17.24435374
0.57875458	-17.55161668
0.58608059	-17.28640327
0.59340660	-16.75807037
0.60073261	-16.80327010
0.60805861	-16.59532190
0.61538462	-16.89745662
0.62271063	-17.44319764
0.63003664	-17.28080914
0.63736264	-17.34471395
0.64468865	-17.96000248
0.65201466	-18.59980066
0.65934067	-19.27619768
0.66666667	-19.79045965
0.67399268	-20.18132082
0.68131869	-20.78789792
0.68864470	-21.34611826
0.69597070	-22.11790508
0.70329671	-23.09538293
0.71062272	-23.92984448
0.71794872	-24.88895102
0.72527473	-25.68232565
0.73260074	-26.11881704
0.73992675	-27.10041682
0.74725275	-30.46768618
0.75457876	-34.09721931
0.76190477	-30.76247984
0.76923078	-30.65414805
0.77655678	-31.97096954
0.78388279	-31.77525385
0.79120880	-33.06711756
0.79853481	-34.16198464
0.80586081	-34.01994904
0.81318682	-34.84874721
0.82051283	-35.52677878
0.82783884	-35.80915249
0.83516484	-35.40096203
0.84249085	-35.54452317
0.84981686	-36.28371141
0.85714287	-36.43860063
0.86446887	-37.42797520
0.87179488	-38.53400449
0.87912089	-38.80727672
0.88644690	-38.34073302
0.89377290	-37.38577209
0.90109891	-38.27106121
0.90842492	-39.92592541
0.91575092	-39.40817041
0.92307693	-39.48894792
0.93040294	-40.11647760
0.93772895	-40.63709280
0.94505495	-42.04792164
0.95238096	-42.20195697
0.95970697	-41.87269274
0.96703298	-43.24435430
0.97435898	-45.20294052
0.98168499	-47.55404119
0.98901100	-48.03087934
0.99633701	-47.21559623
1.00366301	-48.42607921
1.01098902	-48.02446337
1.01831503	-47.82866273
1.02564104	-49.67529398
1.03296704	-48.97605487
1.04029305	-49.19787047
1.04761906	-48.93700785
1.05494507	-47.48416955
1.06227107	-49.36951007
1.06959708	-52.02994151
1.07692309	-50.94284329
1.08424909	-52.50569022
1.09157510	-61.62139578
1.09890111	-65.32618205
1.10622712	-66.86332746
1.11355312	-62.44717543
1.12087913	-59.13730721
1.12820514	-65.46090938
1.13553115	-66.23131557
1.14285715	-57.98874710
1.15018316	-58.93437612
1.15750917	-68.70629192
1.16483518	-63.66478672
1.17216118	-65.12734456
1.17948719	-55.98592625
1.18681320	-57.93922083
1.19413921	-67.82260466
1.20146521	-63.79219416
1.20879122	-58.24658603
1.21611723	-59.80655574
1.22344324	-62.76356502
1.23076924	-60.17026390
1.23809525	-61.40241450
1.24542126	-65.32487907
1.25274726	-62.20791799
1.26007327	-61.56883967
1.26739928	-66.71295380
1.27472529	-66.14678051
1.28205129	-86.88578807
1.28937730	-64.18477550
1.29670331	-64.44108505
1.30402932	-63.89242214
1.31135532	-63.60447703
1.31868133	-70.15877030
1.32600734	-64.67541704
1.33333335	-60.82677307
1.34065935	-61.74774018
1.34798536	-66.47328727
1.35531137	-62.91692869
1.36263738	-62.28079444
1.36996338	-72.57325745
1.37728939	-75.07384076
1.38461540	-72.38870746
1.39194141	-63.35763758
1.39926741	-60.24317753
1.40659342	-63.59455184
1.41391943	-74.10436269
1.42124544	-62.79618856
1.42857144	-63.80025472
1.43589745	-71.92591924
1.44322346	-67.46859097
1.45054946	-74.72450586
1.45787547	-65.85195676
1.46520148	-65.72616665
1.47252749	-64.49209649
1.47985349	-64.18366864
1.48717950	-70.83458820
1.49450551	-70.78413165
1.50183152	-64.80048250
1.50915752	-67.94076423
1.51648353	-67.09856922
1.52380954	-60.92034611
1.53113555	-64.55823746
1.53846155	-69.99741121
1.54578756	-61.26344544
1.55311357	-61.87183226
1.56043958	-64.67859571
1.56776558	-79.87119329
1.57509159	-67.97085520
1.58241760	-69.76948696
1.58974361	-65.66831886
1.59706961	-67.71237808
1.60439562	-81.66234909
1.61172163	-72.94388168
1.61904763	-71.52759483
1.62637364	-63.87913676
1.63369965	-62.85604406
1.64102566	-67.01717706
1.64835166	-63.00373777
1.65567767	-57.88745658
1.66300368	-58.14479008
1.67032969	-66.18112462
1.67765569	-66.14841752
1.68498170	-66.43672848
1.69230771	-63.99037482
1.69963372	-75.65713190
1.70695972	-64.65447539
1.71428573	-74.20446420
1.72161174	-62.64845551
1.72893775	-68.07075309
1.73626375	-65.82566261
1.74358976	-62.41757158
1.75091577	-67.98664846
1.75824178	-68.17295470
1.76556778	-67.82259168
1.77289379	-66.44761367
1.78021980	-64.59926032
1.78754581	-62.37710453
1.79487181	-65.96421178
1.80219782	-71.14584384
1.80952383	-63.58627646
1.81684983	-65.55806539
1.82417584	-68.20532207
1.83150185	-66.53539226
1.83882786	-65.06661511
1.84615386	-68.04965321
1.85347987	-74.97976469
1.86080588	-66.16303282
1.86813189	-66.82761070
1.87545789	-77.81154348
1.88278390	-85.03933838
1.89010991	-68.28624187
1.89743592	-65.68014529
1.90476192	-68.86324984
1.91208793	-69.22931515
1.91941394	-74.84734187
1.92673995	-74.55902686
1.93406595	-71.73863366
1.94139196	-71.11868084
1.94871797	-64.86917382
1.95604398	-65.61832415
1.96336998	-61.24763090
1.97069599	-62.08140729
1.97802200	-84.29746442
1.98534800	-67.11579070
1.99267401	-75.09637403
2.00000002	-75.51655358
2.00732603	-73.70522616
2.01465203	-68.33455974
2.02197804	-67.99927801
2.02930405	-70.73057260
2.03663006	-74.53972591
2.04395606	-63.61292154
2.05128207	-62.81945128
2.05860808	-66.77176860
2.06593409	-77.92442267
2.07326009	-68.47390996
2.08058610	-69.62283790
2.08791211	-70.74975978
2.09523812	-68.80692803
2.10256412	-73.82467920
2.10989013	-69.76106499
2.11721614	-82.66635625
2.12454215	-71.33597030
2.13186815	-76.47184211
2.13919416	-64.42560042
2.14652017	-64.57593194
2.15384617	-67.03852144
2.16117218	-81.25068440
2.16849819	-64.89434020
2.17582420	-63.91298897
2.18315020	-77.10362390
2.19047621	-66.17263684
2.19780222	-70.64788181
2.20512823	-71.69925461
2.21245423	-65.48870766
2.21978024	-70.04701922
2.22710625	-72.09085669
2.23443226	-68.63315973
2.24175826	-73.64435562
2.24908427	-71.28407589
2.25641028	-74.00162876
2.26373629	-68.13249326
2.27106229	-66.82787020
2.27838830	-66.11989915
2.28571431	-67.23315786
2.29304032	-71.61765297
2.30036632	-75.08970746
2.30769233	-69.66116216
2.31501834	-69.56162477
2.32234435	-67.56308259
2.32967035	-65.43813711
2.33699636	-68.02836494
2.34432237	-70.91865443
2.35164837	-65.59392273
2.35897438	-71.65224754
2.36630039	-73.48228653
2.37362640	-77.10449350
2.38095240	-64.82466452
2.38827841	-67.02594370
2.39560442	-69.03178719
2.40293043	-71.70415795
2.41025643	-66.89954716
2.41758244	-66.80960381
2.42490845	-70.38624883
2.43223446	-68.77933404
2.43956046	-67.76427121
2.44688647	-68.67629074
2.45421248	-69.53689858
2.46153849	-66.88477583
2.46886449	-65.79647983
2.47619050	-62.02544244
2.48351651	-70.85145646
2.49084252	-65.56619030
2.49816852	-63.87834404
2.50549453	-67.00091886
2.51282054	-75.56617731
2.52014654	-71.64696571
2.52747255	-78.17490381
2.53479856	-69.90185710
2.54212457	-70.70109863
2.54945057	-69.90502932
2.55677658	-67.13740708
2.56410259	-65.98216651
2.57142860	-63.96357463
2.57875460	-68.95357175
2.58608061	-67.99612831
2.59340662	-64.95613945
2.60073263	-68.86373184
2.60805863	-66.68210073
2.61538464	-69.86197586
2.62271065	-79.83932226
2.63003666	-78.03791633
2.63736266	-74.68370142
2.64468867	-70.25179511
2.65201468	-72.89617984
2.65934069	-78.17424670
2.66666669	-66.47247114
2.67399270	-63.71016145
2.68131871	-69.10353641
2.68864471	-72.71419950
2.69597072	-67.70741220
2.70329673	-86.72051328
2.71062274	-70.46530520
2.71794874	-73.77803073
2.72527475	-84.02638940
2.73260076	-78.93690767
2.73992677	-78.34576084
2.74725277	-79.95132174
2.75457878	-70.10253272
2.76190479	-73.94354342
2.76923080	-74.26719572
2.77655680	-67.16390377
2.78388281	-68.62972640
2.79120882	-71.48552687
2.79853483	-70.79358021
2.80586083	-69.71771576
2.81318684	-70.79007084
2.82051285	-67.52706519
2.82783886	-62.64734706
2.83516486	-69.49554488
2.84249087	-69.60245505
2.84981688	-64.68448862
2.85714289	-69.66778079
2.86446889	-66.88574397
2.87179490	-61.61708139
2.87912091	-64.25481036
2.88644691	-67.41790889
2.89377292	-67.17732085
2.90109893	-66.77479232
2.90842494	-70.85451310
2.91575094	-76.71278011
2.92307695	-77.36672104
2.93040296	-77.65423937
2.93772897	-68.98913139
2.94505497	-63.62544230
2.95238098	-69.68806632
2.95970699	-68.36656520
2.96703300	-65.43505037
2.97435900	-66.39076662
2.98168501	-70.48870111
2.98901102	-76.55869100
2.99633703	-81.66526543
3.00366303	-78.36022358
3.01098904	-65.56404326
3.01831505	-64.20320280
3.02564106	-72.85359598
3.03296706	-76.62224783
3.04029307	-82.17191897
3.04761908	-68.80577003
3.05494508	-67.33438221
3.06227109	-72.83268681
3.06959710	-72.75983109
3.07692311	-66.70479653
3.08424911	-64.51826413
3.09157512	-68.63348861
3.09890113	-64.08457702
3.10622714	-61.31867073
3.11355314	-67.62970009
3.12087915	-67.66680280
3.12820516	-67.20305887
3.13553117	-72.00091566
3.14285717	-65.30096469
3.15018318	-62.73961745
3.15750919	-66.19466143
3.16483520	-75.69805519
3.17216120	-64.65891995
3.17948721	-67.63166601
3.18681322	-71.29293914
3.19413923	-78.82568332
3.20146523	-70.63844879
3.20879124	-69.80812556
3.21611725	-65.66892582
3.22344325	-62.90165488
3.23076926	-68.25862044
3.23809527	-78.23278418
3.24542128	-71.96907165
3.25274728	-74.23244731
3.26007329	-69.48516203
3.26739930	-68.56764977
3.27472531	-71.76967908
3.28205131	-78.85789309
3.28937732	-70.20185986
3.29670333	-65.54172683
3.30402934	-68.12944143
3.31135534	-69.38314225
3.31868135	-67.27334666
3.32600736	-72.66827893
3.33333337	-68.90303799
3.34065937	-63.99514442
3.34798538	-65.74366672
3.35531139	-67.80724015
3.36263740	-71.00280839
3.36996340	-76.36336009
3.37728941	-73.26215077
3.38461542	-67.78184128
3.39194143	-68.81056937
3.39926743	-77.24204309
3.40659344	-67.67784478
3.41391945	-69.97219642
3.42124545	-75.41575441
3.42857146	-69.72120102
3.43589747	-68.11061403
3.44322348	-73.13040778
3.45054948	-65.98587730
3.45787549	-67.70227871
3.46520150	-74.11817322
3.47252751	-68.23365320
3.47985351	-68.60725816
3.48717952	-73.72255410
3.49450553	-68.85751381
3.50183154	-72.72877749
3.50915754	-83.12476235
3.51648355	-75.70097712
3.52380956	-72.60685765
3.53113557	-74.97198222
3.53846157	-98.29020354
3.54578758	-71.67187937
3.55311359	-65.90841566
3.56043960	-67.65769514
3.56776560	-74.95977764
3.57509161	-87.42798740
3.58241762	-68.62347568
3.58974362	-71.84696408
3.59706963	-68.18207229
3.60439564	-66.72011469
3.61172165	-68.65110938
3.61904765	-60.71682322
3.62637366	-63.57656006
3.63369967	-73.23689070
3.64102568	-68.02968419
3.64835168	-63.59071905
3.65567769	-67.16074797
3.66300370	-61.64863443
3.67032971	-64.12206787
3.67765571	-66.26965808
3.68498172	-63.86658570
3.69230773	-69.31297565
3.69963374	-69.80937582
3.70695974	-64.31590051
3.71428575	-64.50275490
3.72161176	-69.24231680
3.72893777	-71.99262509
3.73626377	-68.52833558
3.74358978	-70.97691839
3.75091579	-85.07393001
3.75824179	-68.21157498
3.76556780	-65.37693952
3.77289381	-64.83438230
3.78021982	-65.75290224
3.78754582	-65.96865559
3.79487183	-66.72733475
3.80219784	-69.59323913
3.80952385	-79.44839999
3.81684985	-69.09747437
3.82417586	-69.81628674
3.83150187	-73.97087646
3.83882788	-69.97168324
3.84615388	-95.86360409
3.85347989	-71.90966081
3.86080590	-79.91833888
3.86813191	-66.08283201
3.87545791	-67.12275383
3.88278392	-72.85975607
3.89010993	-68.60936712
3.89743594	-77.35850151
3.90476194	-67.51567069
3.91208795	-78.86735524
3.91941396	-69.68559503
3.92673997	-73.25197022
3.93406597	-75.92537619
3.94139198	-65.66893676
3.94871799	-62.51686422
3.95604399	-66.56070761
3.96337000	-64.96745451
3.97069601	-68.70476686
3.97802202	-66.46457142
3.98534802	-63.81694432
3.99267403	-67.83351185
4.00000004	-71.59670147
4.00732605	-67.60775252
4.01465205	-68.56558324
4.02197806	-67.91853869
4.02930407	-72.14422259
4.03663008	-66.58339871
4.04395608	-62.16294834
4.05128209	-66.70331519
4.05860810	-63.98062668
4.06593411	-65.60055682
4.07326011	-75.19836074
4.08058612	-63.71105243
4.08791213	-68.84383545
4.09523814	-66.72248076
4.10256414	-64.71342295
4.10989015	-82.28837381
4.11721616	-68.31099706
4.12454216	-65.90875973
4.13186817	-65.88478760
4.13919418	-68.77738059
4.14652019	-75.62103673
4.15384619	-67.57960229
4.16117220	-64.47934724
4.16849821	-72.39357938
4.17582422	-74.75778326
4.18315022	-65.94998702
4.19047623	-63.02264999
4.19780224	-68.18220773
4.20512825	-78.18845653
4.21245425	-70.27736041
4.21978026	-68.21441838
4.22710627	-86.41483984
4.23443228	-66.74190464
4.24175828	-69.87515071
4.24908429	-71.91418065
4.25641030	-69.59187188
4.26373631	-69.55436746
4.27106231	-67.97483349
4.27838832	-73.65927510
4.28571433	-76.54637343
4.29304034	-78.11579015
4.30036634	-78.05617239
4.30769235	-75.26483086
4.31501836	-79.07966606
4.32234436	-74.99460072
4.32967037	-79.90192771
4.33699638	-73.52768439
4.34432239	-68.97308002
4.35164839	-79.06210633
4.35897440	-72.52727685
4.36630041	-67.20316370
4.37362642	-65.11537531
4.38095242	-67.36685631
4.38827843	-70.38430681
4.39560444	-72.04625370
4.40293045	-79.29587260
4.41025645	-73.41169021
4.41758246	-80.02113963
4.42490847	-86.70996001
4.43223448	-73.77259611
4.43956048	-66.14881915
4.44688649	-65.68354163
4.45421250	-71.81258589
4.46153851	-80.49747126
4.46886451	-68.68387084
4.47619052	-70.96648036
4.48351653	-72.80996897
4.49084253	-69.96377071
4.49816854	-74.68364604
4.50549455	-65.08350046
4.51282056	-69.22069150
4.52014656	-70.21041500
4.52747257	-73.13036123
4.53479858	-80.08215597
4.54212459	-77.30942230
4.54945059	-66.21849637
4.55677660	-65.15307126
4.56410261	-68.66502450
4.57142862	-77.99740764
4.57875462	-70.72063212
4.58608063	-64.12192340
4.59340664	-65.06174445
4.60073265	-66.82146809
4.60805865	-67.76061883
4.61538466	-64.68233017
4.62271067	-66.12796113
4.63003668	-71.05309592
4.63736268	-63.56548615
4.64468869	-65.80158625
4.65201470	-65.45115643
4.65934070	-69.42087720
4.66666671	-81.46647332
4.67399272	-72.76541587
4.68131873	-69.22063981
4.68864473	-75.75832806
4.69597074	-69.20183731
4.70329675	-75.11437547
4.71062276	-76.34737188
4.71794876	-65.97292031
4.72527477	-65.84408530
4.73260078	-89.66194975
4.73992679	-72.67938504
4.74725279	-72.95001604
4.75457880	-69.51823982
4.76190481	-96.87165529
4.76923082	-73.60073111
4.77655682	-77.60401302
4.78388283	-71.58852290
4.79120884	-75.87127423
4.79853485	-81.92465893
4.80586085	-65.65220400
4.81318686	-65.04887775
4.82051287	-75.54217985
4.82783888	-67.89253763
4.83516488	-70.90707844
4.84249089	-74.23060758
4.84981690	-64.55204392
4.85714290	-60.80624865
4.86446891	-64.13863712
4.87179492	-76.36633444
4.87912093	-72.77586953
4.88644693	-70.45802830
4.89377294	-67.43970531
4.90109895	-66.19495943
4.90842496	-68.17219233
4.91575096	-69.78444647
4.92307697	-75.40712002
4.93040298	-73.65002401
4.93772899	-67.29651896
4.94505499	-67.03075356
4.95238100	-67.10971364
4.95970701	-71.08835501
4.96703302	-70.61587994
4.97435902	-73.11793366
4.98168503	-68.13705286
4.98901104	-69.09911575
4.99633705	-72.21395930
5.00366305	-75.44890438
5.01098906	-77.63355684
5.01831507	-66.32288495
5.02564107	-64.78844750
5.03296708	-70.30224136
5.04029309	-80.31435371
5.04761910	-70.15273698
5.05494510	-63.84096333
5.06227111	-68.30444580
5.06959712	-78.78776665
5.07692313	-72.64077194
5.08424913	-81.51594397
5.09157514	-70.31106342
5.09890115	-63.21217085
5.10622716	-63.92413109
5.11355316	-67.13800850
5.12087917	-74.63649668
5.12820518	-67.29242091
5.13553119	-67.55952391
5.14285719	-73.81692133
5.15018320	-71.30973880
5.15750921	-69.17490797
5.16483522	-72.77904974
5.17216122	-80.54210947
5.17948723	-71.87417405
5.18681324	-66.26327919
5.19413924	-67.76390194
5.20146525	-83.91290669
5.20879126	-71.67769212
5.21611727	-81.24418414
5.22344327	-68.49830170
5.23076928	-74.79108821
5.23809529	-73.99089229
5.24542130	-75.30726075
5.25274730	-67.61360182
5.26007331	-66.85015838
5.26739932	-82.15266913
5.27472533	-67.15181679
5.28205133	-68.80928137
5.28937734	-67.03182200
5.29670335	-64.18292702
5.30402936	-64.49521662
5.31135536	-71.12250299
5.31868137	-70.63427937
5.32600738	-65.43483223
5.33333339	-74.64753696
5.34065939	-70.39271410
5.34798540	-70.81690492
5.35531141	-80.40388745
5.36263742	-76.86065671
5.36996342	-72.20287010
5.37728943	-72.62778226
5.38461544	-82.56278304
5.39194144	-68.41194708
5.39926745	-68.99496682
5.40659346	-71.24818076
5.41391947	-65.16996987
5.42124547	-66.07026889
5.42857148	-80.06044481
5.43589749	-71.21533494
5.44322350	-71.90084518
5.45054950	-87.57958562
5.45787551	-77.93301466
5.46520152	-80.78000203
5.47252753	-78.66433474
5.47985353	-68.65822432
5.48717954	-67.52338251
5.49450555	-69.16082027
5.50183156	-65.33938364
5.50915756	-71.34889156
5.51648357	-75.95682063
5.52380958	-71.97198631
5.53113559	-74.33225763
5.53846159	-68.45482944
5.54578760	-66.45630202
5.55311361	-65.85652963
5.56043961	-63.68961549
5.56776562	-68.59347108
5.57509163	-79.56627840
5.58241764	-77.49114696
5.58974364	-67.08627574
5.59706965	-67.73148879
5.60439566	-91.59353159
5.61172167	-72.50346936
5.61904767	-76.90139651
5.62637368	-76.69010517
5.63369969	-71.39422598
5.64102570	-70.19085513
5.64835170	-71.44846998
5.65567771	-68.04790431
5.66300372	-68.25416504
5.67032973	-72.47141814
5.67765573	-77.42636780
5.68498174	-77.56917787
5.69230775	-69.67024913
5.69963376	-74.99178858
5.70695976	-72.29682928
5.71428577	-76.00836856
5.72161178	-73.53053811
5.72893778	-72.67993052
5.73626379	-71.35426150
5.74358980	-69.62523450
5.75091581	-81.20554025
5.75824181	-74.05772450
5.76556782	-86.11521333
5.77289383	-69.09523482
5.78021984	-67.60571653
5.78754584	-84.16520085
5.79487185	-70.97233408
5.80219786	-77.86556073
5.80952387	-69.20080483
5.81684987	-67.62187033
5.82417588	-86.09553597
5.83150189	-71.34419002
5.83882790	-77.54841615
5.84615390	-73.94764853
5.85347991	-68.65960678
5.86080592	-69.22928754
5.86813193	-77.49741430
5.87545793	-79.81472630
5.88278394	-75.89372209
5.89010995	-70.91482414
5.89743596	-74.37262488
5.90476196	-68.85045292
5.91208797	-65.01303960
5.91941398	-65.93105232
5.92673998	-70.77792744
5.93406599	-72.42201268
5.94139200	-70.28276967
5.94871801	-73.87829670
5.95604401	-74.03076781
5.96337002	-83.79294478
5.97069603	-75.94217264
5.97802204	-74.44147467
5.98534804	-73.54764640
5.99267405	-76.10851245
6.00000006	-65.11708020
6.00732607	-67.20847004
6.01465207	-81.58856000
6.02197808	-71.60971801
6.02930409	-70.62213979
6.03663010	-76.57042455
6.04395610	-76.33019221
6.05128211	-67.44759473
6.05860812	-67.87537492
6.06593413	-83.85082061
6.07326013	-71.57905093
6.08058614	-76.83082511
6.08791215	-70.99340785
6.09523815	-67.83551966
6.10256416	-74.91421067
6.10989017	-71.26966003
6.11721618	-72.02018055
6.12454218	-81.15005491
6.13186819	-71.78156418
6.13919420	-71.67813632
6.14652021	-75.32597470
6.15384621	-72.00076498
6.16117222	-86.03047658
6.16849823	-65.90421206
6.17582424	-64.87832438
6.18315024	-76.36432964
6.19047625	-73.64966718
6.19780226	-72.79389396
6.20512827	-68.66689121
6.21245427	-73.12333538
6.21978028	-75.03659315
6.22710629	-69.01233344
6.23443230	-71.92740100
6.24175830	-71.26375275
6.24908431	-67.05360626
6.25641032	-79.56580452
6.26373632	-67.93337415
6.27106233	-71.84918493
6.27838834	-76.61854413
6.28571435	-73.68262037
6.29304035	-71.31968314
6.30036636	-73.02444072
6.30769237	-74.80859302
6.31501838	-72.09214905
6.32234438	-65.16251201
6.32967039	-67.25747562
6.33699640	-65.14607559
6.34432241	-65.48257707
6.35164841	-66.72940181
6.35897442	-69.20131092
6.36630043	-68.70764533
6.37362644	-66.68430932
6.38095244	-78.33868572
6.38827845	-64.57657868
6.39560446	-69.69239947
6.40293047	-70.70125136
6.41025647	-70.37494915
6.41758248	-73.54160056
6.42490849	-72.97086489
6.43223450	-76.60508512
6.43956050	-67.28250201
6.44688651	-67.78007670
6.45421252	-96.78577014
6.46153852	-67.03736710
6.46886453	-66.11543222
6.47619054	-78.54270942
6.48351655	-72.01941740
6.49084255	-70.57290242
6.49816856	-69.56164148
6.50549457	-74.26321464
6.51282058	-80.70059008
6.52014658	-78.17860239
6.52747259	-73.68234788
6.53479860	-71.26515083
6.54212461	-75.65411779
6.54945061	-80.29628399
6.55677662	-75.53207408
6.56410263	-71.30051504
6.57142864	-79.07209401
6.57875464	-68.33200629
6.58608065	-67.44946994
6.59340666	-75.99984157
6.60073267	-71.61650414
6.60805867	-75.93127873
6.61538468	-73.95980737
6.62271069	-69.11750155
6.63003669	-75.43071886
6.63736270	-80.25201211
6.64468871	-71.28357656
6.65201472	-67.51786196
6.65934072	-69.76127586
6.66666673	-70.41022566
6.67399274	-73.98529994
6.68131875	-83.73867585
6.68864475	-73.04702273
6.69597076	-68.90905406
6.70329677	-68.19852218
6.71062278	-63.34072113
6.71794878	-64.21377522
6.72527479	-75.60270494
6.73260080	-76.98468062
6.73992681	-81.61348883
6.74725281	-82.69307972
6.75457882	-76.40183815
6.76190483	-84.49066252
6.76923084	-76.41537454
6.77655684	-75.98093452
6.78388285	-79.83105131
6.79120886	-84.01687781
6.79853487	-72.38389975
6.80586087	-67.69709990
6.81318688	-70.64092679
6.82051289	-76.95422442
6.82783889	-78.89629553
6.83516490	-69.95456037
6.84249091	-67.16739461
6.84981692	-71.92359822
6.85714292	-66.78861290
6.86446893	-66.76052698
6.87179494	-75.90098320
6.87912095	-67.43002376
6.88644695	-70.00353210
6.89377296	-78.30014645
6.90109897	-68.94340164
6.90842498	-70.27092749
6.91575098	-75.28850837
6.92307699	-75.90914087
6.93040300	-82.43663648
6.93772901	-72.17752280
6.94505501	-65.10640517
6.95238102	-64.44065713
6.95970703	-69.06674981
6.96703304	-76.05888120
6.97435904	-68.52833359
6.98168505	-70.56075896
6.98901106	-80.24466572
6.99633706	-67.22314405
7.00366307	-66.47711062
7.01098908	-70.21508211
7.01831509	-72.10237722
7.02564109	-78.82991677
7.03296710	-74.87596695
7.04029311	-76.20031481
7.04761912	-73.84889718
7.05494512	-73.15615316
7.06227113	-69.14232148
7.06959714	-68.95518922
7.07692315	-89.52305465
7.08424915	-67.43576421
7.09157516	-64.86683999
7.09890117	-69.60905514
7.10622718	-90.81587694
7.11355318	-74.98525295
7.12087919	-69.24694074
7.12820520	-71.27633299
7.13553121	-77.63026286
7.14285721	-74.11283044
7.15018322	-99.17782230
7.15750923	-82.73319716
7.16483523	-72.13238028
7.17216124	-67.44117615
7.17948725	-75.06042542
7.18681326	-67.31945688
7.19413926	-64.20780886
7.20146527	-68.01600510
7.20879128	-77.83896640
7.21611729	-70.03129762
7.22344329	-66.10220444
7.23076930	-67.03256539
7.23809531	-73.75037236
7.24542132	-86.68974477
7.25274732	-83.09346440
7.26007333	-76.82883491
7.26739934	-70.43761614
7.27472535	-79.10051516
7.28205135	-66.21018804
7.28937736	-65.83432524
7.29670337	-72.83718361
7.30402938	-69.72385129
7.31135538	-68.74257593
7.31868139	-67.08757931
7.32600740	-65.58193188
7.33333341	-65.83630591
7.34065941	-70.08982911
7.34798542	-83.64589693
7.35531143	-74.98669886
7.36263743	-68.11763708
7.36996344	-69.70739240
7.37728945	-69.05849105
7.38461546	-68.83132620
7.39194146	-71.97892054
7.39926747	-69.35954336
7.40659348	-75.43151012
7.41391949	-66.25187785
7.42124549	-72.81150024
7.42857150	-73.67718155
7.43589751	-76.41924746
7.44322352	-74.57205629
7.45054952	-71.96759660
7.45787553	-71.51971184
7.46520154	-67.66392411
7.47252755	-68.12878282
7.47985355	-94.11770111
7.48717956	-70.92424877
7.49450557	-72.57838132
7.50183158	-72.21015050
7.50915758	-72.97343008
7.51648359	-65.01772081
7.52380960	-65.78828051
7.53113560	-86.00157750
7.53846161	-73.64580224
7.54578762	-72.28011873
7.55311363	-70.39529491
7.56043963	-78.83269908
7.56776564	-73.20026549
7.57509165	-84.60693471
7.58241766	-74.88786836
7.58974366	-79.45407330
7.59706967	-72.10039544
7.60439568	-66.32122376
7.61172169	-62.43331011
7.61904769	-68.22520276
7.62637370	-71.00288619
7.63369971	-70.42250102
7.64102572	-70.94113109
7.64835172	-73.85580659
7.65567773	-75.60634397
7.66300374	-70.81798357
7.67032975	-70.44886696
7.67765575	-68.21508111
7.68498176	-66.85872003
7.69230777	-69.64223141
7.69963377	-70.12331091
7.70695978	-68.96224534
7.71428579	-69.21093723
7.72161180	-78.32784738
7.72893780	-71.93442277
7.73626381	-67.62026714
7.74358982	-65.66288168
7.75091583	-67.89613535
7.75824183	-79.09091585
7.76556784	-76.24934397
7.77289385	-82.80544416
7.78021986	-70.83260375
7.78754586	-70.26674942
7.79487187	-80.00477202
7.80219788	-70.83179348
7.80952389	-72.82698675
7.81684989	-77.63409010
7.82417590	-73.94644943
7.83150191	-76.63065616
7.83882792	-83.73809648
7.84615392	-70.92165722
7.85347993	-69.07595314
7.86080594	-71.78304178
7.86813195	-71.82181425
7.87545795	-86.96198756
7.88278396	-74.94737148
7.89010997	-66.33774255
7.89743597	-63.90362876
7.90476198	-65.59581967
7.91208799	-69.08373655
7.91941400	-69.76453587
7.92674000	-68.93039619
7.93406601	-71.20453448
7.94139202	-80.54602454
7.94871803	-77.43162983
7.95604403	-67.25887254
7.96337004	-67.51398934
7.97069605	-66.62498724
7.97802206	-67.81584877
7.98534806	-76.40633640
7.99267407	-67.25346406
8.00000008	-76.25646014
8.00732609	-82.60502525
8.01465209	-69.71080508
8.02197810	-65.48510896
8.02930411	-72.53283642
8.03663012	-72.32249709
8.04395612	-72.12601130
8.05128213	-75.38145438
8.05860814	-68.82077121
8.06593414	-72.63993057
8.07326015	-70.07950881
8.08058616	-70.95122985
8.08791217	-71.83459147
8.09523817	-70.51003262
8.10256418	-77.89578213
8.10989019	-72.87799172
8.11721620	-73.83788210
8.12454220	-72.00072515
8.13186821	-67.09363122
8.13919422	-77.42200181
8.14652023	-65.20361980
8.15384623	-68.15613565
8.16117224	-76.20719414
8.16849825	-66.06491866
8.17582426	-65.65616233
8.18315026	-69.93724158
8.19047627	-74.30522157
8.19780228	-73.29116038
8.20512829	-68.77350852
8.21245429	-69.94223798
8.21978030	-73.56555683
8.22710631	-73.55940844
8.23443231	-68.05938787
8.24175832	-67.94717055
8.24908433	-75.90579666
8.25641034	-74.57811695
8.26373634	-73.51903244
8.27106235	-78.52296992
8.27838836	-78.15413973
8.28571437	-69.38851001
8.29304037	-72.07220256
8.30036638	-82.69505156
8.30769239	-84.40969547
8.31501840	-72.27317726
8.32234440	-75.07426347
8.32967041	-71.40802170
8.33699642	-65.44206759
8.34432243	-68.30307540
8.35164843	-76.27654757
8.35897444	-68.31693818
8.36630045	-66.22994896
8.37362646	-68.80626239
8.38095246	-73.50843194
8.38827847	-78.24156583
8.39560448	-85.44434248
8.40293049	-77.52460618
8.41025649	-71.14208285
8.41758250	-69.27041164
8.42490851	-68.77204231
8.43223451	-72.07033309
8.43956052	-82.27127792
8.44688653	-72.71054560
8.45421254	-74.48218757
8.46153854	-93.67201416
8.46886455	-70.41758306
8.47619056	-68.60233075
8.48351657	-74.02570414
8.49084257	-71.30998373
8.49816858	-71.14534155
8.50549459	-70.22638537
8.51282060	-72.06590185
8.52014660	-80.90946997
8.52747261	-77.33342397
8.53479862	-75.24041629
8.54212463	-77.30980999
8.54945063	-75.96461122
8.55677664	-68.00055886
8.56410265	-66.00914197
8.57142866	-69.67633812
8.57875466	-71.52221610
8.58608067	-68.61915725
8.59340668	-72.93720151
8.60073268	-76.34327745
8.60805869	-69.58263698
8.61538470	-79.91676664
8.62271071	-68.29519895
8.63003671	-67.19698220
8.63736272	-70.01240728
8.64468873	-72.14006243
8.65201474	-82.52937060
8.65934074	-88.01706993
8.66666675	-70.96791723
8.67399276	-71.80916564
8.68131877	-72.93120349
8.68864477	-64.93101553
8.69597078	-68.16577684
8.70329679	-79.86141607
8.71062280	-79.96015993
8.71794880	-67.32562986
8.72527481	-66.53221225
8.73260082	-74.77337794
8.73992683	-67.10571004
8.74725283	-66.61103906
8.75457884	-70.39175556
8.76190485	-71.82539483
8.76923085	-76.04226241
8.77655686	-79.10898832
8.78388287	-78.56419345
8.79120888	-75.54588476
8.79853488	-75.41955811
8.80586089	-71.26640373
8.81318690	-69.28945973
8.82051291	-69.73109345
8.82783891	-71.63549520
8.83516492	-72.58431965
8.84249093	-75.82773452
8.84981694	-73.30334137
8.85714294	-73.46685221
8.86446895	-72.48961931
8.87179496	-68.16447334
8.87912097	-72.78219333
8.88644697	-68.38857978
8.89377298	-62.83652486
8.90109899	-66.71794870
8.90842500	-78.03465538
8.91575100	-71.95277580
8.92307701	-68.67280369
8.93040302	-75.77186550
8.93772903	-74.81949000
8.94505503	-68.75637390
8.95238104	-68.09816241
8.95970705	-68.45232925
8.96703305	-70.97917691
8.97435906	-79.01258375
8.98168507	-85.01023861
8.98901108	-77.09823108
8.99633708	-91.24931615
9.00366309	-70.76444921
9.01098910	-68.70017203
9.01831511	-83.67666273
9.02564111	-70.74795136
9.03296712	-69.34654142
9.04029313	-72.99354532
9.04761914	-71.88292214
9.05494514	-66.57414277
9.06227115	-63.32621579
9.06959716	-67.12291955
9.07692317	-81.65183901
9.08424917	-80.65658349
9.09157518	-76.88505559
9.09890119	-73.47317431
9.10622720	-69.16333057
9.11355320	-72.30741820
9.12087921	-67.83357279
9.12820522	-66.26731813
9.13553122	-76.83751047
9.14285723	-64.89235147
9.15018324	-67.13780821
9.15750925	-82.59971628
9.16483525	-71.94734176
9.17216126	-68.95904045
9.17948727	-70.42542671
9.18681328	-74.14528715
9.19413928	-71.38874335
9.20146529	-69.75992663
9.20879130	-71.44648055
9.21611731	-73.77518656
9.22344331	-77.00822043
9.23076932	-73.90112725
9.23809533	-71.38272945
9.24542134	-71.50152302
9.25274734	-72.30615719
9.26007335	-68.14196981
9.26739936	-71.81347267
9.27472537	-83.31458805
9.28205137	-72.08547491
9.28937738	-76.25869202
9.29670339	-87.03807003
9.30402940	-87.91952637
9.31135540	-83.65181668
9.31868141	-83.99329974
9.32600742	-79.89546546
9.33333342	-75.19849885
9.34065943	-68.55665506
9.34798544	-69.41986984
9.35531145	-82.90714144
9.36263745	-76.42616235
9.36996346	-82.75509391
9.37728947	-80.73194514
9.38461548	-80.20990945
9.39194148	-82.98911475
9.39926749	-95.11612795
9.40659350	-74.18341771
9.41391951	-67.97518774
9.42124551	-67.86934483
9.42857152	-77.03607336
9.43589753	-77.76416912
9.44322354	-72.58038668
9.45054954	-72.30220948
9.45787555	-92.49114169
9.46520156	-71.24733899
9.47252757	-73.17003014
9.47985357	-73.31911304
9.48717958	-68.94873351
9.49450559	-75.44639255
9.50183159	-80.10105161
9.50915760	-77.35291290
9.51648361	-85.90552710
9.52380962	-72.67419285
9.53113562	-70.85132264
9.53846163	-71.69660580
9.54578764	-73.94840326
9.55311365	-81.24162976
9.56043965	-74.24545749
9.56776566	-73.23853399
9.57509167	-71.18101024
9.58241768	-71.29655292
9.58974368	-79.14500440
9.59706969	-75.38646490
9.60439570	-75.09577540
9.61172171	-65.19818040
9.61904771	-65.12215655
9.62637372	-72.96437539
9.63369973	-77.88420741
9.64102574	-76.61350762
9.64835174	-73.79561977
9.65567775	-71.37751967
9.66300376	-74.26552126
9.67032976	-74.21078751
9.67765577	-72.37796840
9.68498178	-65.07351207
9.69230779	-67.17531099
9.69963379	-73.33154905
9.70695980	-70.35164837
9.71428581	-73.33771183
9.72161182	-78.25451186
9.72893782	-76.68998427
9.73626383	-73.17052100
9.74358984	-70.64236790
9.75091585	-71.08279530
9.75824185	-71.22750642
9.76556786	-71.10230924
9.77289387	-79.42929069
9.78021988	-88.18195509
9.78754588	-78.48969493
9.79487189	-71.04619894
9.80219790	-66.63360758
9.80952391	-68.38086714
9.81684991	-74.60377621
9.82417592	-71.16245327
9.83150193	-63.37458203
9.83882794	-66.83510952
9.84615394	-73.96038280
9.85347995	-74.08463462
9.86080596	-69.12532583
9.86813196	-67.46077905
9.87545797	-75.24531241
9.88278398	-76.87496963
9.89010999	-69.12026816
9.89743599	-67.68351386
9.90476200	-76.26082826
9.91208801	-69.55781553
9.91941402	-69.95545618
9.92674002	-73.22857296
9.93406603	-77.52302290
9.94139204	-72.26145727
9.94871805	-71.10009456
9.95604405	-84.38462540
9.96337006	-74.62888885
9.97069607	-72.37325460
9.97802208	-73.85236134
9.98534808	-77.30766307
9.99267409	-84.67321311
10.00000010	-70.40489051
10.00732611	-68.23496524
10.01465211	-76.78684295
10.02197812	-81.90316836
10.02930413	-83.16083247
10.03663013	-80.78441449
10.04395614	-75.23511591
10.05128215	-72.79368744
10.05860816	-71.12456563
10.06593416	-68.82392790
10.07326017	-65.05212506
10.08058618	-64.45073403
10.08791219	-69.78595893
10.09523819	-79.54642516
10.10256420	-69.38411026
10.10989021	-70.01534098
10.11721622	-75.93828794
10.12454222	-73.21112888
10.13186823	-79.80407551
10.13919424	-71.41148587
10.14652025	-80.91195775
10.15384625	-74.34964272
10.16117226	-79.64238180
10.16849827	-77.57595753
10.17582428	-71.92054868
10.18315028	-70.86275880
10.19047629	-71.31027054
10.19780230	-69.70489283
10.20512830	-68.40431058
10.21245431	-70.96930697
10.21978032	-75.50298650
10.22710633	-70.14457487
10.23443233	-67.77357538
10.24175834	-78.07224805
10.24908435	-76.45372728
10.25641036	-80.90168453
10.26373636	-72.27028548
10.27106237	-71.28339871
10.27838838	-66.63293304
10.28571439	-75.08159524
10.29304039	-71.94669502
10.30036640	-77.47415919
10.30769241	-70.65944025
10.31501842	-70.59099722
10.32234442	-71.69050858
10.32967043	-74.57472770
10.33699644	-69.46195798
10.34432245	-66.79002730
10.35164845	-69.27101032
10.35897446	-68.92400040
10.36630047	-68.09441054
10.37362648	-69.81712699
10.38095248	-71.64524707
10.38827849	-71.97523411
10.39560450	-76.66599374
10.40293050	-78.09422503
10.41025651	-73.18131139
10.41758252	-77.03766611
10.42490853	-74.71155472
10.43223453	-78.77202934
10.43956054	-72.89037008
10.44688655	-68.14737313
10.45421256	-71.25097488
10.46153856	-83.76996642
10.46886457	-75.69609589
10.47619058	-74.49318481
10.48351659	-69.84681575
10.49084259	-66.53898684
10.49816860	-66.05260161
10.50549461	-75.66019418
10.51282062	-81.06520730
10.52014662	-79.42816325
10.52747263	-72.95960608
10.53479864	-75.06989041
10.54212465	-66.50759297
10.54945065	-69.45165854
10.55677666	-77.58430250
10.56410267	-72.09186635
10.57142867	-77.71732157
10.57875468	-77.45332129
10.58608069	-73.65255922
10.59340670	-77.62328331
10.60073270	-69.22122236
10.60805871	-62.37692537
10.61538472	-65.97256004
10.62271073	-79.44703764
10.63003673	-71.25890294
10.63736274	-69.01755878
10.64468875	-65.42195425
10.65201476	-68.07067475
10.65934076	-73.29008259
10.66666677	-69.64967001
10.67399278	-81.59996802
10.68131879	-73.63969491
10.68864479	-77.97899626
10.69597080	-71.14799289
10.70329681	-69.60319521
10.71062282	-65.86007417
10.71794882	-72.33434746
10.72527483	-67.32578172
10.73260084	-71.27963424
10.73992684	-67.55530094
10.74725285	-65.75125194
10.75457886	-69.27395026
10.76190487	-67.71829488
10.76923087	-75.85767297
10.77655688	-70.01987338
10.78388289	-70.92415797
10.79120890	-78.34949318
10.79853490	-67.47680390
10.80586091	-66.01193183
10.81318692	-67.98384455
10.82051293	-72.75265735
10.82783893	-79.55706531
10.83516494	-76.49339022
10.84249095	-71.79102198
10.84981696	-72.65705575
10.85714296	-72.68241929
10.86446897	-75.89297248
10.87179498	-73.60080054
10.87912099	-63.84324575
10.88644699	-62.44481022
10.89377300	-65.95452512
10.90109901	-75.34019195
10.90842502	-90.16463369
10.91575102	-71.78958313
10.92307703	-65.62340927
10.93040304	-68.02139837
10.93772904	-77.88524867
10.94505505	-75.59899162
10.95238106	-68.90484633
10.95970707	-69.79781182
10.96703307	-70.69066672
10.97435908	-69.05828361
10.98168509	-71.58394903
10.98901110	-70.18179983
10.99633710	-71.35040508
11.00366311	-72.93974081
11.01098912	-66.86924612
11.01831513	-69.44807564
11.02564113	-78.52683227
11.03296714	-78.84763933
11.04029315	-74.38342430
11.04761916	-73.15166918
11.05494516	-66.92299708
11.06227117	-66.78970303
11.06959718	-70.04338442
11.07692319	-73.24086434
11.08424919	-77.26658069
11.09157520	-76.14518141
11.09890121	-71.78331312
11.10622721	-68.82193576
11.11355322	-71.20418779
11.12087923	-76.34839235
11.12820524	-65.04635584
11.13553124	-66.27670077
11.14285725	-72.62066182
11.15018326	-71.42957678
11.15750927	-85.90378752
11.16483527	-72.34491965
11.17216128	-93.77314344
11.17948729	-71.39030982
11.18681330	-74.94845992
11.19413930	-85.55304406
11.20146531	-89.83780693
11.20879132	-71.70931091
11.21611733	-70.75177172
11.22344333	-70.78699260
11.23076934	-72.91340953
11.23809535	-75.07057990
11.24542136	-70.62245914
11.25274736	-69.77976826
11.26007337	-68.24722196
11.26739938	-71.74746602
11.27472538	-76.79974957
11.28205139	-68.07166609
11.28937740	-75.64373711
11.29670341	-72.12123779
11.30402941	-70.48697414
11.31135542	-77.90144536
11.31868143	-69.01720187
11.32600744	-67.71071891
11.33333344	-73.28865363
11.34065945	-78.59560271
11.34798546	-70.38188298
11.35531147	-71.41190949
11.36263747	-82.52358356
11.36996348	-70.27344011
11.37728949	-71.79710104
11.38461550	-76.46471736
11.39194150	-74.35703621
11.39926751	-78.43111723
11.40659352	-69.86225184
11.41391953	-66.62214848
11.42124553	-79.13004458
11.42857154	-69.37872533
11.43589755	-70.32634603
11.44322356	-65.45231018
11.45054956	-69.45495150
11.45787557	-69.28750873
11.46520158	-67.19306337
11.47252758	-82.99608454
11.47985359	-69.47446646
11.48717960	-75.71562659
11.49450561	-75.91393834
11.50183161	-66.78562943
11.50915762	-66.07938892
11.51648363	-77.89240260
11.52380964	-78.16841945
11.53113564	-83.03403542
11.53846165	-68.04331372
11.54578766	-66.78315546
11.55311367	-80.86732364
11.56043967	-70.30443704
11.56776568	-75.53610815
11.57509169	-70.81587386
11.58241770	-69.94123700
11.58974370	-70.83823775
11.59706971	-68.61539731
11.60439572	-76.10574996
11.61172173	-80.42792880
11.61904773	-81.14337749
11.62637374	-81.89001263
11.63369975	-74.34560310
11.64102575	-68.90130906
11.64835176	-71.52544139
11.65567777	-73.25464406
11.66300378	-66.21399968
11.67032978	-70.38937888
11.67765579	-74.18484669
11.68498180	-71.07428235
11.69230781	-75.09673295
11.69963381	-72.83014938
11.70695982	-76.07524080
11.71428583	-90.82858527
11.72161184	-77.39414492
11.72893784	-75.05886976
11.73626385	-71.06096741
11.74358986	-67.75676070
11.75091587	-80.49301477
11.75824187	-70.99368103
11.76556788	-76.84966991
11.77289389	-72.14681999
11.78021990	-71.65409090
11.78754590	-77.51999467
11.79487191	-83.01502886
11.80219792	-65.76815372
11.80952393	-64.93969829
11.81684993	-74.91081504
11.82417594	-100.30802620
11.83150195	-73.25174027
11.83882795	-70.02235291
11.84615396	-76.62897109
11.85347997	-85.41725082
11.86080598	-71.29362698
11.86813198	-70.97672076
11.87545799	-74.77615569
11.88278400	-64.96794774
11.89011001	-66.53753296
11.89743601	-82.00741172
11.90476202	-72.14688663
11.91208803	-74.71884220
11.91941404	-73.77286627
11.92674004	-68.60893775
11.93406605	-71.29450146
11.94139206	-77.01396635
11.94871807	-84.67447528
11.95604407	-70.34922144
11.96337008	-67.98964058
11.97069609	-73.48795406
11.97802210	-75.19218594
11.98534810	-72.36330391
11.99267411	-67.99053725
12.00000012	-70.78445934
12.00732612	-73.81692877
12.01465213	-69.66879771
12.02197814	-73.75178730
12.02930415	-69.32993628
12.03663015	-63.38460914
12.04395616	-68.71991615
12.05128217	-71.73051245
12.05860818	-66.40405751
12.06593418	-74.70906050
12.07326019	-75.69150600
12.08058620	-76.82506065
12.08791221	-72.12984957
12.09523821	-67.30893515
12.10256422	-68.68674593
12.10989023	-69.99303453
12.11721624	-70.93249136
12.12454224	-69.26341544
12.13186825	-70.54096812
12.13919426	-68.53361289
12.14652027	-75.77410056
12.15384627	-71.90956152
12.16117228	-70.70911662
12.16849829	-71.90314273
12.17582429	-71.87250478
12.18315030	-67.21884976
12.19047631	-67.42706014
12.19780232	-71.21246672
12.20512832	-69.22896725
12.21245433	-70.76532223
12.21978034	-75.97348317
12.22710635	-71.34930495
12.23443235	-67.91809284
12.24175836	-64.78730128
12.24908437	-67.83877925
12.25641038	-70.18413361
12.26373638	-72.79763668
12.27106239	-71.61308456
12.27838840	-84.68330248
12.28571441	-69.00001540
12.29304041	-72.99383148
12.30036642	-76.29817823
12.30769243	-72.93650046
12.31501844	-84.80623089
12.32234444	-76.28598574
12.32967045	-69.36736246
12.33699646	-67.53120429
12.34432247	-76.25951688
12.35164847	-71.45113188
12.35897448	-71.66460093
12.36630049	-66.11212543
12.37362649	-64.40368918
12.38095250	-69.42303312
12.38827851	-73.62559182
12.39560452	-63.65773627
12.40293052	-63.68136425
12.41025653	-73.29637718
12.41758254	-87.61745792
12.42490855	-82.92307983
12.43223455	-73.09596082
12.43956056	-70.23216248
12.44688657	-87.75881653
12.45421258	-68.36383497
12.46153858	-67.20918826
12.46886459	-65.58986326
12.47619060	-63.44338153
12.48351661	-67.08079375
12.49084261	-73.93765411
12.49816862	-68.50962160
12.50549463	-83.07576470
12.51282064	-70.07339912
12.52014664	-69.87201012
12.52747265	-70.36548339
12.53479866	-78.36006551
12.54212466	-71.24755949
12.54945067	-70.47922997
12.55677668	-71.25915045
12.56410269	-78.75866542
12.57142869	-74.06404073
12.57875470	-66.06736427
12.58608071	-68.01670096
12.59340672	-78.94791014
12.60073272	-77.02388319
12.60805873	-68.53632107
12.61538474	-64.75653880
12.62271075	-75.42940818
12.63003675	-73.85669926
12.63736276	-76.68190037
12.64468877	-73.77578411
12.65201478	-70.81493894
12.65934078	-72.30439678
12.66666679	-73.13453569
12.67399280	-71.10651950
12.68131881	-69.02059269
12.68864481	-67.60943684
12.69597082	-69.12834432
12.70329683	-76.70850480
12.71062283	-76.76256669
12.71794884	-67.87345876
12.72527485	-69.23232435
12.73260086	-81.45923520
12.73992686	-72.54164829
12.74725287	-83.50911687
12.75457888	-70.31286532
12.76190489	-81.49662234
12.76923089	-70.24506107
12.77655690	-68.57724039
12.78388291	-74.20183922
12.79120892	-72.59202844
12.79853492	-72.32816694
12.80586093	-89.64584010
12.81318694	-70.03713670
12.82051295	-66.34940075
12.82783895	-70.35890544
12.83516496	-71.57018623
12.84249097	-65.24853693
12.84981698	-73.45026660
12.85714298	-69.49418087
12.86446899	-70.17047826
12.87179500	-68.29175603
12.87912101	-67.97114815
12.88644701	-81.20518186
12.89377302	-71.53387572
12.90109903	-74.06064701
12.90842503	-72.39169967
12.91575104	-75.37359092
12.92307705	-67.29570257
12.93040306	-70.34038353
12.93772906	-66.38312203
12.94505507	-66.13271034
12.95238108	-71.47167145
12.95970709	-73.45220404
12.96703309	-72.15285103
12.97435910	-73.77460334
12.98168511	-75.00946118
12.98901112	-75.97959867
12.99633712	-75.59038760
13.00366313	-69.07944525
13.01098914	-75.39248147
13.01831515	-72.63667681
13.02564115	-72.77882599
13.03296716	-75.29012797
13.04029317	-71.35308947
13.04761918	-74.20875430
13.05494518	-73.69690440
13.06227119	-66.76971368
13.06959720	-64.73894484
13.07692320	-69.93057961
13.08424921	-79.12928511
13.09157522	-75.88041245
13.09890123	-69.20905091
13.10622723	-66.13610328
13.11355324	-67.25438918
13.12087925	-70.47365715
13.12820526	-71.68549454
13.13553126	-64.70282719
13.14285727	-72.14838969
13.15018328	-76.94642807
13.15750929	-80.09001218
13.16483529	-85.61361962
13.17216130	-71.78390065
13.17948731	-72.04789086
13.18681332	-69.35038999
13.19413932	-63.58616732
13.20146533	-68.58307061
13.20879134	-70.39822411
13.21611735	-71.84483803
13.22344335	-68.09036167
13.23076936	-70.71332495
13.23809537	-68.36763485
13.24542137	-65.87276740
13.25274738	-69.04981625
13.26007339	-80.56805385
13.26739940	-74.89692492
13.27472540	-73.36940289
13.28205141	-92.04350620
13.28937742	-70.73134404
13.29670343	-66.04618333
13.30402943	-66.77667525
13.31135544	-69.13481779
13.31868145	-69.38879179
13.32600746	-73.49230560
13.33333346	-69.98376547
13.34065947	-68.61546900
13.34798548	-71.34295007
13.35531149	-77.81807228
13.36263749	-87.36235998
13.36996350	-90.21454857
13.37728951	-74.96780145
13.38461552	-75.84517720
13.39194152	-72.76286003
13.39926753	-67.98604640
13.40659354	-71.48322882
13.41391955	-83.02977734
13.42124555	-72.08006639
13.42857156	-70.56262020
13.43589757	-75.67436468
13.44322357	-76.98731046
13.45054958	-71.20984616
13.45787559	-75.63960535
13.46520160	-82.80759943
13.47252760	-74.57813388
13.47985361	-72.94166065
13.48717962	-80.33695914
13.49450563	-72.39928702
13.50183163	-76.98719346
13.50915764	-70.49080971
13.51648365	-68.91568305
13.52380966	-75.08663174
13.53113566	-77.98074509
13.53846167	-70.32763662
13.54578768	-68.77781922
13.55311369	-69.27063744
13.56043969	-66.97507334
13.56776570	-69.73425901
13.57509171	-77.71820002
13.58241772	-67.80206889
13.58974372	-71.25840497
13.59706973	-67.40520492
13.60439574	-73.06947146
13.61172174	-69.95901283
13.61904775	-68.30580979
13.62637376	-74.01479829
13.63369977	-69.84026315
13.64102577	-75.65862584
13.64835178	-74.28781057
13.65567779	-77.80838534
13.66300380	-81.43196963
13.67032980	-76.67512263
13.67765581	-72.79348746
13.68498182	-70.41176811
13.69230783	-69.66937158
13.69963383	-72.91905826
13.70695984	-75.61509632
13.71428585	-81.70676333
13.72161186	-70.79323276
13.72893786	-74.99815703
13.73626387	-72.14632800
13.74358988	-64.98605415
13.75091589	-66.71245815
13.75824189	-87.38579535
13.76556790	-73.68232716
13.77289391	-74.47637351
13.78021991	-68.35724592
13.78754592	-74.83492939
13.79487193	-71.93876116
13.80219794	-70.23990402
13.80952394	-83.05310183
13.81684995	-72.28645324
13.82417596	-74.51666979
13.83150197	-76.23763001
13.83882797	-77.59848034
13.84615398	-72.25178331
13.85347999	-72.28559273
13.86080600	-74.85194697
13.86813200	-73.05676660
13.87545801	-67.20176548
13.88278402	-69.98290507
13.89011003	-78.70381672
13.89743603	-69.01864332
13.90476204	-75.29037920
13.91208805	-73.71611191
13.91941406	-71.42294783
13.92674006	-77.37531881
13.93406607	-67.97616127
13.94139208	-77.01108926
13.94871809	-66.82675208
13.95604409	-63.84934763
13.96337010	-69.30248320
13.97069611	-80.94866240
13.97802211	-66.39619525
13.98534812	-65.05090034
13.99267413	-75.52523405
14.00000014	-83.27649875
14.00732614	-75.67090779
14.01465215	-75.40316801
14.02197816	-68.46443607
14.02930417	-65.46544453
14.03663017	-73.53651656
14.04395618	-75.44193823
14.05128219	-73.28062524
14.05860820	-67.54672671
14.06593420	-80.83911306
14.07326021	-69.06323292
14.08058622	-75.83017005
14.08791223	-74.01478555
14.09523823	-71.17706416
14.10256424	-70.02929733
14.10989025	-71.90441578
14.11721626	-81.84722392
14.12454226	-68.48625663
14.13186827	-71.19892066
14.13919428	-68.07570177
14.14652028	-65.98464043
14.15384629	-71.06648651
14.16117230	-66.20315994
14.16849831	-64.34272727
14.17582431	-66.23955207
14.18315032	-72.93301417
14.19047633	-66.03013025
14.19780234	-64.69350665
14.20512834	-70.25056916
14.21245435	-68.80484678
14.21978036	-73.56335621
14.22710637	-71.72675937
14.23443237	-68.40874834
14.24175838	-76.62725345
14.24908439	-72.26773634
14.25641040	-72.95982525
14.26373640	-76.71626904
14.27106241	-70.42729636
14.27838842	-85.39260278
14.28571443	-77.48725954
14.29304043	-85.19054220
14.30036644	-71.59728167
14.30769245	-75.86282052
14.31501845	-77.37585816
14.32234446	-74.97656615
14.32967047	-74.39003560
14.33699648	-82.86511496
14.34432248	-72.80802279
14.35164849	-74.94649041
14.35897450	-70.87940727
14.36630051	-64.23995044
14.37362651	-66.06310171
14.38095252	-71.01016813
14.38827853	-69.99277732
14.39560454	-68.76057142
14.40293054	-73.94344910
14.41025655	-81.58445964
14.41758256	-71.43705184
14.42490857	-66.51577113
14.43223457	-68.95846321
14.43956058	-79.54363271
14.44688659	-71.85184515
14.45421260	-67.02790132
14.46153860	-68.36566029
14.46886461	-68.56103818
14.47619062	-66.26853807
14.48351663	-66.22522055
14.49084263	-68.24050360
14.49816864	-66.43365546
14.50549465	-69.02048032
14.51282065	-68.33443587
14.52014666	-68.50527499
14.52747267	-72.65850657
14.53479868	-77.30740869
14.54212468	-81.33705123
14.54945069	-71.64736598
14.55677670	-68.88101635
14.56410271	-76.94154740
14.57142871	-70.89227165
14.57875472	-67.93973500
14.58608073	-81.14414812
14.59340674	-68.80923556
14.60073274	-69.97386168
14.60805875	-67.77580388
14.61538476	-73.65595660
14.62271077	-68.51095482
14.63003677	-68.97679350
14.63736278	-68.12658315
14.64468879	-71.14557831
14.65201480	-76.62180590
14.65934080	-70.98709136
14.66666681	-76.17662660
14.67399282	-71.90813868
14.68131882	-69.06119891
14.68864483	-65.75548115
14.69597084	-65.58764700
14.70329685	-72.87515739
14.71062285	-66.82947061
14.71794886	-66.05676936
14.72527487	-73.97844799
14.73260088	-70.34201590
14.73992688	-65.86568401
14.74725289	-67.37485513
14.75457890	-70.68862458
14.76190491	-72.03213652
14.76923091	-77.43054544
14.77655692	-69.42843812
14.78388293	-73.21102478
14.79120894	-71.11049203
14.79853494	-72.60428889
14.80586095	-64.94581455
14.81318696	-73.71761627
14.82051297	-68.94019079
14.82783897	-69.67126321
14.83516498	-68.93691068
14.84249099	-66.86789509
14.84981700	-73.60442006
14.85714300	-70.77783569
14.86446901	-71.08362625
14.87179502	-74.27023324
14.87912102	-72.73364915
14.88644703	-68.19852691
14.89377304	-69.07774087
14.90109905	-74.28119072
14.90842505	-74.21370072
14.91575106	-69.99775998
14.92307707	-74.80594252
14.93040308	-71.91195749
14.93772908	-96.57925376
14.94505509	-67.43274485
14.95238110	-66.61422870
14.95970711	-68.81286261
14.96703311	-72.57187011
14.97435912	-76.44828491
14.98168513	-92.21389832
14.98901114	-79.98020958
14.99633714	-75.25831650
