# Menlo Systems GmbH ScanControl
# Program Version 1.3.3
# Start: -65.00000000 ps, Average over 1000 waveforms. Timestamp: 2020-07-03T14:31:49
# Window type: Tukey, parameters: alpha = 0.2
# User time axis shift: 0 ps
# Frequency [THz]	THz Signal [a.u.]
0.00000000	-20.93818940
0.00732601	-17.88844762
0.01465201	-11.66492014
0.02197802	-10.00012231
0.02930403	-15.93239712
0.03663004	-15.51411515
0.04395604	-6.99374708
0.05128205	-3.63470683
0.05860806	-4.70238038
0.06593407	-4.23427902
0.07326007	0.00000000
0.08058608	-2.58612561
0.08791209	-14.90089613
0.09523810	-2.17973324
0.10256410	-2.63213886
0.10989011	-9.20463695
0.11721612	-6.17072980
0.12454213	-4.67013561
0.13186813	-6.72786095
0.13919414	-9.81355612
0.14652015	-9.63406199
0.15384616	-10.14332333
0.16117216	-15.77399531
0.16849817	-9.17531393
0.17582418	-7.57753228
0.18315019	-14.50278307
0.19047619	-9.31076786
0.19780220	-5.93836274
0.20512821	-10.36577750
0.21245421	-11.63899437
0.21978022	-5.67345307
0.22710623	-6.54762571
0.23443224	-13.31449336
0.24175824	-6.64839979
0.24908425	-4.73492456
0.25641026	-8.75974000
0.26373627	-6.56567334
0.27106227	-3.80894110
0.27838828	-4.52833456
0.28571429	-4.73109896
0.29304030	-3.82753469
0.30036630	-2.76540924
0.30769231	-3.05074986
0.31501832	-4.74869229
0.32234433	-3.14087336
0.32967033	-2.48753015
0.33699634	-4.61904036
0.34432235	-4.46596167
0.35164836	-3.79940107
0.35897436	-5.58751583
0.36630037	-5.91476328
0.37362638	-5.66375966
0.38095238	-7.28593907
0.38827839	-7.74845294
0.39560440	-7.56266856
0.40293041	-9.02975089
0.41025641	-9.90356648
0.41758242	-9.44249909
0.42490843	-9.99542951
0.43223444	-10.76474916
0.43956044	-11.02949068
0.44688645	-11.32638065
0.45421246	-11.73725182
0.46153847	-12.29129434
0.46886447	-12.44478193
0.47619048	-12.84223364
0.48351649	-13.23132463
0.49084250	-13.26863006
0.49816850	-14.33465187
0.50549451	-14.77510814
0.51282052	-14.78736692
0.52014653	-15.91808432
0.52747253	-16.30097399
0.53479854	-16.57169165
0.54212455	-16.90251843
0.54945056	-18.71597910
0.55677656	-25.98366747
0.56410257	-20.62417826
0.57142858	-17.67937091
0.57875458	-18.09947044
0.58608059	-17.78523829
0.59340660	-17.53417370
0.60073261	-17.63482249
0.60805861	-17.39595491
0.61538462	-17.66584708
0.62271063	-17.88340503
0.63003664	-17.83846462
0.63736264	-18.03783858
0.64468865	-18.34151443
0.65201466	-18.92027038
0.65934067	-19.53823480
0.66666667	-19.91347482
0.67399268	-20.45780346
0.68131869	-20.93314772
0.68864470	-21.42823819
0.69597070	-22.57204356
0.70329671	-23.81114028
0.71062272	-24.36694374
0.71794873	-25.04679151
0.72527473	-26.29198363
0.73260074	-26.95494762
0.73992675	-27.66611558
0.74725275	-31.19981505
0.75457876	-35.00256692
0.76190477	-31.73180396
0.76923078	-31.48999755
0.77655678	-31.74371654
0.78388279	-31.58204402
0.79120880	-32.99533374
0.79853481	-33.22653905
0.80586081	-32.95631466
0.81318682	-33.44559563
0.82051283	-33.50868885
0.82783884	-34.04268680
0.83516484	-34.44166244
0.84249085	-34.65861366
0.84981686	-34.96829607
0.85714287	-35.00070665
0.86446887	-35.79998225
0.87179488	-36.58227106
0.87912089	-36.55899226
0.88644690	-36.18703093
0.89377290	-35.75206367
0.90109891	-36.12714792
0.90842492	-37.17887245
0.91575093	-37.70935184
0.92307693	-37.64449528
0.93040294	-37.79902600
0.93772895	-38.46899232
0.94505495	-39.07401340
0.95238096	-39.17034353
0.95970697	-40.33039767
0.96703298	-42.06508596
0.97435898	-41.41692437
0.98168499	-42.62952733
0.98901100	-48.37452998
0.99633701	-46.90307335
1.00366301	-44.98267037
1.01098902	-47.64965079
1.01831503	-49.40726587
1.02564104	-47.47997353
1.03296704	-48.66197324
1.04029305	-50.80232433
1.04761906	-49.09745572
1.05494507	-49.60841329
1.06227107	-52.62750517
1.06959708	-53.06670696
1.07692309	-53.63103799
1.08424910	-57.33548037
1.09157510	-60.90785759
1.09890111	-65.61362875
1.10622712	-68.05010489
1.11355312	-65.37967092
1.12087913	-62.04033542
1.12820514	-58.82547137
1.13553115	-62.24312485
1.14285715	-64.06319806
1.15018316	-68.34956153
1.15750917	-70.09186140
1.16483518	-63.23734160
1.17216118	-61.04105759
1.17948719	-64.03259162
1.18681320	-71.37163753
1.19413921	-61.48969184
1.20146521	-63.45154349
1.20879122	-68.76156306
1.21611723	-65.89258120
1.22344324	-64.85249236
1.23076924	-72.67601124
1.23809525	-77.61404356
1.24542126	-66.27763106
1.25274727	-60.02836956
1.26007327	-63.40516457
1.26739928	-74.12452934
1.27472529	-61.62247954
1.28205130	-59.68769083
1.28937730	-62.43411918
1.29670331	-75.12421512
1.30402932	-67.79231442
1.31135532	-67.47731347
1.31868133	-63.37619251
1.32600734	-58.01631056
1.33333335	-60.03994677
1.34065935	-64.57692287
1.34798536	-63.44306135
1.35531137	-67.14665825
1.36263738	-64.31364019
1.36996338	-65.78390350
1.37728939	-69.02923030
1.38461540	-67.37131768
1.39194141	-65.09182142
1.39926741	-60.30933340
1.40659342	-66.44975979
1.41391943	-65.92208255
1.42124544	-63.23100188
1.42857144	-70.46052497
1.43589745	-75.77762555
1.44322346	-68.68879543
1.45054947	-70.51743511
1.45787547	-76.60212447
1.46520148	-76.35390646
1.47252749	-76.30413744
1.47985349	-67.28941344
1.48717950	-73.35542197
1.49450551	-65.32836768
1.50183152	-61.45765413
1.50915752	-70.27104769
1.51648353	-65.77033183
1.52380954	-81.23296114
1.53113555	-63.29298110
1.53846155	-63.36623813
1.54578756	-82.87234064
1.55311357	-69.74721822
1.56043958	-69.91522380
1.56776558	-70.54323492
1.57509159	-68.66724255
1.58241760	-69.00118760
1.58974361	-65.78349741
1.59706961	-67.86951697
1.60439562	-71.05365795
1.61172163	-65.64385547
1.61904764	-66.70635933
1.62637364	-60.30504403
1.63369965	-68.48167226
1.64102566	-65.64451645
1.64835167	-66.90789155
1.65567767	-66.89874452
1.66300368	-66.29946599
1.67032969	-64.28402351
1.67765569	-64.43849286
1.68498170	-71.91531628
1.69230771	-68.64117055
1.69963372	-65.21058769
1.70695972	-65.76408027
1.71428573	-73.74806440
1.72161174	-66.60150913
1.72893775	-66.70794974
1.73626375	-66.89183952
1.74358976	-69.58281906
1.75091577	-63.55998230
1.75824178	-60.93382654
1.76556778	-67.64830847
1.77289379	-69.56598705
1.78021980	-63.64196546
1.78754581	-64.98450747
1.79487181	-66.43035865
1.80219782	-65.95846978
1.80952383	-61.43403460
1.81684984	-66.67933124
1.82417584	-63.98589122
1.83150185	-59.13714837
1.83882786	-66.27427294
1.84615386	-74.39824459
1.85347987	-70.32093402
1.86080588	-65.14580403
1.86813189	-64.87489237
1.87545789	-68.22695138
1.88278390	-69.91938311
1.89010991	-66.64431507
1.89743592	-64.81932994
1.90476192	-71.81847729
1.91208793	-70.15516348
1.91941394	-67.51188970
1.92673995	-68.26625279
1.93406595	-65.88912665
1.94139196	-68.54128056
1.94871797	-72.68081667
1.95604398	-74.00668159
1.96336998	-73.70111172
1.97069599	-66.36744470
1.97802200	-66.82944901
1.98534801	-73.05343825
1.99267401	-84.48580682
2.00000002	-82.06081140
2.00732603	-76.86573038
2.01465204	-73.23225781
2.02197804	-81.34125840
2.02930405	-73.81215199
2.03663006	-71.50238270
2.04395606	-76.59344760
2.05128207	-77.49687229
2.05860808	-70.30922119
2.06593409	-74.90105589
2.07326009	-78.66697769
2.08058610	-75.47606086
2.08791211	-67.99946868
2.09523812	-69.64786758
2.10256412	-75.24709852
2.10989013	-68.71898245
2.11721614	-76.25935247
2.12454215	-73.30545497
2.13186815	-67.68826931
2.13919416	-60.05016538
2.14652017	-59.48327150
2.15384618	-64.61416823
2.16117218	-66.25015373
2.16849819	-77.84226753
2.17582420	-64.93088683
2.18315021	-62.00948405
2.19047621	-70.45270467
2.19780222	-66.61092034
2.20512823	-64.27561221
2.21245423	-75.98925532
2.21978024	-68.04155999
2.22710625	-64.83642878
2.23443226	-66.93947792
2.24175826	-71.17004959
2.24908427	-79.99260272
2.25641028	-67.07668825
2.26373629	-65.97654562
2.27106229	-70.89714557
2.27838830	-71.22592673
2.28571431	-68.07244939
2.29304032	-68.80661976
2.30036632	-68.92165703
2.30769233	-73.23942512
2.31501834	-81.93813453
2.32234435	-71.52584600
2.32967035	-68.67872215
2.33699636	-89.49697416
2.34432237	-72.93080652
2.35164838	-72.73564347
2.35897438	-69.03566191
2.36630039	-76.95269164
2.37362640	-68.80008717
2.38095241	-69.01901950
2.38827841	-67.45860640
2.39560442	-83.26384547
2.40293043	-69.31491271
2.41025643	-70.31829590
2.41758244	-72.98129480
2.42490845	-77.76683497
2.43223446	-68.42753143
2.43956046	-63.83268059
2.44688647	-69.40707693
2.45421248	-65.28025700
2.46153849	-63.38622924
2.46886449	-69.62233093
2.47619050	-71.44237372
2.48351651	-69.46752413
2.49084252	-68.17361086
2.49816852	-73.52187315
2.50549453	-69.66187350
2.51282054	-64.72081361
2.52014655	-66.40495020
2.52747255	-68.73680739
2.53479856	-66.47775645
2.54212457	-65.30115892
2.54945058	-68.16968913
2.55677658	-72.01458514
2.56410259	-68.63617640
2.57142860	-67.08803453
2.57875460	-68.82625317
2.58608061	-71.52209995
2.59340662	-69.86509088
2.60073263	-86.55724683
2.60805863	-76.50600501
2.61538464	-76.67043876
2.62271065	-71.84056996
2.63003666	-65.03597341
2.63736266	-65.69802461
2.64468867	-70.89661762
2.65201468	-65.09486677
2.65934069	-71.06474579
2.66666669	-70.40725074
2.67399270	-66.96385231
2.68131871	-67.22981663
2.68864472	-69.13793201
2.69597072	-71.06147236
2.70329673	-68.58783713
2.71062274	-66.42316696
2.71794875	-71.23018584
2.72527475	-69.94238154
2.73260076	-75.65687680
2.73992677	-76.78595352
2.74725278	-72.64695717
2.75457878	-64.22705616
2.76190479	-63.78564498
2.76923080	-67.53899972
2.77655680	-72.33448073
2.78388281	-73.56429865
2.79120882	-78.31848136
2.79853483	-69.68465610
2.80586083	-67.19425784
2.81318684	-70.08502903
2.82051285	-70.52962298
2.82783886	-68.48228134
2.83516486	-70.14947545
2.84249087	-69.58909949
2.84981688	-65.30214013
2.85714289	-63.79989032
2.86446889	-67.67008778
2.87179490	-78.96736522
2.87912091	-82.24546299
2.88644692	-85.43499636
2.89377292	-70.68950291
2.90109893	-68.49928277
2.90842494	-76.26071026
2.91575095	-69.64076932
2.92307695	-64.53341928
2.93040296	-67.82946262
2.93772897	-75.79659673
2.94505497	-67.38260290
2.95238098	-77.38718779
2.95970699	-73.26497536
2.96703300	-77.38550983
2.97435900	-71.50215554
2.98168501	-63.35363895
2.98901102	-61.65629322
2.99633703	-67.29546591
3.00366303	-73.15926735
3.01098904	-65.32121113
3.01831505	-65.46069724
3.02564106	-69.14148062
3.03296706	-67.41671095
3.04029307	-64.52372256
3.04761908	-69.06016733
3.05494509	-72.81794025
3.06227109	-72.13050800
3.06959710	-75.61699171
3.07692311	-74.83474997
3.08424912	-77.62174147
3.09157512	-84.15919238
3.09890113	-67.67269652
3.10622714	-69.39930794
3.11355315	-69.84427992
3.12087915	-63.38945963
3.12820516	-64.29891204
3.13553117	-69.59772541
3.14285717	-68.98224573
3.15018318	-62.96357736
3.15750919	-67.83507158
3.16483520	-85.99138160
3.17216120	-72.49593177
3.17948721	-69.17500985
3.18681322	-70.69070161
3.19413923	-69.27613621
3.20146523	-70.72250254
3.20879124	-71.90471261
3.21611725	-73.85220688
3.22344326	-73.54925837
3.23076926	-70.32220909
3.23809527	-81.46968873
3.24542128	-79.00648298
3.25274729	-76.85248579
3.26007329	-69.22225145
3.26739930	-63.66464458
3.27472531	-64.22718374
3.28205132	-69.66769320
3.28937732	-71.43048648
3.29670333	-72.82828059
3.30402934	-72.19707998
3.31135534	-67.02270681
3.31868135	-65.53341441
3.32600736	-72.80978866
3.33333337	-91.15453580
3.34065937	-75.68467547
3.34798538	-73.03120846
3.35531139	-79.60428577
3.36263740	-73.47413960
3.36996340	-73.29619019
3.37728941	-69.27931958
3.38461542	-78.48435941
3.39194143	-70.48012934
3.39926743	-69.90354386
3.40659344	-66.32768101
3.41391945	-66.07016674
3.42124546	-70.57743895
3.42857146	-73.82038554
3.43589747	-66.14591021
3.44322348	-63.74313957
3.45054949	-67.10019810
3.45787549	-73.60809476
3.46520150	-66.07715350
3.47252751	-69.52568033
3.47985352	-79.95326907
3.48717952	-72.44361912
3.49450553	-72.20472494
3.50183154	-76.27945220
3.50915754	-76.87104890
3.51648355	-76.37161574
3.52380956	-82.62642003
3.53113557	-75.52696701
3.53846157	-71.95359968
3.54578758	-72.89330751
3.55311359	-67.74507223
3.56043960	-69.98642015
3.56776560	-72.00831554
3.57509161	-67.00978990
3.58241762	-65.82587087
3.58974363	-66.29407977
3.59706963	-79.34328636
3.60439564	-72.05251759
3.61172165	-75.81657761
3.61904766	-75.77510115
3.62637366	-74.11880275
3.63369967	-82.50471305
3.64102568	-77.61717389
3.64835169	-72.07771876
3.65567769	-67.21442009
3.66300370	-74.97591453
3.67032971	-62.24723551
3.67765571	-62.13667779
3.68498172	-69.58463446
3.69230773	-69.58181660
3.69963374	-71.22044465
3.70695974	-68.35000797
3.71428575	-67.19388435
3.72161176	-69.42010064
3.72893777	-71.96852024
3.73626377	-76.36191695
3.74358978	-71.36335148
3.75091579	-84.54100288
3.75824180	-67.29758492
3.76556780	-69.11892275
3.77289381	-72.05680572
3.78021982	-65.93049913
3.78754583	-70.29538200
3.79487183	-69.06938252
3.80219784	-76.92627232
3.80952385	-70.92170445
3.81684986	-68.26309308
3.82417586	-70.39206974
3.83150187	-69.99319890
3.83882788	-69.74786346
3.84615389	-73.47496221
3.85347989	-72.01435592
3.86080590	-78.47043604
3.86813191	-77.55954889
3.87545791	-79.17181877
3.88278392	-80.21460316
3.89010993	-72.61672902
3.89743594	-69.91116882
3.90476194	-74.70959837
3.91208795	-72.02953036
3.91941396	-66.78049151
3.92673997	-64.71152746
3.93406597	-64.00203643
3.94139198	-70.18707826
3.94871799	-75.94060606
3.95604400	-69.53398435
3.96337000	-69.84520673
3.97069601	-75.10418741
3.97802202	-77.18154660
3.98534803	-66.46906762
3.99267403	-64.33253278
4.00000004	-67.95423865
4.00732605	-77.49653552
4.01465206	-76.20351234
4.02197806	-76.80562487
4.02930407	-83.42925801
4.03663008	-73.50455623
4.04395608	-69.18218771
4.05128209	-68.02945691
4.05860810	-79.23107469
4.06593411	-73.46194615
4.07326011	-79.11584492
4.08058612	-71.55520306
4.08791213	-67.16756156
4.09523814	-71.39141545
4.10256414	-69.92311934
4.10989015	-64.28815037
4.11721616	-66.46296062
4.12454217	-69.56546020
4.13186817	-73.25184903
4.13919418	-70.18188373
4.14652019	-65.30751742
4.15384620	-68.04464574
4.16117220	-108.85426061
4.16849821	-73.72544779
4.17582422	-69.88247327
4.18315023	-63.71280201
4.19047623	-67.53279508
4.19780224	-75.26409608
4.20512825	-68.23914472
4.21245426	-68.52563861
4.21978026	-70.39080270
4.22710627	-72.59683304
4.23443228	-64.51452688
4.24175828	-65.46646782
4.24908429	-68.35789300
4.25641030	-68.45013141
4.26373631	-73.85249102
4.27106231	-73.47783504
4.27838832	-68.48930706
4.28571433	-77.62753264
4.29304034	-79.31402940
4.30036634	-77.76196582
4.30769235	-72.13518579
4.31501836	-71.29837605
4.32234437	-76.88247244
4.32967037	-64.76793003
4.33699638	-66.45099241
4.34432239	-69.27536653
4.35164840	-73.89980594
4.35897440	-66.01025455
4.36630041	-63.94018508
4.37362642	-69.41369454
4.38095243	-75.94500093
4.38827843	-78.18251083
4.39560444	-73.04006328
4.40293045	-74.90373614
4.41025645	-83.35364356
4.41758246	-76.56218085
4.42490847	-81.79813257
4.43223448	-77.42394854
4.43956048	-68.41532059
4.44688649	-68.58780938
4.45421250	-79.40133279
4.46153851	-76.02042250
4.46886451	-75.16283399
4.47619052	-73.41282385
4.48351653	-68.18679401
4.49084254	-73.18937574
4.49816854	-72.31099399
4.50549455	-72.76450543
4.51282056	-84.99778942
4.52014657	-73.77240393
4.52747257	-65.84336678
4.53479858	-70.45941305
4.54212459	-71.33780192
4.54945060	-68.20494831
4.55677660	-64.80751639
4.56410261	-62.23345335
4.57142862	-71.74834361
4.57875463	-70.26143140
4.58608063	-71.64279829
4.59340664	-82.62356877
4.60073265	-82.84282472
4.60805865	-75.25520815
4.61538466	-75.08640315
4.62271067	-69.41012982
4.63003668	-85.67378996
4.63736268	-70.61510120
4.64468869	-76.96350157
4.65201470	-77.29635502
4.65934071	-78.55265088
4.66666671	-69.60876995
4.67399272	-78.69843679
4.68131873	-68.94374344
4.68864474	-68.98722636
4.69597074	-70.38049191
4.70329675	-88.34368106
4.71062276	-73.15663232
4.71794877	-74.81620587
4.72527477	-71.67172842
4.73260078	-71.52783638
4.73992679	-70.44905519
4.74725280	-68.59361994
4.75457880	-76.08717082
4.76190481	-69.21920918
4.76923082	-64.23603236
4.77655682	-66.74906389
4.78388283	-72.27474980
4.79120884	-75.29116149
4.79853485	-72.30581474
4.80586085	-68.96161189
4.81318686	-69.98652990
4.82051287	-66.19683639
4.82783888	-67.32838833
4.83516488	-85.05366495
4.84249089	-74.27349682
4.84981690	-85.88928576
4.85714291	-71.73013025
4.86446891	-72.58475574
4.87179492	-77.69730009
4.87912093	-73.35286140
4.88644694	-71.23647462
4.89377294	-67.37512683
4.90109895	-70.34263938
4.90842496	-80.95410735
4.91575097	-73.49482163
4.92307697	-73.82921959
4.93040298	-88.49186048
4.93772899	-72.44085443
4.94505500	-69.26784395
4.95238100	-76.16275597
4.95970701	-75.81462082
4.96703302	-78.35121920
4.97435902	-68.92449800
4.98168503	-64.63587288
4.98901104	-66.78121253
4.99633705	-68.57713994
5.00366305	-65.33859453
5.01098906	-65.31598989
5.01831507	-72.29998551
5.02564108	-68.17158867
5.03296708	-74.32014901
5.04029309	-72.13638001
5.04761910	-74.47062861
5.05494511	-71.64098211
5.06227111	-67.45837247
5.06959712	-68.95309091
5.07692313	-67.07747113
5.08424914	-71.15282645
5.09157514	-70.86686713
5.09890115	-69.09063980
5.10622716	-70.09909479
5.11355317	-68.27713635
5.12087917	-70.43156189
5.12820518	-70.09932140
5.13553119	-66.53451528
5.14285719	-77.23925245
5.15018320	-75.99613128
5.15750921	-74.34757914
5.16483522	-68.39065390
5.17216122	-67.92903673
5.17948723	-71.06923688
5.18681324	-86.49666252
5.19413925	-65.32099724
5.20146525	-61.95995855
5.20879126	-66.62617198
5.21611727	-76.57990245
5.22344328	-67.54857243
5.23076928	-75.00070063
5.23809529	-72.33513331
5.24542130	-70.75049251
5.25274731	-76.84341849
5.26007331	-67.19152809
5.26739932	-70.99051514
5.27472533	-83.06829089
5.28205134	-76.81036365
5.28937734	-75.94844186
5.29670335	-70.31943622
5.30402936	-68.31665770
5.31135537	-73.78095878
5.31868137	-76.84372207
5.32600738	-73.47780154
5.33333339	-71.10350696
5.34065939	-67.59123297
5.34798540	-66.72475081
5.35531141	-70.41020634
5.36263742	-68.87868909
5.36996342	-65.85563830
5.37728943	-65.38971570
5.38461544	-63.68015869
5.39194145	-63.40937463
5.39926745	-64.61446010
5.40659346	-66.76723029
5.41391947	-73.07577922
5.42124548	-75.16150943
5.42857148	-66.20345906
5.43589749	-64.14297979
5.44322350	-70.09460383
5.45054951	-71.67929130
5.45787551	-64.05812642
5.46520152	-63.07756875
5.47252753	-65.92958711
5.47985354	-74.74872860
5.48717954	-79.18447224
5.49450555	-81.72306282
5.50183156	-85.99723048
5.50915756	-73.69985039
5.51648357	-75.41044206
5.52380958	-75.91251470
5.53113559	-77.07823336
5.53846159	-70.45572661
5.54578760	-67.60361896
5.55311361	-75.04011126
5.56043962	-78.27277260
5.56776562	-72.67280536
5.57509163	-69.37339372
5.58241764	-69.44317188
5.58974365	-68.32881132
5.59706965	-66.44304173
5.60439566	-72.76235181
5.61172167	-72.60455815
5.61904768	-68.53449800
5.62637368	-78.86877412
5.63369969	-78.07314509
5.64102570	-77.72535936
5.64835171	-68.48442069
5.65567771	-68.50316581
5.66300372	-78.73880497
5.67032973	-70.82103329
5.67765574	-73.25995301
5.68498174	-71.92760732
5.69230775	-65.36056359
5.69963376	-73.36911519
5.70695976	-70.55805622
5.71428577	-72.30752710
5.72161178	-68.16967115
5.72893779	-65.12321309
5.73626379	-70.09463634
5.74358980	-68.85330445
5.75091581	-68.84015017
5.75824182	-72.70981720
5.76556782	-78.15211882
5.77289383	-71.14623604
5.78021984	-75.87066219
5.78754585	-70.57276941
5.79487185	-66.75586682
5.80219786	-72.28268732
5.80952387	-67.45084091
5.81684988	-68.88510319
5.82417588	-73.28620216
5.83150189	-70.64544182
5.83882790	-72.81424727
5.84615391	-82.66895270
5.85347991	-83.38851370
5.86080592	-71.46495850
5.86813193	-70.08247269
5.87545794	-80.28323521
5.88278394	-76.60642813
5.89010995	-74.21399453
5.89743596	-67.56980833
5.90476196	-69.28858663
5.91208797	-73.05546684
5.91941398	-74.67730815
5.92673999	-80.13012081
5.93406599	-74.34941188
5.94139200	-76.00927102
5.94871801	-71.18985837
5.95604402	-67.54564580
5.96337002	-69.16902490
5.97069603	-81.99003841
5.97802204	-72.39354419
5.98534805	-68.05183606
5.99267405	-68.14308171
6.00000006	-75.39814554
6.00732607	-65.14837177
6.01465208	-70.07213962
6.02197808	-69.87307886
6.02930409	-70.80224552
6.03663010	-70.19957379
6.04395611	-65.02477205
6.05128211	-75.98513180
6.05860812	-66.97462308
6.06593413	-67.61440824
6.07326013	-79.33223525
6.08058614	-75.46835378
6.08791215	-80.66650161
6.09523816	-73.53776592
6.10256416	-66.12476755
6.10989017	-66.97927275
6.11721618	-80.91395056
6.12454219	-74.96989273
6.13186819	-73.23066005
6.13919420	-68.51122491
6.14652021	-77.46297776
6.15384622	-70.72215789
6.16117222	-67.38742725
6.16849823	-69.16230758
6.17582424	-72.78694575
6.18315025	-73.51297922
6.19047625	-72.33259991
6.19780226	-68.00784952
6.20512827	-68.46156218
6.21245428	-77.97044691
6.21978028	-75.22026780
6.22710629	-68.80345468
6.23443230	-69.68362956
6.24175831	-80.07864087
6.24908431	-80.67232403
6.25641032	-77.89546683
6.26373633	-74.49656077
6.27106233	-80.45692516
6.27838834	-74.45736412
6.28571435	-78.52182416
6.29304036	-80.13376103
6.30036636	-80.66467615
6.30769237	-68.21999384
6.31501838	-67.94755796
6.32234439	-75.92935661
6.32967039	-73.54060042
6.33699640	-71.63712371
6.34432241	-71.90501374
6.35164842	-76.94496880
6.35897442	-75.83938514
6.36630043	-72.46220257
6.37362644	-80.46988997
6.38095245	-68.85773504
6.38827845	-67.62737761
6.39560446	-65.71103217
6.40293047	-69.49110936
6.41025648	-75.44154320
6.41758248	-70.35455538
6.42490849	-68.75957449
6.43223450	-74.75722983
6.43956050	-66.77536003
6.44688651	-64.25893624
6.45421252	-74.48757208
6.46153853	-71.41903626
6.46886453	-72.80039482
6.47619054	-76.67616541
6.48351655	-69.92726082
6.49084256	-67.28902769
6.49816856	-65.83460588
6.50549457	-70.85607802
6.51282058	-74.71211502
6.52014659	-74.13721926
6.52747259	-74.54970886
6.53479860	-70.08675487
6.54212461	-76.60513910
6.54945062	-70.73957016
6.55677662	-76.99842230
6.56410263	-68.27165539
6.57142864	-73.15992736
6.57875465	-69.36578116
6.58608065	-71.39515049
6.59340666	-72.50061506
6.60073267	-66.96562076
6.60805868	-80.80126181
6.61538468	-69.57179862
6.62271069	-72.43143780
6.63003670	-79.03582683
6.63736270	-75.57452582
6.64468871	-72.57585659
6.65201472	-72.35996272
6.65934073	-70.92830131
6.66666673	-74.35530569
6.67399274	-71.56914673
6.68131875	-68.18518691
6.68864476	-76.28262863
6.69597076	-74.83140134
6.70329677	-71.38393461
6.71062278	-73.97376841
6.71794879	-73.14775210
6.72527479	-70.87356395
6.73260080	-72.46252920
6.73992681	-77.16857402
6.74725282	-76.17600749
6.75457882	-75.54043148
6.76190483	-78.32154377
6.76923084	-71.84868383
6.77655685	-67.30970581
6.78388285	-69.10938583
6.79120886	-88.81454864
6.79853487	-71.25774512
6.80586087	-69.86064428
6.81318688	-71.17363043
6.82051289	-70.85886811
6.82783890	-69.98268930
6.83516490	-72.03087097
6.84249091	-67.24093838
6.84981692	-71.24206631
6.85714293	-69.54998642
6.86446893	-63.78479486
6.87179494	-67.51133498
6.87912095	-83.82176907
6.88644696	-78.39107970
6.89377296	-70.04153779
6.90109897	-69.87949672
6.90842498	-71.41824562
6.91575099	-79.58632598
6.92307699	-69.60774156
6.93040300	-63.25820065
6.93772901	-62.80310165
6.94505502	-66.21768414
6.95238102	-68.39029798
6.95970703	-66.25652161
6.96703304	-80.03209940
6.97435905	-64.65479264
6.98168505	-62.74945417
6.98901106	-71.71129161
6.99633707	-69.16469350
7.00366307	-72.49284176
7.01098908	-74.98177218
7.01831509	-73.04025370
7.02564110	-83.43918257
7.03296710	-68.14577032
7.04029311	-64.36204107
7.04761912	-68.82176782
7.05494513	-72.19743290
7.06227113	-68.15006620
7.06959714	-67.27096682
7.07692315	-70.47707311
7.08424916	-71.95324716
7.09157516	-77.47017986
7.09890117	-70.65292078
7.10622718	-67.96970821
7.11355319	-68.36540819
7.12087919	-76.98193912
7.12820520	-68.18710339
7.13553121	-71.16205912
7.14285722	-68.44617996
7.15018322	-68.54500454
7.15750923	-75.03325387
7.16483524	-86.13179499
7.17216124	-84.36405565
7.17948725	-82.63883176
7.18681326	-79.94039739
7.19413927	-75.40391942
7.20146527	-71.25023352
7.20879128	-70.76168915
7.21611729	-77.82169568
7.22344330	-77.14499107
7.23076930	-71.56199735
7.23809531	-71.47459829
7.24542132	-71.19089712
7.25274733	-70.89037981
7.26007333	-72.95573981
7.26739934	-69.78098132
7.27472535	-72.44949829
7.28205136	-78.92110062
7.28937736	-75.12846993
7.29670337	-75.85206635
7.30402938	-68.62662115
7.31135539	-71.78076156
7.31868139	-78.48045395
7.32600740	-71.43928863
7.33333341	-77.20195228
7.34065942	-68.64953583
7.34798542	-70.53780033
7.35531143	-77.07173235
7.36263744	-73.77138239
7.36996344	-84.34033872
7.37728945	-90.47351257
7.38461546	-71.94663119
7.39194147	-66.74295807
7.39926747	-68.70422412
7.40659348	-76.44904732
7.41391949	-79.33299559
7.42124550	-73.04683159
7.42857150	-71.92263703
7.43589751	-69.97388314
7.44322352	-69.62366722
7.45054953	-74.29748798
7.45787553	-68.42635530
7.46520154	-75.81938546
7.47252755	-73.19754494
7.47985356	-80.14730208
7.48717956	-70.39498804
7.49450557	-70.40169907
7.50183158	-77.89110184
7.50915759	-66.45721263
7.51648359	-68.07259874
7.52380960	-69.02488718
7.53113561	-66.36223236
7.53846161	-66.45128832
7.54578762	-61.51886991
7.55311363	-65.31429548
7.56043964	-74.59348779
7.56776564	-73.16136170
7.57509165	-69.10062094
7.58241766	-67.38912256
7.58974367	-70.82155154
7.59706967	-76.70584022
7.60439568	-71.87460271
7.61172169	-73.29955173
7.61904770	-63.97606101
7.62637370	-66.20964217
7.63369971	-81.16707081
7.64102572	-74.89221390
7.64835173	-73.92303963
7.65567773	-85.19591717
7.66300374	-77.44340056
7.67032975	-80.82945462
7.67765576	-74.37969380
7.68498176	-71.17226056
7.69230777	-74.11207491
7.69963378	-72.97050300
7.70695979	-81.32861893
7.71428579	-76.71791230
7.72161180	-73.53776368
7.72893781	-74.57442343
7.73626381	-72.62519617
7.74358982	-73.61327306
7.75091583	-85.69567809
7.75824184	-70.56169528
7.76556784	-71.64637873
7.77289385	-71.88050482
7.78021986	-64.88844271
7.78754587	-68.19961554
7.79487187	-70.27093335
7.80219788	-69.75482575
7.80952389	-80.60664555
7.81684990	-71.46070881
7.82417590	-76.93112870
7.83150191	-80.62243309
7.83882792	-77.04849619
7.84615393	-72.56061320
7.85347993	-81.18365910
7.86080594	-74.04962139
7.86813195	-71.49134032
7.87545796	-72.27494433
7.88278396	-68.76331433
7.89010997	-70.07559577
7.89743598	-75.43770048
7.90476198	-81.45109075
7.91208799	-77.24272507
7.91941400	-77.40583807
7.92674001	-83.72910976
7.93406601	-79.85177525
7.94139202	-75.30551330
7.94871803	-68.01328562
7.95604404	-70.70514290
7.96337004	-76.57196144
7.97069605	-72.82904311
7.97802206	-87.55633816
7.98534807	-70.80145961
7.99267407	-69.67265129
8.00000008	-84.40084383
8.00732609	-72.68176634
8.01465210	-71.47798296
8.02197810	-72.58952501
8.02930411	-67.64229365
8.03663012	-71.46684273
8.04395613	-74.68269048
8.05128213	-67.10333189
8.05860814	-69.44269233
8.06593415	-68.42635831
8.07326016	-65.82546477
8.08058616	-64.59742687
8.08791217	-71.04554138
8.09523818	-72.40467917
8.10256418	-70.30277472
8.10989019	-76.11116060
8.11721620	-67.70335637
8.12454221	-66.72719789
8.13186821	-69.06544447
8.13919422	-84.05448290
8.14652023	-68.04076990
8.15384624	-67.04933281
8.16117224	-72.53317700
8.16849825	-77.88726578
8.17582426	-73.69334067
8.18315027	-79.00221685
8.19047627	-75.63869265
8.19780228	-81.04321171
8.20512829	-76.70020358
8.21245430	-75.04314140
8.21978030	-76.89557976
8.22710631	-80.44378206
8.23443232	-79.20851142
8.24175833	-71.04896413
8.24908433	-66.45659504
8.25641034	-66.48048669
8.26373635	-68.49729846
8.27106235	-77.83290191
8.27838836	-73.44509179
8.28571437	-73.16839552
8.29304038	-76.93544474
8.30036638	-71.54844292
8.30769239	-70.84903917
8.31501840	-68.61614037
8.32234441	-74.13166115
8.32967041	-79.39481521
8.33699642	-70.20787068
8.34432243	-69.46885910
8.35164844	-79.63299231
8.35897444	-76.33888404
8.36630045	-82.36148758
8.37362646	-78.93019116
8.38095247	-77.84150497
8.38827847	-68.95437651
8.39560448	-73.20575242
8.40293049	-81.86878409
8.41025650	-77.96565840
8.41758250	-77.16627900
8.42490851	-78.17717805
8.43223452	-84.40996293
8.43956053	-78.50372735
8.44688653	-75.33145757
8.45421254	-75.64043860
8.46153855	-71.61360033
8.46886455	-64.84514280
8.47619056	-65.68605007
8.48351657	-67.87605265
8.49084258	-65.72779338
8.49816858	-69.62114487
8.50549459	-79.94431863
8.51282060	-79.89241226
8.52014661	-68.72420526
8.52747261	-65.79771551
8.53479862	-66.25309312
8.54212463	-67.87883692
8.54945064	-69.91098898
8.55677664	-71.24180852
8.56410265	-69.13511490
8.57142866	-65.81364032
8.57875467	-66.91796395
8.58608067	-78.37961513
8.59340668	-78.13243014
8.60073269	-76.58488412
8.60805870	-71.56738191
8.61538470	-71.81268094
8.62271071	-78.25930549
8.63003672	-85.68700587
8.63736272	-75.88080533
8.64468873	-71.83986779
8.65201474	-72.34709574
8.65934075	-72.29023132
8.66666675	-68.61162540
8.67399276	-67.64059981
8.68131877	-70.13515025
8.68864478	-88.17201324
8.69597078	-70.72532362
8.70329679	-73.86820070
8.71062280	-71.74292906
8.71794881	-70.34951678
8.72527481	-69.98099689
8.73260082	-65.72130898
8.73992683	-75.05556418
8.74725284	-67.03224046
8.75457884	-71.58118295
8.76190485	-65.39521824
8.76923086	-65.61119923
8.77655687	-68.33528185
8.78388287	-66.06912263
8.79120888	-65.23566688
8.79853489	-68.77631862
8.80586090	-79.69393223
8.81318690	-78.91923880
8.82051291	-77.65583667
8.82783892	-70.37485086
8.83516492	-72.16298362
8.84249093	-84.57312052
8.84981694	-71.23259203
8.85714295	-71.37547919
8.86446895	-73.43284483
8.87179496	-76.88814490
8.87912097	-64.28964874
8.88644698	-63.43441809
8.89377298	-75.38821365
8.90109899	-66.10090310
8.90842500	-64.51372330
8.91575101	-73.11874885
8.92307701	-67.16423116
8.93040302	-66.29087586
8.93772903	-65.69999258
8.94505504	-68.12842052
8.95238104	-84.08823617
8.95970705	-72.76268531
8.96703306	-77.00090987
8.97435907	-72.89492893
8.98168507	-68.20091850
8.98901108	-71.81444610
8.99633709	-71.80431159
9.00366309	-67.28802779
9.01098910	-72.20867837
9.01831511	-71.60472870
9.02564112	-69.02547320
9.03296712	-68.89787381
9.04029313	-71.67249452
9.04761914	-72.40893175
9.05494515	-70.93860473
9.06227115	-68.30573287
9.06959716	-70.50053581
9.07692317	-73.33682294
9.08424918	-75.02789912
9.09157518	-78.30348251
9.09890119	-67.45755955
9.10622720	-65.81896123
9.11355321	-70.62968860
9.12087921	-69.45706021
9.12820522	-75.63964756
9.13553123	-75.05864983
9.14285724	-68.79876254
9.15018324	-68.82735688
9.15750925	-82.66360461
9.16483526	-66.64375355
9.17216127	-65.47856812
9.17948727	-74.89253423
9.18681328	-75.45934577
9.19413929	-72.70153975
9.20146529	-77.63177232
9.20879130	-83.99762491
9.21611731	-71.93510959
9.22344332	-67.94378420
9.23076932	-72.45321314
9.23809533	-77.27148292
9.24542134	-71.97850972
9.25274735	-84.96312003
9.26007335	-69.68651489
9.26739936	-65.85739119
9.27472537	-67.05125603
9.28205138	-69.97908428
9.28937738	-68.57495075
9.29670339	-66.16198258
9.30402940	-68.98820969
9.31135541	-79.28919853
9.31868141	-85.38410406
9.32600742	-70.79087728
9.33333343	-68.83396214
9.34065944	-80.12569542
9.34798544	-77.41093043
9.35531145	-92.19339587
9.36263746	-81.76667330
9.36996346	-72.20772923
9.37728947	-64.78124459
9.38461548	-65.64229869
9.39194149	-69.96710121
9.39926749	-68.41718880
9.40659350	-67.44707490
9.41391951	-77.25133883
9.42124552	-76.05598531
9.42857152	-81.05820703
9.43589753	-70.65891831
9.44322354	-66.50365958
9.45054955	-68.44475599
9.45787555	-77.21324377
9.46520156	-71.48498383
9.47252757	-73.20770272
9.47985358	-78.91169060
9.48717958	-70.31068185
9.49450559	-70.93839100
9.50183160	-72.46216013
9.50915761	-77.61429101
9.51648361	-70.85712720
9.52380962	-74.03999787
9.53113563	-81.42774196
9.53846164	-72.87415985
9.54578764	-71.05124686
9.55311365	-70.40206949
9.56043966	-73.00012292
9.56776566	-71.98248842
9.57509167	-80.56984794
9.58241768	-67.46876579
9.58974369	-64.16109244
9.59706969	-71.81017169
9.60439570	-75.26667922
9.61172171	-94.59534402
9.61904772	-69.45910551
9.62637372	-69.82544659
9.63369973	-82.31555875
9.64102574	-84.60501164
9.64835175	-73.64049018
9.65567775	-80.47673715
9.66300376	-72.94204277
9.67032977	-68.68371618
9.67765578	-69.67801801
9.68498178	-68.90881967
9.69230779	-69.60221868
9.69963380	-78.71291824
9.70695981	-67.68175822
9.71428581	-66.78303198
9.72161182	-65.50818500
9.72893783	-70.37499882
9.73626383	-73.40902355
9.74358984	-70.81726775
9.75091585	-67.42543974
9.75824186	-66.13264645
9.76556786	-70.94116760
9.77289387	-74.12962081
9.78021988	-68.96389041
9.78754589	-71.71880140
9.79487189	-74.75354790
9.80219790	-69.38869706
9.80952391	-66.52321306
9.81684992	-67.07468954
9.82417592	-74.95204094
9.83150193	-77.88240898
9.83882794	-68.36006319
9.84615395	-64.26767932
9.85347995	-68.01176112
9.86080596	-70.01841748
9.86813197	-82.24056584
9.87545798	-68.89825609
9.88278398	-80.26085554
9.89010999	-69.37018531
9.89743600	-71.68842502
9.90476201	-72.95443076
9.91208801	-69.02579761
9.91941402	-76.39982145
9.92674003	-69.72456040
9.93406603	-80.75429588
9.94139204	-65.45588568
9.94871805	-67.77081874
9.95604406	-72.48327768
9.96337006	-71.02234318
9.97069607	-81.45771413
9.97802208	-72.31790282
9.98534809	-69.48055116
9.99267409	-76.76343128
10.00000010	-68.47367673
10.00732611	-73.65143269
10.01465212	-75.05963817
10.02197812	-75.48868093
10.02930413	-70.13186191
10.03663014	-70.51001726
10.04395615	-81.67973616
10.05128215	-68.72905893
10.05860816	-68.98415073
10.06593417	-71.33335970
10.07326018	-65.44727607
10.08058618	-68.99414784
10.08791219	-65.28412214
10.09523820	-69.70275456
10.10256420	-72.66043867
10.10989021	-70.60664186
10.11721622	-72.11740384
10.12454223	-69.12116483
10.13186823	-84.82755377
10.13919424	-80.98002979
10.14652025	-78.79728586
10.15384626	-73.08834825
10.16117226	-90.28027376
10.16849827	-71.61104335
10.17582428	-68.21939036
10.18315029	-67.51403641
10.19047629	-69.05113319
10.19780230	-67.00714131
10.20512831	-67.39948921
10.21245432	-80.35293438
10.21978032	-68.89931490
10.22710633	-66.67667558
10.23443234	-76.74276553
10.24175835	-73.46374830
10.24908435	-69.94521865
10.25641036	-74.47649103
10.26373637	-84.26621937
10.27106238	-75.80244829
10.27838838	-65.80211477
10.28571439	-64.26271388
10.29304040	-69.12626475
10.30036640	-73.22022602
10.30769241	-71.22831147
10.31501842	-75.11324236
10.32234443	-72.30175522
10.32967043	-75.25341200
10.33699644	-69.28588545
10.34432245	-64.81330055
10.35164846	-68.77598345
10.35897446	-78.95685341
10.36630047	-77.98768381
10.37362648	-72.45955803
10.38095249	-72.73355276
10.38827849	-77.43890064
10.39560450	-71.15990494
10.40293051	-75.09794062
10.41025652	-105.45684465
10.41758252	-79.05055661
10.42490853	-74.59687986
10.43223454	-72.40776021
10.43956055	-72.52729925
10.44688655	-75.48965162
10.45421256	-78.65812645
10.46153857	-66.89718687
10.46886457	-63.93150352
10.47619058	-64.06109980
10.48351659	-66.21146253
10.49084260	-70.92712245
10.49816860	-74.73039494
10.50549461	-75.78360970
10.51282062	-81.24414383
10.52014663	-74.36381377
10.52747263	-72.87667515
10.53479864	-80.93538536
10.54212465	-82.71777919
10.54945066	-76.07145033
10.55677666	-69.39224555
10.56410267	-68.20052117
10.57142868	-67.22601396
10.57875469	-65.45647247
10.58608069	-66.57891403
10.59340670	-72.35639550
10.60073271	-80.85619724
10.60805872	-72.78224810
10.61538472	-67.84525617
10.62271073	-72.88426881
10.63003674	-77.48454711
10.63736275	-68.24406563
10.64468875	-65.05613412
10.65201476	-68.21620565
10.65934077	-90.24506705
10.66666677	-76.60861056
10.67399278	-71.86127785
10.68131879	-69.18179305
10.68864480	-69.23099930
10.69597080	-75.63688651
10.70329681	-79.28745693
10.71062282	-89.42705406
10.71794883	-83.14387316
10.72527483	-75.76058827
10.73260084	-71.95184539
10.73992685	-74.88155064
10.74725286	-67.23565094
10.75457886	-71.68327380
10.76190487	-69.28148622
10.76923088	-74.43832703
10.77655689	-76.74127212
10.78388289	-74.96167039
10.79120890	-90.22545304
10.79853491	-81.43701541
10.80586092	-80.20482569
10.81318692	-70.59771686
10.82051293	-67.44944096
10.82783894	-70.87896785
10.83516494	-70.27339257
10.84249095	-80.06181134
10.84981696	-69.15132319
10.85714297	-68.00016730
10.86446897	-78.34372503
10.87179498	-69.89551674
10.87912099	-74.83708245
10.88644700	-76.79631431
10.89377300	-81.70711633
10.90109901	-68.65741613
10.90842502	-65.49867804
10.91575103	-70.45605755
10.92307703	-70.46841140
10.93040304	-69.06625662
10.93772905	-68.00349292
10.94505506	-70.02994682
10.95238106	-73.89667277
10.95970707	-73.71023483
10.96703308	-76.73263057
10.97435909	-75.70127320
10.98168509	-69.23675162
10.98901110	-74.66038682
10.99633711	-82.37677484
11.00366312	-77.22954290
11.01098912	-71.45349901
11.01831513	-71.94161419
11.02564114	-75.92177864
11.03296714	-69.16786900
11.04029315	-67.56747545
11.04761916	-68.94397003
11.05494517	-72.08196974
11.06227117	-80.71660386
11.06959718	-73.53435861
11.07692319	-72.62880507
11.08424920	-79.93973275
11.09157520	-69.83001001
11.09890121	-70.42034978
11.10622722	-75.53824894
11.11355323	-74.33983742
11.12087923	-71.37296712
11.12820524	-69.56142457
11.13553125	-68.67906550
11.14285726	-72.83082065
11.15018326	-74.57618322
11.15750927	-71.37078142
11.16483528	-77.14612867
11.17216129	-77.60390671
11.17948729	-68.48829195
11.18681330	-68.70506489
11.19413931	-90.42416106
11.20146531	-67.13747827
11.20879132	-68.10202743
11.21611733	-83.13938829
11.22344334	-76.87688517
11.23076934	-74.26226268
11.23809535	-71.09570888
11.24542136	-72.95501074
11.25274737	-70.12272778
11.26007337	-73.55367831
11.26739938	-69.28699522
11.27472539	-75.96142623
11.28205140	-69.74317945
11.28937740	-67.22921048
11.29670341	-79.02262867
11.30402942	-73.56941827
11.31135543	-75.54121934
11.31868143	-77.85912133
11.32600744	-72.61278886
11.33333345	-83.76943663
11.34065946	-67.87608783
11.34798546	-70.00038709
11.35531147	-75.30419449
11.36263748	-66.10983974
11.36996349	-68.34752112
11.37728949	-78.38870145
11.38461550	-82.45491695
11.39194151	-72.34992266
11.39926751	-72.24879530
11.40659352	-78.55682307
11.41391953	-75.49119900
11.42124554	-75.63455656
11.42857154	-70.80319307
11.43589755	-72.14969001
11.44322356	-71.52889585
11.45054957	-69.89121230
11.45787557	-72.69522045
11.46520158	-76.65583203
11.47252759	-70.78238325
11.47985360	-69.43086451
11.48717960	-69.32269468
11.49450561	-75.02445803
11.50183162	-73.38832212
11.50915763	-72.30252007
11.51648363	-72.66865821
11.52380964	-73.09441325
11.53113565	-75.37865848
11.53846166	-92.58703576
11.54578766	-72.90046339
11.55311367	-73.43562670
11.56043968	-80.20932144
11.56776568	-69.49017626
11.57509169	-74.02342870
11.58241770	-72.16080451
11.58974371	-67.90239452
11.59706971	-80.89729496
11.60439572	-69.05654478
11.61172173	-67.43903209
11.61904774	-73.43251298
11.62637374	-73.59397176
11.63369975	-71.91687374
11.64102576	-74.89637592
11.64835177	-80.13100513
11.65567777	-76.49299050
11.66300378	-69.82543389
11.67032979	-66.61718395
11.67765580	-67.65398045
11.68498180	-73.67315054
11.69230781	-86.13283126
11.69963382	-72.05905721
11.70695983	-71.20583356
11.71428583	-84.70781865
11.72161184	-73.04738377
11.72893785	-69.96973881
11.73626386	-70.66997261
11.74358986	-67.76537486
11.75091587	-67.36719298
11.75824188	-75.88663939
11.76556788	-71.33406097
11.77289389	-65.48443266
11.78021990	-68.49668860
11.78754591	-77.98116716
11.79487191	-67.99035984
11.80219792	-73.01443916
11.80952393	-70.09069718
11.81684994	-66.92803838
11.82417594	-70.88079590
11.83150195	-68.58283740
11.83882796	-69.09567989
11.84615397	-77.25457731
11.85347997	-69.10535483
11.86080598	-67.27863264
11.86813199	-70.69202466
11.87545800	-74.60220831
11.88278400	-75.26361466
11.89011001	-67.79401375
11.89743602	-71.49579129
11.90476203	-78.41828974
11.91208803	-69.99387282
11.91941404	-71.05546144
11.92674005	-70.23177109
11.93406606	-64.89458270
11.94139206	-65.63915674
11.94871807	-74.48644866
11.95604408	-70.65188352
11.96337008	-72.24078090
11.97069609	-68.81343129
11.97802210	-73.90674839
11.98534811	-71.49030853
11.99267411	-69.79117283
12.00000012	-78.18526664
12.00732613	-69.68833667
12.01465214	-68.86546055
12.02197814	-69.63693480
12.02930415	-73.90646109
12.03663016	-70.93880804
12.04395617	-70.17862200
12.05128217	-84.26208461
12.05860818	-71.91398328
12.06593419	-73.12770924
12.07326020	-74.70075628
12.08058620	-74.67326444
12.08791221	-72.03058063
12.09523822	-69.51264018
12.10256423	-70.49559111
12.10989023	-66.53132259
12.11721624	-65.74951719
12.12454225	-67.55776146
12.13186825	-67.91472958
12.13919426	-74.63563721
12.14652027	-75.06928868
12.15384628	-71.38719875
12.16117228	-75.59673879
12.16849829	-74.61885213
12.17582430	-86.02058947
12.18315031	-70.37204156
12.19047631	-72.31221558
12.19780232	-82.71947675
12.20512833	-71.30521951
12.21245434	-74.03860113
12.21978034	-73.74431000
12.22710635	-69.86441759
12.23443236	-73.49042949
12.24175837	-77.44396338
12.24908437	-70.45169591
12.25641038	-72.35010211
12.26373639	-76.35889883
12.27106240	-74.87578045
12.27838840	-67.88149085
12.28571441	-71.11157604
12.29304042	-77.80252120
12.30036643	-67.06418435
12.30769243	-67.14705635
12.31501844	-74.31215908
12.32234445	-85.80550420
12.32967045	-76.72400309
12.33699646	-71.08541481
12.34432247	-68.14687348
12.35164848	-72.47336002
12.35897448	-68.49014439
12.36630049	-67.31990083
12.37362650	-75.97348075
12.38095251	-70.71795085
12.38827851	-75.49628071
12.39560452	-68.68095387
12.40293053	-68.73961888
12.41025654	-72.24756603
12.41758254	-72.42661730
12.42490855	-84.15894973
12.43223456	-72.04862644
12.43956057	-73.14579821
12.44688657	-73.24248826
12.45421258	-73.85708959
12.46153859	-69.89395436
12.46886460	-67.46479924
12.47619060	-65.86545013
12.48351661	-71.75901028
12.49084262	-72.88913495
12.49816862	-68.25682394
12.50549463	-71.69715414
12.51282064	-70.64930599
12.52014665	-72.97920143
12.52747265	-77.78198870
12.53479866	-84.70036648
12.54212467	-78.87706808
12.54945068	-80.97110231
12.55677668	-75.59607587
12.56410269	-72.19202306
12.57142870	-90.56536227
12.57875471	-70.46386819
12.58608071	-73.88502163
12.59340672	-67.01699721
12.60073273	-66.66591274
12.60805874	-106.55861964
12.61538474	-71.69675715
12.62271075	-81.28334446
12.63003676	-68.99834511
12.63736277	-75.69274139
12.64468877	-71.97315428
12.65201478	-69.37417311
12.65934079	-79.34439705
12.66666680	-71.11490948
12.67399280	-75.47101065
12.68131881	-75.72083015
12.68864482	-73.29838447
12.69597082	-75.83068603
12.70329683	-70.48124372
12.71062284	-68.68040917
12.71794885	-67.75127400
12.72527485	-69.64830568
12.73260086	-70.46469918
12.73992687	-70.40346484
12.74725288	-74.56934861
12.75457888	-78.60314691
12.76190489	-71.08069778
12.76923090	-68.53873077
12.77655691	-71.53251420
12.78388291	-77.85528555
12.79120892	-75.53289175
12.79853493	-76.88256500
12.80586094	-75.41670771
12.81318694	-69.17026335
12.82051295	-64.88409302
12.82783896	-67.61878609
12.83516497	-74.62290481
12.84249097	-67.04544394
12.84981698	-67.60827178
12.85714299	-70.46017983
12.86446899	-73.88240195
12.87179500	-69.37634305
12.87912101	-67.48879543
12.88644702	-69.56170113
12.89377302	-70.84087554
12.90109903	-73.72832738
12.90842504	-86.26349973
12.91575105	-76.92726037
12.92307705	-71.48022136
12.93040306	-71.76210952
12.93772907	-81.49056852
12.94505508	-74.54069932
12.95238108	-71.05401707
12.95970709	-72.03474294
12.96703310	-82.67101059
12.97435911	-71.06415347
12.98168511	-70.36330970
12.98901112	-71.39579610
12.99633713	-73.25326926
13.00366314	-69.23761186
13.01098914	-63.93991375
13.01831515	-67.30913988
13.02564116	-72.84835855
13.03296717	-76.55697242
13.04029317	-77.23494753
13.04761918	-73.31346504
13.05494519	-78.36827052
13.06227119	-72.10627111
13.06959720	-66.71620131
13.07692321	-69.76498028
13.08424922	-78.38342130
13.09157522	-71.71848416
13.09890123	-74.70754829
13.10622724	-81.29384494
13.11355325	-74.23061484
13.12087925	-71.40325099
13.12820526	-70.45497728
13.13553127	-70.14686475
13.14285728	-67.35214003
13.15018328	-71.52696191
13.15750929	-74.70360866
13.16483530	-73.14333673
13.17216131	-92.88272932
13.17948731	-74.16205996
13.18681332	-71.94557642
13.19413933	-70.29680053
13.20146534	-71.77988606
13.20879134	-85.83712921
13.21611735	-78.65360398
13.22344336	-77.26017750
13.23076936	-70.90047267
13.23809537	-76.67337454
13.24542138	-74.62240669
13.25274739	-67.81620479
13.26007339	-69.26583518
13.26739940	-77.34571894
13.27472541	-72.99684139
13.28205142	-69.55054795
13.28937742	-70.26320151
13.29670343	-65.79442278
13.30402944	-64.84034880
13.31135545	-65.16667572
13.31868145	-67.42348571
13.32600746	-73.55989617
13.33333347	-77.50833036
13.34065948	-80.03049012
13.34798548	-75.68597157
13.35531149	-68.51173510
13.36263750	-72.37769519
13.36996351	-81.73220008
13.37728951	-84.16393208
13.38461552	-68.44613557
13.39194153	-65.20707010
13.39926754	-64.86945321
13.40659354	-64.54694463
13.41391955	-67.47652346
13.42124556	-76.46595400
13.42857156	-70.55051135
13.43589757	-69.08230735
13.44322358	-71.65880305
13.45054959	-69.25603753
13.45787559	-70.27932992
13.46520160	-76.06573974
13.47252761	-74.06325268
13.47985362	-78.84250864
13.48717962	-73.14924840
13.49450563	-73.36572860
13.50183164	-71.73444199
13.50915765	-78.61615586
13.51648365	-74.34012944
13.52380966	-80.64581358
13.53113567	-71.41663994
13.53846168	-66.48296547
13.54578768	-68.86738093
13.55311369	-81.24701317
13.56043970	-81.81768925
13.56776571	-82.43366883
13.57509171	-83.63990568
13.58241772	-72.70170218
13.58974373	-67.70020778
13.59706973	-68.05156918
13.60439574	-70.91437321
13.61172175	-68.72857203
13.61904776	-69.47009300
13.62637376	-76.73305114
13.63369977	-84.89874609
13.64102578	-69.19127516
13.64835179	-63.89896902
13.65567779	-64.75426714
13.66300380	-66.98436394
13.67032981	-71.62563118
13.67765582	-77.55602113
13.68498182	-73.72491343
13.69230783	-71.30918063
13.69963384	-70.40154035
13.70695985	-73.10524993
13.71428585	-63.91105952
13.72161186	-67.54579432
13.72893787	-86.13489836
13.73626388	-75.74283833
13.74358988	-89.77030283
13.75091589	-74.31555349
13.75824190	-69.11458279
13.76556791	-70.70649856
13.77289391	-88.97852130
13.78021992	-78.44781892
13.78754593	-81.38191877
13.79487193	-68.73019986
13.80219794	-67.72524321
13.80952395	-73.60518221
13.81684996	-72.64858229
13.82417596	-69.38925336
13.83150197	-75.43140992
13.83882798	-73.45757798
13.84615399	-69.38706727
13.85347999	-74.80846742
13.86080600	-73.44279157
13.86813201	-69.51165874
13.87545802	-74.05511531
13.88278402	-77.54252707
13.89011003	-71.71639586
13.89743604	-72.88211757
13.90476205	-76.00261265
13.91208805	-69.82274857
13.91941406	-76.09951474
13.92674007	-75.45619666
13.93406608	-72.17508834
13.94139208	-68.83957481
13.94871809	-70.45469798
13.95604410	-73.35260589
13.96337010	-68.12781083
13.97069611	-86.77367856
13.97802212	-65.74110513
13.98534813	-66.98943877
13.99267413	-79.02632634
14.00000014	-71.53349535
14.00732615	-70.76818011
14.01465216	-79.54201629
14.02197816	-73.79080611
14.02930417	-69.64708271
14.03663018	-71.11947131
14.04395619	-70.73255367
14.05128219	-73.06144816
14.05860820	-82.94546967
14.06593421	-83.11247020
14.07326022	-70.79109189
14.08058622	-65.87194519
14.08791223	-67.38892359
14.09523824	-69.39720802
14.10256425	-70.50911208
14.10989025	-80.20384085
14.11721626	-79.01392052
14.12454227	-70.64079562
14.13186828	-66.78194976
14.13919428	-68.98982960
14.14652029	-76.35191870
14.15384630	-69.21185667
14.16117230	-79.70727951
14.16849831	-69.59424253
14.17582432	-66.80401373
14.18315033	-71.40182704
14.19047633	-74.30638665
14.19780234	-70.12547234
14.20512835	-72.37668478
14.21245436	-69.21062383
14.21978036	-79.24722251
14.22710637	-68.98761341
14.23443238	-67.26212007
14.24175839	-72.74428401
14.24908439	-70.08010055
14.25641040	-68.85542067
14.26373641	-72.67225737
14.27106242	-73.13566843
14.27838842	-77.16444717
14.28571443	-73.53542752
14.29304044	-68.73080805
14.30036645	-69.50136414
14.30769245	-76.58821641
14.31501846	-72.47201493
14.32234447	-69.68448185
14.32967047	-72.55431932
14.33699648	-70.38298919
14.34432249	-68.84669735
14.35164850	-70.61924355
14.35897450	-78.62063065
14.36630051	-71.04575146
14.37362652	-65.73973186
14.38095253	-69.02962006
14.38827853	-76.06181616
14.39560454	-67.56223580
14.40293055	-68.34086588
14.41025656	-75.33384565
14.41758256	-81.00943875
14.42490857	-94.05977058
14.43223458	-76.20842156
14.43956059	-73.49420094
14.44688659	-74.70811835
14.45421260	-66.85612644
14.46153861	-67.91946367
14.46886462	-77.42990479
14.47619062	-74.78808195
14.48351663	-81.81758132
14.49084264	-74.47159331
14.49816865	-78.47673047
14.50549465	-73.59675359
14.51282066	-73.03859368
14.52014667	-93.90089663
14.52747267	-73.43391149
14.53479868	-70.08815502
14.54212469	-72.57207220
14.54945070	-77.35733800
14.55677670	-74.52938389
14.56410271	-68.87446826
14.57142872	-69.20299760
14.57875473	-73.26492817
14.58608073	-70.46558584
14.59340674	-71.36137405
14.60073275	-80.61616380
14.60805876	-75.27432358
14.61538476	-71.66395305
14.62271077	-82.83393303
14.63003678	-77.69707070
14.63736279	-80.23736378
14.64468879	-77.24283934
14.65201480	-70.20611987
14.65934081	-73.97919323
14.66666682	-74.04166789
14.67399282	-68.80124733
14.68131883	-71.35867671
14.68864484	-77.25936691
14.69597084	-74.93292954
14.70329685	-79.19170291
14.71062286	-86.66551907
14.71794887	-73.63922432
14.72527487	-68.61187796
14.73260088	-67.20675540
14.73992689	-68.36799124
14.74725290	-69.19347612
14.75457890	-72.89613654
14.76190491	-84.69127810
14.76923092	-76.30173420
14.77655693	-72.83064042
14.78388293	-73.70736071
14.79120894	-75.34770259
14.79853495	-64.43909094
14.80586096	-65.47640606
14.81318696	-77.44243105
14.82051297	-72.59299300
14.82783898	-80.11185254
14.83516499	-70.56364671
14.84249099	-81.27964237
14.84981700	-66.24543463
14.85714301	-69.55687078
14.86446902	-69.90899422
14.87179502	-67.25334914
14.87912103	-77.73983938
14.88644704	-71.71452248
14.89377304	-77.11698317
14.90109905	-82.92441369
14.90842506	-72.13282521
14.91575107	-73.95605610
14.92307707	-72.31372796
14.93040308	-65.43469499
14.93772909	-68.14746910
14.94505510	-73.41993101
14.95238110	-73.64683109
14.95970711	-76.90191641
14.96703312	-80.02822571
14.97435913	-75.24221545
14.98168513	-71.31500409
14.98901114	-75.38495044
14.99633715	-69.08569105
