# Menlo Systems GmbH ScanControl
# Program Version 1.3.3
# Start: -65.00000000 ps, Average over 1000 waveforms. Timestamp: 2020-07-03T14:40:21
# Time [ps]	THz Signal [a.u.]
-65.06666596	0.00000000
-65.03333263	0.00000002
-64.99999929	0.00000009
-64.96666596	0.00000012
-64.93333263	0.00000025
-64.89999930	0.00000040
-64.86666596	0.00000034
-64.83333263	0.00000055
-64.79999930	0.00000080
-64.76666596	0.00000043
-64.73333263	0.00000045
-64.69999930	0.00000048
-64.66666596	0.00000057
-64.63333263	0.00000047
-64.59999930	0.00000123
-64.56666597	0.00000007
-64.53333263	0.00000006
-64.49999930	-0.00000007
-64.46666597	-0.00000129
-64.43333263	-0.00000129
-64.39999930	-0.00000309
-64.36666597	-0.00000583
-64.33333263	-0.00000400
-64.29999930	-0.00000569
-64.26666597	-0.00000900
-64.23333263	-0.00001073
-64.19999930	-0.00001215
-64.16666597	-0.00001158
-64.13333264	-0.00001904
-64.09999930	-0.00001950
-64.06666597	-0.00002099
-64.03333264	-0.00002541
-63.99999930	-0.00002378
-63.96666597	-0.00002513
-63.93333264	-0.00003519
-63.89999930	-0.00003297
-63.86666597	-0.00004276
-63.83333264	-0.00004154
-63.79999931	-0.00004728
-63.76666597	-0.00005899
-63.73333264	-0.00005692
-63.69999931	-0.00005826
-63.66666597	-0.00005931
-63.63333264	-0.00006842
-63.59999931	-0.00007307
-63.56666597	-0.00008699
-63.53333264	-0.00008747
-63.49999931	-0.00009108
-63.46666597	-0.00009377
-63.43333264	-0.00010324
-63.39999931	-0.00011246
-63.36666598	-0.00011992
-63.33333264	-0.00011503
-63.29999931	-0.00013153
-63.26666598	-0.00013252
-63.23333264	-0.00012557
-63.19999931	-0.00013552
-63.16666598	-0.00013628
-63.13333264	-0.00014701
-63.09999931	-0.00014285
-63.06666598	-0.00013825
-63.03333265	-0.00015110
-62.99999931	-0.00016184
-62.96666598	-0.00014045
-62.93333265	-0.00015300
-62.89999931	-0.00014574
-62.86666598	-0.00014845
-62.83333265	-0.00015944
-62.79999931	-0.00015326
-62.76666598	-0.00015455
-62.73333265	-0.00015056
-62.69999931	-0.00013603
-62.66666598	-0.00015167
-62.63333265	-0.00012490
-62.59999932	-0.00010034
-62.56666598	-0.00010056
-62.53333265	-0.00009983
-62.49999932	-0.00009962
-62.46666598	-0.00007701
-62.43333265	-0.00008289
-62.39999932	-0.00005764
-62.36666598	-0.00005852
-62.33333265	-0.00004792
-62.29999932	0.00000515
-62.26666599	-0.00000911
-62.23333265	0.00000748
-62.19999932	0.00002983
-62.16666599	0.00003813
-62.13333265	0.00007182
-62.09999932	0.00009616
-62.06666599	0.00009383
-62.03333265	0.00012304
-61.99999932	0.00012881
-61.96666599	0.00016123
-61.93333266	0.00020815
-61.89999932	0.00019996
-61.86666599	0.00024343
-61.83333266	0.00027295
-61.79999932	0.00029298
-61.76666599	0.00032910
-61.73333266	0.00034889
-61.69999932	0.00036458
-61.66666599	0.00039541
-61.63333266	0.00039464
-61.59999932	0.00045067
-61.56666599	0.00048071
-61.53333266	0.00054914
-61.49999933	0.00059323
-61.46666599	0.00061806
-61.43333266	0.00063164
-61.39999933	0.00065339
-61.36666599	0.00073984
-61.33333266	0.00072014
-61.29999933	0.00072189
-61.26666599	0.00078313
-61.23333266	0.00081259
-61.19999933	0.00082406
-61.16666600	0.00086803
-61.13333266	0.00083616
-61.09999933	0.00084430
-61.06666600	0.00088440
-61.03333266	0.00094424
-60.99999933	0.00097146
-60.96666600	0.00098798
-60.93333266	0.00102063
-60.89999933	0.00096777
-60.86666600	0.00099229
-60.83333266	0.00097417
-60.79999933	0.00101874
-60.76666600	0.00101639
-60.73333267	0.00104305
-60.69999933	0.00099608
-60.66666600	0.00098223
-60.63333267	0.00098846
-60.59999933	0.00088478
-60.56666600	0.00091069
-60.53333267	0.00090518
-60.49999933	0.00082195
-60.46666600	0.00089001
-60.43333267	0.00079142
-60.39999934	0.00074947
-60.36666600	0.00065125
-60.33333267	0.00061357
-60.29999934	0.00059202
-60.26666600	0.00051253
-60.23333267	0.00050299
-60.19999934	0.00033897
-60.16666600	0.00032300
-60.13333267	0.00027093
-60.09999934	0.00022239
-60.06666600	0.00009367
-60.03333267	0.00015091
-59.99999934	-0.00001885
-59.96666601	-0.00006334
-59.93333267	-0.00020323
-59.89999934	-0.00027502
-59.86666601	-0.00038515
-59.83333267	-0.00038219
-59.79999934	-0.00039772
-59.76666601	-0.00054203
-59.73333267	-0.00068072
-59.69999934	-0.00071975
-59.66666601	-0.00084961
-59.63333268	-0.00089422
-59.59999934	-0.00105110
-59.56666601	-0.00106293
-59.53333268	-0.00109420
-59.49999934	-0.00121657
-59.46666601	-0.00123165
-59.43333268	-0.00127362
-59.39999934	-0.00128770
-59.36666601	-0.00140050
-59.33333268	-0.00150487
-59.29999934	-0.00152216
-59.26666601	-0.00154384
-59.23333268	-0.00153341
-59.19999935	-0.00158938
-59.16666601	-0.00164243
-59.13333268	-0.00167410
-59.09999935	-0.00165251
-59.06666601	-0.00159539
-59.03333268	-0.00167367
-58.99999935	-0.00170000
-58.96666601	-0.00165538
-58.93333268	-0.00169434
-58.89999935	-0.00161059
-58.86666602	-0.00166899
-58.83333268	-0.00165495
-58.79999935	-0.00166398
-58.76666602	-0.00161497
-58.73333268	-0.00161693
-58.69999935	-0.00161886
-58.66666602	-0.00162204
-58.63333268	-0.00154592
-58.59999935	-0.00162358
-58.56666602	-0.00147473
-58.53333268	-0.00147671
-58.49999935	-0.00138850
-58.46666602	-0.00137989
-58.43333269	-0.00142689
-58.39999935	-0.00135475
-58.36666602	-0.00135097
-58.33333269	-0.00136681
-58.29999935	-0.00130874
-58.26666602	-0.00130265
-58.23333269	-0.00116213
-58.19999935	-0.00120901
-58.16666602	-0.00118248
-58.13333269	-0.00113015
-58.09999936	-0.00113631
-58.06666602	-0.00111948
-58.03333269	-0.00117120
-57.99999936	-0.00111209
-57.96666602	-0.00102373
-57.93333269	-0.00105248
-57.89999936	-0.00114882
-57.86666602	-0.00104460
-57.83333269	-0.00107528
-57.79999936	-0.00110995
-57.76666603	-0.00112273
-57.73333269	-0.00115644
-57.69999936	-0.00111122
-57.66666603	-0.00110240
-57.63333269	-0.00110747
-57.59999936	-0.00105194
-57.56666603	-0.00117714
-57.53333269	-0.00110515
-57.49999936	-0.00109952
-57.46666603	-0.00103893
-57.43333269	-0.00107693
-57.39999936	-0.00115744
-57.36666603	-0.00105025
-57.33333270	-0.00102132
-57.29999936	-0.00095461
-57.26666603	-0.00095739
-57.23333270	-0.00087140
-57.19999936	-0.00085908
-57.16666603	-0.00078533
-57.13333270	-0.00082751
-57.09999936	-0.00076002
-57.06666603	-0.00069057
-57.03333270	-0.00065157
-56.99999937	-0.00060147
-56.96666603	-0.00057834
-56.93333270	-0.00060720
-56.89999937	-0.00063863
-56.86666603	-0.00060273
-56.83333270	-0.00057903
-56.79999937	-0.00048326
-56.76666603	-0.00050304
-56.73333270	-0.00034411
-56.69999937	-0.00042263
-56.66666603	-0.00041163
-56.63333270	-0.00031303
-56.59999937	-0.00036348
-56.56666604	-0.00035271
-56.53333270	-0.00027909
-56.49999937	-0.00021477
-56.46666604	-0.00030990
-56.43333270	-0.00011492
-56.39999937	-0.00021100
-56.36666604	-0.00019294
-56.33333270	-0.00008163
-56.29999937	-0.00028172
-56.26666604	-0.00029424
-56.23333271	-0.00020370
-56.19999937	-0.00025635
-56.16666604	-0.00014078
-56.13333271	-0.00006581
-56.09999937	-0.00010104
-56.06666604	-0.00015797
-56.03333271	-0.00007184
-55.99999937	-0.00014464
-55.96666604	-0.00005720
-55.93333271	-0.00013121
-55.89999937	-0.00001753
-55.86666604	0.00004996
-55.83333271	-0.00006816
-55.79999938	0.00002015
-55.76666604	0.00006252
-55.73333271	-0.00002237
-55.69999938	0.00007217
-55.66666604	0.00011181
-55.63333271	0.00019450
-55.59999938	0.00018273
-55.56666604	0.00009445
-55.53333271	0.00005708
-55.49999938	0.00013208
-55.46666605	0.00002960
-55.43333271	0.00013285
-55.39999938	0.00020291
-55.36666605	0.00009367
-55.33333271	0.00020618
-55.29999938	0.00016329
-55.26666605	0.00028570
-55.23333271	0.00014554
-55.19999938	0.00002397
-55.16666605	0.00011856
-55.13333271	0.00010121
-55.09999938	0.00019079
-55.06666605	0.00009011
-55.03333272	0.00010227
-54.99999938	0.00015954
-54.96666605	0.00013585
-54.93333272	0.00001637
-54.89999938	0.00010991
-54.86666605	0.00010598
-54.83333272	0.00010878
-54.79999938	0.00005383
-54.76666605	0.00002324
-54.73333272	-0.00002878
-54.69999939	0.00003565
-54.66666605	-0.00001082
-54.63333272	-0.00010953
-54.59999939	-0.00008045
-54.56666605	-0.00006617
-54.53333272	-0.00002341
-54.49999939	-0.00001331
-54.46666605	-0.00011117
-54.43333272	-0.00020533
-54.39999939	-0.00017379
-54.36666605	-0.00012578
-54.33333272	-0.00011155
-54.29999939	-0.00017150
-54.26666606	-0.00008454
-54.23333272	-0.00023641
-54.19999939	-0.00018827
-54.16666606	-0.00017654
-54.13333272	-0.00018891
-54.09999939	-0.00015342
-54.06666606	-0.00007433
-54.03333272	-0.00019560
-53.99999939	-0.00020507
-53.96666606	-0.00026431
-53.93333273	-0.00010115
-53.89999939	-0.00016744
-53.86666606	-0.00024873
-53.83333273	-0.00018900
-53.79999939	-0.00014301
-53.76666606	-0.00015475
-53.73333273	-0.00021443
-53.69999939	-0.00029005
-53.66666606	-0.00033543
-53.63333273	-0.00033683
-53.59999939	-0.00033014
-53.56666606	-0.00035678
-53.53333273	-0.00046263
-53.49999940	-0.00031892
-53.46666606	-0.00037844
-53.43333273	-0.00029407
-53.39999940	-0.00033012
-53.36666606	-0.00034243
-53.33333273	-0.00023738
-53.29999940	-0.00038047
-53.26666606	-0.00023537
-53.23333273	-0.00033734
-53.19999940	-0.00031104
-53.16666607	-0.00034483
-53.13333273	-0.00021966
-53.09999940	-0.00026356
-53.06666607	-0.00026833
-53.03333273	-0.00025483
-52.99999940	-0.00014213
-52.96666607	-0.00010720
-52.93333273	-0.00005454
-52.89999940	-0.00014715
-52.86666607	-0.00008442
-52.83333274	-0.00002262
-52.79999940	0.00008269
-52.76666607	-0.00000151
-52.73333274	0.00006963
-52.69999940	0.00023997
-52.66666607	0.00018109
-52.63333274	0.00019303
-52.59999940	0.00024337
-52.56666607	0.00028621
-52.53333274	0.00027153
-52.49999940	0.00036129
-52.46666607	0.00044258
-52.43333274	0.00045390
-52.39999941	0.00043117
-52.36666607	0.00054428
-52.33333274	0.00054267
-52.29999941	0.00060856
-52.26666607	0.00068918
-52.23333274	0.00072363
-52.19999941	0.00076130
-52.16666607	0.00078204
-52.13333274	0.00083544
-52.09999941	0.00090139
-52.06666608	0.00101651
-52.03333274	0.00112387
-51.99999941	0.00111732
-51.96666608	0.00123862
-51.93333274	0.00128460
-51.89999941	0.00122045
-51.86666608	0.00131742
-51.83333274	0.00142287
-51.79999941	0.00148107
-51.76666608	0.00147156
-51.73333274	0.00155654
-51.69999941	0.00158739
-51.66666608	0.00182342
-51.63333275	0.00171454
-51.59999941	0.00180005
-51.56666608	0.00186224
-51.53333275	0.00194644
-51.49999941	0.00201071
-51.46666608	0.00203203
-51.43333275	0.00205448
-51.39999941	0.00207974
-51.36666608	0.00211759
-51.33333275	0.00216323
-51.29999942	0.00213656
-51.26666608	0.00219860
-51.23333275	0.00225564
-51.19999942	0.00218594
-51.16666608	0.00222801
-51.13333275	0.00218541
-51.09999942	0.00226882
-51.06666608	0.00222977
-51.03333275	0.00217490
-50.99999942	0.00214204
-50.96666608	0.00219852
-50.93333275	0.00215809
-50.89999942	0.00219456
-50.86666609	0.00202396
-50.83333275	0.00205787
-50.79999942	0.00211101
-50.76666609	0.00199887
-50.73333275	0.00194956
-50.69999942	0.00194656
-50.66666609	0.00190001
-50.63333275	0.00190642
-50.59999942	0.00185779
-50.56666609	0.00191576
-50.53333276	0.00187908
-50.49999942	0.00189249
-50.46666609	0.00193337
-50.43333276	0.00192656
-50.39999942	0.00185056
-50.36666609	0.00190314
-50.33333276	0.00203049
-50.29999942	0.00194023
-50.26666609	0.00193856
-50.23333276	0.00190951
-50.19999942	0.00205285
-50.16666609	0.00203445
-50.13333276	0.00205824
-50.09999943	0.00210230
-50.06666609	0.00206651
-50.03333276	0.00220268
-49.99999943	0.00214056
-49.96666609	0.00208097
-49.93333276	0.00212498
-49.89999943	0.00207363
-49.86666609	0.00207139
-49.83333276	0.00213026
-49.79999943	0.00215765
-49.76666610	0.00215364
-49.73333276	0.00204293
-49.69999943	0.00206584
-49.66666610	0.00201937
-49.63333276	0.00203344
-49.59999943	0.00200658
-49.56666610	0.00203329
-49.53333276	0.00203150
-49.49999943	0.00202636
-49.46666610	0.00200214
-49.43333276	0.00199397
-49.39999943	0.00184431
-49.36666610	0.00188726
-49.33333277	0.00185335
-49.29999943	0.00176674
-49.26666610	0.00181675
-49.23333277	0.00177993
-49.19999943	0.00182086
-49.16666610	0.00177880
-49.13333277	0.00175058
-49.09999943	0.00173352
-49.06666610	0.00164359
-49.03333277	0.00162416
-48.99999944	0.00162447
-48.96666610	0.00166374
-48.93333277	0.00167606
-48.89999944	0.00164871
-48.86666610	0.00163786
-48.83333277	0.00164988
-48.79999944	0.00165884
-48.76666610	0.00165575
-48.73333277	0.00165846
-48.69999944	0.00157098
-48.66666611	0.00172648
-48.63333277	0.00164368
-48.59999944	0.00180786
-48.56666611	0.00184728
-48.53333277	0.00182742
-48.49999944	0.00184228
-48.46666611	0.00188819
-48.43333277	0.00189450
-48.39999944	0.00187683
-48.36666611	0.00195609
-48.33333277	0.00197407
-48.29999944	0.00202338
-48.26666611	0.00207319
-48.23333278	0.00207684
-48.19999944	0.00200795
-48.16666611	0.00208155
-48.13333278	0.00208447
-48.09999944	0.00213888
-48.06666611	0.00209538
-48.03333278	0.00210821
-47.99999944	0.00207310
-47.96666611	0.00204431
-47.93333278	0.00213920
-47.89999945	0.00211358
-47.86666611	0.00215721
-47.83333278	0.00208520
-47.79999945	0.00200341
-47.76666611	0.00202935
-47.73333278	0.00201169
-47.69999945	0.00212128
-47.66666611	0.00208300
-47.63333278	0.00213913
-47.59999945	0.00205722
-47.56666611	0.00201889
-47.53333278	0.00189847
-47.49999945	0.00194973
-47.46666612	0.00196591
-47.43333278	0.00208546
-47.39999945	0.00206067
-47.36666612	0.00207276
-47.33333278	0.00194227
-47.29999945	0.00204511
-47.26666612	0.00201852
-47.23333278	0.00208818
-47.19999945	0.00209373
-47.16666612	0.00216472
-47.13333279	0.00216452
-47.09999945	0.00210136
-47.06666612	0.00209698
-47.03333279	0.00220111
-46.99999945	0.00218554
-46.96666612	0.00216653
-46.93333279	0.00219616
-46.89999945	0.00223619
-46.86666612	0.00215994
-46.83333279	0.00205071
-46.79999945	0.00204800
-46.76666612	0.00200798
-46.73333279	0.00196788
-46.69999946	0.00198571
-46.66666612	0.00192486
-46.63333279	0.00170651
-46.59999946	0.00170748
-46.56666612	0.00155801
-46.53333279	0.00153837
-46.49999946	0.00145158
-46.46666612	0.00133640
-46.43333279	0.00127697
-46.39999946	0.00114356
-46.36666613	0.00099845
-46.33333279	0.00086804
-46.29999946	0.00088617
-46.26666613	0.00070563
-46.23333279	0.00062676
-46.19999946	0.00054534
-46.16666613	0.00047539
-46.13333279	0.00030751
-46.09999946	0.00022019
-46.06666613	0.00018749
-46.03333279	0.00013556
-45.99999946	0.00008719
-45.96666613	0.00009273
-45.93333280	0.00002046
-45.89999946	0.00010776
-45.86666613	0.00012996
-45.83333280	0.00016001
-45.79999946	0.00023348
-45.76666613	0.00026120
-45.73333280	0.00041634
-45.69999946	0.00057456
-45.66666613	0.00073867
-45.63333280	0.00093736
-45.59999947	0.00104450
-45.56666613	0.00120060
-45.53333280	0.00139212
-45.49999947	0.00157989
-45.46666613	0.00180534
-45.43333280	0.00204148
-45.39999947	0.00232648
-45.36666613	0.00245378
-45.33333280	0.00261098
-45.29999947	0.00292700
-45.26666613	0.00318816
-45.23333280	0.00344920
-45.19999947	0.00373295
-45.16666614	0.00399204
-45.13333280	0.00415966
-45.09999947	0.00437617
-45.06666614	0.00462794
-45.03333280	0.00478750
-44.99999947	0.00502563
-44.96666614	0.00537165
-44.93333280	0.00555349
-44.89999947	0.00578730
-44.86666614	0.00604998
-44.83333281	0.00621929
-44.79999947	0.00667944
-44.76666614	0.00704699
-44.73333281	0.00716066
-44.69999947	0.00751044
-44.66666614	0.00790708
-44.63333281	0.00828726
-44.59999947	0.00873370
-44.56666614	0.00914055
-44.53333281	0.00952842
-44.49999947	0.01001189
-44.46666614	0.01057811
-44.43333281	0.01109026
-44.39999948	0.01170791
-44.36666614	0.01215785
-44.33333281	0.01278238
-44.29999948	0.01337201
-44.26666614	0.01389697
-44.23333281	0.01433007
-44.19999948	0.01484022
-44.16666614	0.01519708
-44.13333281	0.01545066
-44.09999948	0.01562255
-44.06666615	0.01586166
-44.03333281	0.01579549
-43.99999948	0.01549998
-43.96666615	0.01503256
-43.93333281	0.01450161
-43.89999948	0.01356173
-43.86666615	0.01247625
-43.83333281	0.01097603
-43.79999948	0.00918191
-43.76666615	0.00715939
-43.73333282	0.00464870
-43.69999948	0.00184944
-43.66666615	-0.00143798
-43.63333282	-0.00504648
-43.59999948	-0.00900258
-43.56666615	-0.01322747
-43.53333282	-0.01790005
-43.49999948	-0.02287136
-43.46666615	-0.02798542
-43.43333282	-0.03360187
-43.39999948	-0.03925826
-43.36666615	-0.04500027
-43.33333282	-0.05090627
-43.29999949	-0.05684899
-43.26666615	-0.06257141
-43.23333282	-0.06848624
-43.19999949	-0.07407542
-43.16666615	-0.07932460
-43.13333282	-0.08427349
-43.09999949	-0.08887187
-43.06666615	-0.09300348
-43.03333282	-0.09663171
-42.99999949	-0.09973631
-42.96666616	-0.10224497
-42.93333282	-0.10414703
-42.89999949	-0.10535930
-42.86666616	-0.10592900
-42.83333282	-0.10571323
-42.79999949	-0.10483418
-42.76666616	-0.10338390
-42.73333282	-0.10122189
-42.69999949	-0.09831100
-42.66666616	-0.09496961
-42.63333282	-0.09094295
-42.59999949	-0.08631487
-42.56666616	-0.08124274
-42.53333283	-0.07586379
-42.49999949	-0.07005618
-42.46666616	-0.06398560
-42.43333283	-0.05757460
-42.39999949	-0.05098798
-42.36666616	-0.04440760
-42.33333283	-0.03769124
-42.29999949	-0.03087242
-42.26666616	-0.02420749
-42.23333283	-0.01751186
-42.19999950	-0.01097790
-42.16666616	-0.00475499
-42.13333283	0.00125153
-42.09999950	0.00708330
-42.06666616	0.01265465
-42.03333283	0.01783327
-41.99999950	0.02281903
-41.96666616	0.02742877
-41.93333283	0.03177702
-41.89999950	0.03572532
-41.86666616	0.03924389
-41.83333283	0.04269298
-41.79999950	0.04575677
-41.76666617	0.04839001
-41.73333283	0.05070012
-41.69999950	0.05281604
-41.66666617	0.05474569
-41.63333283	0.05625138
-41.59999950	0.05751730
-41.56666617	0.05865429
-41.53333283	0.05944606
-41.49999950	0.06004103
-41.46666617	0.06058608
-41.43333284	0.06076896
-41.39999950	0.06089850
-41.36666617	0.06074949
-41.33333284	0.06051400
-41.29999950	0.06013446
-41.26666617	0.05965499
-41.23333284	0.05896134
-41.19999950	0.05831325
-41.16666617	0.05740947
-41.13333284	0.05641208
-41.09999950	0.05545958
-41.06666617	0.05427530
-41.03333284	0.05315524
-40.99999951	0.05189159
-40.96666617	0.05032122
-40.93333284	0.04896646
-40.89999951	0.04731313
-40.86666617	0.04560816
-40.83333284	0.04382781
-40.79999951	0.04195826
-40.76666617	0.04000551
-40.73333284	0.03784593
-40.69999951	0.03570985
-40.66666618	0.03335511
-40.63333284	0.03094673
-40.59999951	0.02858524
-40.56666618	0.02598456
-40.53333284	0.02320422
-40.49999951	0.02043300
-40.46666618	0.01776053
-40.43333284	0.01496976
-40.39999951	0.01201245
-40.36666618	0.00899431
-40.33333284	0.00613351
-40.29999951	0.00311232
-40.26666618	0.00017926
-40.23333285	-0.00267926
-40.19999951	-0.00554364
-40.16666618	-0.00842577
-40.13333285	-0.01092974
-40.09999951	-0.01353678
-40.06666618	-0.01592727
-40.03333285	-0.01809287
-39.99999951	-0.02009269
-39.96666618	-0.02184206
-39.93333285	-0.02342917
-39.89999952	-0.02480284
-39.86666618	-0.02587233
-39.83333285	-0.02665366
-39.79999952	-0.02726416
-39.76666618	-0.02737122
-39.73333285	-0.02731901
-39.69999952	-0.02722743
-39.66666618	-0.02674525
-39.63333285	-0.02599744
-39.59999952	-0.02498986
-39.56666619	-0.02377634
-39.53333285	-0.02230705
-39.49999952	-0.02078718
-39.46666619	-0.01899574
-39.43333285	-0.01709623
-39.39999952	-0.01504784
-39.36666619	-0.01284236
-39.33333285	-0.01064797
-39.29999952	-0.00829161
-39.26666619	-0.00588186
-39.23333285	-0.00357120
-39.19999952	-0.00110431
-39.16666619	0.00114742
-39.13333286	0.00341046
-39.09999952	0.00565047
-39.06666619	0.00784004
-39.03333286	0.00987105
-38.99999952	0.01185020
-38.96666619	0.01377372
-38.93333286	0.01556379
-38.89999952	0.01713618
-38.86666619	0.01870767
-38.83333286	0.02009506
-38.79999953	0.02138216
-38.76666619	0.02258705
-38.73333286	0.02357783
-38.69999953	0.02447277
-38.66666619	0.02526243
-38.63333286	0.02580200
-38.59999953	0.02652816
-38.56666619	0.02693744
-38.53333286	0.02730595
-38.49999953	0.02757558
-38.46666619	0.02770488
-38.43333286	0.02788461
-38.39999953	0.02783835
-38.36666620	0.02778685
-38.33333286	0.02782615
-38.29999953	0.02767793
-38.26666620	0.02735816
-38.23333286	0.02723760
-38.19999953	0.02690907
-38.16666620	0.02669565
-38.13333286	0.02626766
-38.09999953	0.02594308
-38.06666620	0.02558259
-38.03333287	0.02524634
-37.99999953	0.02474146
-37.96666620	0.02445002
-37.93333287	0.02381026
-37.89999953	0.02324707
-37.86666620	0.02267984
-37.83333287	0.02203821
-37.79999953	0.02151005
-37.76666620	0.02083514
-37.73333287	0.02001796
-37.69999953	0.01926947
-37.66666620	0.01854126
-37.63333287	0.01767796
-37.59999954	0.01668206
-37.56666620	0.01577419
-37.53333287	0.01487223
-37.49999954	0.01383665
-37.46666620	0.01279108
-37.43333287	0.01159491
-37.39999954	0.01047432
-37.36666620	0.00932230
-37.33333287	0.00819705
-37.29999954	0.00701539
-37.26666621	0.00589657
-37.23333287	0.00459738
-37.19999954	0.00343735
-37.16666621	0.00228256
-37.13333287	0.00095644
-37.09999954	-0.00007593
-37.06666621	-0.00117267
-37.03333287	-0.00237984
-36.99999954	-0.00349169
-36.96666621	-0.00448371
-36.93333287	-0.00532878
-36.89999954	-0.00624313
-36.86666621	-0.00704660
-36.83333288	-0.00773705
-36.79999954	-0.00848345
-36.76666621	-0.00901521
-36.73333288	-0.00958289
-36.69999954	-0.01004828
-36.66666621	-0.01034406
-36.63333288	-0.01053666
-36.59999954	-0.01070132
-36.56666621	-0.01084340
-36.53333288	-0.01087797
-36.49999955	-0.01079224
-36.46666621	-0.01077944
-36.43333288	-0.01050462
-36.39999955	-0.01021556
-36.36666621	-0.00991578
-36.33333288	-0.00965041
-36.29999955	-0.00919700
-36.26666621	-0.00870693
-36.23333288	-0.00815846
-36.19999955	-0.00779129
-36.16666621	-0.00724093
-36.13333288	-0.00667494
-36.09999955	-0.00616112
-36.06666622	-0.00567705
-36.03333288	-0.00514505
-35.99999955	-0.00457345
-35.96666622	-0.00402304
-35.93333288	-0.00379402
-35.89999955	-0.00318073
-35.86666622	-0.00283503
-35.83333288	-0.00260688
-35.79999955	-0.00217622
-35.76666622	-0.00194958
-35.73333289	-0.00174788
-35.69999955	-0.00157392
-35.66666622	-0.00156504
-35.63333289	-0.00144814
-35.59999955	-0.00136479
-35.56666622	-0.00142452
-35.53333289	-0.00158658
-35.49999955	-0.00173262
-35.46666622	-0.00185577
-35.43333289	-0.00204660
-35.39999955	-0.00240692
-35.36666622	-0.00259470
-35.33333289	-0.00301893
-35.29999956	-0.00334839
-35.26666622	-0.00365968
-35.23333289	-0.00393931
-35.19999956	-0.00443655
-35.16666622	-0.00476624
-35.13333289	-0.00517169
-35.09999956	-0.00571996
-35.06666622	-0.00609132
-35.03333289	-0.00642367
-34.99999956	-0.00698830
-34.96666623	-0.00726503
-34.93333289	-0.00776200
-34.89999956	-0.00800173
-34.86666623	-0.00831667
-34.83333289	-0.00867582
-34.79999956	-0.00903839
-34.76666623	-0.00958846
-34.73333289	-0.00977704
-34.69999956	-0.01022181
-34.66666623	-0.01049512
-34.63333290	-0.01073035
-34.59999956	-0.01102211
-34.56666623	-0.01128760
-34.53333290	-0.01155870
-34.49999956	-0.01186478
-34.46666623	-0.01200190
-34.43333290	-0.01219718
-34.39999956	-0.01234660
-34.36666623	-0.01247402
-34.33333290	-0.01273079
-34.29999956	-0.01292250
-34.26666623	-0.01299733
-34.23333290	-0.01318279
-34.19999957	-0.01334687
-34.16666623	-0.01337923
-34.13333290	-0.01353892
-34.09999957	-0.01366410
-34.06666623	-0.01383853
-34.03333290	-0.01392070
-33.99999957	-0.01396281
-33.96666623	-0.01414018
-33.93333290	-0.01424342
-33.89999957	-0.01442236
-33.86666624	-0.01458619
-33.83333290	-0.01467176
-33.79999957	-0.01491725
-33.76666624	-0.01501875
-33.73333290	-0.01521469
-33.69999957	-0.01539397
-33.66666624	-0.01566718
-33.63333290	-0.01578592
-33.59999957	-0.01601053
-33.56666624	-0.01614299
-33.53333290	-0.01628607
-33.49999957	-0.01647241
-33.46666624	-0.01652421
-33.43333291	-0.01673486
-33.39999957	-0.01677536
-33.36666624	-0.01687599
-33.33333291	-0.01685956
-33.29999957	-0.01690985
-33.26666624	-0.01699735
-33.23333291	-0.01685613
-33.19999957	-0.01673759
-33.16666624	-0.01654658
-33.13333291	-0.01652035
-33.09999958	-0.01633050
-33.06666624	-0.01613222
-33.03333291	-0.01587428
-32.99999958	-0.01563153
-32.96666624	-0.01526511
-32.93333291	-0.01488648
-32.89999958	-0.01450797
-32.86666624	-0.01413790
-32.83333291	-0.01381789
-32.79999958	-0.01330180
-32.76666624	-0.01290539
-32.73333291	-0.01243174
-32.69999958	-0.01192349
-32.66666625	-0.01153141
-32.63333291	-0.01096271
-32.59999958	-0.01043377
-32.56666625	-0.00990243
-32.53333291	-0.00961534
-32.49999958	-0.00903785
-32.46666625	-0.00854827
-32.43333291	-0.00816079
-32.39999958	-0.00774854
-32.36666625	-0.00732909
-32.33333292	-0.00688900
-32.29999958	-0.00657576
-32.26666625	-0.00622192
-32.23333292	-0.00592588
-32.19999958	-0.00562114
-32.16666625	-0.00529719
-32.13333292	-0.00513354
-32.09999958	-0.00492204
-32.06666625	-0.00471200
-32.03333292	-0.00466263
-31.99999958	-0.00449155
-31.96666625	-0.00440055
-31.93333292	-0.00441389
-31.89999959	-0.00438667
-31.86666625	-0.00439399
-31.83333292	-0.00434601
-31.79999959	-0.00432581
-31.76666625	-0.00436027
-31.73333292	-0.00442178
-31.69999959	-0.00449078
-31.66666625	-0.00459665
-31.63333292	-0.00469302
-31.59999959	-0.00474320
-31.56666626	-0.00469599
-31.53333292	-0.00482571
-31.49999959	-0.00489492
-31.46666626	-0.00495950
-31.43333292	-0.00500351
-31.39999959	-0.00498798
-31.36666626	-0.00485426
-31.33333292	-0.00489282
-31.29999959	-0.00485587
-31.26666626	-0.00477122
-31.23333292	-0.00476165
-31.19999959	-0.00458347
-31.16666626	-0.00443115
-31.13333293	-0.00426408
-31.09999959	-0.00413944
-31.06666626	-0.00394630
-31.03333293	-0.00385604
-30.99999959	-0.00370370
-30.96666626	-0.00360501
-30.93333293	-0.00347369
-30.89999959	-0.00334850
-30.86666626	-0.00324780
-30.83333293	-0.00305383
-30.79999960	-0.00300639
-30.76666626	-0.00278155
-30.73333293	-0.00264362
-30.69999960	-0.00250416
-30.66666626	-0.00231436
-30.63333293	-0.00231708
-30.59999960	-0.00232793
-30.56666626	-0.00208717
-30.53333293	-0.00208758
-30.49999960	-0.00199356
-30.46666627	-0.00186025
-30.43333293	-0.00180198
-30.39999960	-0.00185823
-30.36666627	-0.00180818
-30.33333293	-0.00171061
-30.29999960	-0.00175294
-30.26666627	-0.00178616
-30.23333293	-0.00181379
-30.19999960	-0.00174309
-30.16666627	-0.00179651
-30.13333293	-0.00185058
-30.09999960	-0.00188023
-30.06666627	-0.00190978
-30.03333294	-0.00204938
-29.99999960	-0.00208352
-29.96666627	-0.00208227
-29.93333294	-0.00211467
-29.89999960	-0.00232446
-29.86666627	-0.00218594
-29.83333294	-0.00229297
-29.79999960	-0.00230148
-29.76666627	-0.00238359
-29.73333294	-0.00235020
-29.69999961	-0.00237355
-29.66666627	-0.00233470
-29.63333294	-0.00226166
-29.59999961	-0.00229045
-29.56666627	-0.00218098
-29.53333294	-0.00225745
-29.49999961	-0.00206713
-29.46666627	-0.00201913
-29.43333294	-0.00194862
-29.39999961	-0.00185643
-29.36666627	-0.00179610
-29.33333294	-0.00179316
-29.29999961	-0.00162011
-29.26666628	-0.00152320
-29.23333294	-0.00143437
-29.19999961	-0.00130361
-29.16666628	-0.00114189
-29.13333294	-0.00104373
-29.09999961	-0.00093467
-29.06666628	-0.00079607
-29.03333294	-0.00068723
-28.99999961	-0.00056240
-28.96666628	-0.00035178
-28.93333295	-0.00025538
-28.89999961	-0.00007523
-28.86666628	0.00007843
-28.83333295	0.00025676
-28.79999961	0.00029202
-28.76666628	0.00044318
-28.73333295	0.00052573
-28.69999961	0.00072128
-28.66666628	0.00092091
-28.63333295	0.00096760
-28.59999961	0.00102386
-28.56666628	0.00106974
-28.53333295	0.00104148
-28.49999962	0.00131552
-28.46666628	0.00125627
-28.43333295	0.00128957
-28.39999962	0.00125461
-28.36666628	0.00125750
-28.33333295	0.00113588
-28.29999962	0.00110201
-28.26666628	0.00101811
-28.23333295	0.00091220
-28.19999962	0.00095840
-28.16666629	0.00068393
-28.13333295	0.00068614
-28.09999962	0.00041800
-28.06666629	0.00020701
-28.03333295	0.00008979
-27.99999962	-0.00017002
-27.96666629	-0.00019900
-27.93333295	-0.00038407
-27.89999962	-0.00059068
-27.86666629	-0.00068133
-27.83333295	-0.00080627
-27.79999962	-0.00088374
-27.76666629	-0.00090782
-27.73333296	-0.00103508
-27.69999962	-0.00104312
-27.66666629	-0.00106795
-27.63333296	-0.00103082
-27.59999962	-0.00105162
-27.56666629	-0.00112501
-27.53333296	-0.00105173
-27.49999962	-0.00096941
-27.46666629	-0.00081793
-27.43333296	-0.00086156
-27.39999963	-0.00074047
-27.36666629	-0.00057146
-27.33333296	-0.00042688
-27.29999963	-0.00046126
-27.26666629	-0.00032147
-27.23333296	-0.00002981
-27.19999963	0.00002274
-27.16666629	0.00013396
-27.13333296	0.00037833
-27.09999963	0.00044878
-27.06666629	0.00051738
-27.03333296	0.00056117
-26.99999963	0.00071574
-26.96666630	0.00077599
-26.93333296	0.00077860
-26.89999963	0.00091474
-26.86666630	0.00091207
-26.83333296	0.00099349
-26.79999963	0.00082642
-26.76666630	0.00082504
-26.73333296	0.00064655
-26.69999963	0.00063421
-26.66666630	0.00046947
-26.63333297	0.00041988
-26.59999963	0.00028368
-26.56666630	0.00002250
-26.53333297	-0.00017897
-26.49999963	-0.00033139
-26.46666630	-0.00052217
-26.43333297	-0.00069540
-26.39999963	-0.00099102
-26.36666630	-0.00124946
-26.33333297	-0.00147429
-26.29999963	-0.00162429
-26.26666630	-0.00186392
-26.23333297	-0.00208393
-26.19999964	-0.00233070
-26.16666630	-0.00244320
-26.13333297	-0.00266157
-26.09999964	-0.00279154
-26.06666630	-0.00311636
-26.03333297	-0.00306081
-25.99999964	-0.00337885
-25.96666630	-0.00343254
-25.93333297	-0.00348838
-25.89999964	-0.00361758
-25.86666631	-0.00372269
-25.83333297	-0.00367362
-25.79999964	-0.00373917
-25.76666631	-0.00386532
-25.73333297	-0.00381327
-25.69999964	-0.00389967
-25.66666631	-0.00398904
-25.63333297	-0.00400488
-25.59999964	-0.00409375
-25.56666631	-0.00408912
-25.53333298	-0.00403610
-25.49999964	-0.00404614
-25.46666631	-0.00403285
-25.43333298	-0.00396564
-25.39999964	-0.00412620
-25.36666631	-0.00396850
-25.33333298	-0.00395440
-25.29999964	-0.00388389
-25.26666631	-0.00393241
-25.23333298	-0.00398467
-25.19999964	-0.00391649
-25.16666631	-0.00393007
-25.13333298	-0.00401719
-25.09999965	-0.00392587
-25.06666631	-0.00393180
-25.03333298	-0.00395404
-24.99999965	-0.00398154
-24.96666631	-0.00393910
-24.93333298	-0.00393388
-24.89999965	-0.00394580
-24.86666631	-0.00393382
-24.83333298	-0.00404460
-24.79999965	-0.00412877
-24.76666632	-0.00410474
-24.73333298	-0.00420541
-24.69999965	-0.00422418
-24.66666632	-0.00432101
-24.63333298	-0.00439048
-24.59999965	-0.00448444
-24.56666632	-0.00449795
-24.53333298	-0.00457167
-24.49999965	-0.00460256
-24.46666632	-0.00475938
-24.43333298	-0.00484525
-24.39999965	-0.00477824
-24.36666632	-0.00475847
-24.33333299	-0.00484123
-24.29999965	-0.00488382
-24.26666632	-0.00493867
-24.23333299	-0.00496224
-24.19999965	-0.00486204
-24.16666632	-0.00489608
-24.13333299	-0.00491383
-24.09999965	-0.00479808
-24.06666632	-0.00478028
-24.03333299	-0.00471313
-23.99999966	-0.00468605
-23.96666632	-0.00459605
-23.93333299	-0.00452575
-23.89999966	-0.00431506
-23.86666632	-0.00428332
-23.83333299	-0.00416731
-23.79999966	-0.00400946
-23.76666632	-0.00389916
-23.73333299	-0.00373117
-23.69999966	-0.00366412
-23.66666632	-0.00345869
-23.63333299	-0.00326369
-23.59999966	-0.00308861
-23.56666633	-0.00290256
-23.53333299	-0.00288372
-23.49999966	-0.00271900
-23.46666633	-0.00237367
-23.43333299	-0.00234362
-23.39999966	-0.00230330
-23.36666633	-0.00209995
-23.33333299	-0.00196699
-23.29999966	-0.00188990
-23.26666633	-0.00176054
-23.23333300	-0.00170823
-23.19999966	-0.00178621
-23.16666633	-0.00164601
-23.13333300	-0.00175694
-23.09999966	-0.00168905
-23.06666633	-0.00181194
-23.03333300	-0.00180425
-22.99999966	-0.00195207
-22.96666633	-0.00206768
-22.93333300	-0.00216227
-22.89999966	-0.00233364
-22.86666633	-0.00248943
-22.83333300	-0.00259716
-22.79999967	-0.00287959
-22.76666633	-0.00312323
-22.73333300	-0.00333355
-22.69999967	-0.00344351
-22.66666633	-0.00372259
-22.63333300	-0.00392185
-22.59999967	-0.00418002
-22.56666633	-0.00435336
-22.53333300	-0.00458617
-22.49999967	-0.00480424
-22.46666634	-0.00499940
-22.43333300	-0.00516896
-22.39999967	-0.00528623
-22.36666634	-0.00543140
-22.33333300	-0.00550694
-22.29999967	-0.00573266
-22.26666634	-0.00582204
-22.23333300	-0.00580960
-22.19999967	-0.00586618
-22.16666634	-0.00603247
-22.13333300	-0.00598978
-22.09999967	-0.00598522
-22.06666634	-0.00596313
-22.03333301	-0.00582434
-21.99999967	-0.00581662
-21.96666634	-0.00578478
-21.93333301	-0.00561655
-21.89999967	-0.00550712
-21.86666634	-0.00545975
-21.83333301	-0.00522056
-21.79999967	-0.00522304
-21.76666634	-0.00510402
-21.73333301	-0.00502597
-21.69999968	-0.00498163
-21.66666634	-0.00487724
-21.63333301	-0.00479305
-21.59999968	-0.00469739
-21.56666634	-0.00461425
-21.53333301	-0.00460625
-21.49999968	-0.00454972
-21.46666634	-0.00464467
-21.43333301	-0.00460832
-21.39999968	-0.00458277
-21.36666635	-0.00465418
-21.33333301	-0.00466300
-21.29999968	-0.00471507
-21.26666635	-0.00472908
-21.23333301	-0.00482711
-21.19999968	-0.00481869
-21.16666635	-0.00499798
-21.13333301	-0.00510542
-21.09999968	-0.00516209
-21.06666635	-0.00527140
-21.03333301	-0.00520703
-20.99999968	-0.00543151
-20.96666635	-0.00549357
-20.93333302	-0.00557242
-20.89999968	-0.00566528
-20.86666635	-0.00562702
-20.83333302	-0.00571933
-20.79999968	-0.00572675
-20.76666635	-0.00584442
-20.73333302	-0.00578804
-20.69999968	-0.00588362
-20.66666635	-0.00583722
-20.63333302	-0.00584177
-20.59999969	-0.00576443
-20.56666635	-0.00582244
-20.53333302	-0.00567983
-20.49999969	-0.00560525
-20.46666635	-0.00552444
-20.43333302	-0.00550222
-20.39999969	-0.00533414
-20.36666635	-0.00529942
-20.33333302	-0.00518729
-20.29999969	-0.00512157
-20.26666635	-0.00496555
-20.23333302	-0.00492620
-20.19999969	-0.00482031
-20.16666636	-0.00468056
-20.13333302	-0.00448320
-20.09999969	-0.00446176
-20.06666636	-0.00422466
-20.03333302	-0.00411302
-19.99999969	-0.00405151
-19.96666636	-0.00396089
-19.93333302	-0.00395376
-19.89999969	-0.00371880
-19.86666636	-0.00366328
-19.83333303	-0.00367709
-19.79999969	-0.00356761
-19.76666636	-0.00346715
-19.73333303	-0.00342179
-19.69999969	-0.00324852
-19.66666636	-0.00336826
-19.63333303	-0.00323196
-19.59999969	-0.00321242
-19.56666636	-0.00327016
-19.53333303	-0.00325047
-19.49999969	-0.00317073
-19.46666636	-0.00319526
-19.43333303	-0.00316516
-19.39999970	-0.00324360
-19.36666636	-0.00318171
-19.33333303	-0.00317372
-19.29999970	-0.00322295
-19.26666636	-0.00315458
-19.23333303	-0.00318138
-19.19999970	-0.00325236
-19.16666636	-0.00319235
-19.13333303	-0.00319027
-19.09999970	-0.00325362
-19.06666637	-0.00320091
-19.03333303	-0.00315684
-18.99999970	-0.00323728
-18.96666637	-0.00314687
-18.93333303	-0.00313675
-18.89999970	-0.00319169
-18.86666637	-0.00307128
-18.83333303	-0.00310374
-18.79999970	-0.00303867
-18.76666637	-0.00295646
-18.73333303	-0.00286521
-18.69999970	-0.00286826
-18.66666637	-0.00279550
-18.63333304	-0.00276918
-18.59999970	-0.00268992
-18.56666637	-0.00256514
-18.53333304	-0.00237419
-18.49999970	-0.00231915
-18.46666637	-0.00214581
-18.43333304	-0.00190592
-18.39999970	-0.00184628
-18.36666637	-0.00165002
-18.33333304	-0.00134668
-18.29999971	-0.00122850
-18.26666637	-0.00103960
-18.23333304	-0.00084927
-18.19999971	-0.00073806
-18.16666637	-0.00053579
-18.13333304	-0.00032577
-18.09999971	-0.00008086
-18.06666637	0.00013844
-18.03333304	0.00037495
-17.99999971	0.00065156
-17.96666637	0.00073559
-17.93333304	0.00094783
-17.89999971	0.00123812
-17.86666638	0.00129233
-17.83333304	0.00147659
-17.79999971	0.00163429
-17.76666638	0.00182567
-17.73333304	0.00208839
-17.69999971	0.00210973
-17.66666638	0.00216319
-17.63333304	0.00223141
-17.59999971	0.00233071
-17.56666638	0.00250768
-17.53333305	0.00258606
-17.49999971	0.00267324
-17.46666638	0.00261492
-17.43333305	0.00262570
-17.39999971	0.00264728
-17.36666638	0.00266753
-17.33333305	0.00262102
-17.29999971	0.00265594
-17.26666638	0.00269894
-17.23333305	0.00257872
-17.19999971	0.00255110
-17.16666638	0.00254667
-17.13333305	0.00260438
-17.09999972	0.00256462
-17.06666638	0.00257461
-17.03333305	0.00259875
-16.99999972	0.00263108
-16.96666638	0.00262728
-16.93333305	0.00267855
-16.89999972	0.00275458
-16.86666638	0.00291520
-16.83333305	0.00303221
-16.79999972	0.00313609
-16.76666639	0.00311449
-16.73333305	0.00323749
-16.69999972	0.00338462
-16.66666639	0.00352423
-16.63333305	0.00368253
-16.59999972	0.00391523
-16.56666639	0.00406123
-16.53333305	0.00404148
-16.49999972	0.00428162
-16.46666639	0.00449375
-16.43333306	0.00468728
-16.39999972	0.00472997
-16.36666639	0.00486008
-16.33333306	0.00504803
-16.29999972	0.00514496
-16.26666639	0.00516616
-16.23333306	0.00532998
-16.19999972	0.00539087
-16.16666639	0.00540768
-16.13333306	0.00540528
-16.09999972	0.00548628
-16.06666639	0.00550650
-16.03333306	0.00560916
-15.99999973	0.00542683
-15.96666639	0.00564219
-15.93333306	0.00560826
-15.89999973	0.00567291
-15.86666639	0.00563520
-15.83333306	0.00554686
-15.79999973	0.00553553
-15.76666639	0.00545258
-15.73333306	0.00546905
-15.69999973	0.00544649
-15.66666640	0.00534974
-15.63333306	0.00534977
-15.59999973	0.00528091
-15.56666640	0.00527473
-15.53333306	0.00519178
-15.49999973	0.00506860
-15.46666640	0.00506549
-15.43333306	0.00501244
-15.39999973	0.00493116
-15.36666640	0.00487395
-15.33333306	0.00490343
-15.29999973	0.00482880
-15.26666640	0.00487224
-15.23333307	0.00494133
-15.19999973	0.00486044
-15.16666640	0.00481054
-15.13333307	0.00474707
-15.09999973	0.00482471
-15.06666640	0.00485548
-15.03333307	0.00497750
-14.99999973	0.00499915
-14.96666640	0.00509035
-14.93333307	0.00512128
-14.89999974	0.00515362
-14.86666640	0.00532445
-14.83333307	0.00528316
-14.79999974	0.00546637
-14.76666640	0.00541933
-14.73333307	0.00555313
-14.69999974	0.00559322
-14.66666640	0.00560332
-14.63333307	0.00574646
-14.59999974	0.00584322
-14.56666640	0.00595218
-14.53333307	0.00602158
-14.49999974	0.00604339
-14.46666641	0.00618545
-14.43333307	0.00617638
-14.39999974	0.00622358
-14.36666641	0.00625974
-14.33333307	0.00621665
-14.29999974	0.00620887
-14.26666641	0.00628423
-14.23333307	0.00622673
-14.19999974	0.00617903
-14.16666641	0.00614230
-14.13333308	0.00611836
-14.09999974	0.00626347
-14.06666641	0.00615199
-14.03333308	0.00598725
-13.99999974	0.00597167
-13.96666641	0.00594206
-13.93333308	0.00580759
-13.89999974	0.00584522
-13.86666641	0.00576700
-13.83333308	0.00562476
-13.79999974	0.00563559
-13.76666641	0.00537526
-13.73333308	0.00534060
-13.69999975	0.00521836
-13.66666641	0.00511881
-13.63333308	0.00484311
-13.59999975	0.00480239
-13.56666641	0.00455891
-13.53333308	0.00460520
-13.49999975	0.00437271
-13.46666641	0.00429577
-13.43333308	0.00424748
-13.39999975	0.00404577
-13.36666642	0.00390421
-13.33333308	0.00369970
-13.29999975	0.00364382
-13.26666642	0.00357443
-13.23333308	0.00349419
-13.19999975	0.00341147
-13.16666642	0.00337508
-13.13333308	0.00338348
-13.09999975	0.00330303
-13.06666642	0.00317988
-13.03333308	0.00317281
-12.99999975	0.00322219
-12.96666642	0.00325355
-12.93333309	0.00335489
-12.89999975	0.00332527
-12.86666642	0.00339544
-12.83333309	0.00351060
-12.79999975	0.00353227
-12.76666642	0.00365567
-12.73333309	0.00361123
-12.69999975	0.00365591
-12.66666642	0.00378235
-12.63333309	0.00377334
-12.59999976	0.00380803
-12.56666642	0.00385993
-12.53333309	0.00398880
-12.49999976	0.00400399
-12.46666642	0.00408151
-12.43333309	0.00407240
-12.39999976	0.00414326
-12.36666642	0.00418428
-12.33333309	0.00407111
-12.29999976	0.00406443
-12.26666643	0.00402946
-12.23333309	0.00400054
-12.19999976	0.00396118
-12.16666643	0.00388570
-12.13333309	0.00376531
-12.09999976	0.00383048
-12.06666643	0.00366672
-12.03333309	0.00360960
-11.99999976	0.00352899
-11.96666643	0.00341539
-11.93333309	0.00342095
-11.89999976	0.00333172
-11.86666643	0.00318589
-11.83333310	0.00303236
-11.79999976	0.00309337
-11.76666643	0.00309857
-11.73333310	0.00295525
-11.69999976	0.00289913
-11.66666643	0.00295034
-11.63333310	0.00296475
-11.59999976	0.00287089
-11.56666643	0.00290293
-11.53333310	0.00281515
-11.49999977	0.00290054
-11.46666643	0.00306441
-11.43333310	0.00319938
-11.39999977	0.00327495
-11.36666643	0.00341573
-11.33333310	0.00345041
-11.29999977	0.00361885
-11.26666643	0.00378562
-11.23333310	0.00393697
-11.19999977	0.00397836
-11.16666643	0.00405079
-11.13333310	0.00422077
-11.09999977	0.00443763
-11.06666644	0.00446122
-11.03333310	0.00451912
-10.99999977	0.00462648
-10.96666644	0.00476381
-10.93333310	0.00479797
-10.89999977	0.00487832
-10.86666644	0.00490799
-10.83333310	0.00491722
-10.79999977	0.00497785
-10.76666644	0.00487995
-10.73333311	0.00489210
-10.69999977	0.00480633
-10.66666644	0.00469097
-10.63333311	0.00455148
-10.59999977	0.00449777
-10.56666644	0.00442168
-10.53333311	0.00423668
-10.49999977	0.00398426
-10.46666644	0.00393887
-10.43333311	0.00366650
-10.39999977	0.00350539
-10.36666644	0.00326711
-10.33333311	0.00309841
-10.29999978	0.00294152
-10.26666644	0.00264832
-10.23333311	0.00238717
-10.19999978	0.00226933
-10.16666644	0.00198822
-10.13333311	0.00181217
-10.09999978	0.00154541
-10.06666644	0.00140519
-10.03333311	0.00118154
-9.99999978	0.00101662
-9.96666645	0.00087307
-9.93333311	0.00065881
-9.89999978	0.00059257
-9.86666645	0.00039084
-9.83333311	0.00033898
-9.79999978	0.00028632
-9.76666645	0.00019509
-9.73333311	0.00014119
-9.69999978	0.00006214
-9.66666645	0.00012627
-9.63333311	-0.00000036
-9.59999978	-0.00005637
-9.56666645	0.00002311
-9.53333312	0.00002632
-9.49999978	0.00007785
-9.46666645	0.00017850
-9.43333312	0.00011448
-9.39999978	0.00013497
-9.36666645	0.00013274
-9.33333312	0.00026982
-9.29999978	0.00037729
-9.26666645	0.00040784
-9.23333312	0.00049974
-9.19999979	0.00057304
-9.16666645	0.00067750
-9.13333312	0.00064645
-9.09999979	0.00065646
-9.06666645	0.00070112
-9.03333312	0.00092069
-8.99999979	0.00085695
-8.96666645	0.00088661
-8.93333312	0.00084759
-8.89999979	0.00079314
-8.86666645	0.00079583
-8.83333312	0.00075678
-8.79999979	0.00075086
-8.76666646	0.00055995
-8.73333312	0.00057401
-8.69999979	0.00048598
-8.66666646	0.00040216
-8.63333312	0.00040200
-8.59999979	0.00015985
-8.56666646	0.00006526
-8.53333312	-0.00009730
-8.49999979	-0.00027185
-8.46666646	-0.00038635
-8.43333313	-0.00060248
-8.39999979	-0.00077877
-8.36666646	-0.00103523
-8.33333313	-0.00127471
-8.29999979	-0.00144159
-8.26666646	-0.00169228
-8.23333313	-0.00194619
-8.19999979	-0.00226386
-8.16666646	-0.00247711
-8.13333313	-0.00281851
-8.09999979	-0.00302930
-8.06666646	-0.00324456
-8.03333313	-0.00360828
-7.99999980	-0.00385688
-7.96666646	-0.00403000
-7.93333313	-0.00433167
-7.89999980	-0.00470111
-7.86666646	-0.00483841
-7.83333313	-0.00522541
-7.79999980	-0.00549268
-7.76666646	-0.00574775
-7.73333313	-0.00608950
-7.69999980	-0.00627265
-7.66666647	-0.00653891
-7.63333313	-0.00679379
-7.59999980	-0.00703863
-7.56666647	-0.00730015
-7.53333313	-0.00742842
-7.49999980	-0.00765160
-7.46666647	-0.00789461
-7.43333313	-0.00799771
-7.39999980	-0.00827207
-7.36666647	-0.00849654
-7.33333314	-0.00867180
-7.29999980	-0.00895362
-7.26666647	-0.00910940
-7.23333314	-0.00921908
-7.19999980	-0.00945709
-7.16666647	-0.00968120
-7.13333314	-0.00987757
-7.09999980	-0.00993226
-7.06666647	-0.01015732
-7.03333314	-0.01023403
-6.99999980	-0.01039508
-6.96666647	-0.01068195
-6.93333314	-0.01077710
-6.89999981	-0.01093297
-6.86666647	-0.01096894
-6.83333314	-0.01121140
-6.79999981	-0.01127988
-6.76666647	-0.01148451
-6.73333314	-0.01163119
-6.69999981	-0.01163106
-6.66666647	-0.01180928
-6.63333314	-0.01187231
-6.59999981	-0.01195060
-6.56666648	-0.01207898
-6.53333314	-0.01210662
-6.49999981	-0.01199278
-6.46666648	-0.01201120
-6.43333314	-0.01196084
-6.39999981	-0.01191088
-6.36666648	-0.01192081
-6.33333314	-0.01183211
-6.29999981	-0.01164578
-6.26666648	-0.01161709
-6.23333314	-0.01131910
-6.19999981	-0.01118697
-6.16666648	-0.01097984
-6.13333315	-0.01080811
-6.09999981	-0.01058408
-6.06666648	-0.01031033
-6.03333315	-0.00985152
-5.99999981	-0.00956236
-5.96666648	-0.00924020
-5.93333315	-0.00890781
-5.89999981	-0.00851682
-5.86666648	-0.00811245
-5.83333315	-0.00771628
-5.79999982	-0.00737662
-5.76666648	-0.00707026
-5.73333315	-0.00658744
-5.69999982	-0.00617710
-5.66666648	-0.00581117
-5.63333315	-0.00557842
-5.59999982	-0.00505927
-5.56666648	-0.00478509
-5.53333315	-0.00445631
-5.49999982	-0.00412890
-5.46666648	-0.00382217
-5.43333315	-0.00352177
-5.39999982	-0.00313628
-5.36666649	-0.00293387
-5.33333315	-0.00269424
-5.29999982	-0.00243769
-5.26666649	-0.00222204
-5.23333315	-0.00211133
-5.19999982	-0.00194197
-5.16666649	-0.00174623
-5.13333315	-0.00162637
-5.09999982	-0.00148430
-5.06666649	-0.00145240
-5.03333316	-0.00134124
-4.99999982	-0.00130107
-4.96666649	-0.00117394
-4.93333316	-0.00119069
-4.89999982	-0.00120064
-4.86666649	-0.00123986
-4.83333316	-0.00136069
-4.79999982	-0.00143878
-4.76666649	-0.00136325
-4.73333316	-0.00151386
-4.69999982	-0.00170485
-4.66666649	-0.00181665
-4.63333316	-0.00195009
-4.59999983	-0.00209386
-4.56666649	-0.00219803
-4.53333316	-0.00248089
-4.49999983	-0.00274387
-4.46666649	-0.00287588
-4.43333316	-0.00306851
-4.39999983	-0.00335491
-4.36666649	-0.00361476
-4.33333316	-0.00391578
-4.29999983	-0.00422932
-4.26666650	-0.00460689
-4.23333316	-0.00497177
-4.19999983	-0.00527826
-4.16666650	-0.00564651
-4.13333316	-0.00605386
-4.09999983	-0.00630271
-4.06666650	-0.00675457
-4.03333316	-0.00714943
-3.99999983	-0.00759024
-3.96666650	-0.00805323
-3.93333316	-0.00835103
-3.89999983	-0.00868015
-3.86666650	-0.00912562
-3.83333317	-0.00952439
-3.79999983	-0.00993782
-3.76666650	-0.01037543
-3.73333317	-0.01071200
-3.69999983	-0.01114605
-3.66666650	-0.01157189
-3.63333317	-0.01198657
-3.59999983	-0.01238829
-3.56666650	-0.01281457
-3.53333317	-0.01322184
-3.49999984	-0.01357778
-3.46666650	-0.01401233
-3.43333317	-0.01446583
-3.39999984	-0.01492088
-3.36666650	-0.01528364
-3.33333317	-0.01562103
-3.29999984	-0.01592133
-3.26666650	-0.01620614
-3.23333317	-0.01654973
-3.19999984	-0.01679431
-3.16666651	-0.01709724
-3.13333317	-0.01737612
-3.09999984	-0.01753461
-3.06666651	-0.01777318
-3.03333317	-0.01797667
-2.99999984	-0.01809411
-2.96666651	-0.01815411
-2.93333317	-0.01831914
-2.89999984	-0.01846534
-2.86666651	-0.01839414
-2.83333317	-0.01843023
-2.79999984	-0.01837813
-2.76666651	-0.01834686
-2.73333318	-0.01823262
-2.69999984	-0.01812038
-2.66666651	-0.01787019
-2.63333318	-0.01769006
-2.59999984	-0.01748313
-2.56666651	-0.01710983
-2.53333318	-0.01687429
-2.49999984	-0.01648881
-2.46666651	-0.01616714
-2.43333318	-0.01568774
-2.39999985	-0.01514065
-2.36666651	-0.01470716
-2.33333318	-0.01411730
-2.29999985	-0.01354668
-2.26666651	-0.01294184
-2.23333318	-0.01214699
-2.19999985	-0.01162990
-2.16666651	-0.01089744
-2.13333318	-0.01009098
-2.09999985	-0.00923908
-2.06666651	-0.00843605
-2.03333318	-0.00776035
-1.99999985	-0.00679549
-1.96666652	-0.00590171
-1.93333318	-0.00521551
-1.89999985	-0.00426248
-1.86666652	-0.00326576
-1.83333318	-0.00232479
-1.79999985	-0.00154690
-1.76666652	-0.00061923
-1.73333318	0.00020353
-1.69999985	0.00104414
-1.66666652	0.00191188
-1.63333319	0.00276397
-1.59999985	0.00353077
-1.56666652	0.00434895
-1.53333319	0.00520346
-1.49999985	0.00591841
-1.46666652	0.00658099
-1.43333319	0.00744487
-1.39999985	0.00804130
-1.36666652	0.00880371
-1.33333319	0.00938648
-1.29999985	0.01004280
-1.26666652	0.01077056
-1.23333319	0.01127946
-1.19999986	0.01194970
-1.16666652	0.01247974
-1.13333319	0.01301329
-1.09999986	0.01349329
-1.06666652	0.01411868
-1.03333319	0.01456255
-0.99999986	0.01508062
-0.96666652	0.01541675
-0.93333319	0.01584844
-0.89999986	0.01628291
-0.86666653	0.01659934
-0.83333319	0.01714971
-0.79999986	0.01735854
-0.76666653	0.01769543
-0.73333319	0.01810032
-0.69999986	0.01835660
-0.66666653	0.01870370
-0.63333319	0.01891531
-0.59999986	0.01928619
-0.56666653	0.01944482
-0.53333319	0.01964542
-0.49999986	0.01990524
-0.46666653	0.02013393
-0.43333320	0.02034126
-0.39999986	0.02054430
-0.36666653	0.02058374
-0.33333320	0.02083880
-0.29999986	0.02095914
-0.26666653	0.02097095
-0.23333320	0.02112727
-0.19999986	0.02127586
-0.16666653	0.02137483
-0.13333320	0.02140545
-0.09999987	0.02137235
-0.06666653	0.02151391
-0.03333320	0.02137167
0.00000013	0.02139618
0.03333347	0.02139068
0.06666680	0.02138839
0.10000013	0.02130943
0.13333347	0.02126757
0.16666680	0.02125815
0.20000013	0.02120770
0.23333347	0.02103815
0.26666680	0.02101385
0.30000013	0.02091393
0.33333346	0.02080260
0.36666680	0.02072893
0.40000013	0.02074491
0.43333346	0.02049434
0.46666680	0.02044064
0.50000013	0.02027147
0.53333346	0.02022608
0.56666680	0.02017594
0.60000013	0.02020755
0.63333346	0.02002447
0.66666679	0.01991872
0.70000013	0.01989507
0.73333346	0.01978673
0.76666679	0.01986854
0.80000013	0.01977773
0.83333346	0.01971800
0.86666679	0.01973360
0.90000013	0.01970693
0.93333346	0.01961939
0.96666679	0.01965063
1.00000013	0.01975050
1.03333346	0.01968403
1.06666679	0.01978700
1.10000012	0.01980660
1.13333346	0.01981069
1.16666679	0.01993009
1.20000012	0.01990657
1.23333346	0.01984623
1.26666679	0.01996319
1.30000012	0.01979071
1.33333346	0.01989005
1.36666679	0.02006179
1.40000012	0.02007193
1.43333345	0.02000953
1.46666679	0.01997060
1.50000012	0.01996137
1.53333345	0.01995153
1.56666679	0.01992738
1.60000012	0.02002420
1.63333345	0.02003308
1.66666679	0.01998995
1.70000012	0.01990765
1.73333345	0.01991113
1.76666678	0.01986623
1.80000012	0.01971424
1.83333345	0.01968455
1.86666678	0.01973890
1.90000012	0.01955787
1.93333345	0.01956552
1.96666678	0.01945097
2.00000012	0.01929261
2.03333345	0.01922423
2.06666678	0.01902099
2.10000012	0.01895590
2.13333345	0.01877610
2.16666678	0.01863900
2.20000011	0.01835867
2.23333345	0.01827082
2.26666678	0.01802309
2.30000011	0.01782616
2.33333345	0.01766405
2.36666678	0.01748679
2.40000011	0.01725655
2.43333345	0.01712829
2.46666678	0.01672335
2.50000011	0.01655132
2.53333344	0.01639487
2.56666678	0.01609158
2.60000011	0.01583629
2.63333344	0.01564823
2.66666678	0.01545921
2.70000011	0.01527689
2.73333344	0.01501141
2.76666678	0.01483288
2.80000011	0.01461131
2.83333344	0.01441231
2.86666678	0.01427832
2.90000011	0.01413563
2.93333344	0.01407854
2.96666677	0.01391144
3.00000011	0.01373087
3.03333344	0.01348769
3.06666677	0.01341687
3.10000011	0.01336276
3.13333344	0.01318282
3.16666677	0.01303722
3.20000011	0.01288433
3.23333344	0.01281021
3.26666677	0.01275040
3.30000010	0.01268712
3.33333344	0.01257922
3.36666677	0.01243746
3.40000010	0.01241146
3.43333344	0.01218134
3.46666677	0.01223751
3.50000010	0.01207773
3.53333344	0.01205646
3.56666677	0.01191550
3.60000010	0.01185734
3.63333344	0.01177170
3.66666677	0.01163639
3.70000010	0.01142300
3.73333343	0.01128752
3.76666677	0.01108016
3.80000010	0.01092602
3.83333343	0.01071487
3.86666677	0.01050032
3.90000010	0.01023685
3.93333343	0.01017254
3.96666677	0.00987307
4.00000010	0.00968976
4.03333343	0.00944951
4.06666676	0.00921327
4.10000010	0.00891894
4.13333343	0.00877334
4.16666676	0.00837031
4.20000010	0.00834778
4.23333343	0.00795408
4.26666676	0.00778365
4.30000010	0.00751177
4.33333343	0.00722140
4.36666676	0.00694412
4.40000010	0.00669136
4.43333343	0.00649026
4.46666676	0.00626564
4.50000009	0.00596741
4.53333343	0.00570871
4.56666676	0.00548084
4.60000009	0.00530766
4.63333343	0.00505403
4.66666676	0.00482566
4.70000009	0.00460366
4.73333343	0.00435245
4.76666676	0.00417609
4.80000009	0.00396514
4.83333342	0.00366717
4.86666676	0.00339182
4.90000009	0.00312951
4.93333342	0.00287996
4.96666676	0.00253932
5.00000009	0.00233288
5.03333342	0.00209581
5.06666676	0.00180932
5.10000009	0.00153900
5.13333342	0.00124613
5.16666676	0.00095675
5.20000009	0.00073110
5.23333342	0.00035257
5.26666675	0.00017741
5.30000009	-0.00012398
5.33333342	-0.00038801
5.36666675	-0.00062184
5.40000009	-0.00085727
5.43333342	-0.00116982
5.46666675	-0.00152028
5.50000009	-0.00180993
5.53333342	-0.00205541
5.56666675	-0.00239142
5.60000008	-0.00259275
5.63333342	-0.00289269
5.66666675	-0.00318582
5.70000008	-0.00348643
5.73333342	-0.00369551
5.76666675	-0.00395098
5.80000008	-0.00414734
5.83333342	-0.00456316
5.86666675	-0.00475694
5.90000008	-0.00490474
5.93333341	-0.00516386
5.96666675	-0.00527856
6.00000008	-0.00539926
6.03333341	-0.00562602
6.06666675	-0.00578482
6.10000008	-0.00596894
6.13333341	-0.00606068
6.16666675	-0.00610784
6.20000008	-0.00635300
6.23333341	-0.00626513
6.26666675	-0.00637938
6.30000008	-0.00644677
6.33333341	-0.00645774
6.36666674	-0.00650201
6.40000008	-0.00645018
6.43333341	-0.00656373
6.46666674	-0.00648884
6.50000008	-0.00660061
6.53333341	-0.00642809
6.56666674	-0.00651740
6.60000008	-0.00643627
6.63333341	-0.00649847
6.66666674	-0.00643631
6.70000007	-0.00642468
6.73333341	-0.00653111
6.76666674	-0.00641384
6.80000007	-0.00642098
6.83333341	-0.00646127
6.86666674	-0.00638506
6.90000007	-0.00628260
6.93333341	-0.00624373
6.96666674	-0.00625123
7.00000007	-0.00624682
7.03333341	-0.00622060
7.06666674	-0.00634373
7.10000007	-0.00625258
7.13333340	-0.00626648
7.16666674	-0.00632316
7.20000007	-0.00622889
7.23333340	-0.00631814
7.26666674	-0.00628718
7.30000007	-0.00637261
7.33333340	-0.00636391
7.36666674	-0.00650919
7.40000007	-0.00657187
7.43333340	-0.00668010
7.46666673	-0.00664412
7.50000007	-0.00676224
7.53333340	-0.00697361
7.56666673	-0.00707180
7.60000007	-0.00716581
7.63333340	-0.00719457
7.66666673	-0.00739692
7.70000007	-0.00756288
7.73333340	-0.00765056
7.76666673	-0.00776845
7.80000007	-0.00791645
7.83333340	-0.00791482
7.86666673	-0.00809746
7.90000006	-0.00813247
7.93333340	-0.00821656
7.96666673	-0.00842986
8.00000006	-0.00847242
8.03333340	-0.00854199
8.06666673	-0.00866040
8.10000006	-0.00881677
8.13333340	-0.00880391
8.16666673	-0.00900743
8.20000006	-0.00912795
8.23333339	-0.00911714
8.26666673	-0.00924341
8.30000006	-0.00928274
8.33333339	-0.00940387
8.36666673	-0.00950124
8.40000006	-0.00957935
8.43333339	-0.00957724
8.46666673	-0.00965217
8.50000006	-0.00964316
8.53333339	-0.00978503
8.56666673	-0.00968142
8.60000006	-0.00968460
8.63333339	-0.00980069
8.66666672	-0.00984723
8.70000006	-0.00973573
8.73333339	-0.00982449
8.76666672	-0.00987130
8.80000006	-0.00985203
8.83333339	-0.00987615
8.86666672	-0.00996725
8.90000006	-0.00997344
8.93333339	-0.00989017
8.96666672	-0.00990425
9.00000005	-0.00994578
9.03333339	-0.00991757
9.06666672	-0.01000575
9.10000005	-0.00993001
9.13333339	-0.00997327
9.16666672	-0.00994249
9.20000005	-0.00994841
9.23333339	-0.00999095
9.26666672	-0.00998985
9.30000005	-0.00998154
9.33333339	-0.01002240
9.36666672	-0.01000435
9.40000005	-0.00992256
9.43333338	-0.00985293
9.46666672	-0.00979904
9.50000005	-0.00976832
9.53333338	-0.00961673
9.56666672	-0.00962673
9.60000005	-0.00951799
9.63333338	-0.00945418
9.66666672	-0.00933462
9.70000005	-0.00918784
9.73333338	-0.00911514
9.76666671	-0.00900988
9.80000005	-0.00882367
9.83333338	-0.00877442
9.86666671	-0.00864598
9.90000005	-0.00845250
9.93333338	-0.00834443
9.96666671	-0.00821926
10.00000005	-0.00804515
10.03333338	-0.00793627
10.06666671	-0.00778804
10.10000005	-0.00763887
10.13333338	-0.00754749
10.16666671	-0.00742984
10.20000004	-0.00725083
10.23333338	-0.00712095
10.26666671	-0.00692431
10.30000004	-0.00676693
10.33333338	-0.00662061
10.36666671	-0.00645103
10.40000004	-0.00630108
10.43333338	-0.00621242
10.46666671	-0.00598957
10.50000004	-0.00583671
10.53333337	-0.00574634
10.56666671	-0.00554710
10.60000004	-0.00548147
10.63333337	-0.00536291
10.66666671	-0.00524873
10.70000004	-0.00509780
10.73333337	-0.00500058
10.76666671	-0.00485513
10.80000004	-0.00482774
10.83333337	-0.00469483
10.86666670	-0.00459147
10.90000004	-0.00442222
10.93333337	-0.00439008
10.96666670	-0.00431094
11.00000004	-0.00425283
11.03333337	-0.00419314
11.06666670	-0.00410716
11.10000004	-0.00398561
11.13333337	-0.00392382
11.16666670	-0.00380805
11.20000004	-0.00379094
11.23333337	-0.00372126
11.26666670	-0.00365536
11.30000003	-0.00363685
11.33333337	-0.00357966
11.36666670	-0.00353736
11.40000003	-0.00347229
11.43333337	-0.00343539
11.46666670	-0.00340289
11.50000003	-0.00333410
11.53333337	-0.00330866
11.56666670	-0.00325964
11.60000003	-0.00320133
11.63333336	-0.00321996
11.66666670	-0.00316104
11.70000003	-0.00309880
11.73333336	-0.00305721
11.76666670	-0.00301362
11.80000003	-0.00295633
11.83333336	-0.00291472
11.86666670	-0.00287277
11.90000003	-0.00281666
11.93333336	-0.00275974
11.96666670	-0.00272422
12.00000003	-0.00270007
12.03333336	-0.00260875
12.06666669	-0.00258012
12.10000003	-0.00250718
12.13333336	-0.00246985
12.16666669	-0.00239974
12.20000003	-0.00232701
12.23333336	-0.00226498
12.26666669	-0.00222342
12.30000003	-0.00216478
12.33333336	-0.00208757
12.36666669	-0.00203831
12.40000002	-0.00198995
12.43333336	-0.00191525
12.46666669	-0.00186604
12.50000002	-0.00179712
12.53333336	-0.00175103
12.56666669	-0.00170256
12.60000002	-0.00163312
12.63333336	-0.00159139
12.66666669	-0.00153268
12.70000002	-0.00148808
12.73333336	-0.00144116
12.76666669	-0.00139279
12.80000002	-0.00136370
12.83333335	-0.00132496
12.86666669	-0.00130470
12.90000002	-0.00126327
12.93333335	-0.00122486
12.96666669	-0.00120667
13.00000002	-0.00115972
13.03333335	-0.00113341
13.06666669	-0.00110218
13.10000002	-0.00107529
13.13333335	-0.00105145
13.16666668	-0.00102720
13.20000002	-0.00098905
13.23333335	-0.00095639
13.26666668	-0.00092820
13.30000002	-0.00089855
13.33333335	-0.00087192
13.36666668	-0.00084240
13.40000002	-0.00081023
13.43333335	-0.00078612
13.46666668	-0.00074676
13.50000002	-0.00073511
13.53333335	-0.00070292
13.56666668	-0.00067096
13.60000001	-0.00064450
13.63333335	-0.00061310
13.66666668	-0.00057892
13.70000001	-0.00055053
13.73333335	-0.00052405
13.76666668	-0.00050164
13.80000001	-0.00047382
13.83333335	-0.00044317
13.86666668	-0.00041007
13.90000001	-0.00038258
13.93333334	-0.00035830
13.96666668	-0.00033222
14.00000001	-0.00030948
14.03333334	-0.00028733
14.06666668	-0.00026334
14.10000001	-0.00024385
14.13333334	-0.00022161
14.16666668	-0.00020234
14.20000001	-0.00018726
14.23333334	-0.00016946
14.26666668	-0.00015168
14.30000001	-0.00013557
14.33333334	-0.00012159
14.36666667	-0.00010725
14.40000001	-0.00009496
14.43333334	-0.00008328
14.46666667	-0.00007212
14.50000001	-0.00006102
14.53333334	-0.00005130
14.56666667	-0.00004230
14.60000001	-0.00003485
14.63333334	-0.00002735
14.66666667	-0.00002097
14.70000000	-0.00001564
14.73333334	-0.00001087
14.76666667	-0.00000694
14.80000000	-0.00000392
14.83333334	-0.00000174
14.86666667	-0.00000044
14.90000000	0.00000000
