# Menlo Systems GmbH ScanControl
# Program Version 1.3.3
# Start: -65.00000000 ps, Average over 1000 waveforms. Timestamp: 2020-07-03T14:03:27
# Time [ps]	THz Signal [a.u.]
-65.06666588	0.00000000
-65.03333254	0.00000002
-64.99999921	0.00000008
-64.96666588	0.00000017
-64.93333254	0.00000024
-64.89999921	0.00000039
-64.86666588	0.00000054
-64.83333254	0.00000075
-64.79999921	0.00000068
-64.76666588	0.00000106
-64.73333255	0.00000036
-64.69999921	0.00000057
-64.66666588	0.00000077
-64.63333255	0.00000057
-64.59999921	-0.00000022
-64.56666588	-0.00000038
-64.53333255	-0.00000085
-64.49999921	-0.00000241
-64.46666588	-0.00000251
-64.43333255	-0.00000290
-64.39999922	-0.00000478
-64.36666588	-0.00000523
-64.33333255	-0.00000500
-64.29999922	-0.00000473
-64.26666588	-0.00000858
-64.23333255	-0.00000982
-64.19999922	-0.00001126
-64.16666588	-0.00001273
-64.13333255	-0.00001650
-64.09999922	-0.00001565
-64.06666589	-0.00002135
-64.03333255	-0.00001653
-63.99999922	-0.00002781
-63.96666589	-0.00002636
-63.93333255	-0.00002850
-63.89999922	-0.00003077
-63.86666589	-0.00002915
-63.83333255	-0.00003931
-63.79999922	-0.00003586
-63.76666589	-0.00004664
-63.73333256	-0.00005174
-63.69999922	-0.00005431
-63.66666589	-0.00006315
-63.63333256	-0.00006033
-63.59999922	-0.00007385
-63.56666589	-0.00008177
-63.53333256	-0.00007331
-63.49999922	-0.00007705
-63.46666589	-0.00008233
-63.43333256	-0.00009484
-63.39999923	-0.00010115
-63.36666589	-0.00010095
-63.33333256	-0.00011033
-63.29999923	-0.00010049
-63.26666589	-0.00010151
-63.23333256	-0.00009944
-63.19999923	-0.00012154
-63.16666589	-0.00012553
-63.13333256	-0.00011752
-63.09999923	-0.00011818
-63.06666590	-0.00011696
-63.03333256	-0.00011699
-62.99999923	-0.00011408
-62.96666590	-0.00012176
-62.93333256	-0.00012604
-62.89999923	-0.00010857
-62.86666590	-0.00010844
-62.83333256	-0.00012419
-62.79999923	-0.00009974
-62.76666590	-0.00009910
-62.73333257	-0.00009790
-62.69999923	-0.00011119
-62.66666590	-0.00010157
-62.63333257	-0.00008386
-62.59999923	-0.00009425
-62.56666590	-0.00007129
-62.53333257	-0.00005578
-62.49999923	-0.00003980
-62.46666590	-0.00003090
-62.43333257	-0.00002993
-62.39999924	0.00000616
-62.36666590	0.00002601
-62.33333257	0.00002641
-62.29999924	0.00006693
-62.26666590	0.00006076
-62.23333257	0.00008157
-62.19999924	0.00007167
-62.16666590	0.00012447
-62.13333257	0.00013167
-62.09999924	0.00015327
-62.06666591	0.00015683
-62.03333257	0.00018211
-61.99999924	0.00021297
-61.96666591	0.00023970
-61.93333257	0.00028620
-61.89999924	0.00031132
-61.86666591	0.00035561
-61.83333257	0.00042502
-61.79999924	0.00042181
-61.76666591	0.00046065
-61.73333258	0.00047079
-61.69999924	0.00051883
-61.66666591	0.00055011
-61.63333258	0.00058521
-61.59999924	0.00059669
-61.56666591	0.00062529
-61.53333258	0.00065961
-61.49999924	0.00067051
-61.46666591	0.00069746
-61.43333258	0.00074394
-61.39999925	0.00079019
-61.36666591	0.00080648
-61.33333258	0.00084672
-61.29999925	0.00085075
-61.26666591	0.00088511
-61.23333258	0.00091882
-61.19999925	0.00092313
-61.16666591	0.00099790
-61.13333258	0.00099308
-61.09999925	0.00104131
-61.06666592	0.00106232
-61.03333258	0.00108589
-60.99999925	0.00109354
-60.96666592	0.00112822
-60.93333258	0.00107259
-60.89999925	0.00112046
-60.86666592	0.00112878
-60.83333258	0.00113602
-60.79999925	0.00113218
-60.76666592	0.00104887
-60.73333259	0.00112481
-60.69999925	0.00107979
-60.66666592	0.00107143
-60.63333259	0.00109723
-60.59999925	0.00100512
-60.56666592	0.00098777
-60.53333259	0.00096338
-60.49999925	0.00093170
-60.46666592	0.00097075
-60.43333259	0.00086372
-60.39999926	0.00082111
-60.36666592	0.00078899
-60.33333259	0.00070507
-60.29999926	0.00067604
-60.26666592	0.00058427
-60.23333259	0.00057156
-60.19999926	0.00048275
-60.16666592	0.00044295
-60.13333259	0.00043646
-60.09999926	0.00035474
-60.06666592	0.00022663
-60.03333259	0.00016459
-59.99999926	0.00016654
-59.96666593	0.00004388
-59.93333259	-0.00000519
-59.89999926	-0.00019490
-59.86666593	-0.00020718
-59.83333259	-0.00032899
-59.79999926	-0.00032346
-59.76666593	-0.00041072
-59.73333259	-0.00047636
-59.69999926	-0.00061030
-59.66666593	-0.00072028
-59.63333260	-0.00071738
-59.59999926	-0.00082963
-59.56666593	-0.00092614
-59.53333260	-0.00092877
-59.49999926	-0.00099990
-59.46666593	-0.00106278
-59.43333260	-0.00116981
-59.39999926	-0.00124286
-59.36666593	-0.00126126
-59.33333260	-0.00133977
-59.29999927	-0.00130356
-59.26666593	-0.00141242
-59.23333260	-0.00144457
-59.19999927	-0.00142850
-59.16666593	-0.00144596
-59.13333260	-0.00148014
-59.09999927	-0.00143272
-59.06666593	-0.00156122
-59.03333260	-0.00151996
-58.99999927	-0.00152141
-58.96666594	-0.00150387
-58.93333260	-0.00148949
-58.89999927	-0.00147791
-58.86666594	-0.00145703
-58.83333260	-0.00157001
-58.79999927	-0.00146259
-58.76666594	-0.00143214
-58.73333260	-0.00137377
-58.69999927	-0.00144991
-58.66666594	-0.00140067
-58.63333261	-0.00132110
-58.59999927	-0.00139126
-58.56666594	-0.00138776
-58.53333261	-0.00128061
-58.49999927	-0.00122203
-58.46666594	-0.00123883
-58.43333261	-0.00124026
-58.39999927	-0.00122845
-58.36666594	-0.00103075
-58.33333261	-0.00109441
-58.29999928	-0.00105052
-58.26666594	-0.00106579
-58.23333261	-0.00099114
-58.19999928	-0.00101409
-58.16666594	-0.00096595
-58.13333261	-0.00091637
-58.09999928	-0.00096057
-58.06666594	-0.00097409
-58.03333261	-0.00091395
-57.99999928	-0.00091213
-57.96666595	-0.00090457
-57.93333261	-0.00097181
-57.89999928	-0.00092485
-57.86666595	-0.00106256
-57.83333261	-0.00098597
-57.79999928	-0.00100517
-57.76666595	-0.00093167
-57.73333261	-0.00091957
-57.69999928	-0.00096546
-57.66666595	-0.00095932
-57.63333262	-0.00097257
-57.59999928	-0.00090757
-57.56666595	-0.00090867
-57.53333262	-0.00093013
-57.49999928	-0.00099672
-57.46666595	-0.00091273
-57.43333262	-0.00087343
-57.39999928	-0.00080806
-57.36666595	-0.00082122
-57.33333262	-0.00082052
-57.29999929	-0.00085599
-57.26666595	-0.00082634
-57.23333262	-0.00068330
-57.19999929	-0.00081669
-57.16666595	-0.00066741
-57.13333262	-0.00069518
-57.09999929	-0.00062632
-57.06666595	-0.00065246
-57.03333262	-0.00062884
-56.99999929	-0.00054446
-56.96666596	-0.00056430
-56.93333262	-0.00045446
-56.89999929	-0.00050837
-56.86666596	-0.00047220
-56.83333262	-0.00037620
-56.79999929	-0.00030936
-56.76666596	-0.00035221
-56.73333262	-0.00021469
-56.69999929	-0.00026436
-56.66666596	-0.00025921
-56.63333263	-0.00019693
-56.59999929	-0.00016484
-56.56666596	-0.00012885
-56.53333263	-0.00015665
-56.49999929	-0.00019752
-56.46666596	-0.00014812
-56.43333263	-0.00006269
-56.39999929	-0.00005896
-56.36666596	-0.00014499
-56.33333263	-0.00011986
-56.29999930	0.00006530
-56.26666596	-0.00014304
-56.23333263	-0.00010825
-56.19999930	0.00002277
-56.16666596	0.00010087
-56.13333263	0.00002464
-56.09999930	0.00003614
-56.06666596	0.00001010
-56.03333263	0.00009954
-55.99999930	0.00015379
-55.96666597	0.00013394
-55.93333263	0.00019336
-55.89999930	0.00029063
-55.86666597	0.00034050
-55.83333263	0.00023639
-55.79999930	0.00026946
-55.76666597	0.00036578
-55.73333263	0.00041736
-55.69999930	0.00034594
-55.66666597	0.00031606
-55.63333264	0.00039760
-55.59999930	0.00036707
-55.56666597	0.00048360
-55.53333264	0.00038184
-55.49999930	0.00045455
-55.46666597	0.00056247
-55.43333264	0.00047041
-55.39999930	0.00048413
-55.36666597	0.00050248
-55.33333264	0.00054012
-55.29999931	0.00053014
-55.26666597	0.00048071
-55.23333264	0.00038160
-55.19999931	0.00046021
-55.16666597	0.00042678
-55.13333264	0.00043727
-55.09999931	0.00040494
-55.06666597	0.00045314
-55.03333264	0.00049529
-54.99999931	0.00033061
-54.96666598	0.00037255
-54.93333264	0.00042285
-54.89999931	0.00043970
-54.86666598	0.00038596
-54.83333264	0.00030507
-54.79999931	0.00028221
-54.76666598	0.00026397
-54.73333264	0.00027738
-54.69999931	0.00026916
-54.66666598	0.00022877
-54.63333265	0.00023098
-54.59999931	0.00027580
-54.56666598	0.00020340
-54.53333265	0.00026922
-54.49999931	0.00017023
-54.46666598	0.00014972
-54.43333265	0.00009165
-54.39999931	0.00024168
-54.36666598	0.00008565
-54.33333265	0.00022273
-54.29999932	0.00015724
-54.26666598	0.00007623
-54.23333265	0.00006169
-54.19999932	0.00002734
-54.16666598	0.00003866
-54.13333265	0.00007631
-54.09999932	0.00004341
-54.06666598	0.00010710
-54.03333265	0.00005514
-53.99999932	0.00006016
-53.96666599	-0.00001892
-53.93333265	-0.00005199
-53.89999932	0.00004673
-53.86666599	0.00006076
-53.83333265	-0.00002834
-53.79999932	0.00006634
-53.76666599	-0.00001236
-53.73333265	-0.00004586
-53.69999932	0.00003095
-53.66666599	0.00000969
-53.63333266	-0.00002388
-53.59999932	-0.00002917
-53.56666599	-0.00010069
-53.53333266	-0.00003337
-53.49999932	-0.00011883
-53.46666599	-0.00008981
-53.43333266	-0.00010960
-53.39999932	-0.00015400
-53.36666599	-0.00012114
-53.33333266	-0.00013546
-53.29999933	-0.00013718
-53.26666599	-0.00024317
-53.23333266	-0.00011356
-53.19999933	-0.00006492
-53.16666599	-0.00012064
-53.13333266	-0.00012721
-53.09999933	-0.00007282
-53.06666599	-0.00009265
-53.03333266	0.00001238
-52.99999933	0.00013916
-52.96666600	0.00012320
-52.93333266	0.00019579
-52.89999933	0.00012817
-52.86666600	0.00009211
-52.83333266	0.00013284
-52.79999933	0.00022736
-52.76666600	0.00031475
-52.73333266	0.00028542
-52.69999933	0.00027919
-52.66666600	0.00039907
-52.63333267	0.00035222
-52.59999933	0.00048446
-52.56666600	0.00050377
-52.53333267	0.00052175
-52.49999933	0.00057335
-52.46666600	0.00069375
-52.43333267	0.00077553
-52.39999933	0.00077908
-52.36666600	0.00086957
-52.33333267	0.00097852
-52.29999934	0.00105203
-52.26666600	0.00102476
-52.23333267	0.00115906
-52.19999934	0.00118669
-52.16666600	0.00124024
-52.13333267	0.00132034
-52.09999934	0.00156184
-52.06666600	0.00143260
-52.03333267	0.00151137
-51.99999934	0.00157053
-51.96666601	0.00166491
-51.93333267	0.00159992
-51.89999934	0.00172466
-51.86666601	0.00159933
-51.83333267	0.00169376
-51.79999934	0.00172434
-51.76666601	0.00197682
-51.73333267	0.00197356
-51.69999934	0.00191613
-51.66666601	0.00196556
-51.63333267	0.00200608
-51.59999934	0.00201328
-51.56666601	0.00210747
-51.53333268	0.00217774
-51.49999934	0.00213986
-51.46666601	0.00214326
-51.43333268	0.00224031
-51.39999934	0.00229090
-51.36666601	0.00224461
-51.33333268	0.00233078
-51.29999934	0.00235431
-51.26666601	0.00230650
-51.23333268	0.00243662
-51.19999935	0.00245879
-51.16666601	0.00250253
-51.13333268	0.00251932
-51.09999935	0.00244028
-51.06666601	0.00246093
-51.03333268	0.00240771
-50.99999935	0.00250127
-50.96666601	0.00251672
-50.93333268	0.00256566
-50.89999935	0.00260950
-50.86666602	0.00249921
-50.83333268	0.00249341
-50.79999935	0.00246516
-50.76666602	0.00249105
-50.73333268	0.00246252
-50.69999935	0.00246518
-50.66666602	0.00249639
-50.63333268	0.00238784
-50.59999935	0.00246584
-50.56666602	0.00254796
-50.53333269	0.00251405
-50.49999935	0.00241396
-50.46666602	0.00242548
-50.43333269	0.00240135
-50.39999935	0.00238773
-50.36666602	0.00244889
-50.33333269	0.00235361
-50.29999935	0.00238324
-50.26666602	0.00237780
-50.23333269	0.00229361
-50.19999936	0.00236165
-50.16666602	0.00236641
-50.13333269	0.00227421
-50.09999936	0.00233519
-50.06666602	0.00226842
-50.03333269	0.00222399
-49.99999936	0.00227221
-49.96666602	0.00226260
-49.93333269	0.00221922
-49.89999936	0.00217659
-49.86666603	0.00220519
-49.83333269	0.00192238
-49.79999936	0.00206790
-49.76666603	0.00198731
-49.73333269	0.00196353
-49.69999936	0.00195699
-49.66666603	0.00189813
-49.63333269	0.00182093
-49.59999936	0.00182146
-49.56666603	0.00170245
-49.53333270	0.00167459
-49.49999936	0.00159987
-49.46666603	0.00161153
-49.43333270	0.00149161
-49.39999936	0.00146288
-49.36666603	0.00142253
-49.33333270	0.00147245
-49.29999936	0.00139147
-49.26666603	0.00135544
-49.23333270	0.00128487
-49.19999937	0.00129206
-49.16666603	0.00128763
-49.13333270	0.00121832
-49.09999937	0.00122132
-49.06666603	0.00105622
-49.03333270	0.00109701
-48.99999937	0.00111349
-48.96666603	0.00102634
-48.93333270	0.00095877
-48.89999937	0.00101951
-48.86666604	0.00092136
-48.83333270	0.00096043
-48.79999937	0.00091420
-48.76666604	0.00092357
-48.73333270	0.00100187
-48.69999937	0.00101104
-48.66666604	0.00104524
-48.63333270	0.00094236
-48.59999937	0.00110124
-48.56666604	0.00110741
-48.53333271	0.00107448
-48.49999937	0.00111040
-48.46666604	0.00114850
-48.43333271	0.00135868
-48.39999937	0.00133020
-48.36666604	0.00139817
-48.33333271	0.00143307
-48.29999937	0.00143050
-48.26666604	0.00154898
-48.23333271	0.00164643
-48.19999938	0.00178315
-48.16666604	0.00160825
-48.13333271	0.00168836
-48.09999938	0.00183088
-48.06666604	0.00178450
-48.03333271	0.00184502
-47.99999938	0.00194184
-47.96666604	0.00189785
-47.93333271	0.00200213
-47.89999938	0.00202687
-47.86666605	0.00210881
-47.83333271	0.00218068
-47.79999938	0.00219780
-47.76666605	0.00225043
-47.73333271	0.00224889
-47.69999938	0.00227377
-47.66666605	0.00235452
-47.63333271	0.00232634
-47.59999938	0.00241490
-47.56666605	0.00243462
-47.53333272	0.00249347
-47.49999938	0.00262262
-47.46666605	0.00268439
-47.43333272	0.00275877
-47.39999938	0.00263047
-47.36666605	0.00278820
-47.33333272	0.00276083
-47.29999938	0.00284605
-47.26666605	0.00293406
-47.23333272	0.00299675
-47.19999939	0.00315254
-47.16666605	0.00324220
-47.13333272	0.00314163
-47.09999939	0.00333964
-47.06666605	0.00345697
-47.03333272	0.00339702
-46.99999939	0.00352905
-46.96666605	0.00363395
-46.93333272	0.00365655
-46.89999939	0.00358604
-46.86666606	0.00361184
-46.83333272	0.00367892
-46.79999939	0.00362810
-46.76666606	0.00364830
-46.73333272	0.00357318
-46.69999939	0.00351372
-46.66666606	0.00338604
-46.63333272	0.00319516
-46.59999939	0.00315762
-46.56666606	0.00305315
-46.53333273	0.00282114
-46.49999939	0.00267956
-46.46666606	0.00245539
-46.43333273	0.00229461
-46.39999939	0.00194677
-46.36666606	0.00180017
-46.33333273	0.00150752
-46.29999939	0.00139680
-46.26666606	0.00108000
-46.23333273	0.00076919
-46.19999940	0.00047708
-46.16666606	0.00017856
-46.13333273	-0.00014720
-46.09999940	-0.00045389
-46.06666606	-0.00085913
-46.03333273	-0.00113824
-45.99999940	-0.00145100
-45.96666606	-0.00170859
-45.93333273	-0.00203483
-45.89999940	-0.00218789
-45.86666607	-0.00242815
-45.83333273	-0.00272405
-45.79999940	-0.00287783
-45.76666607	-0.00309484
-45.73333273	-0.00317452
-45.69999940	-0.00326482
-45.66666607	-0.00330620
-45.63333273	-0.00345591
-45.59999940	-0.00342158
-45.56666607	-0.00346072
-45.53333274	-0.00330540
-45.49999940	-0.00319596
-45.46666607	-0.00313025
-45.43333274	-0.00296374
-45.39999940	-0.00280735
-45.36666607	-0.00245370
-45.33333274	-0.00215073
-45.29999940	-0.00189492
-45.26666607	-0.00155455
-45.23333274	-0.00130600
-45.19999941	-0.00094983
-45.16666607	-0.00052780
-45.13333274	-0.00006759
-45.09999941	0.00034015
-45.06666607	0.00073826
-45.03333274	0.00112333
-44.99999941	0.00162028
-44.96666607	0.00201957
-44.93333274	0.00237315
-44.89999941	0.00280460
-44.86666608	0.00332313
-44.83333274	0.00376589
-44.79999941	0.00426405
-44.76666608	0.00464278
-44.73333274	0.00515837
-44.69999941	0.00563458
-44.66666608	0.00614182
-44.63333274	0.00672120
-44.59999941	0.00729604
-44.56666608	0.00791363
-44.53333275	0.00848963
-44.49999941	0.00914534
-44.46666608	0.00974815
-44.43333275	0.01040807
-44.39999941	0.01106312
-44.36666608	0.01179481
-44.33333275	0.01248873
-44.29999941	0.01326787
-44.26666608	0.01406032
-44.23333275	0.01461984
-44.19999942	0.01516372
-44.16666608	0.01589480
-44.13333275	0.01652010
-44.09999942	0.01701937
-44.06666608	0.01738897
-44.03333275	0.01778253
-43.99999942	0.01794152
-43.96666608	0.01802596
-43.93333275	0.01800532
-43.89999942	0.01758082
-43.86666609	0.01701031
-43.83333275	0.01631030
-43.79999942	0.01524592
-43.76666609	0.01399240
-43.73333275	0.01244004
-43.69999942	0.01064660
-43.66666609	0.00852281
-43.63333275	0.00604617
-43.59999942	0.00317841
-43.56666609	0.00016127
-43.53333275	-0.00322238
-43.49999942	-0.00682943
-43.46666609	-0.01064380
-43.43333276	-0.01468774
-43.39999942	-0.01890606
-43.36666609	-0.02341508
-43.33333276	-0.02796546
-43.29999942	-0.03267618
-43.26666609	-0.03742602
-43.23333276	-0.04202869
-43.19999942	-0.04654032
-43.16666609	-0.05116414
-43.13333276	-0.05541801
-43.09999943	-0.05963653
-43.06666609	-0.06346048
-43.03333276	-0.06716300
-42.99999943	-0.07043050
-42.96666609	-0.07333260
-42.93333276	-0.07582904
-42.89999943	-0.07787758
-42.86666609	-0.07943366
-42.83333276	-0.08050614
-42.79999943	-0.08105532
-42.76666610	-0.08125331
-42.73333276	-0.08088961
-42.69999943	-0.08008962
-42.66666610	-0.07880453
-42.63333276	-0.07722609
-42.59999943	-0.07507281
-42.56666610	-0.07258819
-42.53333276	-0.06975697
-42.49999943	-0.06645628
-42.46666610	-0.06291113
-42.43333277	-0.05914316
-42.39999943	-0.05525593
-42.36666610	-0.05107160
-42.33333277	-0.04683228
-42.29999943	-0.04246665
-42.26666610	-0.03794153
-42.23333277	-0.03342323
-42.19999943	-0.02905074
-42.16666610	-0.02453533
-42.13333277	-0.02011821
-42.09999944	-0.01584470
-42.06666610	-0.01166227
-42.03333277	-0.00756048
-41.99999944	-0.00372686
-41.96666610	-0.00003608
-41.93333277	0.00365266
-41.89999944	0.00699815
-41.86666610	0.01026342
-41.83333277	0.01322057
-41.79999944	0.01614810
-41.76666611	0.01881560
-41.73333277	0.02132019
-41.69999944	0.02366337
-41.66666611	0.02587291
-41.63333277	0.02780838
-41.59999944	0.02968892
-41.56666611	0.03140247
-41.53333277	0.03291749
-41.49999944	0.03420833
-41.46666611	0.03551432
-41.43333278	0.03664696
-41.39999944	0.03751711
-41.36666611	0.03853408
-41.33333278	0.03924214
-41.29999944	0.03993807
-41.26666611	0.04042739
-41.23333278	0.04085370
-41.19999944	0.04132643
-41.16666611	0.04149936
-41.13333278	0.04160958
-41.09999945	0.04177800
-41.06666611	0.04173244
-41.03333278	0.04165961
-40.99999945	0.04149211
-40.96666611	0.04133631
-40.93333278	0.04101369
-40.89999945	0.04061759
-40.86666611	0.04005400
-40.83333278	0.03941534
-40.79999945	0.03867292
-40.76666612	0.03784869
-40.73333278	0.03707520
-40.69999945	0.03602900
-40.66666612	0.03492931
-40.63333278	0.03367756
-40.59999945	0.03237835
-40.56666612	0.03091717
-40.53333278	0.02939354
-40.49999945	0.02771574
-40.46666612	0.02597904
-40.43333279	0.02428032
-40.39999945	0.02240902
-40.36666612	0.02032680
-40.33333279	0.01812555
-40.29999945	0.01609357
-40.26666612	0.01393675
-40.23333279	0.01183083
-40.19999945	0.00965043
-40.16666612	0.00747451
-40.13333279	0.00529703
-40.09999946	0.00320317
-40.06666612	0.00104238
-40.03333279	-0.00085479
-39.99999946	-0.00275313
-39.96666612	-0.00450719
-39.93333279	-0.00616502
-39.89999946	-0.00772257
-39.86666612	-0.00902682
-39.83333279	-0.01032151
-39.79999946	-0.01129056
-39.76666613	-0.01220238
-39.73333279	-0.01288597
-39.69999946	-0.01347349
-39.66666613	-0.01381655
-39.63333279	-0.01394971
-39.59999946	-0.01401655
-39.56666613	-0.01382797
-39.53333279	-0.01351441
-39.49999946	-0.01295918
-39.46666613	-0.01235476
-39.43333280	-0.01142029
-39.39999946	-0.01059008
-39.36666613	-0.00953523
-39.33333280	-0.00853309
-39.29999946	-0.00731771
-39.26666613	-0.00606356
-39.23333280	-0.00478528
-39.19999946	-0.00347815
-39.16666613	-0.00200592
-39.13333280	-0.00058758
-39.09999947	0.00078562
-39.06666613	0.00218883
-39.03333280	0.00355166
-38.99999947	0.00469700
-38.96666613	0.00612377
-38.93333280	0.00741885
-38.89999947	0.00864953
-38.86666613	0.00979966
-38.83333280	0.01092213
-38.79999947	0.01191496
-38.76666614	0.01300128
-38.73333280	0.01393512
-38.69999947	0.01469132
-38.66666614	0.01548757
-38.63333280	0.01634491
-38.59999947	0.01700445
-38.56666614	0.01763638
-38.53333280	0.01822709
-38.49999947	0.01870805
-38.46666614	0.01911817
-38.43333281	0.01948768
-38.39999947	0.01995652
-38.36666614	0.02033722
-38.33333281	0.02057027
-38.29999947	0.02088915
-38.26666614	0.02112130
-38.23333281	0.02128660
-38.19999947	0.02141638
-38.16666614	0.02148488
-38.13333281	0.02170057
-38.09999948	0.02188630
-38.06666614	0.02197471
-38.03333281	0.02202886
-37.99999948	0.02200660
-37.96666614	0.02204399
-37.93333281	0.02206307
-37.89999948	0.02194774
-37.86666614	0.02182081
-37.83333281	0.02171246
-37.79999948	0.02151167
-37.76666615	0.02124203
-37.73333281	0.02093916
-37.69999948	0.02060969
-37.66666615	0.02039500
-37.63333281	0.01989777
-37.59999948	0.01939245
-37.56666615	0.01884343
-37.53333281	0.01826546
-37.49999948	0.01757527
-37.46666615	0.01680235
-37.43333282	0.01610688
-37.39999948	0.01548752
-37.36666615	0.01457775
-37.33333282	0.01372165
-37.29999948	0.01283469
-37.26666615	0.01187544
-37.23333282	0.01112358
-37.19999948	0.01007387
-37.16666615	0.00902675
-37.13333282	0.00808986
-37.09999949	0.00700732
-37.06666615	0.00590621
-37.03333282	0.00490864
-36.99999949	0.00380831
-36.96666615	0.00280200
-36.93333282	0.00182140
-36.89999949	0.00084364
-36.86666615	-0.00007531
-36.83333282	-0.00084515
-36.79999949	-0.00181727
-36.76666616	-0.00257887
-36.73333282	-0.00326495
-36.69999949	-0.00392036
-36.66666616	-0.00457540
-36.63333282	-0.00509267
-36.59999949	-0.00558176
-36.56666616	-0.00604019
-36.53333282	-0.00641217
-36.49999949	-0.00666115
-36.46666616	-0.00693921
-36.43333283	-0.00707889
-36.39999949	-0.00731050
-36.36666616	-0.00735646
-36.33333283	-0.00738314
-36.29999949	-0.00737942
-36.26666616	-0.00734332
-36.23333283	-0.00731361
-36.19999949	-0.00720221
-36.16666616	-0.00704105
-36.13333283	-0.00676060
-36.09999950	-0.00679296
-36.06666616	-0.00643917
-36.03333283	-0.00612795
-35.99999950	-0.00594289
-35.96666616	-0.00572740
-35.93333283	-0.00545162
-35.89999950	-0.00527572
-35.86666616	-0.00517773
-35.83333283	-0.00494192
-35.79999950	-0.00481262
-35.76666617	-0.00465805
-35.73333283	-0.00446818
-35.69999950	-0.00442524
-35.66666617	-0.00432479
-35.63333283	-0.00422665
-35.59999950	-0.00421358
-35.56666617	-0.00425623
-35.53333283	-0.00428368
-35.49999950	-0.00433108
-35.46666617	-0.00450892
-35.43333283	-0.00443397
-35.39999950	-0.00466348
-35.36666617	-0.00485174
-35.33333284	-0.00501807
-35.29999950	-0.00511090
-35.26666617	-0.00545950
-35.23333284	-0.00547698
-35.19999950	-0.00576501
-35.16666617	-0.00595680
-35.13333284	-0.00619501
-35.09999950	-0.00645966
-35.06666617	-0.00687620
-35.03333284	-0.00703971
-34.99999951	-0.00729199
-34.96666617	-0.00758310
-34.93333284	-0.00777639
-34.89999951	-0.00814653
-34.86666617	-0.00832219
-34.83333284	-0.00862178
-34.79999951	-0.00889890
-34.76666617	-0.00904079
-34.73333284	-0.00939234
-34.69999951	-0.00960105
-34.66666618	-0.00989257
-34.63333284	-0.01014324
-34.59999951	-0.01037561
-34.56666618	-0.01049046
-34.53333284	-0.01075874
-34.49999951	-0.01087830
-34.46666618	-0.01106446
-34.43333284	-0.01122244
-34.39999951	-0.01134428
-34.36666618	-0.01145086
-34.33333285	-0.01157107
-34.29999951	-0.01177727
-34.26666618	-0.01176635
-34.23333285	-0.01184189
-34.19999951	-0.01190628
-34.16666618	-0.01197829
-34.13333285	-0.01195803
-34.09999951	-0.01212523
-34.06666618	-0.01211276
-34.03333285	-0.01233253
-33.99999952	-0.01225484
-33.96666618	-0.01238248
-33.93333285	-0.01244759
-33.89999952	-0.01256694
-33.86666618	-0.01268584
-33.83333285	-0.01281232
-33.79999952	-0.01281205
-33.76666618	-0.01293123
-33.73333285	-0.01305204
-33.69999952	-0.01326331
-33.66666619	-0.01350415
-33.63333285	-0.01365668
-33.59999952	-0.01384786
-33.56666619	-0.01403906
-33.53333285	-0.01406320
-33.49999952	-0.01432547
-33.46666619	-0.01444149
-33.43333285	-0.01461167
-33.39999952	-0.01487099
-33.36666619	-0.01488241
-33.33333286	-0.01495320
-33.29999952	-0.01510699
-33.26666619	-0.01516141
-33.23333286	-0.01524529
-33.19999952	-0.01523445
-33.16666619	-0.01532182
-33.13333286	-0.01525176
-33.09999952	-0.01535468
-33.06666619	-0.01521708
-33.03333286	-0.01507384
-32.99999953	-0.01494376
-32.96666619	-0.01486720
-32.93333286	-0.01464661
-32.89999953	-0.01435633
-32.86666619	-0.01413911
-32.83333286	-0.01390455
-32.79999953	-0.01355490
-32.76666619	-0.01334014
-32.73333286	-0.01303356
-32.69999953	-0.01261700
-32.66666620	-0.01219595
-32.63333286	-0.01181109
-32.59999953	-0.01145877
-32.56666620	-0.01098264
-32.53333286	-0.01063086
-32.49999953	-0.01017010
-32.46666620	-0.00988592
-32.43333286	-0.00943688
-32.39999953	-0.00903867
-32.36666620	-0.00863772
-32.33333287	-0.00834949
-32.29999953	-0.00793689
-32.26666620	-0.00756159
-32.23333287	-0.00717906
-32.19999953	-0.00687523
-32.16666620	-0.00664517
-32.13333287	-0.00634363
-32.09999953	-0.00602864
-32.06666620	-0.00586946
-32.03333287	-0.00568238
-31.99999954	-0.00549341
-31.96666620	-0.00537265
-31.93333287	-0.00516137
-31.89999954	-0.00502529
-31.86666620	-0.00494501
-31.83333287	-0.00483358
-31.79999954	-0.00490845
-31.76666620	-0.00479269
-31.73333287	-0.00463916
-31.69999954	-0.00459388
-31.66666621	-0.00454782
-31.63333287	-0.00452629
-31.59999954	-0.00458568
-31.56666621	-0.00458945
-31.53333287	-0.00456211
-31.49999954	-0.00446463
-31.46666621	-0.00446237
-31.43333287	-0.00436282
-31.39999954	-0.00433205
-31.36666621	-0.00435594
-31.33333288	-0.00419763
-31.29999954	-0.00405185
-31.26666621	-0.00390311
-31.23333288	-0.00383250
-31.19999954	-0.00364878
-31.16666621	-0.00347629
-31.13333288	-0.00345073
-31.09999954	-0.00325333
-31.06666621	-0.00303369
-31.03333288	-0.00299871
-30.99999955	-0.00279760
-30.96666621	-0.00258217
-30.93333288	-0.00251235
-30.89999955	-0.00233525
-30.86666621	-0.00224375
-30.83333288	-0.00206033
-30.79999955	-0.00186579
-30.76666621	-0.00171837
-30.73333288	-0.00158444
-30.69999955	-0.00146643
-30.66666622	-0.00118809
-30.63333288	-0.00108937
-30.59999955	-0.00101847
-30.56666622	-0.00088151
-30.53333288	-0.00082700
-30.49999955	-0.00079254
-30.46666622	-0.00077087
-30.43333288	-0.00064047
-30.39999955	-0.00059349
-30.36666622	-0.00061883
-30.33333289	-0.00063978
-30.29999955	-0.00053799
-30.26666622	-0.00053498
-30.23333289	-0.00049343
-30.19999955	-0.00062657
-30.16666622	-0.00066346
-30.13333289	-0.00078636
-30.09999955	-0.00075400
-30.06666622	-0.00076973
-30.03333289	-0.00090735
-29.99999956	-0.00086871
-29.96666622	-0.00088426
-29.93333289	-0.00112991
-29.89999956	-0.00108087
-29.86666622	-0.00116545
-29.83333289	-0.00120619
-29.79999956	-0.00127616
-29.76666622	-0.00131078
-29.73333289	-0.00146435
-29.69999956	-0.00141375
-29.66666623	-0.00146140
-29.63333289	-0.00149505
-29.59999956	-0.00150359
-29.56666623	-0.00152707
-29.53333289	-0.00146645
-29.49999956	-0.00165629
-29.46666623	-0.00161216
-29.43333289	-0.00159828
-29.39999956	-0.00151672
-29.36666623	-0.00162283
-29.33333290	-0.00155407
-29.29999956	-0.00155465
-29.26666623	-0.00144031
-29.23333290	-0.00135910
-29.19999956	-0.00129666
-29.16666623	-0.00131738
-29.13333290	-0.00114291
-29.09999956	-0.00122482
-29.06666623	-0.00104826
-29.03333290	-0.00093861
-28.99999957	-0.00090807
-28.96666623	-0.00084803
-28.93333290	-0.00066628
-28.89999957	-0.00065392
-28.86666623	-0.00046209
-28.83333290	-0.00050512
-28.79999957	-0.00036945
-28.76666623	-0.00025490
-28.73333290	-0.00017424
-28.69999957	-0.00005147
-28.66666624	0.00006539
-28.63333290	0.00016450
-28.59999957	0.00027396
-28.56666624	0.00045687
-28.53333290	0.00047452
-28.49999957	0.00046154
-28.46666624	0.00055387
-28.43333290	0.00059348
-28.39999957	0.00056931
-28.36666624	0.00058122
-28.33333291	0.00050540
-28.29999957	0.00054616
-28.26666624	0.00042057
-28.23333291	0.00036590
-28.19999957	0.00041906
-28.16666624	0.00020880
-28.13333291	0.00012310
-28.09999957	0.00002935
-28.06666624	-0.00012221
-28.03333291	-0.00020898
-27.99999958	-0.00032665
-27.96666624	-0.00043382
-27.93333291	-0.00050915
-27.89999958	-0.00059926
-27.86666624	-0.00073929
-27.83333291	-0.00078741
-27.79999958	-0.00090073
-27.76666624	-0.00097852
-27.73333291	-0.00101890
-27.69999958	-0.00111265
-27.66666625	-0.00117222
-27.63333291	-0.00123704
-27.59999958	-0.00118973
-27.56666625	-0.00122778
-27.53333291	-0.00123935
-27.49999958	-0.00120500
-27.46666625	-0.00126624
-27.43333291	-0.00123223
-27.39999958	-0.00125956
-27.36666625	-0.00115869
-27.33333292	-0.00097671
-27.29999958	-0.00105510
-27.26666625	-0.00098188
-27.23333292	-0.00082577
-27.19999958	-0.00075840
-27.16666625	-0.00069491
-27.13333292	-0.00059264
-27.09999958	-0.00050464
-27.06666625	-0.00046908
-27.03333292	-0.00030064
-26.99999958	-0.00031896
-26.96666625	-0.00029986
-26.93333292	-0.00014236
-26.89999959	-0.00013040
-26.86666625	-0.00006344
-26.83333292	-0.00010943
-26.79999959	-0.00012224
-26.76666625	-0.00011046
-26.73333292	-0.00022435
-26.69999959	-0.00032218
-26.66666625	-0.00036620
-26.63333292	-0.00038738
-26.59999959	-0.00038437
-26.56666626	-0.00057487
-26.53333292	-0.00063998
-26.49999959	-0.00072429
-26.46666626	-0.00089873
-26.43333292	-0.00102560
-26.39999959	-0.00124204
-26.36666626	-0.00137990
-26.33333292	-0.00163753
-26.29999959	-0.00170065
-26.26666626	-0.00177729
-26.23333293	-0.00194674
-26.19999959	-0.00213549
-26.16666626	-0.00215415
-26.13333293	-0.00227496
-26.09999959	-0.00250171
-26.06666626	-0.00254835
-26.03333293	-0.00264696
-25.99999959	-0.00283059
-25.96666626	-0.00300302
-25.93333293	-0.00295145
-25.89999960	-0.00305340
-25.86666626	-0.00308606
-25.83333293	-0.00304878
-25.79999960	-0.00309672
-25.76666626	-0.00320423
-25.73333293	-0.00321057
-25.69999960	-0.00334630
-25.66666626	-0.00330539
-25.63333293	-0.00334254
-25.59999960	-0.00336099
-25.56666627	-0.00332754
-25.53333293	-0.00342807
-25.49999960	-0.00347204
-25.46666627	-0.00339482
-25.43333293	-0.00347970
-25.39999960	-0.00342077
-25.36666627	-0.00331214
-25.33333293	-0.00333239
-25.29999960	-0.00332935
-25.26666627	-0.00336839
-25.23333294	-0.00333839
-25.19999960	-0.00338958
-25.16666627	-0.00336715
-25.13333294	-0.00337234
-25.09999960	-0.00326984
-25.06666627	-0.00337917
-25.03333294	-0.00334864
-24.99999960	-0.00343465
-24.96666627	-0.00332832
-24.93333294	-0.00333295
-24.89999961	-0.00346789
-24.86666627	-0.00331365
-24.83333294	-0.00339957
-24.79999961	-0.00350782
-24.76666627	-0.00351018
-24.73333294	-0.00347998
-24.69999961	-0.00357037
-24.66666627	-0.00358476
-24.63333294	-0.00367683
-24.59999961	-0.00371057
-24.56666628	-0.00377144
-24.53333294	-0.00371114
-24.49999961	-0.00383226
-24.46666628	-0.00381024
-24.43333294	-0.00381185
-24.39999961	-0.00388288
-24.36666628	-0.00394913
-24.33333294	-0.00392058
-24.29999961	-0.00396027
-24.26666628	-0.00389109
-24.23333295	-0.00395454
-24.19999961	-0.00398134
-24.16666628	-0.00401029
-24.13333295	-0.00400172
-24.09999961	-0.00401072
-24.06666628	-0.00389562
-24.03333295	-0.00379628
-23.99999961	-0.00373552
-23.96666628	-0.00374070
-23.93333295	-0.00369321
-23.89999962	-0.00353693
-23.86666628	-0.00342256
-23.83333295	-0.00325465
-23.79999962	-0.00323350
-23.76666628	-0.00311239
-23.73333295	-0.00301655
-23.69999962	-0.00284766
-23.66666628	-0.00287508
-23.63333295	-0.00267176
-23.59999962	-0.00250651
-23.56666629	-0.00252687
-23.53333295	-0.00237534
-23.49999962	-0.00227135
-23.46666629	-0.00215273
-23.43333295	-0.00203319
-23.39999962	-0.00194119
-23.36666629	-0.00182034
-23.33333295	-0.00176001
-23.29999962	-0.00171870
-23.26666629	-0.00166860
-23.23333296	-0.00164874
-23.19999962	-0.00172013
-23.16666629	-0.00173638
-23.13333296	-0.00170117
-23.09999962	-0.00175274
-23.06666629	-0.00179844
-23.03333296	-0.00190993
-22.99999962	-0.00198874
-22.96666629	-0.00201549
-22.93333296	-0.00219208
-22.89999963	-0.00235182
-22.86666629	-0.00249326
-22.83333296	-0.00256706
-22.79999963	-0.00272696
-22.76666629	-0.00292797
-22.73333296	-0.00305657
-22.69999963	-0.00328666
-22.66666629	-0.00344781
-22.63333296	-0.00345504
-22.59999963	-0.00376601
-22.56666630	-0.00392055
-22.53333296	-0.00418575
-22.49999963	-0.00426649
-22.46666630	-0.00432608
-22.43333296	-0.00447248
-22.39999963	-0.00453103
-22.36666630	-0.00479536
-22.33333296	-0.00493839
-22.29999963	-0.00505560
-22.26666630	-0.00508913
-22.23333297	-0.00501694
-22.19999963	-0.00515701
-22.16666630	-0.00515584
-22.13333297	-0.00524172
-22.09999963	-0.00513768
-22.06666630	-0.00518542
-22.03333297	-0.00511652
-21.99999963	-0.00503879
-21.96666630	-0.00498959
-21.93333297	-0.00489230
-21.89999964	-0.00487803
-21.86666630	-0.00481970
-21.83333297	-0.00481178
-21.79999964	-0.00467576
-21.76666630	-0.00461309
-21.73333297	-0.00452040
-21.69999964	-0.00434417
-21.66666630	-0.00435414
-21.63333297	-0.00435736
-21.59999964	-0.00421059
-21.56666631	-0.00426148
-21.53333297	-0.00423252
-21.49999964	-0.00423821
-21.46666631	-0.00420124
-21.43333297	-0.00418185
-21.39999964	-0.00422245
-21.36666631	-0.00415370
-21.33333297	-0.00418759
-21.29999964	-0.00416346
-21.26666631	-0.00423721
-21.23333298	-0.00424657
-21.19999964	-0.00438522
-21.16666631	-0.00442902
-21.13333298	-0.00450911
-21.09999964	-0.00451922
-21.06666631	-0.00455232
-21.03333298	-0.00454900
-20.99999964	-0.00469635
-20.96666631	-0.00464482
-20.93333298	-0.00473959
-20.89999965	-0.00485668
-20.86666631	-0.00490860
-20.83333298	-0.00490065
-20.79999965	-0.00483780
-20.76666631	-0.00477365
-20.73333298	-0.00480170
-20.69999965	-0.00487579
-20.66666631	-0.00487656
-20.63333298	-0.00487103
-20.59999965	-0.00474084
-20.56666632	-0.00477541
-20.53333298	-0.00480650
-20.49999965	-0.00469498
-20.46666632	-0.00466543
-20.43333298	-0.00456500
-20.39999965	-0.00455939
-20.36666632	-0.00442511
-20.33333298	-0.00447035
-20.29999965	-0.00432167
-20.26666632	-0.00441227
-20.23333299	-0.00419157
-20.19999965	-0.00413524
-20.16666632	-0.00406233
-20.13333299	-0.00408788
-20.09999965	-0.00404309
-20.06666632	-0.00386551
-20.03333299	-0.00378474
-19.99999965	-0.00370436
-19.96666632	-0.00369517
-19.93333299	-0.00363777
-19.89999966	-0.00358566
-19.86666632	-0.00350290
-19.83333299	-0.00346951
-19.79999966	-0.00340762
-19.76666632	-0.00352809
-19.73333299	-0.00340210
-19.69999966	-0.00336230
-19.66666632	-0.00330900
-19.63333299	-0.00329553
-19.59999966	-0.00321379
-19.56666633	-0.00317752
-19.53333299	-0.00314436
-19.49999966	-0.00307005
-19.46666633	-0.00314159
-19.43333299	-0.00311213
-19.39999966	-0.00314174
-19.36666633	-0.00317472
-19.33333299	-0.00307470
-19.29999966	-0.00302823
-19.26666633	-0.00299845
-19.23333300	-0.00307635
-19.19999966	-0.00297561
-19.16666633	-0.00291484
-19.13333300	-0.00283485
-19.09999966	-0.00281874
-19.06666633	-0.00282156
-19.03333300	-0.00271446
-18.99999966	-0.00273719
-18.96666633	-0.00276058
-18.93333300	-0.00271763
-18.89999966	-0.00265972
-18.86666633	-0.00268665
-18.83333300	-0.00266978
-18.79999967	-0.00272731
-18.76666633	-0.00262329
-18.73333300	-0.00260385
-18.69999967	-0.00256601
-18.66666633	-0.00251533
-18.63333300	-0.00244974
-18.59999967	-0.00234462
-18.56666633	-0.00217709
-18.53333300	-0.00219145
-18.49999967	-0.00209095
-18.46666634	-0.00215040
-18.43333300	-0.00199048
-18.39999967	-0.00183942
-18.36666634	-0.00172433
-18.33333300	-0.00163156
-18.29999967	-0.00142904
-18.26666634	-0.00131043
-18.23333300	-0.00116375
-18.19999967	-0.00085510
-18.16666634	-0.00082953
-18.13333301	-0.00059876
-18.09999967	-0.00043897
-18.06666634	-0.00029935
-18.03333301	-0.00012318
-17.99999967	-0.00006094
-17.96666634	0.00027774
-17.93333301	0.00045814
-17.89999967	0.00054610
-17.86666634	0.00076775
-17.83333301	0.00097363
-17.79999968	0.00110563
-17.76666634	0.00115003
-17.73333301	0.00144109
-17.69999968	0.00147942
-17.66666634	0.00157087
-17.63333301	0.00171986
-17.59999968	0.00183649
-17.56666634	0.00194704
-17.53333301	0.00209693
-17.49999968	0.00204439
-17.46666635	0.00213041
-17.43333301	0.00222033
-17.39999968	0.00227331
-17.36666635	0.00225814
-17.33333301	0.00224229
-17.29999968	0.00228294
-17.26666635	0.00223074
-17.23333301	0.00227008
-17.19999968	0.00239725
-17.16666635	0.00235888
-17.13333302	0.00244393
-17.09999968	0.00233510
-17.06666635	0.00228084
-17.03333302	0.00225989
-16.99999968	0.00233432
-16.96666635	0.00234667
-16.93333302	0.00245020
-16.89999968	0.00246201
-16.86666635	0.00255871
-16.83333302	0.00265646
-16.79999969	0.00279478
-16.76666635	0.00280153
-16.73333302	0.00292155
-16.69999969	0.00293312
-16.66666635	0.00302430
-16.63333302	0.00321186
-16.59999969	0.00329787
-16.56666635	0.00339974
-16.53333302	0.00350428
-16.49999969	0.00363115
-16.46666636	0.00381463
-16.43333302	0.00387485
-16.39999969	0.00409593
-16.36666636	0.00423611
-16.33333302	0.00422805
-16.29999969	0.00435367
-16.26666636	0.00451036
-16.23333302	0.00470282
-16.19999969	0.00475126
-16.16666636	0.00476896
-16.13333303	0.00496191
-16.09999969	0.00508637
-16.06666636	0.00514199
-16.03333303	0.00524292
-15.99999969	0.00520119
-15.96666636	0.00524248
-15.93333303	0.00543430
-15.89999969	0.00526645
-15.86666636	0.00540801
-15.83333303	0.00540161
-15.79999970	0.00548505
-15.76666636	0.00545955
-15.73333303	0.00548566
-15.69999970	0.00561565
-15.66666636	0.00545724
-15.63333303	0.00547193
-15.59999970	0.00547376
-15.56666636	0.00536318
-15.53333303	0.00544985
-15.49999970	0.00538586
-15.46666637	0.00537747
-15.43333303	0.00534913
-15.39999970	0.00529204
-15.36666637	0.00540825
-15.33333303	0.00520764
-15.29999970	0.00518880
-15.26666637	0.00516519
-15.23333303	0.00514047
-15.19999970	0.00524612
-15.16666637	0.00528288
-15.13333304	0.00528639
-15.09999970	0.00525543
-15.06666637	0.00514397
-15.03333304	0.00526023
-14.99999970	0.00531788
-14.96666637	0.00535332
-14.93333304	0.00535928
-14.89999970	0.00548682
-14.86666637	0.00548293
-14.83333304	0.00550941
-14.79999971	0.00553811
-14.76666637	0.00564402
-14.73333304	0.00557846
-14.69999971	0.00573305
-14.66666637	0.00586086
-14.63333304	0.00589393
-14.59999971	0.00605008
-14.56666637	0.00605818
-14.53333304	0.00618047
-14.49999971	0.00622811
-14.46666638	0.00623898
-14.43333304	0.00635022
-14.39999971	0.00641128
-14.36666638	0.00644608
-14.33333304	0.00648326
-14.29999971	0.00650684
-14.26666638	0.00641898
-14.23333304	0.00650202
-14.19999971	0.00652325
-14.16666638	0.00649928
-14.13333305	0.00646804
-14.09999971	0.00641201
-14.06666638	0.00638930
-14.03333305	0.00646437
-13.99999971	0.00643663
-13.96666638	0.00640824
-13.93333305	0.00625426
-13.89999971	0.00621461
-13.86666638	0.00618742
-13.83333305	0.00609980
-13.79999972	0.00601230
-13.76666638	0.00593986
-13.73333305	0.00586162
-13.69999972	0.00585425
-13.66666638	0.00570967
-13.63333305	0.00554528
-13.59999972	0.00545297
-13.56666638	0.00533563
-13.53333305	0.00524973
-13.49999972	0.00512984
-13.46666639	0.00499816
-13.43333305	0.00501163
-13.39999972	0.00482204
-13.36666639	0.00470661
-13.33333305	0.00460843
-13.29999972	0.00450064
-13.26666639	0.00449738
-13.23333305	0.00441375
-13.19999972	0.00432617
-13.16666639	0.00424610
-13.13333306	0.00420624
-13.09999972	0.00421034
-13.06666639	0.00413598
-13.03333306	0.00411766
-12.99999972	0.00413642
-12.96666639	0.00402030
-12.93333306	0.00409988
-12.89999972	0.00413662
-12.86666639	0.00417277
-12.83333306	0.00412750
-12.79999973	0.00422838
-12.76666639	0.00414245
-12.73333306	0.00420498
-12.69999973	0.00428648
-12.66666639	0.00420033
-12.63333306	0.00421096
-12.59999973	0.00435480
-12.56666639	0.00442387
-12.53333306	0.00433038
-12.49999973	0.00443741
-12.46666640	0.00439337
-12.43333306	0.00442968
-12.39999973	0.00434700
-12.36666640	0.00438515
-12.33333306	0.00429875
-12.29999973	0.00428020
-12.26666640	0.00435133
-12.23333306	0.00434389
-12.19999973	0.00418647
-12.16666640	0.00421619
-12.13333307	0.00401988
-12.09999973	0.00405081
-12.06666640	0.00395316
-12.03333307	0.00402666
-11.99999973	0.00380631
-11.96666640	0.00381511
-11.93333307	0.00368956
-11.89999973	0.00361678
-11.86666640	0.00350982
-11.83333307	0.00333984
-11.79999974	0.00342572
-11.76666640	0.00331472
-11.73333307	0.00329876
-11.69999974	0.00329690
-11.66666640	0.00328260
-11.63333307	0.00318848
-11.59999974	0.00324281
-11.56666640	0.00325003
-11.53333307	0.00326570
-11.49999974	0.00336367
-11.46666641	0.00325413
-11.43333307	0.00328987
-11.39999974	0.00341423
-11.36666641	0.00357209
-11.33333307	0.00356663
-11.29999974	0.00373161
-11.26666641	0.00386674
-11.23333307	0.00393875
-11.19999974	0.00407123
-11.16666641	0.00411378
-11.13333308	0.00429630
-11.09999974	0.00431603
-11.06666641	0.00443111
-11.03333308	0.00450055
-10.99999974	0.00469437
-10.96666641	0.00465470
-10.93333308	0.00477792
-10.89999974	0.00474275
-10.86666641	0.00475258
-10.83333308	0.00482095
-10.79999974	0.00472861
-10.76666641	0.00479915
-10.73333308	0.00471990
-10.69999975	0.00470728
-10.66666641	0.00461534
-10.63333308	0.00464440
-10.59999975	0.00452832
-10.56666641	0.00454258
-10.53333308	0.00444702
-10.49999975	0.00430667
-10.46666641	0.00417716
-10.43333308	0.00410171
-10.39999975	0.00391763
-10.36666642	0.00377665
-10.33333308	0.00379197
-10.29999975	0.00359287
-10.26666642	0.00343245
-10.23333308	0.00311186
-10.19999975	0.00303796
-10.16666642	0.00282976
-10.13333308	0.00262361
-10.09999975	0.00253755
-10.06666642	0.00236116
-10.03333309	0.00228787
-9.99999975	0.00208188
-9.96666642	0.00198404
-9.93333309	0.00184587
-9.89999975	0.00186504
-9.86666642	0.00170138
-9.83333309	0.00175423
-9.79999975	0.00157470
-9.76666642	0.00148529
-9.73333309	0.00140463
-9.69999976	0.00144516
-9.66666642	0.00133798
-9.63333309	0.00132112
-9.59999976	0.00124351
-9.56666642	0.00125419
-9.53333309	0.00129306
-9.49999976	0.00127940
-9.46666642	0.00125996
-9.43333309	0.00130499
-9.39999976	0.00129139
-9.36666643	0.00132600
-9.33333309	0.00129659
-9.29999976	0.00138589
-9.26666643	0.00140081
-9.23333309	0.00149664
-9.19999976	0.00154419
-9.16666643	0.00158125
-9.13333309	0.00152148
-9.09999976	0.00158923
-9.06666643	0.00158875
-9.03333310	0.00158545
-8.99999976	0.00160508
-8.96666643	0.00161094
-8.93333310	0.00163905
-8.89999976	0.00155002
-8.86666643	0.00152649
-8.83333310	0.00141904
-8.79999976	0.00144343
-8.76666643	0.00126146
-8.73333310	0.00132459
-8.69999977	0.00113350
-8.66666643	0.00106528
-8.63333310	0.00097776
-8.59999977	0.00083355
-8.56666643	0.00071724
-8.53333310	0.00051063
-8.49999977	0.00035489
-8.46666643	0.00025363
-8.43333310	0.00010322
-8.39999977	-0.00009172
-8.36666644	-0.00024644
-8.33333310	-0.00044159
-8.29999977	-0.00062030
-8.26666644	-0.00083373
-8.23333310	-0.00107344
-8.19999977	-0.00131739
-8.16666644	-0.00147464
-8.13333310	-0.00167649
-8.09999977	-0.00193235
-8.06666644	-0.00218255
-8.03333311	-0.00250827
-7.99999977	-0.00267839
-7.96666644	-0.00290554
-7.93333311	-0.00322350
-7.89999977	-0.00341935
-7.86666644	-0.00365698
-7.83333311	-0.00394498
-7.79999977	-0.00415288
-7.76666644	-0.00441740
-7.73333311	-0.00465476
-7.69999978	-0.00489437
-7.66666644	-0.00521316
-7.63333311	-0.00545951
-7.59999978	-0.00574928
-7.56666644	-0.00592275
-7.53333311	-0.00617636
-7.49999978	-0.00636757
-7.46666644	-0.00663918
-7.43333311	-0.00678454
-7.39999978	-0.00706178
-7.36666645	-0.00727406
-7.33333311	-0.00743576
-7.29999978	-0.00746720
-7.26666645	-0.00769258
-7.23333311	-0.00784925
-7.19999978	-0.00816128
-7.16666645	-0.00831832
-7.13333311	-0.00845171
-7.09999978	-0.00865934
-7.06666645	-0.00898994
-7.03333312	-0.00924315
-6.99999978	-0.00929367
-6.96666645	-0.00947845
-6.93333312	-0.00967048
-6.89999978	-0.00988132
-6.86666645	-0.01007234
-6.83333312	-0.01012863
-6.79999978	-0.01035404
-6.76666645	-0.01069591
-6.73333312	-0.01084132
-6.69999979	-0.01085910
-6.66666645	-0.01103320
-6.63333312	-0.01111698
-6.59999979	-0.01113028
-6.56666645	-0.01128395
-6.53333312	-0.01134607
-6.49999979	-0.01143130
-6.46666645	-0.01147269
-6.43333312	-0.01150363
-6.39999979	-0.01151821
-6.36666646	-0.01145476
-6.33333312	-0.01152530
-6.29999979	-0.01145866
-6.26666646	-0.01148223
-6.23333312	-0.01136682
-6.19999979	-0.01126242
-6.16666646	-0.01112387
-6.13333312	-0.01103640
-6.09999979	-0.01086518
-6.06666646	-0.01070933
-6.03333313	-0.01047971
-5.99999979	-0.01024630
-5.96666646	-0.00999720
-5.93333313	-0.00982497
-5.89999979	-0.00952516
-5.86666646	-0.00921830
-5.83333313	-0.00895271
-5.79999979	-0.00862553
-5.76666646	-0.00824589
-5.73333313	-0.00804434
-5.69999980	-0.00769533
-5.66666646	-0.00744768
-5.63333313	-0.00716413
-5.59999980	-0.00685857
-5.56666646	-0.00647172
-5.53333313	-0.00629704
-5.49999980	-0.00590329
-5.46666646	-0.00565367
-5.43333313	-0.00533750
-5.39999980	-0.00512555
-5.36666647	-0.00486597
-5.33333313	-0.00451593
-5.29999980	-0.00432510
-5.26666647	-0.00408568
-5.23333313	-0.00390844
-5.19999980	-0.00378794
-5.16666647	-0.00364994
-5.13333313	-0.00331733
-5.09999980	-0.00319319
-5.06666647	-0.00307942
-5.03333314	-0.00291536
-4.99999980	-0.00281370
-4.96666647	-0.00282052
-4.93333314	-0.00256125
-4.89999980	-0.00253979
-4.86666647	-0.00242453
-4.83333314	-0.00238877
-4.79999980	-0.00231537
-4.76666647	-0.00229793
-4.73333314	-0.00230025
-4.69999981	-0.00238434
-4.66666647	-0.00234983
-4.63333314	-0.00247133
-4.59999981	-0.00243442
-4.56666647	-0.00257292
-4.53333314	-0.00261695
-4.49999981	-0.00279391
-4.46666647	-0.00280453
-4.43333314	-0.00282804
-4.39999981	-0.00314290
-4.36666648	-0.00313000
-4.33333314	-0.00339465
-4.29999981	-0.00350310
-4.26666648	-0.00377091
-4.23333314	-0.00399452
-4.19999981	-0.00416383
-4.16666648	-0.00435898
-4.13333314	-0.00462014
-4.09999981	-0.00489198
-4.06666648	-0.00518037
-4.03333315	-0.00552558
-3.99999981	-0.00576453
-3.96666648	-0.00603949
-3.93333315	-0.00634829
-3.89999981	-0.00654637
-3.86666648	-0.00686021
-3.83333315	-0.00724234
-3.79999981	-0.00757022
-3.76666648	-0.00773657
-3.73333315	-0.00809933
-3.69999982	-0.00838309
-3.66666648	-0.00863591
-3.63333315	-0.00902088
-3.59999982	-0.00937420
-3.56666648	-0.00967572
-3.53333315	-0.01005418
-3.49999982	-0.01027105
-3.46666648	-0.01075451
-3.43333315	-0.01109990
-3.39999982	-0.01133942
-3.36666649	-0.01173404
-3.33333315	-0.01190966
-3.29999982	-0.01224712
-3.26666649	-0.01240514
-3.23333315	-0.01269322
-3.19999982	-0.01286359
-3.16666649	-0.01321022
-3.13333315	-0.01332803
-3.09999982	-0.01349203
-3.06666649	-0.01376755
-3.03333316	-0.01389970
-2.99999982	-0.01404073
-2.96666649	-0.01405116
-2.93333316	-0.01424044
-2.89999982	-0.01427583
-2.86666649	-0.01435713
-2.83333316	-0.01433661
-2.79999982	-0.01437326
-2.76666649	-0.01435252
-2.73333316	-0.01432869
-2.69999983	-0.01426411
-2.66666649	-0.01415749
-2.63333316	-0.01398121
-2.59999983	-0.01387986
-2.56666649	-0.01367644
-2.53333316	-0.01341900
-2.49999983	-0.01320717
-2.46666649	-0.01297427
-2.43333316	-0.01265573
-2.39999983	-0.01229987
-2.36666649	-0.01193090
-2.33333316	-0.01158906
-2.29999983	-0.01108667
-2.26666650	-0.01071898
-2.23333316	-0.01024387
-2.19999983	-0.00972990
-2.16666650	-0.00923922
-2.13333316	-0.00867914
-2.09999983	-0.00815836
-2.06666650	-0.00756920
-2.03333316	-0.00698821
-1.99999983	-0.00634882
-1.96666650	-0.00567828
-1.93333317	-0.00507119
-1.89999983	-0.00436745
-1.86666650	-0.00368354
-1.83333317	-0.00303549
-1.79999983	-0.00240333
-1.76666650	-0.00166948
-1.73333317	-0.00103181
-1.69999983	-0.00033596
-1.66666650	0.00036731
-1.63333317	0.00100100
-1.59999984	0.00166253
-1.56666650	0.00229633
-1.53333317	0.00284841
-1.49999984	0.00348200
-1.46666650	0.00406198
-1.43333317	0.00460792
-1.39999984	0.00520813
-1.36666650	0.00581968
-1.33333317	0.00633015
-1.29999984	0.00689135
-1.26666651	0.00740918
-1.23333317	0.00792539
-1.19999984	0.00844183
-1.16666651	0.00891501
-1.13333317	0.00934550
-1.09999984	0.00975601
-1.06666651	0.01023312
-1.03333317	0.01073672
-0.99999984	0.01113572
-0.96666651	0.01160396
-0.93333318	0.01210114
-0.89999984	0.01243364
-0.86666651	0.01272064
-0.83333318	0.01309473
-0.79999984	0.01356719
-0.76666651	0.01387934
-0.73333318	0.01419680
-0.69999984	0.01451907
-0.66666651	0.01486409
-0.63333318	0.01509658
-0.59999985	0.01542744
-0.56666651	0.01576643
-0.53333318	0.01593604
-0.49999985	0.01631072
-0.46666651	0.01646041
-0.43333318	0.01680641
-0.39999985	0.01710724
-0.36666651	0.01723342
-0.33333318	0.01739519
-0.29999985	0.01766375
-0.26666652	0.01791558
-0.23333318	0.01802309
-0.19999985	0.01830818
-0.16666652	0.01837290
-0.13333318	0.01858820
-0.09999985	0.01880889
-0.06666652	0.01883088
-0.03333318	0.01899006
0.00000015	0.01909653
0.03333348	0.01926846
0.06666681	0.01931435
0.10000015	0.01928151
0.13333348	0.01944637
0.16666681	0.01962039
0.20000015	0.01961943
0.23333348	0.01967557
0.26666681	0.01967840
0.30000015	0.01971736
0.33333348	0.01973311
0.36666681	0.01982780
0.40000014	0.01982390
0.43333348	0.01988026
0.46666681	0.01992464
0.50000014	0.01998376
0.53333348	0.01999337
0.56666681	0.02000760
0.60000014	0.02007526
0.63333348	0.02000690
0.66666681	0.02011590
0.70000014	0.01997265
0.73333347	0.01996261
0.76666681	0.02000159
0.80000014	0.02004087
0.83333347	0.01990434
0.86666681	0.01991012
0.90000014	0.02014362
0.93333347	0.02010689
0.96666681	0.02009197
1.00000014	0.02013730
1.03333347	0.02005325
1.06666680	0.02008887
1.10000014	0.02009126
1.13333347	0.02003071
1.16666680	0.01999424
1.20000014	0.01993026
1.23333347	0.01990833
1.26666680	0.01991591
1.30000014	0.01984704
1.33333347	0.01976842
1.36666680	0.01970866
1.40000013	0.01965560
1.43333347	0.01968984
1.46666680	0.01959822
1.50000013	0.01959808
1.53333347	0.01949895
1.56666680	0.01949790
1.60000013	0.01935590
1.63333347	0.01928527
1.66666680	0.01924126
1.70000013	0.01909074
1.73333346	0.01898875
1.76666680	0.01898065
1.80000013	0.01884958
1.83333346	0.01876293
1.86666680	0.01859067
1.90000013	0.01857271
1.93333346	0.01842989
1.96666680	0.01825669
2.00000013	0.01814710
2.03333346	0.01792536
2.06666679	0.01794610
2.10000013	0.01778799
2.13333346	0.01763699
2.16666679	0.01756219
2.20000013	0.01742568
2.23333346	0.01717417
2.26666679	0.01700316
2.30000013	0.01678466
2.33333346	0.01678224
2.36666679	0.01656136
2.40000012	0.01635821
2.43333346	0.01619027
2.46666679	0.01592126
2.50000012	0.01581183
2.53333346	0.01565768
2.56666679	0.01543123
2.60000012	0.01534983
2.63333346	0.01520670
2.66666679	0.01501451
2.70000012	0.01485005
2.73333345	0.01455215
2.76666679	0.01440821
2.80000012	0.01432254
2.83333345	0.01418993
2.86666679	0.01406378
2.90000012	0.01393143
2.93333345	0.01390018
2.96666679	0.01369837
3.00000012	0.01373786
3.03333345	0.01364838
3.06666678	0.01353221
3.10000012	0.01347248
3.13333345	0.01330976
3.16666678	0.01324546
3.20000012	0.01321665
3.23333345	0.01317736
3.26666678	0.01321492
3.30000012	0.01311933
3.33333345	0.01308477
3.36666678	0.01303657
3.40000011	0.01292888
3.43333345	0.01289806
3.46666678	0.01286084
3.50000011	0.01296087
3.53333345	0.01288341
3.56666678	0.01285914
3.60000011	0.01275077
3.63333345	0.01274163
3.66666678	0.01265848
3.70000011	0.01246543
3.73333344	0.01238094
3.76666678	0.01233901
3.80000011	0.01222088
3.83333344	0.01215646
3.86666678	0.01203427
3.90000011	0.01190700
3.93333344	0.01172888
3.96666678	0.01159127
4.00000011	0.01129590
4.03333344	0.01123020
4.06666677	0.01099728
4.10000011	0.01062523
4.13333344	0.01051822
4.16666677	0.01034515
4.20000011	0.01015081
4.23333344	0.00997492
4.26666677	0.00974643
4.30000011	0.00951022
4.33333344	0.00926452
4.36666677	0.00899899
4.40000010	0.00871714
4.43333344	0.00848327
4.46666677	0.00819112
4.50000010	0.00800894
4.53333344	0.00772649
4.56666677	0.00753328
4.60000010	0.00721106
4.63333344	0.00713021
4.66666677	0.00689059
4.70000010	0.00660133
4.73333343	0.00638176
4.76666677	0.00606392
4.80000010	0.00580830
4.83333343	0.00564588
4.86666677	0.00522045
4.90000010	0.00499728
4.93333343	0.00477678
4.96666677	0.00438968
5.00000010	0.00410199
5.03333343	0.00391866
5.06666676	0.00348984
5.10000010	0.00323925
5.13333343	0.00306912
5.16666676	0.00281473
5.20000010	0.00252129
5.23333343	0.00225334
5.26666676	0.00190573
5.30000010	0.00162601
5.33333343	0.00132842
5.36666676	0.00103559
5.40000009	0.00078173
5.43333343	0.00052628
5.46666676	0.00026688
5.50000009	0.00003146
5.53333343	-0.00040214
5.56666676	-0.00069519
5.60000009	-0.00100181
5.63333343	-0.00117829
5.66666676	-0.00154885
5.70000009	-0.00179627
5.73333343	-0.00205338
5.76666676	-0.00243863
5.80000009	-0.00257284
5.83333342	-0.00275682
5.86666676	-0.00305502
5.90000009	-0.00323359
5.93333342	-0.00344855
5.96666676	-0.00360368
6.00000009	-0.00377038
6.03333342	-0.00398392
6.06666676	-0.00419514
6.10000009	-0.00436411
6.13333342	-0.00441866
6.16666675	-0.00464859
6.20000009	-0.00480122
6.23333342	-0.00475207
6.26666675	-0.00492803
6.30000009	-0.00500250
6.33333342	-0.00509450
6.36666675	-0.00520869
6.40000009	-0.00529443
6.43333342	-0.00537635
6.46666675	-0.00542755
6.50000008	-0.00543287
6.53333342	-0.00547707
6.56666675	-0.00546967
6.60000008	-0.00547298
6.63333342	-0.00550926
6.66666675	-0.00550330
6.70000008	-0.00566642
6.73333342	-0.00564010
6.76666675	-0.00569777
6.80000008	-0.00558566
6.83333341	-0.00565271
6.86666675	-0.00553495
6.90000008	-0.00557434
6.93333341	-0.00557095
6.96666675	-0.00558860
7.00000008	-0.00563009
7.03333341	-0.00574970
7.06666675	-0.00560081
7.10000008	-0.00571731
7.13333341	-0.00565736
7.16666674	-0.00563545
7.20000008	-0.00572628
7.23333341	-0.00592248
7.26666674	-0.00596276
7.30000008	-0.00604672
7.33333341	-0.00609336
7.36666674	-0.00618170
7.40000008	-0.00622193
7.43333341	-0.00632498
7.46666674	-0.00649961
7.50000007	-0.00657434
7.53333341	-0.00673665
7.56666674	-0.00694315
7.60000007	-0.00700495
7.63333341	-0.00713031
7.66666674	-0.00720404
7.70000007	-0.00736247
7.73333341	-0.00750528
7.76666674	-0.00779047
7.80000007	-0.00779532
7.83333340	-0.00784027
7.86666674	-0.00805896
7.90000007	-0.00819257
7.93333340	-0.00826757
7.96666674	-0.00838650
8.00000007	-0.00842120
8.03333340	-0.00867833
8.06666674	-0.00870534
8.10000007	-0.00874113
8.13333340	-0.00886597
8.16666673	-0.00906201
8.20000007	-0.00918198
8.23333340	-0.00920718
8.26666673	-0.00925725
8.30000007	-0.00928278
8.33333340	-0.00941854
8.36666673	-0.00947317
8.40000007	-0.00955035
8.43333340	-0.00956378
8.46666673	-0.00959296
8.50000006	-0.00964957
8.53333340	-0.00965265
8.56666673	-0.00966779
8.60000006	-0.00963162
8.63333340	-0.00973154
8.66666673	-0.00965268
8.70000006	-0.00965099
8.73333340	-0.00965800
8.76666673	-0.00955428
8.80000006	-0.00960940
8.83333339	-0.00961842
8.86666673	-0.00969082
8.90000006	-0.00960005
8.93333339	-0.00968828
8.96666673	-0.00965358
9.00000006	-0.00960605
9.03333339	-0.00956044
9.06666673	-0.00957846
9.10000006	-0.00954300
9.13333339	-0.00961582
9.16666672	-0.00953547
9.20000006	-0.00943622
9.23333339	-0.00944696
9.26666672	-0.00936983
9.30000006	-0.00936053
9.33333339	-0.00927007
9.36666672	-0.00925671
9.40000006	-0.00923810
9.43333339	-0.00923456
9.46666672	-0.00910179
9.50000005	-0.00905236
9.53333339	-0.00892911
9.56666672	-0.00881002
9.60000005	-0.00874083
9.63333339	-0.00864915
9.66666672	-0.00852339
9.70000005	-0.00842454
9.73333339	-0.00831825
9.76666672	-0.00822776
9.80000005	-0.00810540
9.83333338	-0.00807642
9.86666672	-0.00782836
9.90000005	-0.00774215
9.93333338	-0.00766109
9.96666672	-0.00751595
10.00000005	-0.00746180
10.03333338	-0.00730998
10.06666672	-0.00713134
10.10000005	-0.00712268
10.13333338	-0.00697136
10.16666671	-0.00686573
10.20000005	-0.00665715
10.23333338	-0.00655835
10.26666671	-0.00643158
10.30000005	-0.00633304
10.33333338	-0.00613400
10.36666671	-0.00602669
10.40000005	-0.00593098
10.43333338	-0.00583117
10.46666671	-0.00574598
10.50000004	-0.00556575
10.53333338	-0.00549360
10.56666671	-0.00533790
10.60000004	-0.00526958
10.63333338	-0.00516183
10.66666671	-0.00508729
10.70000004	-0.00494176
10.73333338	-0.00484423
10.76666671	-0.00471366
10.80000004	-0.00472118
10.83333337	-0.00453652
10.86666671	-0.00453620
10.90000004	-0.00447961
10.93333337	-0.00430353
10.96666671	-0.00422898
11.00000004	-0.00416130
11.03333337	-0.00413005
11.06666671	-0.00400115
11.10000004	-0.00391026
11.13333337	-0.00381332
11.16666670	-0.00376898
11.20000004	-0.00368722
11.23333337	-0.00364859
11.26666670	-0.00360737
11.30000004	-0.00354612
11.33333337	-0.00347491
11.36666670	-0.00340110
11.40000004	-0.00342115
11.43333337	-0.00335224
11.46666670	-0.00331021
11.50000003	-0.00326302
11.53333337	-0.00326124
11.56666670	-0.00319140
11.60000003	-0.00318375
11.63333337	-0.00309811
11.66666670	-0.00307962
11.70000003	-0.00300328
11.73333337	-0.00295557
11.76666670	-0.00291240
11.80000003	-0.00287893
11.83333336	-0.00278835
11.86666670	-0.00277623
11.90000003	-0.00273581
11.93333336	-0.00267465
11.96666670	-0.00263999
12.00000003	-0.00261583
12.03333336	-0.00256233
12.06666670	-0.00249833
12.10000003	-0.00246495
12.13333336	-0.00242119
12.16666669	-0.00236319
12.20000003	-0.00233595
12.23333336	-0.00227284
12.26666669	-0.00223203
12.30000003	-0.00215811
12.33333336	-0.00213683
12.36666669	-0.00205740
12.40000003	-0.00200624
12.43333336	-0.00195075
12.46666669	-0.00189301
12.50000002	-0.00184551
12.53333336	-0.00179357
12.56666669	-0.00173345
12.60000002	-0.00167543
12.63333336	-0.00159073
12.66666669	-0.00156944
12.70000002	-0.00149583
12.73333336	-0.00147165
12.76666669	-0.00143697
12.80000002	-0.00138430
12.83333335	-0.00133188
12.86666669	-0.00129983
12.90000002	-0.00125667
12.93333335	-0.00122282
12.96666669	-0.00118745
13.00000002	-0.00114130
13.03333335	-0.00110908
13.06666669	-0.00107739
13.10000002	-0.00103160
13.13333335	-0.00100341
13.16666668	-0.00096909
13.20000002	-0.00093315
13.23333335	-0.00091653
13.26666668	-0.00087369
13.30000002	-0.00084297
13.33333335	-0.00080230
13.36666668	-0.00077215
13.40000002	-0.00073880
13.43333335	-0.00070711
13.46666668	-0.00067859
13.50000001	-0.00064642
13.53333335	-0.00062534
13.56666668	-0.00059823
13.60000001	-0.00056852
13.63333335	-0.00053928
13.66666668	-0.00050791
13.70000001	-0.00048546
13.73333335	-0.00045692
13.76666668	-0.00043386
13.80000001	-0.00040824
13.83333335	-0.00038066
13.86666668	-0.00035574
13.90000001	-0.00033339
13.93333334	-0.00031292
13.96666668	-0.00028853
14.00000001	-0.00026742
14.03333334	-0.00024739
14.06666668	-0.00022825
14.10000001	-0.00021182
14.13333334	-0.00019511
14.16666668	-0.00017738
14.20000001	-0.00016214
14.23333334	-0.00014672
14.26666667	-0.00013228
14.30000001	-0.00011996
14.33333334	-0.00010608
14.36666667	-0.00009533
14.40000001	-0.00008356
14.43333334	-0.00007351
14.46666667	-0.00006306
14.50000001	-0.00005429
14.53333334	-0.00004631
14.56666667	-0.00003788
14.60000000	-0.00003078
14.63333334	-0.00002475
14.66666667	-0.00001874
14.70000000	-0.00001398
14.73333334	-0.00000964
14.76666667	-0.00000624
14.80000000	-0.00000355
14.83333334	-0.00000159
14.86666667	-0.00000040
14.90000000	0.00000000
