# Menlo Systems GmbH ScanControl
# Program Version 1.3.3
# Start: -65.00000000 ps, Average over 1000 waveforms. Timestamp: 2020-01-08T14:30:22
# Window type: Tukey, parameters: alpha = 0.2
# User time axis shift: 0 ps
# Frequency [THz]	THz Signal [a.u.]
0.00000000	-28.25824282
0.00732601	-22.94037813
0.01465201	-20.10469173
0.02197802	-22.06905486
0.02930403	-31.11616507
0.03663004	-26.92610002
0.04395604	-20.18571978
0.05128205	-14.90875646
0.05860806	-15.67992315
0.06593407	-16.25236118
0.07326007	-10.47221000
0.08058608	-12.45502957
0.08791209	-18.86017058
0.09523810	-7.09011865
0.10256410	-5.85874694
0.10989011	-11.16352804
0.11721612	-7.76127498
0.12454213	-4.66125982
0.13186813	-8.04443912
0.13919414	-7.81031360
0.14652015	-3.40183046
0.15384616	-3.77571572
0.16117216	-4.44090861
0.16849817	-2.09514465
0.17582418	-2.50147820
0.18315018	-5.72977899
0.19047619	-3.01690886
0.19780220	-0.64054918
0.20512821	-1.23759596
0.21245421	-1.76733475
0.21978022	-0.70844139
0.22710623	-0.86883506
0.23443224	-1.95445582
0.24175824	-1.44671426
0.24908425	-0.27459064
0.25641026	0.00000000
0.26373627	-0.34233746
0.27106227	-0.44520041
0.27838828	-0.75381544
0.28571429	-1.83876427
0.29304030	-1.76905009
0.30036630	-0.58636161
0.30769231	-0.54208613
0.31501832	-1.02773886
0.32234433	-0.75878659
0.32967033	-1.05158958
0.33699634	-2.33887070
0.34432235	-2.41033441
0.35164835	-1.63435080
0.35897436	-1.50317882
0.36630037	-1.46034799
0.37362638	-1.64845486
0.38095238	-2.26257403
0.38827839	-2.53402868
0.39560440	-2.74699104
0.40293041	-3.00652849
0.41025641	-2.76725034
0.41758242	-2.72755602
0.42490843	-3.14401712
0.43223444	-3.62601894
0.43956044	-4.18529859
0.44688645	-4.44968155
0.45421246	-4.34026724
0.46153847	-4.41372563
0.46886447	-4.60998810
0.47619048	-4.81149707
0.48351649	-5.09542450
0.49084250	-5.53697453
0.49816850	-6.04012758
0.50549451	-6.00914371
0.51282052	-5.88383478
0.52014652	-6.35882683
0.52747253	-6.86657925
0.53479854	-7.12213971
0.54212455	-7.52795264
0.54945055	-8.31665054
0.55677656	-9.34813574
0.56410257	-9.10721432
0.57142858	-8.44525716
0.57875458	-8.98428450
0.58608059	-9.50540826
0.59340660	-9.44925832
0.60073261	-9.97700157
0.60805861	-10.28140025
0.61538462	-10.37527492
0.62271063	-11.06366655
0.63003664	-11.37297903
0.63736264	-11.61454979
0.64468865	-12.42080818
0.65201466	-12.83849910
0.65934067	-13.23937292
0.66666667	-13.93800042
0.67399268	-14.33876257
0.68131869	-14.92234452
0.68864469	-15.52917185
0.69597070	-16.00285119
0.70329671	-16.83008765
0.71062272	-17.33947050
0.71794872	-17.72279562
0.72527473	-18.52977665
0.73260074	-18.95761961
0.73992675	-19.51605176
0.74725275	-20.83221243
0.75457876	-21.62745241
0.76190477	-21.68526325
0.76923078	-22.05455212
0.77655678	-22.69779481
0.78388279	-23.36444618
0.79120880	-23.98191580
0.79853481	-24.61974611
0.80586081	-25.38678294
0.81318682	-26.05574918
0.82051283	-26.59908295
0.82783884	-27.20519525
0.83516484	-27.79096280
0.84249085	-28.41755615
0.84981686	-29.06479142
0.85714287	-29.68254027
0.86446887	-30.41077386
0.87179488	-30.99077633
0.87912089	-31.56156575
0.88644689	-32.37625128
0.89377290	-33.06893507
0.90109891	-33.79587184
0.90842492	-34.50002628
0.91575092	-34.99913751
0.92307693	-35.69531754
0.93040294	-36.38518169
0.93772895	-37.25246175
0.94505495	-38.20871380
0.95238096	-38.66850987
0.95970697	-39.47168374
0.96703298	-40.38695485
0.97435898	-41.07450851
0.98168499	-42.25253204
0.98901100	-42.89564906
0.99633701	-43.43724292
1.00366301	-44.48291195
1.01098902	-44.67824102
1.01831503	-45.29249845
1.02564104	-46.70351833
1.03296704	-47.44683355
1.04029305	-48.06150306
1.04761906	-49.04728904
1.05494506	-50.31056117
1.06227107	-50.90919959
1.06959708	-51.48686293
1.07692309	-53.03214937
1.08424909	-53.06810004
1.09157510	-54.48675271
1.09890111	-59.51682679
1.10622712	-55.61795972
1.11355312	-55.18986118
1.12087913	-59.42233897
1.12820514	-57.81654822
1.13553115	-58.69364200
1.14285715	-63.50470354
1.15018316	-59.68823671
1.15750917	-60.42749893
1.16483518	-70.13369309
1.17216118	-61.88014158
1.17948719	-61.34888104
1.18681320	-64.44452184
1.19413921	-62.32041852
1.20146521	-67.33019834
1.20879122	-70.67344344
1.21611723	-65.93592027
1.22344323	-67.58015689
1.23076924	-72.77176040
1.23809525	-65.57924579
1.24542126	-67.04534957
1.25274726	-70.99506181
1.26007327	-75.64023300
1.26739928	-76.31081994
1.27472529	-74.28614729
1.28205129	-72.21120004
1.28937730	-81.24021205
1.29670331	-70.47473280
1.30402932	-73.20490777
1.31135532	-74.04728238
1.31868133	-73.30714186
1.32600734	-77.60356144
1.33333335	-74.35667431
1.34065935	-82.05240727
1.34798536	-73.90689057
1.35531137	-78.62987649
1.36263738	-76.61012760
1.36996338	-80.46837701
1.37728939	-79.56990505
1.38461540	-74.42962944
1.39194140	-77.45389812
1.39926741	-81.30500455
1.40659342	-76.21287040
1.41391943	-71.57801605
1.42124543	-74.82084106
1.42857144	-77.86062571
1.43589745	-76.58673122
1.44322346	-81.55349613
1.45054946	-77.95101027
1.45787547	-80.51290673
1.46520148	-78.91530395
1.47252749	-73.40952032
1.47985349	-82.86632090
1.48717950	-73.01483985
1.49450551	-73.45077630
1.50183152	-80.34327100
1.50915752	-69.94550836
1.51648353	-71.71703644
1.52380954	-91.88296381
1.53113555	-75.57909962
1.53846155	-80.02191073
1.54578756	-76.18436944
1.55311357	-72.04626684
1.56043957	-77.88581918
1.56776558	-85.02147321
1.57509159	-80.82412247
1.58241760	-75.73291653
1.58974360	-80.97560350
1.59706961	-78.75953316
1.60439562	-82.17936100
1.61172163	-74.61856360
1.61904763	-82.19887853
1.62637364	-79.49167845
1.63369965	-86.52194447
1.64102566	-74.05334705
1.64835166	-78.85080329
1.65567767	-77.71180067
1.66300368	-82.15267117
1.67032969	-73.61734347
1.67765569	-74.26618345
1.68498170	-79.53456513
1.69230771	-73.92223890
1.69963372	-77.77682593
1.70695972	-74.63097832
1.71428573	-79.86296538
1.72161174	-83.30395554
1.72893774	-87.02576841
1.73626375	-72.10415950
1.74358976	-69.80724002
1.75091577	-78.38546675
1.75824177	-77.72028744
1.76556778	-79.73224736
1.77289379	-85.90635228
1.78021980	-89.98507778
1.78754580	-77.86613607
1.79487181	-73.67497954
1.80219782	-73.68136972
1.80952383	-74.95838105
1.81684983	-78.91907559
1.82417584	-79.93265154
1.83150185	-73.30993385
1.83882786	-74.70336235
1.84615386	-80.92885164
1.85347987	-78.96451332
1.86080588	-74.13767778
1.86813189	-73.31406948
1.87545789	-78.19314644
1.88278390	-90.80953969
1.89010991	-87.81964500
1.89743591	-80.52271125
1.90476192	-77.56691978
1.91208793	-79.31296199
1.91941394	-77.91415902
1.92673994	-81.05889293
1.93406595	-85.86280696
1.94139196	-81.91914592
1.94871797	-76.55569296
1.95604397	-76.49267992
1.96336998	-85.15799389
1.97069599	-73.81502478
1.97802200	-76.39436771
1.98534800	-79.47422223
1.99267401	-89.11633799
2.00000002	-80.10953322
2.00732603	-76.56000973
2.01465203	-80.73419755
2.02197804	-85.91304981
2.02930405	-76.53229151
2.03663006	-79.89492548
2.04395606	-84.93635835
2.05128207	-81.02159467
2.05860808	-77.54389969
2.06593408	-78.97325027
2.07326009	-83.66245685
2.08058610	-79.70930042
2.08791211	-84.86739671
2.09523811	-86.18817112
2.10256412	-80.94890588
2.10989013	-76.12967010
2.11721614	-78.78192981
2.12454214	-82.66280860
2.13186815	-86.31542463
2.13919416	-84.80649440
2.14652017	-81.99345038
2.15384617	-90.94821097
2.16117218	-85.40248168
2.16849819	-81.76183594
2.17582420	-98.24757989
2.18315020	-76.50706261
2.19047621	-74.66715007
2.19780222	-73.65198807
2.20512823	-72.62677467
2.21245423	-78.15290518
2.21978024	-83.49744907
2.22710625	-90.37048263
2.23443225	-78.08904851
2.24175826	-86.25192537
2.24908427	-78.95882481
2.25641028	-76.83708009
2.26373628	-80.45523559
2.27106229	-98.64888535
2.27838830	-79.74923158
2.28571431	-78.64857568
2.29304031	-77.05300044
2.30036632	-85.50054312
2.30769233	-72.76916753
2.31501834	-72.22443163
2.32234434	-98.09547531
2.32967035	-76.49636587
2.33699636	-79.73458354
2.34432237	-88.73653619
2.35164837	-76.22528289
2.35897438	-73.59042738
2.36630039	-78.79526759
2.37362640	-91.76908373
2.38095240	-84.11645434
2.38827841	-80.54677956
2.39560442	-106.89767251
2.40293043	-80.73241637
2.41025643	-82.06298661
2.41758244	-75.70881378
2.42490845	-75.73915519
2.43223445	-85.44783389
2.43956046	-91.29066659
2.44688647	-79.67621770
2.45421248	-76.98681871
2.46153848	-88.22679318
2.46886449	-80.67393600
2.47619050	-78.11078690
2.48351651	-79.66853721
2.49084251	-78.97869335
2.49816852	-78.63416831
2.50549453	-79.52187827
2.51282054	-80.80152884
2.52014654	-79.90679076
2.52747255	-87.89112383
2.53479856	-79.31917102
2.54212457	-75.51206072
2.54945057	-77.39305690
2.55677658	-89.26780652
2.56410259	-76.52321263
2.57142860	-74.70772976
2.57875460	-80.47855216
2.58608061	-77.72226182
2.59340662	-79.78903238
2.60073262	-89.46098033
2.60805863	-85.89005926
2.61538464	-84.48632455
2.62271065	-81.89994490
2.63003665	-90.57044800
2.63736266	-81.64532341
2.64468867	-79.41683673
2.65201468	-83.96106296
2.65934068	-76.58619614
2.66666669	-76.99481578
2.67399270	-85.92676933
2.68131871	-85.46328268
2.68864471	-78.90651928
2.69597072	-79.47707625
2.70329673	-94.00520447
2.71062274	-77.33487793
2.71794874	-75.88699591
2.72527475	-80.79818506
2.73260076	-83.73301211
2.73992677	-89.72119144
2.74725277	-96.44171853
2.75457878	-89.52023693
2.76190479	-79.69502730
2.76923079	-78.01156295
2.77655680	-79.91214930
2.78388281	-77.51331553
2.79120882	-77.31916378
2.79853482	-89.48603177
2.80586083	-80.51933826
2.81318684	-93.54598110
2.82051285	-83.21665306
2.82783885	-88.46578742
2.83516486	-74.85844128
2.84249087	-77.17852677
2.84981688	-86.51507009
2.85714288	-78.39661177
2.86446889	-87.88611829
2.87179490	-83.50242694
2.87912091	-96.49646293
2.88644691	-77.84632900
2.89377292	-76.10470665
2.90109893	-80.76560489
2.90842494	-76.94864513
2.91575094	-77.93932636
2.92307695	-83.27378261
2.93040296	-80.39716671
2.93772896	-86.51464991
2.94505497	-96.12080447
2.95238098	-86.63602869
2.95970699	-87.65020134
2.96703299	-85.64511696
2.97435900	-80.94572217
2.98168501	-84.47598907
2.98901102	-82.10785550
2.99633702	-82.38814698
3.00366303	-78.70399374
3.01098904	-86.03196093
3.01831505	-78.01510484
3.02564105	-78.51512322
3.03296706	-91.73104715
3.04029307	-79.91334383
3.04761908	-78.54181078
3.05494508	-76.54733578
3.06227109	-82.00992120
3.06959710	-79.91115032
3.07692311	-89.42992934
3.08424911	-77.51062830
3.09157512	-73.81345207
3.09890113	-82.70857361
3.10622713	-77.15705094
3.11355314	-74.25753715
3.12087915	-80.03311182
3.12820516	-79.24683767
3.13553116	-81.16575594
3.14285717	-79.78168222
3.15018318	-80.21511947
3.15750919	-82.40004040
3.16483519	-80.54322249
3.17216120	-74.33754112
3.17948721	-75.77579197
3.18681322	-86.45674655
3.19413922	-84.85249840
3.20146523	-83.82300956
3.20879124	-82.52809756
3.21611725	-88.85745942
3.22344325	-80.97904444
3.23076926	-90.22354006
3.23809527	-78.16741623
3.24542128	-76.10410935
3.25274728	-81.08019770
3.26007329	-92.06755530
3.26739930	-79.51292656
3.27472530	-77.29609935
3.28205131	-81.19598351
3.28937732	-83.26368402
3.29670333	-82.57373325
3.30402933	-84.73619155
3.31135534	-73.77432105
3.31868135	-73.30407940
3.32600736	-78.15295288
3.33333336	-84.75802344
3.34065937	-91.36329289
3.34798538	-87.15300893
3.35531139	-84.87678968
3.36263739	-91.78459289
3.36996340	-84.90031580
3.37728941	-88.08534350
3.38461542	-83.58422457
3.39194142	-81.68587108
3.39926743	-82.65818941
3.40659344	-85.09677295
3.41391945	-83.75849820
3.42124545	-80.37895606
3.42857146	-84.50579829
3.43589747	-84.34620325
3.44322347	-77.99252268
3.45054948	-86.22269125
3.45787549	-74.50972309
3.46520150	-71.60497902
3.47252750	-75.98321464
3.47985351	-93.31062581
3.48717952	-88.49869020
3.49450553	-94.81061354
3.50183153	-84.11633237
3.50915754	-77.51910723
3.51648355	-78.31550315
3.52380956	-79.10941545
3.53113556	-75.99890495
3.53846157	-79.10037081
3.54578758	-75.43647241
3.55311359	-73.48689268
3.56043959	-79.68208141
3.56776560	-83.56541952
3.57509161	-81.78958030
3.58241762	-84.49520711
3.58974362	-80.14962697
3.59706963	-82.70477442
3.60439564	-73.75542763
3.61172164	-77.85832019
3.61904765	-84.27910826
3.62637366	-79.73358962
3.63369967	-85.70147316
3.64102567	-81.92535711
3.64835168	-82.38485206
3.65567769	-81.43678325
3.66300370	-87.75777231
3.67032970	-81.43322652
3.67765571	-92.48295310
3.68498172	-81.90634904
3.69230773	-79.48619764
3.69963373	-79.21324263
3.70695974	-78.31359297
3.71428575	-77.99213877
3.72161176	-84.40907858
3.72893776	-74.94776123
3.73626377	-76.02850980
3.74358978	-75.63410983
3.75091579	-77.69041724
3.75824179	-90.78285225
3.76556780	-80.25120434
3.77289381	-76.92918693
3.78021982	-81.95499969
3.78754582	-82.65189307
3.79487183	-76.14022809
3.80219784	-81.07955092
3.80952384	-80.58282517
3.81684985	-78.61312172
3.82417586	-86.24140695
3.83150187	-79.05753447
3.83882787	-86.72398855
3.84615388	-79.52239333
3.85347989	-107.27023627
3.86080590	-78.17605175
3.86813190	-79.28602773
3.87545791	-85.76700404
3.88278392	-78.13381344
3.89010993	-78.43756007
3.89743593	-80.59035957
3.90476194	-78.21721378
3.91208795	-82.08753184
3.91941396	-80.45293504
3.92673996	-77.26717030
3.93406597	-80.45264499
3.94139198	-83.64279995
3.94871799	-83.40560632
3.95604399	-81.47794237
3.96337000	-81.95655392
3.97069601	-82.44537640
3.97802201	-85.47383112
3.98534802	-88.77424088
3.99267403	-81.13928808
4.00000004	-80.04890334
4.00732604	-99.91519114
4.01465205	-78.33707621
4.02197806	-79.16660676
4.02930407	-83.06873845
4.03663007	-73.87936128
4.04395608	-76.98645383
4.05128209	-81.78326061
4.05860810	-76.25424981
4.06593410	-75.24887019
4.07326011	-75.85321290
4.08058612	-85.54796188
4.08791213	-77.11073055
4.09523813	-78.20633257
4.10256414	-88.10325520
4.10989015	-84.11818630
4.11721616	-91.42668337
4.12454216	-80.25066176
4.13186817	-77.86367371
4.13919418	-78.77479354
4.14652018	-87.80928392
4.15384619	-84.47050158
4.16117220	-84.63376236
4.16849821	-83.26822633
4.17582421	-78.68975114
4.18315022	-79.15567353
4.19047623	-82.83324175
4.19780224	-88.99998691
4.20512824	-99.35964792
4.21245425	-82.61343419
4.21978026	-80.55250403
4.22710627	-86.62324604
4.23443227	-80.42562126
4.24175828	-84.34179291
4.24908429	-73.69463866
4.25641030	-72.13614778
4.26373630	-79.87847975
4.27106231	-87.98831518
4.27838832	-83.39335092
4.28571433	-77.05270048
4.29304033	-79.63828013
4.30036634	-76.85837562
4.30769235	-76.23264417
4.31501835	-82.85722818
4.32234436	-86.72974589
4.32967037	-82.45236701
4.33699638	-81.57980764
4.34432238	-84.50095204
4.35164839	-84.63751949
4.35897440	-82.32034557
4.36630041	-86.04532257
4.37362641	-82.31326121
4.38095242	-92.01863290
4.38827843	-81.94642759
4.39560444	-79.17840958
4.40293044	-80.60778592
4.41025645	-77.60249562
4.41758246	-78.29897778
4.42490847	-86.89174552
4.43223447	-78.89137044
4.43956048	-76.73922055
4.44688649	-81.58530143
4.45421250	-88.61154076
4.46153850	-83.33729746
4.46886451	-88.88426812
4.47619052	-77.07228210
4.48351652	-78.26569768
4.49084253	-89.83511093
4.49816854	-83.75713459
4.50549455	-84.87375779
4.51282055	-79.64832870
4.52014656	-84.86105968
4.52747257	-90.37840091
4.53479858	-81.33374525
4.54212458	-77.06432878
4.54945059	-79.18635412
4.55677660	-87.64635191
4.56410261	-80.34973973
4.57142861	-82.30924995
4.57875462	-91.06308426
4.58608063	-82.60674527
4.59340664	-82.67581179
4.60073264	-96.97302648
4.60805865	-86.19823373
4.61538466	-82.36496302
4.62271067	-78.71227255
4.63003667	-81.32911724
4.63736268	-81.08615483
4.64468869	-80.98195227
4.65201469	-81.81922261
4.65934070	-78.87612124
4.66666671	-77.62076392
4.67399272	-83.98363258
4.68131872	-82.99735794
4.68864473	-79.79552679
4.69597074	-75.50893984
4.70329675	-76.56473145
4.71062275	-85.37553190
4.71794876	-82.91190575
4.72527477	-92.85460699
4.73260078	-85.19632979
4.73992678	-86.48201024
4.74725279	-82.85215659
4.75457880	-81.63718450
4.76190481	-83.61161814
4.76923081	-98.49517677
4.77655682	-83.67142058
4.78388283	-84.90376246
4.79120884	-94.01242086
4.79853484	-90.97278255
4.80586085	-93.96403044
4.81318686	-83.76833772
4.82051286	-78.91019465
4.82783887	-83.12612803
4.83516488	-78.86000173
4.84249089	-76.79454898
4.84981689	-80.94073152
4.85714290	-80.27570219
4.86446891	-82.18582548
4.87179492	-78.63801224
4.87912092	-74.98580666
4.88644693	-76.62963472
4.89377294	-88.31285202
4.90109895	-75.96624004
4.90842495	-77.06459936
4.91575096	-88.94729390
4.92307697	-77.09474919
4.93040298	-78.23582397
4.93772898	-84.29895444
4.94505499	-88.22039758
4.95238100	-78.60319968
4.95970701	-76.34075043
4.96703301	-79.24558764
4.97435902	-89.35812064
4.98168503	-86.94911705
4.98901103	-81.27346438
4.99633704	-82.77445467
5.00366305	-84.72069389
5.01098906	-78.85465057
5.01831506	-80.57752434
5.02564107	-82.13188081
5.03296708	-83.17607015
5.04029309	-76.38988146
5.04761909	-73.19203301
5.05494510	-75.14244030
5.06227111	-76.83316560
5.06959712	-76.26634462
5.07692312	-77.86534511
5.08424913	-84.63854941
5.09157514	-83.74088457
5.09890115	-78.72685784
5.10622715	-79.98625695
5.11355316	-78.12485745
5.12087917	-81.73178721
5.12820518	-97.72595437
5.13553118	-83.08398475
5.14285719	-77.90563935
5.15018320	-79.66394362
5.15750920	-81.33919526
5.16483521	-84.20399346
5.17216122	-80.70647173
5.17948723	-79.66719280
5.18681323	-79.89299117
5.19413924	-82.63137852
5.20146525	-84.81317898
5.20879126	-81.97796340
5.21611726	-89.28786036
5.22344327	-81.83939838
5.23076928	-80.30513792
5.23809529	-85.19851478
5.24542129	-79.55996876
5.25274730	-79.02717106
5.26007331	-81.88265399
5.26739932	-72.88893559
5.27472532	-74.42689451
5.28205133	-82.09519010
5.28937734	-78.23005447
5.29670335	-80.51640940
5.30402935	-84.88361327
5.31135536	-87.31768923
5.31868137	-91.81602825
5.32600738	-81.22466823
5.33333338	-78.79307105
5.34065939	-81.96539637
5.34798540	-85.83649042
5.35531140	-89.70032707
5.36263741	-87.71104315
5.36996342	-79.27776105
5.37728943	-76.78468401
5.38461543	-84.67181046
5.39194144	-77.01479575
5.39926745	-81.67558607
5.40659346	-81.54348178
5.41391946	-80.13692632
5.42124547	-86.94300591
5.42857148	-76.69486537
5.43589749	-78.13442908
5.44322349	-80.31882243
5.45054950	-83.48332333
5.45787551	-86.78931761
5.46520152	-80.27192971
5.47252752	-81.66984278
5.47985353	-94.40537410
5.48717954	-80.86712344
5.49450555	-81.18876612
5.50183155	-82.53566933
5.50915756	-82.16110378
5.51648357	-80.74274076
5.52380957	-78.34227548
5.53113558	-78.02641240
5.53846159	-83.51511532
5.54578760	-84.46294376
5.55311360	-82.21583869
5.56043961	-99.88771265
5.56776562	-88.71475588
5.57509163	-81.85964413
5.58241763	-76.33979455
5.58974364	-92.80972379
5.59706965	-78.87159422
5.60439566	-93.72224617
5.61172166	-76.43490988
5.61904767	-78.71428383
5.62637368	-85.79759501
5.63369969	-82.04694920
5.64102569	-86.45396940
5.64835170	-76.56249362
5.65567771	-75.78984973
5.66300372	-81.41161934
5.67032972	-77.79024977
5.67765573	-76.84840019
5.68498174	-81.62980845
5.69230774	-78.58351626
5.69963375	-80.05539614
5.70695976	-84.52114005
5.71428577	-78.64198792
5.72161177	-82.70448909
5.72893778	-89.59464127
5.73626379	-81.68232223
5.74358980	-84.75079428
5.75091580	-81.31398192
5.75824181	-86.75793522
5.76556782	-87.20577639
5.77289383	-87.45708991
5.78021983	-87.75106815
5.78754584	-81.45871412
5.79487185	-78.64821277
5.80219786	-76.81881795
5.80952386	-78.51535178
5.81684987	-94.55202004
5.82417588	-93.38689582
5.83150189	-88.19459540
5.83882789	-84.22886291
5.84615390	-79.76174115
5.85347991	-79.14173225
5.86080591	-84.58227445
5.86813192	-89.74111514
5.87545793	-88.72491032
5.88278394	-88.32397098
5.89010994	-83.14195040
5.89743595	-87.32507532
5.90476196	-83.10212175
5.91208797	-80.43176780
5.91941397	-89.47575178
5.92673998	-81.90359392
5.93406599	-92.57731513
5.94139200	-78.32490453
5.94871800	-75.86656527
5.95604401	-84.74577396
5.96337002	-88.35204151
5.97069603	-90.02059549
5.97802203	-91.06861098
5.98534804	-83.25161169
5.99267405	-78.02727722
6.00000006	-80.99867490
6.00732606	-77.04641572
6.01465207	-75.84176909
6.02197808	-81.96864426
6.02930408	-82.42388895
6.03663009	-84.52064856
6.04395610	-75.65953208
6.05128211	-83.46351350
6.05860811	-79.18484399
6.06593412	-79.07449359
6.07326013	-84.47240902
6.08058614	-77.00425205
6.08791214	-80.75891100
6.09523815	-80.55906518
6.10256416	-83.93063863
6.10989017	-84.51227332
6.11721617	-78.71929611
6.12454218	-83.26549757
6.13186819	-96.91974689
6.13919420	-81.14576934
6.14652020	-80.57365097
6.15384621	-76.63101146
6.16117222	-75.34768913
6.16849823	-85.34698097
6.17582423	-79.51406400
6.18315024	-80.93888398
6.19047625	-82.46721808
6.19780225	-80.16534866
6.20512826	-79.85454743
6.21245427	-90.10939288
6.21978028	-87.19137326
6.22710628	-85.63746685
6.23443229	-81.90237368
6.24175830	-73.86893312
6.24908431	-71.38879901
6.25641031	-74.99798837
6.26373632	-83.15483197
6.27106233	-89.64399787
6.27838834	-79.12500045
6.28571434	-78.89773177
6.29304035	-81.71417241
6.30036636	-81.00887572
6.30769237	-79.56836587
6.31501837	-82.36860356
6.32234438	-93.35041284
6.32967039	-86.16461813
6.33699640	-80.10472340
6.34432240	-79.21742506
6.35164841	-79.04756415
6.35897442	-79.95960586
6.36630042	-85.56432360
6.37362643	-87.29223544
6.38095244	-88.55773345
6.38827845	-80.33609215
6.39560445	-76.59414739
6.40293046	-78.77559353
6.41025647	-83.86026673
6.41758248	-90.56176584
6.42490848	-91.70964207
6.43223449	-87.73484700
6.43956050	-77.05532343
6.44688651	-76.51825405
6.45421251	-87.32347981
6.46153852	-84.30762344
6.46886453	-90.74805666
6.47619054	-87.36813137
6.48351654	-83.95423034
6.49084255	-84.70647674
6.49816856	-91.70761085
6.50549457	-87.00353987
6.51282057	-89.21095449
6.52014658	-99.25313432
6.52747259	-85.25155164
6.53479859	-84.87678481
6.54212460	-82.59569964
6.54945061	-77.87431212
6.55677662	-82.56927292
6.56410262	-80.58883642
6.57142863	-90.53928423
6.57875464	-78.88150861
6.58608065	-80.26303109
6.59340665	-85.82418715
6.60073266	-84.95919883
6.60805867	-82.15359498
6.61538468	-79.84813053
6.62271068	-80.60412421
6.63003669	-78.79225588
6.63736270	-76.90408109
6.64468871	-79.03081703
6.65201471	-82.63381576
6.65934072	-80.65031683
6.66666673	-81.70705525
6.67399274	-82.85828427
6.68131874	-78.96271416
6.68864475	-81.89661771
6.69597076	-83.64642278
6.70329676	-79.87007750
6.71062277	-84.44569611
6.71794878	-84.00204613
6.72527479	-78.06887288
6.73260079	-80.15619605
6.73992680	-86.56867178
6.74725281	-81.51770700
6.75457882	-81.82000130
6.76190482	-87.08842708
6.76923083	-87.86251946
6.77655684	-78.53746194
6.78388285	-78.46185812
6.79120885	-80.54718595
6.79853486	-78.31573507
6.80586087	-81.05619120
6.81318688	-84.71279239
6.82051288	-90.90324295
6.82783889	-92.79725828
6.83516490	-84.04997654
6.84249091	-80.84699763
6.84981691	-80.98661188
6.85714292	-89.77692182
6.86446893	-85.14395583
6.87179494	-88.67262771
6.87912094	-83.76543937
6.88644695	-78.75038739
6.89377296	-81.98892779
6.90109896	-85.65276744
6.90842497	-89.27741411
6.91575098	-82.20540883
6.92307699	-89.07236327
6.93040299	-86.31869708
6.93772900	-89.23835459
6.94505501	-81.55222930
6.95238102	-76.76755456
6.95970702	-80.53203878
6.96703303	-86.49569620
6.97435904	-83.13249586
6.98168505	-81.53489045
6.98901105	-85.09788339
6.99633706	-82.87645686
7.00366307	-81.37361883
7.01098908	-78.49274272
7.01831508	-78.76065045
7.02564109	-80.90977433
7.03296710	-83.04190155
7.04029311	-84.62165769
7.04761911	-79.92412802
7.05494512	-77.90179408
7.06227113	-77.76313980
7.06959713	-80.59843528
7.07692314	-83.51206130
7.08424915	-81.99207221
7.09157516	-92.02904244
7.09890116	-81.24885166
7.10622717	-81.00409621
7.11355318	-89.69324582
7.12087919	-81.94256234
7.12820519	-97.31983844
7.13553120	-79.22897432
7.14285721	-75.80539299
7.15018322	-79.03858109
7.15750922	-85.18337794
7.16483523	-73.84106472
7.17216124	-72.97242740
7.17948725	-77.10370308
7.18681325	-82.40312037
7.19413926	-84.26431062
7.20146527	-86.25937681
7.20879128	-80.99339738
7.21611728	-84.14151332
7.22344329	-85.81232664
7.23076930	-93.69982460
7.23809530	-85.09682742
7.24542131	-83.59592461
7.25274732	-88.75590894
7.26007333	-85.11453419
7.26739933	-86.84298375
7.27472534	-80.20563074
7.28205135	-91.22151304
7.28937736	-80.63785894
7.29670336	-80.19154627
7.30402937	-86.08798801
7.31135538	-85.46846199
7.31868139	-84.70661264
7.32600739	-85.71240626
7.33333340	-83.88990155
7.34065941	-92.13681550
7.34798542	-77.26118155
7.35531142	-78.57648678
7.36263743	-79.58789307
7.36996344	-75.69795494
7.37728945	-85.38214116
7.38461545	-80.62694577
7.39194146	-80.04489860
7.39926747	-83.15818009
7.40659347	-77.30542675
7.41391948	-75.93822144
7.42124549	-82.28176664
7.42857150	-87.27125553
7.43589750	-83.95311607
7.44322351	-97.04837956
7.45054952	-84.58600708
7.45787553	-84.77371587
7.46520153	-81.94171560
7.47252754	-82.95872327
7.47985355	-80.44633989
7.48717956	-76.62064939
7.49450556	-77.62981266
7.50183157	-83.75416561
7.50915758	-88.32226058
7.51648359	-76.60509614
7.52380959	-74.79299175
7.53113560	-81.38582540
7.53846161	-75.37750907
7.54578762	-76.91695577
7.55311362	-85.00936237
7.56043963	-75.32259928
7.56776564	-79.53387270
7.57509164	-82.26049058
7.58241765	-80.00582850
7.58974366	-80.40362888
7.59706967	-86.29559536
7.60439567	-82.45679551
7.61172168	-78.20570190
7.61904769	-87.19496746
7.62637370	-79.05736611
7.63369970	-78.63214403
7.64102571	-86.33282602
7.64835172	-86.03912438
7.65567773	-91.38867441
7.66300373	-86.60645830
7.67032974	-81.26475690
7.67765575	-84.81324263
7.68498176	-90.05775667
7.69230776	-87.50517028
7.69963377	-94.18419134
7.70695978	-92.96869659
7.71428579	-94.55674708
7.72161179	-85.16379359
7.72893780	-79.37957169
7.73626381	-76.63098584
7.74358981	-76.83247711
7.75091582	-79.90379561
7.75824183	-94.81738533
7.76556784	-86.09718375
7.77289384	-82.85789813
7.78021985	-80.52871424
7.78754586	-78.88763481
7.79487187	-78.81582112
7.80219787	-81.51694649
7.80952388	-105.06888114
7.81684989	-85.45716339
7.82417590	-87.06172647
7.83150190	-82.52094485
7.83882791	-96.26889973
7.84615392	-78.52555499
7.85347993	-76.63958814
7.86080593	-77.83575666
7.86813194	-92.73334547
7.87545795	-78.71163553
7.88278396	-81.03614903
7.89010996	-82.59514752
7.89743597	-76.04604202
7.90476198	-79.45623160
7.91208798	-83.30222512
7.91941399	-80.94705254
7.92674000	-84.97241898
7.93406601	-78.57869944
7.94139201	-80.96796482
7.94871802	-87.17881301
7.95604403	-87.05272995
7.96337004	-85.92604659
7.97069604	-95.54538150
7.97802205	-81.10088052
7.98534806	-78.38072411
7.99267407	-84.72640636
8.00000007	-82.64647048
8.00732608	-76.97842828
8.01465209	-77.70151751
8.02197810	-85.34293427
8.02930410	-92.92044893
8.03663011	-84.64646534
8.04395612	-84.14405433
8.05128213	-85.92793660
8.05860813	-81.78784466
8.06593414	-90.04315498
8.07326015	-81.89779630
8.08058615	-79.30076284
8.08791216	-78.62261195
8.09523817	-76.54019679
8.10256418	-80.02956702
8.10989018	-84.39029613
8.11721619	-83.01417465
8.12454220	-90.78899379
8.13186821	-80.32523743
8.13919421	-79.88361538
8.14652022	-82.13595932
8.15384623	-80.95004182
8.16117224	-80.77936692
8.16849824	-90.53524495
8.17582425	-80.68600210
8.18315026	-80.08484062
8.19047627	-83.11365642
8.19780227	-83.13058645
8.20512828	-86.07748674
8.21245429	-88.19176563
8.21978030	-90.47467418
8.22710630	-85.23354012
8.23443231	-85.89884646
8.24175832	-90.52088135
8.24908432	-85.31755885
8.25641033	-87.78200510
8.26373634	-81.71260257
8.27106235	-86.02018872
8.27838835	-95.48813471
8.28571436	-85.63147560
8.29304037	-88.37202517
8.30036638	-83.03028899
8.30769238	-81.31205059
8.31501839	-81.29950386
8.32234440	-75.01492752
8.32967041	-72.66299374
8.33699641	-76.05098228
8.34432242	-83.10182551
8.35164843	-74.51015957
8.35897444	-78.35429715
8.36630044	-86.71661918
8.37362645	-79.25793391
8.38095246	-85.61548988
8.38827847	-81.03324866
8.39560447	-87.19522924
8.40293048	-77.51579687
8.41025649	-81.42408449
8.41758250	-84.82018888
8.42490850	-78.29131296
8.43223451	-75.53835180
8.43956052	-82.07875086
8.44688652	-82.20191974
8.45421253	-78.39498601
8.46153854	-80.01945885
8.46886455	-84.75165117
8.47619055	-87.18635086
8.48351656	-82.02963704
8.49084257	-79.96716747
8.49816858	-84.32924370
8.50549458	-85.95653401
8.51282059	-79.35274125
8.52014660	-77.12828728
8.52747261	-76.77609631
8.53479861	-75.76549683
8.54212462	-80.43495909
8.54945063	-84.60273134
8.55677664	-80.05971000
8.56410264	-84.73266263
8.57142865	-80.19741047
8.57875466	-84.11130129
8.58608067	-82.82655449
8.59340667	-79.46598997
8.60073268	-83.12447133
8.60805869	-79.69773568
8.61538469	-78.92983101
8.62271070	-79.90355605
8.63003671	-84.93152795
8.63736272	-85.63206200
8.64468872	-77.98098938
8.65201473	-81.57700071
8.65934074	-99.49851284
8.66666675	-85.88749913
8.67399275	-75.78289966
8.68131876	-76.66880474
8.68864477	-94.43294646
8.69597078	-77.79909190
8.70329678	-82.65983067
8.71062279	-88.70962699
8.71794880	-89.34274570
8.72527481	-88.69551343
8.73260081	-88.15110395
8.73992682	-88.77009522
8.74725283	-83.03533608
8.75457884	-79.97915302
8.76190484	-78.71962421
8.76923085	-85.70098143
8.77655686	-87.46849040
8.78388286	-84.89669357
8.79120887	-82.41529199
8.79853488	-79.30334210
8.80586089	-81.27237372
8.81318689	-89.75179571
8.82051290	-78.61697089
8.82783891	-77.03255200
8.83516492	-81.89772971
8.84249092	-77.96134881
8.84981693	-79.22061814
8.85714294	-82.63659309
8.86446895	-82.89713204
8.87179495	-87.35655543
8.87912096	-85.57639078
8.88644697	-84.96457981
8.89377298	-87.54499076
8.90109898	-83.42581203
8.90842499	-81.53975522
8.91575100	-83.34124940
8.92307701	-82.86725338
8.93040301	-79.45201194
8.93772902	-98.00800451
8.94505503	-82.49868179
8.95238103	-82.85893725
8.95970704	-84.51091147
8.96703305	-85.39732162
8.97435906	-87.82042654
8.98168506	-81.97916287
8.98901107	-77.89584986
8.99633708	-83.39749309
9.00366309	-98.90808202
9.01098909	-87.22714714
9.01831510	-80.49005527
9.02564111	-80.55716051
9.03296712	-82.31422746
9.04029312	-82.77447354
9.04761913	-84.74979435
9.05494514	-85.24203838
9.06227115	-99.58885819
9.06959715	-85.74088138
9.07692316	-84.96903041
9.08424917	-91.33718361
9.09157518	-84.60465970
9.09890118	-78.86957859
9.10622719	-80.21890126
9.11355320	-98.25294662
9.12087920	-88.40043894
9.12820521	-91.65307029
9.13553122	-81.35538301
9.14285723	-80.45080901
9.15018323	-79.32204828
9.15750924	-80.72057114
9.16483525	-84.37992003
9.17216126	-81.73274029
9.17948726	-85.32477111
9.18681327	-81.05061879
9.19413928	-78.98250817
9.20146529	-83.31610212
9.20879129	-78.52298723
9.21611730	-78.58994164
9.22344331	-88.31039751
9.23076932	-78.99823390
9.23809532	-83.82706368
9.24542133	-81.85121373
9.25274734	-80.82307790
9.26007335	-84.72497521
9.26739935	-83.83029302
9.27472536	-93.82075168
9.28205137	-86.51376539
9.28937737	-86.49745984
9.29670338	-104.03098936
9.30402939	-85.91951582
9.31135540	-81.58576491
9.31868140	-81.37474964
9.32600741	-84.75081251
9.33333342	-80.55852401
9.34065943	-85.42388459
9.34798543	-84.96764107
9.35531144	-79.29950615
9.36263745	-79.51246759
9.36996346	-81.99154408
9.37728946	-93.39153791
9.38461547	-82.74082642
9.39194148	-77.28498036
9.39926749	-75.63532109
9.40659349	-77.26602656
9.41391950	-82.65266568
9.42124551	-88.82571947
9.42857152	-86.99549268
9.43589752	-87.84996653
9.44322353	-78.39621659
9.45054954	-80.72312747
9.45787554	-74.20325393
9.46520155	-71.68170105
9.47252756	-76.09246195
9.47985357	-82.84024112
9.48717957	-88.36194046
9.49450558	-84.85703268
9.50183159	-80.88094793
9.50915760	-82.27703130
9.51648360	-84.19294043
9.52380961	-82.00623909
9.53113562	-79.26549696
9.53846163	-80.55500781
9.54578763	-90.37553261
9.55311364	-83.65634635
9.56043965	-81.65128327
9.56776566	-101.82001741
9.57509166	-84.40170029
9.58241767	-98.81179019
9.58974368	-81.09463495
9.59706969	-82.21779779
9.60439569	-83.59713393
9.61172170	-82.14192267
9.61904771	-86.11815031
9.62637371	-81.01376149
9.63369972	-83.51916099
9.64102573	-84.97209227
9.64835174	-84.23156656
9.65567774	-88.80873255
9.66300375	-91.11649001
9.67032976	-79.61861902
9.67765577	-76.52632940
9.68498177	-86.76244287
9.69230778	-82.72818660
9.69963379	-92.03931053
9.70695980	-83.38984722
9.71428580	-87.33327983
9.72161181	-76.03031022
9.72893782	-75.84688579
9.73626383	-77.53773228
9.74358983	-76.27748351
9.75091584	-74.38907422
9.75824185	-76.07996488
9.76556786	-75.67725956
9.77289386	-78.61683146
9.78021987	-92.54769299
9.78754588	-87.84540973
9.79487188	-98.21413900
9.80219789	-82.02042509
9.80952390	-79.81569104
9.81684991	-86.37113285
9.82417591	-80.53156745
9.83150192	-78.45429294
9.83882793	-89.67665857
9.84615394	-78.75103977
9.85347994	-78.53225097
9.86080595	-79.05641938
9.86813196	-79.63429428
9.87545797	-86.26094363
9.88278397	-78.82933799
9.89010998	-77.43777295
9.89743599	-81.62835848
9.90476200	-79.10440911
9.91208800	-75.14033556
9.91941401	-79.30382590
9.92674002	-81.33900740
9.93406603	-80.12017011
9.94139203	-86.62651312
9.94871804	-89.87713618
9.95604405	-84.68266190
9.96337006	-84.48594156
9.97069606	-78.27909073
9.97802207	-78.20886484
9.98534808	-80.21681062
9.99267408	-82.65629291
10.00000009	-76.71563053
10.00732610	-81.82898301
10.01465211	-85.32578738
10.02197811	-82.60704956
10.02930412	-74.56152277
10.03663013	-75.20534690
10.04395614	-84.17730447
10.05128214	-74.69175249
10.05860815	-82.36175147
10.06593416	-78.62611220
10.07326017	-82.12988285
10.08058617	-81.04018166
10.08791218	-85.31873479
10.09523819	-81.94977770
10.10256420	-78.85955069
10.10989020	-86.98051950
10.11721621	-87.50546174
10.12454222	-84.53062989
10.13186823	-79.96040563
10.13919423	-79.52073390
10.14652024	-82.96330415
10.15384625	-96.11732063
10.16117225	-79.43437697
10.16849826	-74.82990256
10.17582427	-73.28562614
10.18315028	-75.41464028
10.19047628	-82.59234123
10.19780229	-82.01484744
10.20512830	-82.60152256
10.21245431	-84.72382317
10.21978031	-88.58556128
10.22710632	-82.05286144
10.23443233	-78.30396048
10.24175834	-86.44942491
10.24908434	-83.18425285
10.25641035	-82.58344759
10.26373636	-74.42618679
10.27106237	-76.21477009
10.27838837	-93.98728601
10.28571438	-80.38189082
10.29304039	-78.96488833
10.30036640	-80.24464258
10.30769240	-78.81370709
10.31501841	-77.20663067
10.32234442	-78.11511560
10.32967042	-77.96039881
10.33699643	-83.89729800
10.34432244	-82.46191647
10.35164845	-80.06415690
10.35897445	-78.37962945
10.36630046	-76.09530089
10.37362647	-84.21405495
10.38095248	-84.09301702
10.38827848	-80.50398209
10.39560449	-81.83159246
10.40293050	-84.33669210
10.41025651	-87.66235185
10.41758251	-89.00212542
10.42490852	-83.50877412
10.43223453	-80.82878740
10.43956054	-81.84705288
10.44688654	-88.42800870
10.45421255	-86.95492113
10.46153856	-78.99394640
10.46886457	-81.82295276
10.47619057	-84.72400863
10.48351658	-74.67188345
10.49084259	-73.31742154
10.49816859	-75.03398749
10.50549460	-80.82578813
10.51282061	-87.53027211
10.52014662	-83.60280665
10.52747262	-87.97249736
10.53479863	-80.41858987
10.54212464	-83.42814772
10.54945065	-78.06574860
10.55677665	-78.55052771
10.56410266	-83.38140871
10.57142867	-93.75046239
10.57875468	-80.47862275
10.58608068	-82.05432242
10.59340669	-94.97376910
10.60073270	-86.47544394
10.60805871	-78.72197011
10.61538471	-75.01107838
10.62271072	-76.24137256
10.63003673	-88.08475867
10.63736274	-83.38284532
10.64468874	-83.27306522
10.65201475	-85.17765892
10.65934076	-83.94669948
10.66666676	-89.85718120
10.67399277	-87.76150838
10.68131878	-89.83791702
10.68864479	-87.19782567
10.69597079	-81.59141096
10.70329680	-80.40382212
10.71062281	-79.63093386
10.71794882	-81.27108765
10.72527482	-87.64715634
10.73260083	-93.20582954
10.73992684	-88.98030089
10.74725285	-82.83361743
10.75457885	-85.74654425
10.76190486	-83.12915671
10.76923087	-79.34840040
10.77655688	-86.43007799
10.78388288	-83.56559833
10.79120889	-79.30476252
10.79853490	-82.85062365
10.80586091	-80.42510025
10.81318691	-84.32970166
10.82051292	-92.20362558
10.82783893	-85.75148577
10.83516493	-84.34457165
10.84249094	-89.83721472
10.84981695	-88.40570505
10.85714296	-85.01629586
10.86446896	-81.26307652
10.87179497	-80.86499595
10.87912098	-84.71406818
10.88644699	-82.33502821
10.89377299	-84.30234923
10.90109900	-83.60366308
10.90842501	-92.09258897
10.91575102	-83.36034823
10.92307702	-80.96882142
10.93040303	-83.43698613
10.93772904	-79.33077571
10.94505505	-78.40446717
10.95238105	-78.96159424
10.95970706	-77.92413904
10.96703307	-77.91985457
10.97435908	-79.89305166
10.98168508	-87.67110999
10.98901109	-83.15163606
10.99633710	-78.35976809
11.00366310	-77.19279241
11.01098911	-77.11280092
11.01831512	-79.35096844
11.02564113	-92.34166743
11.03296713	-84.63605903
11.04029314	-88.22795715
11.04761915	-90.24349897
11.05494516	-89.75703576
11.06227116	-97.48536105
11.06959717	-88.71881232
11.07692318	-81.51028881
11.08424919	-78.13885628
11.09157519	-77.13559353
11.09890120	-77.92461302
11.10622721	-79.85645266
11.11355322	-81.66260793
11.12087922	-82.97818292
11.12820523	-82.17987238
11.13553124	-79.25615875
11.14285725	-81.08493982
11.15018325	-81.67072900
11.15750926	-78.03082207
11.16483527	-80.40835040
11.17216127	-87.72582695
11.17948728	-87.89071678
11.18681329	-82.95348905
11.19413930	-83.14927214
11.20146530	-83.50597581
11.20879131	-87.35824940
11.21611732	-94.94377473
11.22344333	-84.49896014
11.23076933	-80.50044959
11.23809534	-82.82069264
11.24542135	-80.60858625
11.25274736	-79.81780411
11.26007336	-82.30916214
11.26739937	-84.35768455
11.27472538	-81.58047482
11.28205139	-80.18590110
11.28937739	-80.74994934
11.29670340	-85.39002660
11.30402941	-89.21377687
11.31135542	-81.32862277
11.31868142	-90.26321872
11.32600743	-80.93054869
11.33333344	-79.32552322
11.34065945	-87.30485283
11.34798545	-83.00433463
11.35531146	-82.10254933
11.36263747	-81.29864356
11.36996347	-89.75043168
11.37728948	-84.55656044
11.38461549	-89.61283405
11.39194150	-84.24974775
11.39926750	-92.56939257
11.40659351	-78.51031088
11.41391952	-76.27937910
11.42124553	-84.15336615
11.42857153	-86.76885558
11.43589754	-87.97804172
11.44322355	-83.58191382
11.45054956	-77.91188286
11.45787556	-82.76319382
11.46520157	-85.57795174
11.47252758	-79.14206648
11.47985359	-96.06932791
11.48717959	-79.53200910
11.49450560	-82.57755043
11.50183161	-88.23471222
11.50915762	-91.53003772
11.51648362	-81.27313764
11.52380963	-84.40526193
11.53113564	-79.72187490
11.53846164	-77.11006758
11.54578765	-86.10943189
11.55311366	-79.99355638
11.56043967	-76.86906444
11.56776567	-74.84421316
11.57509168	-85.88913582
11.58241769	-79.56510251
11.58974370	-80.32903288
11.59706970	-74.77754454
11.60439571	-74.29803890
11.61172172	-84.10999655
11.61904773	-84.59928324
11.62637373	-87.90148897
11.63369974	-76.19118399
11.64102575	-74.30853007
11.64835176	-80.21976232
11.65567776	-94.71059369
11.66300377	-88.69611589
11.67032978	-93.11026781
11.67765579	-81.97376832
11.68498179	-81.77634685
11.69230780	-84.13216556
11.69963381	-80.12474941
11.70695981	-86.78797102
11.71428582	-86.37246969
11.72161183	-82.08193861
11.72893784	-83.68837638
11.73626384	-83.35444535
11.74358985	-76.58029522
11.75091586	-82.25159395
11.75824187	-81.80422886
11.76556787	-83.53764205
11.77289388	-95.47728643
11.78021989	-90.22996934
11.78754590	-80.15666752
11.79487190	-78.94923770
11.80219791	-84.40887005
11.80952392	-91.07920952
11.81684993	-84.53400270
11.82417593	-82.04101668
11.83150194	-85.19307849
11.83882795	-80.44407198
11.84615396	-79.21922830
11.85347996	-82.94807029
11.86080597	-89.59999658
11.86813198	-80.27250782
11.87545798	-77.24490439
11.88278399	-80.20023731
11.89011000	-88.37286954
11.89743601	-100.63124894
11.90476201	-95.73341898
11.91208802	-87.05657613
11.91941403	-79.35172868
11.92674004	-80.43676245
11.93406604	-96.02579870
11.94139205	-86.61287609
11.94871806	-89.85057484
11.95604407	-98.93936379
11.96337007	-84.20097665
11.97069608	-79.04310290
11.97802209	-86.21223768
11.98534810	-78.87826227
11.99267410	-76.38057317
12.00000011	-83.64187500
12.00732612	-80.64062676
12.01465213	-90.59715294
12.02197813	-79.62451975
12.02930414	-81.49000250
12.03663015	-84.28177743
12.04395615	-85.02952026
12.05128216	-82.79595580
12.05860817	-85.07157414
12.06593418	-81.08347297
12.07326018	-84.54549570
12.08058619	-80.74679839
12.08791220	-76.42872799
12.09523821	-79.84205249
12.10256421	-84.34238236
12.10989022	-89.85941724
12.11721623	-88.37022718
12.12454224	-93.61693014
12.13186824	-82.41502274
12.13919425	-85.35184266
12.14652026	-89.97442136
12.15384627	-84.66243775
12.16117227	-81.57908158
12.16849828	-87.92000867
12.17582429	-78.66446668
12.18315030	-76.16784227
12.19047630	-81.05211832
12.19780231	-87.22798371
12.20512832	-87.42852228
12.21245432	-92.37517813
12.21978033	-85.31655058
12.22710634	-83.63953053
12.23443235	-88.27242082
12.24175835	-84.86572181
12.24908436	-76.11391405
12.25641037	-73.55003142
12.26373638	-73.78349117
12.27106238	-78.18456043
12.27838839	-93.11538400
12.28571440	-92.11914992
12.29304041	-79.23533064
12.30036641	-78.23951355
12.30769242	-90.33192169
12.31501843	-82.25675016
12.32234444	-77.46092501
12.32967044	-81.20934936
12.33699645	-90.17752489
12.34432246	-84.99711704
12.35164847	-80.98875770
12.35897447	-85.36798138
12.36630048	-77.30245101
12.37362649	-76.73386228
12.38095249	-79.66076750
12.38827850	-75.99695970
12.39560451	-80.87195233
12.40293052	-88.51696849
12.41025652	-79.40568220
12.41758253	-77.18774210
12.42490854	-92.64245062
12.43223455	-78.16730197
12.43956055	-80.15835914
12.44688656	-82.39470594
12.45421257	-82.64625556
12.46153858	-84.10660381
12.46886458	-84.93410605
12.47619059	-96.58501785
12.48351660	-81.27743324
12.49084261	-76.13755532
12.49816861	-75.63529874
12.50549462	-77.95293101
12.51282063	-83.29054765
12.52014664	-78.51337292
12.52747264	-82.25298045
12.53479865	-87.68469067
12.54212466	-81.31627664
12.54945066	-84.71511391
12.55677667	-89.47090349
12.56410268	-84.73052667
12.57142869	-79.89444924
12.57875469	-86.35588649
12.58608070	-95.11062260
12.59340671	-80.76336171
12.60073272	-78.09397221
12.60805872	-81.95487450
12.61538473	-80.08735878
12.62271074	-86.51439629
12.63003675	-86.76266241
12.63736275	-88.52358468
12.64468876	-82.32569628
12.65201477	-81.42712660
12.65934078	-82.55524454
12.66666678	-82.43137244
12.67399279	-85.69395218
12.68131880	-98.52062267
12.68864481	-89.80072681
12.69597081	-87.74036036
12.70329682	-83.42403700
12.71062283	-85.53801063
12.71794883	-82.79362862
12.72527484	-77.58871513
12.73260085	-78.50904752
12.73992686	-73.48851021
12.74725286	-76.97060803
12.75457887	-85.18426316
12.76190488	-81.83473029
12.76923089	-99.05490798
12.77655689	-81.53803962
12.78388290	-81.42986824
12.79120891	-86.77585027
12.79853492	-81.17030550
12.80586092	-93.52664396
12.81318693	-82.75344130
12.82051294	-85.39463021
12.82783895	-81.13896753
12.83516495	-78.21822082
12.84249096	-84.66377168
12.84981697	-88.42705519
12.85714298	-87.21730771
12.86446898	-78.11346432
12.87179499	-77.07980570
12.87912100	-86.41671207
12.88644701	-83.44790513
12.89377301	-81.84874539
12.90109902	-78.05135221
12.90842503	-83.26108740
12.91575103	-79.76357262
12.92307704	-81.50816789
12.93040305	-82.64172452
12.93772906	-79.23842725
12.94505506	-88.49926953
12.95238107	-84.66557903
12.95970708	-82.03904084
12.96703309	-81.54620330
12.97435909	-78.12973879
12.98168510	-77.95900266
12.98901111	-81.76994648
12.99633712	-88.94965289
13.00366312	-88.57356791
13.01098913	-79.94700713
13.01831514	-78.83253548
13.02564115	-84.36100686
13.03296715	-100.82376309
13.04029316	-93.68085200
13.04761917	-83.08431398
13.05494518	-79.78463413
13.06227118	-84.20483085
13.06959719	-91.76966224
13.07692320	-83.56975641
13.08424920	-78.83339150
13.09157521	-79.74879417
13.09890122	-99.25260776
13.10622723	-79.07690732
13.11355323	-81.11891526
13.12087924	-87.40331016
13.12820525	-80.54189296
13.13553126	-78.78128848
13.14285726	-81.89481162
13.15018327	-88.90109425
13.15750928	-88.46642995
13.16483529	-91.22705907
13.17216129	-83.31297665
13.17948730	-76.65485274
13.18681331	-79.07699927
13.19413932	-93.89688317
13.20146532	-90.02159442
13.20879133	-85.38294146
13.21611734	-80.22624816
13.22344335	-80.87588510
13.23076935	-95.87600488
13.23809536	-79.25501342
13.24542137	-77.34349106
13.25274737	-81.62998207
13.26007338	-85.42576829
13.26739939	-84.68362084
13.27472540	-84.78371488
13.28205140	-87.10679730
13.28937741	-82.69980460
13.29670342	-89.56303081
13.30402943	-75.96751990
13.31135543	-77.03294373
13.31868144	-80.85755759
13.32600745	-80.02702009
13.33333346	-92.12890192
13.34065946	-79.64468368
13.34798547	-76.57863434
13.35531148	-77.88946197
13.36263749	-91.18771055
13.36996349	-84.06687614
13.37728950	-82.88926610
13.38461551	-85.52618128
13.39194152	-82.21697314
13.39926752	-80.36224465
13.40659353	-80.41056146
13.41391954	-78.64058580
13.42124554	-76.02945891
13.42857155	-77.11824830
13.43589756	-84.07421164
13.44322357	-82.72376693
13.45054957	-81.12319428
13.45787558	-81.18657545
13.46520159	-90.31311726
13.47252760	-85.57299144
13.47985360	-83.78384521
13.48717961	-88.99308539
13.49450562	-88.00487970
13.50183163	-81.06456144
13.50915763	-82.75307322
13.51648364	-80.94916358
13.52380965	-76.12964827
13.53113566	-77.26375006
13.53846166	-86.15732220
13.54578767	-85.05654068
13.55311368	-84.87119054
13.56043969	-86.10430665
13.56776569	-78.08906649
13.57509170	-78.67118295
13.58241771	-77.85174458
13.58974371	-82.76120800
13.59706972	-101.35676671
13.60439573	-89.68766542
13.61172174	-81.68031460
13.61904774	-88.12616076
13.62637375	-85.30028897
13.63369976	-83.14708955
13.64102577	-84.27532776
13.64835177	-80.42574687
13.65567778	-82.86699598
13.66300379	-98.14745924
13.67032980	-83.01331668
13.67765580	-85.05891757
13.68498181	-90.65777918
13.69230782	-86.08692235
13.69963383	-92.11796430
13.70695983	-79.19059130
13.71428584	-82.32999993
13.72161185	-84.77031862
13.72893786	-80.62740050
13.73626386	-83.11149014
13.74358987	-79.83364723
13.75091588	-82.81314290
13.75824188	-101.23293665
13.76556789	-79.67111112
13.77289390	-76.30056862
13.78021991	-77.47782828
13.78754591	-80.65368511
13.79487192	-86.14945434
13.80219793	-81.43768055
13.80952394	-84.32729241
13.81684994	-97.07851680
13.82417595	-88.68427400
13.83150196	-85.45338535
13.83882797	-84.46776357
13.84615397	-97.35102165
13.85347998	-85.62280514
13.86080599	-89.23908480
13.86813200	-89.88787580
13.87545800	-82.93066733
13.88278401	-86.40086962
13.89011002	-87.37106471
13.89743603	-78.79568286
13.90476203	-74.50361450
13.91208804	-79.07218113
13.91941405	-84.62903828
13.92674005	-79.62254224
13.93406606	-88.13829945
13.94139207	-79.73104143
13.94871808	-80.92269109
13.95604408	-81.00732999
13.96337009	-92.56855271
13.97069610	-82.91567563
13.97802211	-80.33375654
13.98534811	-85.32549186
13.99267412	-85.66976185
14.00000013	-81.84300872
14.00732614	-81.48225795
14.01465214	-86.10550344
14.02197815	-81.39140585
14.02930416	-86.84196531
14.03663017	-79.76426851
14.04395617	-80.61885283
14.05128218	-77.70019878
14.05860819	-76.55777214
14.06593420	-81.10209222
14.07326020	-80.72707703
14.08058621	-89.67570495
14.08791222	-100.91852407
14.09523822	-83.23202794
14.10256423	-81.53591624
14.10989024	-108.44599491
14.11721625	-86.19644656
14.12454225	-94.54005053
14.13186826	-79.62192957
14.13919427	-81.17827356
14.14652028	-101.76528260
14.15384628	-83.81425546
14.16117229	-87.00066614
14.16849830	-84.60839451
14.17582431	-77.30899536
14.18315031	-78.42442637
14.19047632	-84.74998952
14.19780233	-84.15632823
14.20512834	-80.65948131
14.21245434	-84.19324095
14.21978035	-84.55815549
14.22710636	-80.60754882
14.23443237	-89.13242251
14.24175837	-92.59986199
14.24908438	-91.74950515
14.25641039	-95.72802952
14.26373639	-86.28748097
14.27106240	-84.16829228
14.27838841	-86.81126208
14.28571442	-88.47863521
14.29304042	-90.70403833
14.30036643	-89.73519709
14.30769244	-80.12115506
14.31501845	-78.87742469
14.32234445	-80.50257864
14.32967046	-85.30615671
14.33699647	-97.47591033
14.34432248	-84.90301615
14.35164848	-79.77031090
14.35897449	-79.09092050
14.36630050	-82.59701063
14.37362651	-87.04480271
14.38095251	-86.96856764
14.38827852	-88.63175202
14.39560453	-86.97155765
14.40293054	-78.09934667
14.41025654	-75.23244652
14.41758255	-76.27371954
14.42490856	-76.51908187
14.43223457	-77.83384302
14.43956057	-87.00623259
14.44688658	-89.81376445
14.45421259	-83.86133442
14.46153859	-79.19646695
14.46886460	-80.05754902
14.47619061	-77.64385563
14.48351662	-83.13888198
14.49084262	-81.42894209
14.49816863	-85.93067248
14.50549464	-85.80547286
14.51282065	-90.30355431
14.52014665	-85.93083274
14.52747266	-102.75016875
14.53479867	-82.32279129
14.54212468	-90.31578051
14.54945068	-77.31763800
14.55677669	-78.70442192
14.56410270	-80.75284084
14.57142871	-87.64559376
14.57875471	-78.98257106
14.58608072	-81.73676712
14.59340673	-92.00647143
14.60073274	-87.19371000
14.60805874	-79.20304003
14.61538475	-76.02941524
14.62271076	-76.93380784
14.63003676	-81.55953947
14.63736277	-96.57582195
14.64468878	-91.84947782
14.65201479	-82.50163561
14.65934079	-75.93121518
14.66666680	-74.05902149
14.67399281	-76.58467805
14.68131882	-81.45350513
14.68864482	-83.06276077
14.69597083	-88.22940422
14.70329684	-90.38855052
14.71062285	-84.07206083
14.71794885	-84.88160735
14.72527486	-79.87411641
14.73260087	-77.06644402
14.73992688	-79.18349266
14.74725288	-87.18103050
14.75457889	-88.04924003
14.76190490	-92.97428275
14.76923091	-92.98157190
14.77655691	-88.18313107
14.78388292	-88.96513009
14.79120893	-79.65437175
14.79853493	-78.21143852
14.80586094	-82.91080746
14.81318695	-85.19881149
14.82051296	-86.44887172
14.82783896	-89.14872507
14.83516497	-84.87666708
14.84249098	-84.92349108
14.84981699	-95.40766475
14.85714299	-85.82765808
14.86446900	-86.07669799
14.87179501	-77.01138874
14.87912102	-76.57953501
14.88644702	-85.85364314
14.89377303	-91.19524574
14.90109904	-85.32252305
14.90842505	-78.07404676
14.91575105	-79.82847699
14.92307706	-87.18116967
14.93040307	-86.96241327
14.93772908	-85.01665299
14.94505508	-86.07592315
14.95238109	-89.52898913
14.95970710	-86.99343699
14.96703310	-80.80674022
14.97435911	-79.30347768
14.98168512	-82.18740529
14.98901113	-89.73083538
14.99633713	-101.39240945
