# Menlo Systems GmbH ScanControl
# Program Version 1.3.3
# Start: -65.00000000 ps, Average over 1000 waveforms. Timestamp: 2020-01-08T14:34:52
# Time [ps]	THz Signal [a.u.]
-65.06666574	0.00000000
-65.03333241	0.00000001
-64.99999908	0.00000005
-64.96666574	0.00000007
-64.93333241	0.00000025
-64.89999908	0.00000023
-64.86666574	0.00000017
-64.83333241	0.00000027
-64.79999908	0.00000042
-64.76666575	0.00000027
-64.73333241	0.00000029
-64.69999908	0.00000017
-64.66666575	-0.00000053
-64.63333241	-0.00000015
-64.59999908	-0.00000050
-64.56666575	-0.00000025
-64.53333242	-0.00000059
-64.49999908	0.00000000
-64.46666575	-0.00000143
-64.43333242	-0.00000102
-64.39999908	-0.00000030
-64.36666575	-0.00000244
-64.33333242	-0.00000209
-64.29999908	-0.00000234
-64.26666575	-0.00000355
-64.23333242	-0.00000521
-64.19999909	-0.00000566
-64.16666575	-0.00000637
-64.13333242	-0.00000870
-64.09999909	-0.00001047
-64.06666575	-0.00001282
-64.03333242	-0.00001375
-63.99999909	-0.00001568
-63.96666576	-0.00001848
-63.93333242	-0.00001352
-63.89999909	-0.00002059
-63.86666576	-0.00002220
-63.83333242	-0.00002543
-63.79999909	-0.00003500
-63.76666576	-0.00002698
-63.73333242	-0.00003468
-63.69999909	-0.00004174
-63.66666576	-0.00004440
-63.63333243	-0.00004165
-63.59999909	-0.00005361
-63.56666576	-0.00006177
-63.53333243	-0.00006109
-63.49999909	-0.00006217
-63.46666576	-0.00006276
-63.43333243	-0.00006883
-63.39999909	-0.00007387
-63.36666576	-0.00008847
-63.33333243	-0.00008041
-63.29999910	-0.00009924
-63.26666576	-0.00009851
-63.23333243	-0.00008927
-63.19999910	-0.00010802
-63.16666576	-0.00012026
-63.13333243	-0.00011666
-63.09999910	-0.00011377
-63.06666577	-0.00011271
-63.03333243	-0.00011603
-62.99999910	-0.00012014
-62.96666577	-0.00012096
-62.93333243	-0.00012320
-62.89999910	-0.00012075
-62.86666577	-0.00014104
-62.83333243	-0.00011009
-62.79999910	-0.00012335
-62.76666577	-0.00012967
-62.73333244	-0.00009592
-62.69999910	-0.00012880
-62.66666577	-0.00009365
-62.63333244	-0.00009641
-62.59999910	-0.00007853
-62.56666577	-0.00004736
-62.53333244	-0.00007388
-62.49999911	-0.00005292
-62.46666577	-0.00003817
-62.43333244	-0.00001690
-62.39999911	-0.00001412
-62.36666577	0.00001107
-62.33333244	0.00001620
-62.29999911	0.00004292
-62.26666577	0.00006025
-62.23333244	0.00010396
-62.19999911	0.00013214
-62.16666578	0.00015201
-62.13333244	0.00015380
-62.09999911	0.00018197
-62.06666578	0.00019399
-62.03333244	0.00023882
-61.99999911	0.00023190
-61.96666578	0.00026750
-61.93333245	0.00030709
-61.89999911	0.00032246
-61.86666578	0.00033338
-61.83333245	0.00037641
-61.79999911	0.00041024
-61.76666578	0.00045360
-61.73333245	0.00047678
-61.69999911	0.00048910
-61.66666578	0.00051817
-61.63333245	0.00051399
-61.59999912	0.00054118
-61.56666578	0.00054797
-61.53333245	0.00061432
-61.49999912	0.00066140
-61.46666578	0.00064778
-61.43333245	0.00068181
-61.39999912	0.00069683
-61.36666579	0.00071255
-61.33333245	0.00074173
-61.29999912	0.00073301
-61.26666579	0.00074350
-61.23333245	0.00078332
-61.19999912	0.00078626
-61.16666579	0.00081888
-61.13333245	0.00084661
-61.09999912	0.00086440
-61.06666579	0.00086667
-61.03333246	0.00091257
-60.99999912	0.00092455
-60.96666579	0.00087724
-60.93333246	0.00089529
-60.89999912	0.00086428
-60.86666579	0.00087360
-60.83333246	0.00093146
-60.79999913	0.00086671
-60.76666579	0.00090656
-60.73333246	0.00084919
-60.69999913	0.00089568
-60.66666579	0.00083681
-60.63333246	0.00083258
-60.59999913	0.00085808
-60.56666579	0.00086274
-60.53333246	0.00075980
-60.49999913	0.00074389
-60.46666580	0.00076250
-60.43333246	0.00066653
-60.39999913	0.00068358
-60.36666580	0.00056136
-60.33333246	0.00051263
-60.29999913	0.00053540
-60.26666580	0.00041814
-60.23333246	0.00040586
-60.19999913	0.00040085
-60.16666580	0.00034652
-60.13333247	0.00026375
-60.09999913	0.00017287
-60.06666580	0.00018511
-60.03333247	0.00011366
-59.99999913	0.00016303
-59.96666580	0.00000268
-59.93333247	-0.00000095
-59.89999914	-0.00006493
-59.86666580	-0.00014689
-59.83333247	-0.00015347
-59.79999914	-0.00023982
-59.76666580	-0.00025398
-59.73333247	-0.00035305
-59.69999914	-0.00035309
-59.66666580	-0.00039406
-59.63333247	-0.00048674
-59.59999914	-0.00049074
-59.56666581	-0.00050884
-59.53333247	-0.00055763
-59.49999914	-0.00064253
-59.46666581	-0.00054843
-59.43333247	-0.00065662
-59.39999914	-0.00056288
-59.36666581	-0.00068094
-59.33333248	-0.00067738
-59.29999914	-0.00070702
-59.26666581	-0.00071920
-59.23333248	-0.00071583
-59.19999914	-0.00080922
-59.16666581	-0.00073271
-59.13333248	-0.00075007
-59.09999914	-0.00077468
-59.06666581	-0.00074484
-59.03333248	-0.00072417
-58.99999915	-0.00072300
-58.96666581	-0.00072169
-58.93333248	-0.00069641
-58.89999915	-0.00074491
-58.86666581	-0.00070472
-58.83333248	-0.00067770
-58.79999915	-0.00075345
-58.76666582	-0.00073030
-58.73333248	-0.00063369
-58.69999915	-0.00073518
-58.66666582	-0.00063257
-58.63333248	-0.00065518
-58.59999915	-0.00073179
-58.56666582	-0.00076298
-58.53333248	-0.00060648
-58.49999915	-0.00070509
-58.46666582	-0.00068282
-58.43333249	-0.00069234
-58.39999915	-0.00065942
-58.36666582	-0.00064802
-58.33333249	-0.00063254
-58.29999915	-0.00073317
-58.26666582	-0.00067443
-58.23333249	-0.00065653
-58.19999916	-0.00078178
-58.16666582	-0.00074150
-58.13333249	-0.00076889
-58.09999916	-0.00075051
-58.06666582	-0.00085901
-58.03333249	-0.00090281
-57.99999916	-0.00084612
-57.96666582	-0.00088308
-57.93333249	-0.00097145
-57.89999916	-0.00089364
-57.86666583	-0.00098773
-57.83333249	-0.00106324
-57.79999916	-0.00104474
-57.76666583	-0.00102651
-57.73333249	-0.00104894
-57.69999916	-0.00110764
-57.66666583	-0.00106804
-57.63333250	-0.00105489
-57.59999916	-0.00114253
-57.56666583	-0.00109211
-57.53333250	-0.00116240
-57.49999916	-0.00104538
-57.46666583	-0.00099828
-57.43333250	-0.00109836
-57.39999916	-0.00105017
-57.36666583	-0.00112773
-57.33333250	-0.00110907
-57.29999917	-0.00098607
-57.26666583	-0.00100270
-57.23333250	-0.00097129
-57.19999917	-0.00093613
-57.16666583	-0.00092545
-57.13333250	-0.00094619
-57.09999917	-0.00083115
-57.06666583	-0.00075587
-57.03333250	-0.00075067
-56.99999917	-0.00068835
-56.96666584	-0.00055100
-56.93333250	-0.00053165
-56.89999917	-0.00060780
-56.86666584	-0.00052830
-56.83333250	-0.00042352
-56.79999917	-0.00032310
-56.76666584	-0.00034347
-56.73333251	-0.00031155
-56.69999917	-0.00026682
-56.66666584	-0.00018754
-56.63333251	-0.00021779
-56.59999917	-0.00014609
-56.56666584	-0.00014963
-56.53333251	-0.00021813
-56.49999917	-0.00013953
-56.46666584	-0.00012745
-56.43333251	-0.00002877
-56.39999918	-0.00008828
-56.36666584	-0.00000088
-56.33333251	0.00007747
-56.29999918	0.00001577
-56.26666584	0.00001622
-56.23333251	-0.00004649
-56.19999918	0.00000700
-56.16666585	0.00013714
-56.13333251	0.00014790
-56.09999918	0.00020339
-56.06666585	0.00025380
-56.03333251	0.00022391
-55.99999918	0.00014820
-55.96666585	0.00011957
-55.93333251	0.00020252
-55.89999918	0.00026769
-55.86666585	0.00027128
-55.83333252	0.00034738
-55.79999918	0.00027043
-55.76666585	0.00049897
-55.73333252	0.00045937
-55.69999918	0.00026718
-55.66666585	0.00040907
-55.63333252	0.00040125
-55.59999919	0.00040359
-55.56666585	0.00048255
-55.53333252	0.00047887
-55.49999919	0.00046620
-55.46666585	0.00049122
-55.43333252	0.00048849
-55.39999919	0.00051553
-55.36666585	0.00044812
-55.33333252	0.00055681
-55.29999919	0.00049738
-55.26666586	0.00053036
-55.23333252	0.00053769
-55.19999919	0.00060039
-55.16666586	0.00046761
-55.13333252	0.00055774
-55.09999919	0.00052426
-55.06666586	0.00055132
-55.03333253	0.00042200
-54.99999919	0.00059920
-54.96666586	0.00065376
-54.93333253	0.00047462
-54.89999919	0.00067410
-54.86666586	0.00051528
-54.83333253	0.00054449
-54.79999919	0.00058957
-54.76666586	0.00053850
-54.73333253	0.00043786
-54.69999920	0.00049357
-54.66666586	0.00046473
-54.63333253	0.00059212
-54.59999920	0.00059442
-54.56666586	0.00062971
-54.53333253	0.00059866
-54.49999920	0.00058518
-54.46666587	0.00054492
-54.43333253	0.00057212
-54.39999920	0.00063418
-54.36666587	0.00063615
-54.33333253	0.00070191
-54.29999920	0.00072879
-54.26666587	0.00073887
-54.23333253	0.00069668
-54.19999920	0.00069498
-54.16666587	0.00078601
-54.13333254	0.00074707
-54.09999920	0.00084186
-54.06666587	0.00077680
-54.03333254	0.00079368
-53.99999920	0.00071528
-53.96666587	0.00068447
-53.93333254	0.00067723
-53.89999920	0.00078887
-53.86666587	0.00080147
-53.83333254	0.00066610
-53.79999921	0.00074809
-53.76666587	0.00063260
-53.73333254	0.00062813
-53.69999921	0.00067410
-53.66666587	0.00056964
-53.63333254	0.00061202
-53.59999921	0.00063492
-53.56666588	0.00048031
-53.53333254	0.00065642
-53.49999921	0.00060861
-53.46666588	0.00043629
-53.43333254	0.00047041
-53.39999921	0.00050336
-53.36666588	0.00056241
-53.33333254	0.00051796
-53.29999921	0.00047622
-53.26666588	0.00042413
-53.23333255	0.00036996
-53.19999921	0.00036693
-53.16666588	0.00040271
-53.13333255	0.00021611
-53.09999921	0.00031585
-53.06666588	0.00027021
-53.03333255	0.00034689
-52.99999922	0.00029827
-52.96666588	0.00027001
-52.93333255	0.00009560
-52.89999922	0.00014893
-52.86666588	0.00005935
-52.83333255	0.00018166
-52.79999922	0.00013901
-52.76666588	0.00007050
-52.73333255	0.00007331
-52.69999922	0.00012262
-52.66666589	0.00020934
-52.63333255	0.00013437
-52.59999922	0.00003890
-52.56666589	0.00011539
-52.53333255	0.00006917
-52.49999922	-0.00002557
-52.46666589	0.00009817
-52.43333256	0.00015693
-52.39999922	0.00003618
-52.36666589	0.00009481
-52.33333256	0.00021347
-52.29999922	0.00021705
-52.26666589	0.00015348
-52.23333256	0.00019278
-52.19999922	0.00021268
-52.16666589	0.00014076
-52.13333256	0.00016639
-52.09999923	0.00023045
-52.06666589	0.00028218
-52.03333256	0.00015250
-51.99999923	0.00022772
-51.96666589	0.00025096
-51.93333256	0.00039935
-51.89999923	0.00037762
-51.86666590	0.00026013
-51.83333256	0.00040703
-51.79999923	0.00042007
-51.76666590	0.00056107
-51.73333256	0.00056295
-51.69999923	0.00056599
-51.66666590	0.00062309
-51.63333256	0.00062896
-51.59999923	0.00079428
-51.56666590	0.00079967
-51.53333257	0.00093854
-51.49999923	0.00097609
-51.46666590	0.00105153
-51.43333257	0.00107926
-51.39999923	0.00109553
-51.36666590	0.00114109
-51.33333257	0.00118618
-51.29999924	0.00122846
-51.26666590	0.00142035
-51.23333257	0.00137920
-51.19999924	0.00145815
-51.16666590	0.00147347
-51.13333257	0.00147300
-51.09999924	0.00164624
-51.06666590	0.00161737
-51.03333257	0.00176102
-50.99999924	0.00184713
-50.96666591	0.00189818
-50.93333257	0.00192961
-50.89999924	0.00202210
-50.86666591	0.00202588
-50.83333257	0.00214383
-50.79999924	0.00218250
-50.76666591	0.00228936
-50.73333257	0.00233104
-50.69999924	0.00238692
-50.66666591	0.00236677
-50.63333258	0.00255305
-50.59999924	0.00254764
-50.56666591	0.00271882
-50.53333258	0.00272440
-50.49999924	0.00282419
-50.46666591	0.00276268
-50.43333258	0.00288779
-50.39999925	0.00302226
-50.36666591	0.00305669
-50.33333258	0.00299130
-50.29999925	0.00314407
-50.26666591	0.00309825
-50.23333258	0.00318945
-50.19999925	0.00330278
-50.16666591	0.00329147
-50.13333258	0.00326520
-50.09999925	0.00327872
-50.06666592	0.00330022
-50.03333258	0.00322029
-49.99999925	0.00320032
-49.96666592	0.00319722
-49.93333258	0.00310619
-49.89999925	0.00311815
-49.86666592	0.00299852
-49.83333259	0.00279867
-49.79999925	0.00282385
-49.76666592	0.00258414
-49.73333259	0.00242320
-49.69999925	0.00217140
-49.66666592	0.00189633
-49.63333259	0.00172812
-49.59999925	0.00141174
-49.56666592	0.00117699
-49.53333259	0.00080241
-49.49999926	0.00052629
-49.46666592	0.00023072
-49.43333259	-0.00010539
-49.39999926	-0.00047708
-49.36666592	-0.00078050
-49.33333259	-0.00121123
-49.29999926	-0.00163547
-49.26666593	-0.00206388
-49.23333259	-0.00247358
-49.19999926	-0.00286648
-49.16666593	-0.00329992
-49.13333259	-0.00368426
-49.09999926	-0.00403340
-49.06666593	-0.00439426
-49.03333259	-0.00476200
-48.99999926	-0.00504354
-48.96666593	-0.00537091
-48.93333260	-0.00563830
-48.89999926	-0.00590010
-48.86666593	-0.00613619
-48.83333260	-0.00619492
-48.79999926	-0.00637284
-48.76666593	-0.00653949
-48.73333260	-0.00646840
-48.69999927	-0.00649886
-48.66666593	-0.00643795
-48.63333260	-0.00638501
-48.59999927	-0.00627913
-48.56666593	-0.00612989
-48.53333260	-0.00585897
-48.49999927	-0.00568796
-48.46666593	-0.00529758
-48.43333260	-0.00498328
-48.39999927	-0.00479061
-48.36666594	-0.00452611
-48.33333260	-0.00397691
-48.29999927	-0.00367039
-48.26666594	-0.00322276
-48.23333260	-0.00282715
-48.19999927	-0.00243043
-48.16666594	-0.00193659
-48.13333260	-0.00153656
-48.09999927	-0.00101510
-48.06666594	-0.00070625
-48.03333261	-0.00040895
-47.99999927	0.00013723
-47.96666594	0.00038239
-47.93333261	0.00075686
-47.89999927	0.00114554
-47.86666594	0.00148050
-47.83333261	0.00172120
-47.79999928	0.00205113
-47.76666594	0.00232324
-47.73333261	0.00260998
-47.69999928	0.00270245
-47.66666594	0.00304053
-47.63333261	0.00321789
-47.59999928	0.00336521
-47.56666594	0.00350318
-47.53333261	0.00361509
-47.49999928	0.00379035
-47.46666595	0.00390157
-47.43333261	0.00401419
-47.39999928	0.00399615
-47.36666595	0.00407192
-47.33333261	0.00414339
-47.29999928	0.00420633
-47.26666595	0.00419245
-47.23333262	0.00437224
-47.19999928	0.00435546
-47.16666595	0.00446039
-47.13333262	0.00442644
-47.09999928	0.00453263
-47.06666595	0.00457503
-47.03333262	0.00451618
-46.99999928	0.00460532
-46.96666595	0.00462974
-46.93333262	0.00465316
-46.89999929	0.00471698
-46.86666595	0.00470244
-46.83333262	0.00466392
-46.79999929	0.00474564
-46.76666595	0.00484035
-46.73333262	0.00485784
-46.69999929	0.00474254
-46.66666596	0.00477083
-46.63333262	0.00485092
-46.59999929	0.00493651
-46.56666596	0.00499468
-46.53333262	0.00503638
-46.49999929	0.00494585
-46.46666596	0.00507932
-46.43333262	0.00503476
-46.39999929	0.00511960
-46.36666596	0.00524762
-46.33333263	0.00514552
-46.29999929	0.00517899
-46.26666596	0.00512466
-46.23333263	0.00524382
-46.19999929	0.00518786
-46.16666596	0.00521037
-46.13333263	0.00529320
-46.09999930	0.00532568
-46.06666596	0.00541398
-46.03333263	0.00534588
-45.99999930	0.00537688
-45.96666596	0.00543453
-45.93333263	0.00550510
-45.89999930	0.00557950
-45.86666596	0.00572494
-45.83333263	0.00575132
-45.79999930	0.00585896
-45.76666597	0.00589683
-45.73333263	0.00602717
-45.69999930	0.00608306
-45.66666597	0.00619598
-45.63333263	0.00631318
-45.59999930	0.00639055
-45.56666597	0.00637660
-45.53333264	0.00649405
-45.49999930	0.00661821
-45.46666597	0.00676228
-45.43333264	0.00674587
-45.39999930	0.00684611
-45.36666597	0.00681491
-45.33333264	0.00694649
-45.29999930	0.00696856
-45.26666597	0.00703499
-45.23333264	0.00703816
-45.19999931	0.00695629
-45.16666597	0.00701683
-45.13333264	0.00697932
-45.09999931	0.00686565
-45.06666597	0.00681419
-45.03333264	0.00666868
-44.99999931	0.00663371
-44.96666597	0.00654893
-44.93333264	0.00648342
-44.89999931	0.00632817
-44.86666598	0.00615367
-44.83333264	0.00609518
-44.79999931	0.00592131
-44.76666598	0.00572122
-44.73333264	0.00560543
-44.69999931	0.00541212
-44.66666598	0.00519046
-44.63333265	0.00503436
-44.59999931	0.00488843
-44.56666598	0.00476056
-44.53333265	0.00468601
-44.49999931	0.00457780
-44.46666598	0.00449097
-44.43333265	0.00447147
-44.39999931	0.00451023
-44.36666598	0.00457736
-44.33333265	0.00471742
-44.29999932	0.00491605
-44.26666598	0.00506764
-44.23333265	0.00539354
-44.19999932	0.00581004
-44.16666598	0.00625679
-44.13333265	0.00667105
-44.09999932	0.00718495
-44.06666599	0.00788402
-44.03333265	0.00853367
-43.99999932	0.00941709
-43.96666599	0.01021496
-43.93333265	0.01121033
-43.89999932	0.01226151
-43.86666599	0.01329460
-43.83333265	0.01444443
-43.79999932	0.01568826
-43.76666599	0.01690169
-43.73333266	0.01813918
-43.69999932	0.01956278
-43.66666599	0.02108941
-43.63333266	0.02273743
-43.59999932	0.02428705
-43.56666599	0.02593615
-43.53333266	0.02770580
-43.49999933	0.02955642
-43.46666599	0.03146338
-43.43333266	0.03331439
-43.39999933	0.03540391
-43.36666599	0.03743567
-43.33333266	0.03958740
-43.29999933	0.04190134
-43.26666599	0.04431782
-43.23333266	0.04675309
-43.19999933	0.04921603
-43.16666600	0.05189483
-43.13333266	0.05464083
-43.09999933	0.05756532
-43.06666600	0.06044508
-43.03333266	0.06364085
-42.99999933	0.06685366
-42.96666600	0.07018832
-42.93333267	0.07367937
-42.89999933	0.07722398
-42.86666600	0.08078443
-42.83333267	0.08465017
-42.79999933	0.08847573
-42.76666600	0.09241274
-42.73333267	0.09640135
-42.69999933	0.10044232
-42.66666600	0.10434044
-42.63333267	0.10820221
-42.59999934	0.11199812
-42.56666600	0.11556717
-42.53333267	0.11888863
-42.49999934	0.12185817
-42.46666600	0.12449314
-42.43333267	0.12658935
-42.39999934	0.12808963
-42.36666601	0.12885891
-42.33333267	0.12872464
-42.29999934	0.12766609
-42.26666601	0.12550185
-42.23333267	0.12215215
-42.19999934	0.11722804
-42.16666601	0.11102311
-42.13333267	0.10320187
-42.09999934	0.09353900
-42.06666601	0.08203675
-42.03333268	0.06864291
-41.99999934	0.05325063
-41.96666601	0.03579659
-41.93333268	0.01637482
-41.89999934	-0.00521586
-41.86666601	-0.02874788
-41.83333268	-0.05427152
-41.79999934	-0.08162974
-41.76666601	-0.11062693
-41.73333268	-0.14121931
-41.69999935	-0.17303213
-41.66666601	-0.20584643
-41.63333268	-0.23952873
-41.59999935	-0.27351843
-41.56666601	-0.30773216
-41.53333268	-0.34152961
-41.49999935	-0.37456213
-41.46666602	-0.40663882
-41.43333268	-0.43716455
-41.39999935	-0.46598248
-41.36666602	-0.49251183
-41.33333268	-0.51623338
-41.29999935	-0.53705544
-41.26666602	-0.55462054
-41.23333268	-0.56837735
-41.19999935	-0.57833504
-41.16666602	-0.58439436
-41.13333269	-0.58606759
-41.09999935	-0.58352222
-41.06666602	-0.57660324
-41.03333269	-0.56527563
-40.99999935	-0.54987280
-40.96666602	-0.53020804
-40.93333269	-0.50660520
-40.89999936	-0.47942963
-40.86666602	-0.44869030
-40.83333269	-0.41495277
-40.79999936	-0.37853650
-40.76666602	-0.33983230
-40.73333269	-0.29906669
-40.69999936	-0.25686368
-40.66666602	-0.21382110
-40.63333269	-0.17002300
-40.59999936	-0.12604431
-40.56666603	-0.08233456
-40.53333269	-0.03931999
-40.49999936	0.00258507
-40.46666603	0.04298311
-40.43333269	0.08185508
-40.39999936	0.11857651
-40.36666603	0.15303579
-40.33333270	0.18501223
-40.29999936	0.21427354
-40.26666603	0.24086815
-40.23333270	0.26449951
-40.19999936	0.28513812
-40.16666603	0.30293945
-40.13333270	0.31783312
-40.09999936	0.32980564
-40.06666603	0.33916191
-40.03333270	0.34584662
-39.99999937	0.35007023
-39.96666603	0.35192588
-39.93333270	0.35167785
-39.89999937	0.34937797
-39.86666603	0.34544628
-39.83333270	0.33982560
-39.79999937	0.33300039
-39.76666604	0.32495161
-39.73333270	0.31589240
-39.69999937	0.30611777
-39.66666604	0.29585386
-39.63333270	0.28500756
-39.59999937	0.27387582
-39.56666604	0.26261410
-39.53333270	0.25137113
-39.49999937	0.24016780
-39.46666604	0.22919729
-39.43333271	0.21841506
-39.39999937	0.20798773
-39.36666604	0.19802685
-39.33333271	0.18845037
-39.29999937	0.17923642
-39.26666604	0.17059366
-39.23333271	0.16235129
-39.19999938	0.15457926
-39.16666604	0.14722257
-39.13333271	0.14035776
-39.09999938	0.13390803
-39.06666604	0.12775421
-39.03333271	0.12205936
-38.99999938	0.11654311
-38.96666604	0.11138264
-38.93333271	0.10647894
-38.89999938	0.10168665
-38.86666605	0.09736362
-38.83333271	0.09298822
-38.79999938	0.08853952
-38.76666605	0.08440769
-38.73333271	0.08021203
-38.69999938	0.07623444
-38.66666605	0.07214633
-38.63333271	0.06798478
-38.59999938	0.06398052
-38.56666605	0.05986274
-38.53333272	0.05570385
-38.49999938	0.05158426
-38.46666605	0.04746256
-38.43333272	0.04345606
-38.39999938	0.03945046
-38.36666605	0.03530212
-38.33333272	0.03137933
-38.29999939	0.02738739
-38.26666605	0.02345623
-38.23333272	0.01965391
-38.19999939	0.01587805
-38.16666605	0.01219605
-38.13333272	0.00871915
-38.09999939	0.00539955
-38.06666605	0.00211632
-38.03333272	-0.00091368
-37.99999939	-0.00375771
-37.96666606	-0.00639683
-37.93333272	-0.00883924
-37.89999939	-0.01114511
-37.86666606	-0.01316765
-37.83333272	-0.01517965
-37.79999939	-0.01692618
-37.76666606	-0.01846352
-37.73333273	-0.01981646
-37.69999939	-0.02110143
-37.66666606	-0.02208603
-37.63333273	-0.02306737
-37.59999939	-0.02389544
-37.56666606	-0.02447623
-37.53333273	-0.02510996
-37.49999939	-0.02570848
-37.46666606	-0.02614280
-37.43333273	-0.02667877
-37.39999940	-0.02682156
-37.36666606	-0.02732725
-37.33333273	-0.02767221
-37.29999940	-0.02796603
-37.26666606	-0.02823699
-37.23333273	-0.02850153
-37.19999940	-0.02900477
-37.16666607	-0.02933608
-37.13333273	-0.02976124
-37.09999940	-0.03004871
-37.06666607	-0.03059121
-37.03333273	-0.03102324
-36.99999940	-0.03131576
-36.96666607	-0.03188079
-36.93333273	-0.03230201
-36.89999940	-0.03275757
-36.86666607	-0.03323694
-36.83333274	-0.03360123
-36.79999940	-0.03391694
-36.76666607	-0.03420251
-36.73333274	-0.03450200
-36.69999940	-0.03466480
-36.66666607	-0.03473929
-36.63333274	-0.03477328
-36.59999941	-0.03490368
-36.56666607	-0.03470653
-36.53333274	-0.03450850
-36.49999941	-0.03429039
-36.46666607	-0.03374568
-36.43333274	-0.03327269
-36.39999941	-0.03283239
-36.36666607	-0.03210287
-36.33333274	-0.03130913
-36.29999941	-0.03048405
-36.26666608	-0.02953816
-36.23333274	-0.02856670
-36.19999941	-0.02754992
-36.16666608	-0.02656655
-36.13333274	-0.02537231
-36.09999941	-0.02420785
-36.06666608	-0.02312111
-36.03333275	-0.02202040
-35.99999941	-0.02079338
-35.96666608	-0.01960727
-35.93333275	-0.01843322
-35.89999941	-0.01740914
-35.86666608	-0.01641207
-35.83333275	-0.01542363
-35.79999941	-0.01445097
-35.76666608	-0.01359009
-35.73333275	-0.01289073
-35.69999942	-0.01215058
-35.66666608	-0.01158639
-35.63333275	-0.01095429
-35.59999942	-0.01059221
-35.56666608	-0.01014986
-35.53333275	-0.00996280
-35.49999942	-0.00973538
-35.46666608	-0.00951603
-35.43333275	-0.00944291
-35.39999942	-0.00948283
-35.36666609	-0.00943124
-35.33333275	-0.00954233
-35.29999942	-0.00968640
-35.26666609	-0.00984245
-35.23333275	-0.00997695
-35.19999942	-0.01020356
-35.16666609	-0.01040961
-35.13333276	-0.01062326
-35.09999942	-0.01080980
-35.06666609	-0.01105562
-35.03333276	-0.01107394
-34.99999942	-0.01123790
-34.96666609	-0.01143392
-34.93333276	-0.01142801
-34.89999942	-0.01146122
-34.86666609	-0.01154084
-34.83333276	-0.01154944
-34.79999943	-0.01151378
-34.76666609	-0.01119934
-34.73333276	-0.01122494
-34.69999943	-0.01095927
-34.66666609	-0.01066243
-34.63333276	-0.01034296
-34.59999943	-0.00996973
-34.56666610	-0.00965880
-34.53333276	-0.00933560
-34.49999943	-0.00888413
-34.46666610	-0.00853336
-34.43333276	-0.00812780
-34.39999943	-0.00767582
-34.36666610	-0.00733714
-34.33333276	-0.00692978
-34.29999943	-0.00666963
-34.26666610	-0.00616066
-34.23333277	-0.00579392
-34.19999943	-0.00559354
-34.16666610	-0.00534533
-34.13333277	-0.00519396
-34.09999943	-0.00492557
-34.06666610	-0.00486013
-34.03333277	-0.00475749
-33.99999944	-0.00482612
-33.96666610	-0.00488018
-33.93333277	-0.00491704
-33.89999944	-0.00513586
-33.86666610	-0.00544321
-33.83333277	-0.00570516
-33.79999944	-0.00608383
-33.76666610	-0.00648412
-33.73333277	-0.00699056
-33.69999944	-0.00756400
-33.66666611	-0.00814266
-33.63333277	-0.00876275
-33.59999944	-0.00940997
-33.56666611	-0.00994220
-33.53333277	-0.01068241
-33.49999944	-0.01133930
-33.46666611	-0.01204773
-33.43333278	-0.01272427
-33.39999944	-0.01333897
-33.36666611	-0.01404505
-33.33333278	-0.01459243
-33.29999944	-0.01515375
-33.26666611	-0.01582408
-33.23333278	-0.01634264
-33.19999944	-0.01678297
-33.16666611	-0.01718454
-33.13333278	-0.01762481
-33.09999945	-0.01789390
-33.06666611	-0.01816136
-33.03333278	-0.01836125
-32.99999945	-0.01846572
-32.96666611	-0.01857469
-32.93333278	-0.01840508
-32.89999945	-0.01844188
-32.86666612	-0.01828347
-32.83333278	-0.01804843
-32.79999945	-0.01775171
-32.76666612	-0.01741394
-32.73333278	-0.01713475
-32.69999945	-0.01658702
-32.66666612	-0.01610037
-32.63333278	-0.01565700
-32.59999945	-0.01505195
-32.56666612	-0.01440881
-32.53333279	-0.01377374
-32.49999945	-0.01313091
-32.46666612	-0.01251622
-32.43333279	-0.01188177
-32.39999945	-0.01118356
-32.36666612	-0.01059630
-32.33333279	-0.00987572
-32.29999945	-0.00944015
-32.26666612	-0.00892206
-32.23333279	-0.00830224
-32.19999946	-0.00780380
-32.16666612	-0.00746573
-32.13333279	-0.00709116
-32.09999946	-0.00676566
-32.06666612	-0.00648616
-32.03333279	-0.00634763
-31.99999946	-0.00613827
-31.96666613	-0.00592494
-31.93333279	-0.00578615
-31.89999946	-0.00588133
-31.86666613	-0.00585133
-31.83333279	-0.00591821
-31.79999946	-0.00592209
-31.76666613	-0.00611435
-31.73333279	-0.00621456
-31.69999946	-0.00645337
-31.66666613	-0.00662281
-31.63333280	-0.00686657
-31.59999946	-0.00701811
-31.56666613	-0.00722712
-31.53333280	-0.00740499
-31.49999946	-0.00747489
-31.46666613	-0.00756059
-31.43333280	-0.00770339
-31.39999947	-0.00770494
-31.36666613	-0.00775510
-31.33333280	-0.00775578
-31.29999947	-0.00770527
-31.26666613	-0.00752056
-31.23333280	-0.00744735
-31.19999947	-0.00718369
-31.16666613	-0.00687840
-31.13333280	-0.00661107
-31.09999947	-0.00619031
-31.06666614	-0.00583299
-31.03333280	-0.00536309
-30.99999947	-0.00499054
-30.96666614	-0.00438109
-30.93333280	-0.00379282
-30.89999947	-0.00325869
-30.86666614	-0.00265706
-30.83333281	-0.00205134
-30.79999947	-0.00146201
-30.76666614	-0.00084074
-30.73333281	-0.00015607
-30.69999947	0.00025209
-30.66666614	0.00094130
-30.63333281	0.00156821
-30.59999947	0.00213399
-30.56666614	0.00250470
-30.53333281	0.00304954
-30.49999948	0.00346922
-30.46666614	0.00391441
-30.43333281	0.00410515
-30.39999948	0.00433208
-30.36666614	0.00454614
-30.33333281	0.00472806
-30.29999948	0.00482071
-30.26666615	0.00477206
-30.23333281	0.00473751
-30.19999948	0.00457716
-30.16666615	0.00452031
-30.13333281	0.00442893
-30.09999948	0.00404768
-30.06666615	0.00383825
-30.03333281	0.00350172
-29.99999948	0.00311824
-29.96666615	0.00284094
-29.93333282	0.00234192
-29.89999948	0.00202043
-29.86666615	0.00165581
-29.83333282	0.00128673
-29.79999948	0.00089955
-29.76666615	0.00052574
-29.73333282	0.00023919
-29.69999948	-0.00017721
-29.66666615	-0.00043987
-29.63333282	-0.00063610
-29.59999949	-0.00083433
-29.56666615	-0.00107374
-29.53333282	-0.00132480
-29.49999949	-0.00147901
-29.46666615	-0.00147091
-29.43333282	-0.00155548
-29.39999949	-0.00162854
-29.36666616	-0.00154122
-29.33333282	-0.00151596
-29.29999949	-0.00152709
-29.26666616	-0.00128584
-29.23333282	-0.00130219
-29.19999949	-0.00110088
-29.16666616	-0.00088993
-29.13333282	-0.00076151
-29.09999949	-0.00051770
-29.06666616	-0.00043729
-29.03333283	-0.00016773
-28.99999949	0.00009711
-28.96666616	0.00022707
-28.93333283	0.00032989
-28.89999949	0.00043374
-28.86666616	0.00064820
-28.83333283	0.00077361
-28.79999950	0.00097561
-28.76666616	0.00103602
-28.73333283	0.00121305
-28.69999950	0.00126009
-28.66666616	0.00136746
-28.63333283	0.00141189
-28.59999950	0.00144649
-28.56666616	0.00150743
-28.53333283	0.00146371
-28.49999950	0.00144297
-28.46666617	0.00129933
-28.43333283	0.00146156
-28.39999950	0.00132860
-28.36666617	0.00126216
-28.33333283	0.00122429
-28.29999950	0.00119324
-28.26666617	0.00109661
-28.23333284	0.00095604
-28.19999950	0.00089577
-28.16666617	0.00078850
-28.13333284	0.00070706
-28.09999950	0.00059430
-28.06666617	0.00062255
-28.03333284	0.00060666
-27.99999950	0.00058061
-27.96666617	0.00062909
-27.93333284	0.00064397
-27.89999951	0.00067369
-27.86666617	0.00074093
-27.83333284	0.00083638
-27.79999951	0.00088613
-27.76666617	0.00097038
-27.73333284	0.00108014
-27.69999951	0.00129306
-27.66666618	0.00152053
-27.63333284	0.00171916
-27.59999951	0.00195290
-27.56666618	0.00219722
-27.53333284	0.00247791
-27.49999951	0.00273177
-27.46666618	0.00298185
-27.43333284	0.00329259
-27.39999951	0.00363703
-27.36666618	0.00396773
-27.33333285	0.00435002
-27.29999951	0.00469399
-27.26666618	0.00501240
-27.23333285	0.00540493
-27.19999951	0.00578029
-27.16666618	0.00614265
-27.13333285	0.00659500
-27.09999952	0.00687660
-27.06666618	0.00719868
-27.03333285	0.00744131
-26.99999952	0.00766941
-26.96666618	0.00792535
-26.93333285	0.00811383
-26.89999952	0.00825527
-26.86666618	0.00851618
-26.83333285	0.00861617
-26.79999952	0.00871471
-26.76666619	0.00879241
-26.73333285	0.00875623
-26.69999952	0.00862570
-26.66666619	0.00855890
-26.63333285	0.00837453
-26.59999952	0.00822201
-26.56666619	0.00795926
-26.53333285	0.00752708
-26.49999952	0.00728259
-26.46666619	0.00694017
-26.43333286	0.00653626
-26.39999952	0.00592383
-26.36666619	0.00542367
-26.33333286	0.00490748
-26.29999952	0.00443762
-26.26666619	0.00397409
-26.23333286	0.00339861
-26.19999953	0.00277167
-26.16666619	0.00224458
-26.13333286	0.00162806
-26.09999953	0.00108141
-26.06666619	0.00055748
-26.03333286	0.00014338
-25.99999953	-0.00024488
-25.96666619	-0.00090567
-25.93333286	-0.00136542
-25.89999953	-0.00175727
-25.86666620	-0.00216403
-25.83333286	-0.00246613
-25.79999953	-0.00269675
-25.76666620	-0.00293893
-25.73333286	-0.00316096
-25.69999953	-0.00325763
-25.66666620	-0.00343545
-25.63333287	-0.00364783
-25.59999953	-0.00370714
-25.56666620	-0.00360239
-25.53333287	-0.00361164
-25.49999953	-0.00356044
-25.46666620	-0.00346885
-25.43333287	-0.00338574
-25.39999953	-0.00326421
-25.36666620	-0.00303927
-25.33333287	-0.00293323
-25.29999954	-0.00285161
-25.26666620	-0.00270283
-25.23333287	-0.00248654
-25.19999954	-0.00239978
-25.16666620	-0.00213695
-25.13333287	-0.00209409
-25.09999954	-0.00192214
-25.06666621	-0.00176425
-25.03333287	-0.00164346
-24.99999954	-0.00148643
-24.96666621	-0.00143990
-24.93333287	-0.00130349
-24.89999954	-0.00140242
-24.86666621	-0.00136447
-24.83333287	-0.00136990
-24.79999954	-0.00139246
-24.76666621	-0.00131630
-24.73333288	-0.00141858
-24.69999954	-0.00144906
-24.66666621	-0.00144474
-24.63333288	-0.00144519
-24.59999954	-0.00154299
-24.56666621	-0.00146805
-24.53333288	-0.00150519
-24.49999955	-0.00142330
-24.46666621	-0.00140047
-24.43333288	-0.00142177
-24.39999955	-0.00135264
-24.36666621	-0.00130269
-24.33333288	-0.00117507
-24.29999955	-0.00089833
-24.26666621	-0.00075859
-24.23333288	-0.00057804
-24.19999955	-0.00052256
-24.16666622	-0.00036906
-24.13333288	-0.00005973
-24.09999955	0.00023927
-24.06666622	0.00038478
-24.03333288	0.00068010
-23.99999955	0.00096254
-23.96666622	0.00122665
-23.93333289	0.00151109
-23.89999955	0.00170803
-23.86666622	0.00192834
-23.83333289	0.00206721
-23.79999955	0.00216050
-23.76666622	0.00233766
-23.73333289	0.00233082
-23.69999955	0.00233539
-23.66666622	0.00232636
-23.63333289	0.00231084
-23.59999956	0.00218714
-23.56666622	0.00201238
-23.53333289	0.00182064
-23.49999956	0.00154302
-23.46666622	0.00118379
-23.43333289	0.00077078
-23.39999956	0.00023834
-23.36666622	-0.00037200
-23.33333289	-0.00096698
-23.29999956	-0.00183990
-23.26666623	-0.00264073
-23.23333289	-0.00347650
-23.19999956	-0.00445307
-23.16666623	-0.00546769
-23.13333289	-0.00653637
-23.09999956	-0.00769510
-23.06666623	-0.00893271
-23.03333290	-0.01025192
-22.99999956	-0.01161602
-22.96666623	-0.01309463
-22.93333290	-0.01456010
-22.89999956	-0.01606983
-22.86666623	-0.01767188
-22.83333290	-0.01923942
-22.79999956	-0.02084456
-22.76666623	-0.02248644
-22.73333290	-0.02404492
-22.69999957	-0.02584954
-22.66666623	-0.02730360
-22.63333290	-0.02890740
-22.59999957	-0.03052971
-22.56666623	-0.03208043
-22.53333290	-0.03351239
-22.49999957	-0.03485380
-22.46666624	-0.03616398
-22.43333290	-0.03743285
-22.39999957	-0.03853822
-22.36666624	-0.03962751
-22.33333290	-0.04046897
-22.29999957	-0.04128172
-22.26666624	-0.04195606
-22.23333290	-0.04243101
-22.19999957	-0.04285309
-22.16666624	-0.04320285
-22.13333291	-0.04313012
-22.09999957	-0.04309582
-22.06666624	-0.04284551
-22.03333291	-0.04257361
-21.99999957	-0.04196196
-21.96666624	-0.04133563
-21.93333291	-0.04040595
-21.89999958	-0.03934515
-21.86666624	-0.03823482
-21.83333291	-0.03703997
-21.79999958	-0.03558300
-21.76666624	-0.03402739
-21.73333291	-0.03243242
-21.69999958	-0.03066253
-21.66666624	-0.02876923
-21.63333291	-0.02682922
-21.59999958	-0.02474329
-21.56666625	-0.02264539
-21.53333291	-0.02059429
-21.49999958	-0.01841333
-21.46666625	-0.01628098
-21.43333291	-0.01398421
-21.39999958	-0.01174707
-21.36666625	-0.00962188
-21.33333292	-0.00749102
-21.29999958	-0.00539489
-21.26666625	-0.00330901
-21.23333292	-0.00136401
-21.19999958	0.00069065
-21.16666625	0.00244917
-21.13333292	0.00417952
-21.09999958	0.00582371
-21.06666625	0.00740371
-21.03333292	0.00891968
-20.99999959	0.01031394
-20.96666625	0.01166893
-20.93333292	0.01278556
-20.89999959	0.01379464
-20.86666625	0.01476471
-20.83333292	0.01564698
-20.79999959	0.01633738
-20.76666626	0.01705945
-20.73333292	0.01761475
-20.69999959	0.01817310
-20.66666626	0.01846707
-20.63333292	0.01889282
-20.59999959	0.01919131
-20.56666626	0.01933289
-20.53333292	0.01947683
-20.49999959	0.01951689
-20.46666626	0.01952539
-20.43333293	0.01942749
-20.39999959	0.01935294
-20.36666626	0.01917915
-20.33333293	0.01900747
-20.29999959	0.01882463
-20.26666626	0.01856877
-20.23333293	0.01824506
-20.19999959	0.01791410
-20.16666626	0.01764987
-20.13333293	0.01732074
-20.09999960	0.01695075
-20.06666626	0.01651157
-20.03333293	0.01610071
-19.99999960	0.01556461
-19.96666626	0.01518374
-19.93333293	0.01458718
-19.89999960	0.01408483
-19.86666627	0.01350336
-19.83333293	0.01299926
-19.79999960	0.01235046
-19.76666627	0.01169735
-19.73333293	0.01119478
-19.69999960	0.01054153
-19.66666627	0.00992485
-19.63333293	0.00927652
-19.59999960	0.00865721
-19.56666627	0.00791149
-19.53333294	0.00724002
-19.49999960	0.00662002
-19.46666627	0.00600787
-19.43333294	0.00534440
-19.39999960	0.00469141
-19.36666627	0.00397228
-19.33333294	0.00336492
-19.29999961	0.00282242
-19.26666627	0.00216849
-19.23333294	0.00167564
-19.19999961	0.00112375
-19.16666627	0.00048541
-19.13333294	0.00006864
-19.09999961	-0.00050920
-19.06666627	-0.00100711
-19.03333294	-0.00150687
-18.99999961	-0.00191573
-18.96666628	-0.00227479
-18.93333294	-0.00256854
-18.89999961	-0.00297387
-18.86666628	-0.00332007
-18.83333294	-0.00351233
-18.79999961	-0.00384493
-18.76666628	-0.00418769
-18.73333295	-0.00437116
-18.69999961	-0.00458029
-18.66666628	-0.00472594
-18.63333295	-0.00498802
-18.59999961	-0.00512122
-18.56666628	-0.00530453
-18.53333295	-0.00535072
-18.49999961	-0.00545988
-18.46666628	-0.00550846
-18.43333295	-0.00561160
-18.39999962	-0.00581245
-18.36666628	-0.00583444
-18.33333295	-0.00595545
-18.29999962	-0.00588608
-18.26666628	-0.00611019
-18.23333295	-0.00600358
-18.19999962	-0.00605591
-18.16666629	-0.00609676
-18.13333295	-0.00611310
-18.09999962	-0.00603421
-18.06666629	-0.00624024
-18.03333295	-0.00630201
-17.99999962	-0.00617350
-17.96666629	-0.00629412
-17.93333295	-0.00631319
-17.89999962	-0.00633535
-17.86666629	-0.00645198
-17.83333296	-0.00650859
-17.79999962	-0.00658725
-17.76666629	-0.00653824
-17.73333296	-0.00662913
-17.69999962	-0.00665588
-17.66666629	-0.00671643
-17.63333296	-0.00678821
-17.59999963	-0.00680962
-17.56666629	-0.00684984
-17.53333296	-0.00681736
-17.49999963	-0.00695394
-17.46666629	-0.00689990
-17.43333296	-0.00707956
-17.39999963	-0.00711171
-17.36666629	-0.00715058
-17.33333296	-0.00723268
-17.29999963	-0.00733691
-17.26666630	-0.00732594
-17.23333296	-0.00732023
-17.19999963	-0.00737633
-17.16666630	-0.00737717
-17.13333296	-0.00741523
-17.09999963	-0.00735932
-17.06666630	-0.00739094
-17.03333296	-0.00731586
-16.99999963	-0.00728094
-16.96666630	-0.00733129
-16.93333297	-0.00721948
-16.89999963	-0.00705929
-16.86666630	-0.00701236
-16.83333297	-0.00692716
-16.79999963	-0.00677654
-16.76666630	-0.00653207
-16.73333297	-0.00631304
-16.69999964	-0.00628474
-16.66666630	-0.00597695
-16.63333297	-0.00574899
-16.59999964	-0.00544996
-16.56666630	-0.00515432
-16.53333297	-0.00478299
-16.49999964	-0.00452734
-16.46666630	-0.00417530
-16.43333297	-0.00380249
-16.39999964	-0.00352945
-16.36666631	-0.00304352
-16.33333297	-0.00272373
-16.29999964	-0.00230920
-16.26666631	-0.00203797
-16.23333297	-0.00168318
-16.19999964	-0.00117211
-16.16666631	-0.00080825
-16.13333298	-0.00046489
-16.09999964	-0.00008196
-16.06666631	0.00024602
-16.03333298	0.00053577
-15.99999964	0.00090399
-15.96666631	0.00110636
-15.93333298	0.00140646
-15.89999964	0.00171548
-15.86666631	0.00186354
-15.83333298	0.00203578
-15.79999965	0.00225831
-15.76666631	0.00235083
-15.73333298	0.00234793
-15.69999965	0.00242099
-15.66666631	0.00253791
-15.63333298	0.00254517
-15.59999965	0.00265813
-15.56666632	0.00271471
-15.53333298	0.00272643
-15.49999965	0.00271119
-15.46666632	0.00270129
-15.43333298	0.00267852
-15.39999965	0.00264641
-15.36666632	0.00271020
-15.33333298	0.00278388
-15.29999965	0.00288233
-15.26666632	0.00282444
-15.23333299	0.00293430
-15.19999965	0.00302719
-15.16666632	0.00322746
-15.13333299	0.00334672
-15.09999965	0.00352677
-15.06666632	0.00372464
-15.03333299	0.00393800
-14.99999966	0.00413913
-14.96666632	0.00442576
-14.93333299	0.00483091
-14.89999966	0.00513487
-14.86666632	0.00551579
-14.83333299	0.00588201
-14.79999966	0.00607744
-14.76666632	0.00650687
-14.73333299	0.00674552
-14.69999966	0.00713744
-14.66666633	0.00746282
-14.63333299	0.00778618
-14.59999966	0.00815848
-14.56666633	0.00825687
-14.53333299	0.00850262
-14.49999966	0.00872616
-14.46666633	0.00898911
-14.43333300	0.00914528
-14.39999966	0.00919102
-14.36666633	0.00932697
-14.33333300	0.00948561
-14.29999966	0.00950511
-14.26666633	0.00950072
-14.23333300	0.00953337
-14.19999966	0.00947010
-14.16666633	0.00944446
-14.13333300	0.00930184
-14.09999967	0.00921100
-14.06666633	0.00899875
-14.03333300	0.00890339
-13.99999967	0.00862610
-13.96666633	0.00830121
-13.93333300	0.00822201
-13.89999967	0.00798069
-13.86666633	0.00771570
-13.83333300	0.00743908
-13.79999967	0.00715569
-13.76666634	0.00691484
-13.73333300	0.00670076
-13.69999967	0.00640469
-13.66666634	0.00621894
-13.63333300	0.00585237
-13.59999967	0.00566995
-13.56666634	0.00541710
-13.53333301	0.00525167
-13.49999967	0.00502078
-13.46666634	0.00486547
-13.43333301	0.00464124
-13.39999967	0.00451927
-13.36666634	0.00443757
-13.33333301	0.00433869
-13.29999967	0.00416876
-13.26666634	0.00412697
-13.23333301	0.00399920
-13.19999968	0.00407692
-13.16666634	0.00399416
-13.13333301	0.00403273
-13.09999968	0.00406844
-13.06666634	0.00408151
-13.03333301	0.00406755
-12.99999968	0.00408178
-12.96666635	0.00424509
-12.93333301	0.00434558
-12.89999968	0.00429351
-12.86666635	0.00434314
-12.83333301	0.00437299
-12.79999968	0.00430871
-12.76666635	0.00445010
-12.73333301	0.00436809
-12.69999968	0.00441029
-12.66666635	0.00438736
-12.63333302	0.00437674
-12.59999968	0.00437526
-12.56666635	0.00438269
-12.53333302	0.00433935
-12.49999968	0.00422482
-12.46666635	0.00411628
-12.43333302	0.00398485
-12.39999969	0.00382854
-12.36666635	0.00363832
-12.33333302	0.00362041
-12.29999969	0.00337112
-12.26666635	0.00315275
-12.23333302	0.00299747
-12.19999969	0.00277392
-12.16666635	0.00252888
-12.13333302	0.00225834
-12.09999969	0.00195135
-12.06666636	0.00162079
-12.03333302	0.00134801
-11.99999969	0.00106377
-11.96666636	0.00079311
-11.93333302	0.00037495
-11.89999969	0.00011744
-11.86666636	-0.00030059
-11.83333303	-0.00066212
-11.79999969	-0.00097740
-11.76666636	-0.00128237
-11.73333303	-0.00150240
-11.69999969	-0.00193297
-11.66666636	-0.00219172
-11.63333303	-0.00245954
-11.59999969	-0.00279100
-11.56666636	-0.00309074
-11.53333303	-0.00326630
-11.49999970	-0.00355520
-11.46666636	-0.00371254
-11.43333303	-0.00389463
-11.39999970	-0.00390946
-11.36666636	-0.00410754
-11.33333303	-0.00419944
-11.29999970	-0.00420645
-11.26666636	-0.00422528
-11.23333303	-0.00418117
-11.19999970	-0.00418341
-11.16666637	-0.00413845
-11.13333303	-0.00400844
-11.09999970	-0.00396609
-11.06666637	-0.00385297
-11.03333303	-0.00370011
-10.99999970	-0.00359087
-10.96666637	-0.00348753
-10.93333304	-0.00338534
-10.89999970	-0.00314136
-10.86666637	-0.00315024
-10.83333304	-0.00301777
-10.79999970	-0.00276010
-10.76666637	-0.00269499
-10.73333304	-0.00250283
-10.69999970	-0.00240210
-10.66666637	-0.00224413
-10.63333304	-0.00207175
-10.59999971	-0.00205294
-10.56666637	-0.00185573
-10.53333304	-0.00180421
-10.49999971	-0.00170342
-10.46666637	-0.00172957
-10.43333304	-0.00165150
-10.39999971	-0.00158160
-10.36666638	-0.00153378
-10.33333304	-0.00148899
-10.29999971	-0.00132924
-10.26666638	-0.00129469
-10.23333304	-0.00127163
-10.19999971	-0.00119653
-10.16666638	-0.00111870
-10.13333304	-0.00100148
-10.09999971	-0.00084711
-10.06666638	-0.00073334
-10.03333305	-0.00050543
-9.99999971	-0.00032527
-9.96666638	-0.00002313
-9.93333305	0.00029119
-9.89999971	0.00048804
-9.86666638	0.00086210
-9.83333305	0.00118015
-9.79999972	0.00160300
-9.76666638	0.00205493
-9.73333305	0.00242856
-9.69999972	0.00294324
-9.66666638	0.00354501
-9.63333305	0.00400511
-9.59999972	0.00461754
-9.56666638	0.00520493
-9.53333305	0.00582937
-9.49999972	0.00642667
-9.46666639	0.00699157
-9.43333305	0.00759923
-9.39999972	0.00818073
-9.36666639	0.00887625
-9.33333305	0.00937095
-9.29999972	0.00988245
-9.26666639	0.01034925
-9.23333306	0.01077950
-9.19999972	0.01126134
-9.16666639	0.01169966
-9.13333306	0.01203698
-9.09999972	0.01224212
-9.06666639	0.01242132
-9.03333306	0.01271724
-8.99999972	0.01284404
-8.96666639	0.01275233
-8.93333306	0.01287242
-8.89999973	0.01275604
-8.86666639	0.01261575
-8.83333306	0.01259704
-8.79999973	0.01223901
-8.76666639	0.01204310
-8.73333306	0.01171542
-8.69999973	0.01121131
-8.66666640	0.01086641
-8.63333306	0.01031323
-8.59999973	0.00992556
-8.56666640	0.00944121
-8.53333306	0.00891957
-8.49999973	0.00829446
-8.46666640	0.00761406
-8.43333306	0.00710598
-8.39999973	0.00651273
-8.36666640	0.00591171
-8.33333307	0.00534909
-8.29999973	0.00477977
-8.26666640	0.00424486
-8.23333307	0.00362659
-8.19999973	0.00319120
-8.16666640	0.00269271
-8.13333307	0.00213527
-8.09999973	0.00170420
-8.06666640	0.00135803
-8.03333307	0.00097190
-7.99999974	0.00054947
-7.96666640	0.00035661
-7.93333307	0.00007269
-7.89999974	-0.00026589
-7.86666640	-0.00041306
-7.83333307	-0.00046209
-7.79999974	-0.00066827
-7.76666641	-0.00057804
-7.73333307	-0.00070624
-7.69999974	-0.00066050
-7.66666641	-0.00058629
-7.63333307	-0.00061165
-7.59999974	-0.00034109
-7.56666641	-0.00036585
-7.53333307	-0.00028498
-7.49999974	-0.00002632
-7.46666641	0.00009376
-7.43333308	0.00032310
-7.39999974	0.00045895
-7.36666641	0.00064372
-7.33333308	0.00085033
-7.29999974	0.00100235
-7.26666641	0.00123022
-7.23333308	0.00138111
-7.19999975	0.00148539
-7.16666641	0.00163989
-7.13333308	0.00181651
-7.09999975	0.00193114
-7.06666641	0.00183820
-7.03333308	0.00197285
-6.99999975	0.00193070
-6.96666641	0.00192190
-6.93333308	0.00177661
-6.89999975	0.00176536
-6.86666642	0.00153089
-6.83333308	0.00132129
-6.79999975	0.00106380
-6.76666642	0.00080829
-6.73333308	0.00042413
-6.69999975	0.00014808
-6.66666642	-0.00015725
-6.63333309	-0.00063583
-6.59999975	-0.00110181
-6.56666642	-0.00160973
-6.53333309	-0.00202016
-6.49999975	-0.00241451
-6.46666642	-0.00295953
-6.43333309	-0.00349582
-6.39999975	-0.00398797
-6.36666642	-0.00442261
-6.33333309	-0.00487049
-6.29999976	-0.00532223
-6.26666642	-0.00594246
-6.23333309	-0.00619546
-6.19999976	-0.00662556
-6.16666642	-0.00707359
-6.13333309	-0.00742171
-6.09999976	-0.00787475
-6.06666643	-0.00805288
-6.03333309	-0.00834536
-5.99999976	-0.00860343
-5.96666643	-0.00878659
-5.93333309	-0.00884012
-5.89999976	-0.00903497
-5.86666643	-0.00915287
-5.83333309	-0.00914003
-5.79999976	-0.00916872
-5.76666643	-0.00922075
-5.73333310	-0.00915840
-5.69999976	-0.00908617
-5.66666643	-0.00906932
-5.63333310	-0.00894694
-5.59999976	-0.00885433
-5.56666643	-0.00868163
-5.53333310	-0.00856410
-5.49999977	-0.00838642
-5.46666643	-0.00815139
-5.43333310	-0.00792707
-5.39999977	-0.00785117
-5.36666643	-0.00771805
-5.33333310	-0.00757247
-5.29999977	-0.00737054
-5.26666643	-0.00724611
-5.23333310	-0.00718172
-5.19999977	-0.00698935
-5.16666644	-0.00686836
-5.13333310	-0.00679689
-5.09999977	-0.00666829
-5.06666644	-0.00665819
-5.03333310	-0.00660211
-4.99999977	-0.00657242
-4.96666644	-0.00652072
-4.93333310	-0.00646787
-4.89999977	-0.00636046
-4.86666644	-0.00629467
-4.83333311	-0.00640689
-4.79999977	-0.00626877
-4.76666644	-0.00625859
-4.73333311	-0.00611430
-4.69999977	-0.00608303
-4.66666644	-0.00591609
-4.63333311	-0.00585927
-4.59999978	-0.00570290
-4.56666644	-0.00554399
-4.53333311	-0.00527073
-4.49999978	-0.00504593
-4.46666644	-0.00477215
-4.43333311	-0.00435815
-4.39999978	-0.00410636
-4.36666644	-0.00367069
-4.33333311	-0.00338269
-4.29999978	-0.00291524
-4.26666645	-0.00243758
-4.23333311	-0.00192811
-4.19999978	-0.00142506
-4.16666645	-0.00105380
-4.13333311	-0.00043070
-4.09999978	0.00014648
-4.06666645	0.00047683
-4.03333312	0.00105403
-3.99999978	0.00157248
-3.96666645	0.00203096
-3.93333312	0.00249484
-3.89999978	0.00299830
-3.86666645	0.00342972
-3.83333312	0.00398929
-3.79999978	0.00441809
-3.76666645	0.00476460
-3.73333312	0.00504683
-3.69999979	0.00534051
-3.66666645	0.00556063
-3.63333312	0.00582525
-3.59999979	0.00595130
-3.56666645	0.00613278
-3.53333312	0.00626173
-3.49999979	0.00622552
-3.46666646	0.00614497
-3.43333312	0.00612423
-3.39999979	0.00590431
-3.36666646	0.00573291
-3.33333312	0.00547207
-3.29999979	0.00507097
-3.26666646	0.00477087
-3.23333312	0.00428994
-3.19999979	0.00383659
-3.16666646	0.00323393
-3.13333313	0.00270588
-3.09999979	0.00209962
-3.06666646	0.00130907
-3.03333313	0.00054150
-2.99999979	-0.00027358
-2.96666646	-0.00111100
-2.93333313	-0.00210320
-2.89999980	-0.00294949
-2.86666646	-0.00402196
-2.83333313	-0.00498072
-2.79999980	-0.00595418
-2.76666646	-0.00713217
-2.73333313	-0.00831398
-2.69999980	-0.00938431
-2.66666646	-0.01041507
-2.63333313	-0.01169592
-2.59999980	-0.01297240
-2.56666647	-0.01415830
-2.53333313	-0.01529839
-2.49999980	-0.01644441
-2.46666647	-0.01773255
-2.43333313	-0.01885654
-2.39999980	-0.01997156
-2.36666647	-0.02117053
-2.33333314	-0.02225592
-2.29999980	-0.02318501
-2.26666647	-0.02427196
-2.23333314	-0.02525325
-2.19999980	-0.02624854
-2.16666647	-0.02714996
-2.13333314	-0.02807139
-2.09999980	-0.02895312
-2.06666647	-0.02987555
-2.03333314	-0.03063551
-1.99999981	-0.03134944
-1.96666647	-0.03204658
-1.93333314	-0.03268309
-1.89999981	-0.03335312
-1.86666647	-0.03369931
-1.83333314	-0.03425878
-1.79999981	-0.03468815
-1.76666647	-0.03518644
-1.73333314	-0.03541350
-1.69999981	-0.03580384
-1.66666648	-0.03602898
-1.63333314	-0.03629182
-1.59999981	-0.03642627
-1.56666648	-0.03646661
-1.53333314	-0.03654489
-1.49999981	-0.03635340
-1.46666648	-0.03640347
-1.43333315	-0.03634490
-1.39999981	-0.03631332
-1.36666648	-0.03616735
-1.33333315	-0.03582917
-1.29999981	-0.03552722
-1.26666648	-0.03523033
-1.23333315	-0.03500598
-1.19999981	-0.03461891
-1.16666648	-0.03423503
-1.13333315	-0.03377675
-1.09999982	-0.03324396
-1.06666648	-0.03267429
-1.03333315	-0.03212464
-0.99999982	-0.03154309
-0.96666648	-0.03095525
-0.93333315	-0.03019507
-0.89999982	-0.02948746
-0.86666649	-0.02872388
-0.83333315	-0.02786047
-0.79999982	-0.02693051
-0.76666649	-0.02609314
-0.73333315	-0.02498907
-0.69999982	-0.02400072
-0.66666649	-0.02281003
-0.63333315	-0.02183366
-0.59999982	-0.02056153
-0.56666649	-0.01932801
-0.53333316	-0.01795644
-0.49999982	-0.01675126
-0.46666649	-0.01530671
-0.43333316	-0.01389031
-0.39999982	-0.01238506
-0.36666649	-0.01091332
-0.33333316	-0.00942278
-0.29999983	-0.00791562
-0.26666649	-0.00645488
-0.23333316	-0.00482780
-0.19999983	-0.00325338
-0.16666649	-0.00168510
-0.13333316	-0.00012713
-0.09999983	0.00125272
-0.06666649	0.00275576
-0.03333316	0.00429300
0.00000017	0.00582666
0.03333350	0.00731982
0.06666684	0.00874545
0.10000017	0.01001931
0.13333350	0.01127579
0.16666684	0.01250112
0.20000017	0.01373690
0.23333350	0.01487696
0.26666683	0.01608076
0.30000017	0.01709408
0.33333350	0.01827369
0.36666683	0.01928283
0.40000017	0.02023383
0.43333350	0.02114625
0.46666683	0.02200604
0.50000017	0.02285999
0.53333350	0.02357151
0.56666683	0.02435247
0.60000016	0.02501808
0.63333350	0.02559796
0.66666683	0.02628999
0.70000016	0.02680075
0.73333350	0.02746020
0.76666683	0.02793215
0.80000016	0.02843819
0.83333349	0.02889462
0.86666683	0.02922584
0.90000016	0.02970991
0.93333349	0.02999531
0.96666683	0.03032824
1.00000016	0.03079179
1.03333349	0.03106243
1.06666683	0.03127079
1.10000016	0.03171622
1.13333349	0.03199559
1.16666682	0.03224612
1.20000016	0.03250775
1.23333349	0.03282337
1.26666682	0.03297472
1.30000016	0.03326434
1.33333349	0.03356967
1.36666682	0.03384012
1.40000016	0.03403475
1.43333349	0.03424060
1.46666682	0.03446693
1.50000015	0.03452733
1.53333349	0.03478423
1.56666682	0.03498384
1.60000015	0.03501075
1.63333349	0.03518532
1.66666682	0.03527443
1.70000015	0.03547859
1.73333348	0.03558618
1.76666682	0.03553018
1.80000015	0.03551546
1.83333348	0.03554120
1.86666682	0.03547539
1.90000015	0.03554181
1.93333348	0.03546376
1.96666682	0.03532901
2.00000015	0.03535112
2.03333348	0.03532930
2.06666681	0.03514249
2.10000015	0.03518979
2.13333348	0.03494841
2.16666681	0.03484870
2.20000015	0.03481943
2.23333348	0.03464782
2.26666681	0.03457389
2.30000014	0.03438909
2.33333348	0.03428718
2.36666681	0.03416504
2.40000014	0.03405893
2.43333348	0.03397366
2.46666681	0.03376585
2.50000014	0.03364679
2.53333348	0.03363193
2.56666681	0.03339509
2.60000014	0.03325181
2.63333347	0.03309059
2.66666681	0.03286009
2.70000014	0.03268388
2.73333347	0.03264016
2.76666681	0.03238941
2.80000014	0.03223538
2.83333347	0.03200041
2.86666680	0.03197044
2.90000014	0.03178147
2.93333347	0.03157895
2.96666680	0.03121881
3.00000014	0.03099332
3.03333347	0.03063513
3.06666680	0.03036977
3.10000014	0.03010789
3.13333347	0.02985778
3.16666680	0.02946970
3.20000013	0.02899939
3.23333347	0.02860377
3.26666680	0.02827912
3.30000013	0.02784888
3.33333347	0.02730942
3.36666680	0.02677432
3.40000013	0.02638229
3.43333346	0.02577543
3.46666680	0.02519130
3.50000013	0.02453173
3.53333346	0.02383751
3.56666680	0.02328637
3.60000013	0.02250811
3.63333346	0.02178484
3.66666680	0.02097970
3.70000013	0.02026521
3.73333346	0.01937325
3.76666679	0.01851295
3.80000013	0.01758611
3.83333346	0.01675265
3.86666679	0.01589473
3.90000013	0.01489117
3.93333346	0.01396852
3.96666679	0.01301469
4.00000012	0.01217542
4.03333346	0.01121368
4.06666679	0.01028115
4.10000012	0.00933612
4.13333346	0.00846373
4.16666679	0.00754472
4.20000012	0.00677211
4.23333346	0.00581648
4.26666679	0.00501405
4.30000012	0.00427925
4.33333345	0.00353071
4.36666679	0.00273131
4.40000012	0.00211681
4.43333345	0.00135633
4.46666679	0.00068701
4.50000012	0.00010896
4.53333345	-0.00042186
4.56666679	-0.00086950
4.60000012	-0.00131741
4.63333345	-0.00171344
4.66666678	-0.00200373
4.70000012	-0.00240434
4.73333345	-0.00255277
4.76666678	-0.00280151
4.80000012	-0.00294472
4.83333345	-0.00309349
4.86666678	-0.00325239
4.90000011	-0.00321503
4.93333345	-0.00327984
4.96666678	-0.00330397
5.00000011	-0.00323176
5.03333345	-0.00321471
5.06666678	-0.00314267
5.10000011	-0.00298013
5.13333345	-0.00292668
5.16666678	-0.00285618
5.20000011	-0.00264112
5.23333344	-0.00254561
5.26666678	-0.00239164
5.30000011	-0.00240507
5.33333344	-0.00229510
5.36666678	-0.00215408
5.40000011	-0.00217972
5.43333344	-0.00216665
5.46666677	-0.00203593
5.50000011	-0.00211889
5.53333344	-0.00212968
5.56666677	-0.00218661
5.60000011	-0.00227943
5.63333344	-0.00225970
5.66666677	-0.00236419
5.70000011	-0.00254104
5.73333344	-0.00258249
5.76666677	-0.00258664
5.80000010	-0.00252247
5.83333344	-0.00268270
5.86666677	-0.00275262
5.90000010	-0.00288204
5.93333344	-0.00292334
5.96666677	-0.00295516
6.00000010	-0.00296178
6.03333343	-0.00300511
6.06666677	-0.00303702
6.10000010	-0.00306036
6.13333343	-0.00308203
6.16666677	-0.00313457
6.20000010	-0.00299561
6.23333343	-0.00298866
6.26666677	-0.00299609
6.30000010	-0.00296464
6.33333343	-0.00286297
6.36666676	-0.00284308
6.40000010	-0.00271962
6.43333343	-0.00275786
6.46666676	-0.00266662
6.50000010	-0.00254505
6.53333343	-0.00248078
6.56666676	-0.00234679
6.60000009	-0.00227171
6.63333343	-0.00221404
6.66666676	-0.00215875
6.70000009	-0.00210062
6.73333343	-0.00198407
6.76666676	-0.00209840
6.80000009	-0.00210635
6.83333343	-0.00205663
6.86666676	-0.00216310
6.90000009	-0.00233216
6.93333342	-0.00254562
6.96666676	-0.00262187
7.00000009	-0.00268390
7.03333342	-0.00295953
7.06666676	-0.00314610
7.10000009	-0.00331059
7.13333342	-0.00362132
7.16666675	-0.00392212
7.20000009	-0.00421084
7.23333342	-0.00450234
7.26666675	-0.00476215
7.30000009	-0.00511168
7.33333342	-0.00536345
7.36666675	-0.00573765
7.40000009	-0.00589525
7.43333342	-0.00619415
7.46666675	-0.00641084
7.50000008	-0.00663746
7.53333342	-0.00675809
7.56666675	-0.00705390
7.60000008	-0.00718265
7.63333342	-0.00726091
7.66666675	-0.00723048
7.70000008	-0.00732316
7.73333342	-0.00740347
7.76666675	-0.00734677
7.80000008	-0.00739950
7.83333341	-0.00731759
7.86666675	-0.00723106
7.90000008	-0.00701455
7.93333341	-0.00683586
7.96666675	-0.00667273
8.00000008	-0.00639295
8.03333341	-0.00606779
8.06666674	-0.00588602
8.10000008	-0.00565270
8.13333341	-0.00540960
8.16666674	-0.00500997
8.20000008	-0.00469720
8.23333341	-0.00448673
8.26666674	-0.00416751
8.30000008	-0.00389719
8.33333341	-0.00368114
8.36666674	-0.00342943
8.40000007	-0.00316936
8.43333341	-0.00288817
8.46666674	-0.00277109
8.50000007	-0.00261703
8.53333341	-0.00250192
8.56666674	-0.00243849
8.60000007	-0.00232552
8.63333340	-0.00224714
8.66666674	-0.00224771
8.70000007	-0.00225180
8.73333340	-0.00230185
8.76666674	-0.00239456
8.80000007	-0.00250488
8.83333340	-0.00270185
8.86666674	-0.00274982
8.90000007	-0.00294034
8.93333340	-0.00307525
8.96666673	-0.00324997
9.00000007	-0.00336728
9.03333340	-0.00346121
9.06666673	-0.00359585
9.10000007	-0.00383624
9.13333340	-0.00399330
9.16666673	-0.00409956
9.20000006	-0.00437998
9.23333340	-0.00438964
9.26666673	-0.00452440
9.30000006	-0.00459916
9.33333340	-0.00463915
9.36666673	-0.00469927
9.40000006	-0.00475450
9.43333340	-0.00467130
9.46666673	-0.00469892
9.50000006	-0.00469110
9.53333339	-0.00463677
9.56666673	-0.00452228
9.60000006	-0.00449998
9.63333339	-0.00432633
9.66666673	-0.00435176
9.70000006	-0.00414662
9.73333339	-0.00400976
9.76666672	-0.00382457
9.80000006	-0.00371494
9.83333339	-0.00361200
9.86666672	-0.00343824
9.90000006	-0.00333676
9.93333339	-0.00309242
9.96666672	-0.00288152
10.00000006	-0.00281153
10.03333339	-0.00265718
10.06666672	-0.00244340
10.10000005	-0.00230601
10.13333339	-0.00223954
10.16666672	-0.00212139
10.20000005	-0.00205269
10.23333339	-0.00182519
10.26666672	-0.00178369
10.30000005	-0.00164188
10.33333339	-0.00164135
10.36666672	-0.00153569
10.40000005	-0.00147967
10.43333338	-0.00144148
10.46666672	-0.00132543
10.50000005	-0.00129697
10.53333338	-0.00123865
10.56666672	-0.00114205
10.60000005	-0.00112367
10.63333338	-0.00109582
10.66666671	-0.00107958
10.70000005	-0.00108533
10.73333338	-0.00105663
10.76666671	-0.00107049
10.80000005	-0.00103875
10.83333338	-0.00105428
10.86666671	-0.00106216
10.90000005	-0.00109864
10.93333338	-0.00108667
10.96666671	-0.00106862
11.00000004	-0.00108483
11.03333338	-0.00107138
11.06666671	-0.00112748
11.10000004	-0.00111606
11.13333338	-0.00110006
11.16666671	-0.00111838
11.20000004	-0.00108234
11.23333337	-0.00110611
11.26666671	-0.00110444
11.30000004	-0.00101876
11.33333337	-0.00104138
11.36666671	-0.00102938
11.40000004	-0.00101651
11.43333337	-0.00101552
11.46666671	-0.00097136
11.50000004	-0.00095196
11.53333337	-0.00096540
11.56666670	-0.00091514
11.60000004	-0.00095973
11.63333337	-0.00088576
11.66666670	-0.00085882
11.70000004	-0.00090034
11.73333337	-0.00086574
11.76666670	-0.00082325
11.80000003	-0.00082778
11.83333337	-0.00086258
11.86666670	-0.00085292
11.90000003	-0.00084882
11.93333337	-0.00084677
11.96666670	-0.00084232
12.00000003	-0.00086708
12.03333337	-0.00086975
12.06666670	-0.00087438
12.10000003	-0.00086756
12.13333336	-0.00086816
12.16666670	-0.00088466
12.20000003	-0.00088467
12.23333336	-0.00090322
12.26666670	-0.00090628
12.30000003	-0.00090308
12.33333336	-0.00090223
12.36666669	-0.00091525
12.40000003	-0.00089443
12.43333336	-0.00089581
12.46666669	-0.00089391
12.50000003	-0.00087685
12.53333336	-0.00088593
12.56666669	-0.00087831
12.60000003	-0.00088907
12.63333336	-0.00087409
12.66666669	-0.00086745
12.70000002	-0.00084315
12.73333336	-0.00083866
12.76666669	-0.00080663
12.80000002	-0.00080926
12.83333336	-0.00081637
12.86666669	-0.00079339
12.90000002	-0.00078007
12.93333335	-0.00078424
12.96666669	-0.00077230
13.00000002	-0.00076325
13.03333335	-0.00074346
13.06666669	-0.00072873
13.10000002	-0.00071829
13.13333335	-0.00069394
13.16666669	-0.00069140
13.20000002	-0.00067884
13.23333335	-0.00066573
13.26666668	-0.00064756
13.30000002	-0.00062915
13.33333335	-0.00061177
13.36666668	-0.00060496
13.40000002	-0.00058804
13.43333335	-0.00058046
13.46666668	-0.00056046
13.50000002	-0.00053687
13.53333335	-0.00052384
13.56666668	-0.00050492
13.60000001	-0.00047814
13.63333335	-0.00045324
13.66666668	-0.00042984
13.70000001	-0.00041257
13.73333335	-0.00039022
13.76666668	-0.00036572
13.80000001	-0.00034319
13.83333334	-0.00031960
13.86666668	-0.00029762
13.90000001	-0.00027817
13.93333334	-0.00025544
13.96666668	-0.00023538
14.00000001	-0.00021834
14.03333334	-0.00019866
14.06666668	-0.00017914
14.10000001	-0.00016273
14.13333334	-0.00014499
14.16666667	-0.00013027
14.20000001	-0.00011493
14.23333334	-0.00010168
14.26666667	-0.00008769
14.30000001	-0.00007652
14.33333334	-0.00006684
14.36666667	-0.00005816
14.40000000	-0.00004925
14.43333334	-0.00004151
14.46666667	-0.00003517
14.50000000	-0.00002837
14.53333334	-0.00002380
14.56666667	-0.00001976
14.60000000	-0.00001562
14.63333334	-0.00001215
14.66666667	-0.00000940
14.70000000	-0.00000701
14.73333333	-0.00000479
14.76666667	-0.00000313
14.80000000	-0.00000179
14.83333333	-0.00000080
14.86666667	-0.00000020
14.90000000	0.00000000
