# Menlo Systems GmbH ScanControl
# Program Version 1.3.3
# Start: -65.00000000 ps, Average over 1000 waveforms. Timestamp: 2020-01-08T14:39:31
# Window type: Tukey, parameters: alpha = 0.2
# User time axis shift: 0 ps
# Frequency [THz]	THz Signal [a.u.]
0.00000000	-33.00467905
0.00732601	-23.70771905
0.01465201	-20.03203604
0.02197802	-21.83604663
0.02930403	-30.19891509
0.03663004	-25.74152437
0.04395604	-19.73019914
0.05128205	-14.34532503
0.05860806	-15.03502765
0.06593407	-15.90063349
0.07326007	-10.19732628
0.08058608	-12.36391393
0.08791209	-18.68907692
0.09523810	-6.89892699
0.10256410	-5.77686729
0.10989011	-11.08090095
0.11721612	-7.47971551
0.12454213	-4.58902362
0.13186813	-8.22474170
0.13919414	-7.78249202
0.14652015	-3.38422066
0.15384616	-3.86775550
0.16117216	-4.52731523
0.16849817	-2.04019781
0.17582418	-2.48290836
0.18315018	-5.74774389
0.19047619	-2.91549033
0.19780220	-0.65274943
0.20512821	-1.29571382
0.21245421	-1.74815304
0.21978022	-0.73555884
0.22710623	-0.92161249
0.23443224	-1.96275182
0.24175824	-1.46454060
0.24908425	-0.26979284
0.25641026	0.00000000
0.26373627	-0.37289866
0.27106227	-0.42445346
0.27838828	-0.72289886
0.28571429	-1.85499312
0.29304030	-1.76777186
0.30036630	-0.58648016
0.30769231	-0.54940403
0.31501832	-1.01220813
0.32234433	-0.72681002
0.32967033	-1.01765082
0.33699634	-2.31876415
0.34432235	-2.41386223
0.35164835	-1.64378121
0.35897436	-1.51294329
0.36630037	-1.46571942
0.37362638	-1.64379518
0.38095238	-2.25063392
0.38827839	-2.53350636
0.39560440	-2.75604910
0.40293041	-3.00715681
0.41025641	-2.76573996
0.41758242	-2.72032746
0.42490843	-3.12602754
0.43223444	-3.61197658
0.43956044	-4.17442351
0.44688645	-4.44514224
0.45421246	-4.34904619
0.46153847	-4.42132151
0.46886447	-4.61397272
0.47619048	-4.81344482
0.48351649	-5.08987049
0.49084250	-5.53219696
0.49816850	-6.03755382
0.50549451	-6.00444649
0.51282052	-5.88973204
0.52014652	-6.36545677
0.52747253	-6.85252786
0.53479854	-7.11236540
0.54212455	-7.53459326
0.54945055	-8.30740959
0.55677656	-9.32145526
0.56410257	-9.10511885
0.57142858	-8.46482476
0.57875458	-9.00007171
0.58608059	-9.49673819
0.59340660	-9.44074808
0.60073261	-9.97017207
0.60805861	-10.24117385
0.61538462	-10.32989910
0.62271063	-11.03193878
0.63003664	-11.33093812
0.63736264	-11.57583548
0.64468865	-12.38990743
0.65201466	-12.79688059
0.65934067	-13.20006422
0.66666667	-13.90454584
0.67399268	-14.31300406
0.68131869	-14.90428013
0.68864469	-15.50242600
0.69597070	-15.97769907
0.70329671	-16.81044991
0.71062272	-17.32490645
0.71794872	-17.72208044
0.72527473	-18.52180644
0.73260074	-18.95940335
0.73992675	-19.54198039
0.74725275	-20.80821129
0.75457876	-21.55402630
0.76190477	-21.65825438
0.76923078	-22.04767128
0.77655678	-22.66966598
0.78388279	-23.30285853
0.79120880	-23.91739995
0.79853481	-24.61626437
0.80586081	-25.40464446
0.81318682	-26.02820096
0.82051283	-26.56148302
0.82783884	-27.16708642
0.83516484	-27.76893256
0.84249085	-28.46713587
0.84981686	-29.16852231
0.85714286	-29.79145411
0.86446887	-30.48034553
0.87179488	-31.03618136
0.87912089	-31.62926528
0.88644689	-32.34862448
0.89377290	-32.97252663
0.90109891	-33.91293879
0.90842492	-34.77797751
0.91575092	-35.13146169
0.92307693	-35.67243039
0.93040294	-36.28098271
0.93772895	-37.10740631
0.94505495	-38.11265581
0.95238096	-38.60942777
0.95970697	-39.39153620
0.96703298	-40.36852291
0.97435898	-41.00176897
0.98168499	-42.08670391
0.98901100	-43.08803626
0.99633701	-43.61553082
1.00366301	-44.15190092
1.01098902	-44.54469419
1.01831503	-45.53988043
1.02564103	-46.91721417
1.03296704	-47.58613840
1.04029305	-48.37007650
1.04761906	-49.34648207
1.05494506	-49.88354510
1.06227107	-50.77466721
1.06959708	-52.04015031
1.07692309	-52.00055867
1.08424909	-52.48598779
1.09157510	-56.39485977
1.09890111	-58.92933922
1.10622712	-55.94326064
1.11355312	-57.11417584
1.12087913	-57.84425706
1.12820514	-55.72928727
1.13553115	-57.88254595
1.14285715	-61.38739328
1.15018316	-59.41920926
1.15750917	-62.85640145
1.16483518	-69.30445987
1.17216118	-62.69801810
1.17948719	-61.91667098
1.18681320	-66.25275565
1.19413920	-63.35063038
1.20146521	-65.28740168
1.20879122	-67.20930123
1.21611723	-63.98414296
1.22344323	-69.04337019
1.23076924	-67.58071937
1.23809525	-65.94482777
1.24542126	-70.72539764
1.25274726	-81.80549474
1.26007327	-78.45084031
1.26739928	-77.43282531
1.27472529	-70.45768682
1.28205129	-70.26078767
1.28937730	-84.78629103
1.29670331	-70.70764975
1.30402932	-70.31615509
1.31135532	-75.47373478
1.31868133	-71.98346557
1.32600734	-84.19307601
1.33333335	-76.63610200
1.34065935	-76.92661977
1.34798536	-76.69155386
1.35531137	-75.10106251
1.36263737	-72.60137097
1.36996338	-74.10769163
1.37728939	-91.98740200
1.38461540	-74.78701574
1.39194140	-78.42561623
1.39926741	-80.70291846
1.40659342	-73.39403623
1.41391943	-72.60391095
1.42124543	-78.26384154
1.42857144	-97.95404491
1.43589745	-83.14360682
1.44322346	-80.97202749
1.45054946	-84.93424656
1.45787547	-94.20181489
1.46520148	-77.36122087
1.47252749	-72.90958296
1.47985349	-72.98992466
1.48717950	-83.77023374
1.49450551	-73.56212806
1.50183152	-72.11219336
1.50915752	-86.15489939
1.51648353	-71.63963823
1.52380954	-72.82270275
1.53113554	-84.11029131
1.53846155	-85.33398174
1.54578756	-85.17532841
1.55311357	-75.98555861
1.56043957	-77.79481426
1.56776558	-91.03198243
1.57509159	-75.93074139
1.58241760	-75.06409172
1.58974360	-79.67280370
1.59706961	-90.23674724
1.60439562	-92.10274441
1.61172163	-88.14675753
1.61904763	-78.38980294
1.62637364	-75.25974272
1.63369965	-81.42486130
1.64102566	-74.09725346
1.64835166	-77.35356146
1.65567767	-82.52932820
1.66300368	-80.29606913
1.67032969	-82.37777665
1.67765569	-108.53196746
1.68498170	-77.65408855
1.69230771	-78.51591368
1.69963371	-79.24989297
1.70695972	-82.16782712
1.71428573	-95.88250666
1.72161174	-92.69439126
1.72893774	-86.22781377
1.73626375	-104.12361779
1.74358976	-83.53529796
1.75091577	-93.33067658
1.75824177	-78.54031018
1.76556778	-76.97695406
1.77289379	-85.75330659
1.78021980	-74.95298986
1.78754580	-73.33019687
1.79487181	-76.61828959
1.80219782	-83.21485796
1.80952383	-86.88762096
1.81684983	-85.62620981
1.82417584	-80.51817919
1.83150185	-89.16567437
1.83882786	-82.04367526
1.84615386	-80.14972806
1.85347987	-85.69402643
1.86080588	-91.50162483
1.86813189	-87.11713288
1.87545789	-85.89736261
1.88278390	-79.15401056
1.89010991	-79.05149726
1.89743591	-87.98891092
1.90476192	-88.79023657
1.91208793	-81.91578740
1.91941394	-87.51753307
1.92673994	-85.80033254
1.93406595	-81.13956743
1.94139196	-74.94934052
1.94871797	-76.02670146
1.95604397	-86.76931800
1.96336998	-80.90496913
1.97069599	-80.86431677
1.97802200	-82.65238242
1.98534800	-96.69523420
1.99267401	-81.49211262
2.00000002	-78.56329771
2.00732603	-87.27225715
2.01465203	-78.73146907
2.02197804	-75.75984116
2.02930405	-75.17042780
2.03663006	-72.37241506
2.04395606	-75.66897052
2.05128207	-96.57739531
2.05860808	-79.43845265
2.06593408	-71.35479648
2.07326009	-71.79738708
2.08058610	-88.84881625
2.08791211	-71.85164533
2.09523811	-75.56913901
2.10256412	-98.96324447
2.10989013	-88.48049792
2.11721614	-80.61547816
2.12454214	-80.15783687
2.13186815	-74.66430401
2.13919416	-78.80811328
2.14652017	-82.04686598
2.15384617	-75.93199784
2.16117218	-79.75942241
2.16849819	-86.17172316
2.17582420	-79.21148544
2.18315020	-77.82577637
2.19047621	-82.60245464
2.19780222	-97.74513037
2.20512823	-83.78815903
2.21245423	-80.26839869
2.21978024	-79.47099601
2.22710625	-80.08172500
2.23443225	-86.02447661
2.24175826	-79.88240925
2.24908427	-76.07698045
2.25641028	-77.46218574
2.26373628	-78.38168681
2.27106229	-77.12887725
2.27838830	-86.12982761
2.28571431	-80.63988709
2.29304031	-83.66522190
2.30036632	-83.52795488
2.30769233	-78.19942696
2.31501834	-74.85397809
2.32234434	-73.69862417
2.32967035	-78.65713376
2.33699636	-84.71179396
2.34432237	-79.03761925
2.35164837	-88.59357066
2.35897438	-82.59934911
2.36630039	-75.95934366
2.37362640	-73.19299579
2.38095240	-75.19111207
2.38827841	-79.01264228
2.39560442	-81.04494506
2.40293042	-79.42522989
2.41025643	-80.52142926
2.41758244	-88.76026857
2.42490845	-87.39570286
2.43223445	-83.15215844
2.43956046	-102.57415128
2.44688647	-86.02511231
2.45421248	-84.25594521
2.46153848	-78.26799015
2.46886449	-82.37187592
2.47619050	-85.58252632
2.48351651	-79.59962317
2.49084251	-85.64048468
2.49816852	-89.25510756
2.50549453	-82.31005506
2.51282054	-84.85437218
2.52014654	-82.42653131
2.52747255	-78.61229827
2.53479856	-78.97149627
2.54212457	-81.64609430
2.54945057	-97.03530846
2.55677658	-84.46527088
2.56410259	-92.13322337
2.57142859	-93.68273930
2.57875460	-86.21912573
2.58608061	-80.30020081
2.59340662	-89.52765804
2.60073262	-81.83992205
2.60805863	-80.47177810
2.61538464	-73.94792552
2.62271065	-74.47098878
2.63003665	-89.64112082
2.63736266	-79.63475351
2.64468867	-87.74540469
2.65201468	-78.65043666
2.65934068	-77.90529321
2.66666669	-77.83008747
2.67399270	-78.38213715
2.68131871	-81.53941992
2.68864471	-82.67405094
2.69597072	-78.94737419
2.70329673	-86.22863521
2.71062274	-87.47035364
2.71794874	-82.43804065
2.72527475	-89.22180707
2.73260076	-80.80874421
2.73992676	-81.00570113
2.74725277	-82.56690227
2.75457878	-77.18381352
2.76190479	-82.77907232
2.76923079	-77.84129608
2.77655680	-77.29489088
2.78388281	-82.54083988
2.79120882	-85.53532195
2.79853482	-84.83381700
2.80586083	-88.21398027
2.81318684	-85.39771049
2.82051285	-87.10440767
2.82783885	-77.67881478
2.83516486	-75.58676268
2.84249087	-74.03401853
2.84981688	-73.98732983
2.85714288	-77.51660687
2.86446889	-79.35403246
2.87179490	-78.87852653
2.87912091	-79.05810612
2.88644691	-85.70773403
2.89377292	-88.98359601
2.90109893	-78.07433177
2.90842493	-75.80720343
2.91575094	-78.64351762
2.92307695	-81.52131655
2.93040296	-84.18901274
2.93772896	-74.79136964
2.94505497	-78.47381160
2.95238098	-82.46386700
2.95970699	-78.23132978
2.96703299	-84.86678056
2.97435900	-77.45448507
2.98168501	-75.47965746
2.98901102	-79.15432388
2.99633702	-76.18018390
3.00366303	-79.07132466
3.01098904	-88.10746773
3.01831505	-82.12682969
3.02564105	-84.69886097
3.03296706	-76.38822838
3.04029307	-80.17118885
3.04761908	-74.39086091
3.05494508	-74.18122206
3.06227109	-80.31542774
3.06959710	-79.51228666
3.07692310	-79.76935341
3.08424911	-81.51623966
3.09157512	-78.41832131
3.09890113	-86.30073998
3.10622713	-76.54555377
3.11355314	-77.32750277
3.12087915	-92.89948773
3.12820516	-82.41950815
3.13553116	-81.16281523
3.14285717	-80.96172602
3.15018318	-83.72772953
3.15750919	-81.00295884
3.16483519	-77.16838834
3.17216120	-80.31624239
3.17948721	-83.92362683
3.18681322	-81.66098510
3.19413922	-93.77649734
3.20146523	-78.90326796
3.20879124	-76.18206245
3.21611725	-78.92565971
3.22344325	-81.14839322
3.23076926	-78.70829363
3.23809527	-83.89026028
3.24542127	-76.56086720
3.25274728	-76.39433638
3.26007329	-73.93097142
3.26739930	-74.97671424
3.27472530	-100.46832166
3.28205131	-79.00636356
3.28937732	-85.68470635
3.29670333	-78.89207255
3.30402933	-77.58487716
3.31135534	-82.46999701
3.31868135	-83.04992189
3.32600736	-87.46232004
3.33333336	-89.87093335
3.34065937	-85.59573056
3.34798538	-92.51106795
3.35531139	-79.76711262
3.36263739	-84.66803258
3.36996340	-81.40485965
3.37728941	-76.33534152
3.38461542	-78.71086071
3.39194142	-83.18764357
3.39926743	-85.04694799
3.40659344	-76.17147174
3.41391944	-79.59398042
3.42124545	-83.07371994
3.42857146	-83.87880083
3.43589747	-87.09972928
3.44322347	-77.76457555
3.45054948	-77.64705737
3.45787549	-81.06478659
3.46520150	-86.10411981
3.47252750	-89.60032190
3.47985351	-93.08700850
3.48717952	-80.39873495
3.49450553	-78.35857661
3.50183153	-77.17441969
3.50915754	-74.55289326
3.51648355	-80.33088659
3.52380956	-80.75104115
3.53113556	-76.99105062
3.53846157	-86.63091494
3.54578758	-88.10478459
3.55311359	-78.76089693
3.56043959	-75.33611984
3.56776560	-79.27036203
3.57509161	-82.46801949
3.58241761	-77.00383084
3.58974362	-75.05150359
3.59706963	-79.93165364
3.60439564	-85.67481605
3.61172164	-76.33491879
3.61904765	-77.18281079
3.62637366	-88.80879262
3.63369967	-85.12321579
3.64102567	-84.07119340
3.64835168	-78.38430059
3.65567769	-76.51699555
3.66300370	-77.67116389
3.67032970	-80.02902464
3.67765571	-88.86134636
3.68498172	-86.32211076
3.69230773	-87.63112904
3.69963373	-83.10134695
3.70695974	-79.30800754
3.71428575	-77.53647395
3.72161176	-80.60641026
3.72893776	-79.83775762
3.73626377	-76.65481949
3.74358978	-83.58971215
3.75091578	-85.70129721
3.75824179	-82.25577326
3.76556780	-82.58303696
3.77289381	-79.70268787
3.78021981	-77.60463514
3.78754582	-77.39647646
3.79487183	-80.57708546
3.80219784	-86.45233145
3.80952384	-84.21991381
3.81684985	-90.00324444
3.82417586	-86.90612217
3.83150187	-88.40035145
3.83882787	-92.36613294
3.84615388	-86.89336391
3.85347989	-82.77686157
3.86080590	-78.79604091
3.86813190	-81.11783837
3.87545791	-86.96606199
3.88278392	-79.66086412
3.89010993	-81.77519094
3.89743593	-82.53202741
3.90476194	-77.75115656
3.91208795	-83.23854696
3.91941395	-83.54058235
3.92673996	-80.50267609
3.93406597	-80.32469213
3.94139198	-78.10683415
3.94871798	-84.13116559
3.95604399	-82.84686129
3.96337000	-82.88579186
3.97069601	-78.52119581
3.97802201	-80.32612074
3.98534802	-85.72918827
3.99267403	-80.53550029
4.00000004	-83.89967791
4.00732604	-84.16475526
4.01465205	-84.02298271
4.02197806	-77.22413230
4.02930407	-78.75246338
4.03663007	-80.57877992
4.04395608	-78.50161080
4.05128209	-83.19229712
4.05860810	-85.93434926
4.06593410	-88.72245187
4.07326011	-81.20476944
4.08058612	-74.11911123
4.08791212	-74.38788403
4.09523813	-76.96187350
4.10256414	-77.44784128
4.10989015	-78.99492147
4.11721615	-79.57771570
4.12454216	-82.43137918
4.13186817	-79.07734770
4.13919418	-77.68373184
4.14652018	-83.45035950
4.15384619	-82.13032740
4.16117220	-81.28165768
4.16849821	-80.60532962
4.17582421	-77.25786097
4.18315022	-75.76305406
4.19047623	-79.87830467
4.19780224	-87.72542073
4.20512824	-80.84880692
4.21245425	-82.29845591
4.21978026	-80.58752870
4.22710627	-88.58805131
4.23443227	-82.47261017
4.24175828	-78.99857508
4.24908429	-85.00716528
4.25641029	-92.17171015
4.26373630	-81.95767557
4.27106231	-81.85371669
4.27838832	-96.63602400
4.28571432	-82.33922978
4.29304033	-79.84186733
4.30036634	-83.86831659
4.30769235	-82.89638357
4.31501835	-85.44851096
4.32234436	-80.78113971
4.32967037	-78.54838014
4.33699638	-75.55780903
4.34432238	-72.68887941
4.35164839	-76.17859806
4.35897440	-76.73242964
4.36630041	-79.89219634
4.37362641	-93.95454062
4.38095242	-82.14145517
4.38827843	-77.11268891
4.39560444	-80.06471546
4.40293044	-79.03911826
4.41025645	-76.06495991
4.41758246	-85.92598212
4.42490846	-78.44958453
4.43223447	-73.22790850
4.43956048	-75.55341895
4.44688649	-83.24481060
4.45421249	-105.91880935
4.46153850	-80.74272551
4.46886451	-80.02350347
4.47619052	-90.50057085
4.48351652	-91.84364160
4.49084253	-78.61212383
4.49816854	-75.15413196
4.50549455	-76.48127205
4.51282055	-80.62972439
4.52014656	-81.74620607
4.52747257	-78.28785545
4.53479858	-80.25357908
4.54212458	-90.11719821
4.54945059	-94.64312097
4.55677660	-86.01062964
4.56410261	-81.15544492
4.57142861	-82.68301351
4.57875462	-83.70012877
4.58608063	-88.63126592
4.59340663	-76.58390606
4.60073264	-78.55638043
4.60805865	-88.51063956
4.61538466	-82.01720592
4.62271066	-85.22694209
4.63003667	-77.70835704
4.63736268	-86.30993089
4.64468869	-80.68194045
4.65201469	-79.84552704
4.65934070	-97.01571336
4.66666671	-81.94022542
4.67399272	-80.29143830
4.68131872	-84.29010143
4.68864473	-85.34306036
4.69597074	-79.97289891
4.70329675	-83.12647059
4.71062275	-80.52048263
4.71794876	-80.94902514
4.72527477	-86.54352085
4.73260078	-82.60310642
4.73992678	-82.99831837
4.74725279	-80.14000449
4.75457880	-75.53660987
4.76190480	-77.65502725
4.76923081	-85.70987222
4.77655682	-79.58278323
4.78388283	-80.20086726
4.79120883	-77.31799322
4.79853484	-77.60252910
4.80586085	-84.76449842
4.81318686	-77.30343724
4.82051286	-80.63538805
4.82783887	-90.13268899
4.83516488	-88.19599214
4.84249089	-78.67452335
4.84981689	-73.06976444
4.85714290	-78.48237849
4.86446891	-79.78076282
4.87179492	-78.29513512
4.87912092	-94.52721283
4.88644693	-93.33776405
4.89377294	-84.88909789
4.90109895	-81.95091541
4.90842495	-88.00440538
4.91575096	-92.66901296
4.92307697	-94.92570493
4.93040297	-83.13903707
4.93772898	-86.72604355
4.94505499	-84.17472445
4.95238100	-82.01065162
4.95970700	-82.76598565
4.96703301	-77.23563982
4.97435902	-83.13095406
4.98168503	-80.24093177
4.98901103	-83.13281025
4.99633704	-75.41382769
5.00366305	-78.35375392
5.01098906	-81.78921073
5.01831506	-79.69893428
5.02564107	-78.90870961
5.03296708	-85.55351064
5.04029309	-83.57625309
5.04761909	-83.88130105
5.05494510	-83.95909071
5.06227111	-77.84276843
5.06959712	-85.85745435
5.07692312	-80.80862045
5.08424913	-80.43428837
5.09157514	-84.08948812
5.09890114	-93.47398604
5.10622715	-78.88687115
5.11355316	-79.53771523
5.12087917	-83.65084688
5.12820517	-75.67574439
5.13553118	-82.76031373
5.14285719	-79.53438000
5.15018320	-75.85964454
5.15750920	-79.17870182
5.16483521	-79.62516123
5.17216122	-81.12721346
5.17948723	-82.87805912
5.18681323	-83.40233889
5.19413924	-85.43557625
5.20146525	-79.34043880
5.20879126	-79.15597279
5.21611726	-81.50797419
5.22344327	-78.97141124
5.23076928	-80.93867119
5.23809529	-97.17358958
5.24542129	-80.08648676
5.25274730	-81.70817281
5.26007331	-88.20653213
5.26739932	-81.97545313
5.27472532	-85.42543241
5.28205133	-81.08077144
5.28937734	-78.88714178
5.29670334	-78.94610931
5.30402935	-84.79673936
5.31135536	-89.69157723
5.31868137	-81.76164540
5.32600737	-78.49182139
5.33333338	-79.97688478
5.34065939	-88.51272006
5.34798540	-79.14993821
5.35531140	-78.63698907
5.36263741	-75.99983729
5.36996342	-76.47802732
5.37728943	-90.79829832
5.38461543	-79.58225514
5.39194144	-78.59556892
5.39926745	-86.09019769
5.40659346	-82.89583079
5.41391946	-81.67645325
5.42124547	-78.05938949
5.42857148	-83.89921806
5.43589749	-78.98037081
5.44322349	-79.13662886
5.45054950	-77.36175262
5.45787551	-79.97387378
5.46520151	-81.01490395
5.47252752	-75.74804736
5.47985353	-77.67327177
5.48717954	-86.10131096
5.49450554	-90.10292665
5.50183155	-83.62027910
5.50915756	-78.04821843
5.51648357	-80.83823783
5.52380957	-84.60766405
5.53113558	-78.09383465
5.53846159	-80.34355616
5.54578760	-82.59164882
5.55311360	-84.24470462
5.56043961	-81.25981892
5.56776562	-77.18988130
5.57509163	-76.65689578
5.58241763	-81.25633864
5.58974364	-86.11222154
5.59706965	-77.56788859
5.60439566	-79.30755867
5.61172166	-93.12996068
5.61904767	-79.77055978
5.62637368	-77.61308253
5.63369968	-90.76034120
5.64102569	-79.74949506
5.64835170	-75.47147103
5.65567771	-76.23800058
5.66300371	-84.29209034
5.67032972	-81.38444510
5.67765573	-79.18042697
5.68498174	-82.18447483
5.69230774	-82.75033603
5.69963375	-81.01755281
5.70695976	-83.16367615
5.71428577	-91.74076824
5.72161177	-82.96205969
5.72893778	-77.47354695
5.73626379	-80.01895777
5.74358980	-96.31221469
5.75091580	-82.70472291
5.75824181	-84.45995060
5.76556782	-83.77393324
5.77289383	-86.01761432
5.78021983	-76.46516092
5.78754584	-77.43289181
5.79487185	-90.82317952
5.80219785	-86.49093893
5.80952386	-93.78813455
5.81684987	-77.86400672
5.82417588	-76.75256139
5.83150188	-78.54686561
5.83882789	-75.52891232
5.84615390	-78.15441342
5.85347991	-88.30487991
5.86080591	-80.62306303
5.86813192	-78.17290089
5.87545793	-83.82942779
5.88278394	-98.83169284
5.89010994	-83.16981420
5.89743595	-80.15363803
5.90476196	-89.42412676
5.91208797	-80.61980546
5.91941397	-79.30227398
5.92673998	-83.17448371
5.93406599	-90.64230608
5.94139200	-84.91381269
5.94871800	-91.87620138
5.95604401	-94.55093518
5.96337002	-82.69172325
5.97069602	-76.28117357
5.97802203	-76.16175027
5.98534804	-82.98535398
5.99267405	-84.29286412
6.00000005	-85.43967421
6.00732606	-86.84586615
6.01465207	-79.87506274
6.02197808	-80.33728927
6.02930408	-83.36251560
6.03663009	-87.15585693
6.04395610	-85.75863440
6.05128211	-79.27971847
6.05860811	-77.50674857
6.06593412	-80.94491371
6.07326013	-87.37135132
6.08058614	-74.91447131
6.08791214	-73.99536960
6.09523815	-78.78046264
6.10256416	-82.91233306
6.10989017	-87.30995878
6.11721617	-87.81066640
6.12454218	-80.59021216
6.13186819	-80.89134719
6.13919419	-89.77065664
6.14652020	-81.15176100
6.15384621	-81.44279688
6.16117222	-81.00724008
6.16849822	-79.25225110
6.17582423	-79.25185684
6.18315024	-78.90126058
6.19047625	-78.72162614
6.19780225	-81.03488764
6.20512826	-88.24826602
6.21245427	-89.45749856
6.21978028	-85.52966345
6.22710628	-83.40158515
6.23443229	-80.81295822
6.24175830	-85.76384652
6.24908431	-87.47102140
6.25641031	-91.12099919
6.26373632	-77.13347947
6.27106233	-78.56725580
6.27838834	-88.39490506
6.28571434	-84.35239140
6.29304035	-84.83341944
6.30036636	-79.45934129
6.30769236	-88.14434302
6.31501837	-78.52777666
6.32234438	-80.53625525
6.32967039	-87.58541122
6.33699639	-84.77364633
6.34432240	-85.60243059
6.35164841	-100.58215362
6.35897442	-83.57847245
6.36630042	-82.26666455
6.37362643	-81.28125180
6.38095244	-80.35054491
6.38827845	-87.72997046
6.39560445	-85.98286389
6.40293046	-81.27281876
6.41025647	-83.33361271
6.41758248	-89.14518078
6.42490848	-100.09831355
6.43223449	-84.88606983
6.43956050	-83.11312858
6.44688651	-92.77048366
6.45421251	-89.53837532
6.46153852	-90.18925316
6.46886453	-83.92861647
6.47619053	-94.63970287
6.48351654	-82.62575854
6.49084255	-79.73290599
6.49816856	-80.49498865
6.50549456	-89.19650169
6.51282057	-87.70599897
6.52014658	-90.88353738
6.52747259	-81.08286457
6.53479859	-81.56150454
6.54212460	-94.17709229
6.54945061	-79.17901205
6.55677662	-80.03032505
6.56410262	-84.57232545
6.57142863	-78.87305486
6.57875464	-80.40589426
6.58608065	-78.08246176
6.59340665	-76.50498504
6.60073266	-81.62946810
6.60805867	-87.75428114
6.61538468	-83.43628925
6.62271068	-85.76294275
6.63003669	-76.59899916
6.63736270	-79.81231293
6.64468870	-91.81949664
6.65201471	-91.94571701
6.65934072	-80.08201677
6.66666673	-84.25755289
6.67399273	-79.74865714
6.68131874	-74.29277978
6.68864475	-82.93754285
6.69597076	-75.73600679
6.70329676	-73.26188417
6.71062277	-82.52196450
6.71794878	-85.70134429
6.72527479	-84.81644123
6.73260079	-86.18561624
6.73992680	-81.84728397
6.74725281	-75.89895197
6.75457882	-78.38461012
6.76190482	-83.83604461
6.76923083	-82.80304453
6.77655684	-96.54540830
6.78388285	-83.09905109
6.79120885	-78.71211945
6.79853486	-79.36375536
6.80586087	-81.51759900
6.81318687	-79.38658012
6.82051288	-78.50468714
6.82783889	-91.48320229
6.83516490	-77.86317788
6.84249090	-76.01327459
6.84981691	-95.10336753
6.85714292	-79.57962612
6.86446893	-85.62415676
6.87179493	-85.72478644
6.87912094	-100.41926855
6.88644695	-79.42277226
6.89377296	-79.96232625
6.90109896	-87.20041612
6.90842497	-85.30143614
6.91575098	-86.39776327
6.92307699	-85.51432697
6.93040299	-76.59264874
6.93772900	-82.60934256
6.94505501	-81.29316170
6.95238102	-78.10711145
6.95970702	-81.47618825
6.96703303	-78.99813268
6.97435904	-80.62071407
6.98168504	-86.32407623
6.98901105	-89.67374388
6.99633706	-85.43595908
7.00366307	-82.19331274
7.01098907	-84.78300543
7.01831508	-89.10431846
7.02564109	-90.22912028
7.03296710	-86.67174127
7.04029310	-80.09655334
7.04761911	-77.32767366
7.05494512	-80.93243900
7.06227113	-81.04055610
7.06959713	-78.49161630
7.07692314	-81.23432945
7.08424915	-81.93504821
7.09157516	-78.43613313
7.09890116	-82.11662990
7.10622717	-86.08250514
7.11355318	-79.48036729
7.12087919	-82.98980782
7.12820519	-90.36594105
7.13553120	-88.63065717
7.14285721	-85.57152144
7.15018321	-86.04863379
7.15750922	-95.55684909
7.16483523	-89.42037082
7.17216124	-82.39421766
7.17948724	-79.32376268
7.18681325	-78.49977410
7.19413926	-86.38966488
7.20146527	-80.53370959
7.20879127	-78.73487250
7.21611728	-91.15301165
7.22344329	-80.73018215
7.23076930	-87.80918746
7.23809530	-82.69025571
7.24542131	-75.07357094
7.25274732	-74.71573696
7.26007333	-85.01015504
7.26739933	-79.48530194
7.27472534	-76.37247373
7.28205135	-80.22074407
7.28937736	-88.42110543
7.29670336	-80.18304122
7.30402937	-82.64258626
7.31135538	-90.90896260
7.31868138	-85.77475291
7.32600739	-81.30079650
7.33333340	-80.17105979
7.34065941	-76.68745552
7.34798541	-76.33128719
7.35531142	-82.51517813
7.36263743	-90.26608067
7.36996344	-96.14080336
7.37728944	-86.76332220
7.38461545	-84.30199605
7.39194146	-81.46276247
7.39926747	-80.66511374
7.40659347	-79.14396900
7.41391948	-80.88906084
7.42124549	-83.53450653
7.42857150	-86.40296740
7.43589750	-90.40892646
7.44322351	-86.85624034
7.45054952	-87.57867866
7.45787553	-87.19981558
7.46520153	-82.39095938
7.47252754	-94.14810383
7.47985355	-80.65849216
7.48717955	-80.42830296
7.49450556	-88.45040936
7.50183157	-79.92456569
7.50915758	-82.67808176
7.51648358	-90.94739179
7.52380959	-88.85664959
7.53113560	-99.92662472
7.53846161	-84.13927947
7.54578761	-85.55272184
7.55311362	-85.06925558
7.56043963	-81.18745757
7.56776564	-79.86938171
7.57509164	-76.46226484
7.58241765	-75.58890070
7.58974366	-77.62404695
7.59706967	-82.67890065
7.60439567	-84.33133673
7.61172168	-82.93472565
7.61904769	-87.64871388
7.62637370	-85.69797564
7.63369970	-78.85659954
7.64102571	-82.74511183
7.64835172	-107.04899929
7.65567772	-85.97781502
7.66300373	-85.05374593
7.67032974	-87.10714590
7.67765575	-78.32460228
7.68498175	-79.63449249
7.69230776	-80.32033225
7.69963377	-76.44061440
7.70695978	-79.94516434
7.71428578	-82.25268947
7.72161179	-75.50380866
7.72893780	-78.67248640
7.73626381	-77.42668802
7.74358981	-77.26672894
7.75091582	-79.62881333
7.75824183	-89.45813501
7.76556784	-90.82261499
7.77289384	-79.25114858
7.78021985	-77.24334442
7.78754586	-79.34353336
7.79487187	-77.11079842
7.80219787	-75.44859329
7.80952388	-79.19029334
7.81684989	-90.80521441
7.82417589	-85.61008125
7.83150190	-88.05408210
7.83882791	-81.42407051
7.84615392	-81.06827652
7.85347992	-81.56973889
7.86080593	-84.33876310
7.86813194	-82.87241209
7.87545795	-79.07345040
7.88278395	-83.11886885
7.89010996	-100.43513520
7.89743597	-88.17302855
7.90476198	-82.60577320
7.91208798	-82.61294844
7.91941399	-81.18355085
7.92674000	-79.37583121
7.93406601	-77.87966885
7.94139201	-79.84360687
7.94871802	-84.53904795
7.95604403	-78.93055533
7.96337004	-76.76839211
7.97069604	-85.50596180
7.97802205	-82.94840217
7.98534806	-82.57356265
7.99267406	-78.29137081
8.00000007	-84.59655911
8.00732608	-78.39166230
8.01465209	-83.38244833
8.02197809	-81.74650410
8.02930410	-78.63215499
8.03663011	-83.92020266
8.04395612	-93.21819768
8.05128212	-87.79221171
8.05860813	-89.29183047
8.06593414	-78.40893835
8.07326015	-80.24841924
8.08058615	-80.85197297
8.08791216	-74.52420449
8.09523817	-75.72938522
8.10256418	-79.02769250
8.10989018	-82.91917563
8.11721619	-83.51521083
8.12454220	-82.43216031
8.13186821	-78.32406037
8.13919421	-78.75285023
8.14652022	-81.45623576
8.15384623	-79.55619972
8.16117223	-87.36924228
8.16849824	-79.16169232
8.17582425	-80.89029770
8.18315026	-84.94517695
8.19047626	-76.56406583
8.19780227	-79.87999950
8.20512828	-85.28968484
8.21245429	-85.82965492
8.21978029	-80.48956620
8.22710630	-82.96968579
8.23443231	-82.45356883
8.24175832	-78.09950531
8.24908432	-84.55663473
8.25641033	-97.36443299
8.26373634	-88.73669611
8.27106235	-79.74004955
8.27838835	-80.36648322
8.28571436	-91.40191652
8.29304037	-95.41758852
8.30036638	-92.78572218
8.30769238	-84.05648975
8.31501839	-83.09423474
8.32234440	-85.48571780
8.32967040	-82.91656192
8.33699641	-80.47932875
8.34432242	-80.89665488
8.35164843	-84.07435836
8.35897443	-80.32801141
8.36630044	-82.17127249
8.37362645	-88.42717809
8.38095246	-86.34861888
8.38827846	-82.18382766
8.39560447	-81.76307686
8.40293048	-77.22191477
8.41025649	-74.96290709
8.41758249	-77.31250041
8.42490850	-86.05026664
8.43223451	-92.44919905
8.43956052	-80.16225720
8.44688652	-75.65900891
8.45421253	-77.16218671
8.46153854	-80.52839185
8.46886455	-80.76241032
8.47619055	-89.73826824
8.48351656	-87.82441005
8.49084257	-88.76423208
8.49816857	-87.20522012
8.50549458	-82.55474466
8.51282059	-87.96152856
8.52014660	-84.72596270
8.52747260	-85.46723641
8.53479861	-96.68370691
8.54212462	-87.44221611
8.54945063	-83.08439096
8.55677663	-80.68397412
8.56410264	-81.60052005
8.57142865	-79.38577097
8.57875466	-81.61566711
8.58608066	-95.72149386
8.59340667	-83.61515536
8.60073268	-86.59187698
8.60805869	-83.69246878
8.61538469	-81.19980586
8.62271070	-87.79682898
8.63003671	-86.71897232
8.63736272	-84.65832262
8.64468872	-79.13441952
8.65201473	-102.02380462
8.65934074	-81.31390866
8.66666675	-82.94019306
8.67399275	-79.22812747
8.68131876	-88.38765984
8.68864477	-91.99736611
8.69597077	-81.77007444
8.70329678	-75.30555572
8.71062279	-83.73342642
8.71794880	-80.97054748
8.72527480	-79.92991272
8.73260081	-76.04168149
8.73992682	-77.71713500
8.74725283	-95.91214826
8.75457883	-81.83732550
8.76190484	-88.65769159
8.76923085	-90.22336426
8.77655686	-85.06271762
8.78388286	-76.98022464
8.79120887	-74.54167809
8.79853488	-75.94245202
8.80586089	-83.62297530
8.81318689	-80.62907267
8.82051290	-78.74851674
8.82783891	-89.56129578
8.83516492	-91.78529641
8.84249092	-92.13419006
8.84981693	-86.62445391
8.85714294	-81.15924920
8.86446894	-78.60250954
8.87179495	-85.03599244
8.87912096	-95.85056745
8.88644697	-97.51586312
8.89377297	-97.27798300
8.90109898	-90.65284693
8.90842499	-80.07307724
8.91575100	-78.09998873
8.92307700	-80.86551855
8.93040301	-88.00883058
8.93772902	-84.75327800
8.94505503	-82.05984569
8.95238103	-94.67042920
8.95970704	-81.18389559
8.96703305	-78.80622901
8.97435906	-82.70447525
8.98168506	-83.26993573
8.98901107	-81.04547524
8.99633708	-86.67641145
9.00366309	-80.73029807
9.01098909	-83.20195309
9.01831510	-87.33845948
9.02564111	-84.74044901
9.03296711	-77.82069615
9.04029312	-76.26746704
9.04761913	-76.02886099
9.05494514	-76.87630543
9.06227114	-83.68519050
9.06959715	-81.23059759
9.07692316	-81.41465808
9.08424917	-93.40594331
9.09157517	-88.37484850
9.09890118	-99.85240774
9.10622719	-85.90576162
9.11355320	-90.56598919
9.12087920	-83.34469408
9.12820521	-75.54411379
9.13553122	-72.51072296
9.14285723	-76.36166843
9.15018323	-82.86494294
9.15750924	-81.62903055
9.16483525	-95.52484515
9.17216126	-81.31820916
9.17948726	-81.12763062
9.18681327	-84.30088999
9.19413928	-90.38392789
9.20146528	-85.43437678
9.20879129	-81.16290896
9.21611730	-82.47559259
9.22344331	-93.03083051
9.23076931	-104.55432354
9.23809532	-87.87028276
9.24542133	-81.68285376
9.25274734	-78.21795147
9.26007334	-77.23215996
9.26739935	-80.54350752
9.27472536	-84.73671029
9.28205137	-81.71112096
9.28937737	-79.86067906
9.29670338	-85.84264549
9.30402939	-80.61871105
9.31135540	-80.14589830
9.31868140	-85.45362546
9.32600741	-80.64551833
9.33333342	-84.60253538
9.34065943	-80.22393913
9.34798543	-80.44618664
9.35531144	-84.74048160
9.36263745	-81.05152719
9.36996345	-79.71379331
9.37728946	-79.38927323
9.38461547	-81.63843053
9.39194148	-80.07681073
9.39926748	-80.15639257
9.40659349	-85.52623242
9.41391950	-87.74558300
9.42124551	-94.12647731
9.42857151	-86.72767854
9.43589752	-92.22881998
9.44322353	-78.69437531
9.45054954	-77.08357910
9.45787554	-79.75202929
9.46520155	-83.05995713
9.47252756	-88.31306589
9.47985357	-101.18915496
9.48717957	-88.71508329
9.49450558	-82.50107399
9.50183159	-83.82373588
9.50915760	-86.60046804
9.51648360	-83.12771018
9.52380961	-100.49857963
9.53113562	-83.42697118
9.53846162	-84.53553085
9.54578763	-85.24543617
9.55311364	-81.25233014
9.56043965	-85.31264555
9.56776565	-78.64980733
9.57509166	-76.15858942
9.58241767	-84.16766098
9.58974368	-87.21229648
9.59706968	-84.15302204
9.60439569	-83.68201786
9.61172170	-80.72433899
9.61904771	-76.74598848
9.62637371	-78.95068792
9.63369972	-89.69073977
9.64102573	-92.74956776
9.64835174	-101.62920909
9.65567774	-96.78612759
9.66300375	-88.34752917
9.67032976	-80.75622947
9.67765577	-79.87489738
9.68498177	-82.55704523
9.69230778	-96.36248946
9.69963379	-79.89143957
9.70695979	-76.77770712
9.71428580	-81.29077282
9.72161181	-98.36822101
9.72893782	-89.71553025
9.73626382	-82.42774006
9.74358983	-82.71520443
9.75091584	-95.44539591
9.75824185	-83.10597206
9.76556785	-77.52199120
9.77289386	-78.23891481
9.78021987	-86.68353821
9.78754588	-84.03170600
9.79487188	-86.57410107
9.80219789	-89.48765954
9.80952390	-81.87276088
9.81684991	-82.42053300
9.82417591	-85.89642543
9.83150192	-83.07200278
9.83882793	-95.58395232
9.84615394	-93.83313206
9.85347994	-85.39455088
9.86080595	-80.60904343
9.86813196	-89.77163559
9.87545796	-87.46108585
9.88278397	-85.62365377
9.89010998	-88.30876697
9.89743599	-87.49117822
9.90476199	-87.16493008
9.91208800	-87.72648224
9.91941401	-80.83651809
9.92674002	-77.64187580
9.93406602	-84.43906613
9.94139203	-80.92673677
9.94871804	-78.57332230
9.95604405	-89.69439274
9.96337005	-95.99811352
9.97069606	-86.83193121
9.97802207	-83.97955235
9.98534808	-95.88007416
9.99267408	-80.50953155
10.00000009	-82.33540033
10.00732610	-84.50272812
10.01465211	-81.31001422
10.02197811	-84.38959031
10.02930412	-88.20440454
10.03663013	-86.35895103
10.04395613	-84.48218192
10.05128214	-84.63517054
10.05860815	-83.26995548
10.06593416	-80.28282587
10.07326016	-78.80190889
10.08058617	-85.33639589
10.08791218	-80.84845142
10.09523819	-81.62528974
10.10256419	-88.47627255
10.10989020	-89.59498097
10.11721621	-82.85570592
10.12454222	-81.90814852
10.13186822	-86.93416562
10.13919423	-76.84703600
10.14652024	-78.78551136
10.15384625	-91.64324231
10.16117225	-87.26295095
10.16849826	-83.72275318
10.17582427	-77.26319828
10.18315028	-76.47341432
10.19047628	-78.04146547
10.19780229	-76.30522196
10.20512830	-81.46440502
10.21245430	-79.86482272
10.21978031	-81.67234898
10.22710632	-110.29845855
10.23443233	-85.97664488
10.24175833	-83.18210838
10.24908434	-80.95284331
10.25641035	-83.39347776
10.26373636	-77.45211519
10.27106236	-76.87285596
10.27838837	-90.00310135
10.28571438	-80.92322713
10.29304039	-82.23484950
10.30036639	-79.32892931
10.30769240	-85.89982258
10.31501841	-86.11666177
10.32234442	-82.98997053
10.32967042	-82.96485606
10.33699643	-90.50324866
10.34432244	-87.80233371
10.35164845	-84.15206657
10.35897445	-87.03580502
10.36630046	-82.61412957
10.37362647	-79.37348100
10.38095247	-82.25174732
10.38827848	-98.40173227
10.39560449	-90.21615146
10.40293050	-84.99330960
10.41025650	-78.86951678
10.41758251	-77.71129117
10.42490852	-79.76310847
10.43223453	-80.84655096
10.43956053	-84.05012386
10.44688654	-89.07134588
10.45421255	-83.75174332
10.46153856	-92.38696173
10.46886456	-82.71934831
10.47619057	-82.14498534
10.48351658	-81.21752032
10.49084259	-75.69095432
10.49816859	-78.83483683
10.50549460	-77.83930166
10.51282061	-77.89559651
10.52014662	-73.65371711
10.52747262	-74.90843142
10.53479863	-88.31853323
10.54212464	-79.29012345
10.54945064	-80.69458303
10.55677665	-80.27469385
10.56410266	-79.16568403
10.57142867	-80.26556233
10.57875467	-75.45961036
10.58608068	-75.25669999
10.59340669	-80.84219196
10.60073270	-89.28509885
10.60805870	-79.43119597
10.61538471	-83.39316444
10.62271072	-83.24337204
10.63003673	-88.31320290
10.63736273	-83.02110941
10.64468874	-81.17036490
10.65201475	-80.94916947
10.65934076	-77.36774743
10.66666676	-78.29680421
10.67399277	-84.30908248
10.68131878	-79.88701909
10.68864479	-75.21578693
10.69597079	-80.41433283
10.70329680	-82.04660868
10.71062281	-91.16640535
10.71794881	-81.71168493
10.72527482	-90.97931191
10.73260083	-81.13463196
10.73992684	-86.76368273
10.74725284	-88.04708195
10.75457885	-82.86535445
10.76190486	-81.23385639
10.76923087	-85.86532023
10.77655687	-93.18417725
10.78388288	-85.67373852
10.79120889	-79.73052146
10.79853490	-79.07279390
10.80586090	-86.14485908
10.81318691	-78.56051090
10.82051292	-75.76059669
10.82783893	-74.93555846
10.83516493	-76.19140777
10.84249094	-90.28189886
10.84981695	-79.75887761
10.85714296	-81.80364994
10.86446896	-92.05875586
10.87179497	-83.16119446
10.87912098	-75.28861054
10.88644698	-75.16620735
10.89377299	-80.83216107
10.90109900	-103.07433864
10.90842501	-80.12197619
10.91575101	-78.57230218
10.92307702	-86.73516685
10.93040303	-84.46563082
10.93772904	-79.59951882
10.94505504	-78.56951954
10.95238105	-85.52984971
10.95970706	-82.70578598
10.96703307	-81.84264589
10.97435907	-82.97049849
10.98168508	-85.63915193
10.98901109	-78.03340096
10.99633710	-83.18514692
11.00366310	-79.41215119
11.01098911	-76.13436588
11.01831512	-77.83992895
11.02564113	-82.71585062
11.03296713	-78.84667418
11.04029314	-75.70661402
11.04761915	-80.99150181
11.05494515	-79.39086526
11.06227116	-80.35535445
11.06959717	-83.48298587
11.07692318	-78.27198896
11.08424918	-76.57698611
11.09157519	-84.21995134
11.09890120	-84.45532693
11.10622721	-86.57083225
11.11355321	-77.69498599
11.12087922	-77.47325515
11.12820523	-85.72518702
11.13553124	-84.64291304
11.14285724	-78.79709789
11.15018325	-77.69485395
11.15750926	-78.68538181
11.16483527	-84.96312794
11.17216127	-86.39133190
11.17948728	-92.05796775
11.18681329	-103.61174129
11.19413930	-92.20208999
11.20146530	-87.58869398
11.20879131	-84.49673112
11.21611732	-80.25524598
11.22344332	-76.94943324
11.23076933	-81.19502466
11.23809534	-91.31592981
11.24542135	-81.77332671
11.25274735	-79.23251588
11.26007336	-86.77237692
11.26739937	-78.55075155
11.27472538	-81.55100681
11.28205138	-83.62180824
11.28937739	-86.30547819
11.29670340	-78.78052481
11.30402941	-77.11198241
11.31135541	-95.91114403
11.31868142	-78.11980278
11.32600743	-81.75395112
11.33333344	-83.56127376
11.34065944	-84.18240775
11.34798545	-90.03852324
11.35531146	-81.42378338
11.36263747	-78.39747079
11.36996347	-82.34372449
11.37728948	-86.18460990
11.38461549	-82.13926356
11.39194149	-81.42629917
11.39926750	-85.03939325
11.40659351	-96.70854425
11.41391952	-82.50241481
11.42124552	-75.71762643
11.42857153	-76.35950179
11.43589754	-83.72819649
11.44322355	-84.03450455
11.45054955	-94.22720091
11.45787556	-85.26237689
11.46520157	-80.78112242
11.47252758	-83.99182479
11.47985358	-96.61177231
11.48717959	-87.53180155
11.49450560	-80.83131348
11.50183161	-76.87211660
11.50915761	-77.00518286
11.51648362	-83.63828137
11.52380963	-80.14301501
11.53113564	-78.82885249
11.53846164	-80.85453753
11.54578765	-93.12447189
11.55311366	-82.32976184
11.56043966	-81.90411941
11.56776567	-86.73166114
11.57509168	-76.56324800
11.58241769	-73.96882139
11.58974369	-79.99508902
11.59706970	-79.54105639
11.60439571	-76.96098618
11.61172172	-88.17287442
11.61904772	-77.43654031
11.62637373	-85.60128900
11.63369974	-78.70299981
11.64102575	-83.91128511
11.64835175	-82.75058917
11.65567776	-84.20709512
11.66300377	-86.68104569
11.67032978	-85.94029772
11.67765578	-97.44660951
11.68498179	-86.63663785
11.69230780	-81.87977468
11.69963381	-84.18025621
11.70695981	-82.36701084
11.71428582	-78.12758820
11.72161183	-77.46328009
11.72893783	-79.37063053
11.73626384	-81.31454087
11.74358985	-81.64439458
11.75091586	-82.02855611
11.75824186	-82.20978814
11.76556787	-86.59653753
11.77289388	-87.28401729
11.78021989	-87.43080036
11.78754589	-84.19458633
11.79487190	-76.59020575
11.80219791	-78.78742025
11.80952392	-79.57045140
11.81684992	-80.51203844
11.82417593	-82.15440109
11.83150194	-88.17620662
11.83882795	-87.07930555
11.84615395	-92.29062113
11.85347996	-81.51857632
11.86080597	-82.13515593
11.86813198	-81.65879899
11.87545798	-79.62489581
11.88278399	-89.71805412
11.89011000	-81.66349038
11.89743600	-83.94736215
11.90476201	-92.85072412
11.91208802	-89.85248918
11.91941403	-82.43009622
11.92674003	-86.03979693
11.93406604	-83.47558731
11.94139205	-77.90204672
11.94871806	-77.06867143
11.95604406	-76.26183764
11.96337007	-77.67036813
11.97069608	-76.44170476
11.97802209	-74.78694411
11.98534809	-79.38559747
11.99267410	-79.99192380
12.00000011	-79.52379511
12.00732612	-85.83734592
12.01465212	-84.20706325
12.02197813	-80.15851142
12.02930414	-79.80954260
12.03663015	-83.26383797
12.04395615	-81.61889360
12.05128216	-89.18050837
12.05860817	-88.46760140
12.06593417	-88.62112830
12.07326018	-87.54100296
12.08058619	-81.28954907
12.08791220	-84.02705216
12.09523820	-87.21504273
12.10256421	-87.75430255
12.10989022	-92.07039517
12.11721623	-87.37115309
12.12454223	-87.88657026
12.13186824	-84.32646178
12.13919425	-83.74130676
12.14652026	-95.61247014
12.15384626	-81.20956529
12.16117227	-83.69747140
12.16849828	-95.48132948
12.17582429	-93.17069527
12.18315029	-81.27078052
12.19047630	-78.77361819
12.19780231	-79.42659342
12.20512832	-78.61488607
12.21245432	-79.05416020
12.21978033	-83.35966371
12.22710634	-81.00817074
12.23443235	-88.63487097
12.24175835	-83.42375129
12.24908436	-80.93147136
12.25641037	-86.73744539
12.26373637	-88.46604684
12.27106238	-82.01266643
12.27838839	-82.09901325
12.28571440	-92.49733756
12.29304040	-87.20799941
12.30036641	-86.39049411
12.30769242	-78.37867846
12.31501843	-83.66559463
12.32234443	-88.68572737
12.32967044	-83.80455295
12.33699645	-87.31274090
12.34432246	-91.12336684
12.35164846	-89.95963676
12.35897447	-81.76922546
12.36630048	-83.32625727
12.37362649	-88.93480755
12.38095249	-81.45582226
12.38827850	-82.37730988
12.39560451	-83.86868922
12.40293052	-79.90970381
12.41025652	-79.78986695
12.41758253	-77.27695618
12.42490854	-76.51587069
12.43223454	-84.43427046
12.43956055	-87.27536162
12.44688656	-85.20779583
12.45421257	-98.21455238
12.46153857	-87.12718552
12.46886458	-88.70227429
12.47619059	-81.75204770
12.48351660	-77.79300360
12.49084260	-78.45539486
12.49816861	-84.00248881
12.50549462	-88.56447185
12.51282063	-80.61290459
12.52014663	-77.18623641
12.52747264	-80.59746670
12.53479865	-86.93040029
12.54212466	-89.80785125
12.54945066	-83.23898693
12.55677667	-78.66040588
12.56410268	-78.35682017
12.57142869	-80.05072961
12.57875469	-91.36286734
12.58608070	-82.57091923
12.59340671	-82.17222745
12.60073271	-91.79568657
12.60805872	-79.61745887
12.61538473	-81.46037348
12.62271074	-90.13978315
12.63003674	-86.23516839
12.63736275	-91.51951443
12.64468876	-89.18419797
12.65201477	-81.54105828
12.65934077	-77.71151210
12.66666678	-81.23124294
12.67399279	-79.73597477
12.68131880	-83.36766628
12.68864480	-83.88882875
12.69597081	-83.53536314
12.70329682	-81.17149149
12.71062283	-82.62658005
12.71794883	-86.56786796
12.72527484	-80.56687706
12.73260085	-85.51824306
12.73992686	-82.55218599
12.74725286	-76.53614372
12.75457887	-84.33362052
12.76190488	-80.03049951
12.76923088	-83.68125791
12.77655689	-81.29712581
12.78388290	-79.37859923
12.79120891	-86.36906726
12.79853491	-76.92185525
12.80586092	-77.82655204
12.81318693	-84.84619989
12.82051294	-86.92340172
12.82783894	-85.64902234
12.83516495	-86.67869098
12.84249096	-80.42861101
12.84981697	-80.03487182
12.85714297	-80.11405865
12.86446898	-78.50877738
12.87179499	-78.08213026
12.87912100	-81.38629220
12.88644700	-82.54980860
12.89377301	-79.36146371
12.90109902	-81.24454255
12.90842503	-81.19120621
12.91575103	-77.81338765
12.92307704	-77.79629944
12.93040305	-85.77221456
12.93772905	-82.11797647
12.94505506	-78.72898852
12.95238107	-80.46233216
12.95970708	-82.55300248
12.96703308	-79.45757113
12.97435909	-78.32562067
12.98168510	-79.67533708
12.98901111	-81.75274579
12.99633711	-85.51791140
13.00366312	-80.55867880
13.01098913	-82.50437522
13.01831514	-85.12336692
13.02564114	-91.52432760
13.03296715	-85.64209071
13.04029316	-84.18271896
13.04761917	-92.02721983
13.05494517	-86.38214089
13.06227118	-84.99917510
13.06959719	-78.31787977
13.07692320	-81.08359925
13.08424920	-89.41843089
13.09157521	-80.32133045
13.09890122	-85.80706792
13.10622722	-85.47582131
13.11355323	-78.60837127
13.12087924	-80.36657835
13.12820525	-96.29482273
13.13553125	-89.40028235
13.14285726	-89.99915628
13.15018327	-87.04284205
13.15750928	-83.75842618
13.16483528	-79.36752400
13.17216129	-77.72037189
13.17948730	-88.50567402
13.18681331	-79.37718511
13.19413931	-83.25038407
13.20146532	-85.32118548
13.20879133	-86.63619846
13.21611734	-82.64600142
13.22344334	-82.26750136
13.23076935	-81.47199443
13.23809536	-80.00640894
13.24542137	-83.72336388
13.25274737	-77.60644424
13.26007338	-77.29897381
13.26739939	-79.13704816
13.27472539	-88.09694219
13.28205140	-88.55245481
13.28937741	-86.21867691
13.29670342	-92.09566989
13.30402942	-84.49031994
13.31135543	-79.34184986
13.31868144	-84.65468618
13.32600745	-86.86631857
13.33333345	-83.47749262
13.34065946	-84.67657901
13.34798547	-84.85422556
13.35531148	-83.00598922
13.36263748	-83.07050292
13.36996349	-81.71133856
13.37728950	-82.64512539
13.38461551	-82.82830049
13.39194151	-80.57041850
13.39926752	-86.11957114
13.40659353	-92.22391406
13.41391954	-92.98949327
13.42124554	-84.90043493
13.42857155	-98.45850318
13.43589756	-80.11137247
13.44322356	-79.18851040
13.45054957	-89.53313763
13.45787558	-89.66500282
13.46520159	-86.65096407
13.47252759	-81.50343644
13.47985360	-115.13209514
13.48717961	-78.52233052
13.49450562	-77.64714440
13.50183162	-88.41818962
13.50915763	-81.79294665
13.51648364	-82.36468525
13.52380965	-88.18512321
13.53113565	-83.42405709
13.53846166	-84.40558012
13.54578767	-86.94882818
13.55311368	-78.07862625
13.56043968	-75.84164014
13.56776569	-79.73685159
13.57509170	-87.50202357
13.58241771	-88.42097776
13.58974371	-84.47299109
13.59706972	-77.32737610
13.60439573	-77.72959047
13.61172173	-87.58667896
13.61904774	-85.07724935
13.62637375	-87.80021475
13.63369976	-83.38785851
13.64102576	-104.46416656
13.64835177	-82.69064666
13.65567778	-88.36301205
13.66300379	-87.79726236
13.67032979	-80.81959182
13.67765580	-80.36826090
13.68498181	-82.97755951
13.69230782	-75.72919473
13.69963382	-80.10799305
13.70695983	-84.03680863
13.71428584	-83.06392749
13.72161185	-76.78779101
13.72893785	-75.22391836
13.73626386	-89.88065028
13.74358987	-79.27414510
13.75091588	-81.71934081
13.75824188	-96.17387242
13.76556789	-94.65753471
13.77289390	-86.23437626
13.78021990	-83.87741593
13.78754591	-78.30376898
13.79487192	-75.91058199
13.80219793	-77.31213512
13.80952393	-83.09512895
13.81684994	-90.85827457
13.82417595	-87.33288916
13.83150196	-89.31436044
13.83882796	-91.68565567
13.84615397	-89.97650952
13.85347998	-81.50476464
13.86080599	-82.09339016
13.86813199	-87.77420300
13.87545800	-93.78938861
13.88278401	-86.85096988
13.89011002	-81.55594805
13.89743602	-79.21734381
13.90476203	-82.50241959
13.91208804	-91.53889115
13.91941405	-81.25332244
13.92674005	-88.71011977
13.93406606	-86.01566983
13.94139207	-92.60779328
13.94871807	-83.88085782
13.95604408	-86.04645126
13.96337009	-87.00972937
13.97069610	-79.89601509
13.97802210	-80.12020272
13.98534811	-82.48186580
13.99267412	-84.96439880
14.00000013	-81.15577872
14.00732613	-81.49718748
14.01465214	-111.09522815
14.02197815	-83.15325468
14.02930416	-82.71571709
14.03663016	-79.85173020
14.04395617	-80.74076292
14.05128218	-87.67952703
14.05860819	-93.19339858
14.06593419	-83.89160481
14.07326020	-82.66564653
14.08058621	-83.10295269
14.08791222	-84.05175131
14.09523822	-86.91587849
14.10256423	-100.68349040
14.10989024	-90.19339606
14.11721624	-90.92545649
14.12454225	-83.05684502
14.13186826	-94.20548852
14.13919427	-82.69410447
14.14652027	-80.57119464
14.15384628	-80.39906731
14.16117229	-82.09513411
14.16849830	-81.14165058
14.17582430	-82.21908847
14.18315031	-91.20621857
14.19047632	-84.12896447
14.19780233	-81.12368797
14.20512833	-82.21887639
14.21245434	-78.73705910
14.21978035	-74.14597102
14.22710636	-77.33012969
14.23443236	-92.23442194
14.24175837	-84.14208730
14.24908438	-96.06340197
14.25641039	-81.15586250
14.26373639	-80.36393757
14.27106240	-81.31966049
14.27838841	-96.09902838
14.28571441	-81.61298663
14.29304042	-81.72905267
14.30036643	-85.68372658
14.30769244	-81.81903207
14.31501844	-93.24561066
14.32234445	-80.80004978
14.32967046	-84.16646322
14.33699647	-84.00006929
14.34432247	-78.22704718
14.35164848	-75.92094379
14.35897449	-77.60936954
14.36630050	-80.74775118
14.37362650	-85.50092321
14.38095251	-75.36926095
14.38827852	-78.34097072
14.39560453	-81.59137537
14.40293053	-75.58036740
14.41025654	-82.41518923
14.41758255	-82.98621196
14.42490856	-77.08355336
14.43223456	-79.18963080
14.43956057	-85.80464563
14.44688658	-89.76820051
14.45421258	-82.41651492
14.46153859	-84.44362423
14.46886460	-87.35489009
14.47619061	-82.57508159
14.48351661	-97.91043088
14.49084262	-84.55329988
14.49816863	-93.20506104
14.50549464	-81.74508366
14.51282064	-85.43329670
14.52014665	-84.59192018
14.52747266	-76.74737814
14.53479867	-79.62846937
14.54212467	-80.97307997
14.54945068	-74.89349803
14.55677669	-79.82956147
14.56410270	-82.20497179
14.57142870	-83.25502157
14.57875471	-81.92007656
14.58608072	-80.93476632
14.59340673	-82.65930419
14.60073273	-87.10415348
14.60805874	-83.42399590
14.61538475	-86.96857537
14.62271075	-91.34159819
14.63003676	-101.01045731
14.63736277	-86.53235216
14.64468878	-82.18877572
14.65201478	-81.27313423
14.65934079	-88.68050417
14.66666680	-80.88428300
14.67399281	-77.03017683
14.68131881	-80.09795698
14.68864482	-85.48045962
14.69597083	-89.62603244
14.70329684	-78.33687396
14.71062284	-77.62549091
14.71794885	-84.62604812
14.72527486	-98.48912197
14.73260087	-93.58783387
14.73992687	-89.94328602
14.74725288	-81.83844582
14.75457889	-80.51313853
14.76190490	-95.30323313
14.76923090	-86.56056516
14.77655691	-90.17065370
14.78388292	-84.55568320
14.79120892	-93.67044964
14.79853493	-81.57861265
14.80586094	-82.03091415
14.81318695	-85.97729965
14.82051295	-81.10548219
14.82783896	-90.81650659
14.83516497	-83.20640417
14.84249098	-78.00114269
14.84981698	-77.47524351
14.85714299	-81.48829617
14.86446900	-77.33903193
14.87179501	-82.83893403
14.87912101	-84.49471886
14.88644702	-84.25172519
14.89377303	-83.01055130
14.90109904	-76.84153779
14.90842504	-83.13390581
14.91575105	-79.68027521
14.92307706	-80.76657575
14.93040307	-90.13969923
14.93772907	-85.04695084
14.94505508	-88.65665273
14.95238109	-79.30125462
14.95970709	-81.19644880
14.96703310	-78.34066116
14.97435911	-80.36173713
14.98168512	-88.16258945
14.98901112	-79.86325905
14.99633713	-83.38710790
