# Menlo Systems GmbH ScanControl
# Program Version 1.3.3
# Start: -65.00000000 ps, Average over 1000 waveforms. Timestamp: 2020-01-08T14:48:13
# Time [ps]	THz Signal [a.u.]
-65.06666578	0.00000000
-65.03333244	0.00000002
-64.99999911	0.00000007
-64.96666578	0.00000012
-64.93333244	0.00000023
-64.89999911	0.00000025
-64.86666578	0.00000056
-64.83333245	0.00000043
-64.79999911	0.00000049
-64.76666578	0.00000028
-64.73333245	0.00000041
-64.69999911	0.00000012
-64.66666578	0.00000017
-64.63333245	0.00000006
-64.59999911	0.00000006
-64.56666578	-0.00000039
-64.53333245	-0.00000011
-64.49999912	-0.00000150
-64.46666578	-0.00000122
-64.43333245	-0.00000251
-64.39999912	-0.00000321
-64.36666578	-0.00000186
-64.33333245	-0.00000360
-64.29999912	-0.00000424
-64.26666578	-0.00000767
-64.23333245	-0.00000964
-64.19999912	-0.00000754
-64.16666579	-0.00001286
-64.13333245	-0.00001494
-64.09999912	-0.00001630
-64.06666579	-0.00001562
-64.03333245	-0.00001883
-63.99999912	-0.00002383
-63.96666579	-0.00002528
-63.93333246	-0.00003224
-63.89999912	-0.00003594
-63.86666579	-0.00003612
-63.83333246	-0.00003825
-63.79999912	-0.00004313
-63.76666579	-0.00004804
-63.73333246	-0.00005479
-63.69999912	-0.00005432
-63.66666579	-0.00006317
-63.63333246	-0.00007009
-63.59999913	-0.00008234
-63.56666579	-0.00007869
-63.53333246	-0.00009336
-63.49999913	-0.00009820
-63.46666579	-0.00008388
-63.43333246	-0.00009604
-63.39999913	-0.00010739
-63.36666579	-0.00011442
-63.33333246	-0.00011089
-63.29999913	-0.00012580
-63.26666580	-0.00011413
-63.23333246	-0.00012653
-63.19999913	-0.00013017
-63.16666580	-0.00012228
-63.13333246	-0.00013202
-63.09999913	-0.00013019
-63.06666580	-0.00013882
-63.03333247	-0.00012903
-62.99999913	-0.00014204
-62.96666580	-0.00013880
-62.93333247	-0.00016096
-62.89999913	-0.00013577
-62.86666580	-0.00014199
-62.83333247	-0.00015663
-62.79999913	-0.00015062
-62.76666580	-0.00014209
-62.73333247	-0.00011222
-62.69999914	-0.00011189
-62.66666580	-0.00010184
-62.63333247	-0.00009135
-62.59999914	-0.00009848
-62.56666580	-0.00006881
-62.53333247	-0.00007169
-62.49999914	-0.00005703
-62.46666580	-0.00001895
-62.43333247	-0.00001542
-62.39999914	0.00001108
-62.36666581	0.00001821
-62.33333247	0.00003875
-62.29999914	0.00010165
-62.26666581	0.00010098
-62.23333247	0.00008983
-62.19999914	0.00012756
-62.16666581	0.00015812
-62.13333248	0.00018053
-62.09999914	0.00020631
-62.06666581	0.00021111
-62.03333248	0.00021871
-61.99999914	0.00028044
-61.96666581	0.00031768
-61.93333248	0.00032719
-61.89999914	0.00038669
-61.86666581	0.00039910
-61.83333248	0.00041442
-61.79999915	0.00042237
-61.76666581	0.00048315
-61.73333248	0.00047711
-61.69999915	0.00048682
-61.66666581	0.00056610
-61.63333248	0.00060265
-61.59999915	0.00063704
-61.56666581	0.00062138
-61.53333248	0.00062431
-61.49999915	0.00067509
-61.46666582	0.00069950
-61.43333248	0.00074818
-61.39999915	0.00072606
-61.36666582	0.00078370
-61.33333248	0.00082562
-61.29999915	0.00080375
-61.26666582	0.00084649
-61.23333249	0.00087844
-61.19999915	0.00086827
-61.16666582	0.00089622
-61.13333249	0.00090717
-61.09999915	0.00094005
-61.06666582	0.00095757
-61.03333249	0.00095390
-60.99999915	0.00097737
-60.96666582	0.00096790
-60.93333249	0.00098315
-60.89999916	0.00102725
-60.86666582	0.00101352
-60.83333249	0.00098421
-60.79999916	0.00094838
-60.76666582	0.00090690
-60.73333249	0.00094644
-60.69999916	0.00089579
-60.66666582	0.00091532
-60.63333249	0.00086836
-60.59999916	0.00083391
-60.56666583	0.00081091
-60.53333249	0.00082209
-60.49999916	0.00070183
-60.46666583	0.00067021
-60.43333249	0.00065418
-60.39999916	0.00060718
-60.36666583	0.00060579
-60.33333250	0.00047113
-60.29999916	0.00043689
-60.26666583	0.00038753
-60.23333250	0.00023935
-60.19999916	0.00019432
-60.16666583	0.00016147
-60.13333250	0.00011006
-60.09999916	-0.00007662
-60.06666583	-0.00009225
-60.03333250	-0.00016777
-59.99999917	-0.00027341
-59.96666583	-0.00038479
-59.93333250	-0.00053761
-59.89999917	-0.00056228
-59.86666583	-0.00063587
-59.83333250	-0.00066292
-59.79999917	-0.00072964
-59.76666583	-0.00073878
-59.73333250	-0.00082231
-59.69999917	-0.00088945
-59.66666584	-0.00096870
-59.63333250	-0.00103643
-59.59999917	-0.00114547
-59.56666584	-0.00119267
-59.53333250	-0.00116400
-59.49999917	-0.00123542
-59.46666584	-0.00133300
-59.43333251	-0.00129343
-59.39999917	-0.00141192
-59.36666584	-0.00136285
-59.33333251	-0.00147847
-59.29999917	-0.00146061
-59.26666584	-0.00151842
-59.23333251	-0.00145776
-59.19999917	-0.00151314
-59.16666584	-0.00150245
-59.13333251	-0.00163685
-59.09999918	-0.00162055
-59.06666584	-0.00158320
-59.03333251	-0.00154004
-58.99999918	-0.00164862
-58.96666584	-0.00160521
-58.93333251	-0.00160021
-58.89999918	-0.00150625
-58.86666585	-0.00143522
-58.83333251	-0.00145845
-58.79999918	-0.00143850
-58.76666585	-0.00128320
-58.73333251	-0.00141935
-58.69999918	-0.00136685
-58.66666585	-0.00133758
-58.63333251	-0.00135378
-58.59999918	-0.00135188
-58.56666585	-0.00136067
-58.53333252	-0.00132773
-58.49999918	-0.00131719
-58.46666585	-0.00125888
-58.43333252	-0.00137550
-58.39999918	-0.00134926
-58.36666585	-0.00130089
-58.33333252	-0.00134452
-58.29999918	-0.00148310
-58.26666585	-0.00124419
-58.23333252	-0.00133533
-58.19999919	-0.00131003
-58.16666585	-0.00134523
-58.13333252	-0.00123402
-58.09999919	-0.00134465
-58.06666585	-0.00141560
-58.03333252	-0.00141904
-57.99999919	-0.00138233
-57.96666586	-0.00146594
-57.93333252	-0.00147449
-57.89999919	-0.00151359
-57.86666586	-0.00144155
-57.83333252	-0.00147300
-57.79999919	-0.00153651
-57.76666586	-0.00151546
-57.73333252	-0.00144247
-57.69999919	-0.00151679
-57.66666586	-0.00158311
-57.63333253	-0.00162593
-57.59999919	-0.00156134
-57.56666586	-0.00163814
-57.53333253	-0.00160698
-57.49999919	-0.00152001
-57.46666586	-0.00156650
-57.43333253	-0.00153396
-57.39999919	-0.00143083
-57.36666586	-0.00145803
-57.33333253	-0.00139463
-57.29999920	-0.00129576
-57.26666586	-0.00123440
-57.23333253	-0.00106427
-57.19999920	-0.00112096
-57.16666586	-0.00097680
-57.13333253	-0.00079576
-57.09999920	-0.00074219
-57.06666587	-0.00074620
-57.03333253	-0.00070681
-56.99999920	-0.00054461
-56.96666587	-0.00059600
-56.93333253	-0.00062709
-56.89999920	-0.00059037
-56.86666587	-0.00055531
-56.83333253	-0.00051929
-56.79999920	-0.00034372
-56.76666587	-0.00031530
-56.73333254	-0.00023356
-56.69999920	-0.00023502
-56.66666587	-0.00010188
-56.63333254	-0.00016587
-56.59999920	0.00000119
-56.56666587	-0.00012046
-56.53333254	-0.00000276
-56.49999920	0.00005175
-56.46666587	0.00006208
-56.43333254	0.00011502
-56.39999921	0.00019887
-56.36666587	0.00019537
-56.33333254	0.00022195
-56.29999921	0.00018753
-56.26666587	0.00024631
-56.23333254	0.00017375
-56.19999921	0.00034335
-56.16666588	0.00030458
-56.13333254	0.00037628
-56.09999921	0.00039486
-56.06666588	0.00040811
-56.03333254	0.00052761
-55.99999921	0.00047906
-55.96666588	0.00045278
-55.93333254	0.00055577
-55.89999921	0.00048191
-55.86666588	0.00057011
-55.83333255	0.00053294
-55.79999921	0.00040591
-55.76666588	0.00041198
-55.73333255	0.00043116
-55.69999921	0.00049641
-55.66666588	0.00051075
-55.63333255	0.00059375
-55.59999921	0.00054310
-55.56666588	0.00057302
-55.53333255	0.00066636
-55.49999922	0.00063390
-55.46666588	0.00059191
-55.43333255	0.00059203
-55.39999922	0.00067009
-55.36666588	0.00063437
-55.33333255	0.00070797
-55.29999922	0.00062934
-55.26666589	0.00072777
-55.23333255	0.00072645
-55.19999922	0.00083240
-55.16666589	0.00075359
-55.13333255	0.00080212
-55.09999922	0.00081287
-55.06666589	0.00077617
-55.03333255	0.00077632
-54.99999922	0.00078136
-54.96666589	0.00078838
-54.93333256	0.00078787
-54.89999922	0.00075281
-54.86666589	0.00072621
-54.83333256	0.00074236
-54.79999922	0.00075444
-54.76666589	0.00078834
-54.73333256	0.00073761
-54.69999922	0.00071356
-54.66666589	0.00075793
-54.63333256	0.00065599
-54.59999923	0.00073640
-54.56666589	0.00069719
-54.53333256	0.00076310
-54.49999923	0.00078039
-54.46666589	0.00069951
-54.43333256	0.00076923
-54.39999923	0.00077032
-54.36666590	0.00062922
-54.33333256	0.00067496
-54.29999923	0.00067082
-54.26666590	0.00070702
-54.23333256	0.00059572
-54.19999923	0.00070253
-54.16666590	0.00070204
-54.13333256	0.00058652
-54.09999923	0.00065018
-54.06666590	0.00061961
-54.03333257	0.00056735
-53.99999923	0.00061288
-53.96666590	0.00059199
-53.93333257	0.00045591
-53.89999923	0.00060883
-53.86666590	0.00058282
-53.83333257	0.00050644
-53.79999923	0.00041724
-53.76666590	0.00042744
-53.73333257	0.00052023
-53.69999924	0.00042255
-53.66666590	0.00041700
-53.63333257	0.00030908
-53.59999924	0.00035644
-53.56666590	0.00022906
-53.53333257	0.00028172
-53.49999924	0.00025395
-53.46666591	0.00022220
-53.43333257	0.00021694
-53.39999924	0.00016273
-53.36666591	0.00016637
-53.33333257	0.00011543
-53.29999924	0.00004204
-53.26666591	0.00005809
-53.23333257	0.00002294
-53.19999924	-0.00001339
-53.16666591	-0.00004925
-53.13333258	-0.00009666
-53.09999924	-0.00016574
-53.06666591	0.00000417
-53.03333258	-0.00013576
-52.99999924	-0.00013266
-52.96666591	-0.00011626
-52.93333258	-0.00016030
-52.89999924	-0.00007000
-52.86666591	-0.00019334
-52.83333258	-0.00011313
-52.79999925	-0.00021952
-52.76666591	-0.00020707
-52.73333258	-0.00019782
-52.69999925	-0.00015296
-52.66666591	-0.00009974
-52.63333258	-0.00021008
-52.59999925	-0.00018903
-52.56666592	-0.00004605
-52.53333258	-0.00014572
-52.49999925	-0.00015226
-52.46666592	-0.00015983
-52.43333258	-0.00008487
-52.39999925	-0.00005912
-52.36666592	0.00000902
-52.33333258	0.00002282
-52.29999925	-0.00009381
-52.26666592	-0.00005519
-52.23333259	-0.00002114
-52.19999925	0.00001110
-52.16666592	0.00009812
-52.13333259	0.00001301
-52.09999925	0.00005907
-52.06666592	0.00015351
-52.03333259	0.00010810
-51.99999925	0.00009388
-51.96666592	0.00017729
-51.93333259	0.00018124
-51.89999926	0.00006009
-51.86666592	0.00017762
-51.83333259	0.00019796
-51.79999926	0.00033573
-51.76666592	0.00041067
-51.73333259	0.00041722
-51.69999926	0.00047637
-51.66666593	0.00044845
-51.63333259	0.00050272
-51.59999926	0.00064707
-51.56666593	0.00070270
-51.53333259	0.00077416
-51.49999926	0.00086607
-51.46666593	0.00088171
-51.43333259	0.00072979
-51.39999926	0.00095721
-51.36666593	0.00098837
-51.33333260	0.00111069
-51.29999926	0.00110584
-51.26666593	0.00114939
-51.23333260	0.00123495
-51.19999926	0.00129382
-51.16666593	0.00132059
-51.13333260	0.00139736
-51.09999927	0.00151482
-51.06666593	0.00158513
-51.03333260	0.00168466
-50.99999927	0.00172174
-50.96666593	0.00174189
-50.93333260	0.00183746
-50.89999927	0.00191389
-50.86666593	0.00200674
-50.83333260	0.00197585
-50.79999927	0.00207297
-50.76666594	0.00214797
-50.73333260	0.00218043
-50.69999927	0.00237022
-50.66666594	0.00239230
-50.63333260	0.00236280
-50.59999927	0.00239463
-50.56666594	0.00256617
-50.53333260	0.00263579
-50.49999927	0.00262099
-50.46666594	0.00275123
-50.43333261	0.00271905
-50.39999927	0.00285907
-50.36666594	0.00291222
-50.33333261	0.00297964
-50.29999927	0.00297906
-50.26666594	0.00300290
-50.23333261	0.00307047
-50.19999928	0.00318430
-50.16666594	0.00302956
-50.13333261	0.00315394
-50.09999928	0.00308271
-50.06666594	0.00306504
-50.03333261	0.00312639
-49.99999928	0.00299450
-49.96666594	0.00298801
-49.93333261	0.00279697
-49.89999928	0.00282137
-49.86666595	0.00266691
-49.83333261	0.00245288
-49.79999928	0.00220929
-49.76666595	0.00217729
-49.73333261	0.00190708
-49.69999928	0.00174777
-49.66666595	0.00150038
-49.63333261	0.00125519
-49.59999928	0.00088103
-49.56666595	0.00063696
-49.53333262	0.00036442
-49.49999928	-0.00002194
-49.46666595	-0.00040358
-49.43333262	-0.00072968
-49.39999928	-0.00105481
-49.36666595	-0.00139044
-49.33333262	-0.00187362
-49.29999929	-0.00232926
-49.26666595	-0.00276234
-49.23333262	-0.00312138
-49.19999929	-0.00352544
-49.16666595	-0.00383701
-49.13333262	-0.00425178
-49.09999929	-0.00463630
-49.06666595	-0.00496912
-49.03333262	-0.00530522
-48.99999929	-0.00559859
-48.96666596	-0.00575521
-48.93333262	-0.00604353
-48.89999929	-0.00629396
-48.86666596	-0.00642210
-48.83333262	-0.00659498
-48.79999929	-0.00664878
-48.76666596	-0.00670892
-48.73333262	-0.00673472
-48.69999929	-0.00659676
-48.66666596	-0.00651665
-48.63333263	-0.00643843
-48.59999929	-0.00620737
-48.56666596	-0.00606502
-48.53333263	-0.00588026
-48.49999929	-0.00556271
-48.46666596	-0.00528841
-48.43333263	-0.00491155
-48.39999930	-0.00457928
-48.36666596	-0.00421923
-48.33333263	-0.00382377
-48.29999930	-0.00340395
-48.26666596	-0.00302342
-48.23333263	-0.00252510
-48.19999930	-0.00212715
-48.16666596	-0.00164811
-48.13333263	-0.00126172
-48.09999930	-0.00083811
-48.06666597	-0.00043217
-48.03333263	-0.00005528
-47.99999930	0.00037215
-47.96666597	0.00074550
-47.93333263	0.00106001
-47.89999930	0.00139200
-47.86666597	0.00176046
-47.83333263	0.00199478
-47.79999930	0.00232095
-47.76666597	0.00260732
-47.73333264	0.00284627
-47.69999930	0.00297946
-47.66666597	0.00325671
-47.63333264	0.00348041
-47.59999930	0.00359068
-47.56666597	0.00373357
-47.53333264	0.00376842
-47.49999931	0.00396309
-47.46666597	0.00416039
-47.43333264	0.00416523
-47.39999931	0.00428331
-47.36666597	0.00426951
-47.33333264	0.00437624
-47.29999931	0.00438239
-47.26666597	0.00440516
-47.23333264	0.00450793
-47.19999931	0.00458307
-47.16666598	0.00467718
-47.13333264	0.00458305
-47.09999931	0.00462956
-47.06666598	0.00465013
-47.03333264	0.00471770
-46.99999931	0.00476350
-46.96666598	0.00477442
-46.93333264	0.00469119
-46.89999931	0.00472878
-46.86666598	0.00479275
-46.83333265	0.00485905
-46.79999931	0.00486430
-46.76666598	0.00491117
-46.73333265	0.00484993
-46.69999931	0.00487619
-46.66666598	0.00499186
-46.63333265	0.00505914
-46.59999932	0.00510914
-46.56666598	0.00520347
-46.53333265	0.00518193
-46.49999932	0.00518834
-46.46666598	0.00527956
-46.43333265	0.00519867
-46.39999932	0.00517848
-46.36666598	0.00519822
-46.33333265	0.00533762
-46.29999932	0.00535801
-46.26666599	0.00543998
-46.23333265	0.00538960
-46.19999932	0.00543209
-46.16666599	0.00547039
-46.13333265	0.00549180
-46.09999932	0.00562335
-46.06666599	0.00556334
-46.03333265	0.00562505
-45.99999932	0.00572136
-45.96666599	0.00568964
-45.93333266	0.00574842
-45.89999932	0.00581486
-45.86666599	0.00592644
-45.83333266	0.00589482
-45.79999932	0.00607882
-45.76666599	0.00613562
-45.73333266	0.00606135
-45.69999933	0.00622144
-45.66666599	0.00628217
-45.63333266	0.00636056
-45.59999933	0.00644978
-45.56666599	0.00653107
-45.53333266	0.00673364
-45.49999933	0.00676111
-45.46666599	0.00676531
-45.43333266	0.00690048
-45.39999933	0.00690584
-45.36666600	0.00706076
-45.33333266	0.00707252
-45.29999933	0.00707249
-45.26666600	0.00701551
-45.23333266	0.00698591
-45.19999933	0.00705638
-45.16666600	0.00693114
-45.13333266	0.00689285
-45.09999933	0.00686394
-45.06666600	0.00680442
-45.03333267	0.00668684
-44.99999933	0.00653589
-44.96666600	0.00646230
-44.93333267	0.00627600
-44.89999933	0.00610887
-44.86666600	0.00596503
-44.83333267	0.00575096
-44.79999934	0.00570277
-44.76666600	0.00542041
-44.73333267	0.00536273
-44.69999934	0.00510107
-44.66666600	0.00497048
-44.63333267	0.00480816
-44.59999934	0.00464800
-44.56666600	0.00445357
-44.53333267	0.00436705
-44.49999934	0.00431402
-44.46666601	0.00420300
-44.43333267	0.00416840
-44.39999934	0.00421896
-44.36666601	0.00438621
-44.33333267	0.00455277
-44.29999934	0.00466627
-44.26666601	0.00498694
-44.23333267	0.00534515
-44.19999934	0.00570655
-44.16666601	0.00607675
-44.13333268	0.00670211
-44.09999934	0.00727098
-44.06666601	0.00784766
-44.03333268	0.00869172
-43.99999934	0.00942069
-43.96666601	0.01039953
-43.93333268	0.01133152
-43.89999935	0.01235733
-43.86666601	0.01349710
-43.83333268	0.01459980
-43.79999935	0.01590242
-43.76666601	0.01706467
-43.73333268	0.01857770
-43.69999935	0.01996390
-43.66666601	0.02159541
-43.63333268	0.02318725
-43.59999935	0.02485523
-43.56666602	0.02646531
-43.53333268	0.02836423
-43.49999935	0.03021556
-43.46666602	0.03209502
-43.43333268	0.03407876
-43.39999935	0.03626793
-43.36666602	0.03842976
-43.33333269	0.04058426
-43.29999935	0.04298244
-43.26666602	0.04545821
-43.23333269	0.04811570
-43.19999935	0.05064969
-43.16666602	0.05347997
-43.13333269	0.05629935
-43.09999935	0.05937231
-43.06666602	0.06244894
-43.03333269	0.06566096
-42.99999936	0.06906718
-42.96666602	0.07257937
-42.93333269	0.07606391
-42.89999936	0.07975495
-42.86666602	0.08357514
-42.83333269	0.08749717
-42.79999936	0.09148864
-42.76666602	0.09554789
-42.73333269	0.09957718
-42.69999936	0.10354131
-42.66666603	0.10740224
-42.63333269	0.11127555
-42.59999936	0.11506171
-42.56666603	0.11837657
-42.53333269	0.12155387
-42.49999936	0.12434473
-42.46666603	0.12648529
-42.43333270	0.12808308
-42.39999936	0.12891122
-42.36666603	0.12907511
-42.33333270	0.12829168
-42.29999936	0.12627599
-42.26666603	0.12318476
-42.23333270	0.11866950
-42.19999936	0.11263588
-42.16666603	0.10503688
-42.13333270	0.09568007
-42.09999937	0.08454115
-42.06666603	0.07147217
-42.03333270	0.05633323
-41.99999937	0.03920040
-41.96666603	0.01987344
-41.93333270	-0.00149629
-41.89999937	-0.02478406
-41.86666603	-0.05023114
-41.83333270	-0.07759593
-41.79999937	-0.10664652
-41.76666604	-0.13725984
-41.73333270	-0.16923628
-41.69999937	-0.20215378
-41.66666604	-0.23617425
-41.63333270	-0.27055340
-41.59999937	-0.30509305
-41.56666604	-0.33947234
-41.53333271	-0.37325193
-41.49999937	-0.40597480
-41.46666604	-0.43732378
-41.43333271	-0.46681729
-41.39999937	-0.49421274
-41.36666604	-0.51897685
-41.33333271	-0.54067868
-41.29999937	-0.55920174
-41.26666604	-0.57411533
-41.23333271	-0.58508546
-41.19999938	-0.59191418
-41.16666604	-0.59464727
-41.13333271	-0.59295472
-41.09999938	-0.58684248
-41.06666604	-0.57637169
-41.03333271	-0.56151064
-40.99999938	-0.54261846
-40.96666604	-0.51943469
-40.93333271	-0.49259607
-40.89999938	-0.46221915
-40.86666605	-0.42867000
-40.83333271	-0.39221167
-40.79999938	-0.35336484
-40.76666605	-0.31241597
-40.73333271	-0.26991807
-40.69999938	-0.22627551
-40.66666605	-0.18184705
-40.63333272	-0.13729807
-40.59999938	-0.09280135
-40.56666605	-0.04900411
-40.53333272	-0.00615263
-40.49999938	0.03531095
-40.46666605	0.07513198
-40.43333272	0.11297387
-40.39999938	0.14848068
-40.36666605	0.18141719
-40.33333272	0.21177661
-40.29999939	0.23923078
-40.26666605	0.26393204
-40.23333272	0.28558266
-40.19999939	0.30423365
-40.16666605	0.32001507
-40.13333272	0.33280327
-40.09999939	0.34275126
-40.06666605	0.35018407
-40.03333272	0.35492772
-39.99999939	0.35724736
-39.96666606	0.35737423
-39.93333272	0.35559307
-39.89999939	0.35182513
-39.86666606	0.34653323
-39.83333272	0.33976432
-39.79999939	0.33184542
-39.76666606	0.32282865
-39.73333273	0.31299253
-39.69999939	0.30253238
-39.66666606	0.29155437
-39.63333273	0.28024199
-39.59999939	0.26884617
-39.56666606	0.25739107
-39.53333273	0.24593065
-39.49999939	0.23483631
-39.46666606	0.22388699
-39.43333273	0.21321553
-39.39999940	0.20297021
-39.36666606	0.19312170
-39.33333273	0.18373861
-39.29999940	0.17479834
-39.26666606	0.16644475
-39.23333273	0.15842510
-39.19999940	0.15101115
-39.16666606	0.14383341
-39.13333273	0.13724217
-39.09999940	0.13089039
-39.06666607	0.12505301
-39.03333273	0.11937676
-38.99999940	0.11418601
-38.96666607	0.10923169
-38.93333273	0.10438624
-38.89999940	0.09966534
-38.86666607	0.09512960
-38.83333274	0.09085586
-38.79999940	0.08655277
-38.76666607	0.08233064
-38.73333274	0.07812978
-38.69999940	0.07394454
-38.66666607	0.06980864
-38.63333274	0.06566373
-38.59999940	0.06148711
-38.56666607	0.05734667
-38.53333274	0.05312395
-38.49999941	0.04893139
-38.46666607	0.04474164
-38.43333274	0.04038464
-38.39999941	0.03627031
-38.36666607	0.03211277
-38.33333274	0.02807431
-38.29999941	0.02407631
-38.26666607	0.02009055
-38.23333274	0.01618190
-38.19999941	0.01250053
-38.16666608	0.00887299
-38.13333274	0.00539902
-38.09999941	0.00209241
-38.06666608	-0.00113129
-38.03333274	-0.00386875
-37.99999941	-0.00673587
-37.96666608	-0.00929961
-37.93333275	-0.01165066
-37.89999941	-0.01381514
-37.86666608	-0.01572059
-37.83333275	-0.01752017
-37.79999941	-0.01910620
-37.76666608	-0.02053891
-37.73333275	-0.02176375
-37.69999941	-0.02291322
-37.66666608	-0.02375154
-37.63333275	-0.02459251
-37.59999942	-0.02527942
-37.56666608	-0.02582383
-37.53333275	-0.02638408
-37.49999942	-0.02674252
-37.46666608	-0.02716449
-37.43333275	-0.02756346
-37.39999942	-0.02788393
-37.36666608	-0.02816316
-37.33333275	-0.02843238
-37.29999942	-0.02868790
-37.26666609	-0.02900269
-37.23333275	-0.02933652
-37.19999942	-0.02956796
-37.16666609	-0.02996832
-37.13333275	-0.03033017
-37.09999942	-0.03079233
-37.06666609	-0.03120382
-37.03333276	-0.03158945
-36.99999942	-0.03217290
-36.96666609	-0.03256813
-36.93333276	-0.03296469
-36.89999942	-0.03351333
-36.86666609	-0.03388568
-36.83333276	-0.03429678
-36.79999942	-0.03457486
-36.76666609	-0.03481526
-36.73333276	-0.03501825
-36.69999943	-0.03529813
-36.66666609	-0.03532712
-36.63333276	-0.03529699
-36.59999943	-0.03508113
-36.56666609	-0.03499458
-36.53333276	-0.03469492
-36.49999943	-0.03449121
-36.46666610	-0.03402824
-36.43333276	-0.03338975
-36.39999943	-0.03280987
-36.36666610	-0.03202479
-36.33333276	-0.03119012
-36.29999943	-0.03027030
-36.26666610	-0.02937545
-36.23333276	-0.02814954
-36.19999943	-0.02705815
-36.16666610	-0.02599360
-36.13333277	-0.02480807
-36.09999943	-0.02364161
-36.06666610	-0.02239781
-36.03333277	-0.02126009
-35.99999943	-0.02009901
-35.96666610	-0.01896577
-35.93333277	-0.01767994
-35.89999943	-0.01660556
-35.86666610	-0.01560034
-35.83333277	-0.01463672
-35.79999944	-0.01371871
-35.76666610	-0.01300864
-35.73333277	-0.01230661
-35.69999944	-0.01168983
-35.66666610	-0.01103508
-35.63333277	-0.01061597
-35.59999944	-0.01027720
-35.56666611	-0.00996445
-35.53333277	-0.00971859
-35.49999944	-0.00962614
-35.46666611	-0.00959740
-35.43333277	-0.00956357
-35.39999944	-0.00971644
-35.36666611	-0.00981194
-35.33333277	-0.00989752
-35.29999944	-0.01005343
-35.26666611	-0.01029143
-35.23333278	-0.01051776
-35.19999944	-0.01077360
-35.16666611	-0.01110748
-35.13333278	-0.01121399
-35.09999944	-0.01146478
-35.06666611	-0.01169839
-35.03333278	-0.01186068
-34.99999944	-0.01197937
-34.96666611	-0.01210936
-34.93333278	-0.01220752
-34.89999945	-0.01224090
-34.86666611	-0.01212208
-34.83333278	-0.01220219
-34.79999945	-0.01198530
-34.76666611	-0.01174197
-34.73333278	-0.01156783
-34.69999945	-0.01138834
-34.66666612	-0.01106188
-34.63333278	-0.01073428
-34.59999945	-0.01042251
-34.56666612	-0.00996262
-34.53333278	-0.00953219
-34.49999945	-0.00916359
-34.46666612	-0.00877692
-34.43333278	-0.00826010
-34.39999945	-0.00788367
-34.36666612	-0.00741802
-34.33333279	-0.00702906
-34.29999945	-0.00660325
-34.26666612	-0.00620390
-34.23333279	-0.00585169
-34.19999945	-0.00567989
-34.16666612	-0.00544767
-34.13333279	-0.00519697
-34.09999945	-0.00515849
-34.06666612	-0.00507872
-34.03333279	-0.00495872
-33.99999946	-0.00509928
-33.96666612	-0.00512570
-33.93333279	-0.00527920
-33.89999946	-0.00545397
-33.86666612	-0.00583350
-33.83333279	-0.00615398
-33.79999946	-0.00656514
-33.76666613	-0.00698062
-33.73333279	-0.00762075
-33.69999946	-0.00814582
-33.66666613	-0.00870552
-33.63333279	-0.00933913
-33.59999946	-0.01002336
-33.56666613	-0.01064607
-33.53333279	-0.01138108
-33.49999946	-0.01207827
-33.46666613	-0.01268916
-33.43333280	-0.01346381
-33.39999946	-0.01424130
-33.36666613	-0.01477830
-33.33333280	-0.01554071
-33.29999946	-0.01600245
-33.26666613	-0.01646813
-33.23333280	-0.01704197
-33.19999946	-0.01754913
-33.16666613	-0.01785407
-33.13333280	-0.01826181
-33.09999947	-0.01852378
-33.06666613	-0.01875876
-33.03333280	-0.01891414
-32.99999947	-0.01893754
-32.96666613	-0.01900993
-32.93333280	-0.01896257
-32.89999947	-0.01881258
-32.86666614	-0.01863972
-32.83333280	-0.01838654
-32.79999947	-0.01809530
-32.76666614	-0.01769049
-32.73333280	-0.01731599
-32.69999947	-0.01679980
-32.66666614	-0.01628635
-32.63333280	-0.01578475
-32.59999947	-0.01509086
-32.56666614	-0.01450427
-32.53333281	-0.01387564
-32.49999947	-0.01327938
-32.46666614	-0.01264546
-32.43333281	-0.01205606
-32.39999947	-0.01130969
-32.36666614	-0.01067020
-32.33333281	-0.01004580
-32.29999947	-0.00944072
-32.26666614	-0.00900084
-32.23333281	-0.00854344
-32.19999948	-0.00803585
-32.16666614	-0.00770570
-32.13333281	-0.00734610
-32.09999948	-0.00701135
-32.06666614	-0.00669754
-32.03333281	-0.00643453
-31.99999948	-0.00638087
-31.96666615	-0.00634030
-31.93333281	-0.00623063
-31.89999948	-0.00623379
-31.86666615	-0.00622381
-31.83333281	-0.00637506
-31.79999948	-0.00640933
-31.76666615	-0.00662958
-31.73333281	-0.00674898
-31.69999948	-0.00689870
-31.66666615	-0.00706491
-31.63333282	-0.00727517
-31.59999948	-0.00741326
-31.56666615	-0.00765770
-31.53333282	-0.00768984
-31.49999948	-0.00784553
-31.46666615	-0.00790530
-31.43333282	-0.00799520
-31.39999948	-0.00800142
-31.36666615	-0.00795294
-31.33333282	-0.00788794
-31.29999949	-0.00772278
-31.26666615	-0.00765928
-31.23333282	-0.00739738
-31.19999949	-0.00704546
-31.16666615	-0.00669099
-31.13333282	-0.00632862
-31.09999949	-0.00591384
-31.06666616	-0.00544473
-31.03333282	-0.00499476
-30.99999949	-0.00438388
-30.96666616	-0.00385662
-30.93333282	-0.00334490
-30.89999949	-0.00272707
-30.86666616	-0.00212232
-30.83333282	-0.00133842
-30.79999949	-0.00071748
-30.76666616	-0.00010601
-30.73333283	0.00053349
-30.69999949	0.00113594
-30.66666616	0.00169996
-30.63333283	0.00232479
-30.59999949	0.00278758
-30.56666616	0.00313305
-30.53333283	0.00359595
-30.49999949	0.00395150
-30.46666616	0.00433012
-30.43333283	0.00470263
-30.39999950	0.00483745
-30.36666616	0.00492813
-30.33333283	0.00518741
-30.29999950	0.00518111
-30.26666616	0.00510295
-30.23333283	0.00513380
-30.19999950	0.00492856
-30.16666617	0.00475332
-30.13333283	0.00452314
-30.09999950	0.00437459
-30.06666617	0.00403153
-30.03333283	0.00370909
-29.99999950	0.00333438
-29.96666617	0.00287061
-29.93333283	0.00255502
-29.89999950	0.00217974
-29.86666617	0.00186192
-29.83333284	0.00141622
-29.79999950	0.00107147
-29.76666617	0.00075340
-29.73333284	0.00030914
-29.69999950	0.00011125
-29.66666617	-0.00019797
-29.63333284	-0.00035862
-29.59999950	-0.00061509
-29.56666617	-0.00083068
-29.53333284	-0.00095472
-29.49999951	-0.00108666
-29.46666617	-0.00115483
-29.43333284	-0.00117157
-29.39999951	-0.00118336
-29.36666617	-0.00116587
-29.33333284	-0.00108800
-29.29999951	-0.00103099
-29.26666618	-0.00087080
-29.23333284	-0.00068084
-29.19999951	-0.00060243
-29.16666618	-0.00034112
-29.13333284	-0.00012428
-29.09999951	-0.00005978
-29.06666618	0.00019029
-29.03333284	0.00038887
-28.99999951	0.00048424
-28.96666618	0.00063400
-28.93333285	0.00082082
-28.89999951	0.00099515
-28.86666618	0.00107352
-28.83333285	0.00133616
-28.79999951	0.00148284
-28.76666618	0.00153556
-28.73333285	0.00159185
-28.69999952	0.00165935
-28.66666618	0.00172340
-28.63333285	0.00180765
-28.59999952	0.00175464
-28.56666618	0.00185570
-28.53333285	0.00174750
-28.49999952	0.00177446
-28.46666618	0.00169467
-28.43333285	0.00161617
-28.39999952	0.00164179
-28.36666619	0.00147967
-28.33333285	0.00136699
-28.29999952	0.00127681
-28.26666619	0.00125814
-28.23333285	0.00115239
-28.19999952	0.00108617
-28.16666619	0.00101871
-28.13333285	0.00094078
-28.09999952	0.00093302
-28.06666619	0.00087586
-28.03333286	0.00086880
-27.99999952	0.00081057
-27.96666619	0.00086638
-27.93333286	0.00076146
-27.89999952	0.00090963
-27.86666619	0.00100364
-27.83333286	0.00109083
-27.79999953	0.00111459
-27.76666619	0.00123746
-27.73333286	0.00152599
-27.69999953	0.00151320
-27.66666619	0.00183635
-27.63333286	0.00197523
-27.59999953	0.00221242
-27.56666619	0.00249363
-27.53333286	0.00272439
-27.49999953	0.00302058
-27.46666620	0.00333985
-27.43333286	0.00369911
-27.39999953	0.00399416
-27.36666620	0.00437752
-27.33333286	0.00459592
-27.29999953	0.00501227
-27.26666620	0.00531964
-27.23333286	0.00562390
-27.19999953	0.00605820
-27.16666620	0.00640613
-27.13333287	0.00680558
-27.09999953	0.00709065
-27.06666620	0.00743668
-27.03333287	0.00762670
-26.99999953	0.00790821
-26.96666620	0.00808171
-26.93333287	0.00829578
-26.89999954	0.00849149
-26.86666620	0.00852145
-26.83333287	0.00865723
-26.79999954	0.00882545
-26.76666620	0.00864390
-26.73333287	0.00850804
-26.69999954	0.00842391
-26.66666620	0.00833805
-26.63333287	0.00807597
-26.59999954	0.00785308
-26.56666621	0.00761755
-26.53333287	0.00715796
-26.49999954	0.00689414
-26.46666621	0.00642662
-26.43333287	0.00587799
-26.39999954	0.00540515
-26.36666621	0.00494792
-26.33333287	0.00435827
-26.29999954	0.00389309
-26.26666621	0.00321702
-26.23333288	0.00271700
-26.19999954	0.00209948
-26.16666621	0.00163428
-26.13333288	0.00090541
-26.09999954	0.00040171
-26.06666621	-0.00011980
-26.03333288	-0.00058060
-25.99999955	-0.00109428
-25.96666621	-0.00150195
-25.93333288	-0.00191035
-25.89999955	-0.00222874
-25.86666621	-0.00246912
-25.83333288	-0.00282937
-25.79999955	-0.00299856
-25.76666621	-0.00329755
-25.73333288	-0.00344314
-25.69999955	-0.00359545
-25.66666622	-0.00367797
-25.63333288	-0.00368314
-25.59999955	-0.00366658
-25.56666622	-0.00358045
-25.53333288	-0.00348189
-25.49999955	-0.00344055
-25.46666622	-0.00340317
-25.43333288	-0.00322992
-25.39999955	-0.00303544
-25.36666622	-0.00291813
-25.33333289	-0.00277995
-25.29999955	-0.00264850
-25.26666622	-0.00244086
-25.23333289	-0.00227173
-25.19999955	-0.00212537
-25.16666622	-0.00207131
-25.13333289	-0.00190314
-25.09999956	-0.00173563
-25.06666622	-0.00162827
-25.03333289	-0.00154318
-24.99999956	-0.00152825
-24.96666622	-0.00136246
-24.93333289	-0.00137737
-24.89999956	-0.00127996
-24.86666622	-0.00128008
-24.83333289	-0.00127972
-24.79999956	-0.00135476
-24.76666623	-0.00139583
-24.73333289	-0.00135221
-24.69999956	-0.00136012
-24.66666623	-0.00140802
-24.63333289	-0.00156307
-24.59999956	-0.00147723
-24.56666623	-0.00158867
-24.53333289	-0.00161578
-24.49999956	-0.00150669
-24.46666623	-0.00156535
-24.43333290	-0.00151270
-24.39999956	-0.00142238
-24.36666623	-0.00135606
-24.33333290	-0.00126282
-24.29999956	-0.00112720
-24.26666623	-0.00097764
-24.23333290	-0.00080663
-24.19999957	-0.00064346
-24.16666623	-0.00043486
-24.13333290	-0.00028071
-24.09999957	-0.00000243
-24.06666623	0.00018811
-24.03333290	0.00054553
-23.99999957	0.00075384
-23.96666623	0.00091881
-23.93333290	0.00108127
-23.89999957	0.00140363
-23.86666624	0.00152194
-23.83333290	0.00164302
-23.79999957	0.00171855
-23.76666624	0.00182289
-23.73333290	0.00180866
-23.69999957	0.00179199
-23.66666624	0.00169220
-23.63333290	0.00155682
-23.59999957	0.00139622
-23.56666624	0.00121725
-23.53333291	0.00093115
-23.49999957	0.00051313
-23.46666624	0.00009233
-23.43333291	-0.00038118
-23.39999957	-0.00095973
-23.36666624	-0.00162688
-23.33333291	-0.00229037
-23.29999958	-0.00313198
-23.26666624	-0.00409128
-23.23333291	-0.00500323
-23.19999958	-0.00608758
-23.16666624	-0.00717319
-23.13333291	-0.00844620
-23.09999958	-0.00963151
-23.06666624	-0.01093950
-23.03333291	-0.01234953
-22.99999958	-0.01381250
-22.96666625	-0.01533416
-22.93333291	-0.01686547
-22.89999958	-0.01836870
-22.86666625	-0.02006773
-22.83333291	-0.02160589
-22.79999958	-0.02323793
-22.76666625	-0.02495670
-22.73333291	-0.02655908
-22.69999958	-0.02829164
-22.66666625	-0.02987206
-22.63333292	-0.03147143
-22.59999958	-0.03293222
-22.56666625	-0.03436563
-22.53333292	-0.03590667
-22.49999958	-0.03724435
-22.46666625	-0.03852207
-22.43333292	-0.03965702
-22.39999959	-0.04060020
-22.36666625	-0.04146939
-22.33333292	-0.04237538
-22.29999959	-0.04309762
-22.26666625	-0.04362808
-22.23333292	-0.04401480
-22.19999959	-0.04412203
-22.16666625	-0.04427997
-22.13333292	-0.04420938
-22.09999959	-0.04400220
-22.06666626	-0.04353616
-22.03333292	-0.04305189
-21.99999959	-0.04236297
-21.96666626	-0.04142777
-21.93333292	-0.04036611
-21.89999959	-0.03924855
-21.86666626	-0.03786104
-21.83333292	-0.03647459
-21.79999959	-0.03489742
-21.76666626	-0.03310552
-21.73333293	-0.03132299
-21.69999959	-0.02944886
-21.66666626	-0.02741408
-21.63333293	-0.02535575
-21.59999959	-0.02325600
-21.56666626	-0.02100028
-21.53333293	-0.01874671
-21.49999960	-0.01648488
-21.46666626	-0.01434389
-21.43333293	-0.01208956
-21.39999960	-0.00976267
-21.36666626	-0.00759195
-21.33333293	-0.00541241
-21.29999960	-0.00327632
-21.26666626	-0.00134718
-21.23333293	0.00072612
-21.19999960	0.00263400
-21.16666627	0.00439751
-21.13333293	0.00617769
-21.09999960	0.00778453
-21.06666627	0.00935045
-21.03333293	0.01093132
-20.99999960	0.01213982
-20.96666627	0.01333305
-20.93333294	0.01445371
-20.89999960	0.01549172
-20.86666627	0.01625882
-20.83333294	0.01708929
-20.79999960	0.01776809
-20.76666627	0.01840879
-20.73333294	0.01883581
-20.69999960	0.01925042
-20.66666627	0.01954961
-20.63333294	0.01982139
-20.59999961	0.01999064
-20.56666627	0.02009269
-20.53333294	0.02015802
-20.49999961	0.02021941
-20.46666627	0.02016232
-20.43333294	0.02003289
-20.39999961	0.01991571
-20.36666627	0.01960638
-20.33333294	0.01942447
-20.29999961	0.01914564
-20.26666628	0.01888959
-20.23333294	0.01850118
-20.19999961	0.01808522
-20.16666628	0.01775249
-20.13333294	0.01728538
-20.09999961	0.01687933
-20.06666628	0.01655986
-20.03333295	0.01602012
-19.99999961	0.01542687
-19.96666628	0.01494234
-19.93333295	0.01432838
-19.89999961	0.01378750
-19.86666628	0.01315966
-19.83333295	0.01259491
-19.79999961	0.01191068
-19.76666628	0.01137389
-19.73333295	0.01076236
-19.69999962	0.01008683
-19.66666628	0.00940788
-19.63333295	0.00871052
-19.59999962	0.00806131
-19.56666628	0.00745366
-19.53333295	0.00662873
-19.49999962	0.00603806
-19.46666628	0.00526650
-19.43333295	0.00466639
-19.39999962	0.00400994
-19.36666629	0.00332991
-19.33333295	0.00268642
-19.29999962	0.00206979
-19.26666629	0.00142497
-19.23333295	0.00082166
-19.19999962	0.00033857
-19.16666629	-0.00016842
-19.13333296	-0.00073377
-19.09999962	-0.00122616
-19.06666629	-0.00174693
-19.03333296	-0.00226536
-18.99999962	-0.00258936
-18.96666629	-0.00302924
-18.93333296	-0.00336980
-18.89999962	-0.00372629
-18.86666629	-0.00409041
-18.83333296	-0.00439165
-18.79999963	-0.00457694
-18.76666629	-0.00480081
-18.73333296	-0.00509935
-18.69999963	-0.00533277
-18.66666629	-0.00554218
-18.63333296	-0.00578657
-18.59999963	-0.00594964
-18.56666629	-0.00591909
-18.53333296	-0.00613442
-18.49999963	-0.00616855
-18.46666630	-0.00629642
-18.43333296	-0.00634443
-18.39999963	-0.00640184
-18.36666630	-0.00644891
-18.33333296	-0.00648084
-18.29999963	-0.00663086
-18.26666630	-0.00658478
-18.23333297	-0.00667114
-18.19999963	-0.00665830
-18.16666630	-0.00664554
-18.13333297	-0.00663633
-18.09999963	-0.00658089
-18.06666630	-0.00660445
-18.03333297	-0.00663674
-17.99999963	-0.00669595
-17.96666630	-0.00663734
-17.93333297	-0.00667904
-17.89999964	-0.00657714
-17.86666630	-0.00668142
-17.83333297	-0.00665545
-17.79999964	-0.00668744
-17.76666630	-0.00683228
-17.73333297	-0.00673862
-17.69999964	-0.00685147
-17.66666630	-0.00688300
-17.63333297	-0.00690653
-17.59999964	-0.00693553
-17.56666631	-0.00702781
-17.53333297	-0.00717196
-17.49999964	-0.00719027
-17.46666631	-0.00725333
-17.43333297	-0.00729106
-17.39999964	-0.00737993
-17.36666631	-0.00741855
-17.33333298	-0.00741404
-17.29999964	-0.00749231
-17.26666631	-0.00759666
-17.23333298	-0.00767427
-17.19999964	-0.00768508
-17.16666631	-0.00766353
-17.13333298	-0.00762419
-17.09999964	-0.00754326
-17.06666631	-0.00750687
-17.03333298	-0.00749126
-16.99999965	-0.00736227
-16.96666631	-0.00730282
-16.93333298	-0.00730202
-16.89999965	-0.00703391
-16.86666631	-0.00697891
-16.83333298	-0.00665236
-16.79999965	-0.00652303
-16.76666631	-0.00629780
-16.73333298	-0.00605862
-16.69999965	-0.00586657
-16.66666632	-0.00570703
-16.63333298	-0.00538498
-16.59999965	-0.00500215
-16.56666632	-0.00461284
-16.53333298	-0.00442771
-16.49999965	-0.00412703
-16.46666632	-0.00370010
-16.43333299	-0.00338954
-16.39999965	-0.00305626
-16.36666632	-0.00265687
-16.33333299	-0.00229108
-16.29999965	-0.00196652
-16.26666632	-0.00153891
-16.23333299	-0.00132701
-16.19999965	-0.00099964
-16.16666632	-0.00057900
-16.13333299	-0.00017029
-16.09999966	0.00014547
-16.06666632	0.00048621
-16.03333299	0.00066248
-15.99999966	0.00108210
-15.96666632	0.00122489
-15.93333299	0.00152572
-15.89999966	0.00168412
-15.86666632	0.00193459
-15.83333299	0.00199807
-15.79999966	0.00221572
-15.76666633	0.00242873
-15.73333299	0.00256246
-15.69999966	0.00273172
-15.66666633	0.00266121
-15.63333299	0.00269275
-15.59999966	0.00271323
-15.56666633	0.00286092
-15.53333300	0.00287612
-15.49999966	0.00288785
-15.46666633	0.00282668
-15.43333300	0.00289940
-15.39999966	0.00286210
-15.36666633	0.00296933
-15.33333300	0.00286097
-15.29999966	0.00296390
-15.26666633	0.00322869
-15.23333300	0.00325699
-15.19999967	0.00344837
-15.16666633	0.00368281
-15.13333300	0.00380186
-15.09999967	0.00388957
-15.06666633	0.00414191
-15.03333300	0.00430818
-14.99999967	0.00450774
-14.96666633	0.00490547
-14.93333300	0.00517830
-14.89999967	0.00539185
-14.86666634	0.00575843
-14.83333300	0.00613869
-14.79999967	0.00652594
-14.76666634	0.00689992
-14.73333300	0.00727835
-14.69999967	0.00756436
-14.66666634	0.00782416
-14.63333301	0.00815227
-14.59999967	0.00855700
-14.56666634	0.00876660
-14.53333301	0.00904353
-14.49999967	0.00921147
-14.46666634	0.00940799
-14.43333301	0.00963785
-14.39999967	0.00986082
-14.36666634	0.00990843
-14.33333301	0.00997997
-14.29999968	0.00990277
-14.26666634	0.00996084
-14.23333301	0.00999485
-14.19999968	0.00982803
-14.16666634	0.00983279
-14.13333301	0.00972565
-14.09999968	0.00956603
-14.06666634	0.00938687
-14.03333301	0.00920103
-13.99999968	0.00898011
-13.96666635	0.00862330
-13.93333301	0.00840841
-13.89999968	0.00818320
-13.86666635	0.00784747
-13.83333301	0.00770670
-13.79999968	0.00743022
-13.76666635	0.00717894
-13.73333302	0.00692966
-13.69999968	0.00665174
-13.66666635	0.00632842
-13.63333302	0.00616960
-13.59999968	0.00595215
-13.56666635	0.00562913
-13.53333302	0.00554254
-13.49999968	0.00525909
-13.46666635	0.00511671
-13.43333302	0.00491507
-13.39999969	0.00485125
-13.36666635	0.00476884
-13.33333302	0.00471646
-13.29999969	0.00471008
-13.26666635	0.00467786
-13.23333302	0.00463941
-13.19999969	0.00455455
-13.16666636	0.00465727
-13.13333302	0.00461319
-13.09999969	0.00467527
-13.06666636	0.00469980
-13.03333302	0.00464855
-12.99999969	0.00470686
-12.96666636	0.00475726
-12.93333302	0.00481873
-12.89999969	0.00483735
-12.86666636	0.00495126
-12.83333303	0.00493866
-12.79999969	0.00492785
-12.76666636	0.00497098
-12.73333303	0.00504351
-12.69999969	0.00508917
-12.66666636	0.00496340
-12.63333303	0.00498126
-12.59999969	0.00491867
-12.56666636	0.00481625
-12.53333303	0.00480940
-12.49999970	0.00462625
-12.46666636	0.00452101
-12.43333303	0.00435883
-12.39999970	0.00427704
-12.36666636	0.00414572
-12.33333303	0.00395265
-12.29999970	0.00377965
-12.26666637	0.00355181
-12.23333303	0.00326085
-12.19999970	0.00299388
-12.16666637	0.00283791
-12.13333303	0.00255079
-12.09999970	0.00219220
-12.06666637	0.00194756
-12.03333303	0.00160221
-11.99999970	0.00126010
-11.96666637	0.00090462
-11.93333304	0.00050431
-11.89999970	0.00022948
-11.86666637	-0.00017890
-11.83333304	-0.00057636
-11.79999970	-0.00077501
-11.76666637	-0.00116957
-11.73333304	-0.00148726
-11.69999970	-0.00177807
-11.66666637	-0.00213112
-11.63333304	-0.00232655
-11.59999971	-0.00266228
-11.56666637	-0.00290903
-11.53333304	-0.00308746
-11.49999971	-0.00319366
-11.46666637	-0.00341270
-11.43333304	-0.00359724
-11.39999971	-0.00371038
-11.36666638	-0.00381635
-11.33333304	-0.00393194
-11.29999971	-0.00395923
-11.26666638	-0.00399427
-11.23333304	-0.00393175
-11.19999971	-0.00388022
-11.16666638	-0.00393691
-11.13333304	-0.00388447
-11.09999971	-0.00363610
-11.06666638	-0.00363462
-11.03333305	-0.00357887
-10.99999971	-0.00345603
-10.96666638	-0.00336104
-10.93333305	-0.00319010
-10.89999971	-0.00304084
-10.86666638	-0.00297821
-10.83333305	-0.00272994
-10.79999971	-0.00264903
-10.76666638	-0.00255285
-10.73333305	-0.00250460
-10.69999972	-0.00232666
-10.66666638	-0.00215253
-10.63333305	-0.00207961
-10.59999972	-0.00193481
-10.56666638	-0.00195676
-10.53333305	-0.00183283
-10.49999972	-0.00180096
-10.46666639	-0.00172156
-10.43333305	-0.00166495
-10.39999972	-0.00160619
-10.36666639	-0.00153150
-10.33333305	-0.00147041
-10.29999972	-0.00155717
-10.26666639	-0.00144547
-10.23333305	-0.00137112
-10.19999972	-0.00116681
-10.16666639	-0.00113844
-10.13333306	-0.00105581
-10.09999972	-0.00083347
-10.06666639	-0.00060063
-10.03333306	-0.00053008
-9.99999972	-0.00031367
-9.96666639	-0.00001082
-9.93333306	0.00032788
-9.89999972	0.00060554
-9.86666639	0.00104770
-9.83333306	0.00138712
-9.79999973	0.00181609
-9.76666639	0.00217938
-9.73333306	0.00267121
-9.69999973	0.00322264
-9.66666639	0.00371038
-9.63333306	0.00420496
-9.59999973	0.00485451
-9.56666640	0.00536334
-9.53333306	0.00597292
-9.49999973	0.00663212
-9.46666640	0.00713612
-9.43333306	0.00773992
-9.39999973	0.00831586
-9.36666640	0.00883978
-9.33333306	0.00946790
-9.29999973	0.00995488
-9.26666640	0.01043424
-9.23333307	0.01090714
-9.19999973	0.01138619
-9.16666640	0.01166119
-9.13333307	0.01197095
-9.09999973	0.01226205
-9.06666640	0.01240909
-9.03333307	0.01265697
-8.99999973	0.01271297
-8.96666640	0.01267564
-8.93333307	0.01263102
-8.89999974	0.01253118
-8.86666640	0.01245318
-8.83333307	0.01216965
-8.79999974	0.01184331
-8.76666640	0.01166902
-8.73333307	0.01128249
-8.69999974	0.01080982
-8.66666641	0.01033099
-8.63333307	0.00983995
-8.59999974	0.00931638
-8.56666641	0.00885615
-8.53333307	0.00819862
-8.49999974	0.00768956
-8.46666641	0.00709929
-8.43333307	0.00659599
-8.39999974	0.00577850
-8.36666641	0.00524321
-8.33333308	0.00465619
-8.29999974	0.00407016
-8.26666641	0.00349985
-8.23333308	0.00287861
-8.19999974	0.00234700
-8.16666641	0.00189103
-8.13333308	0.00153808
-8.09999974	0.00106737
-8.06666641	0.00070211
-8.03333308	0.00026923
-7.99999975	-0.00006336
-7.96666641	-0.00020478
-7.93333308	-0.00041714
-7.89999975	-0.00065290
-7.86666641	-0.00072243
-7.83333308	-0.00078789
-7.79999975	-0.00085230
-7.76666642	-0.00086551
-7.73333308	-0.00077768
-7.69999975	-0.00082818
-7.66666642	-0.00074878
-7.63333308	-0.00066632
-7.59999975	-0.00058697
-7.56666642	-0.00040879
-7.53333308	-0.00026354
-7.49999975	-0.00007700
-7.46666642	0.00009633
-7.43333309	0.00024207
-7.39999975	0.00042269
-7.36666642	0.00059511
-7.33333309	0.00076979
-7.29999975	0.00108066
-7.26666642	0.00122890
-7.23333309	0.00121954
-7.19999975	0.00142456
-7.16666642	0.00152582
-7.13333309	0.00144358
-7.09999976	0.00144225
-7.06666642	0.00156709
-7.03333309	0.00159467
-6.99999976	0.00149029
-6.96666642	0.00140281
-6.93333309	0.00126252
-6.89999976	0.00106680
-6.86666643	0.00086397
-6.83333309	0.00068658
-6.79999976	0.00047051
-6.76666643	0.00006084
-6.73333309	-0.00029691
-6.69999976	-0.00058671
-6.66666643	-0.00098762
-6.63333309	-0.00146152
-6.59999976	-0.00187780
-6.56666643	-0.00228876
-6.53333310	-0.00273131
-6.49999976	-0.00322333
-6.46666643	-0.00375364
-6.43333310	-0.00422406
-6.39999976	-0.00471727
-6.36666643	-0.00527610
-6.33333310	-0.00582920
-6.29999977	-0.00628017
-6.26666643	-0.00675315
-6.23333310	-0.00719263
-6.19999977	-0.00759102
-6.16666643	-0.00789740
-6.13333310	-0.00839048
-6.09999977	-0.00874794
-6.06666643	-0.00891727
-6.03333310	-0.00921919
-5.99999977	-0.00936700
-5.96666644	-0.00952657
-5.93333310	-0.00972113
-5.89999977	-0.00979806
-5.86666644	-0.00977098
-5.83333310	-0.00984547
-5.79999977	-0.00986417
-5.76666644	-0.00978927
-5.73333310	-0.00970509
-5.69999977	-0.00970646
-5.66666644	-0.00948135
-5.63333311	-0.00942850
-5.59999977	-0.00922500
-5.56666644	-0.00904822
-5.53333311	-0.00895042
-5.49999977	-0.00883472
-5.46666644	-0.00865431
-5.43333311	-0.00849260
-5.39999978	-0.00838560
-5.36666644	-0.00828578
-5.33333311	-0.00809435
-5.29999978	-0.00805508
-5.26666644	-0.00794833
-5.23333311	-0.00780494
-5.19999978	-0.00777055
-5.16666644	-0.00764780
-5.13333311	-0.00761703
-5.09999978	-0.00741692
-5.06666645	-0.00742775
-5.03333311	-0.00735073
-4.99999978	-0.00739296
-4.96666645	-0.00722525
-4.93333311	-0.00721049
-4.89999978	-0.00724767
-4.86666645	-0.00719866
-4.83333311	-0.00705310
-4.79999978	-0.00697654
-4.76666645	-0.00687370
-4.73333312	-0.00681657
-4.69999978	-0.00658976
-4.66666645	-0.00656172
-4.63333312	-0.00639551
-4.59999978	-0.00607964
-4.56666645	-0.00583192
-4.53333312	-0.00562140
-4.49999979	-0.00538171
-4.46666645	-0.00512540
-4.43333312	-0.00484334
-4.39999979	-0.00449934
-4.36666645	-0.00399715
-4.33333312	-0.00372129
-4.29999979	-0.00309215
-4.26666645	-0.00272062
-4.23333312	-0.00219503
-4.19999979	-0.00177940
-4.16666646	-0.00124946
-4.13333312	-0.00058622
-4.09999979	-0.00006180
-4.06666646	0.00040916
-4.03333312	0.00097006
-3.99999979	0.00148627
-3.96666646	0.00201257
-3.93333312	0.00252324
-3.89999979	0.00297932
-3.86666646	0.00354127
-3.83333313	0.00387556
-3.79999979	0.00434372
-3.76666646	0.00471733
-3.73333313	0.00500212
-3.69999979	0.00530232
-3.66666646	0.00553218
-3.63333313	0.00576402
-3.59999980	0.00581244
-3.56666646	0.00594816
-3.53333313	0.00608223
-3.49999980	0.00600836
-3.46666646	0.00598725
-3.43333313	0.00565404
-3.39999980	0.00566747
-3.36666646	0.00529242
-3.33333313	0.00507687
-3.29999980	0.00470310
-3.26666647	0.00428203
-3.23333313	0.00383921
-3.19999980	0.00327042
-3.16666647	0.00264730
-3.13333313	0.00198002
-3.09999980	0.00132744
-3.06666647	0.00056709
-3.03333313	-0.00021642
-2.99999980	-0.00099919
-2.96666647	-0.00207726
-2.93333314	-0.00284276
-2.89999980	-0.00390424
-2.86666647	-0.00493760
-2.83333314	-0.00588781
-2.79999980	-0.00705865
-2.76666647	-0.00811821
-2.73333314	-0.00929063
-2.69999981	-0.01048460
-2.66666647	-0.01166940
-2.63333314	-0.01282277
-2.59999981	-0.01400297
-2.56666647	-0.01519135
-2.53333314	-0.01639260
-2.49999981	-0.01760989
-2.46666647	-0.01874766
-2.43333314	-0.02000045
-2.39999981	-0.02115221
-2.36666648	-0.02220835
-2.33333314	-0.02346797
-2.29999981	-0.02453417
-2.26666648	-0.02550507
-2.23333314	-0.02655023
-2.19999981	-0.02755525
-2.16666648	-0.02854881
-2.13333314	-0.02940339
-2.09999981	-0.03033729
-2.06666648	-0.03114342
-2.03333315	-0.03187154
-1.99999981	-0.03262162
-1.96666648	-0.03328236
-1.93333315	-0.03375652
-1.89999981	-0.03450589
-1.86666648	-0.03497211
-1.83333315	-0.03537523
-1.79999982	-0.03573605
-1.76666648	-0.03620658
-1.73333315	-0.03642896
-1.69999982	-0.03675107
-1.66666648	-0.03686769
-1.63333315	-0.03694445
-1.59999982	-0.03720092
-1.56666648	-0.03729626
-1.53333315	-0.03738866
-1.49999982	-0.03728836
-1.46666649	-0.03726424
-1.43333315	-0.03709973
-1.39999982	-0.03699836
-1.36666649	-0.03684033
-1.33333315	-0.03662233
-1.29999982	-0.03638255
-1.26666649	-0.03598847
-1.23333315	-0.03562670
-1.19999982	-0.03532620
-1.16666649	-0.03493308
-1.13333316	-0.03452870
-1.09999982	-0.03394222
-1.06666649	-0.03331807
-1.03333316	-0.03276067
-0.99999982	-0.03201818
-0.96666649	-0.03133520
-0.93333316	-0.03073461
-0.89999983	-0.02996455
-0.86666649	-0.02905400
-0.83333316	-0.02815997
-0.79999983	-0.02712770
-0.76666649	-0.02620281
-0.73333316	-0.02517351
-0.69999983	-0.02403395
-0.66666649	-0.02287782
-0.63333316	-0.02170129
-0.59999983	-0.02046595
-0.56666650	-0.01918878
-0.53333316	-0.01777656
-0.49999983	-0.01641055
-0.46666650	-0.01494678
-0.43333316	-0.01353594
-0.39999983	-0.01205762
-0.36666650	-0.01057613
-0.33333316	-0.00904810
-0.29999983	-0.00739891
-0.26666650	-0.00589645
-0.23333317	-0.00431216
-0.19999983	-0.00281942
-0.16666650	-0.00125414
-0.13333317	0.00022634
-0.09999983	0.00180758
-0.06666650	0.00332866
-0.03333317	0.00485772
0.00000016	0.00628710
0.03333350	0.00777701
0.06666683	0.00911146
0.10000016	0.01043781
0.13333350	0.01180434
0.16666683	0.01299629
0.20000016	0.01422604
0.23333350	0.01542306
0.26666683	0.01652260
0.30000016	0.01761495
0.33333349	0.01862811
0.36666683	0.01960615
0.40000016	0.02058295
0.43333349	0.02138660
0.46666683	0.02232543
0.50000016	0.02318599
0.53333349	0.02391849
0.56666683	0.02454550
0.60000016	0.02522185
0.63333349	0.02584208
0.66666682	0.02640859
0.70000016	0.02707652
0.73333349	0.02762988
0.76666682	0.02804238
0.80000016	0.02859450
0.83333349	0.02902983
0.86666682	0.02948315
0.90000015	0.02984376
0.93333349	0.03028381
0.96666682	0.03066229
1.00000015	0.03096372
1.03333349	0.03134973
1.06666682	0.03173392
1.10000015	0.03213246
1.13333349	0.03243773
1.16666682	0.03275108
1.20000015	0.03310010
1.23333348	0.03327036
1.26666682	0.03355552
1.30000015	0.03389564
1.33333348	0.03414226
1.36666682	0.03436841
1.40000015	0.03466259
1.43333348	0.03484202
1.46666681	0.03508457
1.50000015	0.03536783
1.53333348	0.03554054
1.56666681	0.03553830
1.60000015	0.03577456
1.63333348	0.03593951
1.66666681	0.03603499
1.70000015	0.03621065
1.73333348	0.03623973
1.76666681	0.03626250
1.80000014	0.03641724
1.83333348	0.03631441
1.86666681	0.03642524
1.90000014	0.03645391
1.93333348	0.03636659
1.96666681	0.03637820
2.00000014	0.03631937
2.03333348	0.03642335
2.06666681	0.03623286
2.10000014	0.03621331
2.13333347	0.03624199
2.16666681	0.03617448
2.20000014	0.03600343
2.23333347	0.03599030
2.26666681	0.03590832
2.30000014	0.03578986
2.33333347	0.03573937
2.36666680	0.03565858
2.40000014	0.03547476
2.43333347	0.03543958
2.46666680	0.03528209
2.50000014	0.03513815
2.53333347	0.03502536
2.56666680	0.03488933
2.60000014	0.03477024
2.63333347	0.03460607
2.66666680	0.03445272
2.70000013	0.03428494
2.73333347	0.03419876
2.76666680	0.03397100
2.80000013	0.03376061
2.83333347	0.03357051
2.86666680	0.03348994
2.90000013	0.03322943
2.93333347	0.03292760
2.96666680	0.03277320
3.00000013	0.03256758
3.03333346	0.03234349
3.06666680	0.03210231
3.10000013	0.03174049
3.13333346	0.03141052
3.16666680	0.03102393
3.20000013	0.03071754
3.23333346	0.03043221
3.26666679	0.03000641
3.30000013	0.02958061
3.33333346	0.02898351
3.36666679	0.02847677
3.40000013	0.02790671
3.43333346	0.02731534
3.46666679	0.02668311
3.50000013	0.02603401
3.53333346	0.02551111
3.56666679	0.02462870
3.60000012	0.02384969
3.63333346	0.02305019
3.66666679	0.02224478
3.70000012	0.02146687
3.73333346	0.02057137
3.76666679	0.01969136
3.80000012	0.01879586
3.83333346	0.01790227
3.86666679	0.01692224
3.90000012	0.01588141
3.93333345	0.01487714
3.96666679	0.01402822
4.00000012	0.01296234
4.03333345	0.01203346
4.06666679	0.01108988
4.10000012	0.01018156
4.13333345	0.00920750
4.16666678	0.00833152
4.20000012	0.00733445
4.23333345	0.00647589
4.26666678	0.00571113
4.30000012	0.00491406
4.33333345	0.00413553
4.36666678	0.00333628
4.40000012	0.00271087
4.43333345	0.00201395
4.46666678	0.00141130
4.50000011	0.00083755
4.53333345	0.00021568
4.56666678	-0.00033305
4.60000011	-0.00083945
4.63333345	-0.00109204
4.66666678	-0.00139393
4.70000011	-0.00173109
4.73333345	-0.00198451
4.76666678	-0.00228789
4.80000011	-0.00246934
4.83333344	-0.00250303
4.86666678	-0.00262579
4.90000011	-0.00266511
4.93333344	-0.00275880
4.96666678	-0.00283134
5.00000011	-0.00282724
5.03333344	-0.00276988
5.06666677	-0.00264239
5.10000011	-0.00267914
5.13333344	-0.00255997
5.16666677	-0.00249335
5.20000011	-0.00236365
5.23333344	-0.00238257
5.26666677	-0.00234618
5.30000011	-0.00233616
5.33333344	-0.00235828
5.36666677	-0.00225231
5.40000010	-0.00215204
5.43333344	-0.00214380
5.46666677	-0.00226173
5.50000010	-0.00228528
5.53333344	-0.00230404
5.56666677	-0.00242644
5.60000010	-0.00247361
5.63333344	-0.00253556
5.66666677	-0.00259358
5.70000010	-0.00266084
5.73333343	-0.00290077
5.76666677	-0.00295742
5.80000010	-0.00300196
5.83333343	-0.00311353
5.86666677	-0.00317207
5.90000010	-0.00320793
5.93333343	-0.00329963
5.96666676	-0.00345898
6.00000010	-0.00341629
6.03333343	-0.00352774
6.06666676	-0.00357126
6.10000010	-0.00356924
6.13333343	-0.00358225
6.16666676	-0.00354361
6.20000010	-0.00354525
6.23333343	-0.00344892
6.26666676	-0.00331643
6.30000009	-0.00332883
6.33333343	-0.00317695
6.36666676	-0.00311240
6.40000009	-0.00293975
6.43333343	-0.00291556
6.46666676	-0.00281294
6.50000009	-0.00281784
6.53333343	-0.00267209
6.56666676	-0.00255604
6.60000009	-0.00243225
6.63333342	-0.00237076
6.66666676	-0.00242162
6.70000009	-0.00232000
6.73333342	-0.00233921
6.76666676	-0.00240573
6.80000009	-0.00235169
6.83333342	-0.00252870
6.86666675	-0.00254477
6.90000009	-0.00267491
6.93333342	-0.00282867
6.96666675	-0.00292925
7.00000009	-0.00314921
7.03333342	-0.00330020
7.06666675	-0.00365351
7.10000009	-0.00375956
7.13333342	-0.00403717
7.16666675	-0.00421274
7.20000008	-0.00446042
7.23333342	-0.00490086
7.26666675	-0.00513215
7.30000008	-0.00531374
7.33333342	-0.00564291
7.36666675	-0.00591366
7.40000008	-0.00616043
7.43333342	-0.00634937
7.46666675	-0.00655946
7.50000008	-0.00687027
7.53333341	-0.00701067
7.56666675	-0.00719700
7.60000008	-0.00736270
7.63333341	-0.00741148
7.66666675	-0.00747173
7.70000008	-0.00745317
7.73333341	-0.00741086
7.76666674	-0.00743738
7.80000008	-0.00745659
7.83333341	-0.00735592
7.86666674	-0.00710669
7.90000008	-0.00700024
7.93333341	-0.00684379
7.96666674	-0.00655628
8.00000008	-0.00624308
8.03333341	-0.00600098
8.06666674	-0.00570823
8.10000007	-0.00541538
8.13333341	-0.00515950
8.16666674	-0.00485688
8.20000007	-0.00456107
8.23333341	-0.00428986
8.26666674	-0.00400840
8.30000007	-0.00365550
8.33333341	-0.00352865
8.36666674	-0.00320460
8.40000007	-0.00302112
8.43333340	-0.00282635
8.46666674	-0.00271089
8.50000007	-0.00252851
8.53333340	-0.00245926
8.56666674	-0.00243923
8.60000007	-0.00237103
8.63333340	-0.00233125
8.66666673	-0.00231788
8.70000007	-0.00235669
8.73333340	-0.00243982
8.76666673	-0.00262517
8.80000007	-0.00264767
8.83333340	-0.00272804
8.86666673	-0.00302662
8.90000007	-0.00317311
8.93333340	-0.00323946
8.96666673	-0.00346272
9.00000006	-0.00362568
9.03333340	-0.00386357
9.06666673	-0.00404005
9.10000006	-0.00422328
9.13333340	-0.00435355
9.16666673	-0.00442157
9.20000006	-0.00464251
9.23333339	-0.00476565
9.26666673	-0.00481248
9.30000006	-0.00491751
9.33333339	-0.00509935
9.36666673	-0.00517162
9.40000006	-0.00518440
9.43333339	-0.00514962
9.46666673	-0.00516537
9.50000006	-0.00520294
9.53333339	-0.00513291
9.56666672	-0.00498183
9.60000006	-0.00489000
9.63333339	-0.00488386
9.66666672	-0.00471800
9.70000006	-0.00456774
9.73333339	-0.00448999
9.76666672	-0.00427754
9.80000006	-0.00418928
9.83333339	-0.00404518
9.86666672	-0.00375594
9.90000005	-0.00363065
9.93333339	-0.00353582
9.96666672	-0.00338771
10.00000005	-0.00323537
10.03333339	-0.00309432
10.06666672	-0.00292525
10.10000005	-0.00283305
10.13333338	-0.00267618
10.16666672	-0.00257255
10.20000005	-0.00246484
10.23333338	-0.00231243
10.26666672	-0.00224269
10.30000005	-0.00217141
10.33333338	-0.00200568
10.36666672	-0.00198789
10.40000005	-0.00185580
10.43333338	-0.00178284
10.46666671	-0.00174324
10.50000005	-0.00167503
10.53333338	-0.00162258
10.56666671	-0.00160253
10.60000005	-0.00148623
10.63333338	-0.00151117
10.66666671	-0.00148713
10.70000005	-0.00156043
10.73333338	-0.00150140
10.76666671	-0.00148316
10.80000004	-0.00150248
10.83333338	-0.00145670
10.86666671	-0.00146508
10.90000004	-0.00152681
10.93333338	-0.00151322
10.96666671	-0.00147935
11.00000004	-0.00143876
11.03333337	-0.00141769
11.06666671	-0.00144190
11.10000004	-0.00144792
11.13333337	-0.00141621
11.16666671	-0.00137959
11.20000004	-0.00133847
11.23333337	-0.00137153
11.26666671	-0.00134257
11.30000004	-0.00129311
11.33333337	-0.00128561
11.36666670	-0.00126831
11.40000004	-0.00120730
11.43333337	-0.00124911
11.46666670	-0.00120645
11.50000004	-0.00115444
11.53333337	-0.00116423
11.56666670	-0.00113028
11.60000004	-0.00110976
11.63333337	-0.00110980
11.66666670	-0.00103721
11.70000003	-0.00105178
11.73333337	-0.00101756
11.76666670	-0.00099491
11.80000003	-0.00098354
11.83333337	-0.00099180
11.86666670	-0.00097857
11.90000003	-0.00096284
11.93333336	-0.00095860
11.96666670	-0.00098841
12.00000003	-0.00097201
12.03333336	-0.00094672
12.06666670	-0.00096903
12.10000003	-0.00098274
12.13333336	-0.00095998
12.16666670	-0.00097843
12.20000003	-0.00097616
12.23333336	-0.00099295
12.26666669	-0.00098835
12.30000003	-0.00098963
12.33333336	-0.00099029
12.36666669	-0.00100623
12.40000003	-0.00098912
12.43333336	-0.00097008
12.46666669	-0.00098546
12.50000003	-0.00096405
12.53333336	-0.00095826
12.56666669	-0.00093231
12.60000002	-0.00093848
12.63333336	-0.00091484
12.66666669	-0.00089978
12.70000002	-0.00090411
12.73333336	-0.00087620
12.76666669	-0.00089569
12.80000002	-0.00086850
12.83333335	-0.00085403
12.86666669	-0.00084984
12.90000002	-0.00083853
12.93333335	-0.00081670
12.96666669	-0.00080696
13.00000002	-0.00078540
13.03333335	-0.00078018
13.06666669	-0.00076244
13.10000002	-0.00074369
13.13333335	-0.00074229
13.16666668	-0.00072521
13.20000002	-0.00071969
13.23333335	-0.00069993
13.26666668	-0.00067786
13.30000002	-0.00066884
13.33333335	-0.00065612
13.36666668	-0.00063757
13.40000002	-0.00062231
13.43333335	-0.00060413
13.46666668	-0.00057550
13.50000001	-0.00056107
13.53333335	-0.00053737
13.56666668	-0.00052333
13.60000001	-0.00049536
13.63333335	-0.00047466
13.66666668	-0.00044465
13.70000001	-0.00043007
13.73333334	-0.00040071
13.76666668	-0.00037809
13.80000001	-0.00035354
13.83333334	-0.00033063
13.86666668	-0.00030671
13.90000001	-0.00027968
13.93333334	-0.00026062
13.96666668	-0.00023895
14.00000001	-0.00021672
14.03333334	-0.00019686
14.06666667	-0.00017854
14.10000001	-0.00015983
14.13333334	-0.00014267
14.16666667	-0.00012939
14.20000001	-0.00011418
14.23333334	-0.00010102
14.26666667	-0.00008647
14.30000001	-0.00007658
14.33333334	-0.00006633
14.36666667	-0.00005719
14.40000000	-0.00004844
14.43333334	-0.00004161
14.46666667	-0.00003547
14.50000000	-0.00002915
14.53333334	-0.00002427
14.56666667	-0.00001974
14.60000000	-0.00001624
14.63333333	-0.00001253
14.66666667	-0.00000946
14.70000000	-0.00000705
14.73333333	-0.00000476
14.76666667	-0.00000315
14.80000000	-0.00000179
14.83333333	-0.00000083
14.86666667	-0.00000021
14.90000000	0.00000000
