# Menlo Systems GmbH ScanControl
# Program Version 1.3.3
# Start: -65.00000000 ps, Average over 1000 waveforms. Timestamp: 2020-01-08T16:40:40
# Window type: Tukey, parameters: alpha = 0.2
# User time axis shift: 0 ps
# Frequency [THz]	THz Signal [a.u.]
0.00000000	-28.69548611
0.00732601	-23.41083649
0.01465201	-20.35309850
0.02197802	-22.29234057
0.02930403	-31.26220881
0.03663004	-25.89230612
0.04395604	-19.37354897
0.05128205	-14.20527427
0.05860806	-14.95414186
0.06593407	-15.68933650
0.07326007	-10.07282280
0.08058608	-12.22134355
0.08791209	-18.51937214
0.09523810	-6.78863788
0.10256410	-5.76334578
0.10989011	-11.28345570
0.11721612	-7.41464730
0.12454213	-4.57905478
0.13186813	-8.27297334
0.13919414	-7.65941136
0.14652015	-3.35500475
0.15384616	-3.90363650
0.16117216	-4.40522598
0.16849817	-1.96671623
0.17582418	-2.53582155
0.18315018	-5.77171662
0.19047619	-2.88508935
0.19780220	-0.66340415
0.20512821	-1.27495347
0.21245421	-1.70242370
0.21978022	-0.70827310
0.22710623	-0.88322516
0.23443224	-1.96604800
0.24175824	-1.50358381
0.24908425	-0.27081073
0.25641026	0.00000000
0.26373627	-0.38238188
0.27106227	-0.42700341
0.27838828	-0.73940285
0.28571429	-1.86845168
0.29304030	-1.75074076
0.30036630	-0.57536966
0.30769231	-0.53779693
0.31501832	-0.99735457
0.32234433	-0.72906221
0.32967033	-1.02141527
0.33699634	-2.30677421
0.34432235	-2.39530353
0.35164835	-1.62188655
0.35897436	-1.49613548
0.36630037	-1.46754496
0.37362638	-1.65466717
0.38095238	-2.26227510
0.38827839	-2.54860978
0.39560440	-2.76544217
0.40293041	-3.00679632
0.41025641	-2.76581435
0.41758242	-2.72048297
0.42490843	-3.11829409
0.43223444	-3.60154729
0.43956044	-4.17258438
0.44688645	-4.43627744
0.45421246	-4.32734566
0.46153847	-4.40477366
0.46886447	-4.60107061
0.47619048	-4.80439998
0.48351649	-5.08949655
0.49084250	-5.52956307
0.49816850	-6.03728699
0.50549451	-6.01021776
0.51282052	-5.89369663
0.52014652	-6.37188228
0.52747253	-6.86219652
0.53479854	-7.12216864
0.54212455	-7.53981567
0.54945055	-8.32900440
0.55677656	-9.39040400
0.56410257	-9.14311825
0.57142858	-8.45906351
0.57875458	-9.00733183
0.58608059	-9.51266962
0.59340660	-9.44492776
0.60073261	-9.98189199
0.60805861	-10.26415912
0.61538462	-10.35465611
0.62271063	-11.04957658
0.63003664	-11.33462434
0.63736264	-11.57552527
0.64468865	-12.39090590
0.65201466	-12.80788168
0.65934067	-13.21229081
0.66666667	-13.90145307
0.67399268	-14.30534190
0.68131869	-14.89511900
0.68864469	-15.49242793
0.69597070	-15.97641630
0.70329671	-16.80600983
0.71062272	-17.32090053
0.71794872	-17.71950963
0.72527473	-18.50953775
0.73260074	-18.96275067
0.73992675	-19.55572359
0.74725275	-20.82987999
0.75457876	-21.61687870
0.76190477	-21.70803209
0.76923078	-22.06357392
0.77655678	-22.70549227
0.78388279	-23.33780363
0.79120880	-23.90999807
0.79853481	-24.62395219
0.80586081	-25.46488080
0.81318682	-26.09633129
0.82051283	-26.64366832
0.82783884	-27.27596212
0.83516484	-27.84034818
0.84249085	-28.53085755
0.84981686	-29.31960398
0.85714286	-29.95604615
0.86446887	-30.56268061
0.87179488	-31.10240506
0.87912089	-31.74676933
0.88644689	-32.44386502
0.89377290	-32.84024094
0.90109891	-33.41760658
0.90842492	-34.14789522
0.91575092	-34.79891375
0.92307693	-35.64967783
0.93040294	-36.35710163
0.93772895	-37.14629188
0.94505495	-37.89311926
0.95238096	-38.31714798
0.95970697	-39.47409112
0.96703298	-40.27126899
0.97435898	-40.39801063
0.98168499	-42.13527770
0.98901100	-43.71937814
0.99633701	-43.03298750
1.00366301	-43.61858043
1.01098902	-45.39669792
1.01831503	-46.04825872
1.02564103	-46.16481824
1.03296704	-47.24257576
1.04029305	-49.07381826
1.04761906	-49.74548696
1.05494506	-49.75860049
1.06227107	-51.03694935
1.06959708	-52.30739180
1.07692309	-52.42091904
1.08424909	-53.27625088
1.09157510	-54.75672174
1.09890111	-58.39392280
1.10622712	-60.39915662
1.11355312	-56.45593701
1.12087913	-58.30900743
1.12820514	-62.24449507
1.13553115	-59.01142173
1.14285715	-61.26801940
1.15018316	-67.92100049
1.15750917	-60.96770844
1.16483518	-63.17041064
1.17216118	-65.29474003
1.17948719	-60.92645616
1.18681320	-66.45535829
1.19413920	-65.21461835
1.20146521	-65.26796405
1.20879122	-74.23436140
1.21611723	-66.73724269
1.22344323	-64.90313195
1.23076924	-68.56876252
1.23809525	-65.58117498
1.24542126	-71.58604777
1.25274726	-74.92633570
1.26007327	-73.60101429
1.26739928	-77.44902577
1.27472529	-74.60798005
1.28205129	-66.31564701
1.28937730	-75.19080201
1.29670331	-66.76173860
1.30402932	-67.01893772
1.31135532	-87.46800275
1.31868133	-70.63774339
1.32600734	-70.65705694
1.33333335	-81.80309963
1.34065935	-70.06534216
1.34798536	-72.31998501
1.35531137	-74.75218196
1.36263737	-71.00360606
1.36996338	-86.88690591
1.37728939	-74.15718113
1.38461540	-77.13820224
1.39194140	-82.91319900
1.39926741	-74.41909160
1.40659342	-70.58742177
1.41391943	-78.38579073
1.42124543	-84.62132196
1.42857144	-92.53211896
1.43589745	-78.04110303
1.44322346	-76.18655821
1.45054946	-79.93323920
1.45787547	-76.16958121
1.46520148	-80.26057307
1.47252749	-81.27375384
1.47985349	-89.38819493
1.48717950	-74.55656049
1.49450551	-74.83328405
1.50183152	-88.87956003
1.50915752	-72.68447383
1.51648353	-72.05356953
1.52380954	-78.56100491
1.53113554	-76.25494802
1.53846155	-73.93826510
1.54578756	-77.51220736
1.55311357	-101.24134701
1.56043957	-77.16324890
1.56776558	-72.46090682
1.57509159	-72.15192305
1.58241760	-74.40383338
1.58974360	-91.72691557
1.59706961	-78.33897746
1.60439562	-80.42205513
1.61172163	-74.51226397
1.61904763	-77.84019471
1.62637364	-83.14188867
1.63369965	-75.73961714
1.64102566	-78.37405812
1.64835166	-100.75250268
1.65567767	-81.90653584
1.66300368	-88.84190687
1.67032969	-76.93156326
1.67765569	-73.47447357
1.68498170	-76.39784924
1.69230771	-82.39813892
1.69963371	-76.94529165
1.70695972	-77.78930773
1.71428573	-78.22929047
1.72161174	-73.56562263
1.72893774	-75.29728409
1.73626375	-76.00206845
1.74358976	-73.71526858
1.75091577	-72.69370657
1.75824177	-77.55768139
1.76556778	-84.07457289
1.77289379	-75.77956035
1.78021980	-78.55436466
1.78754580	-86.09557866
1.79487181	-83.37534478
1.80219782	-75.84372272
1.80952383	-73.48534548
1.81684983	-78.69478106
1.82417584	-84.03522946
1.83150185	-76.09148475
1.83882786	-77.00980198
1.84615386	-75.29441735
1.85347987	-72.78913078
1.86080588	-73.36509233
1.86813188	-78.13599034
1.87545789	-79.29298832
1.88278390	-79.67383059
1.89010991	-83.58443913
1.89743591	-75.87501909
1.90476192	-71.47877243
1.91208793	-69.74901658
1.91941394	-71.83468960
1.92673994	-80.45304842
1.93406595	-83.39008871
1.94139196	-80.13854256
1.94871797	-72.93354195
1.95604397	-74.92574232
1.96336998	-83.13153342
1.97069599	-82.03036568
1.97802200	-92.34401607
1.98534800	-94.29071833
1.99267401	-82.74590755
2.00000002	-73.10647922
2.00732603	-70.38663857
2.01465203	-73.40467489
2.02197804	-81.71634482
2.02930405	-75.37410112
2.03663005	-76.24111240
2.04395606	-86.80575787
2.05128207	-72.70061201
2.05860808	-71.25314188
2.06593408	-78.37367023
2.07326009	-79.17887151
2.08058610	-84.49403239
2.08791211	-76.83117438
2.09523811	-81.19783390
2.10256412	-76.14393451
2.10989013	-74.21894178
2.11721614	-81.73301433
2.12454214	-74.69525287
2.13186815	-81.32199207
2.13919416	-79.69800884
2.14652017	-78.05709936
2.15384617	-77.23859118
2.16117218	-74.77821876
2.16849819	-77.23385419
2.17582420	-78.16122206
2.18315020	-74.27427165
2.19047621	-76.41250965
2.19780222	-80.13644871
2.20512822	-82.53516905
2.21245423	-76.59115746
2.21978024	-73.56389733
2.22710625	-79.74652690
2.23443225	-81.28319978
2.24175826	-79.65116550
2.24908427	-78.56184666
2.25641028	-77.58391364
2.26373628	-84.53133583
2.27106229	-75.39329556
2.27838830	-78.22924807
2.28571431	-75.10496664
2.29304031	-76.94129142
2.30036632	-79.73821909
2.30769233	-78.56226288
2.31501834	-74.63746435
2.32234434	-74.02241093
2.32967035	-92.70812963
2.33699636	-76.71181387
2.34432237	-82.61332034
2.35164837	-82.02524427
2.35897438	-80.38044178
2.36630039	-75.48544000
2.37362639	-84.81235648
2.38095240	-83.83640286
2.38827841	-84.95916595
2.39560442	-80.68394622
2.40293042	-78.45226910
2.41025643	-84.52517557
2.41758244	-75.59498436
2.42490845	-74.18893319
2.43223445	-80.62214595
2.43956046	-80.34436502
2.44688647	-76.92363236
2.45421248	-77.23410556
2.46153848	-72.05655465
2.46886449	-73.23759348
2.47619050	-75.41732474
2.48351651	-82.29488875
2.49084251	-77.67439748
2.49816852	-74.25210575
2.50549453	-73.22863464
2.51282054	-71.79824301
2.52014654	-75.22276452
2.52747255	-83.78593633
2.53479856	-79.53980811
2.54212457	-77.30897827
2.54945057	-84.64162630
2.55677658	-78.89878596
2.56410259	-73.58766160
2.57142859	-76.07952669
2.57875460	-74.74504530
2.58608061	-73.48108812
2.59340662	-80.50880205
2.60073262	-93.29568552
2.60805863	-81.73872408
2.61538464	-80.54742866
2.62271065	-74.64785116
2.63003665	-72.84461681
2.63736266	-77.06212899
2.64468867	-81.70715127
2.65201468	-82.11447677
2.65934068	-78.94697513
2.66666669	-84.19567700
2.67399270	-79.51788440
2.68131871	-72.14535521
2.68864471	-72.86558005
2.69597072	-89.87455746
2.70329673	-75.58375022
2.71062274	-84.43773237
2.71794874	-80.69803326
2.72527475	-79.82052752
2.73260076	-82.27065091
2.73992676	-76.64841232
2.74725277	-74.21469050
2.75457878	-79.92585831
2.76190479	-82.85698089
2.76923079	-88.60828752
2.77655680	-80.30649541
2.78388281	-77.78520597
2.79120882	-82.62043354
2.79853482	-84.65935518
2.80586083	-88.27242340
2.81318684	-77.19105418
2.82051285	-78.23617387
2.82783885	-80.23457708
2.83516486	-81.27738776
2.84249087	-81.37531158
2.84981688	-76.64361795
2.85714288	-85.59547768
2.86446889	-77.29275507
2.87179490	-82.83613630
2.87912091	-75.31675002
2.88644691	-77.01418529
2.89377292	-83.15352381
2.90109893	-76.44246660
2.90842493	-78.64311273
2.91575094	-80.11716913
2.92307695	-82.47380828
2.93040296	-87.55317383
2.93772896	-84.96919277
2.94505497	-81.83140057
2.95238098	-79.60034951
2.95970699	-83.29552442
2.96703299	-80.62989497
2.97435900	-78.22680517
2.98168501	-82.38826677
2.98901102	-79.27343401
2.99633702	-77.73100303
3.00366303	-76.97797269
3.01098904	-80.56276322
3.01831505	-77.42863058
3.02564105	-74.63635330
3.03296706	-77.88552824
3.04029307	-81.56222972
3.04761908	-75.72618161
3.05494508	-78.55998566
3.06227109	-83.32394316
3.06959710	-77.75642330
3.07692310	-78.19428258
3.08424911	-88.65223775
3.09157512	-91.52901787
3.09890113	-81.11496621
3.10622713	-74.02969177
3.11355314	-75.04423753
3.12087915	-81.77561528
3.12820516	-77.14539163
3.13553116	-75.20601647
3.14285717	-73.48934911
3.15018318	-74.79704067
3.15750919	-90.48594554
3.16483519	-78.16366031
3.17216120	-76.58271934
3.17948721	-80.02646357
3.18681322	-77.65829353
3.19413922	-79.86214151
3.20146523	-94.37164993
3.20879124	-84.24032883
3.21611725	-108.34065163
3.22344325	-81.04354893
3.23076926	-78.96974433
3.23809527	-83.89562698
3.24542127	-88.39517370
3.25274728	-82.70183258
3.26007329	-80.76789031
3.26739930	-91.13945429
3.27472530	-88.30612398
3.28205131	-88.27174485
3.28937732	-77.01346025
3.29670333	-78.19997800
3.30402933	-99.75998588
3.31135534	-82.98179072
3.31868135	-88.66151216
3.32600736	-85.32828856
3.33333336	-76.93512220
3.34065937	-76.31751737
3.34798538	-85.94567597
3.35531139	-73.45742038
3.36263739	-73.51091873
3.36996340	-78.77372946
3.37728941	-79.06252640
3.38461542	-85.54604512
3.39194142	-80.37517895
3.39926743	-78.61124572
3.40659344	-94.90471603
3.41391944	-78.92378035
3.42124545	-79.71115926
3.42857146	-86.49811677
3.43589747	-89.41035867
3.44322347	-81.18254178
3.45054948	-79.86922115
3.45787549	-78.54950959
3.46520150	-76.46809393
3.47252750	-86.44200849
3.47985351	-81.00389946
3.48717952	-75.38224626
3.49450553	-73.90376343
3.50183153	-76.12119265
3.50915754	-78.81253598
3.51648355	-77.14003869
3.52380956	-88.79797434
3.53113556	-80.44121139
3.53846157	-81.55359429
3.54578758	-78.88451042
3.55311359	-74.10835252
3.56043959	-78.18422599
3.56776560	-78.15320172
3.57509161	-73.21644487
3.58241761	-77.19178366
3.58974362	-72.88537411
3.59706963	-73.97212687
3.60439564	-76.65198261
3.61172164	-80.83309180
3.61904765	-77.81699065
3.62637366	-76.63405391
3.63369967	-100.60840230
3.64102567	-79.77668415
3.64835168	-83.89573617
3.65567769	-93.23671669
3.66300370	-82.18588273
3.67032970	-78.10025435
3.67765571	-84.79552922
3.68498172	-86.20835729
3.69230773	-87.40850582
3.69963373	-82.46210060
3.70695974	-78.85963746
3.71428575	-77.27545047
3.72161176	-77.48221302
3.72893776	-83.42657863
3.73626377	-87.13618050
3.74358978	-80.47866798
3.75091578	-82.13726194
3.75824179	-80.72338365
3.76556780	-78.88555916
3.77289381	-86.34163453
3.78021981	-87.48474391
3.78754582	-83.69628555
3.79487183	-84.93246557
3.80219784	-85.76540413
3.80952384	-81.48470660
3.81684985	-83.42235999
3.82417586	-86.97322606
3.83150187	-79.45208794
3.83882787	-75.75502998
3.84615388	-75.46586003
3.85347989	-82.56066513
3.86080590	-91.13179399
3.86813190	-90.15842846
3.87545791	-87.44010273
3.88278392	-80.91875266
3.89010993	-83.07540051
3.89743593	-84.27732854
3.90476194	-86.11156936
3.91208795	-85.77631698
3.91941395	-80.47210923
3.92673996	-84.69944543
3.93406597	-83.57592592
3.94139198	-77.71117650
3.94871798	-80.17525606
3.95604399	-79.32204062
3.96337000	-77.06777822
3.97069601	-81.29132734
3.97802201	-89.03057609
3.98534802	-83.78851553
3.99267403	-75.55806809
4.00000004	-76.18848566
4.00732604	-96.10714171
4.01465205	-81.17936642
4.02197806	-87.76779292
4.02930407	-78.66449946
4.03663007	-85.10486713
4.04395608	-84.16074630
4.05128209	-79.79513625
4.05860810	-76.72133170
4.06593410	-80.06461756
4.07326011	-82.52006502
4.08058612	-77.44835828
4.08791212	-81.74730921
4.09523813	-82.96269434
4.10256414	-78.80822096
4.10989015	-77.31530207
4.11721615	-78.60175477
4.12454216	-84.59536080
4.13186817	-93.99306216
4.13919418	-84.61833729
4.14652018	-81.43783592
4.15384619	-81.06219704
4.16117220	-79.12178028
4.16849821	-76.71230412
4.17582421	-80.25115164
4.18315022	-87.33034024
4.19047623	-83.48060469
4.19780224	-77.97803819
4.20512824	-81.86240680
4.21245425	-80.77338059
4.21978026	-77.38298129
4.22710627	-79.13088715
4.23443227	-79.36134709
4.24175828	-84.76288648
4.24908429	-103.39185075
4.25641029	-92.87915923
4.26373630	-85.92117574
4.27106231	-81.70372402
4.27838832	-78.99909984
4.28571432	-78.76598623
4.29304033	-83.15352968
4.30036634	-77.73462097
4.30769235	-78.81082409
4.31501835	-82.95095892
4.32234436	-75.48879764
4.32967037	-80.87202693
4.33699638	-77.14829587
4.34432238	-76.93306866
4.35164839	-77.62281882
4.35897440	-78.30099953
4.36630041	-81.41164785
4.37362641	-73.73922428
4.38095242	-74.94775680
4.38827843	-91.42347104
4.39560444	-82.86754608
4.40293044	-85.72773632
4.41025645	-80.23036710
4.41758246	-83.52818046
4.42490846	-86.92590949
4.43223447	-92.78946490
4.43956048	-81.05866300
4.44688649	-91.72315106
4.45421249	-78.56491123
4.46153850	-77.87761773
4.46886451	-84.95810068
4.47619052	-74.81931405
4.48351652	-76.78465757
4.49084253	-92.44031440
4.49816854	-81.60202473
4.50549455	-78.70567688
4.51282055	-80.49637737
4.52014656	-78.48550721
4.52747257	-76.41387076
4.53479858	-78.81816104
4.54212458	-81.80384998
4.54945059	-84.39137582
4.55677660	-91.29751081
4.56410261	-77.45321301
4.57142861	-77.31355254
4.57875462	-88.19539451
4.58608063	-79.48166446
4.59340663	-80.55669278
4.60073264	-82.66865846
4.60805865	-85.96128249
4.61538466	-93.66863092
4.62271066	-81.59650529
4.63003667	-78.15953384
4.63736268	-81.42723402
4.64468869	-85.53878503
4.65201469	-75.84167370
4.65934070	-77.08943912
4.66666671	-93.15165665
4.67399272	-76.33143116
4.68131872	-73.70584289
4.68864473	-78.51699714
4.69597074	-88.86569417
4.70329675	-84.84249454
4.71062275	-77.80211921
4.71794876	-73.87284935
4.72527477	-76.32155084
4.73260078	-86.38473822
4.73992678	-85.97761372
4.74725279	-77.72287546
4.75457880	-76.33548562
4.76190480	-81.77787278
4.76923081	-78.07088620
4.77655682	-79.36816583
4.78388283	-94.52084084
4.79120883	-80.20758080
4.79853484	-81.73884190
4.80586085	-85.05559284
4.81318686	-84.71673885
4.82051286	-87.74918033
4.82783887	-80.16673125
4.83516488	-80.46008311
4.84249089	-82.42513805
4.84981689	-75.73032723
4.85714290	-77.00911444
4.86446891	-83.32983290
4.87179492	-85.09815236
4.87912092	-91.55380503
4.88644693	-96.94235354
4.89377294	-83.85430033
4.90109895	-78.05839285
4.90842495	-82.06138293
4.91575096	-80.38679117
4.92307697	-76.31079758
4.93040297	-76.54373143
4.93772898	-80.09175421
4.94505499	-87.34989701
4.95238100	-84.06278804
4.95970700	-79.98770017
4.96703301	-83.07311263
4.97435902	-94.45635410
4.98168503	-84.88342919
4.98901103	-88.49037205
4.99633704	-82.73073435
5.00366305	-81.15425698
5.01098906	-85.41691598
5.01831506	-92.62530682
5.02564107	-79.29211717
5.03296708	-74.29596031
5.04029309	-73.64787694
5.04761909	-76.09091180
5.05494510	-80.56707108
5.06227111	-86.55559146
5.06959712	-85.12235794
5.07692312	-81.68632697
5.08424913	-85.43187801
5.09157514	-83.61828825
5.09890114	-82.32329270
5.10622715	-98.35526377
5.11355316	-84.59979139
5.12087917	-80.71645674
5.12820517	-78.09517656
5.13553118	-76.92227628
5.14285719	-80.30721565
5.15018320	-80.27058697
5.15750920	-83.51542577
5.16483521	-86.78829951
5.17216122	-82.37303536
5.17948723	-84.84709057
5.18681323	-89.57336118
5.19413924	-90.18160710
5.20146525	-84.15721277
5.20879126	-82.51386168
5.21611726	-79.07237753
5.22344327	-80.84554848
5.23076928	-85.39483565
5.23809529	-87.37248129
5.24542129	-85.98949563
5.25274730	-97.69261687
5.26007331	-87.68279079
5.26739931	-90.19995328
5.27472532	-80.02769928
5.28205133	-85.48077413
5.28937734	-78.48225959
5.29670334	-83.33670791
5.30402935	-78.47946083
5.31135536	-75.55871866
5.31868137	-75.37855468
5.32600737	-78.81551004
5.33333338	-84.67080449
5.34065939	-77.56953465
5.34798540	-76.98696143
5.35531140	-84.72669890
5.36263741	-81.75720912
5.36996342	-78.29666880
5.37728943	-76.04408527
5.38461543	-79.85999860
5.39194144	-82.13995015
5.39926745	-83.79922302
5.40659346	-89.14252080
5.41391946	-75.22291540
5.42124547	-72.50941694
5.42857148	-84.51242936
5.43589748	-74.87429547
5.44322349	-76.62195940
5.45054950	-77.48824739
5.45787551	-73.84237609
5.46520151	-79.24022916
5.47252752	-75.10327873
5.47985353	-82.37433248
5.48717954	-86.88247985
5.49450554	-83.74024122
5.50183155	-76.36476630
5.50915756	-82.05061983
5.51648357	-85.60526145
5.52380957	-89.28819954
5.53113558	-80.97007183
5.53846159	-78.17303422
5.54578760	-81.92449491
5.55311360	-92.99080649
5.56043961	-87.76765930
5.56776562	-82.79469058
5.57509163	-79.25220130
5.58241763	-84.53190295
5.58974364	-85.94000624
5.59706965	-80.40271780
5.60439565	-82.52171371
5.61172166	-93.25856108
5.61904767	-84.93139866
5.62637368	-89.05738972
5.63369968	-81.77343230
5.64102569	-93.41268430
5.64835170	-80.18619755
5.65567771	-78.65908927
5.66300371	-94.34526976
5.67032972	-83.26118378
5.67765573	-84.05697028
5.68498174	-81.65268146
5.69230774	-79.47146394
5.69963375	-80.79579111
5.70695976	-85.92190418
5.71428577	-79.00779528
5.72161177	-75.73108736
5.72893778	-78.54852315
5.73626379	-88.85538187
5.74358980	-84.62618658
5.75091580	-85.91744843
5.75824181	-85.52987758
5.76556782	-88.71162467
5.77289382	-85.71238639
5.78021983	-85.44093647
5.78754584	-80.70506836
5.79487185	-82.46611178
5.80219785	-76.63994517
5.80952386	-77.63110400
5.81684987	-83.31055035
5.82417588	-75.48140658
5.83150188	-75.44943579
5.83882789	-77.68501124
5.84615390	-80.47667433
5.85347991	-84.71188310
5.86080591	-83.33753131
5.86813192	-87.45451791
5.87545793	-89.63886384
5.88278394	-84.93142202
5.89010994	-86.38160761
5.89743595	-84.22848755
5.90476196	-84.77363742
5.91208797	-89.16365329
5.91941397	-87.63130175
5.92673998	-97.66793919
5.93406599	-93.47508488
5.94139199	-94.79991538
5.94871800	-84.08304590
5.95604401	-84.35141639
5.96337002	-85.47663225
5.97069602	-85.15649129
5.97802203	-78.34692092
5.98534804	-79.18529221
5.99267405	-82.98967166
6.00000005	-78.64959674
6.00732606	-80.19920373
6.01465207	-84.93571110
6.02197808	-92.73166946
6.02930408	-85.20071308
6.03663009	-82.32763631
6.04395610	-83.06969355
6.05128211	-81.56429314
6.05860811	-80.53802033
6.06593412	-80.00337437
6.07326013	-79.26003099
6.08058614	-81.28930287
6.08791214	-80.20525397
6.09523815	-90.83238730
6.10256416	-87.14526961
6.10989016	-80.66536285
6.11721617	-76.69440880
6.12454218	-86.57772690
6.13186819	-80.56519379
6.13919419	-88.13691509
6.14652020	-84.62418511
6.15384621	-84.00718511
6.16117222	-75.19508083
6.16849822	-77.36039607
6.17582423	-80.16794850
6.18315024	-80.94164313
6.19047625	-83.31776340
6.19780225	-78.87721763
6.20512826	-93.39663629
6.21245427	-75.62086866
6.21978028	-78.07528467
6.22710628	-83.42800123
6.23443229	-84.82877821
6.24175830	-76.84081210
6.24908431	-77.97906611
6.25641031	-84.92644829
6.26373632	-77.71023701
6.27106233	-99.60632768
6.27838833	-79.05372038
6.28571434	-79.48054020
6.29304035	-87.80086292
6.30036636	-82.05960421
6.30769236	-81.82341223
6.31501837	-83.51074522
6.32234438	-75.29017803
6.32967039	-80.26817900
6.33699639	-87.04395787
6.34432240	-83.88041031
6.35164841	-87.45116191
6.35897442	-78.51809142
6.36630042	-78.76939888
6.37362643	-82.13385045
6.38095244	-90.48794895
6.38827845	-87.43822564
6.39560445	-84.81613788
6.40293046	-85.76739192
6.41025647	-79.85806597
6.41758248	-77.33270528
6.42490848	-80.22768131
6.43223449	-106.21422539
6.43956050	-83.01010195
6.44688650	-86.16667852
6.45421251	-89.20046768
6.46153852	-85.43948560
6.46886453	-82.59757490
6.47619053	-78.61878366
6.48351654	-80.80719383
6.49084255	-80.50880921
6.49816856	-83.63582558
6.50549456	-88.12363339
6.51282057	-93.27033923
6.52014658	-82.18656096
6.52747259	-75.10517096
6.53479859	-74.03244298
6.54212460	-76.36940029
6.54945061	-76.13563517
6.55677662	-76.97641146
6.56410262	-93.14712361
6.57142863	-79.26532507
6.57875464	-77.08498269
6.58608065	-81.99559738
6.59340665	-91.87778806
6.60073266	-91.74799569
6.60805867	-89.03016049
6.61538467	-94.01382885
6.62271068	-90.71429378
6.63003669	-88.16872213
6.63736270	-88.25491095
6.64468870	-78.85783920
6.65201471	-82.46083921
6.65934072	-84.05899274
6.66666673	-81.98109454
6.67399273	-82.08350379
6.68131874	-78.05651716
6.68864475	-97.83265258
6.69597076	-79.45957230
6.70329676	-79.50686624
6.71062277	-80.56130342
6.71794878	-87.06302378
6.72527479	-84.79365769
6.73260079	-90.21568328
6.73992680	-78.35886997
6.74725281	-77.03581526
6.75457882	-84.38235485
6.76190482	-90.51614527
6.76923083	-83.43576072
6.77655684	-81.43003356
6.78388284	-79.66222627
6.79120885	-80.06687388
6.79853486	-83.52539965
6.80586087	-82.61954943
6.81318687	-82.96034934
6.82051288	-83.68141754
6.82783889	-83.18074089
6.83516490	-81.38539363
6.84249090	-84.47140503
6.84981691	-90.40863233
6.85714292	-81.61497718
6.86446893	-83.27943886
6.87179493	-86.99963195
6.87912094	-80.27894335
6.88644695	-78.39101072
6.89377296	-84.39894165
6.90109896	-84.04389242
6.90842497	-75.98160970
6.91575098	-75.98736258
6.92307699	-85.46146135
6.93040299	-86.41257169
6.93772900	-86.93353456
6.94505501	-94.18134028
6.95238101	-87.15727076
6.95970702	-78.20549960
6.96703303	-77.86783365
6.97435904	-91.11210044
6.98168504	-88.57795688
6.98901105	-85.57877884
6.99633706	-79.35524681
7.00366307	-81.82382902
7.01098907	-89.73582471
7.01831508	-81.30485002
7.02564109	-80.39460646
7.03296710	-91.34091645
7.04029310	-79.39227527
7.04761911	-75.98303003
7.05494512	-76.65891492
7.06227113	-82.99353595
7.06959713	-84.70299658
7.07692314	-86.75365152
7.08424915	-86.09259234
7.09157516	-89.55879905
7.09890116	-78.48894672
7.10622717	-79.02642025
7.11355318	-78.70535355
7.12087918	-78.29248333
7.12820519	-86.85101592
7.13553120	-82.87110614
7.14285721	-78.18088675
7.15018321	-74.88797913
7.15750922	-76.21030635
7.16483523	-83.72759392
7.17216124	-90.46443835
7.17948724	-88.40821325
7.18681325	-87.50597715
7.19413926	-90.78068139
7.20146527	-84.62514312
7.20879127	-81.62687694
7.21611728	-75.91309823
7.22344329	-79.88472772
7.23076930	-80.21240220
7.23809530	-79.32570427
7.24542131	-84.26602988
7.25274732	-81.23723040
7.26007333	-85.22637354
7.26739933	-79.49835168
7.27472534	-83.25197083
7.28205135	-78.00515440
7.28937735	-79.12992046
7.29670336	-86.31048133
7.30402937	-82.73572713
7.31135538	-94.92672630
7.31868138	-81.09323207
7.32600739	-77.69470730
7.33333340	-78.44402915
7.34065941	-87.96752596
7.34798541	-83.96887025
7.35531142	-83.03436738
7.36263743	-90.32309596
7.36996344	-96.88149735
7.37728944	-85.15463654
7.38461545	-80.90158705
7.39194146	-89.54551543
7.39926747	-85.42035318
7.40659347	-89.55482946
7.41391948	-79.74324946
7.42124549	-86.88851514
7.42857150	-81.10337212
7.43589750	-79.83604020
7.44322351	-93.63723727
7.45054952	-86.49529078
7.45787553	-86.82563130
7.46520153	-86.64177647
7.47252754	-81.59977315
7.47985355	-80.58938667
7.48717955	-93.71413025
7.49450556	-78.03171850
7.50183157	-76.39349045
7.50915758	-85.38569918
7.51648358	-82.65875620
7.52380959	-82.72885221
7.53113560	-86.50983794
7.53846161	-88.33090133
7.54578761	-88.57731696
7.55311362	-80.07402952
7.56043963	-74.69719781
7.56776564	-80.65055682
7.57509164	-88.26562122
7.58241765	-83.40573905
7.58974366	-76.37564389
7.59706967	-77.75821481
7.60439567	-85.70292019
7.61172168	-79.37718576
7.61904769	-79.18338681
7.62637370	-79.70018638
7.63369970	-103.90597668
7.64102571	-83.53453068
7.64835172	-88.74034885
7.65567772	-81.35901492
7.66300373	-83.99965402
7.67032974	-83.74814033
7.67765575	-83.19107127
7.68498175	-100.75353491
7.69230776	-89.12029954
7.69963377	-86.56563132
7.70695978	-77.54973678
7.71428578	-77.51868420
7.72161179	-80.33832341
7.72893780	-83.42627272
7.73626381	-86.77241231
7.74358981	-92.40905954
7.75091582	-79.60712045
7.75824183	-76.25692599
7.76556784	-80.45402903
7.77289384	-82.04192095
7.78021985	-81.33056445
7.78754586	-83.07674677
7.79487187	-82.96298091
7.80219787	-81.71856266
7.80952388	-84.09659443
7.81684989	-96.33612144
7.82417589	-80.29649930
7.83150190	-79.03165601
7.83882791	-80.13377308
7.84615392	-80.76088768
7.85347992	-84.11289244
7.86080593	-84.97970931
7.86813194	-82.37183325
7.87545795	-85.85915577
7.88278395	-81.07829347
7.89010996	-84.37843770
7.89743597	-83.72680051
7.90476198	-77.20238847
7.91208798	-79.32851190
7.91941399	-83.83236357
7.92674000	-82.23424076
7.93406601	-89.88429277
7.94139201	-86.29538199
7.94871802	-81.89418316
7.95604403	-85.82171488
7.96337004	-75.96587365
7.97069604	-77.23838528
7.97802205	-86.27701004
7.98534806	-78.30883354
7.99267406	-81.00131970
8.00000007	-84.41765344
8.00732608	-81.57978247
8.01465209	-77.94484692
8.02197809	-77.23970673
8.02930410	-81.16517756
8.03663011	-86.41153571
8.04395612	-78.73649232
8.05128212	-85.31023982
8.05860813	-83.31657966
8.06593414	-90.97630678
8.07326015	-81.52087350
8.08058615	-78.63704322
8.08791216	-85.13534098
8.09523817	-84.42299127
8.10256418	-81.87666038
8.10989018	-76.62859146
8.11721619	-82.27242497
8.12454220	-77.30798825
8.13186821	-73.91304883
8.13919421	-81.66379843
8.14652022	-89.98096863
8.15384623	-87.48020254
8.16117223	-80.14949926
8.16849824	-85.54912637
8.17582425	-84.56608296
8.18315026	-93.06976171
8.19047626	-81.46687267
8.19780227	-80.31616117
8.20512828	-78.92654923
8.21245429	-82.28914248
8.21978029	-80.28373079
8.22710630	-78.34227820
8.23443231	-78.12155812
8.24175832	-74.23391007
8.24908432	-78.36455308
8.25641033	-78.53408375
8.26373634	-82.24792340
8.27106235	-88.54792739
8.27838835	-78.25023714
8.28571436	-82.93057890
8.29304037	-80.79236339
8.30036638	-81.04451715
8.30769238	-86.25967936
8.31501839	-80.47166083
8.32234440	-95.12215434
8.32967040	-89.95008321
8.33699641	-86.41425326
8.34432242	-78.97124231
8.35164843	-80.61943109
8.35897443	-98.70059870
8.36630044	-83.79807420
8.37362645	-83.79720825
8.38095246	-84.95127756
8.38827846	-82.66706844
8.39560447	-87.32019565
8.40293048	-80.23166846
8.41025649	-74.90501246
8.41758249	-75.17443463
8.42490850	-76.78299312
8.43223451	-77.39254740
8.43956052	-77.52004720
8.44688652	-80.00766103
8.45421253	-97.06833303
8.46153854	-79.61170322
8.46886455	-77.69271349
8.47619055	-85.02199708
8.48351656	-86.15285339
8.49084257	-87.23770984
8.49816857	-90.04871833
8.50549458	-85.13907332
8.51282059	-79.73609249
8.52014660	-78.23068051
8.52747260	-79.71996507
8.53479861	-82.12946423
8.54212462	-79.13917371
8.54945063	-84.32629755
8.55677663	-84.31660060
8.56410264	-80.20950450
8.57142865	-81.87081910
8.57875466	-80.69845417
8.58608066	-83.14733305
8.59340667	-86.30838447
8.60073268	-86.00308918
8.60805869	-86.00699962
8.61538469	-83.50445090
8.62271070	-80.70993837
8.63003671	-83.39079657
8.63736272	-82.39449561
8.64468872	-84.74733113
8.65201473	-90.75615487
8.65934074	-84.02736151
8.66666674	-79.41546818
8.67399275	-82.17193269
8.68131876	-84.34650768
8.68864477	-85.48815248
8.69597077	-81.23270588
8.70329678	-76.50534314
8.71062279	-83.16721475
8.71794880	-90.52123894
8.72527480	-87.65746093
8.73260081	-86.23167937
8.73992682	-81.05482469
8.74725283	-77.13323657
8.75457883	-82.16500412
8.76190484	-89.45270671
8.76923085	-80.91203598
8.77655686	-79.74270407
8.78388286	-87.48445262
8.79120887	-80.83622993
8.79853488	-77.59472531
8.80586089	-83.68737444
8.81318689	-89.41973551
8.82051290	-85.61186451
8.82783891	-85.06454415
8.83516491	-81.90267060
8.84249092	-80.04785081
8.84981693	-91.66175903
8.85714294	-84.55232640
8.86446894	-83.27167133
8.87179495	-90.25784996
8.87912096	-91.95054972
8.88644697	-86.43357978
8.89377297	-110.69373586
8.90109898	-84.91497187
8.90842499	-85.00667435
8.91575100	-87.19755352
8.92307700	-87.37319994
8.93040301	-90.59854179
8.93772902	-82.91007959
8.94505503	-79.11292904
8.95238103	-83.59459097
8.95970704	-86.26171543
8.96703305	-84.45029496
8.97435906	-84.70988771
8.98168506	-83.83413796
8.98901107	-83.80005718
8.99633708	-85.14498438
9.00366308	-91.10531829
9.01098909	-91.22323902
9.01831510	-91.26450436
9.02564111	-81.03821995
9.03296711	-82.39634018
9.04029312	-85.74288716
9.04761913	-83.47454779
9.05494514	-89.27505135
9.06227114	-103.92187225
9.06959715	-91.15662112
9.07692316	-83.27801873
9.08424917	-78.25253571
9.09157517	-77.69048041
9.09890118	-82.09747311
9.10622719	-90.11802592
9.11355320	-89.38086911
9.12087920	-81.37053498
9.12820521	-85.93970287
9.13553122	-78.67726741
9.14285723	-79.34929852
9.15018323	-93.96599183
9.15750924	-80.44390770
9.16483525	-82.32661739
9.17216125	-84.75252932
9.17948726	-90.12394040
9.18681327	-90.41140668
9.19413928	-84.47783476
9.20146528	-81.66884360
9.20879129	-81.72664177
9.21611730	-81.22095770
9.22344331	-78.59463043
9.23076931	-76.89490106
9.23809532	-78.84496643
9.24542133	-81.70589505
9.25274734	-76.78346046
9.26007334	-87.37815724
9.26739935	-77.20210249
9.27472536	-77.39325524
9.28205137	-93.24446461
9.28937737	-82.43692036
9.29670338	-86.23947055
9.30402939	-76.59347282
9.31135540	-78.77769822
9.31868140	-91.95312623
9.32600741	-84.42419256
9.33333342	-78.39685551
9.34065942	-81.03082262
9.34798543	-85.81416196
9.35531144	-81.73460029
9.36263745	-93.39385006
9.36996345	-83.47730250
9.37728946	-79.58526854
9.38461547	-83.56067952
9.39194148	-96.75230061
9.39926748	-90.00033117
9.40659349	-87.64525097
9.41391950	-81.12053624
9.42124551	-80.41995998
9.42857151	-76.85150018
9.43589752	-78.09597421
9.44322353	-79.79210043
9.45054954	-85.70328540
9.45787554	-88.35741862
9.46520155	-88.20273489
9.47252756	-88.65518878
9.47985357	-87.49545283
9.48717957	-84.82336336
9.49450558	-82.67145323
9.50183159	-80.41495222
9.50915759	-84.06870446
9.51648360	-86.50323582
9.52380961	-83.46828299
9.53113562	-90.13005864
9.53846162	-85.60629323
9.54578763	-84.16211645
9.55311364	-90.00480579
9.56043965	-79.40055117
9.56776565	-78.06760129
9.57509166	-85.53564103
9.58241767	-86.64581791
9.58974368	-83.32685995
9.59706968	-94.23903561
9.60439569	-81.34234217
9.61172170	-86.51000464
9.61904771	-81.61879592
9.62637371	-81.51054012
9.63369972	-90.10876424
9.64102573	-77.86922253
9.64835174	-77.52876862
9.65567774	-79.40009761
9.66300375	-82.59736187
9.67032976	-91.45070282
9.67765576	-84.17021346
9.68498177	-83.75129489
9.69230778	-91.10167579
9.69963379	-91.02905672
9.70695979	-81.40705936
9.71428580	-83.24926846
9.72161181	-86.60567599
9.72893782	-78.91860501
9.73626382	-80.05822782
9.74358983	-81.16327964
9.75091584	-92.58133519
9.75824185	-81.92260428
9.76556785	-81.64261049
9.77289386	-97.42551581
9.78021987	-86.22433213
9.78754588	-82.97103477
9.79487188	-81.73848933
9.80219789	-93.12259447
9.80952390	-79.88340898
9.81684991	-81.68629077
9.82417591	-80.62292013
9.83150192	-82.47328811
9.83882793	-83.07806727
9.84615393	-93.88196391
9.85347994	-79.53156613
9.86080595	-76.58065194
9.86813196	-80.36964862
9.87545796	-83.08591062
9.88278397	-84.96643317
9.89010998	-94.43046421
9.89743599	-85.28365034
9.90476199	-79.95549501
9.91208800	-81.07843861
9.91941401	-98.31202032
9.92674002	-83.76570460
9.93406602	-83.33036978
9.94139203	-78.70240807
9.94871804	-77.79567622
9.95604405	-81.81678923
9.96337005	-95.21630410
9.97069606	-86.92191009
9.97802207	-89.16688020
9.98534808	-84.11548442
9.99267408	-80.05198257
10.00000009	-79.50911233
10.00732610	-86.02857697
10.01465210	-91.07051452
10.02197811	-85.84188388
10.02930412	-89.04045428
10.03663013	-92.05430207
10.04395613	-91.88512564
10.05128214	-81.46828940
10.05860815	-77.85993333
10.06593416	-79.55759281
10.07326016	-75.68782661
10.08058617	-77.82309997
10.08791218	-80.67288637
10.09523819	-84.07044101
10.10256419	-87.44292329
10.10989020	-80.14138006
10.11721621	-81.28915679
10.12454222	-81.66088016
10.13186822	-80.54529768
10.13919423	-80.72112353
10.14652024	-79.67470220
10.15384625	-80.01169192
10.16117225	-82.22198061
10.16849826	-74.29672531
10.17582427	-74.66352100
10.18315027	-85.85362612
10.19047628	-83.52610127
10.19780229	-82.86568223
10.20512830	-89.34010642
10.21245430	-85.60694707
10.21978031	-82.14406405
10.22710632	-90.18145801
10.23443233	-83.53606598
10.24175833	-80.41093368
10.24908434	-87.69990899
10.25641035	-83.41740469
10.26373636	-84.05190722
10.27106236	-100.02256593
10.27838837	-85.33306378
10.28571438	-94.80627628
10.29304039	-81.64004886
10.30036639	-78.13489077
10.30769240	-77.13131858
10.31501841	-75.13579806
10.32234442	-76.63494886
10.32967042	-82.59372273
10.33699643	-86.14628368
10.34432244	-74.58951849
10.35164844	-73.36021873
10.35897445	-80.80432883
10.36630046	-85.89238720
10.37362647	-81.11940042
10.38095247	-92.07006342
10.38827848	-83.01999698
10.39560449	-80.69573303
10.40293050	-81.43590788
10.41025650	-76.69549058
10.41758251	-75.81922413
10.42490852	-78.63875489
10.43223453	-81.39847570
10.43956053	-84.14198776
10.44688654	-85.12210121
10.45421255	-80.53812250
10.46153856	-87.87827324
10.46886456	-86.01280492
10.47619057	-108.03154798
10.48351658	-82.49634552
10.49084259	-79.12209934
10.49816859	-74.60763392
10.50549460	-76.47819614
10.51282061	-77.33650642
10.52014661	-76.47400891
10.52747262	-84.01909913
10.53479863	-80.08971357
10.54212464	-79.30501483
10.54945064	-85.52951738
10.55677665	-85.27980575
10.56410266	-88.00362159
10.57142867	-87.22596618
10.57875467	-85.63412464
10.58608068	-86.14322752
10.59340669	-94.63889329
10.60073270	-83.32617199
10.60805870	-77.06214695
10.61538471	-79.06543636
10.62271072	-94.77270581
10.63003673	-88.93738140
10.63736273	-82.18554979
10.64468874	-76.61789857
10.65201475	-77.26039040
10.65934076	-86.29151503
10.66666676	-81.66178247
10.67399277	-80.90378759
10.68131878	-95.92593222
10.68864478	-79.88519317
10.69597079	-78.06523771
10.70329680	-79.87537799
10.71062281	-90.40560333
10.71794881	-78.83281748
10.72527482	-78.68633339
10.73260083	-85.91273165
10.73992684	-77.81244838
10.74725284	-77.17257668
10.75457885	-78.25294651
10.76190486	-83.25330181
10.76923087	-88.73002578
10.77655687	-77.26187562
10.78388288	-76.96783652
10.79120889	-90.62669166
10.79853490	-78.72260641
10.80586090	-81.95977730
10.81318691	-88.23257923
10.82051292	-90.70612777
10.82783893	-85.71089733
10.83516493	-82.63492738
10.84249094	-78.61091168
10.84981695	-78.90070528
10.85714295	-83.74570874
10.86446896	-85.66111926
10.87179497	-80.96769319
10.87912098	-82.10139366
10.88644698	-88.91280886
10.89377299	-87.95917219
10.90109900	-91.14351880
10.90842501	-79.86205747
10.91575101	-75.39775763
10.92307702	-81.87542432
10.93040303	-86.27062841
10.93772904	-86.29285124
10.94505504	-79.47578323
10.95238105	-81.21481188
10.95970706	-86.44060889
10.96703307	-80.64864225
10.97435907	-102.31760385
10.98168508	-84.04475173
10.98901109	-99.02141030
10.99633710	-80.62451969
11.00366310	-81.10850648
11.01098911	-79.92247933
11.01831512	-77.20285472
11.02564112	-78.36080986
11.03296713	-80.62333200
11.04029314	-83.22242330
11.04761915	-83.38004030
11.05494515	-81.67885029
11.06227116	-77.44776780
11.06959717	-79.09940530
11.07692318	-88.23441745
11.08424918	-88.82040879
11.09157519	-80.23894922
11.09890120	-86.04665613
11.10622721	-80.51352375
11.11355321	-78.26037546
11.12087922	-91.43912639
11.12820523	-79.60559551
11.13553124	-82.20114190
11.14285724	-125.46552988
11.15018325	-85.92238742
11.15750926	-84.07759754
11.16483527	-80.47903463
11.17216127	-78.95009273
11.17948728	-80.19824399
11.18681329	-82.87325432
11.19413929	-89.02802747
11.20146530	-90.44049877
11.20879131	-83.27137645
11.21611732	-103.99455393
11.22344332	-79.67186905
11.23076933	-78.12463289
11.23809534	-82.72317705
11.24542135	-85.84266427
11.25274735	-87.40693299
11.26007336	-81.63885824
11.26739937	-79.25917233
11.27472538	-83.37408118
11.28205138	-97.80433914
11.28937739	-98.72887210
11.29670340	-82.99053228
11.30402941	-80.32613583
11.31135541	-81.65177435
11.31868142	-82.37017585
11.32600743	-81.42956039
11.33333344	-82.21039558
11.34065944	-87.23632434
11.34798545	-81.61499440
11.35531146	-79.20156066
11.36263746	-83.92641578
11.36996347	-92.51817757
11.37728948	-84.31879818
11.38461549	-85.90326057
11.39194149	-81.70689487
11.39926750	-89.62604345
11.40659351	-85.82885351
11.41391952	-83.56042999
11.42124552	-77.35041360
11.42857153	-82.19221214
11.43589754	-87.77732878
11.44322355	-82.53089632
11.45054955	-77.15877712
11.45787556	-78.12480107
11.46520157	-83.13833273
11.47252758	-98.24825465
11.47985358	-87.88365011
11.48717959	-83.04034766
11.49450560	-77.36890258
11.50183161	-78.67941045
11.50915761	-82.98625643
11.51648362	-89.47574584
11.52380963	-80.96326998
11.53113563	-80.38745458
11.53846164	-96.19327779
11.54578765	-81.90102566
11.55311366	-80.61079958
11.56043966	-94.31333133
11.56776567	-81.56563655
11.57509168	-81.25697168
11.58241769	-98.53235917
11.58974369	-78.54789300
11.59706970	-77.96952391
11.60439571	-86.24815197
11.61172172	-86.25864415
11.61904772	-92.21826266
11.62637373	-81.41512966
11.63369974	-81.87202561
11.64102575	-85.25384530
11.64835175	-81.16727413
11.65567776	-78.92157514
11.66300377	-84.92277931
11.67032978	-88.94572982
11.67765578	-88.57028943
11.68498179	-84.63618332
11.69230780	-90.97555554
11.69963380	-95.80670141
11.70695981	-84.74566517
11.71428582	-87.24871565
11.72161183	-84.69688975
11.72893783	-82.37386054
11.73626384	-87.82266213
11.74358985	-87.59466682
11.75091586	-78.26271518
11.75824186	-78.13053780
11.76556787	-87.21782400
11.77289388	-82.12532709
11.78021989	-81.16709644
11.78754589	-80.56474624
11.79487190	-81.77520074
11.80219791	-85.23449371
11.80952392	-89.55232359
11.81684992	-90.13969468
11.82417593	-84.00530113
11.83150194	-80.16812270
11.83882795	-83.75011852
11.84615395	-92.28992453
11.85347996	-83.97237226
11.86080597	-81.51274965
11.86813197	-86.00846868
11.87545798	-76.65219305
11.88278399	-78.26487348
11.89011000	-84.63132841
11.89743600	-77.16514213
11.90476201	-81.34994835
11.91208802	-88.37713068
11.91941403	-86.50118453
11.92674003	-85.50846358
11.93406604	-83.67486811
11.94139205	-84.07787185
11.94871806	-87.21181946
11.95604406	-91.04282892
11.96337007	-81.26240875
11.97069608	-80.20905182
11.97802209	-81.91147780
11.98534809	-82.41429406
11.99267410	-80.79733791
12.00000011	-83.37506785
12.00732612	-97.74015159
12.01465212	-85.81587493
12.02197813	-94.80646151
12.02930414	-82.56133188
12.03663014	-78.55816211
12.04395615	-79.68783710
12.05128216	-83.06490487
12.05860817	-85.80344913
12.06593417	-86.90375033
12.07326018	-87.71223705
12.08058619	-86.03175099
12.08791220	-83.13996757
12.09523820	-82.36641102
12.10256421	-83.07278400
12.10989022	-81.45205191
12.11721623	-79.63928440
12.12454223	-81.82189056
12.13186824	-91.11157048
12.13919425	-79.42243162
12.14652026	-78.13168053
12.15384626	-78.91427239
12.16117227	-78.82067623
12.16849828	-84.03051002
12.17582429	-95.36248646
12.18315029	-89.09596743
12.19047630	-87.99246071
12.19780231	-81.89098692
12.20512831	-83.67627137
12.21245432	-79.78250534
12.21978033	-81.79740932
12.22710634	-83.18004100
12.23443234	-86.85391851
12.24175835	-91.46942108
12.24908436	-87.60229684
12.25641037	-95.66365953
12.26373637	-90.12522023
12.27106238	-88.94382367
12.27838839	-93.16221541
12.28571440	-89.15434208
12.29304040	-87.49606427
12.30036641	-94.88884588
12.30769242	-89.22500228
12.31501843	-82.29098003
12.32234443	-84.94028320
12.32967044	-112.50046590
12.33699645	-83.46121024
12.34432246	-81.69124738
12.35164846	-86.21817341
12.35897447	-81.66813300
12.36630048	-87.82478765
12.37362649	-83.70989533
12.38095249	-88.46756909
12.38827850	-77.67012000
12.39560451	-75.59653128
12.40293051	-81.61514496
12.41025652	-89.53310275
12.41758253	-87.31897362
12.42490854	-80.33333117
12.43223454	-79.94050533
12.43956055	-82.04740515
12.44688656	-81.85433177
12.45421257	-83.33059688
12.46153857	-80.15702541
12.46886458	-78.86049754
12.47619059	-88.49729039
12.48351660	-83.49822494
12.49084260	-82.31886339
12.49816861	-82.48093676
12.50549462	-80.13911479
12.51282063	-80.22828353
12.52014663	-82.29669116
12.52747264	-80.61730745
12.53479865	-80.31397768
12.54212466	-91.49294140
12.54945066	-83.05407536
12.55677667	-81.68439084
12.56410268	-82.49577795
12.57142868	-87.24199444
12.57875469	-81.99678595
12.58608070	-84.00406353
12.59340671	-79.15304158
12.60073271	-83.97203854
12.60805872	-83.79882258
12.61538473	-78.19668606
12.62271074	-79.86678865
12.63003674	-81.06430703
12.63736275	-84.70072423
12.64468876	-85.66884435
12.65201477	-81.73257860
12.65934077	-82.85134807
12.66666678	-87.31222752
12.67399279	-93.58027671
12.68131880	-90.19234286
12.68864480	-87.48879483
12.69597081	-88.36425241
12.70329682	-82.97345682
12.71062283	-79.68642874
12.71794883	-78.46712054
12.72527484	-76.42220909
12.73260085	-77.80086534
12.73992685	-82.87512034
12.74725286	-88.37163102
12.75457887	-93.21995916
12.76190488	-88.26844309
12.76923088	-85.27156317
12.77655689	-87.29509267
12.78388290	-82.68558198
12.79120891	-82.10453763
12.79853491	-84.47298035
12.80586092	-84.63470194
12.81318693	-80.67110622
12.82051294	-80.06277328
12.82783894	-82.97751677
12.83516495	-82.61648282
12.84249096	-85.06271337
12.84981697	-82.25432915
12.85714297	-90.08915254
12.86446898	-85.31426024
12.87179499	-83.71310710
12.87912100	-88.48419048
12.88644700	-98.76704615
12.89377301	-89.44738618
12.90109902	-82.52294060
12.90842502	-85.95222096
12.91575103	-84.52058712
12.92307704	-83.66738740
12.93040305	-87.55161173
12.93772905	-82.88911758
12.94505506	-93.69808226
12.95238107	-85.37056047
12.95970708	-87.92329369
12.96703308	-89.98699464
12.97435909	-87.77514560
12.98168510	-81.48443698
12.98901111	-89.25044820
12.99633711	-79.58881612
13.00366312	-76.15224572
13.01098913	-84.69324172
13.01831514	-85.53567266
13.02564114	-85.94951322
13.03296715	-81.47150577
13.04029316	-82.68701760
13.04761917	-80.27729047
13.05494517	-81.50696867
13.06227118	-89.08009145
13.06959719	-80.36316724
13.07692319	-86.02920046
13.08424920	-79.62998516
13.09157521	-80.04131589
13.09890122	-85.63269305
13.10622722	-93.12989725
13.11355323	-98.29723914
13.12087924	-82.57489823
13.12820525	-78.33121818
13.13553125	-79.64073517
13.14285726	-79.85648425
13.15018327	-80.50856099
13.15750928	-79.12276306
13.16483528	-80.08419417
13.17216129	-99.00182253
13.17948730	-79.19851925
13.18681331	-80.40720539
13.19413931	-85.39675010
13.20146532	-76.88139865
13.20879133	-79.47359325
13.21611734	-97.50104638
13.22344334	-93.35388244
13.23076935	-80.14341284
13.23809536	-75.22303208
13.24542136	-76.44830213
13.25274737	-82.42221222
13.26007338	-82.16930595
13.26739939	-80.15380558
13.27472539	-83.29799258
13.28205140	-88.89383538
13.28937741	-88.73908283
13.29670342	-80.99165166
13.30402942	-86.48075450
13.31135543	-86.88016715
13.31868144	-84.04317984
13.32600745	-82.87848603
13.33333345	-86.18875691
13.34065946	-80.40053724
13.34798547	-80.47377055
13.35531148	-88.66668786
13.36263748	-81.69438751
13.36996349	-85.52126108
13.37728950	-77.04360750
13.38461551	-76.34792441
13.39194151	-81.63424899
13.39926752	-89.51154121
13.40659353	-85.42169140
13.41391953	-82.00694638
13.42124554	-82.48634397
13.42857155	-90.90319679
13.43589756	-83.53839921
13.44322356	-82.75532609
13.45054957	-94.45576075
13.45787558	-86.46923602
13.46520159	-93.58680538
13.47252759	-81.61874144
13.47985360	-80.96879510
13.48717961	-83.19905220
13.49450562	-81.70320035
13.50183162	-84.69817334
13.50915763	-83.25108583
13.51648364	-85.33985298
13.52380965	-89.18637190
13.53113565	-88.55305588
13.53846166	-81.97328354
13.54578767	-85.25815430
13.55311368	-82.55054783
13.56043968	-82.37516437
13.56776569	-88.37038669
13.57509170	-88.02340375
13.58241770	-84.85651244
13.58974371	-82.56897255
13.59706972	-79.83659424
13.60439573	-78.80465345
13.61172173	-81.77487666
13.61904774	-83.67018754
13.62637375	-86.18109558
13.63369976	-86.82056564
13.64102576	-82.27568758
13.64835177	-84.03265938
13.65567778	-76.35992681
13.66300379	-78.42919275
13.67032979	-90.34243237
13.67765580	-88.82127024
13.68498181	-83.49818899
13.69230782	-81.49206158
13.69963382	-88.21390017
13.70695983	-88.81257241
13.71428584	-85.13924650
13.72161185	-76.81543701
13.72893785	-75.95352567
13.73626386	-76.02568256
13.74358987	-77.93689510
13.75091587	-81.88463158
13.75824188	-84.47828305
13.76556789	-101.97350961
13.77289390	-84.52879975
13.78021990	-85.51572703
13.78754591	-90.34130849
13.79487192	-87.67248172
13.80219793	-89.96954762
13.80952393	-85.91734188
13.81684994	-81.68941984
13.82417595	-85.72934357
13.83150196	-81.79156426
13.83882796	-78.14838484
13.84615397	-78.69110182
13.85347998	-80.95721454
13.86080599	-85.91861832
13.86813199	-74.62686557
13.87545800	-75.81664768
13.88278401	-82.26111816
13.89011002	-78.34775155
13.89743602	-80.04646167
13.90476203	-85.70591235
13.91208804	-92.54536265
13.91941404	-86.52672862
13.92674005	-82.95422403
13.93406606	-81.15570624
13.94139207	-80.77595737
13.94871807	-85.05285007
13.95604408	-97.82393304
13.96337009	-99.89148758
13.97069610	-86.92671905
13.97802210	-84.35997014
13.98534811	-91.51852434
13.99267412	-82.74567690
14.00000013	-81.27685268
14.00732613	-83.45553245
14.01465214	-84.31186747
14.02197815	-87.20228274
14.02930416	-85.16930546
14.03663016	-77.97589133
14.04395617	-80.20245487
14.05128218	-83.61962381
14.05860819	-83.30989928
14.06593419	-85.49193245
14.07326020	-89.44712298
14.08058621	-92.19890637
14.08791221	-80.86051429
14.09523822	-79.83043522
14.10256423	-82.12168548
14.10989024	-80.05038773
14.11721624	-84.85996838
14.12454225	-82.83947855
14.13186826	-77.76683259
14.13919427	-82.11824321
14.14652027	-81.69143290
14.15384628	-79.43651658
14.16117229	-83.74113751
14.16849830	-81.98813954
14.17582430	-82.65520623
14.18315031	-86.30926399
14.19047632	-83.49497152
14.19780233	-85.86164982
14.20512833	-88.61780122
14.21245434	-87.87906289
14.21978035	-89.03331798
14.22710636	-88.63731195
14.23443236	-87.94706589
14.24175837	-84.36895749
14.24908438	-82.46826585
14.25641038	-82.13922080
14.26373639	-80.43005584
14.27106240	-78.90828296
14.27838841	-81.83493315
14.28571441	-83.81328732
14.29304042	-78.13991235
14.30036643	-77.53319582
14.30769244	-81.63861214
14.31501844	-84.96904950
14.32234445	-78.39870730
14.32967046	-80.20953849
14.33699647	-84.85349931
14.34432247	-100.72838250
14.35164848	-83.30941085
14.35897449	-83.44610129
14.36630050	-86.82893439
14.37362650	-80.71014819
14.38095251	-79.73991514
14.38827852	-84.07062851
14.39560453	-76.71224513
14.40293053	-76.29015100
14.41025654	-80.62479589
14.41758255	-82.28276403
14.42490855	-92.50067931
14.43223456	-81.45146364
14.43956057	-86.83511693
14.44688658	-81.58480329
14.45421258	-78.01254274
14.46153859	-78.99232780
14.46886460	-80.19106869
14.47619061	-79.66951881
14.48351661	-81.45196824
14.49084262	-86.46153810
14.49816863	-84.14859798
14.50549464	-77.85312564
14.51282064	-79.67633747
14.52014665	-94.34148150
14.52747266	-90.58335738
14.53479867	-91.79858100
14.54212467	-80.21845724
14.54945068	-84.22294020
14.55677669	-87.44878186
14.56410270	-85.09961881
14.57142870	-86.53378405
14.57875471	-84.35694989
14.58608072	-84.60795448
14.59340672	-76.77990486
14.60073273	-81.06113128
14.60805874	-80.13861643
14.61538475	-75.35375660
14.62271075	-76.36762895
14.63003676	-83.40066581
14.63736277	-91.99747853
14.64468878	-84.85543785
14.65201478	-81.79164523
14.65934079	-81.31941416
14.66666680	-81.48101320
14.67399281	-85.50522874
14.68131881	-76.54052129
14.68864482	-74.68472722
14.69597083	-79.48564081
14.70329684	-82.82148881
14.71062284	-92.86122237
14.71794885	-78.41310092
14.72527486	-82.96262268
14.73260087	-87.96447555
14.73992687	-91.09657948
14.74725288	-81.15279742
14.75457889	-84.17003104
14.76190489	-80.23231116
14.76923090	-77.37543795
14.77655691	-88.45235367
14.78388292	-82.59852915
14.79120892	-77.53804814
14.79853493	-80.49898353
14.80586094	-84.28391957
14.81318695	-78.21127408
14.82051295	-84.63492665
14.82783896	-88.38816019
14.83516497	-88.04301070
14.84249098	-90.02077096
14.84981698	-82.50919273
14.85714299	-79.90827664
14.86446900	-83.22661111
14.87179501	-84.49219299
14.87912101	-86.17543714
14.88644702	-81.81664515
14.89377303	-79.40308231
14.90109904	-76.76811561
14.90842504	-76.19380550
14.91575105	-83.08642972
14.92307706	-86.42531597
14.93040306	-81.14507957
14.93772907	-84.97630930
14.94505508	-85.49972463
14.95238109	-79.43978500
14.95970709	-77.19323799
14.96703310	-77.45050116
14.97435911	-80.77592558
14.98168512	-84.12649336
14.98901112	-83.50481534
14.99633713	-80.08796025
