# Menlo Systems GmbH ScanControl
# Program Version 1.3.3
# Start: -65.00000000 ps, Average over 1000 waveforms. Timestamp: 2020-01-08T16:49:39
# Time [ps]	THz Signal [a.u.]
-65.06666581	0.00000000
-65.03333248	0.00000002
-64.99999915	0.00000006
-64.96666581	0.00000013
-64.93333248	0.00000018
-64.89999915	0.00000025
-64.86666581	0.00000037
-64.83333248	0.00000056
-64.79999915	0.00000011
-64.76666582	0.00000051
-64.73333248	0.00000028
-64.69999915	0.00000036
-64.66666582	0.00000050
-64.63333248	0.00000102
-64.59999915	0.00000062
-64.56666582	0.00000059
-64.53333248	0.00000009
-64.49999915	-0.00000060
-64.46666582	-0.00000254
-64.43333249	-0.00000179
-64.39999915	-0.00000199
-64.36666582	-0.00000385
-64.33333249	-0.00000237
-64.29999915	-0.00000451
-64.26666582	-0.00000799
-64.23333249	-0.00001154
-64.19999915	-0.00000770
-64.16666582	-0.00001246
-64.13333249	-0.00001215
-64.09999916	-0.00001270
-64.06666582	-0.00001842
-64.03333249	-0.00001835
-63.99999916	-0.00001967
-63.96666582	-0.00002497
-63.93333249	-0.00002914
-63.89999916	-0.00003154
-63.86666583	-0.00003648
-63.83333249	-0.00004197
-63.79999916	-0.00003771
-63.76666583	-0.00004406
-63.73333249	-0.00004863
-63.69999916	-0.00006070
-63.66666583	-0.00006335
-63.63333249	-0.00006919
-63.59999916	-0.00006224
-63.56666583	-0.00008234
-63.53333250	-0.00008143
-63.49999916	-0.00007780
-63.46666583	-0.00008996
-63.43333250	-0.00009342
-63.39999916	-0.00010061
-63.36666583	-0.00011501
-63.33333250	-0.00010980
-63.29999916	-0.00011076
-63.26666583	-0.00010831
-63.23333250	-0.00011218
-63.19999917	-0.00011622
-63.16666583	-0.00011770
-63.13333250	-0.00010947
-63.09999917	-0.00013244
-63.06666583	-0.00013119
-63.03333250	-0.00013376
-62.99999917	-0.00011863
-62.96666583	-0.00011550
-62.93333250	-0.00012169
-62.89999917	-0.00012066
-62.86666584	-0.00010828
-62.83333250	-0.00010109
-62.79999917	-0.00009601
-62.76666584	-0.00005792
-62.73333250	-0.00005954
-62.69999917	-0.00004101
-62.66666584	-0.00004797
-62.63333251	-0.00001811
-62.59999917	-0.00000824
-62.56666584	0.00002283
-62.53333251	0.00004400
-62.49999917	0.00004107
-62.46666584	0.00008260
-62.43333251	0.00009020
-62.39999917	0.00013203
-62.36666584	0.00014555
-62.33333251	0.00018370
-62.29999918	0.00020110
-62.26666584	0.00022937
-62.23333251	0.00026141
-62.19999918	0.00030029
-62.16666584	0.00035015
-62.13333251	0.00035563
-62.09999918	0.00036976
-62.06666584	0.00039727
-62.03333251	0.00042200
-61.99999918	0.00048143
-61.96666585	0.00051839
-61.93333251	0.00056183
-61.89999918	0.00058317
-61.86666585	0.00063985
-61.83333251	0.00061479
-61.79999918	0.00067137
-61.76666585	0.00068689
-61.73333251	0.00073437
-61.69999918	0.00072808
-61.66666585	0.00080816
-61.63333252	0.00081407
-61.59999918	0.00083246
-61.56666585	0.00092734
-61.53333252	0.00088701
-61.49999918	0.00091863
-61.46666585	0.00092576
-61.43333252	0.00095553
-61.39999918	0.00103054
-61.36666585	0.00094829
-61.33333252	0.00102385
-61.29999919	0.00110166
-61.26666585	0.00109011
-61.23333252	0.00108536
-61.19999919	0.00115113
-61.16666585	0.00115040
-61.13333252	0.00114113
-61.09999919	0.00113173
-61.06666586	0.00115455
-61.03333252	0.00112543
-60.99999919	0.00119084
-60.96666586	0.00115426
-60.93333252	0.00109566
-60.89999919	0.00109473
-60.86666586	0.00111841
-60.83333252	0.00112188
-60.79999919	0.00107978
-60.76666586	0.00104504
-60.73333253	0.00102538
-60.69999919	0.00099961
-60.66666586	0.00103393
-60.63333253	0.00088594
-60.59999919	0.00088353
-60.56666586	0.00080141
-60.53333253	0.00081037
-60.49999919	0.00080068
-60.46666586	0.00071146
-60.43333253	0.00067237
-60.39999920	0.00061380
-60.36666586	0.00054699
-60.33333253	0.00053965
-60.29999920	0.00042497
-60.26666586	0.00045343
-60.23333253	0.00039752
-60.19999920	0.00027556
-60.16666586	0.00022910
-60.13333253	0.00019280
-60.09999920	0.00014451
-60.06666587	0.00014619
-60.03333253	0.00007366
-59.99999920	-0.00010823
-59.96666587	-0.00002693
-59.93333253	-0.00015316
-59.89999920	-0.00013979
-59.86666587	-0.00019725
-59.83333254	-0.00023724
-59.79999920	-0.00032573
-59.76666587	-0.00035715
-59.73333254	-0.00037101
-59.69999920	-0.00042648
-59.66666587	-0.00043072
-59.63333254	-0.00053665
-59.59999920	-0.00057716
-59.56666587	-0.00060501
-59.53333254	-0.00053687
-59.49999921	-0.00060461
-59.46666587	-0.00056105
-59.43333254	-0.00058872
-59.39999921	-0.00062692
-59.36666587	-0.00061500
-59.33333254	-0.00067150
-59.29999921	-0.00070274
-59.26666587	-0.00068346
-59.23333254	-0.00056920
-59.19999921	-0.00058916
-59.16666588	-0.00058146
-59.13333254	-0.00055950
-59.09999921	-0.00060902
-59.06666588	-0.00060197
-59.03333254	-0.00061519
-58.99999921	-0.00063968
-58.96666588	-0.00054343
-58.93333254	-0.00043841
-58.89999921	-0.00046768
-58.86666588	-0.00048377
-58.83333255	-0.00043477
-58.79999921	-0.00032997
-58.76666588	-0.00043279
-58.73333255	-0.00034259
-58.69999921	-0.00038161
-58.66666588	-0.00035998
-58.63333255	-0.00022905
-58.59999921	-0.00023935
-58.56666588	-0.00036692
-58.53333255	-0.00037054
-58.49999922	-0.00039877
-58.46666588	-0.00035236
-58.43333255	-0.00045145
-58.39999922	-0.00041433
-58.36666588	-0.00040302
-58.33333255	-0.00030928
-58.29999922	-0.00037748
-58.26666589	-0.00030837
-58.23333255	-0.00032733
-58.19999922	-0.00033119
-58.16666589	-0.00033821
-58.13333255	-0.00038601
-58.09999922	-0.00042444
-58.06666589	-0.00042461
-58.03333255	-0.00047508
-57.99999922	-0.00041538
-57.96666589	-0.00047346
-57.93333256	-0.00048227
-57.89999922	-0.00047921
-57.86666589	-0.00052049
-57.83333256	-0.00049762
-57.79999922	-0.00048992
-57.76666589	-0.00054537
-57.73333256	-0.00066810
-57.69999922	-0.00057924
-57.66666589	-0.00054580
-57.63333256	-0.00060289
-57.59999923	-0.00059966
-57.56666589	-0.00073604
-57.53333256	-0.00062696
-57.49999923	-0.00057999
-57.46666589	-0.00046531
-57.43333256	-0.00049863
-57.39999923	-0.00045433
-57.36666589	-0.00047583
-57.33333256	-0.00055409
-57.29999923	-0.00053917
-57.26666590	-0.00031065
-57.23333256	-0.00029426
-57.19999923	-0.00031381
-57.16666590	-0.00020445
-57.13333256	-0.00036120
-57.09999923	-0.00017822
-57.06666590	-0.00022713
-57.03333257	-0.00020753
-56.99999923	-0.00014993
-56.96666590	-0.00007498
-56.93333257	-0.00010100
-56.89999923	-0.00012930
-56.86666590	-0.00000445
-56.83333257	0.00001853
-56.79999923	0.00010591
-56.76666590	0.00015249
-56.73333257	0.00014197
-56.69999924	0.00024151
-56.66666590	0.00018974
-56.63333257	0.00035692
-56.59999924	0.00024299
-56.56666590	0.00031293
-56.53333257	0.00017256
-56.49999924	0.00019337
-56.46666590	0.00022873
-56.43333257	0.00037707
-56.39999924	0.00034442
-56.36666591	0.00036965
-56.33333257	0.00043811
-56.29999924	0.00033276
-56.26666591	0.00049616
-56.23333257	0.00051601
-56.19999924	0.00052552
-56.16666591	0.00061397
-56.13333257	0.00049764
-56.09999924	0.00058053
-56.06666591	0.00062170
-56.03333258	0.00072364
-55.99999924	0.00071505
-55.96666591	0.00077393
-55.93333258	0.00061749
-55.89999924	0.00067884
-55.86666591	0.00060749
-55.83333258	0.00071879
-55.79999924	0.00069553
-55.76666591	0.00071458
-55.73333258	0.00073330
-55.69999925	0.00075298
-55.66666591	0.00068371
-55.63333258	0.00075500
-55.59999925	0.00067598
-55.56666591	0.00068311
-55.53333258	0.00067383
-55.49999925	0.00074888
-55.46666592	0.00069590
-55.43333258	0.00070533
-55.39999925	0.00083001
-55.36666592	0.00074446
-55.33333258	0.00075239
-55.29999925	0.00071462
-55.26666592	0.00071541
-55.23333258	0.00069574
-55.19999925	0.00071432
-55.16666592	0.00074825
-55.13333259	0.00075168
-55.09999925	0.00080502
-55.06666592	0.00071229
-55.03333259	0.00063168
-54.99999925	0.00073852
-54.96666592	0.00066401
-54.93333259	0.00065818
-54.89999925	0.00077946
-54.86666592	0.00083097
-54.83333259	0.00075881
-54.79999926	0.00079695
-54.76666592	0.00077992
-54.73333259	0.00087392
-54.69999926	0.00068908
-54.66666592	0.00077208
-54.63333259	0.00088607
-54.59999926	0.00081284
-54.56666592	0.00082269
-54.53333259	0.00086104
-54.49999926	0.00088033
-54.46666593	0.00083364
-54.43333259	0.00086055
-54.39999926	0.00077661
-54.36666593	0.00086898
-54.33333259	0.00097143
-54.29999926	0.00090504
-54.26666593	0.00083469
-54.23333259	0.00082426
-54.19999926	0.00078004
-54.16666593	0.00084379
-54.13333260	0.00069804
-54.09999926	0.00086182
-54.06666593	0.00078192
-54.03333260	0.00075874
-53.99999926	0.00071157
-53.96666593	0.00070685
-53.93333260	0.00074004
-53.89999927	0.00066685
-53.86666593	0.00067390
-53.83333260	0.00069156
-53.79999927	0.00060897
-53.76666593	0.00055044
-53.73333260	0.00050790
-53.69999927	0.00049628
-53.66666593	0.00055066
-53.63333260	0.00043047
-53.59999927	0.00041500
-53.56666594	0.00040989
-53.53333260	0.00034464
-53.49999927	0.00038929
-53.46666594	0.00021989
-53.43333260	0.00028582
-53.39999927	0.00036475
-53.36666594	0.00028713
-53.33333260	0.00026848
-53.29999927	0.00019507
-53.26666594	0.00024246
-53.23333261	0.00022818
-53.19999927	0.00021429
-53.16666594	0.00015421
-53.13333261	0.00012513
-53.09999927	0.00012398
-53.06666594	0.00004608
-53.03333261	0.00004926
-52.99999927	0.00002918
-52.96666594	0.00005654
-52.93333261	0.00003525
-52.89999928	0.00004296
-52.86666594	0.00000337
-52.83333261	0.00002397
-52.79999928	0.00003320
-52.76666594	-0.00001899
-52.73333261	0.00014592
-52.69999928	0.00007152
-52.66666595	0.00015662
-52.63333261	0.00009999
-52.59999928	0.00009516
-52.56666595	0.00008526
-52.53333261	0.00017619
-52.49999928	0.00016469
-52.46666595	0.00005563
-52.43333261	0.00007642
-52.39999928	0.00015679
-52.36666595	0.00013049
-52.33333262	0.00024324
-52.29999928	0.00028393
-52.26666595	0.00022704
-52.23333262	0.00023518
-52.19999928	0.00037183
-52.16666595	0.00043865
-52.13333262	0.00045893
-52.09999928	0.00045036
-52.06666595	0.00048761
-52.03333262	0.00049888
-51.99999929	0.00045948
-51.96666595	0.00056185
-51.93333262	0.00058762
-51.89999929	0.00068483
-51.86666595	0.00071912
-51.83333262	0.00070450
-51.79999929	0.00083321
-51.76666595	0.00088254
-51.73333262	0.00099260
-51.69999929	0.00104682
-51.66666596	0.00114332
-51.63333262	0.00116482
-51.59999929	0.00122248
-51.56666596	0.00126411
-51.53333262	0.00140185
-51.49999929	0.00136656
-51.46666596	0.00153377
-51.43333262	0.00163910
-51.39999929	0.00175417
-51.36666596	0.00183038
-51.33333263	0.00185593
-51.29999929	0.00189322
-51.26666596	0.00199771
-51.23333263	0.00209402
-51.19999929	0.00209196
-51.16666596	0.00225683
-51.13333263	0.00227641
-51.09999930	0.00224888
-51.06666596	0.00238564
-51.03333263	0.00248081
-50.99999930	0.00246697
-50.96666596	0.00257985
-50.93333263	0.00259786
-50.89999930	0.00264512
-50.86666596	0.00275188
-50.83333263	0.00276017
-50.79999930	0.00288684
-50.76666597	0.00294802
-50.73333263	0.00294931
-50.69999930	0.00311702
-50.66666597	0.00310620
-50.63333263	0.00316863
-50.59999930	0.00321060
-50.56666597	0.00325606
-50.53333263	0.00339821
-50.49999930	0.00356861
-50.46666597	0.00352078
-50.43333264	0.00350453
-50.39999930	0.00362017
-50.36666597	0.00362880
-50.33333264	0.00363955
-50.29999930	0.00371457
-50.26666597	0.00365386
-50.23333264	0.00373077
-50.19999930	0.00375443
-50.16666597	0.00362349
-50.13333264	0.00361596
-50.09999931	0.00346579
-50.06666597	0.00347055
-50.03333264	0.00338492
-49.99999931	0.00330107
-49.96666597	0.00311330
-49.93333264	0.00300977
-49.89999931	0.00291591
-49.86666598	0.00269532
-49.83333264	0.00237453
-49.79999931	0.00223961
-49.76666598	0.00194845
-49.73333264	0.00164554
-49.69999931	0.00123771
-49.66666598	0.00089271
-49.63333264	0.00074591
-49.59999931	0.00035248
-49.56666598	-0.00010808
-49.53333265	-0.00048304
-49.49999931	-0.00082581
-49.46666598	-0.00128476
-49.43333265	-0.00174920
-49.39999931	-0.00201281
-49.36666598	-0.00245746
-49.33333265	-0.00282168
-49.29999931	-0.00324115
-49.26666598	-0.00364640
-49.23333265	-0.00393578
-49.19999932	-0.00429703
-49.16666598	-0.00458749
-49.13333265	-0.00485323
-49.09999932	-0.00521628
-49.06666598	-0.00549810
-49.03333265	-0.00560820
-48.99999932	-0.00585318
-48.96666598	-0.00595294
-48.93333265	-0.00603749
-48.89999932	-0.00620476
-48.86666599	-0.00607005
-48.83333265	-0.00598906
-48.79999932	-0.00586273
-48.76666599	-0.00574350
-48.73333265	-0.00552044
-48.69999932	-0.00542556
-48.66666599	-0.00510066
-48.63333265	-0.00489237
-48.59999932	-0.00456064
-48.56666599	-0.00401739
-48.53333266	-0.00365677
-48.49999932	-0.00334063
-48.46666599	-0.00286369
-48.43333266	-0.00250984
-48.39999932	-0.00196600
-48.36666599	-0.00155758
-48.33333266	-0.00111056
-48.29999933	-0.00075137
-48.26666599	-0.00040529
-48.23333266	-0.00002903
-48.19999933	0.00038704
-48.16666599	0.00088981
-48.13333266	0.00129007
-48.09999933	0.00163459
-48.06666599	0.00195491
-48.03333266	0.00231155
-47.99999933	0.00256691
-47.96666600	0.00301409
-47.93333266	0.00325123
-47.89999933	0.00347055
-47.86666600	0.00369022
-47.83333266	0.00377700
-47.79999933	0.00407107
-47.76666600	0.00430089
-47.73333266	0.00438702
-47.69999933	0.00450239
-47.66666600	0.00465626
-47.63333267	0.00474473
-47.59999933	0.00495014
-47.56666600	0.00491826
-47.53333267	0.00502987
-47.49999933	0.00511720
-47.46666600	0.00510179
-47.43333267	0.00514101
-47.39999933	0.00531914
-47.36666600	0.00534195
-47.33333267	0.00542859
-47.29999934	0.00548841
-47.26666600	0.00555158
-47.23333267	0.00561989
-47.19999934	0.00558751
-47.16666600	0.00555913
-47.13333267	0.00570181
-47.09999934	0.00573395
-47.06666600	0.00578917
-47.03333267	0.00576014
-46.99999934	0.00576015
-46.96666601	0.00582499
-46.93333267	0.00583728
-46.89999934	0.00580264
-46.86666601	0.00580599
-46.83333267	0.00603775
-46.79999934	0.00605462
-46.76666601	0.00601436
-46.73333268	0.00604271
-46.69999934	0.00598688
-46.66666601	0.00600205
-46.63333268	0.00596665
-46.59999934	0.00596957
-46.56666601	0.00605307
-46.53333268	0.00611341
-46.49999934	0.00614427
-46.46666601	0.00616608
-46.43333268	0.00623649
-46.39999935	0.00604125
-46.36666601	0.00628444
-46.33333268	0.00632074
-46.29999935	0.00625373
-46.26666601	0.00633288
-46.23333268	0.00641143
-46.19999935	0.00644627
-46.16666601	0.00648543
-46.13333268	0.00652843
-46.09999935	0.00664839
-46.06666602	0.00658841
-46.03333268	0.00672295
-45.99999935	0.00663865
-45.96666602	0.00669603
-45.93333268	0.00686860
-45.89999935	0.00689867
-45.86666602	0.00692384
-45.83333268	0.00696794
-45.79999935	0.00715123
-45.76666602	0.00726021
-45.73333269	0.00725641
-45.69999935	0.00733388
-45.66666602	0.00730154
-45.63333269	0.00736033
-45.59999935	0.00743987
-45.56666602	0.00746907
-45.53333269	0.00762811
-45.49999936	0.00762513
-45.46666602	0.00756189
-45.43333269	0.00757992
-45.39999936	0.00760405
-45.36666602	0.00762720
-45.33333269	0.00747309
-45.29999936	0.00744401
-45.26666602	0.00742874
-45.23333269	0.00740540
-45.19999936	0.00726860
-45.16666603	0.00715838
-45.13333269	0.00709091
-45.09999936	0.00696586
-45.06666603	0.00693200
-45.03333269	0.00672105
-44.99999936	0.00654316
-44.96666603	0.00645499
-44.93333269	0.00612505
-44.89999936	0.00597951
-44.86666603	0.00583862
-44.83333270	0.00559557
-44.79999936	0.00561453
-44.76666603	0.00544519
-44.73333270	0.00523594
-44.69999936	0.00524754
-44.66666603	0.00514416
-44.63333270	0.00495331
-44.59999936	0.00495399
-44.56666603	0.00494874
-44.53333270	0.00507320
-44.49999937	0.00523219
-44.46666603	0.00545623
-44.43333270	0.00563634
-44.39999937	0.00596133
-44.36666603	0.00621121
-44.33333270	0.00666678
-44.29999937	0.00716569
-44.26666603	0.00776212
-44.23333270	0.00828105
-44.19999937	0.00911170
-44.16666604	0.00990771
-44.13333270	0.01079043
-44.09999937	0.01167203
-44.06666604	0.01276388
-44.03333270	0.01381600
-43.99999937	0.01494819
-43.96666604	0.01623297
-43.93333271	0.01744150
-43.89999937	0.01872487
-43.86666604	0.02017114
-43.83333271	0.02168493
-43.79999937	0.02333222
-43.76666604	0.02499086
-43.73333271	0.02666943
-43.69999937	0.02846987
-43.66666604	0.03032385
-43.63333271	0.03219738
-43.59999938	0.03417458
-43.56666604	0.03624899
-43.53333271	0.03848042
-43.49999938	0.04077607
-43.46666604	0.04309446
-43.43333271	0.04542068
-43.39999938	0.04797637
-43.36666604	0.05057335
-43.33333271	0.05316831
-43.29999938	0.05609666
-43.26666605	0.05904785
-43.23333271	0.06221978
-43.19999938	0.06529542
-43.16666605	0.06869371
-43.13333271	0.07212026
-43.09999938	0.07548232
-43.06666605	0.07924872
-43.03333271	0.08302175
-42.99999938	0.08687621
-42.96666605	0.09080512
-42.93333272	0.09480551
-42.89999938	0.09883141
-42.86666605	0.10276372
-42.83333272	0.10681463
-42.79999938	0.11054169
-42.76666605	0.11428603
-42.73333272	0.11780000
-42.69999939	0.12110590
-42.66666605	0.12393577
-42.63333272	0.12627246
-42.59999939	0.12809644
-42.56666605	0.12926942
-42.53333272	0.12968771
-42.49999939	0.12908295
-42.46666605	0.12754511
-42.43333272	0.12472637
-42.39999939	0.12070900
-42.36666606	0.11526279
-42.33333272	0.10833762
-42.29999939	0.09954096
-42.26666606	0.08891013
-42.23333272	0.07655552
-42.19999939	0.06201385
-42.16666606	0.04569831
-42.13333272	0.02709187
-42.09999939	0.00661060
-42.06666606	-0.01625567
-42.03333273	-0.04082435
-41.99999939	-0.06755601
-41.96666606	-0.09605349
-41.93333273	-0.12623908
-41.89999939	-0.15775632
-41.86666606	-0.19061996
-41.83333273	-0.22432447
-41.79999939	-0.25867382
-41.76666606	-0.29330235
-41.73333273	-0.32796269
-41.69999940	-0.36203135
-41.66666606	-0.39547710
-41.63333273	-0.42757868
-41.59999940	-0.45794858
-41.56666606	-0.48628644
-41.53333273	-0.51229014
-41.49999940	-0.53534326
-41.46666606	-0.55516856
-41.43333273	-0.57160987
-41.39999940	-0.58411101
-41.36666607	-0.59271613
-41.33333273	-0.59710820
-41.29999940	-0.59719866
-41.26666607	-0.59282222
-41.23333273	-0.58403456
-41.19999940	-0.57082305
-41.16666607	-0.55350854
-41.13333274	-0.53185898
-41.09999940	-0.50641707
-41.06666607	-0.47730559
-41.03333274	-0.44484102
-40.99999940	-0.40926699
-40.96666607	-0.37115140
-40.93333274	-0.33090168
-40.89999940	-0.28873527
-40.86666607	-0.24525732
-40.83333274	-0.20071692
-40.79999941	-0.15588046
-40.76666607	-0.11109399
-40.73333274	-0.06671227
-40.69999941	-0.02297996
-40.66666607	0.01946316
-40.63333274	0.06015917
-40.59999941	0.09902540
-40.56666607	0.13574034
-40.53333274	0.17016436
-40.49999941	0.20187305
-40.46666608	0.23079408
-40.43333274	0.25682408
-40.39999941	0.27981311
-40.36666608	0.29990449
-40.33333274	0.31703622
-40.29999941	0.33118179
-40.26666608	0.34259330
-40.23333274	0.35111770
-40.19999941	0.35689062
-40.16666608	0.36023434
-40.13333275	0.36132368
-40.09999941	0.36032152
-40.06666608	0.35735802
-40.03333275	0.35262979
-39.99999941	0.34643114
-39.96666608	0.33884012
-39.93333275	0.33024000
-39.89999941	0.32056933
-39.86666608	0.31021993
-39.83333275	0.29935265
-39.79999942	0.28820818
-39.76666608	0.27664982
-39.73333275	0.26495183
-39.69999942	0.25349744
-39.66666608	0.24209732
-39.63333275	0.23095291
-39.59999942	0.21996984
-39.56666609	0.20943068
-39.53333275	0.19935140
-39.49999942	0.18961621
-39.46666609	0.18040335
-39.43333275	0.17169580
-39.39999942	0.16337400
-39.36666609	0.15559879
-39.33333275	0.14825688
-39.29999942	0.14144048
-39.26666609	0.13493753
-39.23333276	0.12886403
-39.19999942	0.12314154
-39.16666609	0.11769241
-39.13333276	0.11255361
-39.09999942	0.10761121
-39.06666609	0.10298168
-39.03333276	0.09832404
-38.99999942	0.09387259
-38.96666609	0.08957566
-38.93333276	0.08528511
-38.89999943	0.08114953
-38.86666609	0.07685236
-38.83333276	0.07276863
-38.79999943	0.06857041
-38.76666609	0.06443271
-38.73333276	0.06018593
-38.69999943	0.05606275
-38.66666609	0.05184720
-38.63333276	0.04771595
-38.59999943	0.04334874
-38.56666610	0.03929188
-38.53333276	0.03502233
-38.49999943	0.03094335
-38.46666610	0.02697259
-38.43333276	0.02291048
-38.39999943	0.01892886
-38.36666610	0.01529263
-38.33333277	0.01156978
-38.29999943	0.00807348
-38.26666610	0.00467229
-38.23333277	0.00153607
-38.19999943	-0.00145178
-38.16666610	-0.00428939
-38.13333277	-0.00690620
-38.09999943	-0.00933459
-38.06666610	-0.01164233
-38.03333277	-0.01350047
-37.99999944	-0.01521523
-37.96666610	-0.01693454
-37.93333277	-0.01846164
-37.89999944	-0.01962730
-37.86666610	-0.02084318
-37.83333277	-0.02187156
-37.79999944	-0.02259189
-37.76666610	-0.02336805
-37.73333277	-0.02402640
-37.69999944	-0.02446448
-37.66666611	-0.02505842
-37.63333277	-0.02551323
-37.59999944	-0.02577807
-37.56666611	-0.02618698
-37.53333277	-0.02657192
-37.49999944	-0.02695278
-37.46666611	-0.02724185
-37.43333277	-0.02764430
-37.39999944	-0.02812474
-37.36666611	-0.02839437
-37.33333278	-0.02883813
-37.29999944	-0.02921926
-37.26666611	-0.02970281
-37.23333278	-0.03033584
-37.19999944	-0.03084827
-37.16666611	-0.03130598
-37.13333278	-0.03185278
-37.09999944	-0.03233285
-37.06666611	-0.03296030
-37.03333278	-0.03333331
-36.99999945	-0.03368189
-36.96666611	-0.03418726
-36.93333278	-0.03461299
-36.89999945	-0.03493607
-36.86666611	-0.03521491
-36.83333278	-0.03530692
-36.79999945	-0.03547349
-36.76666612	-0.03539364
-36.73333278	-0.03526133
-36.69999945	-0.03506687
-36.66666612	-0.03476648
-36.63333278	-0.03435161
-36.59999945	-0.03384607
-36.56666612	-0.03328007
-36.53333278	-0.03248302
-36.49999945	-0.03171806
-36.46666612	-0.03082881
-36.43333279	-0.02980178
-36.39999945	-0.02876934
-36.36666612	-0.02765868
-36.33333279	-0.02655974
-36.29999945	-0.02548918
-36.26666612	-0.02422093
-36.23333279	-0.02295779
-36.19999945	-0.02177288
-36.16666612	-0.02053007
-36.13333279	-0.01938380
-36.09999946	-0.01831020
-36.06666612	-0.01716306
-36.03333279	-0.01615508
-35.99999946	-0.01517701
-35.96666612	-0.01428579
-35.93333279	-0.01334451
-35.89999946	-0.01253765
-35.86666612	-0.01190823
-35.83333279	-0.01129522
-35.79999946	-0.01076577
-35.76666613	-0.01043536
-35.73333279	-0.01020414
-35.69999946	-0.00990068
-35.66666613	-0.00981609
-35.63333279	-0.00959771
-35.59999946	-0.00958173
-35.56666613	-0.00960778
-35.53333280	-0.00970918
-35.49999946	-0.00987940
-35.46666613	-0.01012410
-35.43333280	-0.01027186
-35.39999946	-0.01056473
-35.36666613	-0.01076486
-35.33333280	-0.01097895
-35.29999946	-0.01120020
-35.26666613	-0.01145232
-35.23333280	-0.01172167
-35.19999947	-0.01182471
-35.16666613	-0.01207516
-35.13333280	-0.01219378
-35.09999947	-0.01214893
-35.06666613	-0.01216685
-35.03333280	-0.01209664
-34.99999947	-0.01204062
-34.96666613	-0.01203526
-34.93333280	-0.01179710
-34.89999947	-0.01144959
-34.86666614	-0.01120730
-34.83333280	-0.01095157
-34.79999947	-0.01050912
-34.76666614	-0.01015501
-34.73333280	-0.00973515
-34.69999947	-0.00931005
-34.66666614	-0.00874612
-34.63333280	-0.00837065
-34.59999947	-0.00783054
-34.56666614	-0.00730719
-34.53333281	-0.00688480
-34.49999947	-0.00639798
-34.46666614	-0.00597243
-34.43333281	-0.00555148
-34.39999947	-0.00510051
-34.36666614	-0.00469472
-34.33333281	-0.00438264
-34.29999947	-0.00410027
-34.26666614	-0.00397871
-34.23333281	-0.00376286
-34.19999948	-0.00374596
-34.16666614	-0.00372632
-34.13333281	-0.00378098
-34.09999948	-0.00399411
-34.06666614	-0.00417428
-34.03333281	-0.00442872
-33.99999948	-0.00484624
-33.96666615	-0.00520288
-33.93333281	-0.00548846
-33.89999948	-0.00604975
-33.86666615	-0.00652672
-33.83333281	-0.00708193
-33.79999948	-0.00776331
-33.76666615	-0.00844595
-33.73333281	-0.00912155
-33.69999948	-0.00972368
-33.66666615	-0.01035549
-33.63333282	-0.01112035
-33.59999948	-0.01191555
-33.56666615	-0.01253140
-33.53333282	-0.01324158
-33.49999948	-0.01390295
-33.46666615	-0.01460535
-33.43333282	-0.01505632
-33.39999948	-0.01565784
-33.36666615	-0.01614780
-33.33333282	-0.01662960
-33.29999949	-0.01703869
-33.26666615	-0.01737374
-33.23333282	-0.01764278
-33.19999949	-0.01790249
-33.16666615	-0.01801170
-33.13333282	-0.01809645
-33.09999949	-0.01808678
-33.06666615	-0.01799159
-33.03333282	-0.01793675
-32.99999949	-0.01769630
-32.96666616	-0.01748040
-32.93333282	-0.01717363
-32.89999949	-0.01687107
-32.86666616	-0.01646895
-32.83333282	-0.01601513
-32.79999949	-0.01543215
-32.76666616	-0.01500130
-32.73333282	-0.01435332
-32.69999949	-0.01382780
-32.66666616	-0.01312526
-32.63333283	-0.01260587
-32.59999949	-0.01198588
-32.56666616	-0.01138288
-32.53333283	-0.01076484
-32.49999949	-0.01030488
-32.46666616	-0.00965919
-32.43333283	-0.00913718
-32.39999950	-0.00871627
-32.36666616	-0.00827640
-32.33333283	-0.00778335
-32.29999950	-0.00756367
-32.26666616	-0.00718230
-32.23333283	-0.00692313
-32.19999950	-0.00684611
-32.16666616	-0.00669415
-32.13333283	-0.00642767
-32.09999950	-0.00651134
-32.06666617	-0.00653183
-32.03333283	-0.00655480
-31.99999950	-0.00653342
-31.96666617	-0.00672311
-31.93333283	-0.00680879
-31.89999950	-0.00698866
-31.86666617	-0.00708778
-31.83333283	-0.00730778
-31.79999950	-0.00758805
-31.76666617	-0.00773607
-31.73333284	-0.00782390
-31.69999950	-0.00798952
-31.66666617	-0.00793579
-31.63333284	-0.00810363
-31.59999950	-0.00822136
-31.56666617	-0.00814099
-31.53333284	-0.00812408
-31.49999950	-0.00795594
-31.46666617	-0.00777824
-31.43333284	-0.00766806
-31.39999951	-0.00748483
-31.36666617	-0.00720043
-31.33333284	-0.00680048
-31.29999951	-0.00647897
-31.26666617	-0.00592398
-31.23333284	-0.00562054
-31.19999951	-0.00505067
-31.16666618	-0.00449064
-31.13333284	-0.00402232
-31.09999951	-0.00344105
-31.06666618	-0.00284905
-31.03333284	-0.00209925
-30.99999951	-0.00148642
-30.96666618	-0.00080249
-30.93333284	-0.00027306
-30.89999951	0.00039786
-30.86666618	0.00097114
-30.83333285	0.00147888
-30.79999951	0.00204316
-30.76666618	0.00256265
-30.73333285	0.00314602
-30.69999951	0.00353444
-30.66666618	0.00389151
-30.63333285	0.00432262
-30.59999951	0.00454158
-30.56666618	0.00482421
-30.53333285	0.00500425
-30.49999952	0.00514595
-30.46666618	0.00507256
-30.43333285	0.00505882
-30.39999952	0.00504219
-30.36666618	0.00494746
-30.33333285	0.00474446
-30.29999952	0.00456108
-30.26666618	0.00429361
-30.23333285	0.00397986
-30.19999952	0.00375349
-30.16666619	0.00326504
-30.13333285	0.00297871
-30.09999952	0.00269009
-30.06666619	0.00209667
-30.03333285	0.00177001
-29.99999952	0.00133665
-29.96666619	0.00105542
-29.93333285	0.00064364
-29.89999952	0.00034626
-29.86666619	-0.00007394
-29.83333286	-0.00030695
-29.79999952	-0.00054065
-29.76666619	-0.00065993
-29.73333286	-0.00096619
-29.69999952	-0.00100405
-29.66666619	-0.00117405
-29.63333286	-0.00112735
-29.59999953	-0.00127999
-29.56666619	-0.00114172
-29.53333286	-0.00118286
-29.49999953	-0.00111159
-29.46666619	-0.00086267
-29.43333286	-0.00094673
-29.39999953	-0.00072763
-29.36666619	-0.00055226
-29.33333286	-0.00033808
-29.29999953	-0.00015425
-29.26666620	0.00006015
-29.23333286	0.00023084
-29.19999953	0.00041726
-29.16666620	0.00065785
-29.13333286	0.00081846
-29.09999953	0.00105909
-29.06666620	0.00119950
-29.03333286	0.00142674
-28.99999953	0.00150065
-28.96666620	0.00164232
-28.93333287	0.00168497
-28.89999953	0.00184584
-28.86666620	0.00191498
-28.83333287	0.00196674
-28.79999953	0.00189717
-28.76666620	0.00193353
-28.73333287	0.00190287
-28.69999953	0.00191201
-28.66666620	0.00191529
-28.63333287	0.00183805
-28.59999954	0.00179300
-28.56666620	0.00172836
-28.53333287	0.00163810
-28.49999954	0.00142716
-28.46666620	0.00151544
-28.43333287	0.00136893
-28.39999954	0.00121321
-28.36666621	0.00120035
-28.33333287	0.00113583
-28.29999954	0.00100502
-28.26666621	0.00094889
-28.23333287	0.00080169
-28.19999954	0.00088303
-28.16666621	0.00086303
-28.13333287	0.00082233
-28.09999954	0.00083508
-28.06666621	0.00088817
-28.03333288	0.00096007
-27.99999954	0.00100958
-27.96666621	0.00110432
-27.93333288	0.00128764
-27.89999954	0.00144036
-27.86666621	0.00161573
-27.83333288	0.00181020
-27.79999954	0.00199766
-27.76666621	0.00210246
-27.73333288	0.00243419
-27.69999955	0.00275686
-27.66666621	0.00303917
-27.63333288	0.00337851
-27.59999955	0.00366081
-27.56666621	0.00408140
-27.53333288	0.00436943
-27.49999955	0.00475982
-27.46666621	0.00501995
-27.43333288	0.00548694
-27.39999955	0.00575971
-27.36666622	0.00615161
-27.33333288	0.00655304
-27.29999955	0.00687016
-27.26666622	0.00724786
-27.23333288	0.00748105
-27.19999955	0.00785952
-27.16666622	0.00825942
-27.13333288	0.00838770
-27.09999955	0.00866296
-27.06666622	0.00894942
-27.03333289	0.00898468
-26.99999955	0.00909387
-26.96666622	0.00917665
-26.93333289	0.00918763
-26.89999955	0.00921402
-26.86666622	0.00908622
-26.83333289	0.00913699
-26.79999956	0.00886438
-26.76666622	0.00867257
-26.73333289	0.00836369
-26.69999956	0.00799831
-26.66666622	0.00766418
-26.63333289	0.00724589
-26.59999956	0.00679859
-26.56666622	0.00636605
-26.53333289	0.00582217
-26.49999956	0.00531419
-26.46666623	0.00470952
-26.43333289	0.00415278
-26.39999956	0.00360612
-26.36666623	0.00302637
-26.33333289	0.00242224
-26.29999956	0.00177209
-26.26666623	0.00126391
-26.23333289	0.00079856
-26.19999956	0.00018817
-26.16666623	-0.00023708
-26.13333290	-0.00068665
-26.09999956	-0.00107680
-26.06666623	-0.00145411
-26.03333290	-0.00183843
-25.99999956	-0.00214445
-25.96666623	-0.00243321
-25.93333290	-0.00270481
-25.89999956	-0.00279807
-25.86666623	-0.00293347
-25.83333290	-0.00300215
-25.79999957	-0.00313808
-25.76666623	-0.00319837
-25.73333290	-0.00320712
-25.69999957	-0.00320763
-25.66666623	-0.00299439
-25.63333290	-0.00299403
-25.59999957	-0.00297725
-25.56666624	-0.00275601
-25.53333290	-0.00258000
-25.49999957	-0.00244938
-25.46666624	-0.00233869
-25.43333290	-0.00211225
-25.39999957	-0.00197377
-25.36666624	-0.00183538
-25.33333290	-0.00164399
-25.29999957	-0.00157385
-25.26666624	-0.00150331
-25.23333291	-0.00147163
-25.19999957	-0.00135972
-25.16666624	-0.00128309
-25.13333291	-0.00118101
-25.09999957	-0.00120674
-25.06666624	-0.00110691
-25.03333291	-0.00119127
-24.99999957	-0.00113950
-24.96666624	-0.00110297
-24.93333291	-0.00114944
-24.89999958	-0.00124578
-24.86666624	-0.00127971
-24.83333291	-0.00138626
-24.79999958	-0.00146680
-24.76666624	-0.00145847
-24.73333291	-0.00158716
-24.69999958	-0.00160539
-24.66666624	-0.00157707
-24.63333291	-0.00154819
-24.59999958	-0.00157929
-24.56666625	-0.00145225
-24.53333291	-0.00148682
-24.49999958	-0.00145781
-24.46666625	-0.00132818
-24.43333291	-0.00103851
-24.39999958	-0.00084062
-24.36666625	-0.00074585
-24.33333291	-0.00043795
-24.29999958	-0.00028684
-24.26666625	-0.00008635
-24.23333292	0.00025594
-24.19999958	0.00038120
-24.16666625	0.00067530
-24.13333292	0.00088565
-24.09999958	0.00119936
-24.06666625	0.00146105
-24.03333292	0.00162359
-23.99999959	0.00175638
-23.96666625	0.00198416
-23.93333292	0.00203834
-23.89999959	0.00217289
-23.86666625	0.00219457
-23.83333292	0.00220137
-23.79999959	0.00213370
-23.76666625	0.00208496
-23.73333292	0.00190983
-23.69999959	0.00162414
-23.66666626	0.00132645
-23.63333292	0.00088629
-23.59999959	0.00055176
-23.56666626	0.00005362
-23.53333292	-0.00059175
-23.49999959	-0.00125690
-23.46666626	-0.00200130
-23.43333292	-0.00288057
-23.39999959	-0.00378742
-23.36666626	-0.00472337
-23.33333293	-0.00581067
-23.29999959	-0.00689137
-23.26666626	-0.00805893
-23.23333293	-0.00940679
-23.19999959	-0.01067137
-23.16666626	-0.01215427
-23.13333293	-0.01360798
-23.09999959	-0.01513899
-23.06666626	-0.01670575
-23.03333293	-0.01829897
-22.99999960	-0.01990942
-22.96666626	-0.02160663
-22.93333293	-0.02322663
-22.89999960	-0.02481284
-22.86666626	-0.02649939
-22.83333293	-0.02812232
-22.79999960	-0.02971373
-22.76666626	-0.03128311
-22.73333293	-0.03285952
-22.69999960	-0.03431024
-22.66666627	-0.03570666
-22.63333293	-0.03695098
-22.59999960	-0.03818164
-22.56666627	-0.03926122
-22.53333293	-0.04018166
-22.49999960	-0.04104491
-22.46666627	-0.04186887
-22.43333294	-0.04248251
-22.39999960	-0.04298089
-22.36666627	-0.04338381
-22.33333294	-0.04355416
-22.29999960	-0.04359801
-22.26666627	-0.04346971
-22.23333294	-0.04298753
-22.19999960	-0.04268648
-22.16666627	-0.04198962
-22.13333294	-0.04135602
-22.09999961	-0.04047826
-22.06666627	-0.03947213
-22.03333294	-0.03829880
-21.99999961	-0.03690345
-21.96666627	-0.03541775
-21.93333294	-0.03380607
-21.89999961	-0.03207538
-21.86666627	-0.03029140
-21.83333294	-0.02841689
-21.79999961	-0.02633768
-21.76666628	-0.02424804
-21.73333294	-0.02209211
-21.69999961	-0.02002769
-21.66666628	-0.01772511
-21.63333294	-0.01559452
-21.59999961	-0.01331180
-21.56666628	-0.01104117
-21.53333294	-0.00890206
-21.49999961	-0.00678538
-21.46666628	-0.00465182
-21.43333295	-0.00257218
-21.39999961	-0.00064293
-21.36666628	0.00138973
-21.33333295	0.00324693
-21.29999961	0.00496006
-21.26666628	0.00662552
-21.23333295	0.00826103
-21.19999962	0.00968961
-21.16666628	0.01118824
-21.13333295	0.01242014
-21.09999962	0.01349387
-21.06666628	0.01450532
-21.03333295	0.01552482
-20.99999962	0.01638742
-20.96666628	0.01710388
-20.93333295	0.01776821
-20.89999962	0.01833924
-20.86666629	0.01874568
-20.83333295	0.01913308
-20.79999962	0.01942422
-20.76666629	0.01976302
-20.73333295	0.01979895
-20.69999962	0.02001959
-20.66666629	0.02006652
-20.63333295	0.02008760
-20.59999962	0.02000327
-20.56666629	0.01997067
-20.53333296	0.01978579
-20.49999962	0.01952527
-20.46666629	0.01922672
-20.43333296	0.01916860
-20.39999962	0.01893004
-20.36666629	0.01850791
-20.33333296	0.01816933
-20.29999962	0.01778033
-20.26666629	0.01753708
-20.23333296	0.01704830
-20.19999963	0.01663023
-20.16666629	0.01614721
-20.13333296	0.01565786
-20.09999963	0.01513967
-20.06666629	0.01460122
-20.03333296	0.01417749
-19.99999963	0.01359777
-19.96666629	0.01306926
-19.93333296	0.01239620
-19.89999963	0.01174742
-19.86666630	0.01111943
-19.83333296	0.01033024
-19.79999963	0.00973973
-19.76666630	0.00910256
-19.73333296	0.00852494
-19.69999963	0.00773598
-19.66666630	0.00706036
-19.63333297	0.00632851
-19.59999963	0.00569455
-19.56666630	0.00492440
-19.53333297	0.00435473
-19.49999963	0.00370026
-19.46666630	0.00305044
-19.43333297	0.00239451
-19.39999963	0.00177086
-19.36666630	0.00117703
-19.33333297	0.00064009
-19.29999964	0.00011202
-19.26666630	-0.00041422
-19.23333297	-0.00095336
-19.19999964	-0.00139963
-19.16666630	-0.00181740
-19.13333297	-0.00220524
-19.09999964	-0.00258971
-19.06666630	-0.00302046
-19.03333297	-0.00342706
-18.99999964	-0.00360337
-18.96666631	-0.00396439
-18.93333297	-0.00414331
-18.89999964	-0.00443766
-18.86666631	-0.00459020
-18.83333297	-0.00486416
-18.79999964	-0.00500413
-18.76666631	-0.00511104
-18.73333297	-0.00532790
-18.69999964	-0.00549136
-18.66666631	-0.00555596
-18.63333298	-0.00570827
-18.59999964	-0.00575217
-18.56666631	-0.00574443
-18.53333298	-0.00588398
-18.49999964	-0.00597002
-18.46666631	-0.00600185
-18.43333298	-0.00616587
-18.39999965	-0.00614593
-18.36666631	-0.00606091
-18.33333298	-0.00622925
-18.29999965	-0.00620855
-18.26666631	-0.00614830
-18.23333298	-0.00625253
-18.19999965	-0.00626042
-18.16666631	-0.00624091
-18.13333298	-0.00637999
-18.09999965	-0.00627485
-18.06666632	-0.00634188
-18.03333298	-0.00636218
-17.99999965	-0.00633477
-17.96666632	-0.00641114
-17.93333298	-0.00638766
-17.89999965	-0.00639268
-17.86666632	-0.00648948
-17.83333298	-0.00652510
-17.79999965	-0.00656427
-17.76666632	-0.00660177
-17.73333299	-0.00667650
-17.69999965	-0.00666210
-17.66666632	-0.00674435
-17.63333299	-0.00677365
-17.59999965	-0.00682212
-17.56666632	-0.00697652
-17.53333299	-0.00704503
-17.49999965	-0.00708819
-17.46666632	-0.00709380
-17.43333299	-0.00717044
-17.39999966	-0.00731892
-17.36666632	-0.00730968
-17.33333299	-0.00736680
-17.29999966	-0.00742698
-17.26666632	-0.00734111
-17.23333299	-0.00744666
-17.19999966	-0.00737025
-17.16666632	-0.00737636
-17.13333299	-0.00738457
-17.09999966	-0.00732111
-17.06666633	-0.00718539
-17.03333299	-0.00706596
-16.99999966	-0.00694021
-16.96666633	-0.00684023
-16.93333299	-0.00655711
-16.89999966	-0.00638246
-16.86666633	-0.00615072
-16.83333300	-0.00588314
-16.79999966	-0.00554098
-16.76666633	-0.00530286
-16.73333300	-0.00490851
-16.69999966	-0.00458934
-16.66666633	-0.00415979
-16.63333300	-0.00376541
-16.59999966	-0.00338585
-16.56666633	-0.00303798
-16.53333300	-0.00264195
-16.49999967	-0.00218133
-16.46666633	-0.00179831
-16.43333300	-0.00146621
-16.39999967	-0.00090840
-16.36666633	-0.00062509
-16.33333300	-0.00033196
-16.29999967	-0.00001052
-16.26666633	0.00045969
-16.23333300	0.00081176
-16.19999967	0.00114647
-16.16666634	0.00148841
-16.13333300	0.00169241
-16.09999967	0.00189976
-16.06666634	0.00213818
-16.03333300	0.00235961
-15.99999967	0.00256124
-15.96666634	0.00263549
-15.93333300	0.00283038
-15.89999967	0.00282890
-15.86666634	0.00295493
-15.83333301	0.00304921
-15.79999967	0.00313893
-15.76666634	0.00313997
-15.73333301	0.00317152
-15.69999967	0.00321721
-15.66666634	0.00328053
-15.63333301	0.00327369
-15.59999967	0.00317184
-15.56666634	0.00327028
-15.53333301	0.00329524
-15.49999968	0.00343139
-15.46666634	0.00353462
-15.43333301	0.00358286
-15.39999968	0.00372473
-15.36666634	0.00383535
-15.33333301	0.00397006
-15.29999968	0.00405518
-15.26666635	0.00424660
-15.23333301	0.00444259
-15.19999968	0.00467148
-15.16666635	0.00484868
-15.13333301	0.00518162
-15.09999968	0.00552366
-15.06666635	0.00574258
-15.03333301	0.00606704
-14.99999968	0.00638977
-14.96666635	0.00688019
-14.93333302	0.00721448
-14.89999968	0.00750042
-14.86666635	0.00788894
-14.83333302	0.00819157
-14.79999968	0.00856114
-14.76666635	0.00879216
-14.73333302	0.00909319
-14.69999968	0.00935257
-14.66666635	0.00962688
-14.63333302	0.00982120
-14.59999969	0.00991801
-14.56666635	0.01010237
-14.53333302	0.01016852
-14.49999969	0.01030018
-14.46666635	0.01030084
-14.43333302	0.01038812
-14.39999969	0.01025267
-14.36666635	0.01020717
-14.33333302	0.01016670
-14.29999969	0.01001220
-14.26666636	0.00977063
-14.23333302	0.00965661
-14.19999969	0.00944543
-14.16666636	0.00925525
-14.13333302	0.00900573
-14.09999969	0.00881679
-14.06666636	0.00847044
-14.03333303	0.00815609
-13.99999969	0.00796331
-13.96666636	0.00761809
-13.93333303	0.00736586
-13.89999969	0.00703483
-13.86666636	0.00682250
-13.83333303	0.00661260
-13.79999969	0.00619307
-13.76666636	0.00597480
-13.73333303	0.00571555
-13.69999970	0.00559883
-13.66666636	0.00535329
-13.63333303	0.00515487
-13.59999970	0.00509881
-13.56666636	0.00495618
-13.53333303	0.00473325
-13.49999970	0.00470153
-13.46666636	0.00472299
-13.43333303	0.00456915
-13.39999970	0.00460826
-13.36666637	0.00450004
-13.33333303	0.00451283
-13.29999970	0.00452862
-13.26666637	0.00448273
-13.23333303	0.00457837
-13.19999970	0.00463313
-13.16666637	0.00463345
-13.13333303	0.00454594
-13.09999970	0.00473434
-13.06666637	0.00463898
-13.03333304	0.00472601
-12.99999970	0.00480902
-12.96666637	0.00478613
-12.93333304	0.00484721
-12.89999970	0.00492775
-12.86666637	0.00488402
-12.83333304	0.00487993
-12.79999970	0.00489493
-12.76666637	0.00484310
-12.73333304	0.00481981
-12.69999971	0.00475876
-12.66666637	0.00461730
-12.63333304	0.00448662
-12.59999971	0.00436590
-12.56666637	0.00426880
-12.53333304	0.00421392
-12.49999971	0.00403012
-12.46666638	0.00382113
-12.43333304	0.00370925
-12.39999971	0.00341884
-12.36666638	0.00322898
-12.33333304	0.00300817
-12.29999971	0.00270578
-12.26666638	0.00240109
-12.23333304	0.00212900
-12.19999971	0.00176307
-12.16666638	0.00157921
-12.13333305	0.00111810
-12.09999971	0.00084180
-12.06666638	0.00040232
-12.03333305	0.00013524
-11.99999971	-0.00034071
-11.96666638	-0.00070607
-11.93333305	-0.00097195
-11.89999971	-0.00141711
-11.86666638	-0.00168083
-11.83333305	-0.00194811
-11.79999972	-0.00225406
-11.76666638	-0.00253330
-11.73333305	-0.00280536
-11.69999972	-0.00301768
-11.66666638	-0.00311562
-11.63333305	-0.00331989
-11.59999972	-0.00342052
-11.56666638	-0.00361900
-11.53333305	-0.00362828
-11.49999972	-0.00362272
-11.46666639	-0.00374570
-11.43333305	-0.00377876
-11.39999972	-0.00372118
-11.36666639	-0.00362850
-11.33333305	-0.00348191
-11.29999972	-0.00346032
-11.26666639	-0.00348542
-11.23333306	-0.00326167
-11.19999972	-0.00317928
-11.16666639	-0.00294746
-11.13333306	-0.00285151
-11.09999972	-0.00274358
-11.06666639	-0.00249786
-11.03333306	-0.00243881
-10.99999972	-0.00220234
-10.96666639	-0.00214169
-10.93333306	-0.00199940
-10.89999973	-0.00190693
-10.86666639	-0.00168128
-10.83333306	-0.00160149
-10.79999973	-0.00155131
-10.76666639	-0.00156187
-10.73333306	-0.00152962
-10.69999973	-0.00140281
-10.66666639	-0.00136653
-10.63333306	-0.00125585
-10.59999973	-0.00127760
-10.56666640	-0.00124073
-10.53333306	-0.00119110
-10.49999973	-0.00123812
-10.46666640	-0.00116061
-10.43333306	-0.00105477
-10.39999973	-0.00096946
-10.36666640	-0.00101278
-10.33333306	-0.00074280
-10.29999973	-0.00078134
-10.26666640	-0.00059362
-10.23333307	-0.00040877
-10.19999973	-0.00026495
-10.16666640	-0.00005598
-10.13333307	0.00009947
-10.09999973	0.00060158
-10.06666640	0.00081863
-10.03333307	0.00114526
-9.99999973	0.00149220
-9.96666640	0.00199356
-9.93333307	0.00243380
-9.89999974	0.00284829
-9.86666640	0.00333072
-9.83333307	0.00386719
-9.79999974	0.00438619
-9.76666640	0.00511521
-9.73333307	0.00562678
-9.69999974	0.00623279
-9.66666641	0.00691670
-9.63333307	0.00733473
-9.59999974	0.00800833
-9.56666641	0.00856331
-9.53333307	0.00912592
-9.49999974	0.00966691
-9.46666641	0.01025684
-9.43333307	0.01075796
-9.39999974	0.01121800
-9.36666641	0.01162292
-9.33333308	0.01197983
-9.29999974	0.01229762
-9.26666641	0.01275523
-9.23333308	0.01297142
-9.19999974	0.01320510
-9.16666641	0.01322871
-9.13333308	0.01330547
-9.09999974	0.01339367
-9.06666641	0.01326979
-9.03333308	0.01310094
-8.99999975	0.01296315
-8.96666641	0.01263671
-8.93333308	0.01235205
-8.89999975	0.01206341
-8.86666641	0.01172968
-8.83333308	0.01121199
-8.79999975	0.01081424
-8.76666641	0.01028818
-8.73333308	0.00966206
-8.69999975	0.00906922
-8.66666642	0.00850509
-8.63333308	0.00801697
-8.59999975	0.00724961
-8.56666642	0.00673854
-8.53333308	0.00607447
-8.49999975	0.00549742
-8.46666642	0.00493167
-8.43333308	0.00436132
-8.39999975	0.00372480
-8.36666642	0.00323453
-8.33333309	0.00267914
-8.29999975	0.00216054
-8.26666642	0.00184023
-8.23333309	0.00137078
-8.19999975	0.00090371
-8.16666642	0.00070997
-8.13333309	0.00039039
-8.09999976	0.00000963
-8.06666642	-0.00005368
-8.03333309	-0.00019607
-7.99999976	-0.00030465
-7.96666642	-0.00031662
-7.93333309	-0.00041266
-7.89999976	-0.00037704
-7.86666642	-0.00031877
-7.83333309	-0.00028625
-7.79999976	-0.00031758
-7.76666643	-0.00014575
-7.73333309	-0.00006818
-7.69999976	0.00011071
-7.66666643	0.00041138
-7.63333309	0.00046957
-7.59999976	0.00070899
-7.56666643	0.00094233
-7.53333309	0.00107335
-7.49999976	0.00116460
-7.46666643	0.00129302
-7.43333310	0.00158304
-7.39999976	0.00168563
-7.36666643	0.00178275
-7.33333310	0.00183431
-7.29999976	0.00192096
-7.26666643	0.00203825
-7.23333310	0.00210837
-7.19999976	0.00210553
-7.16666643	0.00205181
-7.13333310	0.00199316
-7.09999977	0.00179047
-7.06666643	0.00167751
-7.03333310	0.00145802
-6.99999977	0.00126521
-6.96666643	0.00105774
-6.93333310	0.00062228
-6.89999977	0.00029688
-6.86666644	-0.00011355
-6.83333310	-0.00047933
-6.79999977	-0.00109060
-6.76666644	-0.00138613
-6.73333310	-0.00193652
-6.69999977	-0.00232086
-6.66666644	-0.00285548
-6.63333310	-0.00338414
-6.59999977	-0.00388149
-6.56666644	-0.00444188
-6.53333311	-0.00498651
-6.49999977	-0.00549215
-6.46666644	-0.00602159
-6.43333311	-0.00644193
-6.39999977	-0.00700460
-6.36666644	-0.00745921
-6.33333311	-0.00790118
-6.29999977	-0.00818136
-6.26666644	-0.00867107
-6.23333311	-0.00885415
-6.19999978	-0.00917493
-6.16666644	-0.00939650
-6.13333311	-0.00969318
-6.09999978	-0.00973990
-6.06666644	-0.00991080
-6.03333311	-0.01002542
-5.99999978	-0.01006245
-5.96666644	-0.01002839
-5.93333311	-0.01001062
-5.89999978	-0.01000715
-5.86666645	-0.00995548
-5.83333311	-0.00988251
-5.79999978	-0.00987227
-5.76666645	-0.00968494
-5.73333311	-0.00959891
-5.69999978	-0.00938590
-5.66666645	-0.00925818
-5.63333311	-0.00918449
-5.59999978	-0.00899117
-5.56666645	-0.00890500
-5.53333312	-0.00873792
-5.49999978	-0.00858394
-5.46666645	-0.00857150
-5.43333312	-0.00844618
-5.39999978	-0.00820662
-5.36666645	-0.00818450
-5.33333312	-0.00805329
-5.29999979	-0.00802366
-5.26666645	-0.00793591
-5.23333312	-0.00792683
-5.19999979	-0.00784221
-5.16666645	-0.00781935
-5.13333312	-0.00776375
-5.09999979	-0.00768933
-5.06666645	-0.00758124
-5.03333312	-0.00754964
-4.99999979	-0.00754240
-4.96666646	-0.00739727
-4.93333312	-0.00744306
-4.89999979	-0.00731037
-4.86666646	-0.00710849
-4.83333312	-0.00702282
-4.79999979	-0.00681781
-4.76666646	-0.00662938
-4.73333312	-0.00639592
-4.69999979	-0.00615120
-4.66666646	-0.00589224
-4.63333313	-0.00568492
-4.59999979	-0.00521130
-4.56666646	-0.00490045
-4.53333313	-0.00447837
-4.49999979	-0.00410871
-4.46666646	-0.00367713
-4.43333313	-0.00315724
-4.39999979	-0.00263831
-4.36666646	-0.00218823
-4.33333313	-0.00164062
-4.29999980	-0.00111115
-4.26666646	-0.00035826
-4.23333313	0.00016255
-4.19999980	0.00067603
-4.16666646	0.00122343
-4.13333313	0.00183170
-4.09999980	0.00228912
-4.06666647	0.00282166
-4.03333313	0.00342026
-3.99999980	0.00385765
-3.96666647	0.00435248
-3.93333313	0.00472016
-3.89999980	0.00508452
-3.86666647	0.00548636
-3.83333313	0.00579402
-3.79999980	0.00605980
-3.76666647	0.00627444
-3.73333314	0.00647556
-3.69999980	0.00655917
-3.66666647	0.00650782
-3.63333314	0.00651646
-3.59999980	0.00633797
-3.56666647	0.00628340
-3.53333314	0.00616876
-3.49999980	0.00592936
-3.46666647	0.00548351
-3.43333314	0.00504810
-3.39999981	0.00470472
-3.36666647	0.00416058
-3.33333314	0.00362612
-3.29999981	0.00293053
-3.26666647	0.00233393
-3.23333314	0.00171224
-3.19999981	0.00093564
-3.16666647	-0.00003780
-3.13333314	-0.00089971
-3.09999981	-0.00180618
-3.06666648	-0.00279731
-3.03333314	-0.00374224
-2.99999981	-0.00485360
-2.96666648	-0.00594875
-2.93333314	-0.00700800
-2.89999981	-0.00825351
-2.86666648	-0.00938968
-2.83333314	-0.01055898
-2.79999981	-0.01177782
-2.76666648	-0.01291836
-2.73333315	-0.01413983
-2.69999981	-0.01553728
-2.66666648	-0.01670234
-2.63333315	-0.01786898
-2.59999981	-0.01918966
-2.56666648	-0.02044582
-2.53333315	-0.02161634
-2.49999982	-0.02282859
-2.46666648	-0.02388510
-2.43333315	-0.02504486
-2.39999982	-0.02627704
-2.36666648	-0.02723200
-2.33333315	-0.02816782
-2.29999982	-0.02932929
-2.26666648	-0.03011273
-2.23333315	-0.03100650
-2.19999982	-0.03194026
-2.16666649	-0.03266221
-2.13333315	-0.03341600
-2.09999982	-0.03421392
-2.06666649	-0.03484592
-2.03333315	-0.03536076
-1.99999982	-0.03599067
-1.96666649	-0.03638150
-1.93333315	-0.03688268
-1.89999982	-0.03726340
-1.86666649	-0.03744592
-1.83333316	-0.03783785
-1.79999982	-0.03808448
-1.76666649	-0.03831711
-1.73333316	-0.03842482
-1.69999982	-0.03848766
-1.66666649	-0.03854469
-1.63333316	-0.03857966
-1.59999982	-0.03850384
-1.56666649	-0.03841846
-1.53333316	-0.03830021
-1.49999983	-0.03819583
-1.46666649	-0.03790581
-1.43333316	-0.03759130
-1.39999983	-0.03733850
-1.36666649	-0.03698111
-1.33333316	-0.03662856
-1.29999983	-0.03614428
-1.26666649	-0.03571373
-1.23333316	-0.03520634
-1.19999983	-0.03467450
-1.16666650	-0.03408636
-1.13333316	-0.03327447
-1.09999983	-0.03251426
-1.06666650	-0.03190219
-1.03333316	-0.03120399
-0.99999983	-0.03029497
-0.96666650	-0.02929167
-0.93333317	-0.02831064
-0.89999983	-0.02733985
-0.86666650	-0.02614594
-0.83333317	-0.02503647
-0.79999983	-0.02387853
-0.76666650	-0.02265562
-0.73333317	-0.02133490
-0.69999983	-0.01992725
-0.66666650	-0.01851789
-0.63333317	-0.01720083
-0.59999984	-0.01566068
-0.56666650	-0.01414044
-0.53333317	-0.01264760
-0.49999984	-0.01112690
-0.46666650	-0.00958971
-0.43333317	-0.00807166
-0.39999984	-0.00645998
-0.36666650	-0.00489861
-0.33333317	-0.00327602
-0.29999984	-0.00167342
-0.26666651	-0.00011572
-0.23333317	0.00145960
-0.19999984	0.00299375
-0.16666651	0.00458014
-0.13333317	0.00594799
-0.09999984	0.00742351
-0.06666651	0.00884198
-0.03333317	0.01014815
0.00000016	0.01164765
0.03333349	0.01288562
0.06666682	0.01413048
0.10000016	0.01534668
0.13333349	0.01645298
0.16666682	0.01751096
0.20000016	0.01845960
0.23333349	0.01941246
0.26666682	0.02048717
0.30000015	0.02134890
0.33333349	0.02221353
0.36666682	0.02301593
0.40000015	0.02388260
0.43333349	0.02446689
0.46666682	0.02528719
0.50000015	0.02590105
0.53333349	0.02650129
0.56666682	0.02708010
0.60000015	0.02746314
0.63333348	0.02812894
0.66666682	0.02857610
0.70000015	0.02909177
0.73333348	0.02948454
0.76666682	0.02990916
0.80000015	0.03046019
0.83333348	0.03074479
0.86666682	0.03130952
0.90000015	0.03173006
0.93333348	0.03202363
0.96666681	0.03238160
1.00000015	0.03264926
1.03333348	0.03305262
1.06666681	0.03335976
1.10000015	0.03363360
1.13333348	0.03404587
1.16666681	0.03439957
1.20000015	0.03468274
1.23333348	0.03501375
1.26666681	0.03512383
1.30000014	0.03543033
1.33333348	0.03567060
1.36666681	0.03581208
1.40000014	0.03601170
1.43333348	0.03620912
1.46666681	0.03644637
1.50000014	0.03652431
1.53333348	0.03656727
1.56666681	0.03681474
1.60000014	0.03689883
1.63333347	0.03690498
1.66666681	0.03699937
1.70000014	0.03689505
1.73333347	0.03702441
1.76666681	0.03701091
1.80000014	0.03700664
1.83333347	0.03695922
1.86666680	0.03695619
1.90000014	0.03693106
1.93333347	0.03686712
1.96666680	0.03683511
2.00000014	0.03677089
2.03333347	0.03665791
2.06666680	0.03654895
2.10000014	0.03658501
2.13333347	0.03644525
2.16666680	0.03643808
2.20000013	0.03630746
2.23333347	0.03619123
2.26666680	0.03603852
2.30000013	0.03591078
2.33333347	0.03585837
2.36666680	0.03576302
2.40000013	0.03571650
2.43333347	0.03560731
2.46666680	0.03541702
2.50000013	0.03530047
2.53333346	0.03510190
2.56666680	0.03500916
2.60000013	0.03491686
2.63333346	0.03468383
2.66666680	0.03450571
2.70000013	0.03439889
2.73333346	0.03424587
2.76666680	0.03407981
2.80000013	0.03387734
2.83333346	0.03363209
2.86666679	0.03347173
2.90000013	0.03313802
2.93333346	0.03283498
2.96666679	0.03272402
3.00000013	0.03227298
3.03333346	0.03210254
3.06666679	0.03161890
3.10000012	0.03132025
3.13333346	0.03092252
3.16666679	0.03047710
3.20000012	0.03003351
3.23333346	0.02948265
3.26666679	0.02893587
3.30000012	0.02828748
3.33333346	0.02762738
3.36666679	0.02705412
3.40000012	0.02642102
3.43333345	0.02565870
3.46666679	0.02486674
3.50000012	0.02409815
3.53333345	0.02332537
3.56666679	0.02240449
3.60000012	0.02156399
3.63333345	0.02075845
3.66666679	0.01984818
3.70000012	0.01894167
3.73333345	0.01791658
3.76666678	0.01701228
3.80000012	0.01603250
3.83333345	0.01512677
3.86666678	0.01401049
3.90000012	0.01315331
3.93333345	0.01230722
3.96666678	0.01139169
4.00000012	0.01037289
4.03333345	0.00952394
4.06666678	0.00870096
4.10000011	0.00777303
4.13333345	0.00705344
4.16666678	0.00623946
4.20000011	0.00542573
4.23333345	0.00469045
4.26666678	0.00400314
4.30000011	0.00333333
4.33333345	0.00282023
4.36666678	0.00208753
4.40000011	0.00151880
4.43333344	0.00114901
4.46666678	0.00075072
4.50000011	0.00024649
4.53333344	0.00005947
4.56666678	-0.00033640
4.60000011	-0.00053386
4.63333344	-0.00070343
4.66666677	-0.00091930
4.70000011	-0.00101855
4.73333344	-0.00130605
4.76666677	-0.00138080
4.80000011	-0.00142188
4.83333344	-0.00136316
4.86666677	-0.00147034
4.90000011	-0.00142931
4.93333344	-0.00132888
4.96666677	-0.00123765
5.00000010	-0.00126975
5.03333344	-0.00115349
5.06666677	-0.00118853
5.10000010	-0.00118827
5.13333344	-0.00120228
5.16666677	-0.00112745
5.20000010	-0.00099885
5.23333344	-0.00120327
5.26666677	-0.00121707
5.30000010	-0.00131745
5.33333343	-0.00138882
5.36666677	-0.00152479
5.40000010	-0.00153730
5.43333343	-0.00171857
5.46666677	-0.00177517
5.50000010	-0.00178667
5.53333343	-0.00202973
5.56666677	-0.00210825
5.60000010	-0.00245032
5.63333343	-0.00255178
5.66666676	-0.00258584
5.70000010	-0.00280971
5.73333343	-0.00294812
5.76666676	-0.00300430
5.80000010	-0.00314235
5.83333343	-0.00323192
5.86666676	-0.00334746
5.90000009	-0.00349940
5.93333343	-0.00349047
5.96666676	-0.00355794
6.00000009	-0.00358294
6.03333343	-0.00352523
6.06666676	-0.00361672
6.10000009	-0.00367727
6.13333343	-0.00358055
6.16666676	-0.00350566
6.20000009	-0.00345935
6.23333342	-0.00342270
6.26666676	-0.00331861
6.30000009	-0.00322852
6.33333342	-0.00313410
6.36666676	-0.00304176
6.40000009	-0.00288246
6.43333342	-0.00284719
6.46666676	-0.00285691
6.50000009	-0.00286752
6.53333342	-0.00280964
6.56666675	-0.00270622
6.60000009	-0.00266102
6.63333342	-0.00261288
6.66666675	-0.00261883
6.70000009	-0.00268013
6.73333342	-0.00293833
6.76666675	-0.00297111
6.80000009	-0.00308176
6.83333342	-0.00307565
6.86666675	-0.00330681
6.90000008	-0.00354168
6.93333342	-0.00375108
6.96666675	-0.00397164
7.00000008	-0.00419570
7.03333342	-0.00454157
7.06666675	-0.00465845
7.10000008	-0.00505768
7.13333342	-0.00518645
7.16666675	-0.00545865
7.20000008	-0.00583900
7.23333341	-0.00599888
7.26666675	-0.00635084
7.30000008	-0.00652823
7.33333341	-0.00674026
7.36666675	-0.00697102
7.40000008	-0.00717972
7.43333341	-0.00725980
7.46666674	-0.00743071
7.50000008	-0.00751749
7.53333341	-0.00756648
7.56666674	-0.00754997
7.60000008	-0.00756592
7.63333341	-0.00746618
7.66666674	-0.00729006
7.70000008	-0.00718593
7.73333341	-0.00712098
7.76666674	-0.00685939
7.80000007	-0.00670920
7.83333341	-0.00644000
7.86666674	-0.00611868
7.90000007	-0.00587149
7.93333341	-0.00554364
7.96666674	-0.00528616
8.00000007	-0.00498221
8.03333341	-0.00469457
8.06666674	-0.00426725
8.10000007	-0.00398389
8.13333340	-0.00372876
8.16666674	-0.00336972
8.20000007	-0.00310822
8.23333340	-0.00295559
8.26666674	-0.00275186
8.30000007	-0.00247671
8.33333340	-0.00228339
8.36666674	-0.00219475
8.40000007	-0.00212133
8.43333340	-0.00200204
8.46666673	-0.00208505
8.50000007	-0.00214890
8.53333340	-0.00222500
8.56666673	-0.00222697
8.60000007	-0.00224328
8.63333340	-0.00237616
8.66666673	-0.00248722
8.70000007	-0.00263948
8.73333340	-0.00279065
8.76666673	-0.00303949
8.80000006	-0.00318353
8.83333340	-0.00341532
8.86666673	-0.00357551
8.90000006	-0.00383378
8.93333340	-0.00403464
8.96666673	-0.00425805
9.00000006	-0.00441445
9.03333339	-0.00461584
9.06666673	-0.00479907
9.10000006	-0.00492741
9.13333339	-0.00504454
9.16666673	-0.00513240
9.20000006	-0.00511944
9.23333339	-0.00519943
9.26666673	-0.00531207
9.30000006	-0.00543292
9.33333339	-0.00544412
9.36666672	-0.00538709
9.40000006	-0.00530223
9.43333339	-0.00528298
9.46666672	-0.00527798
9.50000006	-0.00513589
9.53333339	-0.00497211
9.56666672	-0.00490017
9.60000006	-0.00480826
9.63333339	-0.00471248
9.66666672	-0.00454315
9.70000005	-0.00435127
9.73333339	-0.00417111
9.76666672	-0.00407907
9.80000005	-0.00385860
9.83333339	-0.00369245
9.86666672	-0.00358090
9.90000005	-0.00350253
9.93333339	-0.00332366
9.96666672	-0.00314760
10.00000005	-0.00307855
10.03333338	-0.00295537
10.06666672	-0.00282580
10.10000005	-0.00269469
10.13333338	-0.00262549
10.16666672	-0.00247869
10.20000005	-0.00243363
10.23333338	-0.00227804
10.26666671	-0.00222406
10.30000005	-0.00209025
10.33333338	-0.00201428
10.36666671	-0.00202397
10.40000005	-0.00198620
10.43333338	-0.00189226
10.46666671	-0.00186407
10.50000005	-0.00188898
10.53333338	-0.00186121
10.56666671	-0.00190248
10.60000004	-0.00184881
10.63333338	-0.00181093
10.66666671	-0.00183230
10.70000004	-0.00178741
10.73333338	-0.00179221
10.76666671	-0.00183352
10.80000004	-0.00175363
10.83333338	-0.00183960
10.86666671	-0.00178560
10.90000004	-0.00175684
10.93333337	-0.00176622
10.96666671	-0.00176266
11.00000004	-0.00176962
11.03333337	-0.00173079
11.06666671	-0.00173870
11.10000004	-0.00163036
11.13333337	-0.00163083
11.16666671	-0.00163268
11.20000004	-0.00163941
11.23333337	-0.00161109
11.26666670	-0.00156066
11.30000004	-0.00151236
11.33333337	-0.00149522
11.36666670	-0.00143988
11.40000004	-0.00139198
11.43333337	-0.00136548
11.46666670	-0.00134069
11.50000004	-0.00130434
11.53333337	-0.00130333
11.56666670	-0.00125224
11.60000003	-0.00121457
11.63333337	-0.00118543
11.66666670	-0.00116783
11.70000003	-0.00116862
11.73333337	-0.00112689
11.76666670	-0.00114832
11.80000003	-0.00113781
11.83333336	-0.00113970
11.86666670	-0.00113279
11.90000003	-0.00113650
11.93333336	-0.00110682
11.96666670	-0.00111038
12.00000003	-0.00112600
12.03333336	-0.00111036
12.06666670	-0.00108678
12.10000003	-0.00110873
12.13333336	-0.00111953
12.16666669	-0.00110940
12.20000003	-0.00110667
12.23333336	-0.00109824
12.26666669	-0.00108484
12.30000003	-0.00107751
12.33333336	-0.00108273
12.36666669	-0.00109245
12.40000003	-0.00109134
12.43333336	-0.00107766
12.46666669	-0.00105100
12.50000002	-0.00103863
12.53333336	-0.00104147
12.56666669	-0.00100312
12.60000002	-0.00101803
12.63333336	-0.00101940
12.66666669	-0.00100400
12.70000002	-0.00097607
12.73333336	-0.00096664
12.76666669	-0.00096797
12.80000002	-0.00096082
12.83333335	-0.00094345
12.86666669	-0.00092219
12.90000002	-0.00090239
12.93333335	-0.00090925
12.96666669	-0.00088807
13.00000002	-0.00088329
13.03333335	-0.00086027
13.06666668	-0.00084426
13.10000002	-0.00083949
13.13333335	-0.00083630
13.16666668	-0.00081640
13.20000002	-0.00079325
13.23333335	-0.00076414
13.26666668	-0.00074835
13.30000002	-0.00072475
13.33333335	-0.00071560
13.36666668	-0.00069281
13.40000001	-0.00066804
13.43333335	-0.00065141
13.46666668	-0.00061789
13.50000001	-0.00060028
13.53333335	-0.00058377
13.56666668	-0.00055198
13.60000001	-0.00052455
13.63333335	-0.00049718
13.66666668	-0.00047384
13.70000001	-0.00043864
13.73333334	-0.00041409
13.76666668	-0.00038826
13.80000001	-0.00035898
13.83333334	-0.00033489
13.86666668	-0.00030529
13.90000001	-0.00028045
13.93333334	-0.00025651
13.96666668	-0.00023463
14.00000001	-0.00020866
14.03333334	-0.00019395
14.06666667	-0.00017491
14.10000001	-0.00015611
14.13333334	-0.00013848
14.16666667	-0.00012250
14.20000001	-0.00010893
14.23333334	-0.00009691
14.26666667	-0.00008588
14.30000001	-0.00007584
14.33333334	-0.00006581
14.36666667	-0.00005692
14.40000000	-0.00004928
14.43333334	-0.00004196
14.46666667	-0.00003560
14.50000000	-0.00003056
14.53333334	-0.00002637
14.56666667	-0.00002148
14.60000000	-0.00001747
14.63333333	-0.00001407
14.66666667	-0.00001077
14.70000000	-0.00000799
14.73333333	-0.00000557
14.76666667	-0.00000374
14.80000000	-0.00000209
14.83333333	-0.00000096
14.86666667	-0.00000024
14.90000000	0.00000000
