# Menlo Systems GmbH ScanControl
# Program Version 1.3.3
# Start: -65.00000000 ps, Average over 1000 waveforms. Timestamp: 2020-01-08T17:00:17
# Time [ps]	THz Signal [a.u.]
-65.06666594	0.00000000
-65.03333261	0.00000002
-64.99999927	0.00000008
-64.96666594	0.00000013
-64.93333261	0.00000023
-64.89999927	0.00000037
-64.86666594	0.00000056
-64.83333261	0.00000075
-64.79999927	0.00000069
-64.76666594	0.00000059
-64.73333261	0.00000098
-64.69999927	0.00000137
-64.66666594	0.00000074
-64.63333261	0.00000150
-64.59999928	0.00000083
-64.56666594	0.00000081
-64.53333261	0.00000013
-64.49999928	-0.00000004
-64.46666594	-0.00000217
-64.43333261	-0.00000364
-64.39999928	-0.00000485
-64.36666594	-0.00000460
-64.33333261	-0.00000720
-64.29999928	-0.00000899
-64.26666595	-0.00000900
-64.23333261	-0.00001337
-64.19999928	-0.00001534
-64.16666595	-0.00001446
-64.13333261	-0.00001988
-64.09999928	-0.00001834
-64.06666595	-0.00002246
-64.03333261	-0.00002584
-63.99999928	-0.00002838
-63.96666595	-0.00003431
-63.93333262	-0.00003904
-63.89999928	-0.00004254
-63.86666595	-0.00004308
-63.83333262	-0.00004991
-63.79999928	-0.00005416
-63.76666595	-0.00006060
-63.73333262	-0.00007283
-63.69999928	-0.00006752
-63.66666595	-0.00007104
-63.63333262	-0.00007091
-63.59999928	-0.00007803
-63.56666595	-0.00007960
-63.53333262	-0.00009124
-63.49999929	-0.00008877
-63.46666595	-0.00010288
-63.43333262	-0.00011193
-63.39999929	-0.00009773
-63.36666595	-0.00009664
-63.33333262	-0.00009477
-63.29999929	-0.00009335
-63.26666595	-0.00008704
-63.23333262	-0.00010315
-63.19999929	-0.00008580
-63.16666596	-0.00008233
-63.13333262	-0.00008211
-63.09999929	-0.00006520
-63.06666596	-0.00005577
-63.03333262	-0.00006258
-62.99999929	-0.00005033
-62.96666596	-0.00006235
-62.93333262	-0.00003103
-62.89999929	-0.00001825
-62.86666596	-0.00002136
-62.83333263	0.00000882
-62.79999929	0.00002516
-62.76666596	0.00003090
-62.73333263	0.00003270
-62.69999929	0.00003259
-62.66666596	0.00006854
-62.63333263	0.00009243
-62.59999929	0.00011561
-62.56666596	0.00014341
-62.53333263	0.00016718
-62.49999929	0.00019947
-62.46666596	0.00020119
-62.43333263	0.00026337
-62.39999930	0.00027951
-62.36666596	0.00027627
-62.33333263	0.00032496
-62.29999930	0.00033863
-62.26666596	0.00039496
-62.23333263	0.00039527
-62.19999930	0.00042235
-62.16666596	0.00048690
-62.13333263	0.00048721
-62.09999930	0.00049286
-62.06666597	0.00054010
-62.03333263	0.00055709
-61.99999930	0.00056831
-61.96666597	0.00062475
-61.93333263	0.00065181
-61.89999930	0.00068094
-61.86666597	0.00073026
-61.83333263	0.00074708
-61.79999930	0.00075005
-61.76666597	0.00079982
-61.73333264	0.00081029
-61.69999930	0.00086720
-61.66666597	0.00086917
-61.63333264	0.00095414
-61.59999930	0.00094622
-61.56666597	0.00097063
-61.53333264	0.00098549
-61.49999930	0.00103280
-61.46666597	0.00106021
-61.43333264	0.00107913
-61.39999930	0.00107993
-61.36666597	0.00113509
-61.33333264	0.00117887
-61.29999931	0.00120113
-61.26666597	0.00118461
-61.23333264	0.00121032
-61.19999931	0.00121006
-61.16666597	0.00124932
-61.13333264	0.00126040
-61.09999931	0.00130570
-61.06666597	0.00120450
-61.03333264	0.00121997
-60.99999931	0.00126600
-60.96666598	0.00120760
-60.93333264	0.00122959
-60.89999931	0.00122373
-60.86666598	0.00120360
-60.83333264	0.00116698
-60.79999931	0.00113911
-60.76666598	0.00110338
-60.73333264	0.00107866
-60.69999931	0.00103433
-60.66666598	0.00099752
-60.63333265	0.00091427
-60.59999931	0.00086252
-60.56666598	0.00085107
-60.53333265	0.00077677
-60.49999931	0.00069955
-60.46666598	0.00057529
-60.43333265	0.00055661
-60.39999931	0.00044102
-60.36666598	0.00033252
-60.33333265	0.00031038
-60.29999931	0.00019840
-60.26666598	0.00013978
-60.23333265	0.00007796
-60.19999932	-0.00006409
-60.16666598	-0.00014263
-60.13333265	-0.00017852
-60.09999932	-0.00029152
-60.06666598	-0.00038883
-60.03333265	-0.00045615
-59.99999932	-0.00051369
-59.96666598	-0.00067730
-59.93333265	-0.00070433
-59.89999932	-0.00084755
-59.86666599	-0.00087714
-59.83333265	-0.00097794
-59.79999932	-0.00104085
-59.76666599	-0.00117061
-59.73333265	-0.00116831
-59.69999932	-0.00110480
-59.66666599	-0.00129506
-59.63333265	-0.00127323
-59.59999932	-0.00135174
-59.56666599	-0.00138443
-59.53333266	-0.00139567
-59.49999932	-0.00141125
-59.46666599	-0.00141622
-59.43333266	-0.00141082
-59.39999932	-0.00141398
-59.36666599	-0.00135725
-59.33333266	-0.00138739
-59.29999932	-0.00139471
-59.26666599	-0.00141795
-59.23333266	-0.00144848
-59.19999932	-0.00137440
-59.16666599	-0.00142068
-59.13333266	-0.00128988
-59.09999933	-0.00128739
-59.06666599	-0.00127882
-59.03333266	-0.00118223
-58.99999933	-0.00119199
-58.96666599	-0.00108811
-58.93333266	-0.00113120
-58.89999933	-0.00106414
-58.86666599	-0.00112784
-58.83333266	-0.00107094
-58.79999933	-0.00107059
-58.76666600	-0.00109846
-58.73333266	-0.00109801
-58.69999933	-0.00100481
-58.66666600	-0.00101493
-58.63333266	-0.00100332
-58.59999933	-0.00094320
-58.56666600	-0.00092799
-58.53333266	-0.00097029
-58.49999933	-0.00095790
-58.46666600	-0.00106255
-58.43333267	-0.00093430
-58.39999933	-0.00093245
-58.36666600	-0.00086265
-58.33333267	-0.00092470
-58.29999933	-0.00093818
-58.26666600	-0.00096475
-58.23333267	-0.00095418
-58.19999933	-0.00094134
-58.16666600	-0.00101270
-58.13333267	-0.00099673
-58.09999933	-0.00103648
-58.06666600	-0.00112996
-58.03333267	-0.00102318
-57.99999934	-0.00113718
-57.96666600	-0.00111458
-57.93333267	-0.00117826
-57.89999934	-0.00115683
-57.86666600	-0.00115901
-57.83333267	-0.00117574
-57.79999934	-0.00110054
-57.76666600	-0.00104125
-57.73333267	-0.00108777
-57.69999934	-0.00110803
-57.66666601	-0.00103317
-57.63333267	-0.00096645
-57.59999934	-0.00090303
-57.56666601	-0.00088310
-57.53333267	-0.00085183
-57.49999934	-0.00084328
-57.46666601	-0.00076795
-57.43333267	-0.00065055
-57.39999934	-0.00074037
-57.36666601	-0.00053573
-57.33333268	-0.00044262
-57.29999934	-0.00040427
-57.26666601	-0.00038253
-57.23333268	-0.00031091
-57.19999934	-0.00025713
-57.16666601	-0.00011319
-57.13333268	-0.00004488
-57.09999934	-0.00000255
-57.06666601	0.00000727
-57.03333268	0.00010111
-56.99999934	0.00016280
-56.96666601	0.00016566
-56.93333268	0.00028771
-56.89999935	0.00035140
-56.86666601	0.00038969
-56.83333268	0.00048362
-56.79999935	0.00057737
-56.76666601	0.00057826
-56.73333268	0.00065751
-56.69999935	0.00062274
-56.66666601	0.00069583
-56.63333268	0.00072795
-56.59999935	0.00068980
-56.56666602	0.00082399
-56.53333268	0.00077369
-56.49999935	0.00085070
-56.46666602	0.00081415
-56.43333268	0.00080927
-56.39999935	0.00084883
-56.36666602	0.00086764
-56.33333268	0.00085042
-56.29999935	0.00094755
-56.26666602	0.00088316
-56.23333269	0.00091225
-56.19999935	0.00094465
-56.16666602	0.00098622
-56.13333269	0.00096133
-56.09999935	0.00098751
-56.06666602	0.00100641
-56.03333269	0.00091345
-55.99999935	0.00092134
-55.96666602	0.00095760
-55.93333269	0.00105422
-55.89999935	0.00098633
-55.86666602	0.00101095
-55.83333269	0.00102275
-55.79999936	0.00102807
-55.76666602	0.00113067
-55.73333269	0.00117731
-55.69999936	0.00098426
-55.66666602	0.00107944
-55.63333269	0.00102571
-55.59999936	0.00112329
-55.56666602	0.00106328
-55.53333269	0.00110313
-55.49999936	0.00100496
-55.46666603	0.00109460
-55.43333269	0.00097132
-55.39999936	0.00089918
-55.36666603	0.00112243
-55.33333269	0.00106216
-55.29999936	0.00097466
-55.26666603	0.00094628
-55.23333269	0.00106163
-55.19999936	0.00103466
-55.16666603	0.00107949
-55.13333270	0.00110126
-55.09999936	0.00106650
-55.06666603	0.00109119
-55.03333270	0.00099115
-54.99999936	0.00100391
-54.96666603	0.00114504
-54.93333270	0.00107466
-54.89999936	0.00094562
-54.86666603	0.00109393
-54.83333270	0.00105615
-54.79999936	0.00112576
-54.76666603	0.00121444
-54.73333270	0.00106909
-54.69999937	0.00098746
-54.66666603	0.00104470
-54.63333270	0.00111105
-54.59999937	0.00104328
-54.56666603	0.00106806
-54.53333270	0.00110699
-54.49999937	0.00113096
-54.46666603	0.00107733
-54.43333270	0.00094932
-54.39999937	0.00102745
-54.36666604	0.00098831
-54.33333270	0.00089877
-54.29999937	0.00105342
-54.26666604	0.00088211
-54.23333270	0.00092698
-54.19999937	0.00089724
-54.16666604	0.00085836
-54.13333270	0.00087145
-54.09999937	0.00084315
-54.06666604	0.00073885
-54.03333271	0.00073693
-53.99999937	0.00075225
-53.96666604	0.00063397
-53.93333271	0.00066255
-53.89999937	0.00064328
-53.86666604	0.00055194
-53.83333271	0.00047589
-53.79999937	0.00041961
-53.76666604	0.00040724
-53.73333271	0.00029607
-53.69999937	0.00034839
-53.66666604	0.00025449
-53.63333271	0.00021926
-53.59999938	0.00015990
-53.56666604	0.00009405
-53.53333271	0.00007057
-53.49999938	0.00005872
-53.46666604	-0.00007265
-53.43333271	-0.00012818
-53.39999938	-0.00019374
-53.36666604	-0.00019468
-53.33333271	-0.00024510
-53.29999938	-0.00029429
-53.26666605	-0.00025061
-53.23333271	-0.00035019
-53.19999938	-0.00027990
-53.16666605	-0.00034980
-53.13333271	-0.00045509
-53.09999938	-0.00043390
-53.06666605	-0.00034345
-53.03333271	-0.00048075
-52.99999938	-0.00027567
-52.96666605	-0.00041895
-52.93333272	-0.00043696
-52.89999938	-0.00045718
-52.86666605	-0.00038391
-52.83333272	-0.00032607
-52.79999938	-0.00037450
-52.76666605	-0.00033790
-52.73333272	-0.00028795
-52.69999938	-0.00037630
-52.66666605	-0.00033157
-52.63333272	-0.00028609
-52.59999938	-0.00013695
-52.56666605	-0.00029353
-52.53333272	-0.00030655
-52.49999939	-0.00026213
-52.46666605	-0.00023512
-52.43333272	-0.00015198
-52.39999939	-0.00014789
-52.36666605	-0.00011255
-52.33333272	-0.00002168
-52.29999939	-0.00000916
-52.26666605	-0.00002110
-52.23333272	0.00004025
-52.19999939	0.00013108
-52.16666606	0.00010633
-52.13333272	0.00014712
-52.09999939	0.00015795
-52.06666606	0.00024314
-52.03333272	0.00033159
-51.99999939	0.00029388
-51.96666606	0.00035872
-51.93333272	0.00041764
-51.89999939	0.00042914
-51.86666606	0.00053176
-51.83333273	0.00058893
-51.79999939	0.00070034
-51.76666606	0.00092690
-51.73333273	0.00087837
-51.69999939	0.00095055
-51.66666606	0.00096291
-51.63333273	0.00109480
-51.59999939	0.00115229
-51.56666606	0.00124417
-51.53333273	0.00133089
-51.49999939	0.00129136
-51.46666606	0.00142526
-51.43333273	0.00151804
-51.39999940	0.00162256
-51.36666606	0.00158880
-51.33333273	0.00173832
-51.29999940	0.00180796
-51.26666606	0.00190419
-51.23333273	0.00204387
-51.19999940	0.00207660
-51.16666606	0.00222756
-51.13333273	0.00221552
-51.09999940	0.00232289
-51.06666607	0.00228344
-51.03333273	0.00241482
-50.99999940	0.00256559
-50.96666607	0.00255023
-50.93333273	0.00269483
-50.89999940	0.00276413
-50.86666607	0.00285659
-50.83333273	0.00296236
-50.79999940	0.00297045
-50.76666607	0.00313761
-50.73333274	0.00314418
-50.69999940	0.00323705
-50.66666607	0.00334141
-50.63333274	0.00333157
-50.59999940	0.00343602
-50.56666607	0.00345181
-50.53333274	0.00365670
-50.49999940	0.00367560
-50.46666607	0.00368581
-50.43333274	0.00391437
-50.39999940	0.00381974
-50.36666607	0.00396655
-50.33333274	0.00385258
-50.29999941	0.00395456
-50.26666607	0.00390073
-50.23333274	0.00385866
-50.19999941	0.00386225
-50.16666607	0.00372816
-50.13333274	0.00361793
-50.09999941	0.00355277
-50.06666607	0.00348233
-50.03333274	0.00340430
-49.99999941	0.00320536
-49.96666608	0.00302856
-49.93333274	0.00287109
-49.89999941	0.00266511
-49.86666608	0.00240118
-49.83333274	0.00214081
-49.79999941	0.00192906
-49.76666608	0.00149438
-49.73333274	0.00119548
-49.69999941	0.00085647
-49.66666608	0.00053392
-49.63333275	0.00018805
-49.59999941	-0.00027264
-49.56666608	-0.00078965
-49.53333275	-0.00109586
-49.49999941	-0.00144623
-49.46666608	-0.00189660
-49.43333275	-0.00235618
-49.39999941	-0.00277245
-49.36666608	-0.00317804
-49.33333275	-0.00348422
-49.29999941	-0.00385787
-49.26666608	-0.00417562
-49.23333275	-0.00442505
-49.19999942	-0.00476008
-49.16666608	-0.00499773
-49.13333275	-0.00517516
-49.09999942	-0.00543814
-49.06666608	-0.00552249
-49.03333275	-0.00551573
-48.99999942	-0.00567207
-48.96666608	-0.00566437
-48.93333275	-0.00577916
-48.89999942	-0.00558420
-48.86666609	-0.00550355
-48.83333275	-0.00545236
-48.79999942	-0.00512486
-48.76666609	-0.00497028
-48.73333275	-0.00470457
-48.69999942	-0.00453056
-48.66666609	-0.00423402
-48.63333275	-0.00373434
-48.59999942	-0.00351256
-48.56666609	-0.00315756
-48.53333276	-0.00266019
-48.49999942	-0.00225577
-48.46666609	-0.00191104
-48.43333276	-0.00155010
-48.39999942	-0.00106396
-48.36666609	-0.00063554
-48.33333276	-0.00026181
-48.29999942	0.00008158
-48.26666609	0.00056720
-48.23333276	0.00087722
-48.19999942	0.00126658
-48.16666609	0.00167743
-48.13333276	0.00200741
-48.09999943	0.00232072
-48.06666609	0.00266028
-48.03333276	0.00297560
-47.99999943	0.00325137
-47.96666609	0.00355202
-47.93333276	0.00390382
-47.89999943	0.00408325
-47.86666609	0.00420229
-47.83333276	0.00439009
-47.79999943	0.00453723
-47.76666610	0.00468168
-47.73333276	0.00483461
-47.69999943	0.00503528
-47.66666610	0.00506311
-47.63333276	0.00511380
-47.59999943	0.00524283
-47.56666610	0.00531202
-47.53333276	0.00528719
-47.49999943	0.00532465
-47.46666610	0.00539416
-47.43333277	0.00545890
-47.39999943	0.00552605
-47.36666610	0.00558410
-47.33333277	0.00565532
-47.29999943	0.00570285
-47.26666610	0.00564839
-47.23333277	0.00575766
-47.19999943	0.00576980
-47.16666610	0.00592721
-47.13333277	0.00592978
-47.09999943	0.00587842
-47.06666610	0.00603561
-47.03333277	0.00606695
-46.99999944	0.00608507
-46.96666610	0.00618055
-46.93333277	0.00612006
-46.89999944	0.00611921
-46.86666610	0.00608412
-46.83333277	0.00613481
-46.79999944	0.00617605
-46.76666610	0.00619993
-46.73333277	0.00613224
-46.69999944	0.00624669
-46.66666611	0.00620611
-46.63333277	0.00606855
-46.59999944	0.00618297
-46.56666611	0.00613578
-46.53333277	0.00619708
-46.49999944	0.00622383
-46.46666611	0.00616538
-46.43333277	0.00629309
-46.39999944	0.00630249
-46.36666611	0.00626488
-46.33333278	0.00631830
-46.29999944	0.00636886
-46.26666611	0.00631643
-46.23333278	0.00642231
-46.19999944	0.00644994
-46.16666611	0.00644309
-46.13333278	0.00651690
-46.09999944	0.00662161
-46.06666611	0.00662189
-46.03333278	0.00682353
-45.99999944	0.00679248
-45.96666611	0.00680155
-45.93333278	0.00691705
-45.89999945	0.00681455
-45.86666611	0.00709870
-45.83333278	0.00711530
-45.79999945	0.00713210
-45.76666611	0.00704091
-45.73333278	0.00721546
-45.69999945	0.00724356
-45.66666611	0.00713162
-45.63333278	0.00730379
-45.59999945	0.00728093
-45.56666612	0.00727711
-45.53333278	0.00730853
-45.49999945	0.00739403
-45.46666612	0.00735065
-45.43333278	0.00725790
-45.39999945	0.00732697
-45.36666612	0.00722301
-45.33333278	0.00714158
-45.29999945	0.00716602
-45.26666612	0.00709533
-45.23333279	0.00693283
-45.19999945	0.00689993
-45.16666612	0.00673168
-45.13333279	0.00653364
-45.09999945	0.00650633
-45.06666612	0.00631136
-45.03333279	0.00615495
-44.99999945	0.00591994
-44.96666612	0.00580235
-44.93333279	0.00555311
-44.89999945	0.00545813
-44.86666612	0.00529393
-44.83333279	0.00520105
-44.79999946	0.00501746
-44.76666612	0.00498695
-44.73333279	0.00484750
-44.69999946	0.00480666
-44.66666612	0.00481274
-44.63333279	0.00480928
-44.59999946	0.00478661
-44.56666612	0.00498304
-44.53333279	0.00524838
-44.49999946	0.00545702
-44.46666613	0.00577621
-44.43333279	0.00613753
-44.39999946	0.00646078
-44.36666613	0.00705351
-44.33333279	0.00764068
-44.29999946	0.00830585
-44.26666613	0.00903334
-44.23333279	0.00984666
-44.19999946	0.01071236
-44.16666613	0.01162998
-44.13333280	0.01267852
-44.09999946	0.01376482
-44.06666613	0.01497105
-44.03333280	0.01620797
-43.99999946	0.01751601
-43.96666613	0.01890924
-43.93333280	0.02033365
-43.89999946	0.02181876
-43.86666613	0.02330591
-43.83333280	0.02498197
-43.79999946	0.02678534
-43.76666613	0.02855504
-43.73333280	0.03038813
-43.69999947	0.03232160
-43.66666613	0.03443247
-43.63333280	0.03647050
-43.59999947	0.03863182
-43.56666613	0.04091151
-43.53333280	0.04329434
-43.49999947	0.04578229
-43.46666613	0.04825402
-43.43333280	0.05095448
-43.39999947	0.05363087
-43.36666614	0.05662323
-43.33333280	0.05953364
-43.29999947	0.06261628
-43.26666614	0.06595454
-43.23333280	0.06927297
-43.19999947	0.07268403
-43.16666614	0.07625103
-43.13333280	0.07997865
-43.09999947	0.08377542
-43.06666614	0.08776191
-43.03333281	0.09169924
-42.99999947	0.09572649
-42.96666614	0.09978863
-42.93333281	0.10372785
-42.89999947	0.10771517
-42.86666614	0.11163411
-42.83333281	0.11543490
-42.79999947	0.11905036
-42.76666614	0.12223399
-42.73333281	0.12511852
-42.69999947	0.12744125
-42.66666614	0.12927089
-42.63333281	0.13045129
-42.59999948	0.13079821
-42.56666614	0.13040959
-42.53333281	0.12863813
-42.49999948	0.12584821
-42.46666614	0.12183938
-42.43333281	0.11626168
-42.39999948	0.10911048
-42.36666614	0.10031317
-42.33333281	0.08969795
-42.29999948	0.07685815
-42.26666615	0.06219750
-42.23333281	0.04545226
-42.19999948	0.02661807
-42.16666615	0.00572458
-42.13333281	-0.01734504
-42.09999948	-0.04263391
-42.06666615	-0.06978995
-42.03333281	-0.09874082
-41.99999948	-0.12939844
-41.96666615	-0.16150471
-41.93333282	-0.19485165
-41.89999948	-0.22918153
-41.86666615	-0.26414576
-41.83333282	-0.29940343
-41.79999948	-0.33471000
-41.76666615	-0.36952235
-41.73333282	-0.40351665
-41.69999948	-0.43626941
-41.66666615	-0.46723058
-41.63333282	-0.49625636
-41.59999948	-0.52272583
-41.56666615	-0.54628305
-41.53333282	-0.56666274
-41.49999949	-0.58348373
-41.46666615	-0.59639940
-41.43333282	-0.60525929
-41.39999949	-0.60981779
-41.36666615	-0.61006707
-41.33333282	-0.60557439
-41.29999949	-0.59680415
-41.26666615	-0.58354808
-41.23333282	-0.56583582
-41.19999949	-0.54386417
-41.16666616	-0.51795231
-41.13333282	-0.48821529
-41.09999949	-0.45504360
-41.06666616	-0.41886188
-41.03333282	-0.37999303
-40.99999949	-0.33881609
-40.96666616	-0.29564577
-40.93333282	-0.25132337
-40.89999949	-0.20587328
-40.86666616	-0.16007110
-40.83333283	-0.11421274
-40.79999949	-0.06874309
-40.76666616	-0.02413664
-40.73333283	0.01919545
-40.69999949	0.06096379
-40.66666616	0.10098841
-40.63333283	0.13855717
-40.59999949	0.17372923
-40.56666616	0.20625069
-40.53333283	0.23586097
-40.49999949	0.26265320
-40.46666616	0.28636709
-40.43333283	0.30699898
-40.39999950	0.32459167
-40.36666616	0.33905941
-40.33333283	0.35061888
-40.29999950	0.35945024
-40.26666616	0.36557255
-40.23333283	0.36903360
-40.19999950	0.37017345
-40.16666616	0.36915178
-40.13333283	0.36602304
-40.09999950	0.36109057
-40.06666617	0.35467389
-40.03333283	0.34685312
-39.99999950	0.33795374
-39.96666617	0.32811129
-39.93333283	0.31750502
-39.89999950	0.30631703
-39.86666617	0.29477888
-39.83333283	0.28288013
-39.79999950	0.27089627
-39.76666617	0.25903629
-39.73333284	0.24737041
-39.69999950	0.23590548
-39.66666617	0.22468167
-39.63333284	0.21378147
-39.59999950	0.20352806
-39.56666617	0.19355593
-39.53333284	0.18426977
-39.49999950	0.17519390
-39.46666617	0.16663881
-39.43333284	0.15868206
-39.39999950	0.15129665
-39.36666617	0.14426386
-39.33333284	0.13763133
-39.29999951	0.13147867
-39.26666617	0.12564966
-39.23333284	0.12005906
-39.19999951	0.11479119
-39.16666617	0.10971196
-39.13333284	0.10496323
-39.09999951	0.10017627
-39.06666617	0.09561062
-39.03333284	0.09120195
-38.99999951	0.08669229
-38.96666618	0.08242020
-38.93333284	0.07819879
-38.89999951	0.07388675
-38.86666618	0.06952069
-38.83333284	0.06527867
-38.79999951	0.06089963
-38.76666618	0.05659776
-38.73333284	0.05222657
-38.69999951	0.04789555
-38.66666618	0.04354713
-38.63333285	0.03924928
-38.59999951	0.03498208
-38.56666618	0.03079656
-38.53333285	0.02656637
-38.49999951	0.02246460
-38.46666618	0.01846740
-38.43333285	0.01464948
-38.39999951	0.01085053
-38.36666618	0.00729768
-38.33333285	0.00392668
-38.29999951	0.00067952
-38.26666618	-0.00244031
-38.23333285	-0.00517892
-38.19999952	-0.00799057
-38.16666618	-0.01028501
-38.13333285	-0.01252143
-38.09999952	-0.01461309
-38.06666618	-0.01636596
-38.03333285	-0.01796486
-37.99999952	-0.01935053
-37.96666618	-0.02064743
-37.93333285	-0.02168287
-37.89999952	-0.02262504
-37.86666619	-0.02350944
-37.83333285	-0.02415010
-37.79999952	-0.02482731
-37.76666619	-0.02528094
-37.73333285	-0.02568673
-37.69999952	-0.02607798
-37.66666619	-0.02643069
-37.63333285	-0.02668876
-37.59999952	-0.02695436
-37.56666619	-0.02726423
-37.53333286	-0.02760473
-37.49999952	-0.02799584
-37.46666619	-0.02825461
-37.43333286	-0.02858416
-37.39999952	-0.02891438
-37.36666619	-0.02940960
-37.33333286	-0.02980671
-37.29999952	-0.03039892
-37.26666619	-0.03086785
-37.23333286	-0.03133923
-37.19999952	-0.03191658
-37.16666619	-0.03241034
-37.13333286	-0.03292421
-37.09999953	-0.03340423
-37.06666619	-0.03386532
-37.03333286	-0.03423925
-36.99999953	-0.03470655
-36.96666619	-0.03511915
-36.93333286	-0.03536445
-36.89999953	-0.03551417
-36.86666619	-0.03568854
-36.83333286	-0.03565022
-36.79999953	-0.03558227
-36.76666620	-0.03539142
-36.73333286	-0.03498792
-36.69999953	-0.03464602
-36.66666620	-0.03418261
-36.63333286	-0.03348261
-36.59999953	-0.03277887
-36.56666620	-0.03203209
-36.53333286	-0.03119805
-36.49999953	-0.03020816
-36.46666620	-0.02905261
-36.43333287	-0.02795093
-36.39999953	-0.02688662
-36.36666620	-0.02561892
-36.33333287	-0.02445389
-36.29999953	-0.02309521
-36.26666620	-0.02193903
-36.23333287	-0.02071769
-36.19999953	-0.01961111
-36.16666620	-0.01852802
-36.13333287	-0.01727874
-36.09999953	-0.01627559
-36.06666620	-0.01514673
-36.03333287	-0.01438789
-35.99999954	-0.01354306
-35.96666620	-0.01279428
-35.93333287	-0.01208119
-35.89999954	-0.01161030
-35.86666620	-0.01112454
-35.83333287	-0.01067381
-35.79999954	-0.01047080
-35.76666620	-0.01017737
-35.73333287	-0.01009502
-35.69999954	-0.00996678
-35.66666621	-0.00997369
-35.63333287	-0.01004165
-35.59999954	-0.01014393
-35.56666621	-0.01034538
-35.53333287	-0.01054276
-35.49999954	-0.01082331
-35.46666621	-0.01109261
-35.43333287	-0.01137126
-35.39999954	-0.01156086
-35.36666621	-0.01178556
-35.33333288	-0.01211710
-35.29999954	-0.01237129
-35.26666621	-0.01250605
-35.23333288	-0.01269218
-35.19999954	-0.01286436
-35.16666621	-0.01290924
-35.13333288	-0.01293519
-35.09999954	-0.01286577
-35.06666621	-0.01284776
-35.03333288	-0.01271278
-34.99999954	-0.01258273
-34.96666621	-0.01239370
-34.93333288	-0.01208932
-34.89999955	-0.01179356
-34.86666621	-0.01143201
-34.83333288	-0.01104759
-34.79999955	-0.01048536
-34.76666621	-0.01002096
-34.73333288	-0.00961125
-34.69999955	-0.00909449
-34.66666621	-0.00864711
-34.63333288	-0.00812401
-34.59999955	-0.00753707
-34.56666622	-0.00704243
-34.53333288	-0.00653241
-34.49999955	-0.00610396
-34.46666622	-0.00555218
-34.43333288	-0.00522901
-34.39999955	-0.00492773
-34.36666622	-0.00462387
-34.33333288	-0.00439419
-34.29999955	-0.00422520
-34.26666622	-0.00399247
-34.23333289	-0.00394648
-34.19999955	-0.00392724
-34.16666622	-0.00407367
-34.13333289	-0.00415376
-34.09999955	-0.00435955
-34.06666622	-0.00472999
-34.03333289	-0.00510734
-33.99999955	-0.00554599
-33.96666622	-0.00604256
-33.93333289	-0.00649637
-33.89999955	-0.00719021
-33.86666622	-0.00765618
-33.83333289	-0.00841160
-33.79999956	-0.00915123
-33.76666622	-0.00976904
-33.73333289	-0.01045577
-33.69999956	-0.01118573
-33.66666622	-0.01189717
-33.63333289	-0.01259042
-33.59999956	-0.01337236
-33.56666622	-0.01414447
-33.53333289	-0.01463767
-33.49999956	-0.01527407
-33.46666623	-0.01587867
-33.43333289	-0.01643615
-33.39999956	-0.01687580
-33.36666623	-0.01723039
-33.33333289	-0.01753694
-33.29999956	-0.01790385
-33.26666623	-0.01814394
-33.23333289	-0.01810309
-33.19999956	-0.01821986
-33.16666623	-0.01825273
-33.13333290	-0.01825073
-33.09999956	-0.01803055
-33.06666623	-0.01783916
-33.03333290	-0.01760789
-32.99999956	-0.01739574
-32.96666623	-0.01693729
-32.93333290	-0.01661745
-32.89999956	-0.01602978
-32.86666623	-0.01556114
-32.83333290	-0.01504648
-32.79999956	-0.01451913
-32.76666623	-0.01401393
-32.73333290	-0.01339984
-32.69999957	-0.01267566
-32.66666623	-0.01218704
-32.63333290	-0.01154424
-32.59999957	-0.01106839
-32.56666623	-0.01044391
-32.53333290	-0.00992684
-32.49999957	-0.00949820
-32.46666623	-0.00902718
-32.43333290	-0.00862669
-32.39999957	-0.00817002
-32.36666624	-0.00783984
-32.33333290	-0.00756182
-32.29999957	-0.00727349
-32.26666624	-0.00722766
-32.23333290	-0.00701590
-32.19999957	-0.00689755
-32.16666624	-0.00680375
-32.13333290	-0.00675573
-32.09999957	-0.00680802
-32.06666624	-0.00699835
-32.03333291	-0.00718201
-31.99999957	-0.00731992
-31.96666624	-0.00734693
-31.93333291	-0.00760610
-31.89999957	-0.00773914
-31.86666624	-0.00789949
-31.83333291	-0.00811430
-31.79999957	-0.00814909
-31.76666624	-0.00827881
-31.73333291	-0.00840294
-31.69999957	-0.00850828
-31.66666624	-0.00847711
-31.63333291	-0.00851787
-31.59999958	-0.00840466
-31.56666624	-0.00824735
-31.53333291	-0.00819385
-31.49999958	-0.00795438
-31.46666624	-0.00768523
-31.43333291	-0.00749768
-31.39999958	-0.00714340
-31.36666624	-0.00672230
-31.33333291	-0.00634699
-31.29999958	-0.00580797
-31.26666625	-0.00526423
-31.23333291	-0.00467851
-31.19999958	-0.00402673
-31.16666625	-0.00338361
-31.13333291	-0.00266603
-31.09999958	-0.00204669
-31.06666625	-0.00130951
-31.03333291	-0.00061562
-30.99999958	0.00000741
-30.96666625	0.00067265
-30.93333292	0.00127379
-30.89999958	0.00193871
-30.86666625	0.00254212
-30.83333292	0.00309807
-30.79999958	0.00365307
-30.76666625	0.00403414
-30.73333292	0.00438863
-30.69999958	0.00478048
-30.66666625	0.00504466
-30.63333292	0.00540160
-30.59999958	0.00559356
-30.56666625	0.00583944
-30.53333292	0.00584391
-30.49999959	0.00584309
-30.46666625	0.00575328
-30.43333292	0.00577774
-30.39999959	0.00563299
-30.36666625	0.00533022
-30.33333292	0.00510417
-30.29999959	0.00479386
-30.26666625	0.00443500
-30.23333292	0.00409102
-30.19999959	0.00373471
-30.16666626	0.00336822
-30.13333292	0.00300860
-30.09999959	0.00258309
-30.06666626	0.00224405
-30.03333292	0.00182075
-29.99999959	0.00137595
-29.96666626	0.00110884
-29.93333292	0.00079249
-29.89999959	0.00048685
-29.86666626	0.00022336
-29.83333293	0.00010148
-29.79999959	-0.00012425
-29.76666626	-0.00031381
-29.73333293	-0.00032868
-29.69999959	-0.00047546
-29.66666626	-0.00047684
-29.63333293	-0.00055300
-29.59999959	-0.00031971
-29.56666626	-0.00028959
-29.53333293	-0.00025676
-29.49999959	-0.00011558
-29.46666626	0.00009389
-29.43333293	0.00026268
-29.39999960	0.00036345
-29.36666626	0.00054899
-29.33333293	0.00089239
-29.29999960	0.00099485
-29.26666626	0.00124756
-29.23333293	0.00140085
-29.19999960	0.00164199
-29.16666626	0.00188110
-29.13333293	0.00202740
-29.09999960	0.00211712
-29.06666627	0.00232334
-29.03333293	0.00251885
-28.99999960	0.00258512
-28.96666627	0.00268278
-28.93333293	0.00278309
-28.89999960	0.00284453
-28.86666627	0.00281519
-28.83333293	0.00279222
-28.79999960	0.00284250
-28.76666627	0.00291631
-28.73333294	0.00276617
-28.69999960	0.00275446
-28.66666627	0.00266064
-28.63333294	0.00274123
-28.59999960	0.00251034
-28.56666627	0.00250355
-28.53333294	0.00233035
-28.49999960	0.00232420
-28.46666627	0.00219096
-28.43333294	0.00211125
-28.39999960	0.00199796
-28.36666627	0.00180759
-28.33333294	0.00170955
-28.29999961	0.00161542
-28.26666627	0.00168409
-28.23333294	0.00149521
-28.19999961	0.00142993
-28.16666627	0.00139736
-28.13333294	0.00148802
-28.09999961	0.00152468
-28.06666627	0.00154358
-28.03333294	0.00166211
-27.99999961	0.00174365
-27.96666628	0.00191838
-27.93333294	0.00210600
-27.89999961	0.00224940
-27.86666628	0.00249540
-27.83333294	0.00271630
-27.79999961	0.00290043
-27.76666628	0.00323143
-27.73333294	0.00352239
-27.69999961	0.00378938
-27.66666628	0.00407269
-27.63333295	0.00439085
-27.59999961	0.00475859
-27.56666628	0.00518795
-27.53333295	0.00571650
-27.49999961	0.00594919
-27.46666628	0.00641839
-27.43333295	0.00669679
-27.39999961	0.00710500
-27.36666628	0.00738008
-27.33333295	0.00773202
-27.29999961	0.00801282
-27.26666628	0.00835645
-27.23333295	0.00850888
-27.19999962	0.00877623
-27.16666628	0.00896863
-27.13333295	0.00913180
-27.09999962	0.00927218
-27.06666628	0.00935767
-27.03333295	0.00928086
-26.99999962	0.00924374
-26.96666628	0.00919437
-26.93333295	0.00903607
-26.89999962	0.00888593
-26.86666629	0.00847025
-26.83333295	0.00838545
-26.79999962	0.00799649
-26.76666629	0.00758393
-26.73333295	0.00726776
-26.69999962	0.00675275
-26.66666629	0.00628717
-26.63333295	0.00570043
-26.59999962	0.00517558
-26.56666629	0.00468397
-26.53333296	0.00409525
-26.49999962	0.00350871
-26.46666629	0.00286112
-26.43333296	0.00237530
-26.39999962	0.00174274
-26.36666629	0.00115156
-26.33333296	0.00062763
-26.29999962	0.00013432
-26.26666629	-0.00030589
-26.23333296	-0.00091914
-26.19999962	-0.00131119
-26.16666629	-0.00169778
-26.13333296	-0.00209615
-26.09999963	-0.00242952
-26.06666629	-0.00275304
-26.03333296	-0.00298472
-25.99999963	-0.00317465
-25.96666629	-0.00354674
-25.93333296	-0.00359152
-25.89999963	-0.00370275
-25.86666629	-0.00376752
-25.83333296	-0.00380132
-25.79999963	-0.00378622
-25.76666630	-0.00363017
-25.73333296	-0.00365164
-25.69999963	-0.00345787
-25.66666630	-0.00335537
-25.63333296	-0.00325059
-25.59999963	-0.00310892
-25.56666630	-0.00295350
-25.53333296	-0.00269458
-25.49999963	-0.00249807
-25.46666630	-0.00237425
-25.43333297	-0.00219029
-25.39999963	-0.00204005
-25.36666630	-0.00195727
-25.33333297	-0.00180624
-25.29999963	-0.00164940
-25.26666630	-0.00144336
-25.23333297	-0.00132965
-25.19999963	-0.00124732
-25.16666630	-0.00111700
-25.13333297	-0.00099816
-25.09999963	-0.00103019
-25.06666630	-0.00103693
-25.03333297	-0.00112127
-24.99999964	-0.00113766
-24.96666630	-0.00117704
-24.93333297	-0.00114049
-24.89999964	-0.00124299
-24.86666630	-0.00138101
-24.83333297	-0.00147232
-24.79999964	-0.00163092
-24.76666630	-0.00149655
-24.73333297	-0.00152695
-24.69999964	-0.00151132
-24.66666631	-0.00148187
-24.63333297	-0.00145786
-24.59999964	-0.00140951
-24.56666631	-0.00139846
-24.53333297	-0.00126814
-24.49999964	-0.00113491
-24.46666631	-0.00100296
-24.43333297	-0.00079600
-24.39999964	-0.00057554
-24.36666631	-0.00038591
-24.33333298	0.00001368
-24.29999964	0.00019018
-24.26666631	0.00032847
-24.23333298	0.00066452
-24.19999964	0.00089438
-24.16666631	0.00113946
-24.13333298	0.00117195
-24.09999964	0.00147468
-24.06666631	0.00178092
-24.03333298	0.00192909
-23.99999964	0.00196430
-23.96666631	0.00208514
-23.93333298	0.00221586
-23.89999965	0.00214647
-23.86666631	0.00208102
-23.83333298	0.00197689
-23.79999965	0.00187823
-23.76666631	0.00155885
-23.73333298	0.00124921
-23.69999965	0.00091390
-23.66666631	0.00037449
-23.63333298	-0.00010115
-23.59999965	-0.00075788
-23.56666632	-0.00145480
-23.53333298	-0.00233983
-23.49999965	-0.00305389
-23.46666632	-0.00406906
-23.43333298	-0.00490712
-23.39999965	-0.00600458
-23.36666632	-0.00729443
-23.33333298	-0.00861385
-23.29999965	-0.00989680
-23.26666632	-0.01123916
-23.23333299	-0.01274960
-23.19999965	-0.01430137
-23.16666632	-0.01589359
-23.13333299	-0.01740948
-23.09999965	-0.01901074
-23.06666632	-0.02065305
-23.03333299	-0.02238732
-22.99999965	-0.02405446
-22.96666632	-0.02579634
-22.93333299	-0.02739857
-22.89999965	-0.02908501
-22.86666632	-0.03061538
-22.83333299	-0.03224175
-22.79999966	-0.03392401
-22.76666632	-0.03525830
-22.73333299	-0.03671858
-22.69999966	-0.03805428
-22.66666632	-0.03937743
-22.63333299	-0.04045536
-22.59999966	-0.04147013
-22.56666632	-0.04242018
-22.53333299	-0.04316609
-22.49999966	-0.04379405
-22.46666633	-0.04425449
-22.43333299	-0.04467695
-22.39999966	-0.04477841
-22.36666633	-0.04480460
-22.33333299	-0.04475839
-22.29999966	-0.04444932
-22.26666633	-0.04390153
-22.23333299	-0.04329710
-22.19999966	-0.04247778
-22.16666633	-0.04161501
-22.13333300	-0.04056097
-22.09999966	-0.03920956
-22.06666633	-0.03784600
-22.03333300	-0.03633795
-21.99999966	-0.03462302
-21.96666633	-0.03281824
-21.93333300	-0.03099830
-21.89999966	-0.02894701
-21.86666633	-0.02689580
-21.83333300	-0.02474741
-21.79999966	-0.02247800
-21.76666633	-0.02023907
-21.73333300	-0.01789294
-21.69999967	-0.01559480
-21.66666633	-0.01333167
-21.63333300	-0.01095582
-21.59999967	-0.00864403
-21.56666633	-0.00647355
-21.53333300	-0.00419682
-21.49999967	-0.00204300
-21.46666633	0.00009379
-21.43333300	0.00207234
-21.39999967	0.00398175
-21.36666634	0.00575035
-21.33333300	0.00744618
-21.29999967	0.00905184
-21.26666634	0.01055240
-21.23333300	0.01188384
-21.19999967	0.01321251
-21.16666634	0.01444331
-21.13333300	0.01545458
-21.09999967	0.01638352
-21.06666634	0.01716341
-21.03333301	0.01798632
-20.99999967	0.01864608
-20.96666634	0.01935435
-20.93333301	0.01973543
-20.89999967	0.02008570
-20.86666634	0.02048020
-20.83333301	0.02065016
-20.79999967	0.02077207
-20.76666634	0.02087212
-20.73333301	0.02090922
-20.69999967	0.02092113
-20.66666634	0.02091711
-20.63333301	0.02075795
-20.59999968	0.02067909
-20.56666634	0.02041911
-20.53333301	0.02029826
-20.49999968	0.02001498
-20.46666634	0.01955993
-20.43333301	0.01934528
-20.39999968	0.01896714
-20.36666634	0.01863264
-20.33333301	0.01839726
-20.29999968	0.01786113
-20.26666635	0.01738413
-20.23333301	0.01692104
-20.19999968	0.01643214
-20.16666635	0.01579465
-20.13333301	0.01525088
-20.09999968	0.01470417
-20.06666635	0.01421948
-20.03333301	0.01363128
-19.99999968	0.01281527
-19.96666635	0.01234578
-19.93333302	0.01168943
-19.89999968	0.01084753
-19.86666635	0.01028788
-19.83333302	0.00959323
-19.79999968	0.00882397
-19.76666635	0.00819206
-19.73333302	0.00747446
-19.69999968	0.00682564
-19.66666635	0.00608183
-19.63333302	0.00549425
-19.59999968	0.00471821
-19.56666635	0.00410674
-19.53333302	0.00335747
-19.49999969	0.00263581
-19.46666635	0.00204286
-19.43333302	0.00142153
-19.39999969	0.00078940
-19.36666635	0.00031289
-19.33333302	-0.00023070
-19.29999969	-0.00083520
-19.26666635	-0.00139783
-19.23333302	-0.00177856
-19.19999969	-0.00235883
-19.16666636	-0.00267152
-19.13333302	-0.00312547
-19.09999969	-0.00352470
-19.06666636	-0.00378450
-19.03333302	-0.00412430
-18.99999969	-0.00435239
-18.96666636	-0.00456210
-18.93333302	-0.00493046
-18.89999969	-0.00511570
-18.86666636	-0.00516834
-18.83333303	-0.00539474
-18.79999969	-0.00560847
-18.76666636	-0.00572030
-18.73333303	-0.00577343
-18.69999969	-0.00589355
-18.66666636	-0.00584349
-18.63333303	-0.00590972
-18.59999969	-0.00596224
-18.56666636	-0.00591687
-18.53333303	-0.00600127
-18.49999969	-0.00596540
-18.46666636	-0.00607386
-18.43333303	-0.00605993
-18.39999970	-0.00608241
-18.36666636	-0.00603689
-18.33333303	-0.00614031
-18.29999970	-0.00603291
-18.26666636	-0.00613231
-18.23333303	-0.00616482
-18.19999970	-0.00627389
-18.16666636	-0.00625201
-18.13333303	-0.00629405
-18.09999970	-0.00630864
-18.06666637	-0.00635732
-18.03333303	-0.00646089
-17.99999970	-0.00654810
-17.96666637	-0.00655845
-17.93333303	-0.00675064
-17.89999970	-0.00674417
-17.86666637	-0.00685263
-17.83333303	-0.00689072
-17.79999970	-0.00709730
-17.76666637	-0.00704271
-17.73333304	-0.00721969
-17.69999970	-0.00721668
-17.66666637	-0.00730370
-17.63333304	-0.00742287
-17.59999970	-0.00747341
-17.56666637	-0.00740971
-17.53333304	-0.00759374
-17.49999970	-0.00744091
-17.46666637	-0.00752493
-17.43333304	-0.00749406
-17.39999970	-0.00760443
-17.36666637	-0.00743930
-17.33333304	-0.00745596
-17.29999971	-0.00738837
-17.26666637	-0.00742063
-17.23333304	-0.00732228
-17.19999971	-0.00721118
-17.16666637	-0.00717093
-17.13333304	-0.00715828
-17.09999971	-0.00700435
-17.06666637	-0.00686752
-17.03333304	-0.00673224
-16.99999971	-0.00650762
-16.96666638	-0.00632261
-16.93333304	-0.00606801
-16.89999971	-0.00587476
-16.86666638	-0.00566752
-16.83333304	-0.00552027
-16.79999971	-0.00516388
-16.76666638	-0.00473779
-16.73333304	-0.00445220
-16.69999971	-0.00418158
-16.66666638	-0.00378501
-16.63333304	-0.00340506
-16.59999971	-0.00298641
-16.56666638	-0.00260460
-16.53333305	-0.00218197
-16.49999971	-0.00174429
-16.46666638	-0.00138563
-16.43333305	-0.00097197
-16.39999971	-0.00053588
-16.36666638	-0.00012183
-16.33333305	0.00041276
-16.29999971	0.00069778
-16.26666638	0.00105338
-16.23333305	0.00138274
-16.19999972	0.00165868
-16.16666638	0.00190662
-16.13333305	0.00205470
-16.09999972	0.00226220
-16.06666638	0.00241495
-16.03333305	0.00264020
-15.99999972	0.00284423
-15.96666638	0.00278828
-15.93333305	0.00286067
-15.89999972	0.00290983
-15.86666639	0.00288560
-15.83333305	0.00298940
-15.79999972	0.00292233
-15.76666639	0.00296787
-15.73333305	0.00292215
-15.69999972	0.00302320
-15.66666639	0.00287664
-15.63333305	0.00299234
-15.59999972	0.00292640
-15.56666639	0.00292713
-15.53333305	0.00311062
-15.49999972	0.00301581
-15.46666639	0.00326661
-15.43333306	0.00336226
-15.39999972	0.00354934
-15.36666639	0.00372478
-15.33333306	0.00393141
-15.29999972	0.00418562
-15.26666639	0.00447366
-15.23333306	0.00464575
-15.19999972	0.00499796
-15.16666639	0.00532327
-15.13333306	0.00568025
-15.09999973	0.00596706
-15.06666639	0.00631747
-15.03333306	0.00679816
-14.99999973	0.00723518
-14.96666639	0.00760883
-14.93333306	0.00788527
-14.89999973	0.00836088
-14.86666639	0.00866276
-14.83333306	0.00887379
-14.79999973	0.00918756
-14.76666640	0.00940948
-14.73333306	0.00965298
-14.69999973	0.00989558
-14.66666640	0.01002020
-14.63333306	0.01016344
-14.59999973	0.01021539
-14.56666640	0.01037372
-14.53333306	0.01051326
-14.49999973	0.01038423
-14.46666640	0.01029591
-14.43333306	0.01034347
-14.39999973	0.01019303
-14.36666640	0.01019548
-14.33333307	0.01008640
-14.29999973	0.00987804
-14.26666640	0.00957145
-14.23333307	0.00938938
-14.19999973	0.00932527
-14.16666640	0.00906690
-14.13333307	0.00881772
-14.09999973	0.00862135
-14.06666640	0.00828930
-14.03333307	0.00818720
-13.99999974	0.00782818
-13.96666640	0.00752800
-13.93333307	0.00724460
-13.89999974	0.00708953
-13.86666640	0.00674142
-13.83333307	0.00655491
-13.79999974	0.00628966
-13.76666640	0.00612117
-13.73333307	0.00594796
-13.69999974	0.00569632
-13.66666641	0.00552980
-13.63333307	0.00542065
-13.59999974	0.00533589
-13.56666641	0.00526157
-13.53333307	0.00518147
-13.49999974	0.00509135
-13.46666641	0.00506643
-13.43333307	0.00501639
-13.39999974	0.00496387
-13.36666641	0.00496695
-13.33333307	0.00495879
-13.29999974	0.00511275
-13.26666641	0.00510470
-13.23333308	0.00520857
-13.19999974	0.00516418
-13.16666641	0.00511570
-13.13333308	0.00527039
-13.09999974	0.00518729
-13.06666641	0.00529291
-13.03333308	0.00536984
-12.99999974	0.00540546
-12.96666641	0.00544150
-12.93333308	0.00547067
-12.89999975	0.00553045
-12.86666641	0.00545819
-12.83333308	0.00549557
-12.79999975	0.00544840
-12.76666641	0.00534059
-12.73333308	0.00529981
-12.69999975	0.00522090
-12.66666641	0.00508613
-12.63333308	0.00495934
-12.59999975	0.00485299
-12.56666642	0.00454789
-12.53333308	0.00450021
-12.49999975	0.00425272
-12.46666642	0.00394052
-12.43333308	0.00379709
-12.39999975	0.00348734
-12.36666642	0.00317507
-12.33333308	0.00279320
-12.29999975	0.00249195
-12.26666642	0.00228495
-12.23333308	0.00186699
-12.19999975	0.00160693
-12.16666642	0.00117918
-12.13333309	0.00075025
-12.09999975	0.00043389
-12.06666642	0.00012282
-12.03333309	-0.00023743
-11.99999975	-0.00050696
-11.96666642	-0.00093066
-11.93333309	-0.00121491
-11.89999975	-0.00151119
-11.86666642	-0.00172845
-11.83333309	-0.00197243
-11.79999976	-0.00221850
-11.76666642	-0.00249894
-11.73333309	-0.00265874
-11.69999976	-0.00285847
-11.66666642	-0.00303567
-11.63333309	-0.00318160
-11.59999976	-0.00328580
-11.56666642	-0.00333561
-11.53333309	-0.00341998
-11.49999976	-0.00341656
-11.46666643	-0.00346767
-11.43333309	-0.00344641
-11.39999976	-0.00342384
-11.36666643	-0.00325275
-11.33333309	-0.00327378
-11.29999976	-0.00320302
-11.26666643	-0.00294862
-11.23333309	-0.00289687
-11.19999976	-0.00272348
-11.16666643	-0.00264466
-11.13333309	-0.00259449
-11.09999976	-0.00230881
-11.06666643	-0.00227697
-11.03333310	-0.00209641
-10.99999976	-0.00191116
-10.96666643	-0.00181963
-10.93333310	-0.00170571
-10.89999976	-0.00165355
-10.86666643	-0.00143636
-10.83333310	-0.00146064
-10.79999976	-0.00133567
-10.76666643	-0.00122520
-10.73333310	-0.00119329
-10.69999977	-0.00116372
-10.66666643	-0.00111441
-10.63333310	-0.00090370
-10.59999977	-0.00092459
-10.56666643	-0.00092037
-10.53333310	-0.00083484
-10.49999977	-0.00072171
-10.46666643	-0.00074070
-10.43333310	-0.00065017
-10.39999977	-0.00051174
-10.36666644	-0.00055969
-10.33333310	-0.00043406
-10.29999977	-0.00038925
-10.26666644	-0.00006608
-10.23333310	0.00022780
-10.19999977	0.00047690
-10.16666644	0.00065112
-10.13333310	0.00094333
-10.09999977	0.00138252
-10.06666644	0.00171446
-10.03333310	0.00207009
-9.99999977	0.00250489
-9.96666644	0.00311322
-9.93333311	0.00352011
-9.89999977	0.00402380
-9.86666644	0.00455332
-9.83333311	0.00525109
-9.79999977	0.00579285
-9.76666644	0.00639177
-9.73333311	0.00697030
-9.69999977	0.00758481
-9.66666644	0.00834716
-9.63333311	0.00887974
-9.59999978	0.00938775
-9.56666644	0.00996620
-9.53333311	0.01048537
-9.49999978	0.01113912
-9.46666644	0.01153449
-9.43333311	0.01197235
-9.39999978	0.01243756
-9.36666644	0.01284730
-9.33333311	0.01304479
-9.29999978	0.01329119
-9.26666645	0.01341346
-9.23333311	0.01353344
-9.19999978	0.01363045
-9.16666645	0.01355320
-9.13333311	0.01354463
-9.09999978	0.01333945
-9.06666645	0.01315679
-9.03333311	0.01294935
-8.99999978	0.01265743
-8.96666645	0.01225859
-8.93333311	0.01189642
-8.89999978	0.01136701
-8.86666645	0.01092466
-8.83333312	0.01037505
-8.79999978	0.00980128
-8.76666645	0.00935404
-8.73333312	0.00872990
-8.69999978	0.00809714
-8.66666645	0.00751366
-8.63333312	0.00694795
-8.59999978	0.00634341
-8.56666645	0.00556239
-8.53333312	0.00500853
-8.49999979	0.00448529
-8.46666645	0.00389621
-8.43333312	0.00319168
-8.39999979	0.00280849
-8.36666645	0.00224279
-8.33333312	0.00179012
-8.29999979	0.00132645
-8.26666645	0.00088827
-8.23333312	0.00058602
-8.19999979	0.00017228
-8.16666646	0.00003429
-8.13333312	-0.00020675
-8.09999979	-0.00032588
-8.06666646	-0.00057394
-8.03333312	-0.00055799
-7.99999979	-0.00069129
-7.96666646	-0.00058810
-7.93333312	-0.00070488
-7.89999979	-0.00054424
-7.86666646	-0.00055614
-7.83333312	-0.00046798
-7.79999979	-0.00031845
-7.76666646	-0.00001542
-7.73333313	0.00007304
-7.69999979	0.00025139
-7.66666646	0.00044436
-7.63333313	0.00064667
-7.59999979	0.00075350
-7.56666646	0.00106807
-7.53333313	0.00121654
-7.49999979	0.00130221
-7.46666646	0.00154724
-7.43333313	0.00166212
-7.39999980	0.00171120
-7.36666646	0.00195156
-7.33333313	0.00192259
-7.29999980	0.00186989
-7.26666646	0.00183455
-7.23333313	0.00186469
-7.19999980	0.00168225
-7.16666646	0.00157344
-7.13333313	0.00140600
-7.09999980	0.00124367
-7.06666647	0.00108328
-7.03333313	0.00074384
-6.99999980	0.00043400
-6.96666647	0.00004360
-6.93333313	-0.00041029
-6.89999980	-0.00078757
-6.86666647	-0.00126872
-6.83333313	-0.00164911
-6.79999980	-0.00212136
-6.76666647	-0.00269194
-6.73333313	-0.00310923
-6.69999980	-0.00374166
-6.66666647	-0.00431475
-6.63333314	-0.00483803
-6.59999980	-0.00534997
-6.56666647	-0.00593560
-6.53333314	-0.00638495
-6.49999980	-0.00686307
-6.46666647	-0.00745230
-6.43333314	-0.00785306
-6.39999980	-0.00829415
-6.36666647	-0.00859202
-6.33333314	-0.00908599
-6.29999981	-0.00929221
-6.26666647	-0.00948878
-6.23333314	-0.00986038
-6.19999981	-0.01008923
-6.16666647	-0.01027738
-6.13333314	-0.01042407
-6.09999981	-0.01056114
-6.06666647	-0.01051721
-6.03333314	-0.01043039
-5.99999981	-0.01043706
-5.96666648	-0.01047178
-5.93333314	-0.01035989
-5.89999981	-0.01015330
-5.86666648	-0.01011954
-5.83333314	-0.01000244
-5.79999981	-0.00995543
-5.76666648	-0.00974381
-5.73333314	-0.00966562
-5.69999981	-0.00946318
-5.66666648	-0.00927051
-5.63333314	-0.00909213
-5.59999981	-0.00896163
-5.56666648	-0.00883700
-5.53333315	-0.00875843
-5.49999981	-0.00859532
-5.46666648	-0.00848552
-5.43333315	-0.00839895
-5.39999981	-0.00833647
-5.36666648	-0.00825268
-5.33333315	-0.00813867
-5.29999981	-0.00805192
-5.26666648	-0.00795885
-5.23333315	-0.00797094
-5.19999982	-0.00794657
-5.16666648	-0.00783205
-5.13333315	-0.00782134
-5.09999982	-0.00780850
-5.06666648	-0.00771620
-5.03333315	-0.00767845
-4.99999982	-0.00756519
-4.96666648	-0.00752137
-4.93333315	-0.00736679
-4.89999982	-0.00727736
-4.86666649	-0.00709096
-4.83333315	-0.00684513
-4.79999982	-0.00657295
-4.76666649	-0.00642827
-4.73333315	-0.00600090
-4.69999982	-0.00577148
-4.66666649	-0.00536410
-4.63333315	-0.00498965
-4.59999982	-0.00459972
-4.56666649	-0.00418762
-4.53333315	-0.00362152
-4.49999982	-0.00313110
-4.46666649	-0.00268879
-4.43333316	-0.00214011
-4.39999982	-0.00159320
-4.36666649	-0.00092734
-4.33333316	-0.00045106
-4.29999982	0.00004845
-4.26666649	0.00067679
-4.23333316	0.00129219
-4.19999982	0.00203638
-4.16666649	0.00247454
-4.13333316	0.00309600
-4.09999983	0.00361258
-4.06666649	0.00404867
-4.03333316	0.00459264
-3.99999983	0.00499443
-3.96666649	0.00545719
-3.93333316	0.00584502
-3.89999983	0.00605058
-3.86666649	0.00645539
-3.83333316	0.00647555
-3.79999983	0.00669643
-3.76666650	0.00675948
-3.73333316	0.00682179
-3.69999983	0.00675785
-3.66666650	0.00676999
-3.63333316	0.00661905
-3.59999983	0.00645965
-3.56666650	0.00617754
-3.53333316	0.00583307
-3.49999983	0.00544735
-3.46666650	0.00499457
-3.43333316	0.00444118
-3.39999983	0.00394736
-3.36666650	0.00332566
-3.33333317	0.00247266
-3.29999983	0.00172952
-3.26666650	0.00087565
-3.23333317	0.00010461
-3.19999983	-0.00088468
-3.16666650	-0.00181397
-3.13333317	-0.00274434
-3.09999983	-0.00370830
-3.06666650	-0.00487654
-3.03333317	-0.00597997
-2.99999984	-0.00714133
-2.96666650	-0.00833155
-2.93333317	-0.00960023
-2.89999984	-0.01078592
-2.86666650	-0.01201399
-2.83333317	-0.01335462
-2.79999984	-0.01443947
-2.76666650	-0.01564569
-2.73333317	-0.01702416
-2.69999984	-0.01823943
-2.66666651	-0.01959298
-2.63333317	-0.02075452
-2.59999984	-0.02203258
-2.56666651	-0.02333259
-2.53333317	-0.02452647
-2.49999984	-0.02562327
-2.46666651	-0.02687254
-2.43333317	-0.02786934
-2.39999984	-0.02886782
-2.36666651	-0.03004308
-2.33333317	-0.03096641
-2.29999984	-0.03204609
-2.26666651	-0.03279325
-2.23333318	-0.03367387
-2.19999984	-0.03447330
-2.16666651	-0.03536770
-2.13333318	-0.03589544
-2.09999984	-0.03655073
-2.06666651	-0.03715095
-2.03333318	-0.03771778
-1.99999984	-0.03816036
-1.96666651	-0.03872044
-1.93333318	-0.03898609
-1.89999985	-0.03937659
-1.86666651	-0.03959725
-1.83333318	-0.03981203
-1.79999985	-0.04000291
-1.76666651	-0.04014169
-1.73333318	-0.04015654
-1.69999985	-0.04016758
-1.66666651	-0.04007439
-1.63333318	-0.04011049
-1.59999985	-0.03998652
-1.56666652	-0.03985119
-1.53333318	-0.03962166
-1.49999985	-0.03934809
-1.46666652	-0.03902847
-1.43333318	-0.03870050
-1.39999985	-0.03823311
-1.36666652	-0.03783673
-1.33333318	-0.03739986
-1.29999985	-0.03674744
-1.26666652	-0.03625642
-1.23333318	-0.03570262
-1.19999985	-0.03502973
-1.16666652	-0.03429453
-1.13333319	-0.03348524
-1.09999985	-0.03264333
-1.06666652	-0.03178016
-1.03333319	-0.03071643
-0.99999985	-0.02973149
-0.96666652	-0.02869783
-0.93333319	-0.02761487
-0.89999985	-0.02641355
-0.86666652	-0.02527794
-0.83333319	-0.02389014
-0.79999986	-0.02258316
-0.76666652	-0.02124076
-0.73333319	-0.01982494
-0.69999986	-0.01828378
-0.66666652	-0.01689213
-0.63333319	-0.01530773
-0.59999986	-0.01374099
-0.56666652	-0.01210911
-0.53333319	-0.01056107
-0.49999986	-0.00900598
-0.46666653	-0.00742593
-0.43333319	-0.00582122
-0.39999986	-0.00409497
-0.36666653	-0.00249185
-0.33333319	-0.00079539
-0.29999986	0.00063511
-0.26666653	0.00231772
-0.23333319	0.00389427
-0.19999986	0.00543778
-0.16666653	0.00704552
-0.13333319	0.00842278
-0.09999986	0.00991811
-0.06666653	0.01130693
-0.03333320	0.01263114
0.00000014	0.01396578
0.03333347	0.01520063
0.06666680	0.01640604
0.10000014	0.01760448
0.13333347	0.01864504
0.16666680	0.01977176
0.20000014	0.02065656
0.23333347	0.02156165
0.26666680	0.02259164
0.30000013	0.02332444
0.33333347	0.02410977
0.36666680	0.02482085
0.40000013	0.02551381
0.43333347	0.02621234
0.46666680	0.02686451
0.50000013	0.02751837
0.53333347	0.02815608
0.56666680	0.02874340
0.60000013	0.02916302
0.63333346	0.02968317
0.66666680	0.03027167
0.70000013	0.03071353
0.73333346	0.03111970
0.76666680	0.03157547
0.80000013	0.03203045
0.83333346	0.03247074
0.86666680	0.03289062
0.90000013	0.03327534
0.93333346	0.03378686
0.96666680	0.03417857
1.00000013	0.03454993
1.03333346	0.03478528
1.06666679	0.03509279
1.10000013	0.03543887
1.13333346	0.03582077
1.16666679	0.03607735
1.20000013	0.03643925
1.23333346	0.03672103
1.26666679	0.03688969
1.30000013	0.03717247
1.33333346	0.03731543
1.36666679	0.03748582
1.40000012	0.03768222
1.43333346	0.03779145
1.46666679	0.03789967
1.50000012	0.03802596
1.53333346	0.03818229
1.56666679	0.03822931
1.60000012	0.03831854
1.63333346	0.03836153
1.66666679	0.03838223
1.70000012	0.03839050
1.73333345	0.03835611
1.76666679	0.03842302
1.80000012	0.03828987
1.83333345	0.03837330
1.86666679	0.03832940
1.90000012	0.03811972
1.93333345	0.03816460
1.96666679	0.03815178
2.00000012	0.03809188
2.03333345	0.03796374
2.06666679	0.03784718
2.10000012	0.03781082
2.13333345	0.03778174
2.16666678	0.03760997
2.20000012	0.03757327
2.23333345	0.03732918
2.26666678	0.03722499
2.30000012	0.03716978
2.33333345	0.03700688
2.36666678	0.03696550
2.40000012	0.03680660
2.43333345	0.03673842
2.46666678	0.03651549
2.50000011	0.03648118
2.53333345	0.03630950
2.56666678	0.03633077
2.60000011	0.03615016
2.63333345	0.03582673
2.66666678	0.03574841
2.70000011	0.03568105
2.73333345	0.03540089
2.76666678	0.03513535
2.80000011	0.03505645
2.83333344	0.03480260
2.86666678	0.03448693
2.90000011	0.03420786
2.93333344	0.03384842
2.96666678	0.03359172
3.00000011	0.03330056
3.03333344	0.03290631
3.06666678	0.03258317
3.10000011	0.03216272
3.13333344	0.03163251
3.16666678	0.03114658
3.20000011	0.03058174
3.23333344	0.03001113
3.26666677	0.02942620
3.30000011	0.02886227
3.33333344	0.02809696
3.36666677	0.02743284
3.40000011	0.02669419
3.43333344	0.02590931
3.46666677	0.02496180
3.50000011	0.02429150
3.53333344	0.02337772
3.56666677	0.02252831
3.60000010	0.02153395
3.63333344	0.02064958
3.66666677	0.01964984
3.70000010	0.01866321
3.73333344	0.01768024
3.76666677	0.01667046
3.80000010	0.01566922
3.83333344	0.01464485
3.86666677	0.01375034
3.90000010	0.01278722
3.93333343	0.01179295
3.96666677	0.01093297
4.00000010	0.00993725
4.03333343	0.00906626
4.06666677	0.00817569
4.10000010	0.00734022
4.13333343	0.00657041
4.16666677	0.00580023
4.20000010	0.00503022
4.23333343	0.00450331
4.26666677	0.00392263
4.30000010	0.00318387
4.33333343	0.00268733
4.36666676	0.00211757
4.40000010	0.00165667
4.43333343	0.00127216
4.46666676	0.00095109
4.50000010	0.00061206
4.53333343	0.00036385
4.56666676	0.00012067
4.60000010	-0.00005595
4.63333343	-0.00034743
4.66666676	-0.00040811
4.70000009	-0.00054346
4.73333343	-0.00054221
4.76666676	-0.00058262
4.80000009	-0.00066593
4.83333343	-0.00060661
4.86666676	-0.00057437
4.90000009	-0.00057300
4.93333343	-0.00060506
4.96666676	-0.00051259
5.00000009	-0.00061870
5.03333342	-0.00053669
5.06666676	-0.00049474
5.10000009	-0.00044127
5.13333342	-0.00052581
5.16666676	-0.00052566
5.20000009	-0.00053644
5.23333342	-0.00067693
5.26666676	-0.00084911
5.30000009	-0.00086720
5.33333342	-0.00103409
5.36666676	-0.00128427
5.40000009	-0.00134589
5.43333342	-0.00140747
5.46666675	-0.00158419
5.50000009	-0.00183543
5.53333342	-0.00191390
5.56666675	-0.00209258
5.60000009	-0.00233197
5.63333342	-0.00253102
5.66666675	-0.00264875
5.70000009	-0.00284402
5.73333342	-0.00298693
5.76666675	-0.00316273
5.80000008	-0.00309402
5.83333342	-0.00337452
5.86666675	-0.00336010
5.90000008	-0.00346646
5.93333342	-0.00350732
5.96666675	-0.00363442
6.00000008	-0.00358204
6.03333342	-0.00351601
6.06666675	-0.00338419
6.10000008	-0.00346246
6.13333341	-0.00341121
6.16666675	-0.00333274
6.20000008	-0.00327914
6.23333341	-0.00321162
6.26666675	-0.00305576
6.30000008	-0.00299948
6.33333341	-0.00292613
6.36666675	-0.00281145
6.40000008	-0.00279046
6.43333341	-0.00276776
6.46666675	-0.00276758
6.50000008	-0.00276939
6.53333341	-0.00267851
6.56666674	-0.00273160
6.60000008	-0.00279312
6.63333341	-0.00289108
6.66666674	-0.00281980
6.70000008	-0.00296437
6.73333341	-0.00311350
6.76666674	-0.00332454
6.80000008	-0.00343639
6.83333341	-0.00368185
6.86666674	-0.00385620
6.90000007	-0.00411598
6.93333341	-0.00427120
6.96666674	-0.00465696
7.00000007	-0.00490352
7.03333341	-0.00526390
7.06666674	-0.00551952
7.10000007	-0.00582051
7.13333341	-0.00608529
7.16666674	-0.00629171
7.20000007	-0.00649723
7.23333340	-0.00687809
7.26666674	-0.00720216
7.30000007	-0.00732300
7.33333340	-0.00754881
7.36666674	-0.00773235
7.40000007	-0.00790729
7.43333340	-0.00799789
7.46666674	-0.00803896
7.50000007	-0.00800366
7.53333340	-0.00794600
7.56666674	-0.00792898
7.60000007	-0.00773376
7.63333340	-0.00766478
7.66666673	-0.00744332
7.70000007	-0.00733579
7.73333340	-0.00700418
7.76666673	-0.00680039
7.80000007	-0.00660490
7.83333340	-0.00641844
7.86666673	-0.00603993
7.90000007	-0.00571399
7.93333340	-0.00532437
7.96666673	-0.00509061
8.00000006	-0.00485593
8.03333340	-0.00446649
8.06666673	-0.00413232
8.10000006	-0.00381691
8.13333340	-0.00360309
8.16666673	-0.00335545
8.20000006	-0.00318838
8.23333340	-0.00297740
8.26666673	-0.00281181
8.30000006	-0.00264142
8.33333339	-0.00251802
8.36666673	-0.00242477
8.40000006	-0.00237034
8.43333339	-0.00233420
8.46666673	-0.00231636
8.50000006	-0.00249972
8.53333339	-0.00254576
8.56666673	-0.00267224
8.60000006	-0.00270794
8.63333339	-0.00281676
8.66666673	-0.00307919
8.70000006	-0.00322900
8.73333339	-0.00340380
8.76666672	-0.00371293
8.80000006	-0.00392506
8.83333339	-0.00417030
8.86666672	-0.00443611
8.90000006	-0.00458311
8.93333339	-0.00487377
8.96666672	-0.00512336
9.00000006	-0.00525535
9.03333339	-0.00535473
9.06666672	-0.00555027
9.10000005	-0.00556277
9.13333339	-0.00562422
9.16666672	-0.00574409
9.20000005	-0.00574947
9.23333339	-0.00576318
9.26666672	-0.00573701
9.30000005	-0.00570351
9.33333339	-0.00571555
9.36666672	-0.00558296
9.40000005	-0.00552003
9.43333338	-0.00538858
9.46666672	-0.00531117
9.50000005	-0.00514404
9.53333338	-0.00503576
9.56666672	-0.00496199
9.60000005	-0.00485133
9.63333338	-0.00465059
9.66666672	-0.00450944
9.70000005	-0.00439838
9.73333338	-0.00425082
9.76666672	-0.00398559
9.80000005	-0.00383209
9.83333338	-0.00365431
9.86666671	-0.00352866
9.90000005	-0.00334510
9.93333338	-0.00321964
9.96666671	-0.00313448
10.00000005	-0.00291778
10.03333338	-0.00278267
10.06666671	-0.00268018
10.10000005	-0.00263667
10.13333338	-0.00249872
10.16666671	-0.00244268
10.20000004	-0.00228693
10.23333338	-0.00229432
10.26666671	-0.00215028
10.30000004	-0.00214995
10.33333338	-0.00211730
10.36666671	-0.00213498
10.40000004	-0.00198618
10.43333338	-0.00195572
10.46666671	-0.00197278
10.50000004	-0.00202433
10.53333337	-0.00198364
10.56666671	-0.00196863
10.60000004	-0.00190891
10.63333337	-0.00190631
10.66666671	-0.00193289
10.70000004	-0.00192964
10.73333337	-0.00191921
10.76666671	-0.00193523
10.80000004	-0.00193546
10.83333337	-0.00188494
10.86666671	-0.00189558
10.90000004	-0.00186740
10.93333337	-0.00184473
10.96666670	-0.00177903
11.00000004	-0.00182977
11.03333337	-0.00183820
11.06666670	-0.00179897
11.10000004	-0.00174128
11.13333337	-0.00168360
11.16666670	-0.00172666
11.20000004	-0.00167785
11.23333337	-0.00160198
11.26666670	-0.00156852
11.30000003	-0.00157051
11.33333337	-0.00148356
11.36666670	-0.00147783
11.40000003	-0.00139441
11.43333337	-0.00131636
11.46666670	-0.00135471
11.50000003	-0.00130349
11.53333337	-0.00127628
11.56666670	-0.00125290
11.60000003	-0.00121724
11.63333336	-0.00122353
11.66666670	-0.00119896
11.70000003	-0.00117240
11.73333336	-0.00115024
11.76666670	-0.00117137
11.80000003	-0.00112021
11.83333336	-0.00114220
11.86666670	-0.00115208
11.90000003	-0.00113282
11.93333336	-0.00113232
11.96666670	-0.00112820
12.00000003	-0.00114183
12.03333336	-0.00114587
12.06666669	-0.00113600
12.10000003	-0.00111723
12.13333336	-0.00109742
12.16666669	-0.00113242
12.20000003	-0.00112510
12.23333336	-0.00110274
12.26666669	-0.00108010
12.30000003	-0.00110060
12.33333336	-0.00113487
12.36666669	-0.00111251
12.40000002	-0.00110058
12.43333336	-0.00109303
12.46666669	-0.00109694
12.50000002	-0.00106900
12.53333336	-0.00107588
12.56666669	-0.00106047
12.60000002	-0.00104895
12.63333336	-0.00102038
12.66666669	-0.00104479
12.70000002	-0.00100458
12.73333335	-0.00099464
12.76666669	-0.00097968
12.80000002	-0.00096865
12.83333335	-0.00095986
12.86666669	-0.00095378
12.90000002	-0.00092331
12.93333335	-0.00090707
12.96666669	-0.00090737
13.00000002	-0.00089563
13.03333335	-0.00087664
13.06666669	-0.00087064
13.10000002	-0.00085294
13.13333335	-0.00083252
13.16666668	-0.00081904
13.20000002	-0.00079311
13.23333335	-0.00078417
13.26666668	-0.00076638
13.30000002	-0.00074890
13.33333335	-0.00072259
13.36666668	-0.00069165
13.40000002	-0.00066125
13.43333335	-0.00063449
13.46666668	-0.00061914
13.50000001	-0.00058399
13.53333335	-0.00055999
13.56666668	-0.00053104
13.60000001	-0.00050049
13.63333335	-0.00046807
13.66666668	-0.00043740
13.70000001	-0.00041118
13.73333335	-0.00038110
13.76666668	-0.00035630
13.80000001	-0.00032921
13.83333334	-0.00030095
13.86666668	-0.00027291
13.90000001	-0.00025824
13.93333334	-0.00023004
13.96666668	-0.00020698
14.00000001	-0.00018664
14.03333334	-0.00017016
14.06666668	-0.00015077
14.10000001	-0.00013908
14.13333334	-0.00012461
14.16666668	-0.00011220
14.20000001	-0.00010092
14.23333334	-0.00008790
14.26666667	-0.00007678
14.30000001	-0.00006749
14.33333334	-0.00006041
14.36666667	-0.00005200
14.40000001	-0.00004594
14.43333334	-0.00003943
14.46666667	-0.00003487
14.50000001	-0.00002941
14.53333334	-0.00002474
14.56666667	-0.00002055
14.60000000	-0.00001681
14.63333334	-0.00001341
14.66666667	-0.00001050
14.70000000	-0.00000782
14.73333334	-0.00000552
14.76666667	-0.00000359
14.80000000	-0.00000202
14.83333334	-0.00000093
14.86666667	-0.00000024
14.90000000	0.00000000
