# Menlo Systems GmbH ScanControl
# Program Version 1.3.3
# Start: -65.00000000 ps, Average over 1000 waveforms. Timestamp: 2020-01-08T19:30:56
# Time [ps]	THz Signal [a.u.]
-65.06666597	0.00000000
-65.03333264	0.00000001
-64.99999930	0.00000003
-64.96666597	0.00000009
-64.93333264	0.00000011
-64.89999930	0.00000013
-64.86666597	0.00000025
-64.83333264	0.00000026
-64.79999930	0.00000047
-64.76666597	0.00000033
-64.73333264	-0.00000017
-64.69999930	0.00000010
-64.66666597	0.00000038
-64.63333264	0.00000057
-64.59999931	-0.00000026
-64.56666597	0.00000046
-64.53333264	-0.00000046
-64.49999931	0.00000066
-64.46666597	-0.00000034
-64.43333264	-0.00000087
-64.39999931	-0.00000196
-64.36666597	-0.00000260
-64.33333264	-0.00000195
-64.29999931	-0.00000333
-64.26666598	-0.00000464
-64.23333264	-0.00000360
-64.19999931	-0.00000614
-64.16666598	-0.00000481
-64.13333264	-0.00000730
-64.09999931	-0.00000776
-64.06666598	-0.00001546
-64.03333264	-0.00001267
-63.99999931	-0.00001913
-63.96666598	-0.00002242
-63.93333264	-0.00002217
-63.89999931	-0.00001972
-63.86666598	-0.00002210
-63.83333265	-0.00002065
-63.79999931	-0.00002787
-63.76666598	-0.00002945
-63.73333265	-0.00003019
-63.69999931	-0.00003855
-63.66666598	-0.00003698
-63.63333265	-0.00005042
-63.59999931	-0.00005304
-63.56666598	-0.00005768
-63.53333265	-0.00005925
-63.49999932	-0.00006727
-63.46666598	-0.00007339
-63.43333265	-0.00007883
-63.39999932	-0.00007307
-63.36666598	-0.00007741
-63.33333265	-0.00009248
-63.29999932	-0.00008536
-63.26666598	-0.00008911
-63.23333265	-0.00007351
-63.19999932	-0.00009895
-63.16666598	-0.00010944
-63.13333265	-0.00009420
-63.09999932	-0.00010109
-63.06666599	-0.00009487
-63.03333265	-0.00008853
-62.99999932	-0.00008422
-62.96666599	-0.00008183
-62.93333265	-0.00007454
-62.89999932	-0.00008294
-62.86666599	-0.00006789
-62.83333265	-0.00006080
-62.79999932	-0.00003641
-62.76666599	-0.00004616
-62.73333266	-0.00002765
-62.69999932	-0.00001510
-62.66666599	-0.00000347
-62.63333266	0.00001319
-62.59999932	0.00001109
-62.56666599	0.00002196
-62.53333266	0.00003808
-62.49999932	0.00004707
-62.46666599	0.00007762
-62.43333266	0.00012815
-62.39999932	0.00011475
-62.36666599	0.00015017
-62.33333266	0.00018391
-62.29999933	0.00021327
-62.26666599	0.00024081
-62.23333266	0.00030634
-62.19999933	0.00028920
-62.16666599	0.00033647
-62.13333266	0.00035963
-62.09999933	0.00040534
-62.06666599	0.00042108
-62.03333266	0.00046163
-61.99999933	0.00048864
-61.96666600	0.00050414
-61.93333266	0.00056432
-61.89999933	0.00057247
-61.86666600	0.00058941
-61.83333266	0.00065519
-61.79999933	0.00064219
-61.76666600	0.00068852
-61.73333266	0.00074875
-61.69999933	0.00080022
-61.66666600	0.00081538
-61.63333266	0.00081620
-61.59999933	0.00082763
-61.56666600	0.00088314
-61.53333267	0.00089136
-61.49999933	0.00095531
-61.46666600	0.00095407
-61.43333267	0.00098828
-61.39999933	0.00101307
-61.36666600	0.00102150
-61.33333267	0.00103061
-61.29999933	0.00104949
-61.26666600	0.00109363
-61.23333267	0.00109014
-61.19999934	0.00113709
-61.16666600	0.00114560
-61.13333267	0.00114259
-61.09999934	0.00114376
-61.06666600	0.00121174
-61.03333267	0.00129314
-60.99999934	0.00124799
-60.96666600	0.00124913
-60.93333267	0.00123966
-60.89999934	0.00126708
-60.86666600	0.00120293
-60.83333267	0.00124064
-60.79999934	0.00126406
-60.76666601	0.00116354
-60.73333267	0.00117955
-60.69999934	0.00117593
-60.66666601	0.00114889
-60.63333267	0.00101915
-60.59999934	0.00108793
-60.56666601	0.00105744
-60.53333267	0.00101607
-60.49999934	0.00099820
-60.46666601	0.00083293
-60.43333268	0.00077669
-60.39999934	0.00072244
-60.36666601	0.00059794
-60.33333268	0.00056960
-60.29999934	0.00050610
-60.26666601	0.00041119
-60.23333268	0.00035377
-60.19999934	0.00030189
-60.16666601	0.00020218
-60.13333268	0.00010442
-60.09999934	-0.00006932
-60.06666601	-0.00009929
-60.03333268	-0.00022880
-59.99999935	-0.00027274
-59.96666601	-0.00036028
-59.93333268	-0.00043914
-59.89999935	-0.00056375
-59.86666601	-0.00060554
-59.83333268	-0.00076033
-59.79999935	-0.00088142
-59.76666601	-0.00091993
-59.73333268	-0.00096299
-59.69999935	-0.00119707
-59.66666602	-0.00121110
-59.63333268	-0.00124758
-59.59999935	-0.00140061
-59.56666602	-0.00146370
-59.53333268	-0.00154272
-59.49999935	-0.00161982
-59.46666602	-0.00163979
-59.43333268	-0.00167014
-59.39999935	-0.00169713
-59.36666602	-0.00184652
-59.33333268	-0.00177866
-59.29999935	-0.00184222
-59.26666602	-0.00187250
-59.23333269	-0.00190022
-59.19999935	-0.00190117
-59.16666602	-0.00185152
-59.13333269	-0.00193627
-59.09999935	-0.00188701
-59.06666602	-0.00190475
-59.03333269	-0.00194078
-58.99999935	-0.00188771
-58.96666602	-0.00194857
-58.93333269	-0.00185115
-58.89999936	-0.00175661
-58.86666602	-0.00181030
-58.83333269	-0.00172158
-58.79999936	-0.00170024
-58.76666602	-0.00163981
-58.73333269	-0.00163899
-58.69999936	-0.00158285
-58.66666602	-0.00157742
-58.63333269	-0.00138935
-58.59999936	-0.00151020
-58.56666602	-0.00142064
-58.53333269	-0.00149522
-58.49999936	-0.00151190
-58.46666603	-0.00137857
-58.43333269	-0.00139681
-58.39999936	-0.00137927
-58.36666603	-0.00129991
-58.33333269	-0.00130047
-58.29999936	-0.00127298
-58.26666603	-0.00118257
-58.23333269	-0.00129275
-58.19999936	-0.00122355
-58.16666603	-0.00114320
-58.13333270	-0.00125003
-58.09999936	-0.00112292
-58.06666603	-0.00115853
-58.03333270	-0.00112753
-57.99999936	-0.00121572
-57.96666603	-0.00117092
-57.93333270	-0.00117425
-57.89999936	-0.00122687
-57.86666603	-0.00119987
-57.83333270	-0.00112213
-57.79999936	-0.00111050
-57.76666603	-0.00119172
-57.73333270	-0.00118740
-57.69999937	-0.00121230
-57.66666603	-0.00120994
-57.63333270	-0.00118592
-57.59999937	-0.00119951
-57.56666603	-0.00120226
-57.53333270	-0.00115343
-57.49999937	-0.00118445
-57.46666603	-0.00110607
-57.43333270	-0.00104976
-57.39999937	-0.00112308
-57.36666604	-0.00101962
-57.33333270	-0.00099398
-57.29999937	-0.00093089
-57.26666604	-0.00088722
-57.23333270	-0.00073572
-57.19999937	-0.00065903
-57.16666604	-0.00067376
-57.13333270	-0.00058764
-57.09999937	-0.00051704
-57.06666604	-0.00048897
-57.03333270	-0.00039104
-56.99999937	-0.00044173
-56.96666604	-0.00034757
-56.93333271	-0.00017466
-56.89999937	-0.00018098
-56.86666604	-0.00018852
-56.83333271	-0.00019868
-56.79999937	-0.00003528
-56.76666604	-0.00001051
-56.73333271	-0.00001123
-56.69999937	0.00006170
-56.66666604	0.00018812
-56.63333271	0.00013729
-56.59999938	0.00008555
-56.56666604	0.00011666
-56.53333271	0.00008756
-56.49999938	0.00010390
-56.46666604	0.00024390
-56.43333271	0.00024685
-56.39999938	0.00033037
-56.36666604	0.00039045
-56.33333271	0.00039337
-56.29999938	0.00032622
-56.26666604	0.00040483
-56.23333271	0.00058712
-56.19999938	0.00043343
-56.16666605	0.00059290
-56.13333271	0.00057018
-56.09999938	0.00051015
-56.06666605	0.00056755
-56.03333271	0.00057169
-55.99999938	0.00067690
-55.96666605	0.00063529
-55.93333271	0.00067423
-55.89999938	0.00073282
-55.86666605	0.00066079
-55.83333272	0.00081853
-55.79999938	0.00068836
-55.76666605	0.00069716
-55.73333272	0.00072475
-55.69999938	0.00079641
-55.66666605	0.00076547
-55.63333272	0.00073515
-55.59999938	0.00086743
-55.56666605	0.00093271
-55.53333272	0.00083922
-55.49999938	0.00083242
-55.46666605	0.00095608
-55.43333272	0.00102027
-55.39999939	0.00097084
-55.36666605	0.00088044
-55.33333272	0.00094184
-55.29999939	0.00099224
-55.26666605	0.00097679
-55.23333272	0.00106066
-55.19999939	0.00098265
-55.16666605	0.00093948
-55.13333272	0.00100247
-55.09999939	0.00099129
-55.06666606	0.00089060
-55.03333272	0.00105304
-54.99999939	0.00101458
-54.96666606	0.00099044
-54.93333272	0.00104851
-54.89999939	0.00092713
-54.86666606	0.00093953
-54.83333272	0.00096043
-54.79999939	0.00095952
-54.76666606	0.00090463
-54.73333272	0.00089796
-54.69999939	0.00082727
-54.66666606	0.00091336
-54.63333273	0.00087270
-54.59999939	0.00087176
-54.56666606	0.00093946
-54.53333273	0.00095254
-54.49999939	0.00100566
-54.46666606	0.00087879
-54.43333273	0.00081781
-54.39999939	0.00086045
-54.36666606	0.00078181
-54.33333273	0.00088916
-54.29999940	0.00085657
-54.26666606	0.00085143
-54.23333273	0.00076766
-54.19999940	0.00087411
-54.16666606	0.00081418
-54.13333273	0.00077638
-54.09999940	0.00086101
-54.06666606	0.00089081
-54.03333273	0.00092414
-53.99999940	0.00081111
-53.96666606	0.00084610
-53.93333273	0.00084139
-53.89999940	0.00079380
-53.86666607	0.00069496
-53.83333273	0.00072864
-53.79999940	0.00074208
-53.76666607	0.00068357
-53.73333273	0.00074527
-53.69999940	0.00068422
-53.66666607	0.00069793
-53.63333273	0.00056878
-53.59999940	0.00058476
-53.56666607	0.00060028
-53.53333274	0.00054557
-53.49999940	0.00051688
-53.46666607	0.00054481
-53.43333274	0.00051764
-53.39999940	0.00048500
-53.36666607	0.00036893
-53.33333274	0.00031629
-53.29999940	0.00029030
-53.26666607	0.00031542
-53.23333274	0.00026014
-53.19999940	0.00019023
-53.16666607	0.00016085
-53.13333274	0.00016779
-53.09999941	0.00016074
-53.06666607	0.00012564
-53.03333274	0.00010674
-52.99999941	0.00002222
-52.96666607	0.00012544
-52.93333274	0.00006356
-52.89999941	-0.00006885
-52.86666607	-0.00002378
-52.83333274	0.00000381
-52.79999941	-0.00007617
-52.76666608	-0.00004639
-52.73333274	-0.00005106
-52.69999941	-0.00008260
-52.66666608	-0.00002491
-52.63333274	0.00000567
-52.59999941	0.00003346
-52.56666608	-0.00007235
-52.53333274	-0.00010301
-52.49999941	-0.00009607
-52.46666608	-0.00010844
-52.43333274	0.00003496
-52.39999941	0.00009369
-52.36666608	-0.00001131
-52.33333275	0.00004599
-52.29999941	0.00004158
-52.26666608	0.00005780
-52.23333275	0.00013830
-52.19999941	0.00016278
-52.16666608	0.00010561
-52.13333275	0.00022260
-52.09999941	0.00013416
-52.06666608	0.00018477
-52.03333275	0.00018652
-51.99999942	0.00019410
-51.96666608	0.00015430
-51.93333275	0.00020109
-51.89999942	0.00027048
-51.86666608	0.00037301
-51.83333275	0.00033253
-51.79999942	0.00029713
-51.76666608	0.00038919
-51.73333275	0.00050459
-51.69999942	0.00053647
-51.66666608	0.00062281
-51.63333275	0.00072462
-51.59999942	0.00072337
-51.56666609	0.00086510
-51.53333275	0.00084111
-51.49999942	0.00096242
-51.46666609	0.00095333
-51.43333275	0.00098184
-51.39999942	0.00104843
-51.36666609	0.00122817
-51.33333275	0.00125689
-51.29999942	0.00128381
-51.26666609	0.00137901
-51.23333276	0.00152002
-51.19999942	0.00147770
-51.16666609	0.00156618
-51.13333276	0.00164917
-51.09999942	0.00173675
-51.06666609	0.00174777
-51.03333276	0.00193656
-50.99999942	0.00193326
-50.96666609	0.00203708
-50.93333276	0.00212683
-50.89999942	0.00221841
-50.86666609	0.00237137
-50.83333276	0.00242052
-50.79999943	0.00232420
-50.76666609	0.00243893
-50.73333276	0.00253770
-50.69999943	0.00266810
-50.66666609	0.00270055
-50.63333276	0.00290213
-50.59999943	0.00292415
-50.56666609	0.00296379
-50.53333276	0.00302080
-50.49999943	0.00314891
-50.46666610	0.00326323
-50.43333276	0.00331891
-50.39999943	0.00340486
-50.36666610	0.00344016
-50.33333276	0.00358798
-50.29999943	0.00353642
-50.26666610	0.00360413
-50.23333276	0.00366015
-50.19999943	0.00374215
-50.16666610	0.00381699
-50.13333276	0.00376684
-50.09999943	0.00371605
-50.06666610	0.00374855
-50.03333277	0.00360393
-49.99999943	0.00373380
-49.96666610	0.00354769
-49.93333277	0.00356353
-49.89999943	0.00342319
-49.86666610	0.00333563
-49.83333277	0.00320585
-49.79999943	0.00302227
-49.76666610	0.00285432
-49.73333277	0.00264805
-49.69999944	0.00241500
-49.66666610	0.00222495
-49.63333277	0.00190954
-49.59999944	0.00157718
-49.56666610	0.00131661
-49.53333277	0.00099886
-49.49999944	0.00057656
-49.46666610	0.00016832
-49.43333277	-0.00021372
-49.39999944	-0.00052882
-49.36666610	-0.00103485
-49.33333277	-0.00127704
-49.29999944	-0.00172986
-49.26666611	-0.00208276
-49.23333277	-0.00251824
-49.19999944	-0.00287328
-49.16666611	-0.00336678
-49.13333277	-0.00370968
-49.09999944	-0.00404555
-49.06666611	-0.00442953
-49.03333277	-0.00468767
-48.99999944	-0.00494855
-48.96666611	-0.00527884
-48.93333278	-0.00544494
-48.89999944	-0.00562659
-48.86666611	-0.00569822
-48.83333278	-0.00575216
-48.79999944	-0.00592583
-48.76666611	-0.00583660
-48.73333278	-0.00593138
-48.69999944	-0.00582158
-48.66666611	-0.00577358
-48.63333278	-0.00560860
-48.59999944	-0.00544859
-48.56666611	-0.00512219
-48.53333278	-0.00488629
-48.49999945	-0.00474398
-48.46666611	-0.00428918
-48.43333278	-0.00394291
-48.39999945	-0.00367981
-48.36666611	-0.00326884
-48.33333278	-0.00293850
-48.29999945	-0.00241740
-48.26666611	-0.00202154
-48.23333278	-0.00154946
-48.19999945	-0.00119462
-48.16666612	-0.00072776
-48.13333278	-0.00029601
-48.09999945	0.00002927
-48.06666612	0.00042809
-48.03333278	0.00087470
-47.99999945	0.00120664
-47.96666612	0.00156101
-47.93333278	0.00196071
-47.89999945	0.00229682
-47.86666612	0.00257834
-47.83333278	0.00281640
-47.79999945	0.00314716
-47.76666612	0.00333327
-47.73333279	0.00357320
-47.69999945	0.00380727
-47.66666612	0.00394775
-47.63333279	0.00412651
-47.59999945	0.00432256
-47.56666612	0.00448542
-47.53333279	0.00464174
-47.49999945	0.00480098
-47.46666612	0.00479114
-47.43333279	0.00491806
-47.39999946	0.00506296
-47.36666612	0.00506151
-47.33333279	0.00509817
-47.29999946	0.00515353
-47.26666612	0.00522740
-47.23333279	0.00531118
-47.19999946	0.00533510
-47.16666612	0.00539575
-47.13333279	0.00543271
-47.09999946	0.00549640
-47.06666612	0.00546431
-47.03333279	0.00546234
-46.99999946	0.00557669
-46.96666613	0.00556637
-46.93333279	0.00570267
-46.89999946	0.00575806
-46.86666613	0.00582587
-46.83333279	0.00577116
-46.79999946	0.00573305
-46.76666613	0.00583731
-46.73333279	0.00584919
-46.69999946	0.00587933
-46.66666613	0.00581308
-46.63333280	0.00587737
-46.59999946	0.00588236
-46.56666613	0.00582768
-46.53333280	0.00581467
-46.49999946	0.00584723
-46.46666613	0.00587893
-46.43333280	0.00591753
-46.39999946	0.00588078
-46.36666613	0.00591131
-46.33333280	0.00585968
-46.29999946	0.00587958
-46.26666613	0.00603730
-46.23333280	0.00597250
-46.19999947	0.00600220
-46.16666613	0.00603412
-46.13333280	0.00608756
-46.09999947	0.00611388
-46.06666613	0.00619279
-46.03333280	0.00628416
-45.99999947	0.00625596
-45.96666613	0.00634721
-45.93333280	0.00640269
-45.89999947	0.00640825
-45.86666614	0.00639138
-45.83333280	0.00645683
-45.79999947	0.00656471
-45.76666614	0.00659395
-45.73333280	0.00666078
-45.69999947	0.00671233
-45.66666614	0.00675548
-45.63333280	0.00680326
-45.59999947	0.00677890
-45.56666614	0.00697712
-45.53333280	0.00699118
-45.49999947	0.00702238
-45.46666614	0.00709784
-45.43333281	0.00712917
-45.39999947	0.00721589
-45.36666614	0.00717136
-45.33333281	0.00721586
-45.29999947	0.00715546
-45.26666614	0.00711674
-45.23333281	0.00727281
-45.19999947	0.00708520
-45.16666614	0.00711336
-45.13333281	0.00706068
-45.09999948	0.00695323
-45.06666614	0.00698183
-45.03333281	0.00688427
-44.99999948	0.00659213
-44.96666614	0.00656383
-44.93333281	0.00640338
-44.89999948	0.00626080
-44.86666614	0.00609449
-44.83333281	0.00594663
-44.79999948	0.00559327
-44.76666614	0.00554119
-44.73333281	0.00518020
-44.69999948	0.00508233
-44.66666615	0.00496163
-44.63333281	0.00478843
-44.59999948	0.00454710
-44.56666615	0.00455420
-44.53333281	0.00438981
-44.49999948	0.00430326
-44.46666615	0.00420045
-44.43333281	0.00432171
-44.39999948	0.00433944
-44.36666615	0.00445238
-44.33333282	0.00460428
-44.29999948	0.00488602
-44.26666615	0.00515656
-44.23333282	0.00549088
-44.19999948	0.00587641
-44.16666615	0.00645844
-44.13333282	0.00701905
-44.09999948	0.00765554
-44.06666615	0.00831465
-44.03333282	0.00912691
-43.99999948	0.01009399
-43.96666615	0.01102131
-43.93333282	0.01200190
-43.89999949	0.01305947
-43.86666615	0.01421975
-43.83333282	0.01541902
-43.79999949	0.01666811
-43.76666615	0.01812930
-43.73333282	0.01962853
-43.69999949	0.02101273
-43.66666615	0.02272678
-43.63333282	0.02428798
-43.59999949	0.02600456
-43.56666616	0.02776505
-43.53333282	0.02964403
-43.49999949	0.03165289
-43.46666616	0.03357546
-43.43333282	0.03574660
-43.39999949	0.03782481
-43.36666616	0.04000408
-43.33333282	0.04233873
-43.29999949	0.04498595
-43.26666616	0.04746842
-43.23333282	0.05023550
-43.19999949	0.05296871
-43.16666616	0.05576543
-43.13333283	0.05878446
-43.09999949	0.06180520
-43.06666616	0.06512350
-43.03333283	0.06838156
-42.99999949	0.07193977
-42.96666616	0.07548852
-42.93333283	0.07916793
-42.89999949	0.08302617
-42.86666616	0.08692048
-42.83333283	0.09085704
-42.79999950	0.09484026
-42.76666616	0.09889365
-42.73333283	0.10296556
-42.69999950	0.10684553
-42.66666616	0.11068895
-42.63333283	0.11438162
-42.59999950	0.11805067
-42.56666616	0.12118334
-42.53333283	0.12395526
-42.49999950	0.12630226
-42.46666616	0.12801330
-42.43333283	0.12919745
-42.39999950	0.12940332
-42.36666617	0.12872513
-42.33333283	0.12699592
-42.29999950	0.12419377
-42.26666617	0.11993537
-42.23333283	0.11430935
-42.19999950	0.10700442
-42.16666617	0.09807245
-42.13333283	0.08720214
-42.09999950	0.07465404
-42.06666617	0.05999866
-42.03333284	0.04325253
-41.99999950	0.02436204
-41.96666617	0.00331467
-41.93333284	-0.01966561
-41.89999950	-0.04476842
-41.86666617	-0.07174704
-41.83333284	-0.10045342
-41.79999950	-0.13087613
-41.76666617	-0.16270151
-41.73333284	-0.19565137
-41.69999950	-0.22949152
-41.66666617	-0.26401215
-41.63333284	-0.29877330
-41.59999951	-0.33344055
-41.56666617	-0.36767011
-41.53333284	-0.40085887
-41.49999951	-0.43272842
-41.46666617	-0.46314370
-41.43333284	-0.49116424
-41.39999951	-0.51670798
-41.36666617	-0.53941270
-41.33333284	-0.55893336
-41.29999951	-0.57485390
-41.26666618	-0.58692049
-41.23333284	-0.59503360
-41.19999951	-0.59879528
-41.16666618	-0.59829336
-41.13333284	-0.59332561
-41.09999951	-0.58397807
-41.06666618	-0.57022206
-41.03333284	-0.55206116
-40.99999951	-0.52993126
-40.96666618	-0.50380283
-40.93333284	-0.47416281
-40.89999951	-0.44117607
-40.86666618	-0.40505751
-40.83333285	-0.36651510
-40.79999951	-0.32578992
-40.76666618	-0.28342075
-40.73333285	-0.23966120
-40.69999951	-0.19506116
-40.66666618	-0.15009783
-40.63333285	-0.10519545
-40.59999951	-0.06084907
-40.56666618	-0.01719498
-40.53333285	0.02503996
-40.49999952	0.06568079
-40.46666618	0.10428583
-40.43333285	0.14086951
-40.39999952	0.17487545
-40.36666618	0.20619290
-40.33333285	0.23483704
-40.29999952	0.26057200
-40.26666618	0.28323402
-40.23333285	0.30276587
-40.19999952	0.31949417
-40.16666618	0.33323416
-40.13333285	0.34411927
-40.09999952	0.35224701
-40.06666619	0.35777266
-40.03333285	0.36082817
-39.99999952	0.36151225
-39.96666619	0.36008117
-39.93333285	0.35678705
-39.89999952	0.35171380
-39.86666619	0.34528107
-39.83333285	0.33766717
-39.79999952	0.32872351
-39.76666619	0.31898957
-39.73333286	0.30866302
-39.69999952	0.29775979
-39.66666619	0.28634589
-39.63333286	0.27485894
-39.59999952	0.26335291
-39.56666619	0.25179752
-39.53333286	0.24052582
-39.49999952	0.22936251
-39.46666619	0.21858753
-39.43333286	0.20805066
-39.39999952	0.19811032
-39.36666619	0.18868852
-39.33333286	0.17944738
-39.29999953	0.17095978
-39.26666619	0.16284743
-39.23333286	0.15517026
-39.19999953	0.14788829
-39.16666619	0.14111764
-39.13333286	0.13478898
-39.09999953	0.12870630
-39.06666619	0.12310871
-39.03333286	0.11775042
-38.99999953	0.11255470
-38.96666620	0.10761387
-38.93333286	0.10297255
-38.89999953	0.09830745
-38.86666620	0.09372590
-38.83333286	0.08942042
-38.79999953	0.08505589
-38.76666620	0.08068468
-38.73333286	0.07643079
-38.69999953	0.07213831
-38.66666620	0.06793343
-38.63333286	0.06362415
-38.59999953	0.05934009
-38.56666620	0.05504066
-38.53333287	0.05063816
-38.49999953	0.04636732
-38.46666620	0.04199641
-38.43333287	0.03772220
-38.39999953	0.03339961
-38.36666620	0.02920113
-38.33333287	0.02512567
-38.29999953	0.02103340
-38.26666620	0.01701869
-38.23333287	0.01303590
-38.19999954	0.00939016
-38.16666620	0.00588400
-38.13333287	0.00253157
-38.09999954	-0.00066009
-38.06666620	-0.00372265
-38.03333287	-0.00641437
-37.99999954	-0.00902342
-37.96666620	-0.01149638
-37.93333287	-0.01374250
-37.89999954	-0.01562407
-37.86666620	-0.01748813
-37.83333287	-0.01902311
-37.79999954	-0.02036070
-37.76666621	-0.02160764
-37.73333287	-0.02256143
-37.69999954	-0.02356940
-37.66666621	-0.02432298
-37.63333287	-0.02499914
-37.59999954	-0.02552866
-37.56666621	-0.02592014
-37.53333287	-0.02637391
-37.49999954	-0.02673585
-37.46666621	-0.02688589
-37.43333288	-0.02720570
-37.39999954	-0.02741715
-37.36666621	-0.02766750
-37.33333288	-0.02791975
-37.29999954	-0.02821568
-37.26666621	-0.02839253
-37.23333288	-0.02878207
-37.19999954	-0.02916189
-37.16666621	-0.02948102
-37.13333288	-0.02987891
-37.09999954	-0.03029529
-37.06666621	-0.03070862
-37.03333288	-0.03117056
-36.99999955	-0.03165518
-36.96666621	-0.03220106
-36.93333288	-0.03262975
-36.89999955	-0.03304865
-36.86666621	-0.03341537
-36.83333288	-0.03386471
-36.79999955	-0.03411427
-36.76666621	-0.03430159
-36.73333288	-0.03459382
-36.69999955	-0.03472711
-36.66666622	-0.03486346
-36.63333288	-0.03481009
-36.59999955	-0.03469459
-36.56666622	-0.03448320
-36.53333288	-0.03402058
-36.49999955	-0.03360128
-36.46666622	-0.03316013
-36.43333288	-0.03257564
-36.39999955	-0.03191448
-36.36666622	-0.03116057
-36.33333288	-0.03034999
-36.29999955	-0.02937095
-36.26666622	-0.02830101
-36.23333289	-0.02722465
-36.19999955	-0.02613529
-36.16666622	-0.02490934
-36.13333289	-0.02377950
-36.09999955	-0.02259292
-36.06666622	-0.02137850
-36.03333289	-0.02027904
-35.99999955	-0.01907667
-35.96666622	-0.01789521
-35.93333289	-0.01677665
-35.89999956	-0.01583986
-35.86666622	-0.01485779
-35.83333289	-0.01406051
-35.79999956	-0.01326989
-35.76666622	-0.01240082
-35.73333289	-0.01171832
-35.69999956	-0.01128988
-35.66666622	-0.01089044
-35.63333289	-0.01048171
-35.59999956	-0.01019531
-35.56666622	-0.00994363
-35.53333289	-0.00986698
-35.49999956	-0.00990616
-35.46666623	-0.00980654
-35.43333289	-0.00990667
-35.39999956	-0.00997193
-35.36666623	-0.01024242
-35.33333289	-0.01040528
-35.29999956	-0.01062232
-35.26666623	-0.01082882
-35.23333289	-0.01106554
-35.19999956	-0.01131407
-35.16666623	-0.01148950
-35.13333290	-0.01165245
-35.09999956	-0.01184518
-35.06666623	-0.01203755
-35.03333290	-0.01232042
-34.99999956	-0.01233049
-34.96666623	-0.01240653
-34.93333290	-0.01250245
-34.89999956	-0.01243327
-34.86666623	-0.01230726
-34.83333290	-0.01216449
-34.79999956	-0.01208562
-34.76666623	-0.01178113
-34.73333290	-0.01152663
-34.69999957	-0.01118675
-34.66666623	-0.01092044
-34.63333290	-0.01043067
-34.59999957	-0.00996470
-34.56666623	-0.00950940
-34.53333290	-0.00901971
-34.49999957	-0.00846096
-34.46666623	-0.00806768
-34.43333290	-0.00755941
-34.39999957	-0.00709079
-34.36666624	-0.00661564
-34.33333290	-0.00615982
-34.29999957	-0.00567963
-34.26666624	-0.00531295
-34.23333290	-0.00506305
-34.19999957	-0.00474940
-34.16666624	-0.00453415
-34.13333290	-0.00424235
-34.09999957	-0.00418774
-34.06666624	-0.00414970
-34.03333290	-0.00406565
-33.99999957	-0.00412365
-33.96666624	-0.00420085
-33.93333291	-0.00441769
-33.89999957	-0.00465392
-33.86666624	-0.00505711
-33.83333291	-0.00531157
-33.79999957	-0.00574663
-33.76666624	-0.00628896
-33.73333291	-0.00679240
-33.69999957	-0.00736992
-33.66666624	-0.00806942
-33.63333291	-0.00866351
-33.59999958	-0.00937267
-33.56666624	-0.01010945
-33.53333291	-0.01081508
-33.49999958	-0.01147992
-33.46666624	-0.01226014
-33.43333291	-0.01297603
-33.39999958	-0.01364449
-33.36666624	-0.01429296
-33.33333291	-0.01500377
-33.29999958	-0.01555596
-33.26666624	-0.01615240
-33.23333291	-0.01665905
-33.19999958	-0.01708718
-33.16666625	-0.01750584
-33.13333291	-0.01785195
-33.09999958	-0.01812909
-33.06666625	-0.01838356
-33.03333291	-0.01834512
-32.99999958	-0.01857170
-32.96666625	-0.01851322
-32.93333291	-0.01849770
-32.89999958	-0.01839016
-32.86666625	-0.01822523
-32.83333292	-0.01793259
-32.79999958	-0.01761715
-32.76666625	-0.01733398
-32.73333292	-0.01701433
-32.69999958	-0.01657619
-32.66666625	-0.01589756
-32.63333292	-0.01542809
-32.59999958	-0.01484396
-32.56666625	-0.01432623
-32.53333292	-0.01365601
-32.49999958	-0.01308525
-32.46666625	-0.01246897
-32.43333292	-0.01197498
-32.39999959	-0.01130653
-32.36666625	-0.01072112
-32.33333292	-0.01022978
-32.29999959	-0.00978833
-32.26666625	-0.00920481
-32.23333292	-0.00880858
-32.19999959	-0.00851319
-32.16666625	-0.00810543
-32.13333292	-0.00790749
-32.09999959	-0.00755341
-32.06666626	-0.00736977
-32.03333292	-0.00721420
-31.99999959	-0.00716564
-31.96666626	-0.00715986
-31.93333292	-0.00705453
-31.89999959	-0.00719678
-31.86666626	-0.00721003
-31.83333292	-0.00728368
-31.79999959	-0.00749427
-31.76666626	-0.00760262
-31.73333292	-0.00769189
-31.69999959	-0.00784448
-31.66666626	-0.00810224
-31.63333293	-0.00817174
-31.59999959	-0.00830677
-31.56666626	-0.00846738
-31.53333293	-0.00846316
-31.49999959	-0.00859919
-31.46666626	-0.00869497
-31.43333293	-0.00870532
-31.39999959	-0.00859335
-31.36666626	-0.00853950
-31.33333293	-0.00841235
-31.29999960	-0.00817151
-31.26666626	-0.00787490
-31.23333293	-0.00760795
-31.19999960	-0.00734623
-31.16666626	-0.00691534
-31.13333293	-0.00647202
-31.09999960	-0.00612779
-31.06666626	-0.00561101
-31.03333293	-0.00503991
-30.99999960	-0.00453255
-30.96666626	-0.00395937
-30.93333293	-0.00326503
-30.89999960	-0.00271802
-30.86666627	-0.00195176
-30.83333293	-0.00134265
-30.79999960	-0.00065898
-30.76666627	-0.00003438
-30.73333293	0.00054373
-30.69999960	0.00124294
-30.66666627	0.00178883
-30.63333293	0.00224176
-30.59999960	0.00288539
-30.56666627	0.00335198
-30.53333294	0.00387614
-30.49999960	0.00415173
-30.46666627	0.00434844
-30.43333294	0.00460261
-30.39999960	0.00489394
-30.36666627	0.00496189
-30.33333294	0.00514097
-30.29999960	0.00512884
-30.26666627	0.00508581
-30.23333294	0.00502318
-30.19999960	0.00491274
-30.16666627	0.00468918
-30.13333294	0.00447690
-30.09999961	0.00410854
-30.06666627	0.00383874
-30.03333294	0.00352293
-29.99999961	0.00315538
-29.96666627	0.00273777
-29.93333294	0.00237810
-29.89999961	0.00202431
-29.86666627	0.00168259
-29.83333294	0.00123398
-29.79999961	0.00083890
-29.76666628	0.00051293
-29.73333294	0.00019946
-29.69999961	-0.00004239
-29.66666628	-0.00019393
-29.63333294	-0.00045306
-29.59999961	-0.00061660
-29.56666628	-0.00077984
-29.53333294	-0.00088572
-29.49999961	-0.00094722
-29.46666628	-0.00090937
-29.43333294	-0.00103454
-29.39999961	-0.00082160
-29.36666628	-0.00091434
-29.33333295	-0.00066047
-29.29999961	-0.00057219
-29.26666628	-0.00036632
-29.23333295	-0.00022236
-29.19999961	-0.00008913
-29.16666628	0.00005167
-29.13333295	0.00027159
-29.09999961	0.00044883
-29.06666628	0.00063534
-29.03333295	0.00080345
-28.99999962	0.00103395
-28.96666628	0.00123367
-28.93333295	0.00146817
-28.89999962	0.00156840
-28.86666628	0.00166381
-28.83333295	0.00182115
-28.79999962	0.00178311
-28.76666628	0.00186361
-28.73333295	0.00200707
-28.69999962	0.00201931
-28.66666628	0.00197518
-28.63333295	0.00208487
-28.59999962	0.00200938
-28.56666629	0.00201449
-28.53333295	0.00197629
-28.49999962	0.00187761
-28.46666629	0.00184119
-28.43333295	0.00174276
-28.39999962	0.00176115
-28.36666629	0.00159418
-28.33333295	0.00159900
-28.29999962	0.00154847
-28.26666629	0.00147920
-28.23333296	0.00129796
-28.19999962	0.00124589
-28.16666629	0.00111310
-28.13333296	0.00109112
-28.09999962	0.00101705
-28.06666629	0.00096139
-28.03333296	0.00098154
-27.99999962	0.00100222
-27.96666629	0.00107138
-27.93333296	0.00112260
-27.89999962	0.00115055
-27.86666629	0.00129470
-27.83333296	0.00138080
-27.79999963	0.00152444
-27.76666629	0.00163752
-27.73333296	0.00186399
-27.69999963	0.00203510
-27.66666629	0.00230005
-27.63333296	0.00249082
-27.59999963	0.00274168
-27.56666629	0.00303757
-27.53333296	0.00335303
-27.49999963	0.00367921
-27.46666630	0.00399644
-27.43333296	0.00420007
-27.39999963	0.00468230
-27.36666630	0.00497142
-27.33333296	0.00538276
-27.29999963	0.00569089
-27.26666630	0.00612963
-27.23333296	0.00635163
-27.19999963	0.00671797
-27.16666630	0.00704426
-27.13333296	0.00733179
-27.09999963	0.00772011
-27.06666630	0.00791787
-27.03333297	0.00820702
-26.99999963	0.00850766
-26.96666630	0.00847930
-26.93333297	0.00868295
-26.89999963	0.00886988
-26.86666630	0.00884317
-26.83333297	0.00874807
-26.79999963	0.00876537
-26.76666630	0.00861443
-26.73333297	0.00857065
-26.69999964	0.00844230
-26.66666630	0.00823727
-26.63333297	0.00791140
-26.59999964	0.00751211
-26.56666630	0.00720286
-26.53333297	0.00685831
-26.49999964	0.00622277
-26.46666630	0.00581665
-26.43333297	0.00529854
-26.39999964	0.00470711
-26.36666630	0.00419951
-26.33333297	0.00365326
-26.29999964	0.00298042
-26.26666631	0.00236818
-26.23333297	0.00176872
-26.19999964	0.00118792
-26.16666631	0.00054305
-26.13333297	-0.00011153
-26.09999964	-0.00053173
-26.06666631	-0.00112062
-26.03333297	-0.00157705
-25.99999964	-0.00198823
-25.96666631	-0.00239069
-25.93333298	-0.00281234
-25.89999964	-0.00319632
-25.86666631	-0.00354486
-25.83333298	-0.00388694
-25.79999964	-0.00403000
-25.76666631	-0.00427019
-25.73333298	-0.00442090
-25.69999964	-0.00444691
-25.66666631	-0.00458813
-25.63333298	-0.00464032
-25.59999964	-0.00445851
-25.56666631	-0.00445828
-25.53333298	-0.00447547
-25.49999965	-0.00437012
-25.46666631	-0.00431343
-25.43333298	-0.00406058
-25.39999965	-0.00392964
-25.36666631	-0.00382075
-25.33333298	-0.00364019
-25.29999965	-0.00329959
-25.26666631	-0.00315255
-25.23333298	-0.00315167
-25.19999965	-0.00287386
-25.16666632	-0.00276924
-25.13333298	-0.00261226
-25.09999965	-0.00246694
-25.06666632	-0.00244772
-25.03333298	-0.00239051
-24.99999965	-0.00225972
-24.96666632	-0.00220936
-24.93333298	-0.00228045
-24.89999965	-0.00225901
-24.86666632	-0.00233199
-24.83333298	-0.00223835
-24.79999965	-0.00223231
-24.76666632	-0.00224415
-24.73333299	-0.00232281
-24.69999965	-0.00237409
-24.66666632	-0.00244505
-24.63333299	-0.00253984
-24.59999965	-0.00251193
-24.56666632	-0.00256802
-24.53333299	-0.00256677
-24.49999965	-0.00261118
-24.46666632	-0.00249445
-24.43333299	-0.00250188
-24.39999966	-0.00234137
-24.36666632	-0.00214970
-24.33333299	-0.00212073
-24.29999966	-0.00202912
-24.26666632	-0.00186238
-24.23333299	-0.00158620
-24.19999966	-0.00135755
-24.16666632	-0.00114722
-24.13333299	-0.00088075
-24.09999966	-0.00056087
-24.06666632	-0.00032562
-24.03333299	-0.00006974
-23.99999966	0.00024797
-23.96666633	0.00047372
-23.93333299	0.00063784
-23.89999966	0.00095814
-23.86666633	0.00119152
-23.83333299	0.00127456
-23.79999966	0.00149116
-23.76666633	0.00160790
-23.73333299	0.00162895
-23.69999966	0.00157635
-23.66666633	0.00159518
-23.63333300	0.00151635
-23.59999966	0.00127139
-23.56666633	0.00099870
-23.53333300	0.00084581
-23.49999966	0.00048927
-23.46666633	0.00001443
-23.43333300	-0.00042166
-23.39999966	-0.00113924
-23.36666633	-0.00178851
-23.33333300	-0.00251676
-23.29999966	-0.00336386
-23.26666633	-0.00418635
-23.23333300	-0.00519026
-23.19999967	-0.00618634
-23.16666633	-0.00730629
-23.13333300	-0.00857704
-23.09999967	-0.00979023
-23.06666633	-0.01113746
-23.03333300	-0.01258977
-22.99999967	-0.01402139
-22.96666633	-0.01555977
-22.93333300	-0.01706256
-22.89999967	-0.01866417
-22.86666634	-0.02027738
-22.83333300	-0.02191814
-22.79999967	-0.02356386
-22.76666634	-0.02516981
-22.73333300	-0.02678821
-22.69999967	-0.02838952
-22.66666634	-0.02990130
-22.63333300	-0.03161497
-22.59999967	-0.03308382
-22.56666634	-0.03442517
-22.53333300	-0.03578957
-22.49999967	-0.03713775
-22.46666634	-0.03840382
-22.43333301	-0.03942043
-22.39999967	-0.04037298
-22.36666634	-0.04118526
-22.33333301	-0.04185870
-22.29999967	-0.04251766
-22.26666634	-0.04296604
-22.23333301	-0.04321572
-22.19999967	-0.04344726
-22.16666634	-0.04337685
-22.13333301	-0.04338917
-22.09999968	-0.04291562
-22.06666634	-0.04245335
-22.03333301	-0.04169977
-21.99999968	-0.04095079
-21.96666634	-0.03998512
-21.93333301	-0.03891558
-21.89999968	-0.03762838
-21.86666634	-0.03627847
-21.83333301	-0.03474517
-21.79999968	-0.03305109
-21.76666634	-0.03124632
-21.73333301	-0.02941412
-21.69999968	-0.02746314
-21.66666635	-0.02539596
-21.63333301	-0.02319574
-21.59999968	-0.02115201
-21.56666635	-0.01904232
-21.53333301	-0.01670313
-21.49999968	-0.01441421
-21.46666635	-0.01219563
-21.43333301	-0.00998415
-21.39999968	-0.00781376
-21.36666635	-0.00561181
-21.33333302	-0.00354008
-21.29999968	-0.00149057
-21.26666635	0.00046974
-21.23333302	0.00232854
-21.19999968	0.00424093
-21.16666635	0.00590194
-21.13333302	0.00763778
-21.09999968	0.00917661
-21.06666635	0.01061894
-21.03333302	0.01198786
-20.99999968	0.01323711
-20.96666635	0.01437340
-20.93333302	0.01545048
-20.89999969	0.01614732
-20.86666635	0.01705892
-20.83333302	0.01774233
-20.79999969	0.01830400
-20.76666635	0.01875678
-20.73333302	0.01928142
-20.69999969	0.01957485
-20.66666635	0.01988366
-20.63333302	0.02005067
-20.59999969	0.02013277
-20.56666636	0.02014048
-20.53333302	0.02014724
-20.49999969	0.02013030
-20.46666636	0.02006181
-20.43333302	0.01987908
-20.39999969	0.01970539
-20.36666636	0.01951686
-20.33333302	0.01909712
-20.29999969	0.01895190
-20.26666636	0.01851628
-20.23333302	0.01815937
-20.19999969	0.01792903
-20.16666636	0.01758928
-20.13333303	0.01707739
-20.09999969	0.01658272
-20.06666636	0.01614119
-20.03333303	0.01566083
-19.99999969	0.01517076
-19.96666636	0.01466071
-19.93333303	0.01408964
-19.89999969	0.01349081
-19.86666636	0.01299806
-19.83333303	0.01234029
-19.79999970	0.01174008
-19.76666636	0.01112262
-19.73333303	0.01041577
-19.69999970	0.00986746
-19.66666636	0.00912412
-19.63333303	0.00858505
-19.59999970	0.00790156
-19.56666636	0.00725082
-19.53333303	0.00653366
-19.49999970	0.00589064
-19.46666636	0.00520773
-19.43333303	0.00454658
-19.39999970	0.00389711
-19.36666637	0.00328588
-19.33333303	0.00262392
-19.29999970	0.00196241
-19.26666637	0.00143336
-19.23333303	0.00078600
-19.19999970	0.00030675
-19.16666637	-0.00025750
-19.13333303	-0.00071655
-19.09999970	-0.00114227
-19.06666637	-0.00164977
-19.03333304	-0.00201126
-18.99999970	-0.00237202
-18.96666637	-0.00270640
-18.93333304	-0.00309827
-18.89999970	-0.00343849
-18.86666637	-0.00366290
-18.83333304	-0.00393838
-18.79999970	-0.00420860
-18.76666637	-0.00439316
-18.73333304	-0.00456545
-18.69999970	-0.00473554
-18.66666637	-0.00495108
-18.63333304	-0.00506576
-18.59999971	-0.00513737
-18.56666637	-0.00523060
-18.53333304	-0.00530994
-18.49999971	-0.00531428
-18.46666637	-0.00533105
-18.43333304	-0.00548899
-18.39999971	-0.00556928
-18.36666637	-0.00571970
-18.33333304	-0.00567029
-18.29999971	-0.00566583
-18.26666638	-0.00581174
-18.23333304	-0.00584199
-18.19999971	-0.00590930
-18.16666638	-0.00592025
-18.13333304	-0.00600360
-18.09999971	-0.00609491
-18.06666638	-0.00600954
-18.03333304	-0.00608795
-17.99999971	-0.00622894
-17.96666638	-0.00618765
-17.93333304	-0.00620575
-17.89999971	-0.00630013
-17.86666638	-0.00633698
-17.83333305	-0.00639216
-17.79999971	-0.00651354
-17.76666638	-0.00657769
-17.73333305	-0.00667536
-17.69999971	-0.00674677
-17.66666638	-0.00682692
-17.63333305	-0.00689911
-17.59999971	-0.00697758
-17.56666638	-0.00691933
-17.53333305	-0.00703277
-17.49999972	-0.00710403
-17.46666638	-0.00726923
-17.43333305	-0.00728442
-17.39999972	-0.00743352
-17.36666638	-0.00737505
-17.33333305	-0.00754955
-17.29999972	-0.00759818
-17.26666638	-0.00772652
-17.23333305	-0.00764085
-17.19999972	-0.00767003
-17.16666638	-0.00767745
-17.13333305	-0.00770228
-17.09999972	-0.00772489
-17.06666639	-0.00768917
-17.03333305	-0.00772468
-16.99999972	-0.00763432
-16.96666639	-0.00753891
-16.93333305	-0.00748798
-16.89999972	-0.00736196
-16.86666639	-0.00720510
-16.83333305	-0.00698779
-16.79999972	-0.00701779
-16.76666639	-0.00671261
-16.73333306	-0.00642191
-16.69999972	-0.00628753
-16.66666639	-0.00596169
-16.63333306	-0.00565615
-16.59999972	-0.00532252
-16.56666639	-0.00504557
-16.53333306	-0.00468362
-16.49999972	-0.00430156
-16.46666639	-0.00397754
-16.43333306	-0.00360768
-16.39999972	-0.00322390
-16.36666639	-0.00290953
-16.33333306	-0.00254448
-16.29999973	-0.00213615
-16.26666639	-0.00170763
-16.23333306	-0.00138773
-16.19999973	-0.00097919
-16.16666639	-0.00059124
-16.13333306	-0.00026450
-16.09999973	-0.00003915
-16.06666639	0.00040551
-16.03333306	0.00066075
-15.99999973	0.00088208
-15.96666640	0.00115311
-15.93333306	0.00134925
-15.89999973	0.00150974
-15.86666640	0.00176572
-15.83333306	0.00186103
-15.79999973	0.00198931
-15.76666640	0.00211035
-15.73333306	0.00220938
-15.69999973	0.00228792
-15.66666640	0.00242441
-15.63333306	0.00229502
-15.59999973	0.00249746
-15.56666640	0.00234774
-15.53333307	0.00243100
-15.49999973	0.00247627
-15.46666640	0.00252343
-15.43333307	0.00261059
-15.39999973	0.00258883
-15.36666640	0.00274131
-15.33333307	0.00286384
-15.29999973	0.00294836
-15.26666640	0.00295315
-15.23333307	0.00311685
-15.19999974	0.00323890
-15.16666640	0.00341489
-15.13333307	0.00362645
-15.09999974	0.00386131
-15.06666640	0.00424305
-15.03333307	0.00445656
-14.99999974	0.00479029
-14.96666640	0.00506028
-14.93333307	0.00539421
-14.89999974	0.00571635
-14.86666640	0.00599718
-14.83333307	0.00643151
-14.79999974	0.00680202
-14.76666641	0.00713252
-14.73333307	0.00740085
-14.69999974	0.00768186
-14.66666641	0.00805179
-14.63333307	0.00838709
-14.59999974	0.00862660
-14.56666641	0.00880758
-14.53333307	0.00902571
-14.49999974	0.00922770
-14.46666641	0.00948717
-14.43333308	0.00963390
-14.39999974	0.00969091
-14.36666641	0.00978954
-14.33333308	0.00989630
-14.29999974	0.00987018
-14.26666641	0.00987124
-14.23333308	0.00984065
-14.19999974	0.00964692
-14.16666641	0.00957544
-14.13333308	0.00942064
-14.09999974	0.00936215
-14.06666641	0.00907075
-14.03333308	0.00886717
-13.99999975	0.00858653
-13.96666641	0.00840651
-13.93333308	0.00824502
-13.89999975	0.00792655
-13.86666641	0.00757119
-13.83333308	0.00743278
-13.79999975	0.00707139
-13.76666641	0.00678223
-13.73333308	0.00654285
-13.69999975	0.00631273
-13.66666642	0.00606339
-13.63333308	0.00577256
-13.59999975	0.00559321
-13.56666642	0.00535218
-13.53333308	0.00511917
-13.49999975	0.00505849
-13.46666642	0.00498265
-13.43333308	0.00486818
-13.39999975	0.00473244
-13.36666642	0.00462745
-13.33333308	0.00461798
-13.29999975	0.00442109
-13.26666642	0.00454734
-13.23333309	0.00451599
-13.19999975	0.00461065
-13.16666642	0.00456126
-13.13333309	0.00462207
-13.09999975	0.00459064
-13.06666642	0.00460704
-13.03333309	0.00469706
-12.99999975	0.00471672
-12.96666642	0.00476918
-12.93333309	0.00480045
-12.89999976	0.00490284
-12.86666642	0.00495851
-12.83333309	0.00504990
-12.79999976	0.00509579
-12.76666642	0.00510658
-12.73333309	0.00516120
-12.69999976	0.00514248
-12.66666642	0.00509324
-12.63333309	0.00502233
-12.59999976	0.00495888
-12.56666642	0.00484278
-12.53333309	0.00486656
-12.49999976	0.00480465
-12.46666643	0.00468295
-12.43333309	0.00450302
-12.39999976	0.00439455
-12.36666643	0.00414718
-12.33333309	0.00398855
-12.29999976	0.00381945
-12.26666643	0.00360374
-12.23333309	0.00327684
-12.19999976	0.00311245
-12.16666643	0.00281320
-12.13333310	0.00256534
-12.09999976	0.00227915
-12.06666643	0.00200056
-12.03333310	0.00183245
-11.99999976	0.00150532
-11.96666643	0.00099007
-11.93333310	0.00076961
-11.89999976	0.00044095
-11.86666643	0.00013639
-11.83333310	-0.00024511
-11.79999976	-0.00048419
-11.76666643	-0.00093493
-11.73333310	-0.00119899
-11.69999977	-0.00142537
-11.66666643	-0.00173472
-11.63333310	-0.00208064
-11.59999977	-0.00235542
-11.56666643	-0.00246273
-11.53333310	-0.00276658
-11.49999977	-0.00287664
-11.46666643	-0.00298924
-11.43333310	-0.00304112
-11.39999977	-0.00324295
-11.36666644	-0.00318954
-11.33333310	-0.00328222
-11.29999977	-0.00330156
-11.26666644	-0.00326806
-11.23333310	-0.00320694
-11.19999977	-0.00308612
-11.16666644	-0.00304110
-11.13333310	-0.00285665
-11.09999977	-0.00286144
-11.06666644	-0.00258337
-11.03333310	-0.00260197
-10.99999977	-0.00246244
-10.96666644	-0.00227666
-10.93333311	-0.00198879
-10.89999977	-0.00183848
-10.86666644	-0.00169492
-10.83333311	-0.00160124
-10.79999977	-0.00151430
-10.76666644	-0.00132769
-10.73333311	-0.00124705
-10.69999977	-0.00113637
-10.66666644	-0.00109884
-10.63333311	-0.00098910
-10.59999978	-0.00088164
-10.56666644	-0.00089860
-10.53333311	-0.00075751
-10.49999978	-0.00069204
-10.46666644	-0.00063765
-10.43333311	-0.00055996
-10.39999978	-0.00059807
-10.36666644	-0.00053280
-10.33333311	-0.00046232
-10.29999978	-0.00044440
-10.26666644	-0.00028950
-10.23333311	-0.00019684
-10.19999978	-0.00013784
-10.16666645	0.00000030
-10.13333311	0.00016386
-10.09999978	0.00029283
-10.06666645	0.00053672
-10.03333311	0.00068840
-9.99999978	0.00094689
-9.96666645	0.00117460
-9.93333311	0.00161758
-9.89999978	0.00189657
-9.86666645	0.00229928
-9.83333312	0.00268840
-9.79999978	0.00312428
-9.76666645	0.00362462
-9.73333312	0.00418641
-9.69999978	0.00473440
-9.66666645	0.00517629
-9.63333312	0.00574367
-9.59999978	0.00629600
-9.56666645	0.00680260
-9.53333312	0.00735914
-9.49999978	0.00806086
-9.46666645	0.00867591
-9.43333312	0.00931188
-9.39999979	0.00982645
-9.36666645	0.01042217
-9.33333312	0.01086997
-9.29999979	0.01136486
-9.26666645	0.01189773
-9.23333312	0.01219654
-9.19999979	0.01252017
-9.16666645	0.01281012
-9.13333312	0.01307024
-9.09999979	0.01322863
-9.06666646	0.01344749
-9.03333312	0.01354487
-8.99999979	0.01361584
-8.96666646	0.01353813
-8.93333312	0.01344617
-8.89999979	0.01330133
-8.86666646	0.01308188
-8.83333312	0.01273190
-8.79999979	0.01249023
-8.76666646	0.01194859
-8.73333312	0.01161807
-8.69999979	0.01123732
-8.66666646	0.01073542
-8.63333313	0.01016820
-8.59999979	0.00962158
-8.56666646	0.00904211
-8.53333313	0.00842601
-8.49999979	0.00789738
-8.46666646	0.00736837
-8.43333313	0.00665081
-8.39999979	0.00604070
-8.36666646	0.00557698
-8.33333313	0.00496252
-8.29999980	0.00430062
-8.26666646	0.00363002
-8.23333313	0.00330958
-8.19999980	0.00273574
-8.16666646	0.00231972
-8.13333313	0.00181691
-8.09999980	0.00138942
-8.06666646	0.00115818
-8.03333313	0.00086451
-7.99999980	0.00060179
-7.96666646	0.00033696
-7.93333313	0.00014663
-7.89999980	-0.00000455
-7.86666647	-0.00001773
-7.83333313	-0.00011170
-7.79999980	-0.00010193
-7.76666647	-0.00019976
-7.73333313	-0.00008687
-7.69999980	0.00009370
-7.66666647	0.00009318
-7.63333313	0.00026232
-7.59999980	0.00038874
-7.56666647	0.00061319
-7.53333314	0.00075767
-7.49999980	0.00088397
-7.46666647	0.00110799
-7.43333314	0.00141425
-7.39999980	0.00144609
-7.36666647	0.00157534
-7.33333314	0.00189944
-7.29999980	0.00202007
-7.26666647	0.00224147
-7.23333314	0.00229198
-7.19999980	0.00252203
-7.16666647	0.00260207
-7.13333314	0.00267510
-7.09999981	0.00267694
-7.06666647	0.00267337
-7.03333314	0.00261600
-6.99999981	0.00260104
-6.96666647	0.00254460
-6.93333314	0.00238869
-6.89999981	0.00213100
-6.86666647	0.00194316
-6.83333314	0.00172941
-6.79999981	0.00132157
-6.76666648	0.00114726
-6.73333314	0.00070236
-6.69999981	0.00033191
-6.66666648	-0.00010369
-6.63333314	-0.00057042
-6.59999981	-0.00104194
-6.56666648	-0.00161056
-6.53333314	-0.00206667
-6.49999981	-0.00254238
-6.46666648	-0.00307743
-6.43333314	-0.00366851
-6.39999981	-0.00408437
-6.36666648	-0.00463965
-6.33333315	-0.00516361
-6.29999981	-0.00555690
-6.26666648	-0.00606411
-6.23333315	-0.00652713
-6.19999981	-0.00682848
-6.16666648	-0.00723401
-6.13333315	-0.00762617
-6.09999981	-0.00786193
-6.06666648	-0.00819692
-6.03333315	-0.00847571
-5.99999982	-0.00859029
-5.96666648	-0.00873649
-5.93333315	-0.00889310
-5.89999982	-0.00891219
-5.86666648	-0.00892328
-5.83333315	-0.00899489
-5.79999982	-0.00898626
-5.76666648	-0.00882271
-5.73333315	-0.00883284
-5.69999982	-0.00879547
-5.66666648	-0.00865524
-5.63333315	-0.00855673
-5.59999982	-0.00846564
-5.56666649	-0.00842596
-5.53333315	-0.00824089
-5.49999982	-0.00822154
-5.46666649	-0.00804964
-5.43333315	-0.00791623
-5.39999982	-0.00776307
-5.36666649	-0.00761704
-5.33333315	-0.00751287
-5.29999982	-0.00753794
-5.26666649	-0.00732698
-5.23333316	-0.00721520
-5.19999982	-0.00714254
-5.16666649	-0.00718628
-5.13333316	-0.00714518
-5.09999982	-0.00705704
-5.06666649	-0.00697579
-5.03333316	-0.00700550
-4.99999982	-0.00691460
-4.96666649	-0.00697427
-4.93333316	-0.00684091
-4.89999982	-0.00680700
-4.86666649	-0.00688691
-4.83333316	-0.00674503
-4.79999983	-0.00659433
-4.76666649	-0.00665050
-4.73333316	-0.00653403
-4.69999983	-0.00635359
-4.66666649	-0.00608936
-4.63333316	-0.00588279
-4.59999983	-0.00572802
-4.56666649	-0.00534609
-4.53333316	-0.00517948
-4.49999983	-0.00481389
-4.46666650	-0.00435921
-4.43333316	-0.00410690
-4.39999983	-0.00374375
-4.36666650	-0.00315541
-4.33333316	-0.00280572
-4.29999983	-0.00237631
-4.26666650	-0.00180560
-4.23333316	-0.00138574
-4.19999983	-0.00079835
-4.16666650	-0.00023109
-4.13333316	0.00023396
-4.09999983	0.00076381
-4.06666650	0.00139083
-4.03333317	0.00198683
-3.99999983	0.00250397
-3.96666650	0.00296890
-3.93333317	0.00354531
-3.89999983	0.00407108
-3.86666650	0.00453887
-3.83333317	0.00501889
-3.79999983	0.00536435
-3.76666650	0.00568005
-3.73333317	0.00603843
-3.69999984	0.00630982
-3.66666650	0.00653853
-3.63333317	0.00678558
-3.59999984	0.00690375
-3.56666650	0.00690544
-3.53333317	0.00693107
-3.49999984	0.00681944
-3.46666650	0.00670773
-3.43333317	0.00660634
-3.39999984	0.00628144
-3.36666650	0.00597965
-3.33333317	0.00554710
-3.29999984	0.00525203
-3.26666651	0.00469002
-3.23333317	0.00410640
-3.19999984	0.00368065
-3.16666651	0.00294195
-3.13333317	0.00227960
-3.09999984	0.00155076
-3.06666651	0.00075552
-3.03333317	-0.00012455
-2.99999984	-0.00105079
-2.96666651	-0.00197265
-2.93333318	-0.00301212
-2.89999984	-0.00403064
-2.86666651	-0.00514028
-2.83333318	-0.00615793
-2.79999984	-0.00733556
-2.76666651	-0.00849599
-2.73333318	-0.00968357
-2.69999984	-0.01086340
-2.66666651	-0.01199891
-2.63333318	-0.01331425
-2.59999984	-0.01461855
-2.56666651	-0.01578079
-2.53333318	-0.01701132
-2.49999985	-0.01828334
-2.46666651	-0.01953318
-2.43333318	-0.02085892
-2.39999985	-0.02205103
-2.36666651	-0.02309493
-2.33333318	-0.02428815
-2.29999985	-0.02551844
-2.26666651	-0.02658349
-2.23333318	-0.02756085
-2.19999985	-0.02868670
-2.16666652	-0.02960261
-2.13333318	-0.03054216
-2.09999985	-0.03140707
-2.06666652	-0.03227325
-2.03333318	-0.03308485
-1.99999985	-0.03387296
-1.96666652	-0.03462047
-1.93333318	-0.03523190
-1.89999985	-0.03567879
-1.86666652	-0.03617903
-1.83333318	-0.03669217
-1.79999985	-0.03711639
-1.76666652	-0.03749872
-1.73333319	-0.03796685
-1.69999985	-0.03821403
-1.66666652	-0.03843708
-1.63333319	-0.03858365
-1.59999985	-0.03873919
-1.56666652	-0.03874531
-1.53333319	-0.03883687
-1.49999985	-0.03886195
-1.46666652	-0.03883797
-1.43333319	-0.03867559
-1.39999986	-0.03855289
-1.36666652	-0.03838847
-1.33333319	-0.03820159
-1.29999986	-0.03793697
-1.26666652	-0.03771688
-1.23333319	-0.03736799
-1.19999986	-0.03702866
-1.16666652	-0.03666631
-1.13333319	-0.03619602
-1.09999986	-0.03553525
-1.06666652	-0.03506023
-1.03333319	-0.03438025
-0.99999986	-0.03373618
-0.96666653	-0.03298783
-0.93333319	-0.03215996
-0.89999986	-0.03141679
-0.86666653	-0.03059187
-0.83333319	-0.02953635
-0.79999986	-0.02862353
-0.76666653	-0.02766246
-0.73333319	-0.02653003
-0.69999986	-0.02532758
-0.66666653	-0.02411609
-0.63333320	-0.02291038
-0.59999986	-0.02170582
-0.56666653	-0.02036776
-0.53333320	-0.01896098
-0.49999986	-0.01760436
-0.46666653	-0.01608604
-0.43333320	-0.01458862
-0.39999986	-0.01316216
-0.36666653	-0.01158197
-0.33333320	-0.00998047
-0.29999986	-0.00831662
-0.26666653	-0.00675719
-0.23333320	-0.00524282
-0.19999987	-0.00363660
-0.16666653	-0.00200124
-0.13333320	-0.00036770
-0.09999987	0.00107888
-0.06666653	0.00261122
-0.03333320	0.00413423
0.00000013	0.00559528
0.03333347	0.00714605
0.06666680	0.00848720
0.10000013	0.00997132
0.13333346	0.01116594
0.16666680	0.01260928
0.20000013	0.01387005
0.23333346	0.01504038
0.26666680	0.01622875
0.30000013	0.01721071
0.33333346	0.01826123
0.36666680	0.01932062
0.40000013	0.02024867
0.43333346	0.02121840
0.46666680	0.02201021
0.50000013	0.02287681
0.53333346	0.02362224
0.56666679	0.02426284
0.60000013	0.02516514
0.63333346	0.02575192
0.66666679	0.02639484
0.70000013	0.02700145
0.73333346	0.02756784
0.76666679	0.02809021
0.80000013	0.02870155
0.83333346	0.02919269
0.86666679	0.02966505
0.90000012	0.03018113
0.93333346	0.03056513
0.96666679	0.03097054
1.00000012	0.03142621
1.03333346	0.03171899
1.06666679	0.03220634
1.10000012	0.03262109
1.13333346	0.03297591
1.16666679	0.03327076
1.20000012	0.03370662
1.23333346	0.03398352
1.26666679	0.03425712
1.30000012	0.03465126
1.33333345	0.03502911
1.36666679	0.03530701
1.40000012	0.03561607
1.43333345	0.03589490
1.46666679	0.03610323
1.50000012	0.03633073
1.53333345	0.03657184
1.56666679	0.03670376
1.60000012	0.03690704
1.63333345	0.03709301
1.66666678	0.03725567
1.70000012	0.03727668
1.73333345	0.03750517
1.76666678	0.03755561
1.80000012	0.03769125
1.83333345	0.03768701
1.86666678	0.03770035
1.90000012	0.03769204
1.93333345	0.03777939
1.96666678	0.03775787
2.00000012	0.03761984
2.03333345	0.03760391
2.06666678	0.03759874
2.10000011	0.03759204
2.13333345	0.03746394
2.16666678	0.03746384
2.20000011	0.03744001
2.23333345	0.03733939
2.26666678	0.03719602
2.30000011	0.03706711
2.33333345	0.03699405
2.36666678	0.03697902
2.40000011	0.03688793
2.43333344	0.03672719
2.46666678	0.03665393
2.50000011	0.03669630
2.53333344	0.03647187
2.56666678	0.03632096
2.60000011	0.03623015
2.63333344	0.03616690
2.66666678	0.03599911
2.70000011	0.03592265
2.73333344	0.03568215
2.76666678	0.03551895
2.80000011	0.03535100
2.83333344	0.03516522
2.86666677	0.03517064
2.90000011	0.03486140
2.93333344	0.03466315
2.96666677	0.03444798
3.00000011	0.03426067
3.03333344	0.03406681
3.06666677	0.03375500
3.10000011	0.03342309
3.13333344	0.03311101
3.16666677	0.03277421
3.20000010	0.03238503
3.23333344	0.03200986
3.26666677	0.03157185
3.30000010	0.03121672
3.33333344	0.03072980
3.36666677	0.03018105
3.40000010	0.02961083
3.43333344	0.02909021
3.46666677	0.02844222
3.50000010	0.02769336
3.53333344	0.02710621
3.56666677	0.02636633
3.60000010	0.02554841
3.63333343	0.02477317
3.66666677	0.02398996
3.70000010	0.02311448
3.73333343	0.02230864
3.76666677	0.02145156
3.80000010	0.02030065
3.83333343	0.01955158
3.86666677	0.01847599
3.90000010	0.01764842
3.93333343	0.01670096
3.96666676	0.01578637
4.00000010	0.01494411
4.03333343	0.01386467
4.06666676	0.01292472
4.10000010	0.01200851
4.13333343	0.01103028
4.16666676	0.01021311
4.20000010	0.00936661
4.23333343	0.00837938
4.26666676	0.00767583
4.30000010	0.00689348
4.33333343	0.00608019
4.36666676	0.00522223
4.40000009	0.00461947
4.43333343	0.00393059
4.46666676	0.00344125
4.50000009	0.00275730
4.53333343	0.00222536
4.56666676	0.00187189
4.60000009	0.00129501
4.63333343	0.00095483
4.66666676	0.00068029
4.70000009	0.00031142
4.73333342	0.00007976
4.76666676	-0.00022332
4.80000009	-0.00036277
4.83333342	-0.00049833
4.86666676	-0.00064846
4.90000009	-0.00069525
4.93333342	-0.00068863
4.96666676	-0.00077345
5.00000009	-0.00076203
5.03333342	-0.00076118
5.06666676	-0.00070338
5.10000009	-0.00080393
5.13333342	-0.00074855
5.16666675	-0.00075670
5.20000009	-0.00071707
5.23333342	-0.00076331
5.26666675	-0.00061846
5.30000009	-0.00077089
5.33333342	-0.00074721
5.36666675	-0.00081112
5.40000009	-0.00078498
5.43333342	-0.00104741
5.46666675	-0.00105928
5.50000008	-0.00116347
5.53333342	-0.00129585
5.56666675	-0.00146724
5.60000008	-0.00159583
5.63333342	-0.00173368
5.66666675	-0.00197013
5.70000008	-0.00208995
5.73333342	-0.00218149
5.76666675	-0.00249914
5.80000008	-0.00259790
5.83333342	-0.00275730
5.86666675	-0.00282298
5.90000008	-0.00307835
5.93333341	-0.00313951
5.96666675	-0.00328470
6.00000008	-0.00339218
6.03333341	-0.00345819
6.06666675	-0.00351099
6.10000008	-0.00356107
6.13333341	-0.00356884
6.16666675	-0.00354009
6.20000008	-0.00353783
6.23333341	-0.00351303
6.26666674	-0.00348886
6.30000008	-0.00346663
6.33333341	-0.00337503
6.36666674	-0.00341756
6.40000008	-0.00339195
6.43333341	-0.00330208
6.46666674	-0.00323342
6.50000008	-0.00310934
6.53333341	-0.00313187
6.56666674	-0.00305467
6.60000008	-0.00300155
6.63333341	-0.00292580
6.66666674	-0.00294235
6.70000007	-0.00285582
6.73333341	-0.00294405
6.76666674	-0.00290488
6.80000007	-0.00287885
6.83333341	-0.00302610
6.86666674	-0.00314920
6.90000007	-0.00323494
6.93333341	-0.00333733
6.96666674	-0.00340850
7.00000007	-0.00358698
7.03333340	-0.00381752
7.06666674	-0.00413466
7.10000007	-0.00437764
7.13333340	-0.00452817
7.16666674	-0.00488871
7.20000007	-0.00508841
7.23333340	-0.00538848
7.26666674	-0.00561385
7.30000007	-0.00588874
7.33333340	-0.00625832
7.36666674	-0.00654478
7.40000007	-0.00673080
7.43333340	-0.00688579
7.46666673	-0.00702769
7.50000007	-0.00718921
7.53333340	-0.00736009
7.56666673	-0.00747634
7.60000007	-0.00762068
7.63333340	-0.00772566
7.66666673	-0.00778657
7.70000007	-0.00766845
7.73333340	-0.00763261
7.76666673	-0.00760554
7.80000006	-0.00738658
7.83333340	-0.00725277
7.86666673	-0.00704528
7.90000006	-0.00678199
7.93333340	-0.00660352
7.96666673	-0.00638418
8.00000006	-0.00609282
8.03333340	-0.00582672
8.06666673	-0.00551431
8.10000006	-0.00521874
8.13333340	-0.00492608
8.16666673	-0.00460304
8.20000006	-0.00422715
8.23333339	-0.00390113
8.26666673	-0.00373904
8.30000006	-0.00339044
8.33333339	-0.00313560
8.36666673	-0.00292991
8.40000006	-0.00259265
8.43333339	-0.00241482
8.46666673	-0.00231442
8.50000006	-0.00214671
8.53333339	-0.00206472
8.56666672	-0.00197789
8.60000006	-0.00184633
8.63333339	-0.00194609
8.66666672	-0.00198817
8.70000006	-0.00205070
8.73333339	-0.00210081
8.76666672	-0.00219649
8.80000006	-0.00233305
8.83333339	-0.00248548
8.86666672	-0.00265648
8.90000006	-0.00276118
8.93333339	-0.00298274
8.96666672	-0.00307268
9.00000005	-0.00325472
9.03333339	-0.00350539
9.06666672	-0.00378665
9.10000005	-0.00397386
9.13333339	-0.00410730
9.16666672	-0.00427738
9.20000005	-0.00444841
9.23333339	-0.00454129
9.26666672	-0.00465536
9.30000005	-0.00476214
9.33333338	-0.00483872
9.36666672	-0.00492984
9.40000005	-0.00499017
9.43333338	-0.00503777
9.46666672	-0.00503370
9.50000005	-0.00497324
9.53333338	-0.00500534
9.56666672	-0.00485756
9.60000005	-0.00478230
9.63333338	-0.00473031
9.66666672	-0.00471138
9.70000005	-0.00457061
9.73333338	-0.00437823
9.76666671	-0.00432645
9.80000005	-0.00417027
9.83333338	-0.00400773
9.86666671	-0.00384871
9.90000005	-0.00373601
9.93333338	-0.00357329
9.96666671	-0.00341655
10.00000005	-0.00325341
10.03333338	-0.00314959
10.06666671	-0.00296631
10.10000004	-0.00291040
10.13333338	-0.00276188
10.16666671	-0.00269377
10.20000004	-0.00269765
10.23333338	-0.00252837
10.26666671	-0.00238428
10.30000004	-0.00234052
10.33333338	-0.00229632
10.36666671	-0.00227047
10.40000004	-0.00219740
10.43333338	-0.00213270
10.46666671	-0.00209401
10.50000004	-0.00201786
10.53333337	-0.00199839
10.56666671	-0.00198075
10.60000004	-0.00195505
10.63333337	-0.00194386
10.66666671	-0.00194901
10.70000004	-0.00195505
10.73333337	-0.00191109
10.76666671	-0.00191511
10.80000004	-0.00193480
10.83333337	-0.00187852
10.86666670	-0.00191688
10.90000004	-0.00187920
10.93333337	-0.00189985
10.96666670	-0.00189111
11.00000004	-0.00190783
11.03333337	-0.00192949
11.06666670	-0.00192364
11.10000004	-0.00188511
11.13333337	-0.00190677
11.16666670	-0.00183810
11.20000004	-0.00178200
11.23333337	-0.00180620
11.26666670	-0.00174734
11.30000003	-0.00170302
11.33333337	-0.00167201
11.36666670	-0.00166156
11.40000003	-0.00157917
11.43333337	-0.00150438
11.46666670	-0.00144156
11.50000003	-0.00140035
11.53333337	-0.00138043
11.56666670	-0.00134271
11.60000003	-0.00128472
11.63333336	-0.00125124
11.66666670	-0.00121766
11.70000003	-0.00119197
11.73333336	-0.00119229
11.76666670	-0.00114571
11.80000003	-0.00110790
11.83333336	-0.00109900
11.86666670	-0.00105264
11.90000003	-0.00104535
11.93333336	-0.00099047
11.96666670	-0.00095034
12.00000003	-0.00098398
12.03333336	-0.00093917
12.06666669	-0.00094275
12.10000003	-0.00096163
12.13333336	-0.00092648
12.16666669	-0.00091334
12.20000003	-0.00090648
12.23333336	-0.00087351
12.26666669	-0.00088354
12.30000003	-0.00088072
12.33333336	-0.00086702
12.36666669	-0.00084967
12.40000002	-0.00079463
12.43333336	-0.00082051
12.46666669	-0.00080415
12.50000002	-0.00079556
12.53333336	-0.00078229
12.56666669	-0.00078076
12.60000002	-0.00076835
12.63333336	-0.00074744
12.66666669	-0.00073272
12.70000002	-0.00071403
12.73333336	-0.00070571
12.76666669	-0.00070846
12.80000002	-0.00067207
12.83333335	-0.00067341
12.86666669	-0.00066146
12.90000002	-0.00066227
12.93333335	-0.00064618
12.96666669	-0.00062142
13.00000002	-0.00063091
13.03333335	-0.00060727
13.06666669	-0.00060846
13.10000002	-0.00058442
13.13333335	-0.00059085
13.16666668	-0.00057210
13.20000002	-0.00056778
13.23333335	-0.00056217
13.26666668	-0.00054792
13.30000002	-0.00053133
13.33333335	-0.00051504
13.36666668	-0.00050034
13.40000002	-0.00049256
13.43333335	-0.00047325
13.46666668	-0.00046164
13.50000002	-0.00044901
13.53333335	-0.00042962
13.56666668	-0.00040685
13.60000001	-0.00039935
13.63333335	-0.00037587
13.66666668	-0.00035647
13.70000001	-0.00033956
13.73333335	-0.00032326
13.76666668	-0.00030235
13.80000001	-0.00028696
13.83333335	-0.00026919
13.86666668	-0.00024333
13.90000001	-0.00022798
13.93333334	-0.00020554
13.96666668	-0.00019292
14.00000001	-0.00017346
14.03333334	-0.00015657
14.06666668	-0.00014151
14.10000001	-0.00012497
14.13333334	-0.00011321
14.16666668	-0.00009817
14.20000001	-0.00008881
14.23333334	-0.00007618
14.26666668	-0.00006749
14.30000001	-0.00005746
14.33333334	-0.00005080
14.36666667	-0.00004324
14.40000001	-0.00003618
14.43333334	-0.00003136
14.46666667	-0.00002631
14.50000001	-0.00002231
14.53333334	-0.00001838
14.56666667	-0.00001530
14.60000001	-0.00001226
14.63333334	-0.00000972
14.66666667	-0.00000738
14.70000000	-0.00000544
14.73333334	-0.00000386
14.76666667	-0.00000255
14.80000000	-0.00000149
14.83333334	-0.00000067
14.86666667	-0.00000017
14.90000000	0.00000000
