# Menlo Systems GmbH ScanControl
# Program Version 1.3.3
# Start: -65.00000000 ps, Average over 1000 waveforms. Timestamp: 2020-01-08T19:30:56
# Window type: Tukey, parameters: alpha = 0.2
# User time axis shift: 0 ps
# Frequency [THz]	THz Signal [a.u.]
0.00000000	-39.46555790
0.00732601	-23.47913602
0.01465201	-19.31016285
0.02197802	-20.88071651
0.02930403	-30.54848442
0.03663004	-25.81160467
0.04395604	-19.36789277
0.05128205	-14.12530347
0.05860806	-15.05856105
0.06593407	-15.69375911
0.07326007	-9.87025126
0.08058608	-12.18931611
0.08791209	-18.31734323
0.09523810	-6.59325502
0.10256410	-5.64036994
0.10989011	-11.25433349
0.11721612	-7.18357873
0.12454213	-4.43082001
0.13186813	-8.30418458
0.13919414	-7.58141225
0.14652015	-3.29062063
0.15384616	-3.93463568
0.16117216	-4.39644323
0.16849817	-1.87132491
0.17582418	-2.44913897
0.18315018	-5.64061947
0.19047619	-2.78292697
0.19780220	-0.61597558
0.20512821	-1.23490684
0.21245421	-1.67446578
0.21978022	-0.66938877
0.22710623	-0.81466801
0.23443224	-1.91316658
0.24175824	-1.40930736
0.24908425	-0.18114335
0.25641026	0.00000000
0.26373627	-0.37015288
0.27106227	-0.34503178
0.27838828	-0.67804576
0.28571429	-1.79547617
0.29304030	-1.64780517
0.30036630	-0.49518516
0.30769231	-0.46314224
0.31501832	-0.91807533
0.32234433	-0.63792193
0.32967033	-0.92422389
0.33699634	-2.21314513
0.34432235	-2.31584202
0.35164835	-1.55827195
0.35897436	-1.42628500
0.36630037	-1.39025451
0.37362638	-1.57935443
0.38095238	-2.17985605
0.38827839	-2.46605095
0.39560440	-2.68987545
0.40293041	-2.93538474
0.41025641	-2.70048902
0.41758242	-2.66100048
0.42490843	-3.06585520
0.43223444	-3.54579960
0.43956044	-4.10264445
0.44688645	-4.36315918
0.45421246	-4.25066808
0.46153847	-4.31866888
0.46886447	-4.51829810
0.47619048	-4.72984838
0.48351649	-5.01982479
0.49084250	-5.47238207
0.49816850	-5.98076222
0.50549451	-5.93636636
0.51282052	-5.81757988
0.52014652	-6.29374533
0.52747253	-6.77371809
0.53479854	-7.03618186
0.54212455	-7.45110032
0.54945055	-8.23226015
0.55677656	-9.30177254
0.56410257	-9.05162100
0.57142858	-8.35806313
0.57875458	-8.89840292
0.58608059	-9.39130056
0.59340660	-9.32862963
0.60073261	-9.87084135
0.60805861	-10.14491456
0.61538462	-10.23542870
0.62271063	-10.92677778
0.63003664	-11.21246147
0.63736264	-11.47045209
0.64468865	-12.28257290
0.65201466	-12.68801834
0.65934067	-13.09394655
0.66666667	-13.77097483
0.67399268	-14.16551948
0.68131869	-14.75406128
0.68864469	-15.35620896
0.69597070	-15.85923250
0.70329671	-16.68768650
0.71062272	-17.19105040
0.71794872	-17.59936119
0.72527473	-18.38935725
0.73260074	-18.83302220
0.73992675	-19.42032378
0.74725275	-20.70361117
0.75457876	-21.52028721
0.76190477	-21.57970753
0.76923078	-21.89773752
0.77655678	-22.57407519
0.78388279	-23.26060288
0.79120880	-23.87848335
0.79853481	-24.56992922
0.80586081	-25.31790117
0.81318682	-25.97687034
0.82051283	-26.57184564
0.82783884	-27.15599212
0.83516484	-27.73454449
0.84249085	-28.39113827
0.84981686	-29.02857429
0.85714286	-29.63043884
0.86446887	-30.32728064
0.87179488	-30.94402054
0.87912089	-31.59685494
0.88644689	-32.34546683
0.89377290	-32.96682188
0.90109891	-33.75444933
0.90842492	-34.45689063
0.91575092	-34.96561392
0.92307693	-35.87838086
0.93040294	-36.63647229
0.93772895	-37.11063563
0.94505495	-37.82585695
0.95238096	-38.55215657
0.95970697	-39.46714378
0.96703298	-40.17499532
0.97435898	-40.62604304
0.98168499	-41.89949226
0.98901100	-43.26606186
0.99633700	-43.59340901
1.00366301	-44.13875893
1.01098902	-45.30679897
1.01831503	-46.14174845
1.02564103	-46.63692037
1.03296704	-47.61720253
1.04029305	-48.06413495
1.04761906	-48.55873312
1.05494506	-50.44416016
1.06227107	-51.37506041
1.06959708	-52.17069070
1.07692309	-53.82133076
1.08424909	-53.99779966
1.09157510	-56.21889422
1.09890111	-59.52802585
1.10622712	-56.16970153
1.11355312	-57.61157413
1.12087913	-59.53176577
1.12820514	-57.91575913
1.13553115	-60.10283717
1.14285715	-61.10851852
1.15018316	-59.83390100
1.15750917	-62.53519835
1.16483517	-64.23104454
1.17216118	-61.32518464
1.17948719	-62.73528679
1.18681320	-66.61799996
1.19413920	-64.02253139
1.20146521	-63.52742154
1.20879122	-66.36169021
1.21611723	-68.52623409
1.22344323	-68.89868524
1.23076924	-66.49024428
1.23809525	-65.31956972
1.24542126	-69.71493245
1.25274726	-72.74825897
1.26007327	-72.61834812
1.26739928	-76.42786132
1.27472529	-76.70773527
1.28205129	-77.97881221
1.28937730	-80.91808616
1.29670331	-71.43559127
1.30402932	-76.99286366
1.31135532	-76.50441299
1.31868133	-74.10947229
1.32600734	-76.17946059
1.33333334	-71.19588001
1.34065935	-72.21296595
1.34798536	-74.71833349
1.35531137	-73.34145060
1.36263737	-78.54826395
1.36996338	-74.79150505
1.37728939	-73.13790961
1.38461540	-80.89913982
1.39194140	-73.68379535
1.39926741	-71.84495532
1.40659342	-80.32234229
1.41391943	-76.92459550
1.42124543	-75.44660010
1.42857144	-75.68995564
1.43589745	-75.65206084
1.44322346	-84.88217400
1.45054946	-78.50706322
1.45787547	-73.21929226
1.46520148	-74.25249062
1.47252749	-78.87424318
1.47985349	-84.98926275
1.48717950	-79.81985992
1.49450551	-79.38933044
1.50183151	-79.08176166
1.50915752	-74.20183649
1.51648353	-83.28192066
1.52380954	-75.53178850
1.53113554	-73.79092080
1.53846155	-81.38965975
1.54578756	-88.84232567
1.55311357	-86.12850329
1.56043957	-79.68133681
1.56776558	-75.33291090
1.57509159	-79.27329462
1.58241760	-80.71077701
1.58974360	-72.62163684
1.59706961	-73.91941421
1.60439562	-79.81209340
1.61172163	-80.33700181
1.61904763	-82.90254295
1.62637364	-79.92032796
1.63369965	-77.58252166
1.64102566	-78.12240613
1.64835166	-78.18844740
1.65567767	-76.41618310
1.66300368	-76.87275575
1.67032968	-75.84494025
1.67765569	-72.47510686
1.68498170	-76.05892134
1.69230771	-76.35004378
1.69963371	-75.74291334
1.70695972	-78.89805649
1.71428573	-74.59520907
1.72161174	-78.71224663
1.72893774	-82.55250827
1.73626375	-79.40939145
1.74358976	-79.35690026
1.75091577	-84.91581048
1.75824177	-84.22006086
1.76556778	-82.27436620
1.77289379	-79.64437796
1.78021980	-76.23938112
1.78754580	-80.60663872
1.79487181	-76.72275216
1.80219782	-86.36031684
1.80952383	-76.91493497
1.81684983	-77.80942609
1.82417584	-81.53652508
1.83150185	-78.22202619
1.83882785	-75.00523026
1.84615386	-74.72456594
1.85347987	-88.91727396
1.86080588	-74.53828724
1.86813188	-78.88518148
1.87545789	-80.82602045
1.88278390	-81.03938938
1.89010991	-85.29226884
1.89743591	-95.62014453
1.90476192	-80.22233376
1.91208793	-80.83995076
1.91941394	-78.32907336
1.92673994	-81.20731137
1.93406595	-77.93884096
1.94139196	-76.70101455
1.94871797	-79.61860321
1.95604397	-78.04619562
1.96336998	-74.54434564
1.97069599	-78.00523391
1.97802200	-78.11489269
1.98534800	-76.73008966
1.99267401	-78.07796570
2.00000002	-79.09416237
2.00732602	-82.78279466
2.01465203	-83.85472364
2.02197804	-80.00234575
2.02930405	-87.47949821
2.03663005	-81.82371986
2.04395606	-80.48289465
2.05128207	-89.84194530
2.05860808	-80.99078817
2.06593408	-77.30345852
2.07326009	-79.95048288
2.08058610	-78.62230820
2.08791211	-80.19707112
2.09523811	-86.86290519
2.10256412	-77.99494132
2.10989013	-72.45795229
2.11721614	-74.12102864
2.12454214	-80.80944759
2.13186815	-81.25841621
2.13919416	-74.32774975
2.14652017	-75.25350172
2.15384617	-80.47615040
2.16117218	-83.81650598
2.16849819	-78.10359567
2.17582419	-76.05688134
2.18315020	-80.90713634
2.19047621	-78.82306206
2.19780222	-80.16714262
2.20512822	-82.29593315
2.21245423	-76.31837916
2.21978024	-75.76220192
2.22710625	-81.10743628
2.23443225	-79.39329625
2.24175826	-76.52507640
2.24908427	-78.04849978
2.25641028	-74.67899161
2.26373628	-79.36573468
2.27106229	-80.95834418
2.27838830	-75.65075733
2.28571431	-82.77889946
2.29304031	-83.87530456
2.30036632	-79.23280442
2.30769233	-81.94470312
2.31501834	-75.79948071
2.32234434	-73.14858528
2.32967035	-77.98257592
2.33699636	-84.34672986
2.34432236	-82.04649166
2.35164837	-83.09187643
2.35897438	-86.32296683
2.36630039	-82.34619329
2.37362639	-97.51323165
2.38095240	-78.62418467
2.38827841	-80.89135444
2.39560442	-91.76969111
2.40293042	-80.49841457
2.41025643	-77.59326917
2.41758244	-80.22099274
2.42490845	-92.83747156
2.43223445	-85.96172291
2.43956046	-81.49432423
2.44688647	-75.39130421
2.45421248	-76.87439219
2.46153848	-77.07249332
2.46886449	-79.06092106
2.47619050	-79.50906933
2.48351651	-73.18028010
2.49084251	-77.21182208
2.49816852	-87.90755958
2.50549453	-77.25926318
2.51282053	-76.38937746
2.52014654	-89.82490702
2.52747255	-73.85386468
2.53479856	-72.22097852
2.54212456	-81.13859388
2.54945057	-87.32831151
2.55677658	-86.39460436
2.56410259	-83.59807000
2.57142859	-81.67461178
2.57875460	-93.52294165
2.58608061	-77.94461393
2.59340662	-76.66400970
2.60073262	-78.37957121
2.60805863	-78.94740305
2.61538464	-81.57964722
2.62271065	-97.88946739
2.63003665	-78.25414353
2.63736266	-80.08999642
2.64468867	-87.80747026
2.65201468	-79.27883344
2.65934068	-73.47606575
2.66666669	-74.08268332
2.67399270	-77.83186358
2.68131870	-78.83327683
2.68864471	-87.29466755
2.69597072	-82.21884667
2.70329673	-78.35432144
2.71062273	-77.88936628
2.71794874	-78.78762808
2.72527475	-74.60780314
2.73260076	-76.00483543
2.73992676	-81.28509456
2.74725277	-85.34793790
2.75457878	-84.06509400
2.76190479	-92.52098887
2.76923079	-79.51348151
2.77655680	-79.79477338
2.78388281	-82.04125746
2.79120882	-80.05665742
2.79853482	-79.61964399
2.80586083	-76.91584153
2.81318684	-105.36295573
2.82051285	-78.75818931
2.82783885	-78.23123875
2.83516486	-72.35033491
2.84249087	-73.04481439
2.84981687	-83.21957436
2.85714288	-84.95007917
2.86446889	-87.09031901
2.87179490	-84.09446486
2.87912090	-83.85926099
2.88644691	-88.50384660
2.89377292	-83.26819947
2.90109893	-82.02029491
2.90842493	-75.04024102
2.91575094	-78.47921680
2.92307695	-112.41765430
2.93040296	-82.53053420
2.93772896	-78.36297640
2.94505497	-84.64748341
2.95238098	-79.80324710
2.95970699	-74.91892066
2.96703299	-79.48497149
2.97435900	-85.37166800
2.98168501	-90.22911568
2.98901101	-82.72411800
2.99633702	-86.61743890
3.00366303	-80.29317254
3.01098904	-76.07302582
3.01831504	-81.86347405
3.02564105	-85.39620356
3.03296706	-78.29281713
3.04029307	-73.26372679
3.04761907	-74.74757915
3.05494508	-78.52543261
3.06227109	-72.52219513
3.06959710	-71.59637532
3.07692310	-75.73045828
3.08424911	-75.46887360
3.09157512	-74.61570949
3.09890113	-77.65579788
3.10622713	-81.88256142
3.11355314	-83.95606448
3.12087915	-86.83199704
3.12820516	-91.56274613
3.13553116	-85.78739953
3.14285717	-101.39891117
3.15018318	-79.53177162
3.15750918	-73.25631820
3.16483519	-72.78933603
3.17216120	-76.68623270
3.17948721	-81.58820472
3.18681321	-79.26165364
3.19413922	-80.79154251
3.20146523	-83.55496432
3.20879124	-78.62040108
3.21611724	-83.33309194
3.22344325	-87.27966165
3.23076926	-81.52279989
3.23809527	-74.41338914
3.24542127	-75.80430821
3.25274728	-80.35754210
3.26007329	-86.56851706
3.26739930	-88.25319616
3.27472530	-91.53172562
3.28205131	-80.23546784
3.28937732	-77.63656487
3.29670333	-79.83363671
3.30402933	-80.40737594
3.31135534	-76.73392823
3.31868135	-74.67965038
3.32600735	-78.48354527
3.33333336	-92.73682135
3.34065937	-84.00189142
3.34798538	-85.43887911
3.35531138	-93.62461555
3.36263739	-89.39134755
3.36996340	-85.00527086
3.37728941	-76.10778854
3.38461541	-78.40814899
3.39194142	-89.45568933
3.39926743	-82.75761465
3.40659344	-89.64320959
3.41391944	-80.22844306
3.42124545	-85.50527465
3.42857146	-79.63507006
3.43589747	-81.97768073
3.44322347	-98.20328967
3.45054948	-81.55853083
3.45787549	-78.83439810
3.46520150	-79.28135001
3.47252750	-80.42147212
3.47985351	-78.61488249
3.48717952	-75.32042422
3.49450552	-77.94918124
3.50183153	-80.74125121
3.50915754	-78.23922066
3.51648355	-85.30737922
3.52380955	-90.36291040
3.53113556	-80.00870675
3.53846157	-76.76280487
3.54578758	-84.86190914
3.55311358	-83.99483969
3.56043959	-76.85656096
3.56776560	-73.73719150
3.57509161	-84.14799904
3.58241761	-76.19472234
3.58974362	-74.94509648
3.59706963	-83.50163265
3.60439564	-81.01201908
3.61172164	-76.83143810
3.61904765	-87.80137924
3.62637366	-81.76025123
3.63369967	-86.02490343
3.64102567	-77.68524717
3.64835168	-85.64305590
3.65567769	-75.29038266
3.66300369	-72.69549786
3.67032970	-73.70368932
3.67765571	-80.60194788
3.68498172	-87.59420743
3.69230772	-80.79269055
3.69963373	-75.22105840
3.70695974	-79.04985402
3.71428575	-80.17733881
3.72161175	-75.62934702
3.72893776	-81.02952078
3.73626377	-86.27856974
3.74358978	-83.38505468
3.75091578	-82.58375505
3.75824179	-83.97257022
3.76556780	-82.05941829
3.77289381	-75.79353315
3.78021981	-84.53390950
3.78754582	-83.81435435
3.79487183	-91.86426561
3.80219784	-79.65898874
3.80952384	-76.86443309
3.81684985	-84.93632764
3.82417586	-81.28339024
3.83150186	-78.12966379
3.83882787	-79.69713290
3.84615388	-84.45798161
3.85347989	-87.65721838
3.86080589	-91.72978905
3.86813190	-78.30820636
3.87545791	-78.44195312
3.88278392	-80.89908393
3.89010992	-82.62331223
3.89743593	-95.05835490
3.90476194	-84.65274129
3.91208795	-86.12975751
3.91941395	-84.65518649
3.92673996	-78.32324440
3.93406597	-78.02597428
3.94139198	-77.67426152
3.94871798	-79.20023761
3.95604399	-74.18935329
3.96337000	-78.65000135
3.97069601	-75.55239797
3.97802201	-72.49115581
3.98534802	-78.75630615
3.99267403	-89.58298429
4.00000003	-81.78535935
4.00732604	-82.34266970
4.01465205	-82.16513214
4.02197806	-75.78868139
4.02930406	-78.41988408
4.03663007	-79.87009451
4.04395608	-81.60014217
4.05128209	-85.04808845
4.05860809	-76.82310192
4.06593410	-78.74829603
4.07326011	-84.69906446
4.08058612	-77.55811737
4.08791212	-80.07553613
4.09523813	-88.21591373
4.10256414	-80.29927823
4.10989015	-81.32436668
4.11721615	-85.02159040
4.12454216	-91.38030323
4.13186817	-82.03233058
4.13919418	-78.26477525
4.14652018	-78.56796119
4.15384619	-79.85764905
4.16117220	-80.27700705
4.16849820	-78.48533484
4.17582421	-84.75009168
4.18315022	-82.10120952
4.19047623	-82.87240390
4.19780223	-82.09679161
4.20512824	-89.28143497
4.21245425	-78.99495062
4.21978026	-83.64722907
4.22710626	-85.06388087
4.23443227	-96.45475582
4.24175828	-87.11100648
4.24908429	-90.84575955
4.25641029	-78.67635468
4.26373630	-78.33532607
4.27106231	-89.79765012
4.27838832	-83.90311528
4.28571432	-98.22314298
4.29304033	-78.51248879
4.30036634	-72.58264056
4.30769235	-73.95909584
4.31501835	-83.06890519
4.32234436	-75.45564120
4.32967037	-74.19739975
4.33699637	-74.61360846
4.34432238	-81.58276748
4.35164839	-80.16614222
4.35897440	-80.21154966
4.36630040	-87.50798543
4.37362641	-91.51645397
4.38095242	-87.46150511
4.38827843	-79.17934666
4.39560443	-74.81600028
4.40293044	-76.51509147
4.41025645	-89.06923756
4.41758246	-83.12857737
4.42490846	-80.37435126
4.43223447	-88.82279224
4.43956048	-81.60889066
4.44688649	-79.06620995
4.45421249	-91.31386629
4.46153850	-81.67044958
4.46886451	-82.88917581
4.47619052	-92.05313684
4.48351652	-78.58067895
4.49084253	-77.01743753
4.49816854	-85.62445102
4.50549454	-81.90615328
4.51282055	-78.67210503
4.52014656	-91.50920830
4.52747257	-85.88216941
4.53479857	-87.75160642
4.54212458	-78.14398512
4.54945059	-79.51329792
4.55677660	-88.76191209
4.56410260	-81.83844134
4.57142861	-96.13523675
4.57875462	-79.09397376
4.58608063	-81.21722489
4.59340663	-82.87938168
4.60073264	-77.23175438
4.60805865	-95.32429526
4.61538466	-81.51331177
4.62271066	-97.70790214
4.63003667	-78.51414750
4.63736268	-79.11116986
4.64468869	-89.56434051
4.65201469	-88.63484261
4.65934070	-83.67557820
4.66666671	-89.06974958
4.67399271	-103.04154949
4.68131872	-85.61293381
4.68864473	-81.82483411
4.69597074	-93.66778391
4.70329674	-81.45391829
4.71062275	-80.90833382
4.71794876	-91.44773393
4.72527477	-89.26766753
4.73260077	-87.84762845
4.73992678	-91.41863202
4.74725279	-84.58255948
4.75457880	-78.52902966
4.76190480	-80.10619621
4.76923081	-84.04411349
4.77655682	-88.32749233
4.78388283	-91.68850670
4.79120883	-84.96034722
4.79853484	-86.54228177
4.80586085	-88.79053874
4.81318686	-85.15103001
4.82051286	-84.75100917
4.82783887	-79.93487985
4.83516488	-79.04188567
4.84249088	-82.36545594
4.84981689	-88.40540264
4.85714290	-84.81187236
4.86446891	-86.14286508
4.87179491	-92.57893982
4.87912092	-82.69235445
4.88644693	-86.57208805
4.89377294	-90.62145054
4.90109894	-88.37521942
4.90842495	-106.63700491
4.91575096	-90.04515209
4.92307697	-88.21301069
4.93040297	-93.14011542
4.93772898	-79.61669621
4.94505499	-79.33691788
4.95238100	-86.59072833
4.95970700	-86.73181014
4.96703301	-90.08299172
4.97435902	-83.20554847
4.98168502	-78.11527554
4.98901103	-82.22174189
4.99633704	-83.89212173
5.00366305	-79.55026251
5.01098905	-85.23568151
5.01831506	-80.74800191
5.02564107	-75.88460946
5.03296708	-78.94197067
5.04029308	-92.34052759
5.04761909	-88.34465239
5.05494510	-87.24512680
5.06227111	-86.12217249
5.06959711	-81.40381500
5.07692312	-78.17849294
5.08424913	-82.81994578
5.09157514	-84.13831366
5.09890114	-78.55664265
5.10622715	-77.94445933
5.11355316	-78.27388013
5.12087917	-80.33422113
5.12820517	-88.50114950
5.13553118	-88.13364008
5.14285719	-85.97913837
5.15018319	-81.19711566
5.15750920	-85.16030554
5.16483521	-82.54402416
5.17216122	-86.61395950
5.17948722	-84.40731708
5.18681323	-84.52931955
5.19413924	-90.65197024
5.20146525	-84.19838563
5.20879125	-80.10490013
5.21611726	-80.00592002
5.22344327	-85.08004579
5.23076928	-82.85307236
5.23809528	-79.69556865
5.24542129	-81.58225530
5.25274730	-85.35588301
5.26007331	-82.60211972
5.26739931	-91.66101308
5.27472532	-78.49651080
5.28205133	-77.78399622
5.28937734	-87.11291486
5.29670334	-79.51892785
5.30402935	-90.76179537
5.31135536	-81.27068687
5.31868136	-83.07076659
5.32600737	-85.55935755
5.33333338	-90.49156640
5.34065939	-86.82226265
5.34798539	-83.25743931
5.35531140	-75.85514241
5.36263741	-77.19839671
5.36996342	-89.69358405
5.37728942	-82.75425776
5.38461543	-75.41612046
5.39194144	-75.39073390
5.39926745	-86.44685373
5.40659345	-84.00297796
5.41391946	-87.65719673
5.42124547	-89.46394475
5.42857148	-81.41571137
5.43589748	-76.83439163
5.44322349	-75.97185816
5.45054950	-78.45156592
5.45787551	-83.13244526
5.46520151	-89.02516944
5.47252752	-91.86398550
5.47985353	-82.15421213
5.48717953	-85.09620160
5.49450554	-85.28594723
5.50183155	-83.82188250
5.50915756	-95.57903079
5.51648356	-82.50811077
5.52380957	-79.57419914
5.53113558	-79.36220332
5.53846159	-76.68606726
5.54578759	-78.38108778
5.55311360	-81.07774633
5.56043961	-84.52283072
5.56776562	-82.39332548
5.57509162	-84.70844217
5.58241763	-79.66316502
5.58974364	-75.07800721
5.59706965	-84.31047438
5.60439565	-82.77173720
5.61172166	-80.61776120
5.61904767	-86.01564231
5.62637368	-88.38949764
5.63369968	-82.58445750
5.64102569	-96.70146622
5.64835170	-79.41366251
5.65567770	-76.80384950
5.66300371	-80.69812678
5.67032972	-85.99049740
5.67765573	-78.39499291
5.68498173	-85.27923353
5.69230774	-80.15280900
5.69963375	-78.01649148
5.70695976	-89.24285385
5.71428576	-78.64755691
5.72161177	-74.69071728
5.72893778	-74.82738473
5.73626379	-78.36985032
5.74358979	-85.60009228
5.75091580	-86.10716748
5.75824181	-83.36534148
5.76556782	-81.62566233
5.77289382	-80.90763875
5.78021983	-81.56201447
5.78754584	-73.88314737
5.79487185	-73.61374334
5.80219785	-81.74009120
5.80952386	-78.05867846
5.81684987	-80.46201284
5.82417587	-79.54652622
5.83150188	-80.34154541
5.83882789	-81.16271718
5.84615390	-78.77390900
5.85347990	-79.63400355
5.86080591	-83.33862196
5.86813192	-85.39786136
5.87545793	-87.01257348
5.88278393	-85.84934561
5.89010994	-81.89381875
5.89743595	-79.38037085
5.90476196	-76.76000131
5.91208796	-79.66075341
5.91941397	-88.01818113
5.92673998	-95.89587315
5.93406599	-89.25286844
5.94139199	-84.31180465
5.94871800	-77.54113639
5.95604401	-79.89100452
5.96337002	-106.17798224
5.97069602	-89.06684606
5.97802203	-89.51360684
5.98534804	-80.02988836
5.99267404	-77.09188954
6.00000005	-80.01068476
6.00732606	-88.61564284
6.01465207	-80.82351518
6.02197807	-86.10016958
6.02930408	-90.62569118
6.03663009	-87.16006232
6.04395610	-103.32725868
6.05128210	-82.54061572
6.05860811	-83.24447735
6.06593412	-89.83915335
6.07326013	-84.03881059
6.08058613	-86.13607165
6.08791214	-77.99453949
6.09523815	-80.09702108
6.10256416	-78.40336160
6.10989016	-77.46594267
6.11721617	-81.90087158
6.12454218	-93.18148175
6.13186819	-84.10714998
6.13919419	-82.20639341
6.14652020	-83.61847345
6.15384621	-82.61475472
6.16117221	-79.84898229
6.16849822	-81.61092789
6.17582423	-87.16581399
6.18315024	-83.61452320
6.19047624	-80.34727351
6.19780225	-78.96702597
6.20512826	-75.70583677
6.21245427	-76.33598060
6.21978027	-82.87921771
6.22710628	-92.30540922
6.23443229	-83.89738467
6.24175830	-79.14004405
6.24908430	-80.56651949
6.25641031	-86.48573588
6.26373632	-80.85795583
6.27106233	-81.60077408
6.27838833	-84.63638885
6.28571434	-79.38864498
6.29304035	-74.37602211
6.30036636	-77.23467172
6.30769236	-95.01299601
6.31501837	-80.21070117
6.32234438	-74.34549105
6.32967038	-73.35794412
6.33699639	-79.74483312
6.34432240	-79.12533978
6.35164841	-89.13378321
6.35897441	-81.59881592
6.36630042	-82.11985420
6.37362643	-91.37716501
6.38095244	-81.29502443
6.38827844	-84.83196407
6.39560445	-90.87908500
6.40293046	-87.74232300
6.41025647	-78.60406811
6.41758247	-81.69724894
6.42490848	-104.44158122
6.43223449	-84.85000789
6.43956050	-75.69229582
6.44688650	-76.42074443
6.45421251	-90.42373371
6.46153852	-77.09999058
6.46886453	-85.05443384
6.47619053	-78.28741836
6.48351654	-76.25028214
6.49084255	-84.76434998
6.49816855	-82.08923793
6.50549456	-76.88126791
6.51282057	-80.43441839
6.52014658	-91.31558482
6.52747258	-79.78842189
6.53479859	-74.22370322
6.54212460	-72.89151184
6.54945061	-80.10832446
6.55677661	-81.81562736
6.56410262	-77.84718566
6.57142863	-86.83302217
6.57875464	-82.84457306
6.58608064	-87.66875418
6.59340665	-82.68596684
6.60073266	-83.25117723
6.60805867	-78.09541467
6.61538467	-79.99935366
6.62271068	-92.75311324
6.63003669	-82.76296117
6.63736270	-79.12389211
6.64468870	-82.19013166
6.65201471	-81.45379004
6.65934072	-80.61261330
6.66666672	-78.66429005
6.67399273	-76.23497114
6.68131874	-77.20589632
6.68864475	-82.21325765
6.69597075	-79.67900713
6.70329676	-87.51829313
6.71062277	-78.12568914
6.71794878	-80.91680972
6.72527478	-84.75997789
6.73260079	-80.01922050
6.73992680	-85.54405029
6.74725281	-83.69068051
6.75457881	-89.80778822
6.76190482	-88.43286362
6.76923083	-86.27255651
6.77655684	-94.01822538
6.78388284	-92.21749903
6.79120885	-82.07830704
6.79853486	-82.09635673
6.80586087	-89.31762439
6.81318687	-84.05229621
6.82051288	-78.66502549
6.82783889	-76.40163090
6.83516489	-81.68606054
6.84249090	-87.66996309
6.84981691	-80.78252184
6.85714292	-83.29118663
6.86446892	-82.01639079
6.87179493	-79.67734630
6.87912094	-79.76025538
6.88644695	-82.70895365
6.89377295	-83.39253666
6.90109896	-84.77284018
6.90842497	-84.12982223
6.91575098	-85.91007848
6.92307698	-86.62504599
6.93040299	-88.69835366
6.93772900	-89.18956630
6.94505501	-84.00178159
6.95238101	-81.38551360
6.95970702	-85.95288989
6.96703303	-87.74324101
6.97435903	-81.04802702
6.98168504	-76.97334751
6.98901105	-79.12249007
6.99633706	-82.37810371
7.00366306	-82.88050723
7.01098907	-80.33314304
7.01831508	-76.42641270
7.02564109	-79.35862973
7.03296709	-80.73789571
7.04029310	-77.53761492
7.04761911	-86.56968359
7.05494512	-83.43716262
7.06227112	-84.32722866
7.06959713	-83.89166838
7.07692314	-84.75760542
7.08424915	-79.98455333
7.09157515	-79.72396064
7.09890116	-79.40594128
7.10622717	-84.34530686
7.11355318	-80.38266349
7.12087918	-80.68981480
7.12820519	-91.07442380
7.13553120	-86.27177231
7.14285720	-86.78163688
7.15018321	-87.60841860
7.15750922	-91.57886534
7.16483523	-79.31363223
7.17216123	-77.35593509
7.17948724	-85.10480426
7.18681325	-78.75599466
7.19413926	-96.72205891
7.20146526	-79.39136128
7.20879127	-80.50430115
7.21611728	-89.01450513
7.22344329	-79.17958546
7.23076929	-73.52548357
7.23809530	-77.66798211
7.24542131	-80.73584946
7.25274732	-73.49208435
7.26007332	-78.43282315
7.26739933	-85.40441038
7.27472534	-81.74425348
7.28205135	-85.63841316
7.28937735	-78.66872672
7.29670336	-84.61080129
7.30402937	-81.65629214
7.31135537	-84.32620669
7.31868138	-79.78047228
7.32600739	-76.47371264
7.33333340	-75.38834420
7.34065940	-76.84381280
7.34798541	-97.88415468
7.35531142	-80.97490492
7.36263743	-86.62004416
7.36996343	-85.01806485
7.37728944	-83.02363644
7.38461545	-82.57556352
7.39194146	-85.76402008
7.39926746	-82.08909128
7.40659347	-80.72362803
7.41391948	-81.75153588
7.42124549	-88.77532293
7.42857149	-83.01870863
7.43589750	-80.52446972
7.44322351	-100.72539121
7.45054952	-80.26918481
7.45787552	-75.32897942
7.46520153	-77.17431446
7.47252754	-84.86599587
7.47985354	-87.38223271
7.48717955	-89.39791032
7.49450556	-82.79921893
7.50183157	-83.01339618
7.50915757	-88.64026775
7.51648358	-87.86124936
7.52380959	-86.39111329
7.53113560	-85.27234430
7.53846160	-76.62326292
7.54578761	-77.72040713
7.55311362	-84.66914236
7.56043963	-79.00143751
7.56776563	-85.09657825
7.57509164	-87.71179788
7.58241765	-93.16100710
7.58974366	-79.83599629
7.59706966	-74.64358308
7.60439567	-76.19005832
7.61172168	-82.20140253
7.61904769	-81.66529550
7.62637369	-79.50794444
7.63369970	-79.09183666
7.64102571	-81.03272054
7.64835171	-88.50951586
7.65567772	-89.56180157
7.66300373	-79.30717728
7.67032974	-80.97365792
7.67765574	-83.60915602
7.68498175	-79.64721879
7.69230776	-99.79736532
7.69963377	-81.98788987
7.70695977	-83.19931245
7.71428578	-85.13165526
7.72161179	-83.09962416
7.72893780	-99.73452597
7.73626380	-75.56294510
7.74358981	-74.36297056
7.75091582	-88.73837522
7.75824183	-76.11163230
7.76556783	-80.48053308
7.77289384	-85.56790708
7.78021985	-81.05543912
7.78754586	-87.29246782
7.79487186	-93.50949822
7.80219787	-84.94498470
7.80952388	-79.54146171
7.81684988	-79.83170543
7.82417589	-86.18032318
7.83150190	-87.11370589
7.83882791	-81.21008836
7.84615391	-85.02099342
7.85347992	-79.74478340
7.86080593	-86.26124812
7.86813194	-79.68185493
7.87545794	-79.21338612
7.88278395	-85.89124724
7.89010996	-83.70187103
7.89743597	-86.71190286
7.90476197	-84.56824264
7.91208798	-83.61224910
7.91941399	-88.00717926
7.92674000	-87.01313522
7.93406600	-85.17653304
7.94139201	-89.98635757
7.94871802	-88.98679547
7.95604403	-93.91875290
7.96337003	-87.97704693
7.97069604	-86.66839100
7.97802205	-76.91436599
7.98534805	-75.24691800
7.99267406	-84.51624769
8.00000007	-83.32954618
8.00732608	-82.43926349
8.01465208	-86.33638052
8.02197809	-81.92816025
8.02930410	-80.25265164
8.03663011	-87.20982358
8.04395611	-88.38903405
8.05128212	-81.14839598
8.05860813	-81.16509499
8.06593414	-78.59787992
8.07326014	-78.37576534
8.08058615	-86.03153926
8.08791216	-83.39605581
8.09523817	-92.98797086
8.10256417	-85.73928351
8.10989018	-83.78661325
8.11721619	-83.05716842
8.12454220	-89.15566245
8.13186820	-88.73500870
8.13919421	-84.97649601
8.14652022	-93.82966698
8.15384622	-88.75950283
8.16117223	-91.28238794
8.16849824	-92.65865983
8.17582425	-83.83242293
8.18315025	-81.47558939
8.19047626	-86.22189804
8.19780227	-99.15861023
8.20512828	-87.46503469
8.21245428	-80.51089262
8.21978029	-80.30210393
8.22710630	-80.22954984
8.23443231	-82.93846535
8.24175831	-90.29281310
8.24908432	-84.54053761
8.25641033	-85.96874701
8.26373634	-76.42695088
8.27106234	-76.22170627
8.27838835	-75.81799595
8.28571436	-77.11606847
8.29304037	-80.85971907
8.30036637	-84.92127302
8.30769238	-89.19037818
8.31501839	-85.10748117
8.32234439	-78.78909425
8.32967040	-80.79203317
8.33699641	-89.11768591
8.34432242	-98.94393333
8.35164842	-87.73344670
8.35897443	-82.79385576
8.36630044	-81.49619024
8.37362645	-84.03684810
8.38095245	-79.57698768
8.38827846	-80.88054117
8.39560447	-80.36015718
8.40293048	-75.94577477
8.41025648	-80.32935730
8.41758249	-89.55842080
8.42490850	-92.45592993
8.43223451	-82.35281588
8.43956051	-90.26435052
8.44688652	-75.87239214
8.45421253	-74.88815678
8.46153854	-83.55473795
8.46886454	-80.72322564
8.47619055	-79.08829669
8.48351656	-83.32512212
8.49084256	-80.77406634
8.49816857	-81.01713135
8.50549458	-102.50863067
8.51282059	-81.12525419
8.52014659	-79.55141294
8.52747260	-84.78181724
8.53479861	-77.33148213
8.54212462	-75.94637793
8.54945062	-76.96569212
8.55677663	-78.72822251
8.56410264	-86.54678867
8.57142865	-83.02260559
8.57875465	-77.24191397
8.58608066	-82.86714653
8.59340667	-82.41445096
8.60073268	-83.12153374
8.60805868	-80.93657782
8.61538469	-77.70173370
8.62271070	-83.37166341
8.63003671	-88.24161404
8.63736271	-81.26797724
8.64468872	-75.50566491
8.65201473	-78.34584803
8.65934073	-90.28249503
8.66666674	-79.76627492
8.67399275	-75.84614886
8.68131876	-78.16680497
8.68864476	-82.08688804
8.69597077	-81.51380404
8.70329678	-86.71778733
8.71062279	-98.09737659
8.71794879	-90.34186334
8.72527480	-79.08535894
8.73260081	-73.98546661
8.73992682	-75.82568202
8.74725282	-91.54530375
8.75457883	-85.86388007
8.76190484	-92.76621633
8.76923085	-90.83816040
8.77655685	-88.79192553
8.78388286	-84.49682608
8.79120887	-79.31219936
8.79853488	-78.81019833
8.80586088	-81.05620467
8.81318689	-76.03680879
8.82051290	-87.81676962
8.82783890	-76.60583982
8.83516491	-74.02203917
8.84249092	-77.01582601
8.84981693	-79.47814017
8.85714293	-79.08154767
8.86446894	-79.21911319
8.87179495	-82.18988718
8.87912096	-81.73159813
8.88644696	-77.81525464
8.89377297	-78.99197688
8.90109898	-76.79537362
8.90842499	-79.29164893
8.91575099	-84.04647709
8.92307700	-80.84136515
8.93040301	-79.09188528
8.93772902	-81.25322439
8.94505502	-81.73465857
8.95238103	-76.12890204
8.95970704	-73.25792507
8.96703304	-75.96141374
8.97435905	-90.80933517
8.98168506	-84.78337694
8.98901107	-80.58393632
8.99633707	-78.75806534
9.00366308	-79.06006520
9.01098909	-91.43957128
9.01831510	-78.55129935
9.02564110	-77.94241561
9.03296711	-86.60274588
9.04029312	-94.34226523
9.04761913	-83.12756241
9.05494513	-82.68169892
9.06227114	-95.62232626
9.06959715	-82.30388090
9.07692316	-81.59542671
9.08424916	-77.99132617
9.09157517	-75.54639694
9.09890118	-80.81475433
9.10622719	-95.77861072
9.11355319	-82.03832731
9.12087920	-77.67297462
9.12820521	-83.41304408
9.13553121	-76.78633658
9.14285722	-77.10919356
9.15018323	-91.04887687
9.15750924	-83.49601925
9.16483524	-88.81744834
9.17216125	-81.15284159
9.17948726	-88.88351513
9.18681327	-95.36190086
9.19413927	-84.32579032
9.20146528	-86.49735198
9.20879129	-81.01785385
9.21611730	-76.54061871
9.22344330	-86.31510877
9.23076931	-77.63877694
9.23809532	-76.15537184
9.24542133	-80.12915735
9.25274733	-88.07274158
9.26007334	-94.71315191
9.26739935	-84.31335215
9.27472536	-79.56068931
9.28205136	-77.32325298
9.28937737	-80.08799583
9.29670338	-78.20640989
9.30402938	-76.84371090
9.31135539	-82.24386463
9.31868140	-74.89210823
9.32600741	-77.03574864
9.33333341	-80.92211344
9.34065942	-79.42335759
9.34798543	-79.79536293
9.35531144	-86.34760073
9.36263744	-79.82393171
9.36996345	-75.20795809
9.37728946	-77.80821181
9.38461547	-78.57993770
9.39194147	-82.85930480
9.39926748	-87.79311865
9.40659349	-80.10995633
9.41391950	-79.19162078
9.42124550	-89.03922474
9.42857151	-76.55718057
9.43589752	-76.58725316
9.44322353	-83.92286582
9.45054953	-81.31667439
9.45787554	-81.87282563
9.46520155	-78.28526441
9.47252755	-85.14995714
9.47985356	-79.64992682
9.48717957	-80.74811042
9.49450558	-88.33027376
9.50183158	-81.41309805
9.50915759	-84.74591266
9.51648360	-82.24553040
9.52380961	-92.53921481
9.53113561	-79.12512700
9.53846162	-85.54580770
9.54578763	-82.31748946
9.55311364	-79.41308786
9.56043964	-81.69483623
9.56776565	-91.03302716
9.57509166	-79.73687686
9.58241767	-75.81611873
9.58974367	-80.94373140
9.59706968	-90.36691896
9.60439569	-88.41930084
9.61172170	-85.28068778
9.61904770	-79.31890621
9.62637371	-79.86571398
9.63369972	-81.09460352
9.64102572	-83.39194857
9.64835173	-93.17283123
9.65567774	-86.49802255
9.66300375	-86.18192074
9.67032975	-80.28449041
9.67765576	-80.84706651
9.68498177	-83.08221450
9.69230778	-83.43038668
9.69963378	-98.30567695
9.70695979	-79.71604011
9.71428580	-77.23803882
9.72161181	-87.12730920
9.72893781	-84.14445520
9.73626382	-93.63269228
9.74358983	-84.39504464
9.75091584	-86.64491334
9.75824184	-82.10443253
9.76556785	-76.88292259
9.77289386	-77.44679680
9.78021987	-81.17402865
9.78754587	-90.43438625
9.79487188	-100.44577201
9.80219789	-91.11594749
9.80952389	-102.24440216
9.81684990	-81.89602340
9.82417591	-79.36304640
9.83150192	-85.22215687
9.83882792	-79.23845456
9.84615393	-84.99839818
9.85347994	-74.35905848
9.86080595	-75.22470147
9.86813195	-91.00713787
9.87545796	-88.71169532
9.88278397	-86.27533096
9.89010998	-86.12036686
9.89743598	-84.83205417
9.90476199	-86.03059383
9.91208800	-83.89348122
9.91941401	-83.38680023
9.92674001	-81.76042573
9.93406602	-78.54992033
9.94139203	-77.83028098
9.94871804	-78.64676947
9.95604404	-83.62232274
9.96337005	-85.67922597
9.97069606	-83.86063703
9.97802206	-78.37940735
9.98534807	-80.87377122
9.99267408	-79.52055043
10.00000009	-81.72596560
10.00732609	-81.07702540
10.01465210	-81.43774405
10.02197811	-85.54535018
10.02930412	-79.34499323
10.03663012	-89.19348957
10.04395613	-88.74186742
10.05128214	-88.30155616
10.05860815	-87.35884711
10.06593415	-96.09417882
10.07326016	-90.12619464
10.08058617	-84.34497597
10.08791218	-87.14175162
10.09523818	-81.91333117
10.10256419	-82.63836534
10.10989020	-86.46708040
10.11721621	-81.25938170
10.12454221	-82.21174818
10.13186822	-90.19188058
10.13919423	-78.35558106
10.14652023	-78.58681452
10.15384624	-95.26570010
10.16117225	-81.37850548
10.16849826	-87.40363626
10.17582426	-81.73557043
10.18315027	-79.52528027
10.19047628	-84.35552021
10.19780229	-88.90983416
10.20512829	-95.44829009
10.21245430	-85.35666257
10.21978031	-80.51239311
10.22710632	-84.60442669
10.23443232	-84.00661553
10.24175833	-82.39775387
10.24908434	-86.55894194
10.25641035	-83.96875962
10.26373635	-83.22344566
10.27106236	-87.77384080
10.27838837	-95.52921985
10.28571438	-83.50512760
10.29304038	-78.50083282
10.30036639	-82.64638075
10.30769240	-82.87763071
10.31501840	-81.80792452
10.32234441	-84.47047808
10.32967042	-82.45786981
10.33699643	-83.51504539
10.34432243	-94.97263622
10.35164844	-83.28707165
10.35897445	-87.93088357
10.36630046	-86.80342537
10.37362646	-83.67082984
10.38095247	-94.82748756
10.38827848	-77.84341730
10.39560449	-78.68298658
10.40293049	-90.73310035
10.41025650	-90.10797253
10.41758251	-79.26202666
10.42490852	-76.70658899
10.43223452	-80.94965633
10.43956053	-85.86690626
10.44688654	-90.83783026
10.45421255	-83.97030220
10.46153855	-77.63314672
10.46886456	-79.76835569
10.47619057	-83.53045698
10.48351657	-84.89840895
10.49084258	-86.54126553
10.49816859	-79.02401388
10.50549460	-81.97438171
10.51282060	-92.55143093
10.52014661	-81.95763573
10.52747262	-83.04668551
10.53479863	-78.45994346
10.54212463	-76.38655957
10.54945064	-80.23585348
10.55677665	-91.98249417
10.56410266	-85.16725901
10.57142866	-82.60145263
10.57875467	-87.03222848
10.58608068	-78.44839868
10.59340669	-80.20435596
10.60073269	-78.38007882
10.60805870	-83.11111308
10.61538471	-80.91923873
10.62271072	-76.46730349
10.63003672	-79.62120161
10.63736273	-83.31342807
10.64468874	-82.60977716
10.65201474	-89.39224742
10.65934075	-86.17165188
10.66666676	-79.09031291
10.67399277	-79.10053740
10.68131877	-82.61954661
10.68864478	-86.57683770
10.69597079	-86.43686863
10.70329680	-89.21636004
10.71062280	-80.90454505
10.71794881	-86.67816260
10.72527482	-86.49128931
10.73260083	-84.43793387
10.73992683	-76.18882991
10.74725284	-76.96029468
10.75457885	-90.07846100
10.76190486	-82.03307852
10.76923086	-88.82153249
10.77655687	-82.38886443
10.78388288	-82.38630076
10.79120889	-80.47492733
10.79853489	-79.13873422
10.80586090	-81.23130824
10.81318691	-76.53447838
10.82051291	-78.49802207
10.82783892	-84.79972995
10.83516493	-84.80354620
10.84249094	-85.74785314
10.84981694	-85.00841873
10.85714295	-79.46655264
10.86446896	-80.08858275
10.87179497	-77.37375374
10.87912097	-82.93196759
10.88644698	-90.09501302
10.89377299	-89.03085398
10.90109900	-80.98038653
10.90842500	-79.63440988
10.91575101	-76.94272173
10.92307702	-75.26368022
10.93040303	-78.81249254
10.93772903	-88.19905153
10.94505504	-88.03395762
10.95238105	-82.42274791
10.95970705	-84.02421959
10.96703306	-83.92577598
10.97435907	-85.37664958
10.98168508	-103.08434157
10.98901108	-82.33500269
10.99633709	-78.12931122
11.00366310	-82.67339374
11.01098911	-85.26989416
11.01831511	-78.69086784
11.02564112	-94.35661310
11.03296713	-77.90047630
11.04029314	-77.97456619
11.04761914	-89.23309960
11.05494515	-77.36299509
11.06227116	-76.71069213
11.06959717	-82.13479447
11.07692317	-82.52707167
11.08424918	-89.73269347
11.09157519	-78.10634139
11.09890120	-77.69794322
11.10622720	-86.63783791
11.11355321	-76.70060464
11.12087922	-83.45013440
11.12820522	-85.75807229
11.13553123	-85.61633407
11.14285724	-83.22878249
11.15018325	-82.43298520
11.15750925	-79.66414780
11.16483526	-81.86368694
11.17216127	-90.83739448
11.17948728	-82.66454706
11.18681328	-85.69498167
11.19413929	-88.61594327
11.20146530	-81.68033598
11.20879131	-81.56820887
11.21611731	-80.20268591
11.22344332	-76.44313680
11.23076933	-85.79103113
11.23809534	-80.70027275
11.24542134	-81.97813696
11.25274735	-85.10002173
11.26007336	-86.56131085
11.26739937	-91.28294445
11.27472537	-83.61123352
11.28205138	-89.11751592
11.28937739	-96.09419908
11.29670339	-86.16164723
11.30402940	-88.94103775
11.31135541	-84.29175081
11.31868142	-80.08486483
11.32600742	-94.21667432
11.33333343	-79.70621174
11.34065944	-88.79204916
11.34798545	-80.70289130
11.35531145	-82.03398336
11.36263746	-86.99767613
11.36996347	-84.67299289
11.37728948	-93.94496624
11.38461548	-100.74491453
11.39194149	-93.29144982
11.39926750	-85.54974770
11.40659351	-77.64108234
11.41391951	-76.85115764
11.42124552	-82.45716525
11.42857153	-80.78852634
11.43589754	-78.83496634
11.44322354	-84.07069992
11.45054955	-91.92622819
11.45787556	-86.67247155
11.46520156	-83.95992674
11.47252757	-84.40860670
11.47985358	-81.51091415
11.48717959	-77.47463094
11.49450559	-78.27333921
11.50183160	-83.58885036
11.50915761	-85.59138655
11.51648362	-78.94201635
11.52380962	-76.32084338
11.53113563	-83.57267475
11.53846164	-85.97767379
11.54578765	-84.33463455
11.55311365	-76.70334578
11.56043966	-74.43931818
11.56776567	-81.62155139
11.57509168	-91.77512353
11.58241768	-88.71517089
11.58974369	-84.64893069
11.59706970	-87.41298383
11.60439571	-89.85239762
11.61172171	-89.63130432
11.61904772	-83.87718771
11.62637373	-83.76673460
11.63369973	-80.69063241
11.64102574	-84.03101441
11.64835175	-95.54926728
11.65567776	-82.89187663
11.66300376	-82.77991871
11.67032977	-89.07192842
11.67765578	-82.18761306
11.68498179	-82.63086428
11.69230779	-90.00292023
11.69963380	-84.13373933
11.70695981	-79.55846280
11.71428582	-81.96963555
11.72161182	-90.77911640
11.72893783	-84.50705147
11.73626384	-93.83642745
11.74358985	-84.13744321
11.75091585	-81.92697722
11.75824186	-80.48491293
11.76556787	-80.09736157
11.77289388	-83.12780761
11.78021988	-84.92297676
11.78754589	-80.58336978
11.79487190	-89.10821871
11.80219790	-78.44634637
11.80952391	-82.87644722
11.81684992	-83.52789198
11.82417593	-82.42272735
11.83150193	-85.26101443
11.83882794	-83.71455770
11.84615395	-83.94700568
11.85347996	-80.70912024
11.86080596	-82.48738468
11.86813197	-84.36800432
11.87545798	-80.85375225
11.88278399	-82.35623440
11.89010999	-97.74128720
11.89743600	-108.03562819
11.90476201	-90.54533253
11.91208802	-97.55135802
11.91941402	-87.78869696
11.92674003	-84.13939295
11.93406604	-83.36596058
11.94139205	-96.10845255
11.94871805	-89.42888340
11.95604406	-106.01566667
11.96337007	-87.50254980
11.97069607	-86.61333466
11.97802208	-84.59399174
11.98534809	-84.60673438
11.99267410	-86.21386918
12.00000010	-83.31220823
12.00732611	-77.24124594
12.01465212	-80.91079440
12.02197813	-83.38793893
12.02930413	-98.96522381
12.03663014	-84.64427257
12.04395615	-92.78309469
12.05128216	-84.28764555
12.05860816	-83.58944438
12.06593417	-79.77834486
12.07326018	-80.62542077
12.08058619	-87.71278965
12.08791219	-89.69434971
12.09523820	-88.37112552
12.10256421	-80.61331655
12.10989022	-75.93830592
12.11721622	-77.32705444
12.12454223	-94.21791748
12.13186824	-82.71340928
12.13919424	-83.20474047
12.14652025	-83.09670022
12.15384626	-79.37385226
12.16117227	-83.06918746
12.16849827	-88.93139663
12.17582428	-83.35223074
12.18315029	-79.78875419
12.19047630	-75.20754016
12.19780230	-79.85025680
12.20512831	-97.33808063
12.21245432	-87.24325416
12.21978033	-79.88701000
12.22710633	-84.59793363
12.23443234	-84.61482260
12.24175835	-88.05851206
12.24908436	-81.94321043
12.25641036	-79.70472474
12.26373637	-89.11119275
12.27106238	-81.99643864
12.27838839	-89.23896618
12.28571439	-81.77847730
12.29304040	-88.13038179
12.30036641	-86.61990679
12.30769241	-90.76352665
12.31501842	-84.09117487
12.32234443	-86.35562960
12.32967044	-75.51759258
12.33699644	-73.16248521
12.34432245	-83.37124702
12.35164846	-77.84610048
12.35897447	-77.80634185
12.36630047	-86.79279439
12.37362648	-77.84092450
12.38095249	-87.32164166
12.38827850	-80.62999038
12.39560450	-77.25294823
12.40293051	-80.90321611
12.41025652	-82.34611678
12.41758253	-80.30858424
12.42490853	-83.41807850
12.43223454	-81.10081340
12.43956055	-81.24353217
12.44688656	-81.03175315
12.45421256	-80.84953865
12.46153857	-80.55778155
12.46886458	-81.26592672
12.47619058	-88.32516743
12.48351659	-79.53403350
12.49084260	-80.87180278
12.49816861	-93.26566620
12.50549461	-86.78582741
12.51282062	-90.69301130
12.52014663	-88.18266918
12.52747264	-88.66912908
12.53479864	-82.75845090
12.54212465	-82.02833953
12.54945066	-85.94379782
12.55677667	-87.42162835
12.56410267	-82.03778352
12.57142868	-87.86584357
12.57875469	-85.18206783
12.58608070	-79.71064478
12.59340670	-87.05960966
12.60073271	-85.33366243
12.60805872	-80.12331182
12.61538473	-78.60870391
12.62271073	-80.66588323
12.63003674	-81.53066460
12.63736275	-76.24027658
12.64468875	-80.02079784
12.65201476	-93.12346654
12.65934077	-84.46677653
12.66666678	-95.08711501
12.67399278	-83.28515246
12.68131879	-104.27439390
12.68864480	-80.18624295
12.69597081	-83.68534211
12.70329681	-86.63759695
12.71062282	-80.85290038
12.71794883	-83.27984235
12.72527484	-83.82881857
12.73260084	-83.26516389
12.73992685	-88.28665630
12.74725286	-88.67686243
12.75457887	-82.70285193
12.76190487	-82.01590078
12.76923088	-78.57483555
12.77655689	-76.86698975
12.78388290	-78.07300718
12.79120890	-76.82457017
12.79853491	-77.24158447
12.80586092	-81.24514567
12.81318692	-103.35210871
12.82051293	-82.29439447
12.82783894	-86.22403750
12.83516495	-86.38841861
12.84249095	-83.52589188
12.84981696	-79.21344361
12.85714297	-80.79610478
12.86446898	-86.71980524
12.87179498	-79.19265491
12.87912099	-90.77002291
12.88644700	-94.53469399
12.89377301	-82.18067080
12.90109901	-75.44841109
12.90842502	-79.19060507
12.91575103	-90.75401649
12.92307704	-80.69178079
12.93040304	-81.48792770
12.93772905	-83.48044934
12.94505506	-90.07050526
12.95238106	-83.34820679
12.95970707	-78.73929467
12.96703308	-82.48941865
12.97435909	-82.90032647
12.98168509	-89.24264115
12.98901110	-81.59238820
12.99633711	-81.60413136
13.00366312	-93.86111604
13.01098912	-82.68884426
13.01831513	-90.22870374
13.02564114	-92.98113440
13.03296715	-83.49346868
13.04029315	-79.34466539
13.04761916	-80.97243333
13.05494517	-84.46288814
13.06227118	-85.95783928
13.06959718	-86.09377055
13.07692319	-85.89165487
13.08424920	-91.34151367
13.09157521	-96.43470993
13.09890121	-89.15385922
13.10622722	-81.17171157
13.11355323	-81.19355315
13.12087923	-84.38440821
13.12820524	-85.25697064
13.13553125	-84.62816627
13.14285726	-78.78540728
13.15018326	-78.49990397
13.15750927	-81.77463469
13.16483528	-98.40590276
13.17216129	-84.54241650
13.17948729	-81.99968943
13.18681330	-85.65112787
13.19413931	-91.22724795
13.20146532	-86.26916645
13.20879132	-89.01820375
13.21611733	-81.41931490
13.22344334	-75.28248339
13.23076935	-79.11624312
13.23809535	-86.63941873
13.24542136	-79.93903135
13.25274737	-81.55481022
13.26007338	-81.56173054
13.26739938	-91.13898357
13.27472539	-92.89254640
13.28205140	-81.88620711
13.28937740	-78.19911828
13.29670341	-86.09647952
13.30402942	-76.14955370
13.31135543	-81.21798809
13.31868143	-83.48066280
13.32600744	-79.31480464
13.33333345	-77.13711712
13.34065946	-79.49243610
13.34798546	-87.74548272
13.35531147	-78.02723752
13.36263748	-85.90295409
13.36996349	-82.61660160
13.37728949	-79.39828514
13.38461550	-86.85119290
13.39194151	-85.05737700
13.39926752	-78.60095654
13.40659352	-81.42888496
13.41391953	-87.52347990
13.42124554	-82.72754843
13.42857155	-78.39302236
13.43589755	-79.95797161
13.44322356	-81.58962444
13.45054957	-82.39322595
13.45787557	-94.36471872
13.46520158	-92.21559522
13.47252759	-85.97671352
13.47985360	-84.21507226
13.48717960	-79.58557889
13.49450561	-78.15948417
13.50183162	-80.23389393
13.50915763	-81.89627405
13.51648363	-80.33535302
13.52380964	-78.69012633
13.53113565	-80.25168872
13.53846166	-91.45573100
13.54578766	-83.38970918
13.55311367	-80.24056024
13.56043968	-87.33084734
13.56776569	-81.46426702
13.57509169	-87.58024050
13.58241770	-82.07825109
13.58974371	-88.79831137
13.59706972	-82.28840304
13.60439572	-83.33715590
13.61172173	-85.60482548
13.61904774	-81.34634733
13.62637374	-84.93648750
13.63369975	-83.38879259
13.64102576	-83.55769847
13.64835177	-82.67888586
13.65567777	-87.67670780
13.66300378	-84.45729037
13.67032979	-77.51355166
13.67765580	-77.40689041
13.68498180	-85.37606213
13.69230781	-79.00541967
13.69963382	-79.75371630
13.70695983	-83.37651849
13.71428583	-80.33318835
13.72161184	-86.03629425
13.72893785	-90.45897293
13.73626386	-86.65364788
13.74358986	-83.33546313
13.75091587	-81.19893866
13.75824188	-82.77402316
13.76556789	-92.26846855
13.77289389	-79.81223677
13.78021990	-81.01724110
13.78754591	-89.97247749
13.79487191	-81.61522030
13.80219792	-80.90916743
13.80952393	-76.80897605
13.81684994	-77.36106515
13.82417594	-83.32217855
13.83150195	-88.15270962
13.83882796	-84.80761950
13.84615397	-90.59471713
13.85347997	-88.52384196
13.86080598	-85.65817031
13.86813199	-86.96771082
13.87545800	-95.83207208
13.88278400	-83.02101559
13.89011001	-85.57979664
13.89743602	-80.05084372
13.90476203	-77.97684181
13.91208803	-82.51241877
13.91941404	-85.69937393
13.92674005	-90.41798463
13.93406606	-80.18671816
13.94139206	-81.78563015
13.94871807	-94.78257810
13.95604408	-84.99639825
13.96337008	-78.21139632
13.97069609	-76.73028764
13.97802210	-78.87794038
13.98534811	-84.60734335
13.99267411	-96.44356942
14.00000012	-94.61283194
14.00732613	-87.56153808
14.01465214	-87.72471191
14.02197814	-84.98065858
14.02930415	-81.04679484
14.03663016	-83.26360778
14.04395617	-80.93338326
14.05128217	-81.22956384
14.05860818	-81.21060705
14.06593419	-82.66136642
14.07326020	-89.41270786
14.08058620	-79.78906908
14.08791221	-82.48519317
14.09523822	-101.03719157
14.10256423	-88.24551934
14.10989023	-89.80203377
14.11721624	-86.93011210
14.12454225	-79.65497784
14.13186825	-76.47265592
14.13919426	-78.87955914
14.14652027	-80.47299334
14.15384628	-77.79084203
14.16117228	-81.06024490
14.16849829	-79.71776327
14.17582430	-80.77802970
14.18315031	-86.34316831
14.19047631	-88.18851923
14.19780232	-86.57405789
14.20512833	-88.88405375
14.21245434	-88.57085413
14.21978034	-82.35746679
14.22710635	-84.89958289
14.23443236	-91.09839816
14.24175837	-83.57665660
14.24908437	-92.36577042
14.25641038	-82.34144159
14.26373639	-79.54973985
14.27106240	-86.03672523
14.27838840	-83.76199855
14.28571441	-87.72550622
14.29304042	-84.95988571
14.30036642	-81.98333583
14.30769243	-90.10867123
14.31501844	-87.06543271
14.32234445	-80.73843841
14.32967045	-79.73969619
14.33699646	-86.82464951
14.34432247	-85.10338170
14.35164848	-86.76407698
14.35897448	-83.12039537
14.36630049	-84.75497378
14.37362650	-78.98216927
14.38095251	-78.06488468
14.38827851	-83.12368228
14.39560452	-87.85976311
14.40293053	-84.48540417
14.41025654	-81.75801216
14.41758254	-83.98634399
14.42490855	-90.04193864
14.43223456	-84.07561906
14.43956057	-85.50968720
14.44688657	-89.92314645
14.45421258	-95.85111765
14.46153859	-91.58859816
14.46886459	-98.36271878
14.47619060	-102.78875615
14.48351661	-89.56548282
14.49084262	-84.73698408
14.49816862	-88.66017364
14.50549463	-85.10507560
14.51282064	-77.54473873
14.52014665	-79.08659448
14.52747265	-85.28440301
14.53479866	-79.92425742
14.54212467	-89.82409024
14.54945068	-79.13446388
14.55677668	-77.14389603
14.56410269	-82.89218730
14.57142870	-84.47937004
14.57875471	-90.53809691
14.58608071	-79.05207161
14.59340672	-79.94649267
14.60073273	-81.13621194
14.60805874	-92.17157479
14.61538474	-80.31288363
14.62271075	-79.94211148
14.63003676	-87.80792161
14.63736276	-78.06505704
14.64468877	-76.53790603
14.65201478	-77.08753378
14.65934079	-82.75665337
14.66666679	-86.88370993
14.67399280	-85.97054214
14.68131881	-85.98804800
14.68864482	-81.40321132
14.69597082	-80.10730616
14.70329683	-81.86746221
14.71062284	-75.07242334
14.71794885	-81.26835967
14.72527485	-79.67085487
14.73260086	-76.31706263
14.73992687	-84.67803704
14.74725288	-86.46514550
14.75457888	-82.39447829
14.76190489	-80.93867043
14.76923090	-81.96005824
14.77655691	-84.25413911
14.78388291	-86.67530566
14.79120892	-86.11097983
14.79853493	-87.65551933
14.80586093	-81.58695807
14.81318694	-80.85883154
14.82051295	-77.38984612
14.82783896	-87.55666774
14.83516496	-80.40510569
14.84249097	-79.73053761
14.84981698	-87.85508316
14.85714299	-88.74620705
14.86446899	-93.45538031
14.87179500	-86.58098898
14.87912101	-81.00915394
14.88644702	-80.58319821
14.89377302	-83.29955234
14.90109903	-90.27242397
14.90842504	-78.46957356
14.91575105	-77.52916268
14.92307705	-87.19768706
14.93040306	-80.73976490
14.93772907	-80.00583643
14.94505507	-78.61560494
14.95238108	-76.04625597
14.95970709	-78.62886039
14.96703310	-82.38262382
14.97435910	-81.45274194
14.98168511	-83.68164240
14.98901112	-82.00735717
14.99633713	-80.43741808
