# Menlo Systems GmbH ScanControl
# Program Version 1.3.3
# Start: -65.00000000 ps, Average over 1000 waveforms. Timestamp: 2020-01-08T19:52:24
# Time [ps]	THz Signal [a.u.]
-65.06666594	0.00000000
-65.03333261	0.00000003
-64.99999927	0.00000009
-64.96666594	0.00000017
-64.93333261	0.00000031
-64.89999927	0.00000037
-64.86666594	0.00000051
-64.83333261	0.00000081
-64.79999928	0.00000083
-64.76666594	0.00000071
-64.73333261	0.00000095
-64.69999928	0.00000103
-64.66666594	0.00000045
-64.63333261	0.00000036
-64.59999928	0.00000016
-64.56666594	-0.00000017
-64.53333261	-0.00000015
-64.49999928	-0.00000076
-64.46666595	-0.00000208
-64.43333261	-0.00000250
-64.39999928	-0.00000410
-64.36666595	-0.00000770
-64.33333261	-0.00000482
-64.29999928	-0.00000786
-64.26666595	-0.00001084
-64.23333261	-0.00001494
-64.19999928	-0.00001342
-64.16666595	-0.00001710
-64.13333262	-0.00001652
-64.09999928	-0.00002120
-64.06666595	-0.00002820
-64.03333262	-0.00003156
-63.99999928	-0.00003340
-63.96666595	-0.00003544
-63.93333262	-0.00004145
-63.89999928	-0.00004805
-63.86666595	-0.00005267
-63.83333262	-0.00006099
-63.79999928	-0.00006288
-63.76666595	-0.00006868
-63.73333262	-0.00007643
-63.69999929	-0.00007846
-63.66666595	-0.00009050
-63.63333262	-0.00008234
-63.59999929	-0.00010099
-63.56666595	-0.00010093
-63.53333262	-0.00011081
-63.49999929	-0.00012451
-63.46666595	-0.00013460
-63.43333262	-0.00013820
-63.39999929	-0.00014823
-63.36666596	-0.00014828
-63.33333262	-0.00015534
-63.29999929	-0.00015877
-63.26666596	-0.00018495
-63.23333262	-0.00017694
-63.19999929	-0.00018549
-63.16666596	-0.00019336
-63.13333262	-0.00018696
-63.09999929	-0.00018894
-63.06666596	-0.00019697
-63.03333263	-0.00018782
-62.99999929	-0.00020648
-62.96666596	-0.00019560
-62.93333263	-0.00020491
-62.89999929	-0.00021320
-62.86666596	-0.00019426
-62.83333263	-0.00018805
-62.79999929	-0.00020416
-62.76666596	-0.00018742
-62.73333263	-0.00018900
-62.69999929	-0.00017948
-62.66666596	-0.00016292
-62.63333263	-0.00015060
-62.59999930	-0.00014670
-62.56666596	-0.00011837
-62.53333263	-0.00010538
-62.49999930	-0.00010740
-62.46666596	-0.00008921
-62.43333263	-0.00006873
-62.39999930	-0.00005810
-62.36666596	-0.00004464
-62.33333263	-0.00002568
-62.29999930	0.00002378
-62.26666597	0.00003343
-62.23333263	0.00004760
-62.19999930	0.00008669
-62.16666597	0.00011738
-62.13333263	0.00013829
-62.09999930	0.00019784
-62.06666597	0.00020859
-62.03333263	0.00018103
-61.99999930	0.00023986
-61.96666597	0.00026492
-61.93333264	0.00028635
-61.89999930	0.00037184
-61.86666597	0.00037031
-61.83333264	0.00037124
-61.79999930	0.00042240
-61.76666597	0.00043082
-61.73333264	0.00050488
-61.69999930	0.00053631
-61.66666597	0.00051297
-61.63333264	0.00056775
-61.59999930	0.00056658
-61.56666597	0.00062065
-61.53333264	0.00061890
-61.49999931	0.00066104
-61.46666597	0.00070963
-61.43333264	0.00074551
-61.39999931	0.00079083
-61.36666597	0.00078365
-61.33333264	0.00087563
-61.29999931	0.00082282
-61.26666597	0.00083186
-61.23333264	0.00090024
-61.19999931	0.00093365
-61.16666598	0.00093617
-61.13333264	0.00097127
-61.09999931	0.00090929
-61.06666598	0.00100611
-61.03333264	0.00100501
-60.99999931	0.00096531
-60.96666598	0.00101004
-60.93333264	0.00096622
-60.89999931	0.00104078
-60.86666598	0.00099396
-60.83333265	0.00100398
-60.79999931	0.00097762
-60.76666598	0.00098991
-60.73333265	0.00096066
-60.69999931	0.00096438
-60.66666598	0.00096295
-60.63333265	0.00093043
-60.59999931	0.00095412
-60.56666598	0.00092039
-60.53333265	0.00080708
-60.49999931	0.00080358
-60.46666598	0.00075156
-60.43333265	0.00079623
-60.39999932	0.00075495
-60.36666598	0.00065235
-60.33333265	0.00065791
-60.29999932	0.00057169
-60.26666598	0.00049438
-60.23333265	0.00042052
-60.19999932	0.00034276
-60.16666598	0.00028584
-60.13333265	0.00027295
-60.09999932	0.00017250
-60.06666599	0.00020259
-60.03333265	0.00008469
-59.99999932	-0.00002104
-59.96666599	-0.00002141
-59.93333265	-0.00016359
-59.89999932	-0.00023231
-59.86666599	-0.00032813
-59.83333265	-0.00039785
-59.79999932	-0.00043442
-59.76666599	-0.00056327
-59.73333266	-0.00062033
-59.69999932	-0.00071420
-59.66666599	-0.00074140
-59.63333266	-0.00081151
-59.59999932	-0.00086049
-59.56666599	-0.00096768
-59.53333266	-0.00099052
-59.49999932	-0.00101856
-59.46666599	-0.00111395
-59.43333266	-0.00112851
-59.39999932	-0.00113831
-59.36666599	-0.00117613
-59.33333266	-0.00130773
-59.29999933	-0.00130561
-59.26666599	-0.00132547
-59.23333266	-0.00133189
-59.19999933	-0.00123326
-59.16666599	-0.00135767
-59.13333266	-0.00133212
-59.09999933	-0.00138845
-59.06666599	-0.00139005
-59.03333266	-0.00143407
-58.99999933	-0.00136258
-58.96666600	-0.00137589
-58.93333266	-0.00130278
-58.89999933	-0.00127495
-58.86666600	-0.00131101
-58.83333266	-0.00128634
-58.79999933	-0.00124029
-58.76666600	-0.00125530
-58.73333266	-0.00125483
-58.69999933	-0.00131658
-58.66666600	-0.00129036
-58.63333267	-0.00114611
-58.59999933	-0.00117827
-58.56666600	-0.00119860
-58.53333267	-0.00119915
-58.49999933	-0.00109229
-58.46666600	-0.00113950
-58.43333267	-0.00114765
-58.39999933	-0.00113749
-58.36666600	-0.00114111
-58.33333267	-0.00114693
-58.29999933	-0.00117251
-58.26666600	-0.00114876
-58.23333267	-0.00105304
-58.19999934	-0.00109075
-58.16666600	-0.00116852
-58.13333267	-0.00119474
-58.09999934	-0.00120414
-58.06666600	-0.00109479
-58.03333267	-0.00124437
-57.99999934	-0.00123832
-57.96666600	-0.00115999
-57.93333267	-0.00115026
-57.89999934	-0.00116172
-57.86666601	-0.00125542
-57.83333267	-0.00117564
-57.79999934	-0.00121731
-57.76666601	-0.00124344
-57.73333267	-0.00128462
-57.69999934	-0.00132379
-57.66666601	-0.00126732
-57.63333267	-0.00126948
-57.59999934	-0.00130377
-57.56666601	-0.00133694
-57.53333268	-0.00131260
-57.49999934	-0.00124040
-57.46666601	-0.00128095
-57.43333268	-0.00125212
-57.39999934	-0.00117794
-57.36666601	-0.00108486
-57.33333268	-0.00115400
-57.29999934	-0.00115871
-57.26666601	-0.00097349
-57.23333268	-0.00102181
-57.19999934	-0.00091170
-57.16666601	-0.00087050
-57.13333268	-0.00090537
-57.09999935	-0.00077046
-57.06666601	-0.00082619
-57.03333268	-0.00061307
-56.99999935	-0.00058767
-56.96666601	-0.00053550
-56.93333268	-0.00052606
-56.89999935	-0.00042386
-56.86666601	-0.00043212
-56.83333268	-0.00036226
-56.79999935	-0.00037672
-56.76666602	-0.00032488
-56.73333268	-0.00022931
-56.69999935	-0.00019322
-56.66666602	-0.00013335
-56.63333268	-0.00020875
-56.59999935	-0.00012210
-56.56666602	-0.00014519
-56.53333268	-0.00006032
-56.49999935	-0.00000179
-56.46666602	-0.00004028
-56.43333269	-0.00000895
-56.39999935	-0.00005887
-56.36666602	0.00005889
-56.33333269	0.00001583
-56.29999935	-0.00000219
-56.26666602	-0.00012820
-56.23333269	0.00004643
-56.19999935	0.00001842
-56.16666602	0.00005601
-56.13333269	0.00001851
-56.09999935	0.00009353
-56.06666602	0.00006540
-56.03333269	0.00000593
-55.99999936	0.00009476
-55.96666602	0.00019934
-55.93333269	0.00020688
-55.89999936	0.00019340
-55.86666602	0.00011386
-55.83333269	0.00024132
-55.79999936	0.00032134
-55.76666602	0.00025848
-55.73333269	0.00025037
-55.69999936	0.00028300
-55.66666603	0.00032805
-55.63333269	0.00016585
-55.59999936	0.00034969
-55.56666603	0.00024841
-55.53333269	0.00037607
-55.49999936	0.00037182
-55.46666603	0.00033259
-55.43333269	0.00041921
-55.39999936	0.00049524
-55.36666603	0.00042011
-55.33333270	0.00043244
-55.29999936	0.00045878
-55.26666603	0.00044991
-55.23333270	0.00045535
-55.19999936	0.00044249
-55.16666603	0.00040440
-55.13333270	0.00034727
-55.09999936	0.00044995
-55.06666603	0.00041722
-55.03333270	0.00054877
-54.99999936	0.00043775
-54.96666603	0.00045054
-54.93333270	0.00047880
-54.89999937	0.00040469
-54.86666603	0.00041939
-54.83333270	0.00045542
-54.79999937	0.00040834
-54.76666603	0.00044795
-54.73333270	0.00043731
-54.69999937	0.00046978
-54.66666603	0.00055329
-54.63333270	0.00048593
-54.59999937	0.00054035
-54.56666604	0.00055426
-54.53333270	0.00064952
-54.49999937	0.00053350
-54.46666604	0.00060924
-54.43333270	0.00058443
-54.39999937	0.00064053
-54.36666604	0.00064789
-54.33333270	0.00059314
-54.29999937	0.00059165
-54.26666604	0.00055450
-54.23333271	0.00070121
-54.19999937	0.00058443
-54.16666604	0.00057522
-54.13333271	0.00060730
-54.09999937	0.00061961
-54.06666604	0.00061922
-54.03333271	0.00057489
-53.99999937	0.00061086
-53.96666604	0.00055174
-53.93333271	0.00047322
-53.89999937	0.00058008
-53.86666604	0.00055148
-53.83333271	0.00046767
-53.79999938	0.00048490
-53.76666604	0.00047499
-53.73333271	0.00047285
-53.69999938	0.00049899
-53.66666604	0.00042464
-53.63333271	0.00044086
-53.59999938	0.00034541
-53.56666604	0.00026385
-53.53333271	0.00022872
-53.49999938	0.00018478
-53.46666605	0.00021658
-53.43333271	0.00011925
-53.39999938	0.00012197
-53.36666605	0.00010950
-53.33333271	0.00006832
-53.29999938	0.00002887
-53.26666605	0.00006293
-53.23333271	-0.00005908
-53.19999938	-0.00001112
-53.16666605	-0.00006255
-53.13333272	-0.00018109
-53.09999938	-0.00011313
-53.06666605	-0.00017469
-53.03333272	-0.00015132
-52.99999938	-0.00032694
-52.96666605	-0.00027102
-52.93333272	-0.00031454
-52.89999938	-0.00037493
-52.86666605	-0.00040131
-52.83333272	-0.00025225
-52.79999938	-0.00035278
-52.76666605	-0.00038581
-52.73333272	-0.00025013
-52.69999939	-0.00026694
-52.66666605	-0.00027293
-52.63333272	-0.00027937
-52.59999939	-0.00018918
-52.56666605	-0.00027717
-52.53333272	-0.00016503
-52.49999939	-0.00025045
-52.46666605	-0.00022529
-52.43333272	-0.00018200
-52.39999939	-0.00006744
-52.36666606	-0.00008561
-52.33333272	0.00000554
-52.29999939	-0.00008046
-52.26666606	-0.00012336
-52.23333272	-0.00000701
-52.19999939	-0.00003333
-52.16666606	-0.00002105
-52.13333272	-0.00001627
-52.09999939	0.00002572
-52.06666606	0.00016028
-52.03333273	0.00021809
-51.99999939	0.00016800
-51.96666606	0.00027342
-51.93333273	0.00025869
-51.89999939	0.00012445
-51.86666606	0.00025850
-51.83333273	0.00034457
-51.79999939	0.00037963
-51.76666606	0.00034702
-51.73333273	0.00046477
-51.69999939	0.00062435
-51.66666606	0.00053609
-51.63333273	0.00068395
-51.59999940	0.00073530
-51.56666606	0.00063849
-51.53333273	0.00078599
-51.49999940	0.00086412
-51.46666606	0.00083459
-51.43333273	0.00096916
-51.39999940	0.00096731
-51.36666606	0.00113713
-51.33333273	0.00115967
-51.29999940	0.00125327
-51.26666607	0.00120254
-51.23333273	0.00135782
-51.19999940	0.00137211
-51.16666607	0.00144384
-51.13333273	0.00153049
-51.09999940	0.00144916
-51.06666607	0.00150681
-51.03333273	0.00167668
-50.99999940	0.00173663
-50.96666607	0.00179381
-50.93333274	0.00188153
-50.89999940	0.00192638
-50.86666607	0.00206384
-50.83333274	0.00204983
-50.79999940	0.00209475
-50.76666607	0.00221782
-50.73333274	0.00216664
-50.69999940	0.00233341
-50.66666607	0.00240281
-50.63333274	0.00246696
-50.59999940	0.00254468
-50.56666607	0.00259745
-50.53333274	0.00279863
-50.49999941	0.00269229
-50.46666607	0.00270675
-50.43333274	0.00282491
-50.39999941	0.00288388
-50.36666607	0.00293085
-50.33333274	0.00303483
-50.29999941	0.00309634
-50.26666607	0.00312837
-50.23333274	0.00319178
-50.19999941	0.00319106
-50.16666608	0.00340908
-50.13333274	0.00337664
-50.09999941	0.00330976
-50.06666608	0.00343084
-50.03333274	0.00324218
-49.99999941	0.00325155
-49.96666608	0.00316359
-49.93333274	0.00311398
-49.89999941	0.00309845
-49.86666608	0.00310519
-49.83333275	0.00289520
-49.79999941	0.00281486
-49.76666608	0.00254986
-49.73333275	0.00241931
-49.69999941	0.00225115
-49.66666608	0.00202484
-49.63333275	0.00175838
-49.59999941	0.00155771
-49.56666608	0.00099466
-49.53333275	0.00081535
-49.49999941	0.00062400
-49.46666608	0.00023463
-49.43333275	-0.00017743
-49.39999942	-0.00048626
-49.36666608	-0.00092640
-49.33333275	-0.00125766
-49.29999942	-0.00161245
-49.26666608	-0.00216256
-49.23333275	-0.00257402
-49.19999942	-0.00290151
-49.16666608	-0.00338662
-49.13333275	-0.00372197
-49.09999942	-0.00416857
-49.06666609	-0.00455671
-49.03333275	-0.00472387
-48.99999942	-0.00517290
-48.96666609	-0.00537495
-48.93333275	-0.00560277
-48.89999942	-0.00592224
-48.86666609	-0.00609836
-48.83333275	-0.00626444
-48.79999942	-0.00644781
-48.76666609	-0.00650110
-48.73333276	-0.00655224
-48.69999942	-0.00651521
-48.66666609	-0.00656303
-48.63333276	-0.00629818
-48.59999942	-0.00625282
-48.56666609	-0.00614652
-48.53333276	-0.00579067
-48.49999942	-0.00549307
-48.46666609	-0.00525331
-48.43333276	-0.00492249
-48.39999942	-0.00463285
-48.36666609	-0.00419606
-48.33333276	-0.00398022
-48.29999943	-0.00349266
-48.26666609	-0.00315948
-48.23333276	-0.00266834
-48.19999943	-0.00214438
-48.16666609	-0.00187749
-48.13333276	-0.00139600
-48.09999943	-0.00089225
-48.06666609	-0.00046226
-48.03333276	-0.00004947
-47.99999943	0.00034400
-47.96666610	0.00065730
-47.93333276	0.00099892
-47.89999943	0.00141164
-47.86666610	0.00178316
-47.83333276	0.00211548
-47.79999943	0.00233381
-47.76666610	0.00260405
-47.73333276	0.00290125
-47.69999943	0.00313043
-47.66666610	0.00335189
-47.63333277	0.00355470
-47.59999943	0.00370885
-47.56666610	0.00390408
-47.53333277	0.00403485
-47.49999943	0.00411899
-47.46666610	0.00432637
-47.43333277	0.00439666
-47.39999943	0.00451717
-47.36666610	0.00455864
-47.33333277	0.00469724
-47.29999944	0.00474786
-47.26666610	0.00476268
-47.23333277	0.00483115
-47.19999944	0.00484849
-47.16666610	0.00502075
-47.13333277	0.00515359
-47.09999944	0.00521455
-47.06666610	0.00520145
-47.03333277	0.00527093
-46.99999944	0.00519408
-46.96666610	0.00530737
-46.93333277	0.00538975
-46.89999944	0.00537333
-46.86666611	0.00538356
-46.83333277	0.00554418
-46.79999944	0.00541716
-46.76666611	0.00543909
-46.73333277	0.00554063
-46.69999944	0.00558183
-46.66666611	0.00549405
-46.63333277	0.00560639
-46.59999944	0.00573285
-46.56666611	0.00567203
-46.53333278	0.00566190
-46.49999944	0.00565253
-46.46666611	0.00575312
-46.43333278	0.00574328
-46.39999944	0.00577293
-46.36666611	0.00574755
-46.33333278	0.00571938
-46.29999944	0.00581625
-46.26666611	0.00582250
-46.23333278	0.00589936
-46.19999945	0.00590586
-46.16666611	0.00606479
-46.13333278	0.00601745
-46.09999945	0.00603943
-46.06666611	0.00598220
-46.03333278	0.00610295
-45.99999945	0.00615503
-45.96666611	0.00623908
-45.93333278	0.00629811
-45.89999945	0.00621043
-45.86666611	0.00626400
-45.83333278	0.00621974
-45.79999945	0.00630777
-45.76666612	0.00631435
-45.73333278	0.00643621
-45.69999945	0.00645053
-45.66666612	0.00657339
-45.63333278	0.00661808
-45.59999945	0.00671775
-45.56666612	0.00676619
-45.53333278	0.00682966
-45.49999945	0.00677041
-45.46666612	0.00687801
-45.43333279	0.00694841
-45.39999945	0.00692556
-45.36666612	0.00704603
-45.33333279	0.00708754
-45.29999945	0.00715694
-45.26666612	0.00715363
-45.23333279	0.00702788
-45.19999945	0.00706686
-45.16666612	0.00705321
-45.13333279	0.00700969
-45.09999946	0.00695520
-45.06666612	0.00682391
-45.03333279	0.00676266
-44.99999946	0.00665472
-44.96666612	0.00652301
-44.93333279	0.00645035
-44.89999946	0.00626546
-44.86666612	0.00610617
-44.83333279	0.00591389
-44.79999946	0.00576331
-44.76666612	0.00556897
-44.73333279	0.00528428
-44.69999946	0.00506879
-44.66666613	0.00484721
-44.63333279	0.00468083
-44.59999946	0.00452242
-44.56666613	0.00430661
-44.53333279	0.00421933
-44.49999946	0.00411520
-44.46666613	0.00403699
-44.43333279	0.00407611
-44.39999946	0.00401180
-44.36666613	0.00404896
-44.33333280	0.00412843
-44.29999946	0.00430049
-44.26666613	0.00454274
-44.23333280	0.00474776
-44.19999946	0.00523257
-44.16666613	0.00560352
-44.13333280	0.00614466
-44.09999946	0.00670256
-44.06666613	0.00739650
-44.03333280	0.00802234
-43.99999947	0.00880120
-43.96666613	0.00962632
-43.93333280	0.01053925
-43.89999947	0.01164851
-43.86666613	0.01273435
-43.83333280	0.01386780
-43.79999947	0.01512610
-43.76666613	0.01645217
-43.73333280	0.01785362
-43.69999947	0.01928120
-43.66666613	0.02064597
-43.63333280	0.02220233
-43.59999947	0.02388883
-43.56666614	0.02557254
-43.53333280	0.02741096
-43.49999947	0.02919898
-43.46666614	0.03106895
-43.43333280	0.03311410
-43.39999947	0.03519232
-43.36666614	0.03737349
-43.33333280	0.03959668
-43.29999947	0.04191641
-43.26666614	0.04434723
-43.23333281	0.04687299
-43.19999947	0.04949184
-43.16666614	0.05214131
-43.13333281	0.05502821
-43.09999947	0.05792507
-43.06666614	0.06110922
-43.03333281	0.06431511
-42.99999947	0.06763764
-42.96666614	0.07101118
-42.93333281	0.07454861
-42.89999948	0.07824204
-42.86666614	0.08198556
-42.83333281	0.08600216
-42.79999948	0.08987251
-42.76666614	0.09385687
-42.73333281	0.09781707
-42.69999948	0.10190930
-42.66666614	0.10590372
-42.63333281	0.10987423
-42.59999948	0.11370431
-42.56666614	0.11714725
-42.53333281	0.12039914
-42.49999948	0.12337550
-42.46666615	0.12583781
-42.43333281	0.12778281
-42.39999948	0.12910022
-42.36666615	0.12974241
-42.33333281	0.12930233
-42.29999948	0.12798032
-42.26666615	0.12534072
-42.23333281	0.12165475
-42.19999948	0.11639794
-42.16666615	0.10959038
-42.13333282	0.10120411
-42.09999948	0.09083099
-42.06666615	0.07864003
-42.03333282	0.06451443
-41.99999948	0.04827568
-41.96666615	0.03009438
-41.93333282	0.00967406
-41.89999948	-0.01287166
-41.86666615	-0.03739512
-41.83333282	-0.06390060
-41.79999949	-0.09224523
-41.76666615	-0.12238078
-41.73333282	-0.15392162
-41.69999949	-0.18683615
-41.66666615	-0.22058274
-41.63333282	-0.25508332
-41.59999949	-0.29012669
-41.56666615	-0.32497654
-41.53333282	-0.35945347
-41.49999949	-0.39328403
-41.46666615	-0.42582737
-41.43333282	-0.45684765
-41.39999949	-0.48576391
-41.36666616	-0.51220979
-41.33333282	-0.53605367
-41.29999949	-0.55662290
-41.26666616	-0.57377650
-41.23333282	-0.58712264
-41.19999949	-0.59642291
-41.16666616	-0.60156266
-41.13333282	-0.60231509
-41.09999949	-0.59865774
-41.06666616	-0.59052910
-41.03333283	-0.57790230
-40.99999949	-0.56095975
-40.96666616	-0.53978211
-40.93333283	-0.51484271
-40.89999949	-0.48612999
-40.86666616	-0.45368413
-40.83333283	-0.41828426
-40.79999949	-0.38014812
-40.76666616	-0.33975096
-40.73333283	-0.29754051
-40.69999950	-0.25387311
-40.66666616	-0.20906280
-40.63333283	-0.16385612
-40.59999950	-0.11865427
-40.56666616	-0.07370696
-40.53333283	-0.02947536
-40.49999950	0.01340729
-40.46666616	0.05489753
-40.43333283	0.09432689
-40.39999950	0.13176935
-40.36666616	0.16692158
-40.33333283	0.19929605
-40.29999950	0.22885907
-40.26666617	0.25554314
-40.23333283	0.27927254
-40.19999950	0.29998869
-40.16666617	0.31770542
-40.13333283	0.33234666
-40.09999950	0.34401965
-40.06666617	0.35296833
-40.03333283	0.35924592
-39.99999950	0.36284330
-39.96666617	0.36431878
-39.93333284	0.36345764
-39.89999950	0.36061429
-39.86666617	0.35610329
-39.83333284	0.35002773
-39.79999950	0.34247995
-39.76666617	0.33389111
-39.73333284	0.32435852
-39.69999950	0.31388359
-39.66666617	0.30309117
-39.63333284	0.29175349
-39.59999951	0.28010694
-39.56666617	0.26847597
-39.53333284	0.25669802
-39.49999951	0.24519045
-39.46666617	0.23387858
-39.43333284	0.22297229
-39.39999951	0.21224826
-39.36666617	0.20208098
-39.33333284	0.19221617
-39.29999951	0.18283879
-39.26666617	0.17414989
-39.23333284	0.16576156
-39.19999951	0.15777363
-39.16666618	0.15033571
-39.13333284	0.14327013
-39.09999951	0.13682219
-39.06666618	0.13052549
-39.03333284	0.12466140
-38.99999951	0.11923580
-38.96666618	0.11390560
-38.93333284	0.10875716
-38.89999951	0.10409586
-38.86666618	0.09932327
-38.83333285	0.09477913
-38.79999951	0.09033954
-38.76666618	0.08597322
-38.73333285	0.08162508
-38.69999951	0.07730002
-38.66666618	0.07313246
-38.63333285	0.06880177
-38.59999951	0.06446582
-38.56666618	0.06017312
-38.53333285	0.05597671
-38.49999952	0.05162454
-38.46666618	0.04723620
-38.43333285	0.04281175
-38.39999952	0.03855033
-38.36666618	0.03420570
-38.33333285	0.03000191
-38.29999952	0.02575728
-38.26666618	0.02168610
-38.23333285	0.01781587
-38.19999952	0.01389051
-38.16666618	0.01008245
-38.13333285	0.00649698
-38.09999952	0.00319411
-38.06666619	-0.00007794
-38.03333285	-0.00311777
-37.99999952	-0.00601049
-37.96666619	-0.00869294
-37.93333285	-0.01114306
-37.89999952	-0.01334786
-37.86666619	-0.01538372
-37.83333285	-0.01718360
-37.79999952	-0.01879176
-37.76666619	-0.02033306
-37.73333286	-0.02155113
-37.69999952	-0.02266957
-37.66666619	-0.02357072
-37.63333286	-0.02441813
-37.59999952	-0.02510969
-37.56666619	-0.02569949
-37.53333286	-0.02614294
-37.49999952	-0.02654349
-37.46666619	-0.02691004
-37.43333286	-0.02724500
-37.39999953	-0.02738531
-37.36666619	-0.02763160
-37.33333286	-0.02798023
-37.29999953	-0.02827241
-37.26666619	-0.02850639
-37.23333286	-0.02876038
-37.19999953	-0.02910532
-37.16666619	-0.02951250
-37.13333286	-0.02988704
-37.09999953	-0.03028621
-37.06666619	-0.03080684
-37.03333286	-0.03122644
-36.99999953	-0.03176749
-36.96666620	-0.03233669
-36.93333286	-0.03274325
-36.89999953	-0.03318212
-36.86666620	-0.03369678
-36.83333286	-0.03415024
-36.79999953	-0.03455319
-36.76666620	-0.03501334
-36.73333286	-0.03531365
-36.69999953	-0.03550714
-36.66666620	-0.03574343
-36.63333287	-0.03571062
-36.59999953	-0.03585728
-36.56666620	-0.03578978
-36.53333287	-0.03550083
-36.49999953	-0.03532243
-36.46666620	-0.03472279
-36.43333287	-0.03435650
-36.39999953	-0.03369457
-36.36666620	-0.03297421
-36.33333287	-0.03223537
-36.29999954	-0.03134746
-36.26666620	-0.03035630
-36.23333287	-0.02930985
-36.19999954	-0.02830818
-36.16666620	-0.02717112
-36.13333287	-0.02584802
-36.09999954	-0.02465332
-36.06666620	-0.02344730
-36.03333287	-0.02232719
-35.99999954	-0.02107257
-35.96666620	-0.01976852
-35.93333287	-0.01863204
-35.89999954	-0.01753554
-35.86666621	-0.01639373
-35.83333287	-0.01540301
-35.79999954	-0.01452518
-35.76666621	-0.01381405
-35.73333287	-0.01289158
-35.69999954	-0.01217036
-35.66666621	-0.01162195
-35.63333287	-0.01116681
-35.59999954	-0.01077605
-35.56666621	-0.01044677
-35.53333288	-0.01023163
-35.49999954	-0.01000902
-35.46666621	-0.01015930
-35.43333288	-0.01006738
-35.39999954	-0.01022584
-35.36666621	-0.01027257
-35.33333288	-0.01053269
-35.29999954	-0.01068314
-35.26666621	-0.01090819
-35.23333288	-0.01120785
-35.19999955	-0.01146034
-35.16666621	-0.01178910
-35.13333288	-0.01203199
-35.09999955	-0.01221169
-35.06666621	-0.01247709
-35.03333288	-0.01273637
-34.99999955	-0.01273838
-34.96666621	-0.01285257
-34.93333288	-0.01299524
-34.89999955	-0.01304173
-34.86666621	-0.01298097
-34.83333288	-0.01300134
-34.79999955	-0.01294532
-34.76666622	-0.01262474
-34.73333288	-0.01233831
-34.69999955	-0.01217383
-34.66666622	-0.01177750
-34.63333288	-0.01139294
-34.59999955	-0.01104384
-34.56666622	-0.01052352
-34.53333288	-0.01012221
-34.49999955	-0.00964691
-34.46666622	-0.00907662
-34.43333289	-0.00858043
-34.39999955	-0.00806041
-34.36666622	-0.00760703
-34.33333289	-0.00696991
-34.29999955	-0.00658324
-34.26666622	-0.00606625
-34.23333289	-0.00562371
-34.19999955	-0.00523816
-34.16666622	-0.00492904
-34.13333289	-0.00468869
-34.09999956	-0.00440312
-34.06666622	-0.00431895
-34.03333289	-0.00429085
-33.99999956	-0.00420109
-33.96666622	-0.00423328
-33.93333289	-0.00435977
-33.89999956	-0.00449221
-33.86666622	-0.00477862
-33.83333289	-0.00512848
-33.79999956	-0.00556831
-33.76666622	-0.00590973
-33.73333289	-0.00642522
-33.69999956	-0.00692466
-33.66666623	-0.00748171
-33.63333289	-0.00806518
-33.59999956	-0.00880671
-33.56666623	-0.00960880
-33.53333289	-0.01029905
-33.49999956	-0.01098149
-33.46666623	-0.01171345
-33.43333289	-0.01251630
-33.39999956	-0.01325534
-33.36666623	-0.01384767
-33.33333290	-0.01465940
-33.29999956	-0.01526897
-33.26666623	-0.01588069
-33.23333290	-0.01653716
-33.19999956	-0.01704198
-33.16666623	-0.01753908
-33.13333290	-0.01794821
-33.09999956	-0.01836959
-33.06666623	-0.01867162
-33.03333290	-0.01887831
-32.99999957	-0.01900420
-32.96666623	-0.01918444
-32.93333290	-0.01918809
-32.89999957	-0.01906736
-32.86666623	-0.01889868
-32.83333290	-0.01866125
-32.79999957	-0.01846767
-32.76666623	-0.01809118
-32.73333290	-0.01770652
-32.69999957	-0.01736670
-32.66666623	-0.01691950
-32.63333290	-0.01647095
-32.59999957	-0.01578579
-32.56666624	-0.01530571
-32.53333290	-0.01474599
-32.49999957	-0.01407429
-32.46666624	-0.01346406
-32.43333290	-0.01284814
-32.39999957	-0.01215630
-32.36666624	-0.01158310
-32.33333290	-0.01092187
-32.29999957	-0.01041043
-32.26666624	-0.00994594
-32.23333291	-0.00936687
-32.19999957	-0.00893413
-32.16666624	-0.00848389
-32.13333291	-0.00824318
-32.09999957	-0.00801638
-32.06666624	-0.00759764
-32.03333291	-0.00738195
-31.99999957	-0.00726122
-31.96666624	-0.00712005
-31.93333291	-0.00713877
-31.89999958	-0.00712665
-31.86666624	-0.00718098
-31.83333291	-0.00715993
-31.79999958	-0.00731401
-31.76666624	-0.00756592
-31.73333291	-0.00772277
-31.69999958	-0.00780789
-31.66666624	-0.00810498
-31.63333291	-0.00838378
-31.59999958	-0.00847352
-31.56666624	-0.00859535
-31.53333291	-0.00888386
-31.49999958	-0.00899781
-31.46666625	-0.00919002
-31.43333291	-0.00921351
-31.39999958	-0.00937104
-31.36666625	-0.00920907
-31.33333291	-0.00918590
-31.29999958	-0.00906421
-31.26666625	-0.00895550
-31.23333291	-0.00876458
-31.19999958	-0.00859550
-31.16666625	-0.00822640
-31.13333292	-0.00789522
-31.09999958	-0.00745565
-31.06666625	-0.00693457
-31.03333292	-0.00646820
-30.99999958	-0.00591626
-30.96666625	-0.00545519
-30.93333292	-0.00477794
-30.89999958	-0.00415936
-30.86666625	-0.00346039
-30.83333292	-0.00280928
-30.79999959	-0.00217502
-30.76666625	-0.00150674
-30.73333292	-0.00084169
-30.69999959	-0.00008071
-30.66666625	0.00048344
-30.63333292	0.00107977
-30.59999959	0.00161669
-30.56666625	0.00212368
-30.53333292	0.00271345
-30.49999959	0.00304759
-30.46666625	0.00346006
-30.43333292	0.00388852
-30.39999959	0.00414018
-30.36666626	0.00433173
-30.33333292	0.00446318
-30.29999959	0.00459565
-30.26666626	0.00450912
-30.23333292	0.00465705
-30.19999959	0.00440654
-30.16666626	0.00438177
-30.13333292	0.00414465
-30.09999959	0.00383866
-30.06666626	0.00359789
-30.03333293	0.00316919
-29.99999959	0.00284996
-29.96666626	0.00238273
-29.93333293	0.00200976
-29.89999959	0.00165834
-29.86666626	0.00118657
-29.83333293	0.00080841
-29.79999959	0.00035094
-29.76666626	0.00005420
-29.73333293	-0.00028992
-29.69999960	-0.00068422
-29.66666626	-0.00095199
-29.63333293	-0.00115893
-29.59999960	-0.00139865
-29.56666626	-0.00159381
-29.53333293	-0.00170185
-29.49999960	-0.00185761
-29.46666626	-0.00185989
-29.43333293	-0.00199945
-29.39999960	-0.00188573
-29.36666626	-0.00182594
-29.33333293	-0.00172851
-29.29999960	-0.00160464
-29.26666627	-0.00144792
-29.23333293	-0.00131681
-29.19999960	-0.00119575
-29.16666627	-0.00087448
-29.13333293	-0.00066948
-29.09999960	-0.00052338
-29.06666627	-0.00013939
-29.03333293	0.00010968
-28.99999960	0.00029907
-28.96666627	0.00049455
-28.93333294	0.00071163
-28.89999960	0.00096585
-28.86666627	0.00105728
-28.83333294	0.00130156
-28.79999960	0.00130274
-28.76666627	0.00149381
-28.73333294	0.00155333
-28.69999960	0.00168045
-28.66666627	0.00171343
-28.63333294	0.00178342
-28.59999961	0.00187758
-28.56666627	0.00173340
-28.53333294	0.00180063
-28.49999961	0.00174249
-28.46666627	0.00166035
-28.43333294	0.00164945
-28.39999961	0.00157587
-28.36666627	0.00148752
-28.33333294	0.00139185
-28.29999961	0.00127436
-28.26666627	0.00123021
-28.23333294	0.00112260
-28.19999961	0.00095383
-28.16666628	0.00095341
-28.13333294	0.00065597
-28.09999961	0.00064483
-28.06666628	0.00062294
-28.03333294	0.00045314
-27.99999961	0.00051316
-27.96666628	0.00048380
-27.93333294	0.00041099
-27.89999961	0.00047484
-27.86666628	0.00041230
-27.83333295	0.00047733
-27.79999961	0.00056406
-27.76666628	0.00074939
-27.73333295	0.00078848
-27.69999961	0.00098430
-27.66666628	0.00113904
-27.63333295	0.00133473
-27.59999961	0.00165915
-27.56666628	0.00184531
-27.53333295	0.00211474
-27.49999962	0.00240003
-27.46666628	0.00280597
-27.43333295	0.00306272
-27.39999962	0.00335782
-27.36666628	0.00361013
-27.33333295	0.00407540
-27.29999962	0.00446318
-27.26666628	0.00477466
-27.23333295	0.00523433
-27.19999962	0.00552749
-27.16666628	0.00594154
-27.13333295	0.00633134
-27.09999962	0.00671443
-27.06666629	0.00711244
-27.03333295	0.00740809
-26.99999962	0.00757956
-26.96666629	0.00788670
-26.93333295	0.00814814
-26.89999962	0.00836336
-26.86666629	0.00842737
-26.83333295	0.00859453
-26.79999962	0.00858839
-26.76666629	0.00865963
-26.73333296	0.00858193
-26.69999962	0.00849384
-26.66666629	0.00836911
-26.63333296	0.00823436
-26.59999962	0.00799283
-26.56666629	0.00756994
-26.53333296	0.00733626
-26.49999962	0.00691519
-26.46666629	0.00647759
-26.43333296	0.00596508
-26.39999963	0.00539346
-26.36666629	0.00487772
-26.33333296	0.00436681
-26.29999963	0.00379688
-26.26666629	0.00324758
-26.23333296	0.00264071
-26.19999963	0.00204335
-26.16666629	0.00141669
-26.13333296	0.00082257
-26.09999963	0.00028590
-26.06666630	-0.00036759
-26.03333296	-0.00086274
-25.99999963	-0.00134263
-25.96666630	-0.00182082
-25.93333296	-0.00231985
-25.89999963	-0.00255206
-25.86666630	-0.00299920
-25.83333296	-0.00324874
-25.79999963	-0.00347494
-25.76666630	-0.00371916
-25.73333296	-0.00392668
-25.69999963	-0.00404965
-25.66666630	-0.00413333
-25.63333297	-0.00423257
-25.59999963	-0.00428409
-25.56666630	-0.00409491
-25.53333297	-0.00407427
-25.49999963	-0.00395718
-25.46666630	-0.00388504
-25.43333297	-0.00370408
-25.39999963	-0.00355962
-25.36666630	-0.00338329
-25.33333297	-0.00321400
-25.29999964	-0.00312615
-25.26666630	-0.00273130
-25.23333297	-0.00258110
-25.19999964	-0.00240330
-25.16666630	-0.00216375
-25.13333297	-0.00208754
-25.09999964	-0.00189394
-25.06666630	-0.00177602
-25.03333297	-0.00169162
-24.99999964	-0.00154351
-24.96666631	-0.00137091
-24.93333297	-0.00140589
-24.89999964	-0.00140416
-24.86666631	-0.00136474
-24.83333297	-0.00146956
-24.79999964	-0.00141301
-24.76666631	-0.00156875
-24.73333297	-0.00170526
-24.69999964	-0.00179205
-24.66666631	-0.00182204
-24.63333297	-0.00184914
-24.59999964	-0.00191045
-24.56666631	-0.00208362
-24.53333298	-0.00211366
-24.49999964	-0.00207450
-24.46666631	-0.00210771
-24.43333298	-0.00216846
-24.39999964	-0.00222812
-24.36666631	-0.00214886
-24.33333298	-0.00208943
-24.29999964	-0.00191198
-24.26666631	-0.00185951
-24.23333298	-0.00170835
-24.19999965	-0.00161544
-24.16666631	-0.00132590
-24.13333298	-0.00113749
-24.09999965	-0.00085867
-24.06666631	-0.00062282
-24.03333298	-0.00040519
-23.99999965	-0.00004258
-23.96666631	0.00014854
-23.93333298	0.00041325
-23.89999965	0.00053087
-23.86666632	0.00078804
-23.83333298	0.00102838
-23.79999965	0.00105591
-23.76666632	0.00127075
-23.73333298	0.00142794
-23.69999965	0.00142315
-23.66666632	0.00131943
-23.63333298	0.00125766
-23.59999965	0.00129016
-23.56666632	0.00106788
-23.53333298	0.00088821
-23.49999965	0.00053515
-23.46666632	0.00010490
-23.43333299	-0.00033291
-23.39999965	-0.00087324
-23.36666632	-0.00139504
-23.33333299	-0.00199281
-23.29999965	-0.00289578
-23.26666632	-0.00373969
-23.23333299	-0.00456458
-23.19999965	-0.00552658
-23.16666632	-0.00655929
-23.13333299	-0.00771077
-23.09999966	-0.00897239
-23.06666632	-0.01031584
-23.03333299	-0.01161757
-22.99999966	-0.01308426
-22.96666632	-0.01452154
-22.93333299	-0.01613825
-22.89999966	-0.01762106
-22.86666632	-0.01919270
-22.83333299	-0.02100322
-22.79999966	-0.02258786
-22.76666633	-0.02416857
-22.73333299	-0.02589979
-22.69999966	-0.02762633
-22.66666633	-0.02919692
-22.63333299	-0.03085276
-22.59999966	-0.03239458
-22.56666633	-0.03389301
-22.53333299	-0.03540279
-22.49999966	-0.03676086
-22.46666633	-0.03808184
-22.43333299	-0.03932588
-22.39999966	-0.04039688
-22.36666633	-0.04143356
-22.33333300	-0.04232595
-22.29999966	-0.04296253
-22.26666633	-0.04371460
-22.23333300	-0.04417514
-22.19999966	-0.04445715
-22.16666633	-0.04459686
-22.13333300	-0.04462371
-22.09999966	-0.04442407
-22.06666633	-0.04412312
-22.03333300	-0.04352455
-21.99999967	-0.04287827
-21.96666633	-0.04198499
-21.93333300	-0.04100636
-21.89999967	-0.03992891
-21.86666633	-0.03868269
-21.83333300	-0.03723382
-21.79999967	-0.03561424
-21.76666633	-0.03388175
-21.73333300	-0.03209140
-21.69999967	-0.03027248
-21.66666634	-0.02822163
-21.63333300	-0.02620176
-21.59999967	-0.02398527
-21.56666634	-0.02175489
-21.53333300	-0.01951203
-21.49999967	-0.01728019
-21.46666634	-0.01481906
-21.43333300	-0.01257063
-21.39999967	-0.01034844
-21.36666634	-0.00800458
-21.33333300	-0.00590755
-21.29999967	-0.00367385
-21.26666634	-0.00156477
-21.23333301	0.00041434
-21.19999967	0.00231785
-21.16666634	0.00428490
-21.13333301	0.00603538
-21.09999967	0.00772209
-21.06666634	0.00923976
-21.03333301	0.01062526
-20.99999967	0.01196733
-20.96666634	0.01316263
-20.93333301	0.01438509
-20.89999968	0.01536906
-20.86666634	0.01630211
-20.83333301	0.01715448
-20.79999968	0.01778414
-20.76666634	0.01835004
-20.73333301	0.01890930
-20.69999968	0.01943198
-20.66666634	0.01976610
-20.63333301	0.02004352
-20.59999968	0.02021248
-20.56666635	0.02034854
-20.53333301	0.02038027
-20.49999968	0.02038458
-20.46666635	0.02033956
-20.43333301	0.02023862
-20.39999968	0.02009694
-20.36666635	0.01986310
-20.33333301	0.01956965
-20.29999968	0.01935549
-20.26666635	0.01898658
-20.23333301	0.01866547
-20.19999968	0.01847315
-20.16666635	0.01801322
-20.13333302	0.01764902
-20.09999968	0.01736459
-20.06666635	0.01681267
-20.03333302	0.01639928
-19.99999968	0.01573296
-19.96666635	0.01533814
-19.93333302	0.01483039
-19.89999968	0.01431599
-19.86666635	0.01374172
-19.83333302	0.01322636
-19.79999969	0.01253168
-19.76666635	0.01185060
-19.73333302	0.01122270
-19.69999969	0.01060186
-19.66666635	0.00994895
-19.63333302	0.00928938
-19.59999969	0.00860933
-19.56666635	0.00794392
-19.53333302	0.00718799
-19.49999969	0.00660451
-19.46666636	0.00581409
-19.43333302	0.00517045
-19.39999969	0.00437128
-19.36666636	0.00370319
-19.33333302	0.00302536
-19.29999969	0.00240093
-19.26666636	0.00183386
-19.23333302	0.00117330
-19.19999969	0.00053196
-19.16666636	-0.00011597
-19.13333302	-0.00070422
-19.09999969	-0.00125615
-19.06666636	-0.00177936
-19.03333303	-0.00228772
-18.99999969	-0.00276665
-18.96666636	-0.00321606
-18.93333303	-0.00356294
-18.89999969	-0.00405982
-18.86666636	-0.00432434
-18.83333303	-0.00459826
-18.79999969	-0.00497213
-18.76666636	-0.00521405
-18.73333303	-0.00534774
-18.69999970	-0.00552081
-18.66666636	-0.00580715
-18.63333303	-0.00593570
-18.59999970	-0.00610743
-18.56666636	-0.00616249
-18.53333303	-0.00624509
-18.49999970	-0.00635694
-18.46666636	-0.00642657
-18.43333303	-0.00636683
-18.39999970	-0.00654590
-18.36666637	-0.00653997
-18.33333303	-0.00664726
-18.29999970	-0.00659104
-18.26666637	-0.00674309
-18.23333303	-0.00652694
-18.19999970	-0.00650509
-18.16666637	-0.00666622
-18.13333303	-0.00661530
-18.09999970	-0.00669046
-18.06666637	-0.00656613
-18.03333303	-0.00659660
-17.99999970	-0.00667152
-17.96666637	-0.00667440
-17.93333304	-0.00672859
-17.89999970	-0.00672546
-17.86666637	-0.00661188
-17.83333304	-0.00673640
-17.79999970	-0.00680604
-17.76666637	-0.00686515
-17.73333304	-0.00686843
-17.69999970	-0.00686536
-17.66666637	-0.00699488
-17.63333304	-0.00704998
-17.59999971	-0.00707681
-17.56666637	-0.00712201
-17.53333304	-0.00711639
-17.49999971	-0.00717762
-17.46666637	-0.00731477
-17.43333304	-0.00739145
-17.39999971	-0.00736864
-17.36666637	-0.00741528
-17.33333304	-0.00751602
-17.29999971	-0.00766882
-17.26666638	-0.00776175
-17.23333304	-0.00774137
-17.19999971	-0.00791736
-17.16666638	-0.00787332
-17.13333304	-0.00784723
-17.09999971	-0.00794706
-17.06666638	-0.00792780
-17.03333304	-0.00786872
-16.99999971	-0.00786873
-16.96666638	-0.00778895
-16.93333304	-0.00773777
-16.89999971	-0.00751029
-16.86666638	-0.00744085
-16.83333305	-0.00737907
-16.79999971	-0.00729553
-16.76666638	-0.00702396
-16.73333305	-0.00677330
-16.69999971	-0.00664220
-16.66666638	-0.00643590
-16.63333305	-0.00616364
-16.59999971	-0.00578295
-16.56666638	-0.00553694
-16.53333305	-0.00517246
-16.49999972	-0.00483164
-16.46666638	-0.00453864
-16.43333305	-0.00401154
-16.39999972	-0.00365386
-16.36666638	-0.00309571
-16.33333305	-0.00284102
-16.29999972	-0.00244585
-16.26666638	-0.00199996
-16.23333305	-0.00150309
-16.19999972	-0.00117579
-16.16666639	-0.00071244
-16.13333305	-0.00034884
-16.09999972	0.00004097
-16.06666639	0.00036298
-16.03333305	0.00080745
-15.99999972	0.00102312
-15.96666639	0.00128546
-15.93333305	0.00161839
-15.89999972	0.00167275
-15.86666639	0.00193593
-15.83333305	0.00204225
-15.79999972	0.00223268
-15.76666639	0.00239617
-15.73333306	0.00260778
-15.69999972	0.00254072
-15.66666639	0.00263990
-15.63333306	0.00271163
-15.59999972	0.00270441
-15.56666639	0.00283477
-15.53333306	0.00280563
-15.49999972	0.00281914
-15.46666639	0.00274857
-15.43333306	0.00287280
-15.39999973	0.00298871
-15.36666639	0.00288513
-15.33333306	0.00298469
-15.29999973	0.00289447
-15.26666639	0.00297209
-15.23333306	0.00304999
-15.19999973	0.00325295
-15.16666639	0.00328168
-15.13333306	0.00358583
-15.09999973	0.00374093
-15.06666640	0.00405382
-15.03333306	0.00426083
-14.99999973	0.00452459
-14.96666640	0.00490118
-14.93333306	0.00517841
-14.89999973	0.00556609
-14.86666640	0.00599481
-14.83333306	0.00635606
-14.79999973	0.00668136
-14.76666640	0.00704121
-14.73333306	0.00748275
-14.69999973	0.00782389
-14.66666640	0.00813651
-14.63333307	0.00849284
-14.59999973	0.00870559
-14.56666640	0.00906487
-14.53333307	0.00929087
-14.49999973	0.00959200
-14.46666640	0.00984156
-14.43333307	0.01000185
-14.39999973	0.01013651
-14.36666640	0.01024978
-14.33333307	0.01031678
-14.29999974	0.01031783
-14.26666640	0.01053642
-14.23333307	0.01043191
-14.19999974	0.01032632
-14.16666640	0.01021105
-14.13333307	0.01018473
-14.09999974	0.00987223
-14.06666640	0.00975116
-14.03333307	0.00960758
-13.99999974	0.00943512
-13.96666641	0.00921397
-13.93333307	0.00891835
-13.89999974	0.00867901
-13.86666641	0.00838996
-13.83333307	0.00801757
-13.79999974	0.00768431
-13.76666641	0.00749488
-13.73333307	0.00712015
-13.69999974	0.00682666
-13.66666641	0.00666699
-13.63333307	0.00637509
-13.59999974	0.00605852
-13.56666641	0.00583832
-13.53333308	0.00560382
-13.49999974	0.00539608
-13.46666641	0.00517525
-13.43333308	0.00503578
-13.39999974	0.00490219
-13.36666641	0.00477160
-13.33333308	0.00461740
-13.29999974	0.00460469
-13.26666641	0.00460103
-13.23333308	0.00455857
-13.19999975	0.00456173
-13.16666641	0.00452774
-13.13333308	0.00451026
-13.09999975	0.00454595
-13.06666641	0.00466384
-13.03333308	0.00472180
-12.99999975	0.00468319
-12.96666641	0.00470849
-12.93333308	0.00486960
-12.89999975	0.00487570
-12.86666642	0.00488576
-12.83333308	0.00495955
-12.79999975	0.00502886
-12.76666642	0.00504287
-12.73333308	0.00505949
-12.69999975	0.00506578
-12.66666642	0.00497421
-12.63333308	0.00501839
-12.59999975	0.00499508
-12.56666642	0.00505679
-12.53333308	0.00493402
-12.49999975	0.00471152
-12.46666642	0.00475535
-12.43333309	0.00462146
-12.39999975	0.00452106
-12.36666642	0.00446042
-12.33333309	0.00407131
-12.29999975	0.00398413
-12.26666642	0.00377786
-12.23333309	0.00346794
-12.19999975	0.00332295
-12.16666642	0.00307060
-12.13333309	0.00273101
-12.09999976	0.00246480
-12.06666642	0.00210891
-12.03333309	0.00173884
-11.99999976	0.00146574
-11.96666642	0.00113308
-11.93333309	0.00073349
-11.89999976	0.00025085
-11.86666642	0.00005108
-11.83333309	-0.00040089
-11.79999976	-0.00072629
-11.76666643	-0.00120756
-11.73333309	-0.00148685
-11.69999976	-0.00181201
-11.66666643	-0.00213612
-11.63333309	-0.00239846
-11.59999976	-0.00270944
-11.56666643	-0.00301596
-11.53333309	-0.00319159
-11.49999976	-0.00349117
-11.46666643	-0.00356939
-11.43333309	-0.00382313
-11.39999976	-0.00383128
-11.36666643	-0.00397019
-11.33333310	-0.00412405
-11.29999976	-0.00406030
-11.26666643	-0.00421197
-11.23333310	-0.00417479
-11.19999976	-0.00407615
-11.16666643	-0.00397131
-11.13333310	-0.00386407
-11.09999976	-0.00372489
-11.06666643	-0.00367788
-11.03333310	-0.00354166
-10.99999977	-0.00334301
-10.96666643	-0.00323248
-10.93333310	-0.00312953
-10.89999977	-0.00288230
-10.86666643	-0.00273128
-10.83333310	-0.00252369
-10.79999977	-0.00255716
-10.76666643	-0.00228620
-10.73333310	-0.00225432
-10.69999977	-0.00209347
-10.66666644	-0.00199771
-10.63333310	-0.00171867
-10.59999977	-0.00175568
-10.56666644	-0.00155636
-10.53333310	-0.00152990
-10.49999977	-0.00143288
-10.46666644	-0.00153466
-10.43333310	-0.00139875
-10.39999977	-0.00136854
-10.36666644	-0.00133560
-10.33333310	-0.00121020
-10.29999977	-0.00129310
-10.26666644	-0.00121601
-10.23333311	-0.00106758
-10.19999977	-0.00114395
-10.16666644	-0.00094361
-10.13333311	-0.00085826
-10.09999977	-0.00079199
-10.06666644	-0.00061423
-10.03333311	-0.00045780
-9.99999977	-0.00027964
-9.96666644	0.00006271
-9.93333311	0.00030997
-9.89999978	0.00059712
-9.86666644	0.00092206
-9.83333311	0.00132535
-9.79999978	0.00165948
-9.76666644	0.00213815
-9.73333311	0.00260574
-9.69999978	0.00305835
-9.66666644	0.00364282
-9.63333311	0.00414930
-9.59999978	0.00471220
-9.56666645	0.00533322
-9.53333311	0.00596620
-9.49999978	0.00662260
-9.46666645	0.00734060
-9.43333311	0.00798800
-9.39999978	0.00853240
-9.36666645	0.00910582
-9.33333311	0.00971729
-9.29999978	0.01027392
-9.26666645	0.01084952
-9.23333311	0.01123867
-9.19999978	0.01172283
-9.16666645	0.01217528
-9.13333312	0.01254062
-9.09999978	0.01283864
-9.06666645	0.01306629
-9.03333312	0.01328153
-8.99999978	0.01341603
-8.96666645	0.01358847
-8.93333312	0.01351245
-8.89999978	0.01350594
-8.86666645	0.01333608
-8.83333312	0.01313578
-8.79999979	0.01293936
-8.76666645	0.01265308
-8.73333312	0.01235729
-8.69999979	0.01186797
-8.66666645	0.01150645
-8.63333312	0.01106983
-8.59999979	0.01049086
-8.56666645	0.01002914
-8.53333312	0.00938321
-8.49999979	0.00874244
-8.46666646	0.00830631
-8.43333312	0.00771898
-8.39999979	0.00701209
-8.36666646	0.00639836
-8.33333312	0.00576190
-8.29999979	0.00512814
-8.26666646	0.00456249
-8.23333312	0.00399418
-8.19999979	0.00341546
-8.16666646	0.00289884
-8.13333312	0.00233291
-8.09999979	0.00184809
-8.06666646	0.00147282
-8.03333313	0.00110349
-7.99999979	0.00072882
-7.96666646	0.00052984
-7.93333313	0.00030252
-7.89999979	0.00019598
-7.86666646	-0.00008219
-7.83333313	-0.00017309
-7.79999979	-0.00022548
-7.76666646	-0.00030469
-7.73333313	-0.00028943
-7.69999980	-0.00031218
-7.66666646	-0.00016291
-7.63333313	-0.00011168
-7.59999980	0.00002153
-7.56666646	0.00013380
-7.53333313	0.00038415
-7.49999980	0.00061324
-7.46666646	0.00070045
-7.43333313	0.00086574
-7.39999980	0.00113415
-7.36666647	0.00138140
-7.33333313	0.00153400
-7.29999980	0.00170068
-7.26666647	0.00186506
-7.23333313	0.00205481
-7.19999980	0.00212388
-7.16666647	0.00223966
-7.13333313	0.00238500
-7.09999980	0.00247750
-7.06666647	0.00253036
-7.03333313	0.00253575
-6.99999980	0.00250277
-6.96666647	0.00236102
-6.93333314	0.00222073
-6.89999980	0.00228781
-6.86666647	0.00195246
-6.83333314	0.00174206
-6.79999980	0.00137671
-6.76666647	0.00112661
-6.73333314	0.00081952
-6.69999980	0.00039826
-6.66666647	-0.00001514
-6.63333314	-0.00046042
-6.59999981	-0.00091474
-6.56666647	-0.00132984
-6.53333314	-0.00193011
-6.49999981	-0.00240324
-6.46666647	-0.00291287
-6.43333314	-0.00348353
-6.39999981	-0.00394417
-6.36666647	-0.00458214
-6.33333314	-0.00518467
-6.29999981	-0.00563359
-6.26666648	-0.00616759
-6.23333314	-0.00667926
-6.19999981	-0.00699299
-6.16666648	-0.00747338
-6.13333314	-0.00781608
-6.09999981	-0.00814064
-6.06666648	-0.00852273
-6.03333314	-0.00876019
-5.99999981	-0.00889158
-5.96666648	-0.00932822
-5.93333314	-0.00938395
-5.89999981	-0.00942332
-5.86666648	-0.00951276
-5.83333315	-0.00957284
-5.79999981	-0.00966641
-5.76666648	-0.00968784
-5.73333315	-0.00950130
-5.69999981	-0.00952686
-5.66666648	-0.00936731
-5.63333315	-0.00949288
-5.59999981	-0.00920688
-5.56666648	-0.00905408
-5.53333315	-0.00891807
-5.49999982	-0.00870386
-5.46666648	-0.00854839
-5.43333315	-0.00844175
-5.39999982	-0.00828135
-5.36666648	-0.00819448
-5.33333315	-0.00805799
-5.29999982	-0.00787193
-5.26666648	-0.00785841
-5.23333315	-0.00768430
-5.19999982	-0.00767234
-5.16666649	-0.00747685
-5.13333315	-0.00755981
-5.09999982	-0.00737781
-5.06666649	-0.00740452
-5.03333315	-0.00721939
-4.99999982	-0.00729448
-4.96666649	-0.00729364
-4.93333315	-0.00730506
-4.89999982	-0.00708325
-4.86666649	-0.00716420
-4.83333316	-0.00712042
-4.79999982	-0.00693117
-4.76666649	-0.00692319
-4.73333316	-0.00688090
-4.69999982	-0.00674349
-4.66666649	-0.00665521
-4.63333316	-0.00649676
-4.59999982	-0.00621960
-4.56666649	-0.00599092
-4.53333316	-0.00574305
-4.49999982	-0.00544373
-4.46666649	-0.00529372
-4.43333316	-0.00499914
-4.39999983	-0.00457165
-4.36666649	-0.00417768
-4.33333316	-0.00376047
-4.29999983	-0.00335776
-4.26666649	-0.00292246
-4.23333316	-0.00229628
-4.19999983	-0.00179413
-4.16666649	-0.00124512
-4.13333316	-0.00075910
-4.09999983	-0.00013799
-4.06666650	0.00043225
-4.03333316	0.00103033
-3.99999983	0.00165588
-3.96666650	0.00216371
-3.93333316	0.00278355
-3.89999983	0.00330053
-3.86666650	0.00376113
-3.83333316	0.00423598
-3.79999983	0.00472636
-3.76666650	0.00514651
-3.73333317	0.00546426
-3.69999983	0.00584399
-3.66666650	0.00605812
-3.63333317	0.00638563
-3.59999983	0.00650813
-3.56666650	0.00668951
-3.53333317	0.00666446
-3.49999983	0.00671259
-3.46666650	0.00671403
-3.43333317	0.00659852
-3.39999983	0.00642352
-3.36666650	0.00618822
-3.33333317	0.00583466
-3.29999984	0.00564992
-3.26666650	0.00517702
-3.23333317	0.00469172
-3.19999984	0.00409835
-3.16666650	0.00351108
-3.13333317	0.00295301
-3.09999984	0.00223110
-3.06666650	0.00149905
-3.03333317	0.00070259
-2.99999984	-0.00021524
-2.96666651	-0.00094394
-2.93333317	-0.00198870
-2.89999984	-0.00301842
-2.86666651	-0.00396706
-2.83333317	-0.00501827
-2.79999984	-0.00605234
-2.76666651	-0.00722801
-2.73333317	-0.00837676
-2.69999984	-0.00950328
-2.66666651	-0.01075528
-2.63333318	-0.01194568
-2.59999984	-0.01330606
-2.56666651	-0.01453319
-2.53333318	-0.01570215
-2.49999984	-0.01697057
-2.46666651	-0.01818158
-2.43333318	-0.01935248
-2.39999984	-0.02057618
-2.36666651	-0.02171844
-2.33333318	-0.02294331
-2.29999984	-0.02415236
-2.26666651	-0.02534482
-2.23333318	-0.02641139
-2.19999985	-0.02747312
-2.16666651	-0.02845428
-2.13333318	-0.02934987
-2.09999985	-0.03032560
-2.06666651	-0.03124116
-2.03333318	-0.03206891
-1.99999985	-0.03284088
-1.96666651	-0.03357906
-1.93333318	-0.03426904
-1.89999985	-0.03491425
-1.86666652	-0.03548443
-1.83333318	-0.03591967
-1.79999985	-0.03643610
-1.76666652	-0.03686848
-1.73333318	-0.03734465
-1.69999985	-0.03765930
-1.66666652	-0.03791228
-1.63333318	-0.03817278
-1.59999985	-0.03830253
-1.56666652	-0.03849433
-1.53333319	-0.03859033
-1.49999985	-0.03864979
-1.46666652	-0.03867772
-1.43333319	-0.03869639
-1.39999985	-0.03866314
-1.36666652	-0.03849300
-1.33333319	-0.03828362
-1.29999985	-0.03804054
-1.26666652	-0.03784103
-1.23333319	-0.03758670
-1.19999985	-0.03729243
-1.16666652	-0.03687387
-1.13333319	-0.03639900
-1.09999986	-0.03602000
-1.06666652	-0.03550856
-1.03333319	-0.03499941
-0.99999986	-0.03432526
-0.96666652	-0.03378555
-0.93333319	-0.03309773
-0.89999986	-0.03228236
-0.86666652	-0.03144222
-0.83333319	-0.03055967
-0.79999986	-0.02967065
-0.76666653	-0.02869710
-0.73333319	-0.02766177
-0.69999986	-0.02654683
-0.66666653	-0.02555518
-0.63333319	-0.02435152
-0.59999986	-0.02298450
-0.56666653	-0.02172920
-0.53333319	-0.02044641
-0.49999986	-0.01905624
-0.46666653	-0.01768996
-0.43333320	-0.01622178
-0.39999986	-0.01480060
-0.36666653	-0.01330777
-0.33333320	-0.01165426
-0.29999986	-0.01004716
-0.26666653	-0.00854468
-0.23333320	-0.00688944
-0.19999986	-0.00517261
-0.16666653	-0.00376736
-0.13333320	-0.00218301
-0.09999986	-0.00053641
-0.06666653	0.00102981
-0.03333320	0.00267160
0.00000013	0.00414258
0.03333347	0.00559423
0.06666680	0.00707723
0.10000013	0.00850493
0.13333347	0.00986660
0.16666680	0.01128903
0.20000013	0.01253920
0.23333347	0.01384343
0.26666680	0.01497493
0.30000013	0.01617150
0.33333346	0.01731860
0.36666680	0.01828572
0.40000013	0.01934902
0.43333346	0.02028505
0.46666680	0.02110996
0.50000013	0.02201610
0.53333346	0.02283919
0.56666680	0.02358208
0.60000013	0.02431784
0.63333346	0.02497653
0.66666679	0.02559449
0.70000013	0.02620663
0.73333346	0.02681828
0.76666679	0.02736573
0.80000013	0.02782754
0.83333346	0.02839632
0.86666679	0.02887840
0.90000013	0.02933154
0.93333346	0.02978229
0.96666679	0.03026039
1.00000013	0.03073958
1.03333346	0.03101630
1.06666679	0.03147248
1.10000012	0.03195644
1.13333346	0.03227989
1.16666679	0.03261261
1.20000012	0.03303761
1.23333346	0.03340655
1.26666679	0.03381522
1.30000012	0.03419484
1.33333346	0.03447880
1.36666679	0.03478717
1.40000012	0.03514039
1.43333345	0.03544520
1.46666679	0.03576801
1.50000012	0.03592623
1.53333345	0.03623915
1.56666679	0.03634091
1.60000012	0.03676210
1.63333345	0.03694713
1.66666679	0.03708060
1.70000012	0.03721688
1.73333345	0.03722345
1.76666678	0.03740723
1.80000012	0.03753858
1.83333345	0.03762785
1.86666678	0.03759753
1.90000012	0.03772378
1.93333345	0.03765368
1.96666678	0.03774509
2.00000012	0.03772610
2.03333345	0.03765760
2.06666678	0.03761257
2.10000012	0.03759091
2.13333345	0.03752250
2.16666678	0.03752489
2.20000011	0.03733172
2.23333345	0.03727554
2.26666678	0.03720734
2.30000011	0.03715205
2.33333345	0.03707154
2.36666678	0.03695458
2.40000011	0.03680797
2.43333345	0.03677642
2.46666678	0.03670197
2.50000011	0.03649928
2.53333344	0.03648743
2.56666678	0.03633312
2.60000011	0.03610025
2.63333344	0.03603515
2.66666678	0.03594310
2.70000011	0.03591740
2.73333344	0.03565155
2.76666678	0.03548872
2.80000011	0.03534629
2.83333344	0.03516367
2.86666677	0.03513763
2.90000011	0.03496716
2.93333344	0.03478147
2.96666677	0.03458483
3.00000011	0.03440233
3.03333344	0.03410930
3.06666677	0.03391602
3.10000011	0.03361925
3.13333344	0.03326859
3.16666677	0.03299227
3.20000011	0.03278890
3.23333344	0.03240476
3.26666677	0.03192883
3.30000010	0.03152596
3.33333344	0.03101481
3.36666677	0.03058637
3.40000010	0.03004571
3.43333344	0.02964239
3.46666677	0.02896455
3.50000010	0.02843517
3.53333344	0.02779660
3.56666677	0.02705409
3.60000010	0.02641876
3.63333343	0.02561411
3.66666677	0.02487783
3.70000010	0.02400903
3.73333343	0.02316959
3.76666677	0.02224607
3.80000010	0.02132344
3.83333343	0.02053624
3.86666677	0.01958095
3.90000010	0.01864665
3.93333343	0.01760144
3.96666676	0.01668683
4.00000010	0.01567127
4.03333343	0.01466024
4.06666676	0.01366409
4.10000010	0.01272313
4.13333343	0.01185028
4.16666676	0.01083306
4.20000010	0.01002224
4.23333343	0.00894108
4.26666676	0.00810803
4.30000010	0.00720695
4.33333343	0.00641906
4.36666676	0.00569876
4.40000009	0.00480426
4.43333343	0.00413306
4.46666676	0.00341858
4.50000009	0.00281820
4.53333343	0.00227946
4.56666676	0.00168660
4.60000009	0.00126755
4.63333343	0.00074895
4.66666676	0.00038520
4.70000009	0.00003882
4.73333342	-0.00042266
4.76666676	-0.00068574
4.80000009	-0.00100395
4.83333342	-0.00114446
4.86666676	-0.00120566
4.90000009	-0.00129888
4.93333342	-0.00139744
4.96666676	-0.00142038
5.00000009	-0.00145536
5.03333342	-0.00156524
5.06666675	-0.00152003
5.10000009	-0.00148732
5.13333342	-0.00144707
5.16666675	-0.00129872
5.20000009	-0.00142907
5.23333342	-0.00131682
5.26666675	-0.00141200
5.30000009	-0.00131126
5.33333342	-0.00118608
5.36666675	-0.00119830
5.40000009	-0.00127573
5.43333342	-0.00130051
5.46666675	-0.00133009
5.50000008	-0.00139324
5.53333342	-0.00161116
5.56666675	-0.00173375
5.60000008	-0.00189732
5.63333342	-0.00205331
5.66666675	-0.00214853
5.70000008	-0.00235380
5.73333342	-0.00251084
5.76666675	-0.00271639
5.80000008	-0.00287196
5.83333341	-0.00305683
5.86666675	-0.00320516
5.90000008	-0.00325661
5.93333341	-0.00332887
5.96666675	-0.00354692
6.00000008	-0.00372583
6.03333341	-0.00385546
6.06666675	-0.00382703
6.10000008	-0.00390257
6.13333341	-0.00401028
6.16666674	-0.00401173
6.20000008	-0.00412160
6.23333341	-0.00405842
6.26666674	-0.00419655
6.30000008	-0.00410384
6.33333341	-0.00403766
6.36666674	-0.00389527
6.40000008	-0.00392514
6.43333341	-0.00379424
6.46666674	-0.00372489
6.50000008	-0.00358610
6.53333341	-0.00364454
6.56666674	-0.00357962
6.60000007	-0.00353981
6.63333341	-0.00348248
6.66666674	-0.00339524
6.70000007	-0.00338268
6.73333341	-0.00338618
6.76666674	-0.00324849
6.80000007	-0.00324584
6.83333341	-0.00327710
6.86666674	-0.00332061
6.90000007	-0.00331618
6.93333340	-0.00358521
6.96666674	-0.00372456
7.00000007	-0.00383774
7.03333340	-0.00394841
7.06666674	-0.00408148
7.10000007	-0.00436780
7.13333340	-0.00460272
7.16666674	-0.00479975
7.20000007	-0.00507005
7.23333340	-0.00534932
7.26666673	-0.00554727
7.30000007	-0.00587167
7.33333340	-0.00614077
7.36666673	-0.00639716
7.40000007	-0.00657626
7.43333340	-0.00689528
7.46666673	-0.00707754
7.50000007	-0.00727277
7.53333340	-0.00758603
7.56666673	-0.00771237
7.60000007	-0.00767581
7.63333340	-0.00785413
7.66666673	-0.00786333
7.70000006	-0.00785408
7.73333340	-0.00792884
7.76666673	-0.00787759
7.80000006	-0.00772492
7.83333340	-0.00768701
7.86666673	-0.00746550
7.90000006	-0.00738191
7.93333340	-0.00707002
7.96666673	-0.00685333
8.00000006	-0.00663438
8.03333339	-0.00636668
8.06666673	-0.00602938
8.10000006	-0.00589354
8.13333339	-0.00552547
8.16666673	-0.00517182
8.20000006	-0.00495121
8.23333339	-0.00450316
8.26666673	-0.00412477
8.30000006	-0.00386948
8.33333339	-0.00365708
8.36666672	-0.00329401
8.40000006	-0.00298525
8.43333339	-0.00268838
8.46666672	-0.00246132
8.50000006	-0.00240786
8.53333339	-0.00231416
8.56666672	-0.00211221
8.60000006	-0.00205178
8.63333339	-0.00198607
8.66666672	-0.00190311
8.70000006	-0.00194695
8.73333339	-0.00203410
8.76666672	-0.00214706
8.80000005	-0.00223814
8.83333339	-0.00234542
8.86666672	-0.00241611
8.90000005	-0.00264559
8.93333339	-0.00287111
8.96666672	-0.00303925
9.00000005	-0.00318365
9.03333339	-0.00343768
9.06666672	-0.00358925
9.10000005	-0.00380387
9.13333338	-0.00397145
9.16666672	-0.00409179
9.20000005	-0.00420603
9.23333338	-0.00444419
9.26666672	-0.00454460
9.30000005	-0.00468208
9.33333338	-0.00477539
9.36666672	-0.00488584
9.40000005	-0.00495956
9.43333338	-0.00496502
9.46666671	-0.00502409
9.50000005	-0.00511252
9.53333338	-0.00501359
9.56666671	-0.00501111
9.60000005	-0.00494618
9.63333338	-0.00487595
9.66666671	-0.00482087
9.70000005	-0.00470911
9.73333338	-0.00457461
9.76666671	-0.00448005
9.80000005	-0.00436604
9.83333338	-0.00419359
9.86666671	-0.00417071
9.90000004	-0.00395376
9.93333338	-0.00377213
9.96666671	-0.00360505
10.00000004	-0.00344960
10.03333338	-0.00329979
10.06666671	-0.00319452
10.10000004	-0.00307308
10.13333338	-0.00289357
10.16666671	-0.00274012
10.20000004	-0.00268344
10.23333337	-0.00260279
10.26666671	-0.00245466
10.30000004	-0.00237079
10.33333337	-0.00234604
10.36666671	-0.00225220
10.40000004	-0.00217889
10.43333337	-0.00212719
10.46666671	-0.00210781
10.50000004	-0.00198241
10.53333337	-0.00188037
10.56666670	-0.00188574
10.60000004	-0.00192978
10.63333337	-0.00179406
10.66666670	-0.00182825
10.70000004	-0.00179301
10.73333337	-0.00180115
10.76666670	-0.00175287
10.80000004	-0.00176921
10.83333337	-0.00182685
10.86666670	-0.00178671
10.90000004	-0.00181389
10.93333337	-0.00182508
10.96666670	-0.00181456
11.00000003	-0.00181042
11.03333337	-0.00185131
11.06666670	-0.00183409
11.10000003	-0.00182406
11.13333337	-0.00184603
11.16666670	-0.00180927
11.20000003	-0.00184185
11.23333337	-0.00177535
11.26666670	-0.00172559
11.30000003	-0.00170568
11.33333336	-0.00167020
11.36666670	-0.00164034
11.40000003	-0.00162112
11.43333336	-0.00159765
11.46666670	-0.00149480
11.50000003	-0.00147226
11.53333336	-0.00143669
11.56666670	-0.00138424
11.60000003	-0.00140030
11.63333336	-0.00134603
11.66666669	-0.00131689
11.70000003	-0.00125125
11.73333336	-0.00123895
11.76666669	-0.00120524
11.80000003	-0.00117759
11.83333336	-0.00114475
11.86666669	-0.00108555
11.90000003	-0.00110234
11.93333336	-0.00107953
11.96666669	-0.00106231
12.00000003	-0.00102856
12.03333336	-0.00101554
12.06666669	-0.00101770
12.10000002	-0.00101851
12.13333336	-0.00099597
12.16666669	-0.00098760
12.20000002	-0.00098732
12.23333336	-0.00092936
12.26666669	-0.00092037
12.30000002	-0.00091634
12.33333336	-0.00091590
12.36666669	-0.00092303
12.40000002	-0.00093196
12.43333335	-0.00090964
12.46666669	-0.00088691
12.50000002	-0.00087389
12.53333335	-0.00088447
12.56666669	-0.00085745
12.60000002	-0.00083249
12.63333335	-0.00084465
12.66666669	-0.00081234
12.70000002	-0.00081115
12.73333335	-0.00081281
12.76666668	-0.00077439
12.80000002	-0.00077333
12.83333335	-0.00075922
12.86666668	-0.00074623
12.90000002	-0.00073780
12.93333335	-0.00072736
12.96666668	-0.00072127
13.00000002	-0.00070651
13.03333335	-0.00069899
13.06666668	-0.00068540
13.10000002	-0.00067851
13.13333335	-0.00065525
13.16666668	-0.00065192
13.20000001	-0.00063626
13.23333335	-0.00062308
13.26666668	-0.00061211
13.30000001	-0.00060237
13.33333335	-0.00058409
13.36666668	-0.00057053
13.40000001	-0.00055934
13.43333335	-0.00053982
13.46666668	-0.00052067
13.50000001	-0.00051236
13.53333334	-0.00048432
13.56666668	-0.00046309
13.60000001	-0.00044725
13.63333334	-0.00042815
13.66666668	-0.00040969
13.70000001	-0.00038858
13.73333334	-0.00037343
13.76666668	-0.00034803
13.80000001	-0.00032681
13.83333334	-0.00031079
13.86666667	-0.00027818
13.90000001	-0.00026624
13.93333334	-0.00024237
13.96666667	-0.00022111
14.00000001	-0.00020408
14.03333334	-0.00018630
14.06666667	-0.00016849
14.10000001	-0.00014956
14.13333334	-0.00013639
14.16666667	-0.00011856
14.20000001	-0.00010658
14.23333334	-0.00009443
14.26666667	-0.00008210
14.30000000	-0.00007264
14.33333334	-0.00006301
14.36666667	-0.00005410
14.40000000	-0.00004746
14.43333334	-0.00003950
14.46666667	-0.00003324
14.50000000	-0.00002771
14.53333334	-0.00002336
14.56666667	-0.00001902
14.60000000	-0.00001477
14.63333333	-0.00001185
14.66666667	-0.00000914
14.70000000	-0.00000680
14.73333333	-0.00000485
14.76666667	-0.00000315
14.80000000	-0.00000178
14.83333333	-0.00000081
14.86666667	-0.00000021
14.90000000	0.00000000
