# Menlo Systems GmbH ScanControl
# Program Version 1.3.3
# Start: -65.00000000 ps, Average over 1000 waveforms. Timestamp: 2020-01-08T19:54:24
# Window type: Tukey, parameters: alpha = 0.2
# User time axis shift: 0 ps
# Frequency [THz]	THz Signal [a.u.]
0.00000000	-32.12866187
0.00732601	-22.74096558
0.01465201	-19.32840745
0.02197802	-21.07422356
0.02930403	-30.55125724
0.03663004	-26.15617775
0.04395604	-19.12015923
0.05128205	-14.26123101
0.05860806	-15.23462820
0.06593407	-15.77152543
0.07326007	-9.96695390
0.08058608	-12.16336385
0.08791209	-18.33416878
0.09523810	-6.66404339
0.10256410	-5.70671848
0.10989011	-11.44013310
0.11721612	-7.38932682
0.12454213	-4.51217801
0.13186813	-8.25610573
0.13919414	-7.58937014
0.14652015	-3.30055402
0.15384616	-3.91457080
0.16117216	-4.32300644
0.16849817	-1.87381197
0.17582418	-2.50633092
0.18315018	-5.74668377
0.19047619	-2.84696033
0.19780220	-0.64651033
0.20512821	-1.24412567
0.21245421	-1.67493687
0.21978022	-0.68726472
0.22710623	-0.83785596
0.23443224	-1.93837966
0.24175824	-1.46559220
0.24908425	-0.22451270
0.25641026	0.00000000
0.26373627	-0.36297762
0.27106227	-0.36073088
0.27838828	-0.68896120
0.28571429	-1.80837342
0.29304030	-1.69104590
0.30036630	-0.53655947
0.30769231	-0.48745550
0.31501832	-0.93342369
0.32234433	-0.66245751
0.32967033	-0.95530804
0.33699634	-2.24612759
0.34432235	-2.33805339
0.35164835	-1.56214628
0.35897436	-1.43064913
0.36630037	-1.39806842
0.37362638	-1.58345276
0.38095238	-2.19316045
0.38827839	-2.48601684
0.39560440	-2.70745761
0.40293041	-2.95714743
0.41025641	-2.71581178
0.41758242	-2.66658054
0.42490843	-3.06853101
0.43223444	-3.54524595
0.43956044	-4.10447272
0.44688645	-4.37226933
0.45421246	-4.26553674
0.46153847	-4.34062994
0.46886447	-4.53171030
0.47619048	-4.72476974
0.48351649	-5.01441947
0.49084250	-5.46662552
0.49816850	-5.96810013
0.50549451	-5.93473194
0.51282052	-5.81673771
0.52014652	-6.28195129
0.52747253	-6.76489668
0.53479854	-7.02537761
0.54212455	-7.43712082
0.54945055	-8.25956248
0.55677656	-9.38887962
0.56410257	-9.09492224
0.57142858	-8.34210425
0.57875458	-8.87959079
0.58608059	-9.39107691
0.59340660	-9.32808158
0.60073261	-9.87078265
0.60805861	-10.14588013
0.61538462	-10.23285685
0.62271063	-10.92938328
0.63003664	-11.21597888
0.63736264	-11.46416382
0.64468865	-12.27168398
0.65201466	-12.67514357
0.65934067	-13.07893463
0.66666667	-13.75500744
0.67399268	-14.15102538
0.68131869	-14.75962048
0.68864470	-15.37376551
0.69597070	-15.85699872
0.70329671	-16.68585510
0.71062272	-17.19631423
0.71794872	-17.59427803
0.72527473	-18.39578171
0.73260074	-18.81934427
0.73992675	-19.37872545
0.74725275	-20.72156118
0.75457876	-21.58161821
0.76190477	-21.59786221
0.76923078	-21.89860586
0.77655678	-22.54346766
0.78388279	-23.20217354
0.79120880	-23.83425494
0.79853481	-24.53110271
0.80586081	-25.27602380
0.81318682	-25.91422427
0.82051283	-26.51681928
0.82783884	-27.16487542
0.83516484	-27.73345415
0.84249085	-28.33931389
0.84981686	-28.97880306
0.85714287	-29.58793357
0.86446887	-30.31264334
0.87179488	-30.89402106
0.87912089	-31.46180065
0.88644689	-32.30453926
0.89377290	-33.00939254
0.90109891	-33.69284534
0.90842492	-34.42501561
0.91575092	-34.98120408
0.92307693	-35.69645326
0.93040294	-36.39739469
0.93772895	-37.09277392
0.94505495	-37.76883622
0.95238096	-38.24209399
0.95970697	-39.31417770
0.96703298	-40.31373167
0.97435898	-40.61778651
0.98168499	-41.95918802
0.98901100	-43.64387051
0.99633701	-43.78167757
1.00366301	-44.16829727
1.01098902	-45.36681473
1.01831503	-46.31574550
1.02564104	-46.69222217
1.03296704	-47.30419959
1.04029305	-48.09475723
1.04761906	-48.86233959
1.05494506	-50.30832058
1.06227107	-51.27725465
1.06959708	-51.71999395
1.07692309	-52.46161066
1.08424909	-52.97954769
1.09157510	-55.99048064
1.09890111	-59.34836467
1.10622712	-55.73596175
1.11355312	-56.96564873
1.12087913	-58.14565997
1.12820514	-55.95430954
1.13553115	-58.22635008
1.14285715	-61.71266224
1.15018316	-59.17194400
1.15750917	-60.43400747
1.16483518	-63.89246684
1.17216118	-63.72420506
1.17948719	-64.74987481
1.18681320	-64.42636185
1.19413921	-63.92515030
1.20146521	-67.54334376
1.20879122	-69.32738325
1.21611723	-65.48197892
1.22344323	-65.47268107
1.23076924	-67.62383081
1.23809525	-67.11691110
1.24542126	-69.18266558
1.25274726	-71.17241112
1.26007327	-73.13483630
1.26739928	-92.36192456
1.27472529	-80.33124993
1.28205129	-86.41938236
1.28937730	-78.02806752
1.29670331	-71.47049216
1.30402932	-71.23959866
1.31135532	-76.84287257
1.31868133	-72.08740206
1.32600734	-71.20732303
1.33333335	-75.01902808
1.34065935	-82.63435891
1.34798536	-92.89863259
1.35531137	-83.44302849
1.36263738	-81.41511843
1.36996338	-86.81572092
1.37728939	-85.63467678
1.38461540	-74.31043923
1.39194140	-70.91899116
1.39926741	-74.84911675
1.40659342	-84.21317552
1.41391943	-73.41614552
1.42124543	-74.58052932
1.42857144	-87.02459492
1.43589745	-80.73195274
1.44322346	-84.98944835
1.45054946	-72.45764588
1.45787547	-71.42895783
1.46520148	-71.57341433
1.47252749	-76.01583241
1.47985349	-84.94884699
1.48717950	-77.91891003
1.49450551	-81.95800202
1.50183152	-74.40927909
1.50915752	-72.24545840
1.51648353	-72.78867051
1.52380954	-73.68877638
1.53113555	-76.66911067
1.53846155	-86.36263453
1.54578756	-74.97053481
1.55311357	-80.63416048
1.56043957	-77.97596410
1.56776558	-78.62705418
1.57509159	-78.10238664
1.58241760	-71.15321619
1.58974360	-75.41188309
1.59706961	-82.71461370
1.60439562	-75.02905916
1.61172163	-79.62307546
1.61904763	-79.68193996
1.62637364	-79.05219111
1.63369965	-85.82953192
1.64102566	-73.94849583
1.64835166	-76.81098991
1.65567767	-85.57241155
1.66300368	-89.23243386
1.67032969	-78.79017789
1.67765569	-76.49487363
1.68498170	-73.73609093
1.69230771	-70.99846903
1.69963372	-71.54543638
1.70695972	-73.14850445
1.71428573	-74.55535251
1.72161174	-78.99811611
1.72893775	-88.10954345
1.73626375	-78.18856736
1.74358976	-79.26430708
1.75091577	-80.29323946
1.75824177	-78.30926645
1.76556778	-75.32725655
1.77289379	-80.14546513
1.78021980	-79.94411235
1.78754580	-78.88866471
1.79487181	-79.10784119
1.80219782	-79.85187119
1.80952383	-83.95544313
1.81684983	-83.82792525
1.82417584	-79.96766109
1.83150185	-82.90310692
1.83882786	-82.84439675
1.84615386	-76.89168782
1.85347987	-75.78083883
1.86080588	-78.66445700
1.86813189	-89.85400366
1.87545789	-86.17812172
1.88278390	-83.77391787
1.89010991	-79.24054313
1.89743592	-79.08836736
1.90476192	-79.78337701
1.91208793	-73.95152126
1.91941394	-75.10866784
1.92673994	-82.32034733
1.93406595	-86.05538879
1.94139196	-82.65838541
1.94871797	-78.10333972
1.95604397	-74.98972260
1.96336998	-81.23691741
1.97069599	-81.68177044
1.97802200	-84.66272833
1.98534800	-77.29899905
1.99267401	-77.81849156
2.00000002	-83.18898865
2.00732603	-74.18354741
2.01465203	-78.99697987
2.02197804	-80.52809598
2.02930405	-81.99163237
2.03663006	-75.53542251
2.04395606	-72.10231867
2.05128207	-75.85781831
2.05860808	-79.91884049
2.06593409	-73.56932316
2.07326009	-73.55560496
2.08058610	-84.58999061
2.08791211	-72.94707150
2.09523811	-77.18171123
2.10256412	-82.17107237
2.10989013	-82.30437020
2.11721614	-81.88763470
2.12454214	-79.75401170
2.13186815	-94.89423716
2.13919416	-89.58214184
2.14652017	-84.36183156
2.15384617	-86.02638063
2.16117218	-83.30357035
2.16849819	-82.36166313
2.17582420	-84.05660952
2.18315020	-80.66638179
2.19047621	-69.85049404
2.19780222	-68.58140591
2.20512823	-76.53486591
2.21245423	-78.75388741
2.21978024	-77.99519911
2.22710625	-82.04207140
2.23443226	-78.69164664
2.24175826	-82.26446177
2.24908427	-76.26450412
2.25641028	-80.22540004
2.26373628	-85.80882826
2.27106229	-83.03073312
2.27838830	-81.02998708
2.28571431	-81.12453243
2.29304031	-84.09851314
2.30036632	-84.24053033
2.30769233	-79.86986572
2.31501834	-89.48320487
2.32234434	-84.02439103
2.32967035	-78.66336577
2.33699636	-83.46961827
2.34432237	-84.18729847
2.35164837	-77.71366246
2.35897438	-76.59906071
2.36630039	-82.45036128
2.37362640	-77.89110192
2.38095240	-80.14159843
2.38827841	-79.47900454
2.39560442	-77.42411093
2.40293043	-78.74543353
2.41025643	-77.26000092
2.41758244	-79.62293741
2.42490845	-80.54306962
2.43223445	-72.58518604
2.43956046	-76.47720395
2.44688647	-95.18707622
2.45421248	-90.62029227
2.46153848	-83.58218819
2.46886449	-81.12586900
2.47619050	-74.22033516
2.48351651	-74.60027106
2.49084251	-79.05974375
2.49816852	-81.69989834
2.50549453	-83.26268646
2.51282054	-88.45364665
2.52014654	-77.83299905
2.52747255	-77.79878342
2.53479856	-77.05283888
2.54212457	-79.32342173
2.54945057	-77.03502045
2.55677658	-76.56235127
2.56410259	-85.02520548
2.57142860	-81.04861618
2.57875460	-83.70642563
2.58608061	-81.20889445
2.59340662	-73.11742704
2.60073262	-76.76597120
2.60805863	-77.83959278
2.61538464	-73.24120372
2.62271065	-76.90396664
2.63003665	-79.13408096
2.63736266	-78.43629456
2.64468867	-84.45609252
2.65201468	-90.99310095
2.65934068	-89.15027703
2.66666669	-76.47211211
2.67399270	-83.11128652
2.68131871	-76.67245117
2.68864471	-75.65739047
2.69597072	-87.79430027
2.70329673	-75.60911203
2.71062274	-82.07945976
2.71794874	-83.59197654
2.72527475	-82.40644430
2.73260076	-81.02887886
2.73992677	-86.80594373
2.74725277	-83.03869339
2.75457878	-76.29956567
2.76190479	-77.74037408
2.76923080	-85.29302197
2.77655680	-82.36000517
2.78388281	-77.58015119
2.79120882	-86.86609504
2.79853482	-78.23265671
2.80586083	-76.86328236
2.81318684	-79.41634648
2.82051285	-74.40668509
2.82783885	-77.67053796
2.83516486	-80.55611712
2.84249087	-77.50119635
2.84981688	-76.03263698
2.85714288	-75.20696321
2.86446889	-75.45758885
2.87179490	-76.07834888
2.87912091	-78.65827086
2.88644691	-77.16670483
2.89377292	-75.22877820
2.90109893	-74.60746833
2.90842494	-74.88695996
2.91575094	-76.77736570
2.92307695	-76.33844906
2.93040296	-77.74397222
2.93772897	-83.38590237
2.94505497	-83.85254642
2.95238098	-84.47651480
2.95970699	-82.46248835
2.96703299	-85.95706872
2.97435900	-80.25315988
2.98168501	-81.04967578
2.98901102	-81.89752874
2.99633702	-84.30873591
3.00366303	-77.20721482
3.01098904	-78.60409713
3.01831505	-87.89331930
3.02564105	-86.89667280
3.03296706	-80.72403339
3.04029307	-78.43199698
3.04761908	-85.85482819
3.05494508	-81.87303951
3.06227109	-75.93900551
3.06959710	-75.94918757
3.07692311	-82.78619826
3.08424911	-79.92482439
3.09157512	-74.48282923
3.09890113	-82.37535361
3.10622714	-78.35764773
3.11355314	-72.46195860
3.12087915	-71.48915988
3.12820516	-73.13160524
3.13553116	-76.64770929
3.14285717	-84.91168604
3.15018318	-84.64550994
3.15750919	-77.41964193
3.16483519	-71.60958424
3.17216120	-73.64649784
3.17948721	-88.36035781
3.18681322	-83.03317959
3.19413922	-82.19723907
3.20146523	-86.00010454
3.20879124	-84.85772277
3.21611725	-78.75487100
3.22344325	-81.85240411
3.23076926	-89.08416447
3.23809527	-81.54171569
3.24542128	-85.82773506
3.25274728	-86.34419124
3.26007329	-77.31735074
3.26739930	-74.76066232
3.27472531	-78.16704809
3.28205131	-87.17750718
3.28937732	-79.56224343
3.29670333	-77.14831088
3.30402933	-88.67178356
3.31135534	-84.13091650
3.31868135	-85.25131577
3.32600736	-83.60199850
3.33333336	-96.44656350
3.34065937	-78.83727735
3.34798538	-81.28400630
3.35531139	-89.37247807
3.36263739	-86.15473544
3.36996340	-75.55179246
3.37728941	-76.23589307
3.38461542	-87.08676183
3.39194142	-83.59146714
3.39926743	-92.53704489
3.40659344	-87.55658138
3.41391945	-86.41124610
3.42124545	-85.07143276
3.42857146	-79.59838107
3.43589747	-81.63991001
3.44322348	-80.34175196
3.45054948	-79.75037367
3.45787549	-85.62744835
3.46520150	-77.59788109
3.47252750	-90.35856389
3.47985351	-78.57240628
3.48717952	-76.46683811
3.49450553	-79.33025241
3.50183153	-87.50642560
3.50915754	-84.57997747
3.51648355	-79.36335960
3.52380956	-79.99372725
3.53113556	-74.44336325
3.53846157	-72.69912178
3.54578758	-75.48923034
3.55311359	-86.60781380
3.56043959	-74.14898659
3.56776560	-76.24597509
3.57509161	-92.20250072
3.58241762	-80.36086367
3.58974362	-80.65105024
3.59706963	-79.13390936
3.60439564	-94.81958341
3.61172165	-77.99607408
3.61904765	-75.05636854
3.62637366	-78.18982115
3.63369967	-82.41936866
3.64102567	-88.63178435
3.64835168	-84.03127725
3.65567769	-76.59299503
3.66300370	-78.03065964
3.67032970	-95.52873724
3.67765571	-76.23188586
3.68498172	-75.91181012
3.69230773	-85.64635480
3.69963373	-92.44501137
3.70695974	-94.64311164
3.71428575	-94.09457790
3.72161176	-80.48858233
3.72893776	-75.88523376
3.73626377	-77.27077613
3.74358978	-80.25751767
3.75091579	-79.83036449
3.75824179	-79.93413682
3.76556780	-84.92680839
3.77289381	-81.41563416
3.78021982	-77.04986664
3.78754582	-80.36435947
3.79487183	-82.68517649
3.80219784	-73.84937664
3.80952385	-73.80919092
3.81684985	-80.25312770
3.82417586	-96.20026419
3.83150187	-82.98445068
3.83882787	-93.02718391
3.84615388	-79.00652931
3.85347989	-78.01107857
3.86080590	-85.90226010
3.86813190	-76.02293933
3.87545791	-78.49732727
3.88278392	-85.79790668
3.89010993	-79.13379203
3.89743593	-79.89813072
3.90476194	-75.98518374
3.91208795	-75.52348255
3.91941396	-91.28008873
3.92673996	-77.24327031
3.93406597	-82.31218137
3.94139198	-81.69471711
3.94871799	-79.86923254
3.95604399	-77.57784859
3.96337000	-78.28981732
3.97069601	-96.80251200
3.97802202	-96.98774784
3.98534802	-81.02224848
3.99267403	-77.28927274
4.00000004	-82.03024394
4.00732604	-78.62108008
4.01465205	-76.54043574
4.02197806	-80.93227555
4.02930407	-93.50516822
4.03663007	-86.66191628
4.04395608	-91.52356901
4.05128209	-89.61134374
4.05860810	-90.30266946
4.06593410	-79.23626216
4.07326011	-84.76020784
4.08058612	-79.42706141
4.08791213	-73.88376005
4.09523813	-75.00729925
4.10256414	-77.11906926
4.10989015	-77.95780138
4.11721616	-79.51972044
4.12454216	-81.21037529
4.13186817	-81.99595402
4.13919418	-81.35886416
4.14652019	-83.98429086
4.15384619	-78.87292697
4.16117220	-75.12128585
4.16849821	-78.33405047
4.17582421	-73.53610278
4.18315022	-76.47572002
4.19047623	-82.68928018
4.19780224	-80.87666041
4.20512824	-81.70454394
4.21245425	-79.43239408
4.21978026	-76.50335238
4.22710627	-77.52025530
4.23443227	-85.35642068
4.24175828	-78.41958519
4.24908429	-77.96532910
4.25641030	-79.13798447
4.26373630	-82.20855532
4.27106231	-81.06265577
4.27838832	-82.41023545
4.28571433	-94.61292145
4.29304033	-86.02533745
4.30036634	-78.68986567
4.30769235	-79.13418860
4.31501836	-90.40098853
4.32234436	-84.08008150
4.32967037	-96.03498656
4.33699638	-79.48110568
4.34432238	-81.59845319
4.35164839	-86.22812472
4.35897440	-83.71081280
4.36630041	-80.26072137
4.37362641	-74.80001881
4.38095242	-81.31984252
4.38827843	-78.15175997
4.39560444	-78.56606057
4.40293044	-87.74228363
4.41025645	-82.84678937
4.41758246	-77.57117795
4.42490847	-78.50237041
4.43223447	-91.36043809
4.43956048	-77.11847801
4.44688649	-79.77543660
4.45421250	-101.36294734
4.46153850	-87.00101372
4.46886451	-78.20048581
4.47619052	-74.57944675
4.48351653	-75.70236807
4.49084253	-82.42206162
4.49816854	-84.91133251
4.50549455	-82.40698472
4.51282055	-84.38059244
4.52014656	-88.04724264
4.52747257	-79.64308635
4.53479858	-79.92362212
4.54212458	-94.07018222
4.54945059	-82.79759332
4.55677660	-78.17929774
4.56410261	-76.75624749
4.57142861	-77.61602047
4.57875462	-80.25772369
4.58608063	-81.93215657
4.59340664	-95.98666192
4.60073264	-83.67723327
4.60805865	-81.01639709
4.61538466	-82.49990953
4.62271067	-86.34911747
4.63003667	-87.18383188
4.63736268	-82.31946111
4.64468869	-83.32495485
4.65201470	-83.41602208
4.65934070	-81.30270476
4.66666671	-84.19987480
4.67399272	-80.70249867
4.68131872	-86.12344809
4.68864473	-103.98417871
4.69597074	-91.40906260
4.70329675	-84.84668524
4.71062275	-78.98880964
4.71794876	-75.19872612
4.72527477	-76.76274359
4.73260078	-79.82271169
4.73992678	-86.66777527
4.74725279	-92.72145833
4.75457880	-90.21282356
4.76190481	-79.32435544
4.76923081	-84.22762798
4.77655682	-80.64522155
4.78388283	-93.05703762
4.79120884	-74.78043119
4.79853484	-72.76393944
4.80586085	-84.49616680
4.81318686	-82.09649306
4.82051287	-83.81042944
4.82783887	-82.04769689
4.83516488	-81.24077964
4.84249089	-80.08379626
4.84981690	-80.21012975
4.85714290	-83.66710287
4.86446891	-84.98492174
4.87179492	-80.19262788
4.87912092	-78.76055419
4.88644693	-81.29181457
4.89377294	-95.83634428
4.90109895	-90.41356123
4.90842495	-81.22840871
4.91575096	-88.79672631
4.92307697	-79.28123764
4.93040298	-77.46428067
4.93772898	-84.80151720
4.94505499	-81.65303024
4.95238100	-82.82603131
4.95970701	-76.23010036
4.96703301	-80.14706756
4.97435902	-84.30014655
4.98168503	-83.41898996
4.98901104	-82.01003378
4.99633704	-86.74440581
5.00366305	-76.01831273
5.01098906	-76.69795502
5.01831507	-80.38847230
5.02564107	-78.80258240
5.03296708	-80.05556887
5.04029309	-79.52870825
5.04761909	-84.66652663
5.05494510	-90.39629221
5.06227111	-86.48428577
5.06959712	-87.77820551
5.07692312	-84.79727019
5.08424913	-83.57396589
5.09157514	-82.03282338
5.09890115	-80.10386153
5.10622715	-81.55287288
5.11355316	-79.41081317
5.12087917	-79.33570781
5.12820518	-80.85543371
5.13553118	-81.93941633
5.14285719	-81.43822143
5.15018320	-87.73836762
5.15750921	-80.14300779
5.16483521	-79.45215370
5.17216122	-79.17750497
5.17948723	-73.95512438
5.18681324	-72.34621598
5.19413924	-76.21066957
5.20146525	-78.93408450
5.20879126	-82.93273522
5.21611726	-91.02380128
5.22344327	-85.90502942
5.23076928	-89.81373379
5.23809529	-82.67867838
5.24542129	-84.92156023
5.25274730	-79.75853845
5.26007331	-89.45969188
5.26739932	-80.50685950
5.27472532	-77.28458337
5.28205133	-80.10889721
5.28937734	-92.67629385
5.29670335	-81.15051723
5.30402935	-92.29375851
5.31135536	-77.25463740
5.31868137	-81.54441320
5.32600738	-84.91574793
5.33333338	-80.96905056
5.34065939	-85.88398264
5.34798540	-84.10481140
5.35531141	-90.37433218
5.36263741	-95.27683107
5.36996342	-83.36150929
5.37728943	-80.91175405
5.38461543	-85.94718020
5.39194144	-89.33800068
5.39926745	-79.03348778
5.40659346	-77.50784921
5.41391946	-81.74112499
5.42124547	-83.03717869
5.42857148	-82.09831998
5.43589749	-81.59850915
5.44322349	-80.29700872
5.45054950	-90.68695383
5.45787551	-83.47674862
5.46520152	-90.88869236
5.47252752	-88.37167082
5.47985353	-82.75163944
5.48717954	-78.46825743
5.49450555	-77.52232017
5.50183155	-77.22219082
5.50915756	-81.52951976
5.51648357	-86.37736071
5.52380958	-85.62359915
5.53113558	-94.81642470
5.53846159	-86.03252315
5.54578760	-78.41102941
5.55311360	-78.57268174
5.56043961	-84.87253329
5.56776562	-81.50875217
5.57509163	-90.32698002
5.58241763	-80.68266107
5.58974364	-79.54011653
5.59706965	-87.43654559
5.60439566	-86.11872426
5.61172166	-82.68853272
5.61904767	-79.44214428
5.62637368	-84.49497006
5.63369969	-90.05337441
5.64102569	-82.62848919
5.64835170	-80.63612294
5.65567771	-80.53329605
5.66300372	-77.85766268
5.67032972	-83.20504685
5.67765573	-88.79284364
5.68498174	-86.45569577
5.69230775	-90.25027125
5.69963375	-78.65780791
5.70695976	-75.27804454
5.71428577	-75.98055296
5.72161177	-80.69961651
5.72893778	-80.86097929
5.73626379	-83.51730863
5.74358980	-89.56189995
5.75091580	-80.08684246
5.75824181	-76.90055501
5.76556782	-79.93446883
5.77289383	-79.57031277
5.78021983	-76.57627361
5.78754584	-81.51984101
5.79487185	-94.73810535
5.80219786	-81.66261926
5.80952386	-81.89325361
5.81684987	-81.87351826
5.82417588	-75.07006925
5.83150189	-75.93947104
5.83882789	-79.63461168
5.84615390	-80.59199045
5.85347991	-86.61451193
5.86080592	-79.72876095
5.86813192	-82.47730060
5.87545793	-82.66294141
5.88278394	-78.96158235
5.89010995	-82.94977681
5.89743595	-96.34075956
5.90476196	-79.02558376
5.91208797	-75.44705069
5.91941397	-77.29628412
5.92673998	-82.22139699
5.93406599	-76.68423136
5.94139200	-75.69734348
5.94871800	-79.60711975
5.95604401	-77.97278102
5.96337002	-80.88912300
5.97069603	-83.34373447
5.97802203	-79.38035170
5.98534804	-79.07107241
5.99267405	-80.95480036
6.00000006	-79.55035834
6.00732606	-82.43684100
6.01465207	-88.83971332
6.02197808	-80.22221732
6.02930409	-89.66055527
6.03663009	-81.58474984
6.04395610	-83.54732952
6.05128211	-82.39828257
6.05860812	-84.71095982
6.06593412	-80.01129212
6.07326013	-74.89978512
6.08058614	-77.49129932
6.08791214	-82.05027766
6.09523815	-82.09059083
6.10256416	-86.96281773
6.10989017	-82.47279624
6.11721617	-78.61598067
6.12454218	-84.39663063
6.13186819	-84.93146257
6.13919420	-77.37911853
6.14652020	-77.12345512
6.15384621	-83.71432699
6.16117222	-86.24375060
6.16849823	-81.70802636
6.17582423	-78.48939754
6.18315024	-84.55173475
6.19047625	-87.07901733
6.19780226	-83.78045879
6.20512826	-91.60148143
6.21245427	-85.08495851
6.21978028	-94.27398282
6.22710629	-79.63451051
6.23443229	-81.52940966
6.24175830	-84.78656030
6.24908431	-82.77321483
6.25641031	-84.64220044
6.26373632	-83.08250484
6.27106233	-88.32270265
6.27838834	-84.00917117
6.28571434	-83.61783186
6.29304035	-85.65472358
6.30036636	-93.45698684
6.30769237	-85.90968752
6.31501837	-86.60127131
6.32234438	-86.50813663
6.32967039	-81.69376589
6.33699640	-84.51251109
6.34432240	-80.75342102
6.35164841	-75.72574080
6.35897442	-73.97094726
6.36630043	-73.50994726
6.37362643	-83.20545782
6.38095244	-78.11505941
6.38827845	-76.28462202
6.39560446	-84.68257419
6.40293046	-75.25464635
6.41025647	-76.79498604
6.41758248	-79.24367099
6.42490848	-80.15923277
6.43223449	-90.78631210
6.43956050	-80.60282877
6.44688651	-84.65653209
6.45421251	-85.22463501
6.46153852	-88.32413968
6.46886453	-94.52701893
6.47619054	-91.35029592
6.48351654	-80.30399365
6.49084255	-77.74701225
6.49816856	-83.12378302
6.50549457	-79.89158116
6.51282057	-74.96786982
6.52014658	-78.89273647
6.52747259	-78.85508619
6.53479860	-74.09063300
6.54212460	-75.50206217
6.54945061	-77.96554694
6.55677662	-76.24349244
6.56410263	-75.27341159
6.57142863	-77.68915621
6.57875464	-89.28195773
6.58608065	-82.35344213
6.59340665	-80.06173386
6.60073266	-75.70477263
6.60805867	-79.60176120
6.61538468	-82.34396168
6.62271068	-80.22257248
6.63003669	-89.95725842
6.63736270	-79.22257273
6.64468871	-83.31508672
6.65201471	-83.09092964
6.65934072	-77.53350101
6.66666673	-79.03270365
6.67399274	-90.52349983
6.68131874	-85.94025647
6.68864475	-92.60436474
6.69597076	-90.43327645
6.70329677	-87.30106074
6.71062277	-86.89941492
6.71794878	-88.35586037
6.72527479	-86.92754350
6.73260080	-84.38356880
6.73992680	-81.46712960
6.74725281	-80.72628327
6.75457882	-84.28936268
6.76190482	-102.91263637
6.76923083	-89.73638234
6.77655684	-86.98953075
6.78388285	-82.30401997
6.79120885	-87.36735042
6.79853486	-82.27517304
6.80586087	-84.24643306
6.81318688	-86.03557408
6.82051288	-83.96476930
6.82783889	-76.73488669
6.83516490	-75.80790674
6.84249091	-80.81566632
6.84981691	-83.76166088
6.85714292	-81.77802561
6.86446893	-79.54402951
6.87179494	-96.25146261
6.87912094	-76.93112005
6.88644695	-76.69564136
6.89377296	-81.48158600
6.90109897	-82.86215295
6.90842497	-85.97776822
6.91575098	-80.28277884
6.92307699	-81.42739446
6.93040299	-82.33172764
6.93772900	-82.61679852
6.94505501	-87.51365335
6.95238102	-81.82191577
6.95970702	-84.12280848
6.96703303	-77.34591781
6.97435904	-82.61530368
6.98168505	-83.63938535
6.98901105	-86.03424769
6.99633706	-83.75957076
7.00366307	-79.58383505
7.01098908	-83.70495497
7.01831508	-112.53256695
7.02564109	-83.32237162
7.03296710	-83.64685631
7.04029311	-91.70737821
7.04761911	-81.98501223
7.05494512	-82.02294355
7.06227113	-78.97876686
7.06959714	-77.32118097
7.07692314	-78.00667394
7.08424915	-94.04677494
7.09157516	-79.06952794
7.09890117	-77.85429706
7.10622717	-84.30345320
7.11355318	-87.44887171
7.12087919	-80.44037017
7.12820519	-78.58295054
7.13553120	-86.65624346
7.14285721	-80.46625031
7.15018322	-78.95993166
7.15750922	-83.69629735
7.16483523	-79.43514915
7.17216124	-76.89603151
7.17948725	-83.25718523
7.18681325	-79.76784230
7.19413926	-75.26135977
7.20146527	-77.78451228
7.20879128	-84.17427095
7.21611728	-91.07960770
7.22344329	-80.71858842
7.23076930	-77.88146736
7.23809531	-82.10355005
7.24542131	-80.16024932
7.25274732	-86.09979806
7.26007333	-82.23800429
7.26739934	-81.08214022
7.27472534	-89.46350506
7.28205135	-80.11868211
7.28937736	-88.70032328
7.29670336	-84.25860866
7.30402937	-84.22727619
7.31135538	-83.00270083
7.31868139	-79.89434702
7.32600739	-83.08725681
7.33333340	-90.51282469
7.34065941	-79.52618944
7.34798542	-77.72811990
7.35531142	-79.65107712
7.36263743	-79.31331227
7.36996344	-81.51352018
7.37728945	-82.89332573
7.38461545	-77.60752384
7.39194146	-81.59823621
7.39926747	-81.13755141
7.40659348	-83.06297814
7.41391948	-84.18854507
7.42124549	-76.89111029
7.42857150	-76.28121685
7.43589751	-82.69865904
7.44322351	-85.21131364
7.45054952	-82.49228090
7.45787553	-86.40669079
7.46520153	-75.53320730
7.47252754	-74.60009028
7.47985355	-80.38324710
7.48717956	-90.28747556
7.49450556	-90.25978163
7.50183157	-83.80496447
7.50915758	-79.06022626
7.51648359	-85.76284120
7.52380959	-79.11736149
7.53113560	-78.58527087
7.53846161	-79.29101329
7.54578762	-83.88356638
7.55311362	-85.20700588
7.56043963	-81.25305048
7.56776564	-83.50527327
7.57509165	-81.15711382
7.58241765	-78.20200586
7.58974366	-79.17720445
7.59706967	-74.44940807
7.60439568	-74.88328888
7.61172168	-81.81724924
7.61904769	-83.05622334
7.62637370	-79.69296415
7.63369970	-79.21826020
7.64102571	-78.75680998
7.64835172	-86.80201828
7.65567773	-80.84963479
7.66300373	-79.05119988
7.67032974	-103.37073827
7.67765575	-77.69520894
7.68498176	-75.29706276
7.69230776	-79.77667148
7.69963377	-77.85166963
7.70695978	-76.70752465
7.71428579	-89.07317903
7.72161179	-76.54801426
7.72893780	-78.73270652
7.73626381	-84.40094258
7.74358982	-80.13377016
7.75091582	-83.25017097
7.75824183	-86.63506177
7.76556784	-86.26989173
7.77289385	-83.90413981
7.78021985	-81.82302845
7.78754586	-80.96145191
7.79487187	-78.92148642
7.80219787	-80.78445679
7.80952388	-91.23762168
7.81684989	-88.49370808
7.82417590	-85.90804326
7.83150190	-96.16798358
7.83882791	-92.33559688
7.84615392	-93.09856462
7.85347993	-83.20487986
7.86080593	-75.25012803
7.86813194	-74.25176756
7.87545795	-79.29395858
7.88278396	-88.61449018
7.89010996	-84.42653850
7.89743597	-79.83097271
7.90476198	-82.87741796
7.91208799	-88.71963682
7.91941399	-96.23654685
7.92674000	-82.80621355
7.93406601	-77.06968288
7.94139202	-78.38420032
7.94871802	-85.61533784
7.95604403	-83.95067885
7.96337004	-89.76760283
7.97069604	-84.91717305
7.97802205	-79.14314835
7.98534806	-80.61819517
7.99267407	-84.48535111
8.00000007	-87.11163739
8.00732608	-85.56670700
8.01465209	-89.08986735
8.02197810	-89.04602069
8.02930410	-98.43853873
8.03663011	-81.81413213
8.04395612	-80.76509724
8.05128213	-93.00628675
8.05860813	-83.21164711
8.06593414	-88.49215485
8.07326015	-84.32525874
8.08058616	-82.70614746
8.08791216	-97.37476477
8.09523817	-84.26052093
8.10256418	-84.52529630
8.10989019	-88.73721201
8.11721619	-82.11579593
8.12454220	-92.36120580
8.13186821	-77.57053260
8.13919422	-76.83372978
8.14652022	-89.68578751
8.15384623	-85.65119052
8.16117224	-91.62690516
8.16849824	-93.70682372
8.17582425	-85.26580881
8.18315026	-83.03540716
8.19047627	-105.17996117
8.19780227	-80.14978479
8.20512828	-78.00324273
8.21245429	-86.07635313
8.21978030	-82.25197531
8.22710630	-80.03986754
8.23443231	-79.33619430
8.24175832	-76.18598529
8.24908433	-76.06496455
8.25641033	-78.47729711
8.26373634	-77.47134604
8.27106235	-80.82200161
8.27838836	-80.93639567
8.28571436	-80.41520667
8.29304037	-84.39068667
8.30036638	-78.76405013
8.30769239	-86.24355320
8.31501839	-81.99994973
8.32234440	-78.20793717
8.32967041	-78.67720470
8.33699641	-85.16889085
8.34432242	-93.55441879
8.35164843	-87.64760418
8.35897444	-89.00713413
8.36630044	-91.59071053
8.37362645	-84.80698806
8.38095246	-84.76589132
8.38827847	-88.02463841
8.39560447	-84.31355636
8.40293048	-78.73110096
8.41025649	-77.64410493
8.41758250	-87.45708521
8.42490850	-78.20183086
8.43223451	-76.85507957
8.43956052	-93.16029510
8.44688653	-81.44408750
8.45421253	-88.67158707
8.46153854	-79.45118186
8.46886455	-75.14369618
8.47619056	-79.74424055
8.48351656	-87.40121491
8.49084257	-78.19607234
8.49816858	-79.02509173
8.50549458	-83.78264375
8.51282059	-95.16571719
8.52014660	-84.52235454
8.52747261	-84.87573873
8.53479861	-85.94459426
8.54212462	-91.86759546
8.54945063	-80.90627037
8.55677664	-76.56779550
8.56410264	-80.52096961
8.57142865	-78.65953300
8.57875466	-79.86175598
8.58608067	-78.30492029
8.59340667	-77.29872362
8.60073268	-97.05663750
8.60805869	-88.82153226
8.61538470	-81.85654962
8.62271070	-75.62906655
8.63003671	-81.48210255
8.63736272	-79.81794568
8.64468873	-77.56535921
8.65201473	-79.92135251
8.65934074	-83.18795444
8.66666675	-81.10278211
8.67399275	-77.92811415
8.68131876	-82.06331696
8.68864477	-85.44499560
8.69597078	-79.65221153
8.70329678	-82.00713008
8.71062279	-82.66422952
8.71794880	-81.63551846
8.72527481	-85.82533100
8.73260081	-80.16490599
8.73992682	-85.26306255
8.74725283	-80.66160493
8.75457884	-77.85066836
8.76190484	-88.33409002
8.76923085	-84.52956075
8.77655686	-93.91435547
8.78388287	-84.33960639
8.79120887	-78.54538139
8.79853488	-80.44097711
8.80586089	-86.33109416
8.81318690	-77.07077777
8.82051290	-79.01048704
8.82783891	-81.43968497
8.83516492	-85.41798005
8.84249092	-83.52640939
8.84981693	-81.65671707
8.85714294	-77.56119073
8.86446895	-78.57651931
8.87179495	-94.71934688
8.87912096	-82.03946772
8.88644697	-101.96077193
8.89377298	-82.29463616
8.90109898	-90.24637271
8.90842499	-76.85482518
8.91575100	-79.10241950
8.92307701	-86.74053302
8.93040301	-78.52088216
8.93772902	-77.52551126
8.94505503	-82.71948835
8.95238104	-82.62190556
8.95970704	-81.68293239
8.96703305	-77.55480004
8.97435906	-78.44015678
8.98168507	-73.67029685
8.98901107	-76.50145390
8.99633708	-78.43842230
9.00366309	-76.98361823
9.01098909	-80.61660517
9.01831510	-78.58601317
9.02564111	-82.14254159
9.03296712	-78.78748316
9.04029312	-81.42959619
9.04761913	-82.05978014
9.05494514	-80.37191380
9.06227115	-83.02612053
9.06959715	-96.72031109
9.07692316	-85.09698369
9.08424917	-87.20388193
9.09157518	-89.47367281
9.09890118	-83.93892002
9.10622719	-82.77152322
9.11355320	-85.55311169
9.12087921	-83.64304426
9.12820521	-83.35729955
9.13553122	-91.09852881
9.14285723	-85.22034448
9.15018324	-81.69406246
9.15750924	-79.89896317
9.16483525	-81.82334344
9.17216126	-87.23000152
9.17948727	-77.66475750
9.18681327	-80.94833440
9.19413928	-86.43473617
9.20146529	-90.49494170
9.20879129	-90.71259937
9.21611730	-86.08599447
9.22344331	-82.20961997
9.23076932	-80.43292878
9.23809532	-82.41544600
9.24542133	-99.40934998
9.25274734	-87.23798502
9.26007335	-88.69089804
9.26739935	-77.88167388
9.27472536	-77.10889582
9.28205137	-85.05732840
9.28937738	-85.48145760
9.29670338	-95.30953534
9.30402939	-78.36162163
9.31135540	-79.04261325
9.31868141	-79.94504775
9.32600741	-79.72435264
9.33333342	-79.71399778
9.34065943	-78.70399315
9.34798544	-77.98407428
9.35531144	-76.79414881
9.36263745	-81.58971142
9.36996346	-92.18620407
9.37728946	-85.56774235
9.38461547	-80.03495445
9.39194148	-82.02006118
9.39926749	-79.50485061
9.40659349	-78.50698423
9.41391950	-80.42146377
9.42124551	-98.07086269
9.42857152	-80.95041825
9.43589752	-89.05345822
9.44322353	-75.23825737
9.45054954	-76.06862698
9.45787555	-87.16668927
9.46520155	-83.26207715
9.47252756	-90.23380585
9.47985357	-81.93081192
9.48717958	-91.30644566
9.49450558	-93.21559873
9.50183159	-93.99295851
9.50915760	-90.19567682
9.51648361	-86.29762092
9.52380961	-82.45279486
9.53113562	-82.94581745
9.53846163	-79.79820698
9.54578763	-78.12418051
9.55311364	-80.16706526
9.56043965	-83.45643507
9.56776566	-79.96156167
9.57509166	-79.75990737
9.58241767	-93.10916228
9.58974368	-83.41624664
9.59706969	-86.88366537
9.60439569	-93.24192238
9.61172170	-82.96412208
9.61904771	-87.98696074
9.62637372	-87.60703056
9.63369972	-83.78376012
9.64102573	-79.41247587
9.64835174	-79.87854220
9.65567775	-97.28984848
9.66300375	-89.33938685
9.67032976	-86.84910418
9.67765577	-78.91630949
9.68498178	-80.15159390
9.69230778	-85.58606781
9.69963379	-82.50016452
9.70695980	-80.03017447
9.71428580	-89.45010157
9.72161181	-77.92774410
9.72893782	-77.44708674
9.73626383	-83.73218496
9.74358983	-85.73839476
9.75091584	-77.71614476
9.75824185	-75.47864239
9.76556786	-76.56151940
9.77289386	-79.81397033
9.78021987	-82.34195895
9.78754588	-79.30147101
9.79487189	-80.65719467
9.80219789	-90.28045063
9.80952390	-95.31432513
9.81684991	-88.19005434
9.82417592	-84.66074026
9.83150192	-89.77123972
9.83882793	-89.27702944
9.84615394	-85.55175534
9.85347995	-80.35065706
9.86080595	-79.07934476
9.86813196	-84.12138437
9.87545797	-93.45871017
9.88278397	-96.71320013
9.89010998	-82.39201971
9.89743599	-76.92851186
9.90476200	-75.16916579
9.91208800	-75.27349731
9.91941401	-78.16801329
9.92674002	-81.59753718
9.93406603	-81.17293744
9.94139203	-79.89395866
9.94871804	-84.58538816
9.95604405	-76.27360962
9.96337006	-75.26498899
9.97069606	-83.00944060
9.97802207	-82.73280481
9.98534808	-78.86676108
9.99267409	-76.36164630
10.00000009	-75.51576510
10.00732610	-83.82402804
10.01465211	-80.77213786
10.02197812	-80.56203708
10.02930412	-83.28136831
10.03663013	-84.34073351
10.04395614	-84.71009483
10.05128214	-81.47689703
10.05860815	-81.33283935
10.06593416	-101.64351485
10.07326017	-80.43324234
10.08058617	-82.09244274
10.08791218	-88.25183307
10.09523819	-87.56469254
10.10256420	-80.04123138
10.10989020	-78.04597381
10.11721621	-81.07296056
10.12454222	-81.28830394
10.13186823	-83.45384397
10.13919423	-86.97837083
10.14652024	-86.42182344
10.15384625	-85.09174450
10.16117226	-83.62222902
10.16849826	-81.25089751
10.17582427	-82.64853954
10.18315028	-82.78648562
10.19047629	-79.98238363
10.19780229	-80.96390593
10.20512830	-87.55320014
10.21245431	-87.31970040
10.21978032	-79.43575001
10.22710632	-80.34958138
10.23443233	-91.10371938
10.24175834	-83.73696206
10.24908434	-86.93308576
10.25641035	-93.61076585
10.26373636	-80.29085867
10.27106237	-77.63753662
10.27838837	-81.35329077
10.28571438	-86.45778498
10.29304039	-85.51030171
10.30036640	-82.17490703
10.30769240	-84.53156099
10.31501841	-93.08326335
10.32234442	-87.95547882
10.32967043	-81.77205607
10.33699643	-81.46122115
10.34432244	-81.49377997
10.35164845	-82.42124794
10.35897446	-101.80566763
10.36630046	-80.67060656
10.37362647	-79.78874700
10.38095248	-87.62371877
10.38827849	-79.12235842
10.39560449	-77.10908736
10.40293050	-78.25829654
10.41025651	-81.69488325
10.41758251	-92.56323748
10.42490852	-82.93842842
10.43223453	-77.82679792
10.43956054	-77.37315245
10.44688654	-80.27844144
10.45421255	-86.22533307
10.46153856	-81.35733183
10.46886457	-84.53874439
10.47619057	-89.77723349
10.48351658	-82.18772050
10.49084259	-82.73083314
10.49816860	-84.70875959
10.50549460	-82.66677817
10.51282061	-78.00792041
10.52014662	-78.78174043
10.52747263	-91.90604968
10.53479863	-86.17686595
10.54212464	-87.42527665
10.54945065	-79.55749913
10.55677666	-80.36033187
10.56410266	-87.62036937
10.57142867	-84.65250585
10.57875468	-88.77293635
10.58608068	-85.13519281
10.59340669	-77.67449548
10.60073270	-78.68942864
10.60805871	-97.99884151
10.61538471	-80.08612892
10.62271072	-89.50264312
10.63003673	-82.23770050
10.63736274	-82.70233360
10.64468874	-86.43537428
10.65201475	-80.56816032
10.65934076	-85.71241171
10.66666677	-89.47132507
10.67399277	-81.62634510
10.68131878	-81.99062851
10.68864479	-89.14812044
10.69597080	-91.44176722
10.70329680	-84.51479882
10.71062281	-85.08634328
10.71794882	-91.22240075
10.72527483	-95.76423847
10.73260083	-89.09706430
10.73992684	-87.31945910
10.74725285	-81.55174976
10.75457885	-82.40093483
10.76190486	-81.03218231
10.76923087	-77.51580444
10.77655688	-83.71940586
10.78388288	-80.38836842
10.79120889	-78.50308991
10.79853490	-85.71815855
10.80586091	-91.07101543
10.81318691	-82.52943002
10.82051292	-83.37229439
10.82783893	-86.37176274
10.83516494	-81.20896685
10.84249094	-77.16800651
10.84981695	-72.60310553
10.85714296	-73.50758105
10.86446897	-78.09021940
10.87179497	-85.14852333
10.87912098	-82.89029431
10.88644699	-78.92617133
10.89377300	-81.52749990
10.90109900	-84.80448384
10.90842501	-84.91078185
10.91575102	-90.34843804
10.92307702	-82.48871814
10.93040303	-83.41506777
10.93772904	-96.68272516
10.94505505	-93.66109537
10.95238105	-85.40251246
10.95970706	-85.65460447
10.96703307	-81.33670089
10.97435908	-82.14915158
10.98168508	-80.99441840
10.98901109	-77.75257845
10.99633710	-79.46191458
11.00366311	-89.13188460
11.01098911	-79.93905172
11.01831512	-92.71856228
11.02564113	-77.78083289
11.03296714	-78.98432040
11.04029314	-91.66382231
11.04761915	-81.03367626
11.05494516	-90.57686732
11.06227117	-82.70577850
11.06959717	-79.75839258
11.07692318	-78.76524704
11.08424919	-80.56953234
11.09157519	-84.57402870
11.09890120	-79.73541577
11.10622721	-80.41296477
11.11355322	-92.21930633
11.12087922	-91.61339383
11.12820523	-96.03113299
11.13553124	-87.81049459
11.14285725	-84.96172721
11.15018325	-84.31142988
11.15750926	-88.65576116
11.16483527	-86.48505491
11.17216128	-79.14458097
11.17948728	-80.98299235
11.18681329	-85.36521947
11.19413930	-86.51319385
11.20146531	-79.56002305
11.20879131	-74.09878070
11.21611732	-79.06740977
11.22344333	-84.16629433
11.23076934	-82.52896708
11.23809534	-87.03195270
11.24542135	-77.37052742
11.25274736	-76.92521346
11.26007337	-84.34654723
11.26739937	-85.66340310
11.27472538	-79.96618722
11.28205139	-83.57604589
11.28937739	-90.25503783
11.29670340	-84.17615924
11.30402941	-78.58443203
11.31135542	-79.73203762
11.31868142	-88.54956320
11.32600743	-93.71784092
11.33333344	-85.78216490
11.34065945	-80.18114678
11.34798545	-87.96006722
11.35531146	-87.06360236
11.36263747	-84.52587789
11.36996348	-85.07052933
11.37728948	-82.21244046
11.38461549	-83.71026594
11.39194150	-88.44336431
11.39926751	-95.96397950
11.40659351	-83.03428980
11.41391952	-81.31127419
11.42124553	-87.01231582
11.42857154	-75.83030473
11.43589754	-78.47151972
11.44322355	-87.76730922
11.45054956	-82.61345055
11.45787556	-77.41648838
11.46520157	-81.95812308
11.47252758	-81.68832045
11.47985359	-76.51381197
11.48717959	-81.17388351
11.49450560	-81.59642995
11.50183161	-83.77892190
11.50915762	-85.64779370
11.51648362	-83.26090322
11.52380963	-79.35400705
11.53113564	-82.15398142
11.53846165	-81.45743549
11.54578765	-78.38559912
11.55311366	-82.48326025
11.56043967	-86.25313949
11.56776568	-81.94767901
11.57509168	-83.84869675
11.58241769	-85.00573238
11.58974370	-78.84086766
11.59706971	-84.34511825
11.60439571	-96.39551818
11.61172172	-86.58161520
11.61904773	-80.76178756
11.62637373	-84.75706666
11.63369974	-92.13491836
11.64102575	-87.87621269
11.64835176	-78.59875843
11.65567776	-78.33717265
11.66300377	-78.16591086
11.67032978	-80.59668271
11.67765579	-95.10798098
11.68498179	-79.40199808
11.69230780	-78.79423096
11.69963381	-82.70639937
11.70695982	-91.90296456
11.71428582	-85.11625572
11.72161183	-86.51804610
11.72893784	-85.56889677
11.73626385	-83.46531379
11.74358985	-83.76111613
11.75091586	-76.56980807
11.75824187	-81.99810273
11.76556788	-80.49364398
11.77289388	-75.69098198
11.78021989	-79.06769744
11.78754590	-78.09184947
11.79487190	-80.29018781
11.80219791	-93.43522913
11.80952392	-78.80309420
11.81684993	-78.67230811
11.82417593	-81.98572587
11.83150194	-80.96613322
11.83882795	-84.03860357
11.84615396	-94.34688024
11.85347996	-91.66064904
11.86080597	-86.63882585
11.86813198	-88.87946354
11.87545799	-90.63034052
11.88278399	-83.74183998
11.89011000	-81.02414066
11.89743601	-82.46277969
11.90476202	-79.81190047
11.91208802	-78.66482646
11.91941403	-80.35420740
11.92674004	-81.69933058
11.93406605	-88.46900101
11.94139205	-82.95571858
11.94871806	-80.63200480
11.95604407	-98.67735624
11.96337007	-79.45859191
11.97069608	-81.38322825
11.97802209	-93.01989163
11.98534810	-94.71221096
11.99267410	-85.78532094
12.00000011	-80.71007209
12.00732612	-84.06744716
12.01465213	-83.18833951
12.02197813	-83.95867643
12.02930414	-85.45703621
12.03663015	-79.81141934
12.04395616	-84.90396508
12.05128216	-84.35804164
12.05860817	-77.73147001
12.06593418	-76.77479419
12.07326019	-77.23569523
12.08058619	-78.72641023
12.08791220	-90.13209211
12.09523821	-87.50804210
12.10256422	-95.40815936
12.10989022	-84.25203868
12.11721623	-81.31550434
12.12454224	-84.23174041
12.13186824	-96.89210604
12.13919425	-88.92925233
12.14652026	-85.58962803
12.15384627	-83.00188489
12.16117227	-80.64333343
12.16849828	-83.28494233
12.17582429	-97.93646564
12.18315030	-78.27806191
12.19047630	-75.10052250
12.19780231	-81.26364321
12.20512832	-82.98017736
12.21245433	-84.45695031
12.21978033	-85.31890611
12.22710634	-82.15587339
12.23443235	-81.22405045
12.24175836	-79.33397712
12.24908436	-94.77750492
12.25641037	-81.21477977
12.26373638	-81.13326363
12.27106239	-77.30534476
12.27838839	-79.76214361
12.28571440	-86.01518258
12.29304041	-89.82420985
12.30036641	-82.55593843
12.30769242	-89.72530925
12.31501843	-86.78265791
12.32234444	-83.58192682
12.32967044	-80.75595885
12.33699645	-78.98696539
12.34432246	-81.49375395
12.35164847	-87.44347724
12.35897447	-95.54050617
12.36630048	-87.66557156
12.37362649	-90.37410089
12.38095250	-90.29783047
12.38827850	-86.04477977
12.39560451	-100.34803201
12.40293052	-91.76734408
12.41025653	-85.04477974
12.41758253	-77.55310160
12.42490854	-78.58565210
12.43223455	-101.23255646
12.43956056	-84.32407195
12.44688656	-93.62452833
12.45421257	-90.00002276
12.46153858	-90.54827366
12.46886459	-81.29882422
12.47619059	-90.96691513
12.48351660	-80.99361634
12.49084261	-79.06709934
12.49816861	-84.21905152
12.50549462	-82.31949970
12.51282063	-77.77273066
12.52014664	-78.51377416
12.52747264	-83.02714380
12.53479865	-80.81249002
12.54212466	-81.70344671
12.54945067	-80.30099901
12.55677667	-80.70019965
12.56410268	-78.81226732
12.57142869	-83.36874056
12.57875470	-82.22609700
12.58608070	-83.00548274
12.59340671	-80.34056557
12.60073272	-74.34230330
12.60805873	-76.38095176
12.61538473	-85.48971799
12.62271074	-79.95165140
12.63003675	-80.48447130
12.63736276	-89.45285432
12.64468876	-87.15300028
12.65201477	-86.39646023
12.65934078	-84.83808594
12.66666678	-77.73835409
12.67399279	-77.62705836
12.68131880	-86.80547627
12.68864481	-85.11888823
12.69597081	-88.47277851
12.70329682	-88.11974075
12.71062283	-84.03169335
12.71794884	-77.80833948
12.72527484	-82.67034982
12.73260085	-88.75101481
12.73992686	-85.78305455
12.74725287	-87.16940645
12.75457887	-84.64547762
12.76190488	-86.22014972
12.76923089	-78.37084614
12.77655690	-74.13224210
12.78388290	-77.70177888
12.79120891	-88.53068158
12.79853492	-85.17276094
12.80586093	-93.53537225
12.81318693	-84.64336802
12.82051294	-80.92063123
12.82783895	-88.65280653
12.83516495	-79.32653208
12.84249096	-76.78985586
12.84981697	-81.85190733
12.85714298	-76.24492295
12.86446898	-77.21150342
12.87179499	-83.97456830
12.87912100	-86.19134886
12.88644701	-79.45412180
12.89377301	-90.00722927
12.90109902	-82.98160373
12.90842503	-84.81901364
12.91575104	-89.00645767
12.92307704	-81.65787248
12.93040305	-81.12496404
12.93772906	-85.26118331
12.94505507	-95.59778608
12.95238107	-87.78355539
12.95970708	-83.88358354
12.96703309	-79.54412882
12.97435910	-83.03528855
12.98168510	-80.66808027
12.98901111	-77.10284922
12.99633712	-78.65139617
13.00366312	-80.64574846
13.01098913	-83.48710650
13.01831514	-93.06247502
13.02564115	-97.27901974
13.03296715	-93.23030696
13.04029316	-91.72081305
13.04761917	-83.30455012
13.05494518	-79.51521883
13.06227118	-79.64611797
13.06959719	-89.91067512
13.07692320	-88.07323625
13.08424921	-94.18480852
13.09157521	-82.32941379
13.09890122	-82.63890524
13.10622723	-109.72237052
13.11355324	-88.84010306
13.12087924	-84.47723976
13.12820525	-78.81973985
13.13553126	-78.07389327
13.14285727	-81.36697500
13.15018327	-79.02730922
13.15750928	-86.27636852
13.16483529	-83.84371938
13.17216129	-106.70697688
13.17948730	-77.35465250
13.18681331	-75.40647495
13.19413932	-81.73760496
13.20146532	-81.92927047
13.20879133	-77.14580562
13.21611734	-80.14119206
13.22344335	-100.61935592
13.23076935	-86.50266310
13.23809536	-85.56682801
13.24542137	-104.76090459
13.25274738	-80.00122671
13.26007338	-79.94301452
13.26739939	-82.33915083
13.27472540	-77.34858495
13.28205141	-82.71801003
13.28937741	-84.28832706
13.29670342	-86.88420537
13.30402943	-78.60296112
13.31135544	-80.69536399
13.31868144	-78.84886954
13.32600745	-80.23389104
13.33333346	-88.54710407
13.34065946	-83.01719955
13.34798547	-85.49627415
13.35531148	-81.35025209
13.36263749	-84.30320555
13.36996349	-80.54550741
13.37728950	-77.16127446
13.38461551	-82.76474476
13.39194152	-83.89754334
13.39926752	-78.51194676
13.40659353	-82.49200314
13.41391954	-85.50928739
13.42124555	-88.14967825
13.42857155	-87.95680024
13.43589756	-91.38032119
13.44322357	-86.09889050
13.45054958	-81.20125339
13.45787558	-83.12002399
13.46520159	-89.95786582
13.47252760	-85.78247932
13.47985361	-85.41482996
13.48717961	-91.22956039
13.49450562	-89.53492086
13.50183163	-87.51602096
13.50915764	-87.46299214
13.51648364	-84.34194770
13.52380965	-80.64873226
13.53113566	-78.76155537
13.53846166	-82.38595437
13.54578767	-94.55470303
13.55311368	-98.71574355
13.56043969	-83.87691773
13.56776569	-83.77219428
13.57509170	-88.02343473
13.58241771	-86.52129961
13.58974372	-85.97412269
13.59706972	-81.97552172
13.60439573	-84.21758776
13.61172174	-77.14546366
13.61904775	-76.73890621
13.62637375	-86.80953806
13.63369976	-83.80222074
13.64102577	-84.97834083
13.64835178	-85.45050923
13.65567778	-76.51274987
13.66300379	-76.21320577
13.67032980	-79.63676877
13.67765581	-87.80075712
13.68498181	-87.27464001
13.69230782	-88.33211503
13.69963383	-92.28882876
13.70695983	-84.44253369
13.71428584	-88.02352799
13.72161185	-83.76662779
13.72893786	-80.89206955
13.73626386	-80.77955551
13.74358987	-83.93590977
13.75091588	-83.68970253
13.75824189	-87.93221290
13.76556789	-93.55593659
13.77289390	-84.18055714
13.78021991	-78.81159616
13.78754592	-82.63210506
13.79487192	-78.06006010
13.80219793	-81.53134392
13.80952394	-81.37607795
13.81684995	-76.57251749
13.82417595	-82.24505405
13.83150196	-88.61743825
13.83882797	-82.25291200
13.84615398	-86.92007767
13.85347998	-77.48586282
13.86080599	-78.09327520
13.86813200	-86.29170359
13.87545800	-92.99602763
13.88278401	-89.52309868
13.89011002	-91.03545862
13.89743603	-90.65318930
13.90476203	-89.50719590
13.91208804	-81.56647258
13.91941405	-85.38184635
13.92674006	-85.41787293
13.93406606	-82.06584228
13.94139207	-100.10885131
13.94871808	-88.00642654
13.95604409	-91.42143137
13.96337009	-91.98821062
13.97069610	-95.25179485
13.97802211	-84.07374935
13.98534812	-80.25736488
13.99267412	-88.44528496
14.00000013	-82.94656259
14.00732614	-80.12474521
14.01465215	-83.46269362
14.02197815	-80.85492606
14.02930416	-84.91163888
14.03663017	-84.68846761
14.04395617	-82.16739380
14.05128218	-79.52339894
14.05860819	-82.92899683
14.06593420	-98.20254109
14.07326020	-88.33486690
14.08058621	-92.09314595
14.08791222	-90.58985039
14.09523823	-87.27737541
14.10256423	-97.51566803
14.10989024	-82.52075285
14.11721625	-84.82405739
14.12454226	-90.99041085
14.13186826	-87.88305638
14.13919427	-92.46591314
14.14652028	-82.67383334
14.15384629	-86.83180441
14.16117229	-84.25041798
14.16849830	-84.13886635
14.17582431	-86.37879578
14.18315032	-80.81071505
14.19047632	-81.70027405
14.19780233	-78.64404251
14.20512834	-84.50303982
14.21245434	-85.55187748
14.21978035	-80.32237513
14.22710636	-85.64770853
14.23443237	-84.26617180
14.24175837	-86.48820000
14.24908438	-80.42134604
14.25641039	-81.90237963
14.26373640	-93.77903273
14.27106240	-89.15768786
14.27838841	-84.29750103
14.28571442	-79.97486625
14.29304043	-85.39779786
14.30036643	-78.78662967
14.30769244	-80.99926386
14.31501845	-91.47053461
14.32234446	-104.59369403
14.32967046	-88.76246780
14.33699647	-93.76461773
14.34432248	-89.85400351
14.35164849	-87.53916983
14.35897449	-93.67463734
14.36630050	-84.51528830
14.37362651	-85.75947286
14.38095251	-92.87741254
14.38827852	-83.21450688
14.39560453	-85.30466128
14.40293054	-86.96516325
14.41025654	-87.47489678
14.41758255	-95.98094931
14.42490856	-85.03649992
14.43223457	-82.28323553
14.43956057	-85.05017246
14.44688658	-91.78684462
14.45421259	-81.48669844
14.46153860	-75.93674016
14.46886460	-77.03640817
14.47619061	-81.56398225
14.48351662	-82.82387409
14.49084263	-86.47225577
14.49816863	-82.57334780
14.50549464	-85.71272004
14.51282065	-83.27330573
14.52014666	-84.66610938
14.52747266	-96.77112185
14.53479867	-85.56565838
14.54212468	-84.40918030
14.54945069	-82.13730262
14.55677669	-81.90092012
14.56410270	-80.64819873
14.57142871	-84.15690222
14.57875471	-99.41244608
14.58608072	-91.83422915
14.59340673	-89.59599713
14.60073274	-82.89386664
14.60805874	-81.37173321
14.61538475	-85.73961702
14.62271076	-83.34342577
14.63003677	-77.65968676
14.63736277	-80.12514660
14.64468878	-81.30929078
14.65201479	-81.93200274
14.65934080	-80.88648072
14.66666680	-87.39609072
14.67399281	-77.09050931
14.68131882	-87.02627950
14.68864483	-74.93410327
14.69597083	-77.84014803
14.70329684	-81.12316191
14.71062285	-77.53677876
14.71794886	-88.28127708
14.72527486	-81.09438594
14.73260087	-90.13992509
14.73992688	-79.50486127
14.74725288	-84.75988851
14.75457889	-91.28232881
14.76190490	-98.64321507
14.76923091	-83.73760423
14.77655691	-77.66544962
14.78388292	-76.14429058
14.79120893	-77.73940716
14.79853494	-81.01040440
14.80586094	-80.64143736
14.81318695	-78.88635858
14.82051296	-79.62357618
14.82783897	-84.57564992
14.83516497	-88.18382578
14.84249098	-84.52105325
14.84981699	-93.33760200
14.85714300	-98.62438704
14.86446900	-86.09212808
14.87179501	-80.39171325
14.87912102	-85.09512750
14.88644703	-93.33623608
14.89377303	-96.15742771
14.90109904	-92.40396503
14.90842505	-89.45450476
14.91575105	-84.90517147
14.92307706	-81.36755344
14.93040307	-84.78994312
14.93772908	-82.60101228
14.94505508	-78.09985917
14.95238109	-77.41790438
14.95970710	-79.44235355
14.96703311	-86.69630345
14.97435911	-86.68804435
14.98168512	-81.57122519
14.98901113	-82.57302846
14.99633714	-86.24966036
