# Menlo Systems GmbH ScanControl
# Program Version 1.3.3
# Start: -65.00000000 ps, Average over 1000 waveforms. Timestamp: 2020-01-08T19:56:32
# Window type: Tukey, parameters: alpha = 0.2
# User time axis shift: 0 ps
# Frequency [THz]	THz Signal [a.u.]
0.00000000	-34.61017111
0.00732601	-23.23115316
0.01465201	-19.25815871
0.02197802	-20.89379046
0.02930403	-31.16149114
0.03663004	-25.92798710
0.04395604	-19.08041551
0.05128205	-14.25922217
0.05860806	-15.25291207
0.06593407	-15.74547855
0.07326007	-9.99090645
0.08058608	-12.15166493
0.08791209	-18.40443380
0.09523810	-6.66252144
0.10256410	-5.69764139
0.10989011	-11.42996096
0.11721612	-7.43666707
0.12454213	-4.54399595
0.13186813	-8.25064321
0.13919414	-7.56727322
0.14652015	-3.29162495
0.15384616	-3.91146920
0.16117216	-4.33174470
0.16849817	-1.87556753
0.17582418	-2.50449429
0.18315019	-5.75509541
0.19047619	-2.84871491
0.19780220	-0.63926682
0.20512821	-1.23749268
0.21245421	-1.67579426
0.21978022	-0.69526162
0.22710623	-0.85121174
0.23443224	-1.94754685
0.24175824	-1.45904187
0.24908425	-0.21477331
0.25641026	0.00000000
0.26373627	-0.37529052
0.27106227	-0.37578097
0.27838828	-0.70292186
0.28571429	-1.81218559
0.29304030	-1.68265050
0.30036630	-0.53717212
0.30769231	-0.49465572
0.31501832	-0.94052920
0.32234433	-0.67611350
0.32967033	-0.97284930
0.33699634	-2.25721828
0.34432235	-2.34738417
0.35164836	-1.56881002
0.35897436	-1.43002627
0.36630037	-1.40138547
0.37362638	-1.59707212
0.38095238	-2.21098021
0.38827839	-2.50154799
0.39560440	-2.71832995
0.40293041	-2.96392775
0.41025641	-2.72172197
0.41758242	-2.67535378
0.42490843	-3.08379708
0.43223444	-3.56348191
0.43956044	-4.11999521
0.44688645	-4.38484654
0.45421246	-4.27543493
0.46153847	-4.35268898
0.46886447	-4.55143999
0.47619048	-4.74656489
0.48351649	-5.03496760
0.49084250	-5.48919603
0.49816850	-5.98825750
0.50549451	-5.95074790
0.51282052	-5.83677037
0.52014653	-6.30723539
0.52747253	-6.79072328
0.53479854	-7.05066240
0.54212455	-7.45814405
0.54945056	-8.25845545
0.55677656	-9.35572871
0.56410257	-9.08380131
0.57142858	-8.36385248
0.57875458	-8.90499397
0.58608059	-9.41483348
0.59340660	-9.36019136
0.60073261	-9.90560063
0.60805861	-10.18732130
0.61538462	-10.27480972
0.62271063	-10.95859686
0.63003664	-11.24857513
0.63736264	-11.50007512
0.64468865	-12.29246526
0.65201466	-12.70110375
0.65934067	-13.12394316
0.66666667	-13.79634115
0.67399268	-14.18131069
0.68131869	-14.78332319
0.68864470	-15.39131365
0.69597070	-15.87803971
0.70329671	-16.70961468
0.71062272	-17.22227646
0.71794873	-17.63494537
0.72527473	-18.43466144
0.73260074	-18.83753801
0.73992675	-19.40778232
0.74725275	-20.75808496
0.75457876	-21.58016847
0.76190477	-21.61963422
0.76923078	-21.95930434
0.77655678	-22.57791179
0.78388279	-23.24552920
0.79120880	-23.90642607
0.79853481	-24.55626343
0.80586081	-25.32501225
0.81318682	-26.03577875
0.82051283	-26.59191628
0.82783884	-27.20817205
0.83516484	-27.79711568
0.84249085	-28.41189570
0.84981686	-29.10160221
0.85714287	-29.69767992
0.86446887	-30.35932973
0.87179488	-30.98521918
0.87912089	-31.56446880
0.88644690	-32.32345005
0.89377290	-33.01579790
0.90109891	-33.72463394
0.90842492	-34.43793194
0.91575093	-35.06958176
0.92307693	-35.90842058
0.93040294	-36.47636851
0.93772895	-37.00326446
0.94505495	-37.87003980
0.95238096	-38.47527530
0.95970697	-39.39160604
0.96703298	-40.36298793
0.97435898	-40.64104964
0.98168499	-41.82644993
0.98901100	-43.50121492
0.99633701	-43.56366326
1.00366301	-44.01285678
1.01098902	-45.42323858
1.01831503	-46.05759367
1.02564104	-46.55866284
1.03296704	-47.70956886
1.04029305	-48.06405730
1.04761906	-48.42727067
1.05494507	-49.88520718
1.06227107	-51.10488791
1.06959708	-52.37142699
1.07692309	-53.32941110
1.08424910	-53.35307140
1.09157510	-56.11328966
1.09890111	-60.05092906
1.10622712	-56.49359312
1.11355312	-56.76450337
1.12087913	-58.31025614
1.12820514	-57.30541175
1.13553115	-59.50365187
1.14285715	-62.72468789
1.15018316	-60.76800681
1.15750917	-62.40618990
1.16483518	-66.29737701
1.17216118	-65.03154576
1.17948719	-66.81612637
1.18681320	-67.85465644
1.19413921	-66.53916916
1.20146521	-69.15044647
1.20879122	-72.02889458
1.21611723	-70.34570686
1.22344324	-70.14973480
1.23076924	-66.99315052
1.23809525	-67.87556982
1.24542126	-69.57958756
1.25274727	-67.30770499
1.26007327	-72.71848034
1.26739928	-74.08823940
1.27472529	-70.08418114
1.28205130	-78.33505067
1.28937730	-70.94668728
1.29670331	-71.73135010
1.30402932	-78.55133350
1.31135532	-71.41683044
1.31868133	-71.28168188
1.32600734	-77.80563443
1.33333335	-90.88001657
1.34065935	-90.40967977
1.34798536	-74.70423583
1.35531137	-74.66379791
1.36263738	-80.28006810
1.36996338	-77.47651758
1.37728939	-76.30913959
1.38461540	-83.40184117
1.39194141	-75.26342283
1.39926741	-77.98671484
1.40659342	-79.14066823
1.41391943	-78.39428086
1.42124544	-77.78098923
1.42857144	-70.42135251
1.43589745	-69.90427482
1.44322346	-89.57350602
1.45054947	-69.12571714
1.45787547	-71.35345170
1.46520148	-89.60867218
1.47252749	-73.73040477
1.47985350	-73.25336126
1.48717950	-75.92365369
1.49450551	-92.51478096
1.50183152	-78.45322076
1.50915752	-79.20233569
1.51648353	-83.37446599
1.52380954	-75.47389183
1.53113555	-71.89596027
1.53846155	-76.37025010
1.54578756	-75.12558688
1.55311357	-70.46561867
1.56043958	-73.12933865
1.56776558	-78.20273351
1.57509159	-82.36132315
1.58241760	-93.44628231
1.58974361	-81.66470876
1.59706961	-86.14778924
1.60439562	-75.55506573
1.61172163	-74.34243862
1.61904764	-81.41831067
1.62637364	-90.73500514
1.63369965	-79.96233265
1.64102566	-76.69828324
1.64835167	-82.19001900
1.65567767	-77.85030065
1.66300368	-75.60550327
1.67032969	-76.96009048
1.67765569	-82.99019385
1.68498170	-83.55540389
1.69230771	-78.52020112
1.69963372	-86.26609488
1.70695972	-78.03630660
1.71428573	-77.71235472
1.72161174	-84.89742058
1.72893775	-86.92708978
1.73626375	-78.72027502
1.74358976	-78.55992066
1.75091577	-85.06028890
1.75824178	-71.54371075
1.76556778	-72.43447666
1.77289379	-94.01119713
1.78021980	-76.60035669
1.78754581	-91.47972946
1.79487181	-77.79688480
1.80219782	-79.53573956
1.80952383	-87.64860850
1.81684984	-84.29885708
1.82417584	-86.14152842
1.83150185	-77.52469661
1.83882786	-85.60681067
1.84615387	-79.97456577
1.85347987	-80.50230158
1.86080588	-79.50169592
1.86813189	-83.60833771
1.87545789	-87.57450927
1.88278390	-87.14380512
1.89010991	-83.72378240
1.89743592	-77.04520399
1.90476192	-74.27606830
1.91208793	-77.32589141
1.91941394	-76.62108460
1.92673995	-75.11928774
1.93406595	-76.10708783
1.94139196	-78.45578535
1.94871797	-78.38928883
1.95604398	-82.77653617
1.96336998	-76.24573048
1.97069599	-76.94548545
1.97802200	-85.43158319
1.98534801	-83.51922397
1.99267401	-78.87062756
2.00000002	-79.50586473
2.00732603	-89.32091635
2.01465204	-89.25663929
2.02197804	-91.94632455
2.02930405	-90.55993857
2.03663006	-73.50412437
2.04395606	-69.73238490
2.05128207	-74.05839217
2.05860808	-88.04718199
2.06593409	-95.49405472
2.07326009	-77.33247062
2.08058610	-76.46168985
2.08791211	-82.51084209
2.09523812	-83.31533625
2.10256412	-89.60866635
2.10989013	-77.88295649
2.11721614	-82.73410119
2.12454215	-83.57282414
2.13186815	-82.00740158
2.13919416	-86.19749191
2.14652017	-75.63234387
2.15384618	-73.01208065
2.16117218	-73.28064413
2.16849819	-74.59084208
2.17582420	-77.77834887
2.18315021	-91.66872343
2.19047621	-79.75849608
2.19780222	-82.69187132
2.20512823	-79.67658925
2.21245424	-74.61659256
2.21978024	-79.90849015
2.22710625	-77.55376730
2.23443226	-72.92577019
2.24175826	-75.74079454
2.24908427	-89.08407473
2.25641028	-85.59709685
2.26373629	-81.25767229
2.27106229	-79.64749159
2.27838830	-79.00224079
2.28571431	-79.61580913
2.29304032	-80.73541472
2.30036632	-74.96624635
2.30769233	-81.48686267
2.31501834	-82.40143453
2.32234435	-88.75010201
2.32967035	-78.07663387
2.33699636	-74.07506024
2.34432237	-73.90819841
2.35164838	-78.32039512
2.35897438	-88.61100476
2.36630039	-84.02882089
2.37362640	-78.50528483
2.38095241	-77.82558722
2.38827841	-76.15523509
2.39560442	-75.22168398
2.40293043	-86.56960705
2.41025643	-79.47887846
2.41758244	-78.67825331
2.42490845	-87.61987070
2.43223446	-72.63943003
2.43956046	-71.51144478
2.44688647	-80.41487414
2.45421248	-78.94861044
2.46153849	-79.21971257
2.46886449	-81.06074960
2.47619050	-83.73707142
2.48351651	-79.81765531
2.49084252	-93.17235657
2.49816852	-79.37440974
2.50549453	-83.05206485
2.51282054	-85.19705593
2.52014655	-79.65334038
2.52747255	-83.63270305
2.53479856	-85.77130558
2.54212457	-77.56901379
2.54945058	-76.57636685
2.55677658	-75.19856834
2.56410259	-74.99647081
2.57142860	-78.99408252
2.57875461	-84.92660204
2.58608061	-86.54410845
2.59340662	-80.13524633
2.60073263	-81.13519675
2.60805863	-83.53252070
2.61538464	-81.81747943
2.62271065	-82.07511110
2.63003666	-79.91690006
2.63736266	-78.63264665
2.64468867	-79.97522395
2.65201468	-81.48454648
2.65934069	-81.61935468
2.66666669	-91.43712069
2.67399270	-82.10756059
2.68131871	-82.62610092
2.68864472	-83.12374160
2.69597072	-79.43178603
2.70329673	-85.80104827
2.71062274	-84.18543910
2.71794875	-75.34013462
2.72527475	-73.73504715
2.73260076	-78.41459237
2.73992677	-74.68527356
2.74725278	-71.53367043
2.75457878	-72.79390138
2.76190479	-80.71960828
2.76923080	-82.43598454
2.77655681	-81.27915463
2.78388281	-85.69646521
2.79120882	-89.13038554
2.79853483	-78.38236072
2.80586083	-80.17949059
2.81318684	-89.20643208
2.82051285	-86.12006551
2.82783886	-78.74643912
2.83516486	-82.36191156
2.84249087	-76.83074643
2.84981688	-79.48638427
2.85714289	-97.90789102
2.86446889	-90.38324632
2.87179490	-91.94496133
2.87912091	-86.68266330
2.88644692	-79.10632292
2.89377292	-88.57083907
2.90109893	-78.81426430
2.90842494	-77.19766286
2.91575095	-82.51238035
2.92307695	-82.66817506
2.93040296	-75.84095653
2.93772897	-78.75482029
2.94505498	-75.66945873
2.95238098	-78.91602456
2.95970699	-80.86273687
2.96703300	-78.31663026
2.97435900	-84.30696196
2.98168501	-75.66544853
2.98901102	-80.25310577
2.99633703	-81.92381340
3.00366303	-94.72744757
3.01098904	-99.10692704
3.01831505	-78.88173898
3.02564106	-75.88977433
3.03296706	-79.77278429
3.04029307	-84.01201805
3.04761908	-83.72890770
3.05494509	-77.93982636
3.06227109	-79.61730051
3.06959710	-82.21285095
3.07692311	-80.02587037
3.08424912	-83.22482731
3.09157512	-77.05140375
3.09890113	-76.57973812
3.10622714	-80.42399529
3.11355315	-81.83087622
3.12087915	-96.65774850
3.12820516	-83.36078556
3.13553117	-77.63991736
3.14285718	-81.92153147
3.15018318	-78.89272423
3.15750919	-76.85227667
3.16483520	-83.45204744
3.17216120	-78.13240683
3.17948721	-79.08526522
3.18681322	-93.02019570
3.19413923	-78.84799759
3.20146523	-80.73964925
3.20879124	-79.23517120
3.21611725	-79.04427546
3.22344326	-77.11883904
3.23076926	-76.55562879
3.23809527	-79.57398766
3.24542128	-78.96864619
3.25274729	-81.92965835
3.26007329	-96.23989951
3.26739930	-82.35028559
3.27472531	-84.87487840
3.28205132	-83.72490705
3.28937732	-76.64212359
3.29670333	-77.91868887
3.30402934	-90.10957990
3.31135535	-107.29118987
3.31868135	-79.49044227
3.32600736	-76.14012706
3.33333337	-78.34281096
3.34065937	-77.03428441
3.34798538	-83.58122013
3.35531139	-82.70781899
3.36263740	-81.60613918
3.36996340	-73.47779272
3.37728941	-74.38404321
3.38461542	-81.15101574
3.39194143	-84.22195580
3.39926743	-79.25378870
3.40659344	-80.73949740
3.41391945	-83.63743145
3.42124546	-84.43550564
3.42857146	-78.06320630
3.43589747	-76.00039595
3.44322348	-80.63818201
3.45054949	-92.06445512
3.45787549	-79.34512486
3.46520150	-77.11335251
3.47252751	-78.43611971
3.47985352	-87.38933593
3.48717952	-92.17434328
3.49450553	-79.80736298
3.50183154	-77.76262637
3.50915755	-84.68096817
3.51648355	-84.12131180
3.52380956	-92.21082860
3.53113557	-79.50333144
3.53846157	-82.12976980
3.54578758	-90.84525853
3.55311359	-80.85127560
3.56043960	-85.19368771
3.56776560	-79.82833257
3.57509161	-77.39571648
3.58241762	-96.65140380
3.58974363	-78.80035892
3.59706963	-80.28398663
3.60439564	-80.71805121
3.61172165	-81.90716081
3.61904766	-86.88059700
3.62637366	-77.25448654
3.63369967	-78.40690598
3.64102568	-82.90142615
3.64835169	-90.28261329
3.65567769	-78.81496830
3.66300370	-81.62818318
3.67032971	-82.39445265
3.67765572	-89.40361058
3.68498172	-80.36670475
3.69230773	-75.33428874
3.69963374	-75.84246190
3.70695974	-77.67062074
3.71428575	-82.18301106
3.72161176	-88.60769207
3.72893777	-100.75864796
3.73626377	-84.09582381
3.74358978	-82.46046717
3.75091579	-87.53317037
3.75824180	-99.06198473
3.76556780	-88.13569289
3.77289381	-87.71986739
3.78021982	-85.67324793
3.78754583	-77.25847649
3.79487183	-79.33013008
3.80219784	-79.37671326
3.80952385	-82.34648736
3.81684986	-79.45678465
3.82417586	-74.43197990
3.83150187	-80.19320304
3.83882788	-77.40449521
3.84615389	-72.70441283
3.85347989	-78.18569664
3.86080590	-87.95519063
3.86813191	-89.19490290
3.87545792	-81.56753061
3.88278392	-82.21544430
3.89010993	-78.00636225
3.89743594	-81.05598897
3.90476194	-92.94848128
3.91208795	-86.21608136
3.91941396	-84.81586128
3.92673997	-88.90617814
3.93406597	-90.12466182
3.94139198	-85.60609861
3.94871799	-93.45022129
3.95604400	-80.81607249
3.96337000	-83.65361412
3.97069601	-84.00626350
3.97802202	-77.99690191
3.98534803	-77.09396768
3.99267403	-81.37535891
4.00000004	-89.08115456
4.00732605	-88.62837940
4.01465206	-81.80522758
4.02197806	-80.05056536
4.02930407	-80.95973737
4.03663008	-78.19447794
4.04395609	-81.08506235
4.05128209	-83.51841395
4.05860810	-77.42560105
4.06593411	-79.35092783
4.07326012	-83.35942228
4.08058612	-80.74988802
4.08791213	-80.69182300
4.09523814	-86.90981190
4.10256414	-91.81353033
4.10989015	-89.66692700
4.11721616	-86.41066357
4.12454217	-82.50554386
4.13186817	-80.39187307
4.13919418	-79.84678131
4.14652019	-84.95531896
4.15384620	-81.98158499
4.16117220	-76.44695645
4.16849821	-79.51151307
4.17582422	-90.07055958
4.18315023	-84.47727414
4.19047623	-82.52663470
4.19780224	-83.87275942
4.20512825	-87.37620937
4.21245426	-82.00163326
4.21978026	-84.21973091
4.22710627	-98.18999252
4.23443228	-91.41864770
4.24175829	-85.77369822
4.24908429	-109.00647021
4.25641030	-77.50048466
4.26373631	-74.05504712
4.27106231	-78.24049738
4.27838832	-82.35128684
4.28571433	-82.94292085
4.29304034	-89.00101988
4.30036634	-81.53851019
4.30769235	-78.43740443
4.31501836	-81.23898849
4.32234437	-83.30245583
4.32967037	-73.84628731
4.33699638	-75.36857588
4.34432239	-87.16504075
4.35164840	-79.60043330
4.35897440	-85.67772111
4.36630041	-87.18853565
4.37362642	-93.00496693
4.38095243	-78.82020116
4.38827843	-81.64669915
4.39560444	-85.87305372
4.40293045	-78.11513223
4.41025646	-77.63627809
4.41758246	-79.35495067
4.42490847	-91.70850475
4.43223448	-81.21835029
4.43956049	-82.87690953
4.44688649	-85.68285477
4.45421250	-86.70923166
4.46153851	-84.97264365
4.46886451	-80.34599011
4.47619052	-80.11975311
4.48351653	-78.81904748
4.49084254	-80.43920076
4.49816854	-95.32559955
4.50549455	-86.77002145
4.51282056	-88.49654954
4.52014657	-81.89274547
4.52747257	-82.18887915
4.53479858	-95.02731362
4.54212459	-82.18019207
4.54945060	-80.38688940
4.55677660	-87.63162002
4.56410261	-89.81844980
4.57142862	-81.78173973
4.57875463	-78.70162830
4.58608063	-83.74352475
4.59340664	-97.70931786
4.60073265	-85.36558434
4.60805866	-77.01691198
4.61538466	-80.21219279
4.62271067	-80.81032295
4.63003668	-74.86680323
4.63736268	-83.42206603
4.64468869	-82.35198655
4.65201470	-80.58107424
4.65934071	-76.78429123
4.66666671	-78.84167232
4.67399272	-83.78147703
4.68131873	-85.81144463
4.68864474	-76.48594357
4.69597074	-77.31136775
4.70329675	-90.96866817
4.71062276	-82.27953019
4.71794877	-87.45901529
4.72527477	-78.83336203
4.73260078	-76.72696735
4.73992679	-86.54881674
4.74725280	-89.94930229
4.75457880	-78.56046778
4.76190481	-77.72781965
4.76923082	-84.52458738
4.77655683	-87.10597184
4.78388283	-84.30512018
4.79120884	-80.07314649
4.79853485	-78.82602625
4.80586086	-78.49210078
4.81318686	-79.58343811
4.82051287	-80.28082402
4.82783888	-80.00003021
4.83516488	-75.86698710
4.84249089	-74.56937280
4.84981690	-78.11338636
4.85714291	-85.20295431
4.86446891	-88.84538471
4.87179492	-84.18408177
4.87912093	-88.23427635
4.88644694	-89.07717105
4.89377294	-85.24683140
4.90109895	-90.53228690
4.90842496	-82.48327953
4.91575097	-91.07265997
4.92307697	-77.38688463
4.93040298	-74.91765999
4.93772899	-73.45964399
4.94505500	-79.60011530
4.95238100	-76.24418737
4.95970701	-76.19459749
4.96703302	-81.78705626
4.97435903	-81.90437725
4.98168503	-84.19321163
4.98901104	-83.09904810
4.99633705	-94.08458253
5.00366305	-79.64324282
5.01098906	-78.82352170
5.01831507	-86.95921940
5.02564108	-93.58216018
5.03296708	-88.63793936
5.04029309	-82.27580692
5.04761910	-83.27110987
5.05494511	-82.51633432
5.06227111	-82.68062219
5.06959712	-91.96369714
5.07692313	-79.29723547
5.08424914	-83.87399065
5.09157514	-85.58637455
5.09890115	-83.01023977
5.10622716	-91.34415306
5.11355317	-84.15773273
5.12087917	-94.39164173
5.12820518	-92.72625502
5.13553119	-83.11563595
5.14285720	-76.47018430
5.15018320	-74.31490615
5.15750921	-75.65266157
5.16483522	-86.54286253
5.17216123	-81.77478304
5.17948723	-80.51672275
5.18681324	-85.00158283
5.19413925	-78.88139327
5.20146525	-75.11971666
5.20879126	-74.38196902
5.21611727	-82.20310641
5.22344328	-79.43778060
5.23076928	-82.53525891
5.23809529	-82.40738382
5.24542130	-79.04498565
5.25274731	-75.74230090
5.26007331	-72.58477596
5.26739932	-80.10427433
5.27472533	-76.74163508
5.28205134	-74.05383589
5.28937734	-76.15604907
5.29670335	-78.21022370
5.30402936	-81.08245846
5.31135537	-84.34776380
5.31868137	-82.61355287
5.32600738	-80.10848014
5.33333339	-81.46375538
5.34065940	-78.73330833
5.34798540	-79.59560545
5.35531141	-87.04705397
5.36263742	-81.48345425
5.36996343	-87.42959031
5.37728943	-78.99567258
5.38461544	-77.56477724
5.39194145	-87.78958106
5.39926745	-78.22223705
5.40659346	-77.21613159
5.41391947	-81.53254026
5.42124548	-90.36966526
5.42857148	-86.91357996
5.43589749	-79.18142838
5.44322350	-77.28377402
5.45054951	-78.19918873
5.45787551	-84.34608755
5.46520152	-78.73084420
5.47252753	-74.53664198
5.47985354	-77.84940422
5.48717954	-89.29646823
5.49450555	-84.05372171
5.50183156	-75.74828035
5.50915757	-72.94267987
5.51648357	-76.42855677
5.52380958	-84.42677345
5.53113559	-84.36156316
5.53846160	-89.91451081
5.54578760	-85.38337517
5.55311361	-86.68245456
5.56043962	-82.30881280
5.56776562	-76.33897116
5.57509163	-74.03981064
5.58241764	-74.14594638
5.58974365	-77.35402589
5.59706965	-85.31886254
5.60439566	-81.63614118
5.61172167	-87.53325583
5.61904768	-88.76307863
5.62637368	-80.70175104
5.63369969	-76.43381014
5.64102570	-76.20803467
5.64835171	-76.12510813
5.65567771	-79.63069415
5.66300372	-88.21414908
5.67032973	-77.17335984
5.67765574	-71.32824248
5.68498174	-76.04323048
5.69230775	-84.92057339
5.69963376	-84.76384167
5.70695977	-80.71021769
5.71428577	-77.58303534
5.72161178	-81.31589425
5.72893779	-77.81632009
5.73626380	-81.54841919
5.74358980	-85.51202098
5.75091581	-88.52936310
5.75824182	-80.33175071
5.76556782	-74.33257953
5.77289383	-79.13629812
5.78021984	-79.78785940
5.78754585	-77.45883202
5.79487185	-88.12102094
5.80219786	-79.65045289
5.80952387	-78.87008382
5.81684988	-84.77851598
5.82417588	-86.72477749
5.83150189	-82.98286482
5.83882790	-79.33855429
5.84615391	-79.34838856
5.85347991	-82.30360144
5.86080592	-80.66677258
5.86813193	-78.25575922
5.87545794	-74.04678360
5.88278394	-74.02905645
5.89010995	-75.71103023
5.89743596	-80.16755842
5.90476197	-95.22406707
5.91208797	-86.56068445
5.91941398	-81.05362819
5.92673999	-81.89537118
5.93406599	-78.18641685
5.94139200	-79.54679329
5.94871801	-79.70496048
5.95604402	-85.17185062
5.96337002	-97.10823548
5.97069603	-84.71430640
5.97802204	-81.65041152
5.98534805	-83.04399577
5.99267405	-82.12276568
6.00000006	-87.65551101
6.00732607	-84.18844045
6.01465208	-97.60273266
6.02197808	-82.87113658
6.02930409	-80.86539359
6.03663010	-87.17942169
6.04395611	-78.56188780
6.05128211	-74.12193788
6.05860812	-78.72199317
6.06593413	-78.59776273
6.07326014	-79.49560465
6.08058614	-79.77129154
6.08791215	-81.24920088
6.09523816	-109.06692624
6.10256417	-83.09317920
6.10989017	-85.24966692
6.11721618	-90.59481149
6.12454219	-85.12011731
6.13186819	-85.98435582
6.13919420	-85.81439697
6.14652021	-84.51975614
6.15384622	-80.79352380
6.16117222	-80.98074499
6.16849823	-82.40461734
6.17582424	-82.46610203
6.18315025	-75.46621958
6.19047625	-76.97906453
6.19780226	-75.42248200
6.20512827	-78.55846237
6.21245428	-88.82938200
6.21978028	-78.65687417
6.22710629	-78.84115051
6.23443230	-86.01880889
6.24175831	-84.37465963
6.24908431	-77.53551405
6.25641032	-81.19632230
6.26373633	-83.37619936
6.27106234	-76.34971081
6.27838834	-77.78562168
6.28571435	-81.18840338
6.29304036	-83.93117213
6.30036636	-81.36636035
6.30769237	-78.06512666
6.31501838	-78.22780066
6.32234439	-80.84749810
6.32967039	-82.08715068
6.33699640	-96.25127444
6.34432241	-80.28815346
6.35164842	-79.17125501
6.35897442	-91.99000786
6.36630043	-82.22776526
6.37362644	-81.49891768
6.38095245	-104.91172808
6.38827845	-81.27382150
6.39560446	-83.18315006
6.40293047	-91.64510160
6.41025648	-82.36160167
6.41758248	-88.07282903
6.42490849	-85.60428278
6.43223450	-75.24456155
6.43956051	-74.84491779
6.44688651	-86.11658325
6.45421252	-80.22017900
6.46153853	-84.25758505
6.46886454	-89.67888212
6.47619054	-81.78679519
6.48351655	-82.33469909
6.49084256	-79.75347704
6.49816856	-81.05513174
6.50549457	-81.78422759
6.51282058	-76.43998080
6.52014659	-81.53553114
6.52747259	-95.68324837
6.53479860	-92.11168491
6.54212461	-84.02933449
6.54945062	-79.66843459
6.55677662	-82.05090587
6.56410263	-81.63692216
6.57142864	-77.86740485
6.57875465	-86.64920745
6.58608065	-76.83278131
6.59340666	-79.50930825
6.60073267	-91.07234471
6.60805868	-86.52764871
6.61538468	-85.87453503
6.62271069	-86.89965855
6.63003670	-84.50153690
6.63736271	-77.96654302
6.64468871	-77.23963025
6.65201472	-93.63756590
6.65934073	-81.47030368
6.66666674	-82.20770666
6.67399274	-77.62773358
6.68131875	-81.75965008
6.68864476	-88.39783341
6.69597076	-88.58157088
6.70329677	-80.05444092
6.71062278	-79.04701039
6.71794879	-85.80711540
6.72527479	-83.07992833
6.73260080	-90.12664678
6.73992681	-79.49673152
6.74725282	-83.85924520
6.75457882	-93.56476625
6.76190483	-92.26417586
6.76923084	-87.80859434
6.77655685	-86.13541472
6.78388285	-82.04661375
6.79120886	-84.19261238
6.79853487	-99.52114783
6.80586088	-85.64148376
6.81318688	-79.44989622
6.82051289	-77.15762670
6.82783890	-79.75005904
6.83516491	-88.34832118
6.84249091	-86.48089812
6.84981692	-88.99647133
6.85714293	-84.94082378
6.86446893	-79.88527340
6.87179494	-81.45832282
6.87912095	-85.95907122
6.88644696	-82.61667235
6.89377296	-79.82473372
6.90109897	-89.83209789
6.90842498	-83.52306661
6.91575099	-89.85933314
6.92307699	-88.36847103
6.93040300	-90.30341954
6.93772901	-87.42854551
6.94505502	-94.22869342
6.95238102	-88.13030579
6.95970703	-79.71670892
6.96703304	-79.35296620
6.97435905	-87.68605141
6.98168505	-100.07260132
6.98901106	-84.84241469
6.99633707	-82.76588453
7.00366308	-85.20759976
7.01098908	-85.36581907
7.01831509	-77.97822159
7.02564110	-82.71012794
7.03296711	-80.42024184
7.04029311	-79.81036127
7.04761912	-79.31775678
7.05494513	-74.42487472
7.06227113	-81.25222983
7.06959714	-74.90131966
7.07692315	-76.70970258
7.08424916	-86.50700440
7.09157516	-110.36412892
7.09890117	-81.50785160
7.10622718	-81.70387689
7.11355319	-80.57767647
7.12087919	-86.20273265
7.12820520	-80.97485640
7.13553121	-86.22827883
7.14285722	-78.70325658
7.15018322	-75.69496645
7.15750923	-81.83990256
7.16483524	-79.65996504
7.17216125	-89.86912940
7.17948725	-75.61536222
7.18681326	-78.01505247
7.19413927	-79.37074239
7.20146528	-76.69956095
7.20879128	-78.44071118
7.21611729	-85.16707839
7.22344330	-91.89691514
7.23076930	-85.61788733
7.23809531	-79.24128847
7.24542132	-81.54698940
7.25274733	-91.61681567
7.26007333	-83.78866687
7.26739934	-77.58534658
7.27472535	-80.42183440
7.28205136	-96.50802203
7.28937736	-82.25538913
7.29670337	-85.75163348
7.30402938	-89.30286571
7.31135539	-87.25188508
7.31868139	-92.17867137
7.32600740	-90.07270746
7.33333341	-87.29637506
7.34065942	-75.35356756
7.34798542	-72.28800070
7.35531143	-78.67704534
7.36263744	-80.30383571
7.36996345	-76.86697434
7.37728945	-83.44581236
7.38461546	-77.60810673
7.39194147	-84.64275249
7.39926748	-82.57664056
7.40659348	-80.19578575
7.41391949	-91.41294141
7.42124550	-83.83437859
7.42857150	-88.14012703
7.43589751	-86.97350641
7.44322352	-90.46880046
7.45054953	-85.23327759
7.45787553	-80.50595557
7.46520154	-80.23062469
7.47252755	-82.69189340
7.47985356	-74.66470772
7.48717956	-76.81694165
7.49450557	-82.01452131
7.50183158	-81.56507622
7.50915759	-81.48166344
7.51648359	-79.53067979
7.52380960	-82.39251751
7.53113561	-90.62419118
7.53846162	-82.81515586
7.54578762	-88.45885467
7.55311363	-79.63574230
7.56043964	-77.08873707
7.56776565	-86.01097617
7.57509165	-94.74041384
7.58241766	-80.94595072
7.58974367	-79.40252097
7.59706967	-99.15768876
7.60439568	-79.31726599
7.61172169	-81.02497288
7.61904770	-86.62640237
7.62637370	-81.01719755
7.63369971	-78.48877956
7.64102572	-89.41024074
7.64835173	-82.39972186
7.65567773	-85.58120820
7.66300374	-84.22086420
7.67032975	-80.20214854
7.67765576	-87.71731548
7.68498176	-91.26031728
7.69230777	-107.15559744
7.69963378	-81.67609867
7.70695979	-76.29069520
7.71428579	-76.48486226
7.72161180	-82.10658462
7.72893781	-82.64422547
7.73626382	-83.88407708
7.74358982	-93.57822588
7.75091583	-85.18682717
7.75824184	-99.11909385
7.76556785	-84.19975481
7.77289385	-86.80113152
7.78021986	-101.08795328
7.78754587	-91.43104528
7.79487187	-89.66847154
7.80219788	-85.31809154
7.80952389	-95.52837955
7.81684990	-78.41459709
7.82417590	-77.89975312
7.83150191	-83.67248302
7.83882792	-80.03764736
7.84615393	-82.20547027
7.85347993	-92.88592745
7.86080594	-83.38238347
7.86813195	-79.17884945
7.87545796	-84.54441120
7.88278396	-84.71718733
7.89010997	-84.48372622
7.89743598	-76.36075021
7.90476199	-74.21432403
7.91208799	-87.47507676
7.91941400	-74.98584522
7.92674001	-75.10600716
7.93406602	-88.83876914
7.94139202	-76.93740589
7.94871803	-77.85351166
7.95604404	-88.10821156
7.96337005	-85.58739932
7.97069605	-88.52256524
7.97802206	-87.67477073
7.98534807	-83.63059592
7.99267407	-86.04137127
8.00000008	-73.87447612
8.00732609	-74.07349227
8.01465210	-80.43547580
8.02197810	-76.20373118
8.02930411	-78.75292955
8.03663012	-78.26800057
8.04395613	-90.95067003
8.05128213	-78.36724026
8.05860814	-78.27602004
8.06593415	-78.94160656
8.07326016	-73.98016521
8.08058616	-76.87886463
8.08791217	-89.63517997
8.09523818	-77.14468464
8.10256419	-78.86680252
8.10989019	-89.68234147
8.11721620	-83.89277860
8.12454221	-82.96453987
8.13186822	-78.70415873
8.13919422	-75.97869789
8.14652023	-76.81450160
8.15384624	-75.21148426
8.16117224	-78.12867528
8.16849825	-82.56401409
8.17582426	-82.93617666
8.18315027	-80.53619782
8.19047627	-80.46927848
8.19780228	-79.41420943
8.20512829	-79.06479080
8.21245430	-77.18349045
8.21978030	-79.33234511
8.22710631	-83.75346512
8.23443232	-92.51282611
8.24175833	-85.84417649
8.24908433	-84.27535519
8.25641034	-80.77244520
8.26373635	-89.66803147
8.27106236	-84.38534346
8.27838836	-81.73652154
8.28571437	-84.66363831
8.29304038	-79.27213502
8.30036639	-77.11902492
8.30769239	-74.83226520
8.31501840	-80.98757898
8.32234441	-80.21956291
8.32967042	-79.54089911
8.33699642	-79.26987224
8.34432243	-74.39247905
8.35164844	-83.79644146
8.35897444	-85.17165598
8.36630045	-113.71617058
8.37362646	-84.02848119
8.38095247	-94.91072741
8.38827847	-81.77145596
8.39560448	-94.00333083
8.40293049	-82.21555467
8.41025650	-88.61608017
8.41758250	-85.42868751
8.42490851	-87.11792558
8.43223452	-79.76791981
8.43956053	-78.16474069
8.44688653	-88.59069385
8.45421254	-80.57039247
8.46153855	-78.16902020
8.46886456	-82.23323169
8.47619056	-94.07625517
8.48351657	-92.05657439
8.49084258	-85.73254893
8.49816859	-94.77074928
8.50549459	-78.45559629
8.51282060	-76.87952245
8.52014661	-79.55090239
8.52747261	-74.86563993
8.53479862	-78.88171933
8.54212463	-83.33125758
8.54945064	-79.79976392
8.55677664	-80.45431624
8.56410265	-78.85536674
8.57142866	-76.75984409
8.57875467	-77.72168407
8.58608067	-78.85334786
8.59340668	-76.47445752
8.60073269	-79.78502389
8.60805870	-86.41087066
8.61538470	-82.26960248
8.62271071	-76.86503868
8.63003672	-78.87709143
8.63736273	-89.00001001
8.64468873	-76.43448460
8.65201474	-75.47222047
8.65934075	-78.44555716
8.66666676	-77.03835303
8.67399276	-75.47118585
8.68131877	-77.75709451
8.68864478	-86.68328508
8.69597079	-90.19651511
8.70329679	-90.54214578
8.71062280	-83.39487919
8.71794881	-84.27956754
8.72527481	-80.00664281
8.73260082	-77.40839117
8.73992683	-80.72619897
8.74725284	-88.60663935
8.75457884	-85.91939716
8.76190485	-83.31590082
8.76923086	-91.73990982
8.77655687	-86.83402039
8.78388287	-82.80976755
8.79120888	-80.70299302
8.79853489	-79.85946131
8.80586090	-87.02955675
8.81318690	-83.06580323
8.82051291	-83.16265523
8.82783892	-88.02194194
8.83516493	-85.65875601
8.84249093	-75.90087117
8.84981694	-70.35288865
8.85714295	-73.36886557
8.86446896	-99.06603475
8.87179496	-77.48288423
8.87912097	-76.00556114
8.88644698	-84.02764138
8.89377299	-80.75698104
8.90109899	-77.04707356
8.90842500	-82.26454983
8.91575101	-80.46240263
8.92307701	-79.43196823
8.93040302	-84.28772612
8.93772903	-79.29118749
8.94505504	-81.26768775
8.95238104	-87.51155687
8.95970705	-81.80803223
8.96703306	-81.97858398
8.97435907	-81.51279664
8.98168507	-90.44018872
8.98901108	-80.98281842
8.99633709	-80.51384906
9.00366310	-86.89141284
9.01098910	-83.84724384
9.01831511	-87.22700572
9.02564112	-88.77442165
9.03296713	-79.32319518
9.04029313	-79.37921955
9.04761914	-82.71771442
9.05494515	-86.58458868
9.06227116	-86.16307731
9.06959716	-88.98469051
9.07692317	-84.46515243
9.08424918	-83.36640597
9.09157518	-88.19684169
9.09890119	-79.90420858
9.10622720	-80.10102698
9.11355321	-81.31323547
9.12087921	-80.71133267
9.12820522	-83.45792090
9.13553123	-97.57265917
9.14285724	-87.17818429
9.15018324	-87.87379604
9.15750925	-94.98884016
9.16483526	-82.05448026
9.17216127	-80.88375996
9.17948727	-84.87100019
9.18681328	-92.01215470
9.19413929	-84.04432207
9.20146530	-76.31631081
9.20879130	-75.94453582
9.21611731	-78.34908852
9.22344332	-84.48273047
9.23076933	-80.54069715
9.23809533	-79.33166369
9.24542134	-91.55593870
9.25274735	-88.66838015
9.26007336	-82.87943528
9.26739936	-86.49224455
9.27472537	-85.09472933
9.28205138	-92.47402004
9.28937738	-81.06257353
9.29670339	-79.24244302
9.30402940	-91.35672094
9.31135541	-84.38673682
9.31868141	-85.99326542
9.32600742	-90.24547212
9.33333343	-87.70036142
9.34065944	-83.42797982
9.34798544	-81.19787949
9.35531145	-86.91030688
9.36263746	-78.91364683
9.36996347	-88.26329459
9.37728947	-79.27818842
9.38461548	-77.17774332
9.39194149	-84.53158124
9.39926750	-90.92139593
9.40659350	-81.91872245
9.41391951	-82.65470378
9.42124552	-78.85327672
9.42857153	-80.63200090
9.43589753	-83.45990553
9.44322354	-81.74409395
9.45054955	-83.04505961
9.45787555	-79.49172650
9.46520156	-78.72761300
9.47252757	-76.78203764
9.47985358	-84.84838454
9.48717958	-87.73790781
9.49450559	-84.81077591
9.50183160	-87.17135810
9.50915761	-81.36161983
9.51648361	-77.75091248
9.52380962	-78.99202707
9.53113563	-82.39938536
9.53846164	-96.55715018
9.54578764	-87.05941666
9.55311365	-92.21427780
9.56043966	-84.99522322
9.56776567	-89.99844783
9.57509167	-86.21320660
9.58241768	-82.68549997
9.58974369	-76.27938362
9.59706970	-80.36158994
9.60439570	-80.21633761
9.61172171	-79.13217797
9.61904772	-81.72771736
9.62637373	-80.73638034
9.63369973	-81.45148378
9.64102574	-97.33398147
9.64835175	-81.61227617
9.65567775	-83.18932898
9.66300376	-82.40760793
9.67032977	-94.30495579
9.67765578	-82.97455651
9.68498178	-79.96772379
9.69230779	-76.90651107
9.69963380	-75.09693313
9.70695981	-74.60208931
9.71428581	-78.55146534
9.72161182	-89.51557050
9.72893783	-98.96781103
9.73626384	-83.34357175
9.74358984	-83.91962239
9.75091585	-80.18919225
9.75824186	-81.19741921
9.76556787	-91.46304944
9.77289387	-89.40705141
9.78021988	-80.77308170
9.78754589	-82.44884262
9.79487190	-85.34046674
9.80219790	-84.58944631
9.80952391	-85.79539648
9.81684992	-85.40127095
9.82417592	-88.92323247
9.83150193	-83.93395396
9.83882794	-82.30726202
9.84615395	-80.57799957
9.85347995	-83.22577747
9.86080596	-84.25803104
9.86813197	-84.31432107
9.87545798	-89.28928065
9.88278398	-83.22380689
9.89010999	-81.98730286
9.89743600	-85.32564176
9.90476201	-85.08584415
9.91208801	-89.53924612
9.91941402	-91.36212380
9.92674003	-83.46930946
9.93406604	-78.35349855
9.94139204	-77.51855686
9.94871805	-84.83154835
9.95604406	-88.79685707
9.96337007	-91.06305975
9.97069607	-91.67463831
9.97802208	-88.01208309
9.98534809	-82.04384202
9.99267410	-81.82138339
10.00000010	-86.44787214
10.00732611	-94.57612294
10.01465212	-93.20093011
10.02197812	-81.19952995
10.02930413	-78.16412641
10.03663014	-82.45589383
10.04395615	-81.77780884
10.05128215	-76.86177431
10.05860816	-81.28307380
10.06593417	-87.30681151
10.07326018	-80.33138728
10.08058618	-97.37634084
10.08791219	-79.73845363
10.09523820	-79.31503961
10.10256421	-80.99583217
10.10989021	-81.65448643
10.11721622	-88.24893502
10.12454223	-77.19605965
10.13186824	-76.07952369
10.13919424	-79.28404758
10.14652025	-97.14408513
10.15384626	-81.29098096
10.16117227	-77.92958568
10.16849827	-81.65826428
10.17582428	-86.78384438
10.18315029	-84.30641341
10.19047630	-91.25028342
10.19780230	-85.04680398
10.20512831	-84.61474848
10.21245432	-80.56182624
10.21978032	-82.54895045
10.22710633	-82.52556401
10.23443234	-90.45924543
10.24175835	-86.27952879
10.24908435	-85.38009156
10.25641036	-82.71478944
10.26373637	-82.19354941
10.27106238	-84.47340701
10.27838838	-85.27584871
10.28571439	-84.97545212
10.29304040	-84.18507458
10.30036641	-83.46815169
10.30769241	-85.23012678
10.31501842	-80.18222644
10.32234443	-79.50651238
10.32967044	-84.28721052
10.33699644	-78.63151615
10.34432245	-86.62716823
10.35164846	-81.32577840
10.35897447	-82.25203293
10.36630047	-82.52493709
10.37362648	-79.37858840
10.38095249	-84.92266487
10.38827849	-79.00571157
10.39560450	-77.37238983
10.40293051	-81.98799329
10.41025652	-84.22582566
10.41758252	-85.30857554
10.42490853	-83.58691596
10.43223454	-79.72277634
10.43956055	-83.67254412
10.44688655	-81.50785004
10.45421256	-80.66017206
10.46153857	-83.46924741
10.46886458	-83.13089706
10.47619058	-80.42048652
10.48351659	-83.66412114
10.49084260	-87.78535630
10.49816861	-85.79929858
10.50549461	-90.38095902
10.51282062	-90.26060040
10.52014663	-88.36972795
10.52747264	-84.74670349
10.53479864	-83.73141049
10.54212465	-83.42729210
10.54945066	-77.08924671
10.55677667	-76.85086838
10.56410267	-85.72407480
10.57142868	-89.54391311
10.57875469	-86.13189825
10.58608069	-101.67271758
10.59340670	-84.07500097
10.60073271	-83.83808846
10.60805872	-95.07428953
10.61538472	-86.96471893
10.62271073	-89.69887415
10.63003674	-106.95720065
10.63736275	-94.50663998
10.64468875	-82.64549876
10.65201476	-80.36270388
10.65934077	-85.47746150
10.66666678	-77.98148514
10.67399278	-80.21749418
10.68131879	-89.11273534
10.68864480	-78.02400394
10.69597081	-79.78222125
10.70329681	-84.09078647
10.71062282	-80.19887000
10.71794883	-79.00017275
10.72527484	-83.32153015
10.73260084	-84.60197216
10.73992685	-84.87079920
10.74725286	-83.70260292
10.75457886	-85.27950786
10.76190487	-75.48989654
10.76923088	-78.40990757
10.77655689	-82.94596887
10.78388289	-81.50915922
10.79120890	-87.21111321
10.79853491	-79.13863339
10.80586092	-82.43142194
10.81318692	-84.52433558
10.82051293	-89.49218968
10.82783894	-82.51149840
10.83516495	-81.54506936
10.84249095	-82.23526146
10.84981696	-82.86406305
10.85714297	-81.67180738
10.86446898	-86.33233723
10.87179498	-84.57457397
10.87912099	-84.42598027
10.88644700	-87.17229397
10.89377301	-78.24313269
10.90109901	-79.58549663
10.90842502	-81.61485529
10.91575103	-94.08868400
10.92307704	-80.79619706
10.93040304	-78.73004857
10.93772905	-80.36719179
10.94505506	-79.51063696
10.95238106	-82.64726932
10.95970707	-82.08045031
10.96703308	-85.02194159
10.97435909	-85.79878769
10.98168509	-99.40398347
10.98901110	-81.80685663
10.99633711	-80.73756077
11.00366312	-85.55292093
11.01098912	-93.23452419
11.01831513	-80.25566628
11.02564114	-80.13230129
11.03296715	-81.41546852
11.04029315	-82.34204753
11.04761916	-90.17710170
11.05494517	-88.39131292
11.06227118	-80.09361976
11.06959718	-80.24938110
11.07692319	-75.13815738
11.08424920	-74.13487654
11.09157521	-76.79262371
11.09890121	-80.13719665
11.10622722	-86.66155468
11.11355323	-87.94758518
11.12087923	-88.07673314
11.12820524	-82.38954719
11.13553125	-88.38063762
11.14285726	-78.76608859
11.15018326	-83.68885783
11.15750927	-82.54883502
11.16483528	-80.76964513
11.17216129	-92.97509454
11.17948729	-88.44314589
11.18681330	-85.58820674
11.19413931	-82.51293449
11.20146532	-81.12111338
11.20879132	-81.69322992
11.21611733	-101.66140295
11.22344334	-86.15080270
11.23076935	-87.88338656
11.23809535	-89.40983179
11.24542136	-88.95551321
11.25274737	-85.50790786
11.26007338	-79.42111073
11.26739938	-81.85872394
11.27472539	-109.63356045
11.28205140	-86.19464973
11.28937741	-82.87873754
11.29670341	-76.64503790
11.30402942	-79.08441267
11.31135543	-89.55761883
11.31868143	-82.60892992
11.32600744	-81.66734627
11.33333345	-93.86477834
11.34065946	-84.03994947
11.34798546	-95.49969372
11.35531147	-81.02454030
11.36263748	-80.61864121
11.36996349	-79.41659223
11.37728949	-80.09249027
11.38461550	-108.27730733
11.39194151	-89.28642653
11.39926752	-85.09292903
11.40659352	-78.40883581
11.41391953	-86.24803823
11.42124554	-81.63557914
11.42857155	-82.11002039
11.43589755	-81.65163190
11.44322356	-75.59637025
11.45054957	-84.53898909
11.45787558	-83.80695647
11.46520158	-86.05490971
11.47252759	-76.67967891
11.47985360	-77.02554460
11.48717961	-86.64178389
11.49450561	-105.97122718
11.50183162	-88.28162984
11.50915763	-93.21327073
11.51648363	-88.37861284
11.52380964	-91.17697103
11.53113565	-86.00084288
11.53846166	-85.40019629
11.54578766	-86.33822213
11.55311367	-79.34374552
11.56043968	-78.82868941
11.56776569	-81.27948408
11.57509169	-83.27701884
11.58241770	-84.50763200
11.58974371	-85.20847697
11.59706972	-81.98864754
11.60439572	-83.98208222
11.61172173	-86.65244602
11.61904774	-76.33698733
11.62637375	-77.74007395
11.63369975	-91.35410514
11.64102576	-79.71256681
11.64835177	-85.65480738
11.65567778	-87.53213371
11.66300378	-84.39570195
11.67032979	-82.19871639
11.67765580	-81.07147975
11.68498180	-90.02275916
11.69230781	-75.56550311
11.69963382	-73.29097062
11.70695983	-75.47921405
11.71428583	-83.19420601
11.72161184	-92.35019673
11.72893785	-80.57805073
11.73626386	-80.21251996
11.74358986	-96.27549808
11.75091587	-80.14213082
11.75824188	-76.86027996
11.76556789	-77.38089595
11.77289389	-93.59453173
11.78021990	-81.22318569
11.78754591	-85.92095665
11.79487192	-82.29692819
11.80219792	-78.36578639
11.80952393	-84.25843501
11.81684994	-91.53209761
11.82417595	-101.92314915
11.83150195	-84.62749060
11.83882796	-79.77004479
11.84615397	-77.37236035
11.85347998	-79.26353767
11.86080598	-87.73185646
11.86813199	-78.28448288
11.87545800	-80.28063501
11.88278400	-90.40109049
11.89011001	-85.83420668
11.89743602	-78.26273219
11.90476203	-78.05204626
11.91208803	-81.74581660
11.91941404	-91.90340423
11.92674005	-82.49439129
11.93406606	-82.05871022
11.94139206	-95.19085308
11.94871807	-92.01901098
11.95604408	-83.14209753
11.96337009	-77.12966034
11.97069609	-85.87151671
11.97802210	-79.83646584
11.98534811	-78.39529083
11.99267412	-80.83575245
12.00000012	-81.34308978
12.00732613	-87.82527732
12.01465214	-77.92040535
12.02197815	-81.43643178
12.02930415	-97.27992575
12.03663016	-86.91009653
12.04395617	-92.41672606
12.05128217	-90.07623246
12.05860818	-81.97961966
12.06593419	-79.75031661
12.07326020	-80.43340874
12.08058620	-80.76713872
12.08791221	-94.59567269
12.09523822	-81.16454837
12.10256423	-86.88414826
12.10989023	-81.44960473
12.11721624	-78.86073596
12.12454225	-84.00060913
12.13186826	-81.42633053
12.13919426	-76.06211796
12.14652027	-76.90175770
12.15384628	-108.55141565
12.16117229	-79.25148610
12.16849829	-85.62223786
12.17582430	-81.66479784
12.18315031	-79.52163085
12.19047632	-90.48903228
12.19780232	-79.69288949
12.20512833	-78.67771396
12.21245434	-82.30156165
12.21978035	-86.32566991
12.22710635	-76.44160968
12.23443236	-76.79654651
12.24175837	-79.63234247
12.24908437	-74.09618135
12.25641038	-74.89623354
12.26373639	-86.68132149
12.27106240	-83.86368605
12.27838840	-87.10377980
12.28571441	-85.94521213
12.29304042	-84.12072746
12.30036643	-80.18932664
12.30769243	-76.11573570
12.31501844	-82.23604014
12.32234445	-82.17584494
12.32967046	-82.61230629
12.33699646	-85.57369006
12.34432247	-81.14543267
12.35164848	-84.59158622
12.35897449	-81.74254204
12.36630049	-78.45227707
12.37362650	-82.18175285
12.38095251	-82.08448775
12.38827852	-78.23101491
12.39560452	-78.22909722
12.40293053	-81.99613116
12.41025654	-87.25985890
12.41758254	-88.01519028
12.42490855	-80.34383905
12.43223456	-79.71361597
12.43956057	-85.37529142
12.44688657	-89.20607892
12.45421258	-93.30669508
12.46153859	-87.85634443
12.46886460	-81.30369090
12.47619060	-87.06008231
12.48351661	-85.82666530
12.49084262	-82.09892920
12.49816863	-102.55570061
12.50549463	-81.79699524
12.51282064	-89.98440576
12.52014665	-78.86907846
12.52747266	-77.96788090
12.53479866	-82.17194267
12.54212467	-83.60651684
12.54945068	-88.24239489
12.55677669	-86.63550525
12.56410269	-84.28456039
12.57142870	-91.33001575
12.57875471	-85.06636593
12.58608072	-88.08234620
12.59340672	-85.90557039
12.60073273	-81.51132362
12.60805874	-79.58958966
12.61538474	-80.20004949
12.62271075	-94.85294766
12.63003676	-84.84514520
12.63736277	-87.69658487
12.64468877	-82.87023777
12.65201478	-85.76061393
12.65934079	-80.22623053
12.66666680	-81.83880543
12.67399280	-85.33800361
12.68131881	-81.36803270
12.68864482	-81.75418082
12.69597083	-78.37118414
12.70329683	-80.27789553
12.71062284	-82.84922182
12.71794885	-79.82778075
12.72527486	-79.18443449
12.73260086	-84.32914281
12.73992687	-80.11093240
12.74725288	-81.64808190
12.75457889	-89.91914626
12.76190489	-85.44954639
12.76923090	-80.92551682
12.77655691	-78.26112898
12.78388292	-80.08106889
12.79120892	-84.04305802
12.79853493	-97.94498846
12.80586094	-81.51457425
12.81318694	-82.02043615
12.82051295	-84.50412127
12.82783896	-83.55838687
12.83516497	-78.62683770
12.84249097	-78.07132087
12.84981698	-81.40658240
12.85714299	-86.00293795
12.86446900	-106.16838971
12.87179500	-87.35967984
12.87912101	-89.67535324
12.88644702	-85.78228659
12.89377303	-79.45011229
12.90109903	-76.30939118
12.90842504	-77.95029362
12.91575105	-85.58496366
12.92307706	-89.08892350
12.93040306	-82.54350929
12.93772907	-77.19907029
12.94505508	-80.30661817
12.95238109	-89.45545541
12.95970709	-87.79524532
12.96703310	-87.73724025
12.97435911	-85.82726057
12.98168511	-83.41481945
12.98901112	-97.42655848
12.99633713	-90.12351521
13.00366314	-87.49248470
13.01098914	-86.24863562
13.01831515	-84.87795093
13.02564116	-96.36455133
13.03296717	-84.14722068
13.04029317	-87.95485346
13.04761918	-81.93094594
13.05494519	-81.66969120
13.06227120	-87.01152697
13.06959720	-84.33372592
13.07692321	-94.54229869
13.08424922	-85.10334300
13.09157523	-86.28782839
13.09890123	-93.71662377
13.10622724	-88.01608997
13.11355325	-92.43538604
13.12087926	-81.67563852
13.12820526	-82.19923149
13.13553127	-95.28330958
13.14285728	-85.23335774
13.15018329	-88.23923010
13.15750929	-86.15265925
13.16483530	-90.42777091
13.17216131	-88.37551492
13.17948731	-95.72557535
13.18681332	-84.83871673
13.19413933	-81.90890628
13.20146534	-78.21408952
13.20879134	-81.82274390
13.21611735	-75.77021947
13.22344336	-75.01715542
13.23076937	-83.62970069
13.23809537	-80.70166408
13.24542138	-87.59297535
13.25274739	-77.11783646
13.26007340	-77.42189053
13.26739940	-81.23473250
13.27472541	-79.49667149
13.28205142	-81.64208461
13.28937743	-84.44509821
13.29670343	-78.27156440
13.30402944	-83.31778123
13.31135545	-81.91131838
13.31868146	-82.20812461
13.32600746	-87.17284015
13.33333347	-93.31581677
13.34065948	-85.66180856
13.34798548	-89.34791084
13.35531149	-83.64402153
13.36263750	-80.98998984
13.36996351	-85.49721133
13.37728951	-91.93156705
13.38461552	-92.41941928
13.39194153	-77.67369379
13.39926754	-75.76574576
13.40659354	-78.54490246
13.41391955	-81.06701689
13.42124556	-99.08197922
13.42857157	-82.56220407
13.43589757	-86.31586287
13.44322358	-87.94347257
13.45054959	-83.20141692
13.45787560	-110.45570968
13.46520160	-80.72843180
13.47252761	-80.68973820
13.47985362	-91.38396130
13.48717963	-92.09658383
13.49450563	-88.51566528
13.50183164	-84.39763201
13.50915765	-78.64235885
13.51648366	-79.55758339
13.52380966	-89.20238470
13.53113567	-79.86773476
13.53846168	-75.43858398
13.54578768	-73.46688274
13.55311369	-76.03410288
13.56043970	-81.15364863
13.56776571	-78.34025559
13.57509171	-87.64734631
13.58241772	-81.99808378
13.58974373	-85.15196059
13.59706974	-80.48736743
13.60439574	-80.20515689
13.61172175	-84.50662625
13.61904776	-108.23713329
13.62637377	-83.23132566
13.63369977	-85.22145542
13.64102578	-79.91941537
13.64835179	-82.54872712
13.65567780	-87.82271653
13.66300380	-103.79803662
13.67032981	-81.02624451
13.67765582	-82.01588914
13.68498183	-91.54618525
13.69230783	-90.43146161
13.69963384	-81.70786663
13.70695985	-83.90612426
13.71428585	-90.45337966
13.72161186	-85.54177654
13.72893787	-78.52686670
13.73626388	-81.66984948
13.74358988	-85.31944900
13.75091589	-81.87969419
13.75824190	-80.90193418
13.76556791	-87.90715646
13.77289391	-82.82627362
13.78021992	-82.84888150
13.78754593	-83.18514588
13.79487194	-81.83452143
13.80219794	-86.26328955
13.80952395	-91.58022141
13.81684996	-96.00984860
13.82417597	-82.41966170
13.83150197	-82.13467509
13.83882798	-83.32193325
13.84615399	-83.53053347
13.85348000	-79.97828878
13.86080600	-79.45719667
13.86813201	-103.01696125
13.87545802	-79.58050038
13.88278403	-81.39534242
13.89011003	-95.30389254
13.89743604	-79.15719233
13.90476205	-76.38903503
13.91208805	-79.40278896
13.91941406	-97.19931384
13.92674007	-87.31103508
13.93406608	-84.01313778
13.94139208	-81.34146288
13.94871809	-81.96207796
13.95604410	-83.26560402
13.96337011	-84.05261699
13.97069611	-86.25703605
13.97802212	-84.84125821
13.98534813	-80.91140879
13.99267414	-81.31295528
14.00000014	-91.60035053
14.00732615	-87.21186209
14.01465216	-83.74402475
14.02197817	-84.29372762
14.02930417	-82.64454736
14.03663018	-92.90823651
14.04395619	-85.60922059
14.05128220	-83.30106037
14.05860820	-74.60155428
14.06593421	-73.94923026
14.07326022	-81.45156305
14.08058623	-86.26233123
14.08791223	-82.38335503
14.09523824	-104.11200725
14.10256425	-83.82233682
14.10989025	-85.00655937
14.11721626	-90.85302016
14.12454227	-90.79865108
14.13186828	-95.36855361
14.13919428	-86.03463125
14.14652029	-81.79123133
14.15384630	-80.53723769
14.16117231	-77.19560027
14.16849831	-75.18174266
14.17582432	-77.78500041
14.18315033	-86.43996401
14.19047634	-77.96624882
14.19780234	-75.38852600
14.20512835	-77.76922959
14.21245436	-80.18406895
14.21978037	-87.21392751
14.22710637	-93.61781307
14.23443238	-90.16299120
14.24175839	-83.74843174
14.24908440	-84.32507675
14.25641040	-104.73804177
14.26373641	-84.61036335
14.27106242	-85.17452697
14.27838842	-86.82341992
14.28571443	-87.68587422
14.29304044	-88.13154318
14.30036645	-89.69053614
14.30769245	-84.71862980
14.31501846	-85.59482815
14.32234447	-90.64068564
14.32967048	-80.18572113
14.33699648	-81.94550072
14.34432249	-90.15317963
14.35164850	-87.92866760
14.35897451	-82.44948236
14.36630051	-81.81288482
14.37362652	-85.08529729
14.38095253	-81.70547578
14.38827854	-85.59370176
14.39560454	-80.01610670
14.40293055	-78.10004877
14.41025656	-78.83837368
14.41758257	-86.05861975
14.42490857	-92.34270277
14.43223458	-82.36709636
14.43956059	-81.89573202
14.44688660	-85.52123793
14.45421260	-84.67134889
14.46153861	-86.59625009
14.46886462	-100.20676161
14.47619062	-80.83380988
14.48351663	-83.03003971
14.49084264	-83.85890930
14.49816865	-82.63234035
14.50549465	-95.42190121
14.51282066	-86.58292140
14.52014667	-85.27677461
14.52747268	-82.58050640
14.53479868	-86.43034328
14.54212469	-86.88448039
14.54945070	-88.04747689
14.55677671	-77.68272605
14.56410271	-75.55358500
14.57142872	-77.47576692
14.57875473	-77.83388660
14.58608074	-84.49241647
14.59340674	-91.65802958
14.60073275	-92.17396772
14.60805876	-81.83004220
14.61538477	-83.41068215
14.62271077	-84.42058995
14.63003678	-85.19777574
14.63736279	-96.68215934
14.64468879	-84.97388273
14.65201480	-81.15947602
14.65934081	-82.57790753
14.66666682	-88.23133503
14.67399282	-81.56481271
14.68131883	-76.10243956
14.68864484	-76.53652412
14.69597085	-82.09247064
14.70329685	-82.73701214
14.71062286	-85.03627399
14.71794887	-80.70984830
14.72527488	-84.25543861
14.73260088	-82.70402709
14.73992689	-82.03279440
14.74725290	-92.93432899
14.75457891	-93.75245650
14.76190491	-81.12273909
14.76923092	-79.44028762
14.77655693	-87.14076722
14.78388294	-89.27168561
14.79120894	-94.86439226
14.79853495	-82.62170239
14.80586096	-85.82420248
14.81318697	-90.43672456
14.82051297	-85.78155349
14.82783898	-91.02539759
14.83516499	-91.36280929
14.84249099	-82.84878748
14.84981700	-83.10987985
14.85714301	-85.94903713
14.86446902	-81.56415540
14.87179502	-84.74612237
14.87912103	-113.28855186
14.88644704	-85.05247919
14.89377305	-82.31163223
14.90109905	-90.29345685
14.90842506	-88.86682495
14.91575107	-89.49175222
14.92307708	-88.34966004
14.93040308	-87.08599814
14.93772909	-83.45651047
14.94505510	-80.96311388
14.95238111	-88.86125795
14.95970711	-78.67698104
14.96703312	-80.95343203
14.97435913	-88.42018136
14.98168514	-84.56420279
14.98901114	-97.24062349
14.99633715	-86.97762784
